Year,Month,Day,Three-hourly observation time(UTC),Temperature(¡æ),Pressure(hPa),Wind Speed(m/s),Wind Direction,Relative Humidity(%)
1990,1,1,0,NA,NA,NA,NA,NA
1990,1,1,3,NA,NA,NA,NA,NA
1990,1,1,6,NA,NA,NA,NA,NA
1990,1,1,9,NA,NA,NA,NA,NA
1990,1,1,12,NA,NA,NA,NA,NA
1990,1,1,15,NA,NA,NA,NA,NA
1990,1,1,18,NA,NA,NA,NA,NA
1990,1,1,21,NA,NA,NA,NA,NA
1990,1,2,0,NA,NA,NA,NA,NA
1990,1,2,3,NA,NA,NA,NA,NA
1990,1,2,6,NA,NA,NA,NA,NA
1990,1,2,9,NA,NA,NA,NA,NA
1990,1,2,12,NA,NA,NA,NA,NA
1990,1,2,15,NA,NA,NA,NA,NA
1990,1,2,18,NA,NA,NA,NA,NA
1990,1,2,21,NA,NA,NA,NA,NA
1990,1,3,0,NA,NA,NA,NA,NA
1990,1,3,3,NA,NA,NA,NA,NA
1990,1,3,6,NA,NA,NA,NA,NA
1990,1,3,9,NA,NA,NA,NA,NA
1990,1,3,12,NA,NA,NA,NA,NA
1990,1,3,15,NA,NA,NA,NA,NA
1990,1,3,18,NA,NA,NA,NA,NA
1990,1,3,21,NA,NA,NA,NA,NA
1990,1,4,0,NA,NA,NA,NA,NA
1990,1,4,3,NA,NA,NA,NA,NA
1990,1,4,6,NA,NA,NA,NA,NA
1990,1,4,9,NA,NA,NA,NA,NA
1990,1,4,12,NA,NA,NA,NA,NA
1990,1,4,15,NA,NA,NA,NA,NA
1990,1,4,18,NA,NA,NA,NA,NA
1990,1,4,21,NA,NA,NA,NA,NA
1990,1,5,0,NA,NA,NA,NA,NA
1990,1,5,3,NA,NA,NA,NA,NA
1990,1,5,6,NA,NA,NA,NA,NA
1990,1,5,9,NA,NA,NA,NA,NA
1990,1,5,12,NA,NA,NA,NA,NA
1990,1,5,15,NA,NA,NA,NA,NA
1990,1,5,18,NA,NA,NA,NA,NA
1990,1,5,21,NA,NA,NA,NA,NA
1990,1,6,0,NA,NA,NA,NA,NA
1990,1,6,3,NA,NA,NA,NA,NA
1990,1,6,6,NA,NA,NA,NA,NA
1990,1,6,9,NA,NA,NA,NA,NA
1990,1,6,12,NA,NA,NA,NA,NA
1990,1,6,15,NA,NA,NA,NA,NA
1990,1,6,18,NA,NA,NA,NA,NA
1990,1,6,21,NA,NA,NA,NA,NA
1990,1,7,0,NA,NA,NA,NA,NA
1990,1,7,3,NA,NA,NA,NA,NA
1990,1,7,6,NA,NA,NA,NA,NA
1990,1,7,9,NA,NA,NA,NA,NA
1990,1,7,12,NA,NA,NA,NA,NA
1990,1,7,15,NA,NA,NA,NA,NA
1990,1,7,18,NA,NA,NA,NA,NA
1990,1,7,21,NA,NA,NA,NA,NA
1990,1,8,0,NA,NA,NA,NA,NA
1990,1,8,3,NA,NA,NA,NA,NA
1990,1,8,6,NA,NA,NA,NA,NA
1990,1,8,9,NA,NA,NA,NA,NA
1990,1,8,12,NA,NA,NA,NA,NA
1990,1,8,15,NA,NA,NA,NA,NA
1990,1,8,18,NA,NA,NA,NA,NA
1990,1,8,21,NA,NA,NA,NA,NA
1990,1,9,0,NA,NA,NA,NA,NA
1990,1,9,3,NA,NA,NA,NA,NA
1990,1,9,6,NA,NA,NA,NA,NA
1990,1,9,9,NA,NA,NA,NA,NA
1990,1,9,12,NA,NA,NA,NA,NA
1990,1,9,15,NA,NA,NA,NA,NA
1990,1,9,18,NA,NA,NA,NA,NA
1990,1,9,21,NA,NA,NA,NA,NA
1990,1,10,0,NA,NA,NA,NA,NA
1990,1,10,3,NA,NA,NA,NA,NA
1990,1,10,6,NA,NA,NA,NA,NA
1990,1,10,9,NA,NA,NA,NA,NA
1990,1,10,12,NA,NA,NA,NA,NA
1990,1,10,15,NA,NA,NA,NA,NA
1990,1,10,18,NA,NA,NA,NA,NA
1990,1,10,21,NA,NA,NA,NA,NA
1990,1,11,0,NA,NA,NA,NA,NA
1990,1,11,3,NA,NA,NA,NA,NA
1990,1,11,6,NA,NA,NA,NA,NA
1990,1,11,9,NA,NA,NA,NA,NA
1990,1,11,12,NA,NA,NA,NA,NA
1990,1,11,15,NA,NA,NA,NA,NA
1990,1,11,18,NA,NA,NA,NA,NA
1990,1,11,21,NA,NA,NA,NA,NA
1990,1,12,0,NA,NA,NA,NA,NA
1990,1,12,3,NA,NA,NA,NA,NA
1990,1,12,6,NA,NA,NA,NA,NA
1990,1,12,9,NA,NA,NA,NA,NA
1990,1,12,12,NA,NA,NA,NA,NA
1990,1,12,15,NA,NA,NA,NA,NA
1990,1,12,18,NA,NA,NA,NA,NA
1990,1,12,21,NA,NA,NA,NA,NA
1990,1,13,0,NA,NA,NA,NA,NA
1990,1,13,3,NA,NA,NA,NA,NA
1990,1,13,6,NA,NA,NA,NA,NA
1990,1,13,9,NA,NA,NA,NA,NA
1990,1,13,12,NA,NA,NA,NA,NA
1990,1,13,15,NA,NA,NA,NA,NA
1990,1,13,18,NA,NA,NA,NA,NA
1990,1,13,21,NA,NA,NA,NA,NA
1990,1,14,0,NA,NA,NA,NA,NA
1990,1,14,3,NA,NA,NA,NA,NA
1990,1,14,6,NA,NA,NA,NA,NA
1990,1,14,9,NA,NA,NA,NA,NA
1990,1,14,12,NA,NA,NA,NA,NA
1990,1,14,15,NA,NA,NA,NA,NA
1990,1,14,18,NA,NA,NA,NA,NA
1990,1,14,21,NA,NA,NA,NA,NA
1990,1,15,0,NA,NA,NA,NA,NA
1990,1,15,3,NA,NA,NA,NA,NA
1990,1,15,6,NA,NA,NA,NA,NA
1990,1,15,9,NA,NA,NA,NA,NA
1990,1,15,12,NA,NA,NA,NA,NA
1990,1,15,15,NA,NA,NA,NA,NA
1990,1,15,18,NA,NA,NA,NA,NA
1990,1,15,21,NA,NA,NA,NA,NA
1990,1,16,0,NA,NA,NA,NA,NA
1990,1,16,3,NA,NA,NA,NA,NA
1990,1,16,6,NA,NA,NA,NA,NA
1990,1,16,9,NA,NA,NA,NA,NA
1990,1,16,12,NA,NA,NA,NA,NA
1990,1,16,15,NA,NA,NA,NA,NA
1990,1,16,18,NA,NA,NA,NA,NA
1990,1,16,21,NA,NA,NA,NA,NA
1990,1,17,0,NA,NA,NA,NA,NA
1990,1,17,3,NA,NA,NA,NA,NA
1990,1,17,6,NA,NA,NA,NA,NA
1990,1,17,9,NA,NA,NA,NA,NA
1990,1,17,12,NA,NA,NA,NA,NA
1990,1,17,15,NA,NA,NA,NA,NA
1990,1,17,18,NA,NA,NA,NA,NA
1990,1,17,21,NA,NA,NA,NA,NA
1990,1,18,0,NA,NA,NA,NA,NA
1990,1,18,3,NA,NA,NA,NA,NA
1990,1,18,6,NA,NA,NA,NA,NA
1990,1,18,9,NA,NA,NA,NA,NA
1990,1,18,12,NA,NA,NA,NA,NA
1990,1,18,15,NA,NA,NA,NA,NA
1990,1,18,18,NA,NA,NA,NA,NA
1990,1,18,21,NA,NA,NA,NA,NA
1990,1,19,0,NA,NA,NA,NA,NA
1990,1,19,3,NA,NA,NA,NA,NA
1990,1,19,6,NA,NA,NA,NA,NA
1990,1,19,9,NA,NA,NA,NA,NA
1990,1,19,12,NA,NA,NA,NA,NA
1990,1,19,15,NA,NA,NA,NA,NA
1990,1,19,18,NA,NA,NA,NA,NA
1990,1,19,21,NA,NA,NA,NA,NA
1990,1,20,0,NA,NA,NA,NA,NA
1990,1,20,3,NA,NA,NA,NA,NA
1990,1,20,6,NA,NA,NA,NA,NA
1990,1,20,9,NA,NA,NA,NA,NA
1990,1,20,12,NA,NA,NA,NA,NA
1990,1,20,15,NA,NA,NA,NA,NA
1990,1,20,18,NA,NA,NA,NA,NA
1990,1,20,21,NA,NA,NA,NA,NA
1990,1,21,0,NA,NA,NA,NA,NA
1990,1,21,3,NA,NA,NA,NA,NA
1990,1,21,6,NA,NA,NA,NA,NA
1990,1,21,9,NA,NA,NA,NA,NA
1990,1,21,12,NA,NA,NA,NA,NA
1990,1,21,15,NA,NA,NA,NA,NA
1990,1,21,18,NA,NA,NA,NA,NA
1990,1,21,21,NA,NA,NA,NA,NA
1990,1,22,0,NA,NA,NA,NA,NA
1990,1,22,3,NA,NA,NA,NA,NA
1990,1,22,6,NA,NA,NA,NA,NA
1990,1,22,9,NA,NA,NA,NA,NA
1990,1,22,12,NA,NA,NA,NA,NA
1990,1,22,15,NA,NA,NA,NA,NA
1990,1,22,18,NA,NA,NA,NA,NA
1990,1,22,21,NA,NA,NA,NA,NA
1990,1,23,0,NA,NA,NA,NA,NA
1990,1,23,3,NA,NA,NA,NA,NA
1990,1,23,6,NA,NA,NA,NA,NA
1990,1,23,9,NA,NA,NA,NA,NA
1990,1,23,12,NA,NA,NA,NA,NA
1990,1,23,15,NA,NA,NA,NA,NA
1990,1,23,18,NA,NA,NA,NA,NA
1990,1,23,21,NA,NA,NA,NA,NA
1990,1,24,0,NA,NA,NA,NA,NA
1990,1,24,3,NA,NA,NA,NA,NA
1990,1,24,6,NA,NA,NA,NA,NA
1990,1,24,9,NA,NA,NA,NA,NA
1990,1,24,12,NA,NA,NA,NA,NA
1990,1,24,15,NA,NA,NA,NA,NA
1990,1,24,18,NA,NA,NA,NA,NA
1990,1,24,21,NA,NA,NA,NA,NA
1990,1,25,0,NA,NA,NA,NA,NA
1990,1,25,3,NA,NA,NA,NA,NA
1990,1,25,6,NA,NA,NA,NA,NA
1990,1,25,9,NA,NA,NA,NA,NA
1990,1,25,12,NA,NA,NA,NA,NA
1990,1,25,15,NA,NA,NA,NA,NA
1990,1,25,18,NA,NA,NA,NA,NA
1990,1,25,21,NA,NA,NA,NA,NA
1990,1,26,0,NA,NA,NA,NA,NA
1990,1,26,3,NA,NA,NA,NA,NA
1990,1,26,6,NA,NA,NA,NA,NA
1990,1,26,9,NA,NA,NA,NA,NA
1990,1,26,12,NA,NA,NA,NA,NA
1990,1,26,15,NA,NA,NA,NA,NA
1990,1,26,18,NA,NA,NA,NA,NA
1990,1,26,21,NA,NA,NA,NA,NA
1990,1,27,0,NA,NA,NA,NA,NA
1990,1,27,3,NA,NA,NA,NA,NA
1990,1,27,6,NA,NA,NA,NA,NA
1990,1,27,9,NA,NA,NA,NA,NA
1990,1,27,12,NA,NA,NA,NA,NA
1990,1,27,15,NA,NA,NA,NA,NA
1990,1,27,18,NA,NA,NA,NA,NA
1990,1,27,21,NA,NA,NA,NA,NA
1990,1,28,0,NA,NA,NA,NA,NA
1990,1,28,3,NA,NA,NA,NA,NA
1990,1,28,6,NA,NA,NA,NA,NA
1990,1,28,9,NA,NA,NA,NA,NA
1990,1,28,12,NA,NA,NA,NA,NA
1990,1,28,15,NA,NA,NA,NA,NA
1990,1,28,18,NA,NA,NA,NA,NA
1990,1,28,21,NA,NA,NA,NA,NA
1990,1,29,0,NA,NA,NA,NA,NA
1990,1,29,3,NA,NA,NA,NA,NA
1990,1,29,6,NA,NA,NA,NA,NA
1990,1,29,9,NA,NA,NA,NA,NA
1990,1,29,12,NA,NA,NA,NA,NA
1990,1,29,15,NA,NA,NA,NA,NA
1990,1,29,18,NA,NA,NA,NA,NA
1990,1,29,21,NA,NA,NA,NA,NA
1990,1,30,0,NA,NA,NA,NA,NA
1990,1,30,3,NA,NA,NA,NA,NA
1990,1,30,6,NA,NA,NA,NA,NA
1990,1,30,9,NA,NA,NA,NA,NA
1990,1,30,12,NA,NA,NA,NA,NA
1990,1,30,15,NA,NA,NA,NA,NA
1990,1,30,18,NA,NA,NA,NA,NA
1990,1,30,21,NA,NA,NA,NA,NA
1990,1,31,0,NA,NA,NA,NA,NA
1990,1,31,3,NA,NA,NA,NA,NA
1990,1,31,6,NA,NA,NA,NA,NA
1990,1,31,9,NA,NA,NA,NA,NA
1990,1,31,12,NA,NA,NA,NA,NA
1990,1,31,15,NA,NA,NA,NA,NA
1990,1,31,18,NA,NA,NA,NA,NA
1990,1,31,21,NA,NA,NA,NA,NA
1990,2,1,0,NA,NA,NA,NA,NA
1990,2,1,3,NA,NA,NA,NA,NA
1990,2,1,6,NA,NA,NA,NA,NA
1990,2,1,9,NA,NA,NA,NA,NA
1990,2,1,12,NA,NA,NA,NA,NA
1990,2,1,15,NA,NA,NA,NA,NA
1990,2,1,18,NA,NA,NA,NA,NA
1990,2,1,21,NA,NA,NA,NA,NA
1990,2,2,0,NA,NA,NA,NA,NA
1990,2,2,3,NA,NA,NA,NA,NA
1990,2,2,6,NA,NA,NA,NA,NA
1990,2,2,9,NA,NA,NA,NA,NA
1990,2,2,12,NA,NA,NA,NA,NA
1990,2,2,15,NA,NA,NA,NA,NA
1990,2,2,18,NA,NA,NA,NA,NA
1990,2,2,21,NA,NA,NA,NA,NA
1990,2,3,0,NA,NA,NA,NA,NA
1990,2,3,3,NA,NA,NA,NA,NA
1990,2,3,6,NA,NA,NA,NA,NA
1990,2,3,9,NA,NA,NA,NA,NA
1990,2,3,12,NA,NA,NA,NA,NA
1990,2,3,15,NA,NA,NA,NA,NA
1990,2,3,18,NA,NA,NA,NA,NA
1990,2,3,21,NA,NA,NA,NA,NA
1990,2,4,0,NA,NA,NA,NA,NA
1990,2,4,3,NA,NA,NA,NA,NA
1990,2,4,6,NA,NA,NA,NA,NA
1990,2,4,9,NA,NA,NA,NA,NA
1990,2,4,12,NA,NA,NA,NA,NA
1990,2,4,15,NA,NA,NA,NA,NA
1990,2,4,18,NA,NA,NA,NA,NA
1990,2,4,21,NA,NA,NA,NA,NA
1990,2,5,0,NA,NA,NA,NA,NA
1990,2,5,3,NA,NA,NA,NA,NA
1990,2,5,6,NA,NA,NA,NA,NA
1990,2,5,9,NA,NA,NA,NA,NA
1990,2,5,12,NA,NA,NA,NA,NA
1990,2,5,15,NA,NA,NA,NA,NA
1990,2,5,18,NA,NA,NA,NA,NA
1990,2,5,21,NA,NA,NA,NA,NA
1990,2,6,0,NA,NA,NA,NA,NA
1990,2,6,3,NA,NA,NA,NA,NA
1990,2,6,6,NA,NA,NA,NA,NA
1990,2,6,9,NA,NA,NA,NA,NA
1990,2,6,12,NA,NA,NA,NA,NA
1990,2,6,15,NA,NA,NA,NA,NA
1990,2,6,18,NA,NA,NA,NA,NA
1990,2,6,21,NA,NA,NA,NA,NA
1990,2,7,0,NA,NA,NA,NA,NA
1990,2,7,3,NA,NA,NA,NA,NA
1990,2,7,6,NA,NA,NA,NA,NA
1990,2,7,9,NA,NA,NA,NA,NA
1990,2,7,12,NA,NA,NA,NA,NA
1990,2,7,15,NA,NA,NA,NA,NA
1990,2,7,18,NA,NA,NA,NA,NA
1990,2,7,21,NA,NA,NA,NA,NA
1990,2,8,0,NA,NA,NA,NA,NA
1990,2,8,3,NA,NA,NA,NA,NA
1990,2,8,6,NA,NA,NA,NA,NA
1990,2,8,9,NA,NA,NA,NA,NA
1990,2,8,12,NA,NA,NA,NA,NA
1990,2,8,15,NA,NA,NA,NA,NA
1990,2,8,18,NA,NA,NA,NA,NA
1990,2,8,21,NA,NA,NA,NA,NA
1990,2,9,0,NA,NA,NA,NA,NA
1990,2,9,3,NA,NA,NA,NA,NA
1990,2,9,6,NA,NA,NA,NA,NA
1990,2,9,9,NA,NA,NA,NA,NA
1990,2,9,12,NA,NA,NA,NA,NA
1990,2,9,15,NA,NA,NA,NA,NA
1990,2,9,18,NA,NA,NA,NA,NA
1990,2,9,21,NA,NA,NA,NA,NA
1990,2,10,0,NA,NA,NA,NA,NA
1990,2,10,3,NA,NA,NA,NA,NA
1990,2,10,6,NA,NA,NA,NA,NA
1990,2,10,9,NA,NA,NA,NA,NA
1990,2,10,12,NA,NA,NA,NA,NA
1990,2,10,15,NA,NA,NA,NA,NA
1990,2,10,18,NA,NA,NA,NA,NA
1990,2,10,21,NA,NA,NA,NA,NA
1990,2,11,0,NA,NA,NA,NA,NA
1990,2,11,3,NA,NA,NA,NA,NA
1990,2,11,6,NA,NA,NA,NA,NA
1990,2,11,9,NA,NA,NA,NA,NA
1990,2,11,12,NA,NA,NA,NA,NA
1990,2,11,15,NA,NA,NA,NA,NA
1990,2,11,18,NA,NA,NA,NA,NA
1990,2,11,21,NA,NA,NA,NA,NA
1990,2,12,0,NA,NA,NA,NA,NA
1990,2,12,3,NA,NA,NA,NA,NA
1990,2,12,6,NA,NA,NA,NA,NA
1990,2,12,9,NA,NA,NA,NA,NA
1990,2,12,12,NA,NA,NA,NA,NA
1990,2,12,15,NA,NA,NA,NA,NA
1990,2,12,18,NA,NA,NA,NA,NA
1990,2,12,21,NA,NA,NA,NA,NA
1990,2,13,0,NA,NA,NA,NA,NA
1990,2,13,3,NA,NA,NA,NA,NA
1990,2,13,6,NA,NA,NA,NA,NA
1990,2,13,9,NA,NA,NA,NA,NA
1990,2,13,12,NA,NA,NA,NA,NA
1990,2,13,15,NA,NA,NA,NA,NA
1990,2,13,18,NA,NA,NA,NA,NA
1990,2,13,21,NA,NA,NA,NA,NA
1990,2,14,0,NA,NA,NA,NA,NA
1990,2,14,3,NA,NA,NA,NA,NA
1990,2,14,6,NA,NA,NA,NA,NA
1990,2,14,9,NA,NA,NA,NA,NA
1990,2,14,12,NA,NA,NA,NA,NA
1990,2,14,15,NA,NA,NA,NA,NA
1990,2,14,18,NA,NA,NA,NA,NA
1990,2,14,21,NA,NA,NA,NA,NA
1990,2,15,0,NA,NA,NA,NA,NA
1990,2,15,3,NA,NA,NA,NA,NA
1990,2,15,6,NA,NA,NA,NA,NA
1990,2,15,9,NA,NA,NA,NA,NA
1990,2,15,12,NA,NA,NA,NA,NA
1990,2,15,15,NA,NA,NA,NA,NA
1990,2,15,18,NA,NA,NA,NA,NA
1990,2,15,21,NA,NA,NA,NA,NA
1990,2,16,0,NA,NA,NA,NA,NA
1990,2,16,3,NA,NA,NA,NA,NA
1990,2,16,6,NA,NA,NA,NA,NA
1990,2,16,9,NA,NA,NA,NA,NA
1990,2,16,12,NA,NA,NA,NA,NA
1990,2,16,15,NA,NA,NA,NA,NA
1990,2,16,18,NA,NA,NA,NA,NA
1990,2,16,21,NA,NA,NA,NA,NA
1990,2,17,0,NA,NA,NA,NA,NA
1990,2,17,3,NA,NA,NA,NA,NA
1990,2,17,6,NA,NA,NA,NA,NA
1990,2,17,9,NA,NA,NA,NA,NA
1990,2,17,12,NA,NA,NA,NA,NA
1990,2,17,15,NA,NA,NA,NA,NA
1990,2,17,18,NA,NA,NA,NA,NA
1990,2,17,21,NA,NA,NA,NA,NA
1990,2,18,0,NA,NA,NA,NA,NA
1990,2,18,3,NA,NA,NA,NA,NA
1990,2,18,6,NA,NA,NA,NA,NA
1990,2,18,9,NA,NA,NA,NA,NA
1990,2,18,12,NA,NA,NA,NA,NA
1990,2,18,15,NA,NA,NA,NA,NA
1990,2,18,18,NA,NA,NA,NA,NA
1990,2,18,21,NA,NA,NA,NA,NA
1990,2,19,0,NA,NA,NA,NA,NA
1990,2,19,3,NA,NA,NA,NA,NA
1990,2,19,6,NA,NA,NA,NA,NA
1990,2,19,9,NA,NA,NA,NA,NA
1990,2,19,12,NA,NA,NA,NA,NA
1990,2,19,15,NA,NA,NA,NA,NA
1990,2,19,18,NA,NA,NA,NA,NA
1990,2,19,21,NA,NA,NA,NA,NA
1990,2,20,0,NA,NA,NA,NA,NA
1990,2,20,3,NA,NA,NA,NA,NA
1990,2,20,6,NA,NA,NA,NA,NA
1990,2,20,9,NA,NA,NA,NA,NA
1990,2,20,12,NA,NA,NA,NA,NA
1990,2,20,15,NA,NA,NA,NA,NA
1990,2,20,18,NA,NA,NA,NA,NA
1990,2,20,21,NA,NA,NA,NA,NA
1990,2,21,0,NA,NA,NA,NA,NA
1990,2,21,3,NA,NA,NA,NA,NA
1990,2,21,6,NA,NA,NA,NA,NA
1990,2,21,9,NA,NA,NA,NA,NA
1990,2,21,12,NA,NA,NA,NA,NA
1990,2,21,15,NA,NA,NA,NA,NA
1990,2,21,18,NA,NA,NA,NA,NA
1990,2,21,21,NA,NA,NA,NA,NA
1990,2,22,0,NA,NA,NA,NA,NA
1990,2,22,3,NA,NA,NA,NA,NA
1990,2,22,6,NA,NA,NA,NA,NA
1990,2,22,9,NA,NA,NA,NA,NA
1990,2,22,12,NA,NA,NA,NA,NA
1990,2,22,15,NA,NA,NA,NA,NA
1990,2,22,18,NA,NA,NA,NA,NA
1990,2,22,21,NA,NA,NA,NA,NA
1990,2,23,0,NA,NA,NA,NA,NA
1990,2,23,3,NA,NA,NA,NA,NA
1990,2,23,6,NA,NA,NA,NA,NA
1990,2,23,9,NA,NA,NA,NA,NA
1990,2,23,12,NA,NA,NA,NA,NA
1990,2,23,15,NA,NA,NA,NA,NA
1990,2,23,18,NA,NA,NA,NA,NA
1990,2,23,21,NA,NA,NA,NA,NA
1990,2,24,0,NA,NA,NA,NA,NA
1990,2,24,3,NA,NA,NA,NA,NA
1990,2,24,6,NA,NA,NA,NA,NA
1990,2,24,9,NA,NA,NA,NA,NA
1990,2,24,12,NA,NA,NA,NA,NA
1990,2,24,15,NA,NA,NA,NA,NA
1990,2,24,18,NA,NA,NA,NA,NA
1990,2,24,21,NA,NA,NA,NA,NA
1990,2,25,0,NA,NA,NA,NA,NA
1990,2,25,3,NA,NA,NA,NA,NA
1990,2,25,6,NA,NA,NA,NA,NA
1990,2,25,9,NA,NA,NA,NA,NA
1990,2,25,12,NA,NA,NA,NA,NA
1990,2,25,15,NA,NA,NA,NA,NA
1990,2,25,18,NA,NA,NA,NA,NA
1990,2,25,21,NA,NA,NA,NA,NA
1990,2,26,0,NA,NA,NA,NA,NA
1990,2,26,3,NA,NA,NA,NA,NA
1990,2,26,6,NA,NA,NA,NA,NA
1990,2,26,9,NA,NA,NA,NA,NA
1990,2,26,12,NA,NA,NA,NA,NA
1990,2,26,15,NA,NA,NA,NA,NA
1990,2,26,18,NA,NA,NA,NA,NA
1990,2,26,21,NA,NA,NA,NA,NA
1990,2,27,0,NA,NA,NA,NA,NA
1990,2,27,3,NA,NA,NA,NA,NA
1990,2,27,6,NA,NA,NA,NA,NA
1990,2,27,9,NA,NA,NA,NA,NA
1990,2,27,12,NA,NA,NA,NA,NA
1990,2,27,15,NA,NA,NA,NA,NA
1990,2,27,18,NA,NA,NA,NA,NA
1990,2,27,21,NA,NA,NA,NA,NA
1990,2,28,0,NA,NA,NA,NA,NA
1990,2,28,3,NA,NA,NA,NA,NA
1990,2,28,6,NA,NA,NA,NA,NA
1990,2,28,9,NA,NA,NA,NA,NA
1990,2,28,12,NA,NA,NA,NA,NA
1990,2,28,15,NA,NA,NA,NA,NA
1990,2,28,18,NA,NA,NA,NA,NA
1990,2,28,21,NA,NA,NA,NA,NA
1990,3,1,0,NA,NA,NA,NA,NA
1990,3,1,3,NA,NA,NA,NA,NA
1990,3,1,6,NA,NA,NA,NA,NA
1990,3,1,9,NA,NA,NA,NA,NA
1990,3,1,12,NA,NA,NA,NA,NA
1990,3,1,15,NA,NA,NA,NA,NA
1990,3,1,18,NA,NA,NA,NA,NA
1990,3,1,21,NA,NA,NA,NA,NA
1990,3,2,0,NA,NA,NA,NA,NA
1990,3,2,3,NA,NA,NA,NA,NA
1990,3,2,6,NA,NA,NA,NA,NA
1990,3,2,9,NA,NA,NA,NA,NA
1990,3,2,12,NA,NA,NA,NA,NA
1990,3,2,15,NA,NA,NA,NA,NA
1990,3,2,18,NA,NA,NA,NA,NA
1990,3,2,21,NA,NA,NA,NA,NA
1990,3,3,0,NA,NA,NA,NA,NA
1990,3,3,3,NA,NA,NA,NA,NA
1990,3,3,6,NA,NA,NA,NA,NA
1990,3,3,9,NA,NA,NA,NA,NA
1990,3,3,12,NA,NA,NA,NA,NA
1990,3,3,15,NA,NA,NA,NA,NA
1990,3,3,18,NA,NA,NA,NA,NA
1990,3,3,21,NA,NA,NA,NA,NA
1990,3,4,0,NA,NA,NA,NA,NA
1990,3,4,3,NA,NA,NA,NA,NA
1990,3,4,6,NA,NA,NA,NA,NA
1990,3,4,9,NA,NA,NA,NA,NA
1990,3,4,12,NA,NA,NA,NA,NA
1990,3,4,15,NA,NA,NA,NA,NA
1990,3,4,18,NA,NA,NA,NA,NA
1990,3,4,21,NA,NA,NA,NA,NA
1990,3,5,0,NA,NA,NA,NA,NA
1990,3,5,3,NA,NA,NA,NA,NA
1990,3,5,6,NA,NA,NA,NA,NA
1990,3,5,9,NA,NA,NA,NA,NA
1990,3,5,12,NA,NA,NA,NA,NA
1990,3,5,15,NA,NA,NA,NA,NA
1990,3,5,18,NA,NA,NA,NA,NA
1990,3,5,21,NA,NA,NA,NA,NA
1990,3,6,0,NA,NA,NA,NA,NA
1990,3,6,3,NA,NA,NA,NA,NA
1990,3,6,6,NA,NA,NA,NA,NA
1990,3,6,9,NA,NA,NA,NA,NA
1990,3,6,12,NA,NA,NA,NA,NA
1990,3,6,15,NA,NA,NA,NA,NA
1990,3,6,18,NA,NA,NA,NA,NA
1990,3,6,21,NA,NA,NA,NA,NA
1990,3,7,0,NA,NA,NA,NA,NA
1990,3,7,3,NA,NA,NA,NA,NA
1990,3,7,6,NA,NA,NA,NA,NA
1990,3,7,9,NA,NA,NA,NA,NA
1990,3,7,12,NA,NA,NA,NA,NA
1990,3,7,15,NA,NA,NA,NA,NA
1990,3,7,18,NA,NA,NA,NA,NA
1990,3,7,21,NA,NA,NA,NA,NA
1990,3,8,0,NA,NA,NA,NA,NA
1990,3,8,3,NA,NA,NA,NA,NA
1990,3,8,6,NA,NA,NA,NA,NA
1990,3,8,9,NA,NA,NA,NA,NA
1990,3,8,12,NA,NA,NA,NA,NA
1990,3,8,15,NA,NA,NA,NA,NA
1990,3,8,18,NA,NA,NA,NA,NA
1990,3,8,21,NA,NA,NA,NA,NA
1990,3,9,0,NA,NA,NA,NA,NA
1990,3,9,3,NA,NA,NA,NA,NA
1990,3,9,6,NA,NA,NA,NA,NA
1990,3,9,9,NA,NA,NA,NA,NA
1990,3,9,12,NA,NA,NA,NA,NA
1990,3,9,15,NA,NA,NA,NA,NA
1990,3,9,18,NA,NA,NA,NA,NA
1990,3,9,21,NA,NA,NA,NA,NA
1990,3,10,0,NA,NA,NA,NA,NA
1990,3,10,3,NA,NA,NA,NA,NA
1990,3,10,6,NA,NA,NA,NA,NA
1990,3,10,9,NA,NA,NA,NA,NA
1990,3,10,12,NA,NA,NA,NA,NA
1990,3,10,15,NA,NA,NA,NA,NA
1990,3,10,18,NA,NA,NA,NA,NA
1990,3,10,21,NA,NA,NA,NA,NA
1990,3,11,0,NA,NA,NA,NA,NA
1990,3,11,3,NA,NA,NA,NA,NA
1990,3,11,6,NA,NA,NA,NA,NA
1990,3,11,9,NA,NA,NA,NA,NA
1990,3,11,12,NA,NA,NA,NA,NA
1990,3,11,15,NA,NA,NA,NA,NA
1990,3,11,18,NA,NA,NA,NA,NA
1990,3,11,21,NA,NA,NA,NA,NA
1990,3,12,0,NA,NA,NA,NA,NA
1990,3,12,3,NA,NA,NA,NA,NA
1990,3,12,6,NA,NA,NA,NA,NA
1990,3,12,9,NA,NA,NA,NA,NA
1990,3,12,12,NA,NA,NA,NA,NA
1990,3,12,15,NA,NA,NA,NA,NA
1990,3,12,18,NA,NA,NA,NA,NA
1990,3,12,21,NA,NA,NA,NA,NA
1990,3,13,0,NA,NA,NA,NA,NA
1990,3,13,3,NA,NA,NA,NA,NA
1990,3,13,6,NA,NA,NA,NA,NA
1990,3,13,9,NA,NA,NA,NA,NA
1990,3,13,12,NA,NA,NA,NA,NA
1990,3,13,15,NA,NA,NA,NA,NA
1990,3,13,18,NA,NA,NA,NA,NA
1990,3,13,21,NA,NA,NA,NA,NA
1990,3,14,0,NA,NA,NA,NA,NA
1990,3,14,3,NA,NA,NA,NA,NA
1990,3,14,6,NA,NA,NA,NA,NA
1990,3,14,9,NA,NA,NA,NA,NA
1990,3,14,12,NA,NA,NA,NA,NA
1990,3,14,15,NA,NA,NA,NA,NA
1990,3,14,18,NA,NA,NA,NA,NA
1990,3,14,21,NA,NA,NA,NA,NA
1990,3,15,0,NA,NA,NA,NA,NA
1990,3,15,3,NA,NA,NA,NA,NA
1990,3,15,6,NA,NA,NA,NA,NA
1990,3,15,9,NA,NA,NA,NA,NA
1990,3,15,12,NA,NA,NA,NA,NA
1990,3,15,15,NA,NA,NA,NA,NA
1990,3,15,18,NA,NA,NA,NA,NA
1990,3,15,21,NA,NA,NA,NA,NA
1990,3,16,0,NA,NA,NA,NA,NA
1990,3,16,3,NA,NA,NA,NA,NA
1990,3,16,6,NA,NA,NA,NA,NA
1990,3,16,9,NA,NA,NA,NA,NA
1990,3,16,12,NA,NA,NA,NA,NA
1990,3,16,15,NA,NA,NA,NA,NA
1990,3,16,18,NA,NA,NA,NA,NA
1990,3,16,21,NA,NA,NA,NA,NA
1990,3,17,0,NA,NA,NA,NA,NA
1990,3,17,3,NA,NA,NA,NA,NA
1990,3,17,6,NA,NA,NA,NA,NA
1990,3,17,9,NA,NA,NA,NA,NA
1990,3,17,12,NA,NA,NA,NA,NA
1990,3,17,15,NA,NA,NA,NA,NA
1990,3,17,18,NA,NA,NA,NA,NA
1990,3,17,21,NA,NA,NA,NA,NA
1990,3,18,0,NA,NA,NA,NA,NA
1990,3,18,3,NA,NA,NA,NA,NA
1990,3,18,6,NA,NA,NA,NA,NA
1990,3,18,9,NA,NA,NA,NA,NA
1990,3,18,12,NA,NA,NA,NA,NA
1990,3,18,15,NA,NA,NA,NA,NA
1990,3,18,18,NA,NA,NA,NA,NA
1990,3,18,21,NA,NA,NA,NA,NA
1990,3,19,0,NA,NA,NA,NA,NA
1990,3,19,3,NA,NA,NA,NA,NA
1990,3,19,6,NA,NA,NA,NA,NA
1990,3,19,9,NA,NA,NA,NA,NA
1990,3,19,12,NA,NA,NA,NA,NA
1990,3,19,15,NA,NA,NA,NA,NA
1990,3,19,18,NA,NA,NA,NA,NA
1990,3,19,21,NA,NA,NA,NA,NA
1990,3,20,0,NA,NA,NA,NA,NA
1990,3,20,3,NA,NA,NA,NA,NA
1990,3,20,6,NA,NA,NA,NA,NA
1990,3,20,9,NA,NA,NA,NA,NA
1990,3,20,12,NA,NA,NA,NA,NA
1990,3,20,15,NA,NA,NA,NA,NA
1990,3,20,18,NA,NA,NA,NA,NA
1990,3,20,21,NA,NA,NA,NA,NA
1990,3,21,0,NA,NA,NA,NA,NA
1990,3,21,3,NA,NA,NA,NA,NA
1990,3,21,6,NA,NA,NA,NA,NA
1990,3,21,9,NA,NA,NA,NA,NA
1990,3,21,12,NA,NA,NA,NA,NA
1990,3,21,15,NA,NA,NA,NA,NA
1990,3,21,18,NA,NA,NA,NA,NA
1990,3,21,21,NA,NA,NA,NA,NA
1990,3,22,0,NA,NA,NA,NA,NA
1990,3,22,3,NA,NA,NA,NA,NA
1990,3,22,6,NA,NA,NA,NA,NA
1990,3,22,9,NA,NA,NA,NA,NA
1990,3,22,12,NA,NA,NA,NA,NA
1990,3,22,15,NA,NA,NA,NA,NA
1990,3,22,18,NA,NA,NA,NA,NA
1990,3,22,21,NA,NA,NA,NA,NA
1990,3,23,0,NA,NA,NA,NA,NA
1990,3,23,3,NA,NA,NA,NA,NA
1990,3,23,6,NA,NA,NA,NA,NA
1990,3,23,9,NA,NA,NA,NA,NA
1990,3,23,12,NA,NA,NA,NA,NA
1990,3,23,15,NA,NA,NA,NA,NA
1990,3,23,18,NA,NA,NA,NA,NA
1990,3,23,21,NA,NA,NA,NA,NA
1990,3,24,0,NA,NA,NA,NA,NA
1990,3,24,3,NA,NA,NA,NA,NA
1990,3,24,6,NA,NA,NA,NA,NA
1990,3,24,9,NA,NA,NA,NA,NA
1990,3,24,12,NA,NA,NA,NA,NA
1990,3,24,15,NA,NA,NA,NA,NA
1990,3,24,18,NA,NA,NA,NA,NA
1990,3,24,21,NA,NA,NA,NA,NA
1990,3,25,0,NA,NA,NA,NA,NA
1990,3,25,3,NA,NA,NA,NA,NA
1990,3,25,6,NA,NA,NA,NA,NA
1990,3,25,9,NA,NA,NA,NA,NA
1990,3,25,12,NA,NA,NA,NA,NA
1990,3,25,15,NA,NA,NA,NA,NA
1990,3,25,18,NA,NA,NA,NA,NA
1990,3,25,21,NA,NA,NA,NA,NA
1990,3,26,0,NA,NA,NA,NA,NA
1990,3,26,3,NA,NA,NA,NA,NA
1990,3,26,6,NA,NA,NA,NA,NA
1990,3,26,9,NA,NA,NA,NA,NA
1990,3,26,12,NA,NA,NA,NA,NA
1990,3,26,15,NA,NA,NA,NA,NA
1990,3,26,18,NA,NA,NA,NA,NA
1990,3,26,21,NA,NA,NA,NA,NA
1990,3,27,0,NA,NA,NA,NA,NA
1990,3,27,3,NA,NA,NA,NA,NA
1990,3,27,6,NA,NA,NA,NA,NA
1990,3,27,9,NA,NA,NA,NA,NA
1990,3,27,12,NA,NA,NA,NA,NA
1990,3,27,15,NA,NA,NA,NA,NA
1990,3,27,18,NA,NA,NA,NA,NA
1990,3,27,21,NA,NA,NA,NA,NA
1990,3,28,0,NA,NA,NA,NA,NA
1990,3,28,3,NA,NA,NA,NA,NA
1990,3,28,6,NA,NA,NA,NA,NA
1990,3,28,9,NA,NA,NA,NA,NA
1990,3,28,12,NA,NA,NA,NA,NA
1990,3,28,15,NA,NA,NA,NA,NA
1990,3,28,18,NA,NA,NA,NA,NA
1990,3,28,21,NA,NA,NA,NA,NA
1990,3,29,0,NA,NA,NA,NA,NA
1990,3,29,3,NA,NA,NA,NA,NA
1990,3,29,6,NA,NA,NA,NA,NA
1990,3,29,9,NA,NA,NA,NA,NA
1990,3,29,12,NA,NA,NA,NA,NA
1990,3,29,15,NA,NA,NA,NA,NA
1990,3,29,18,NA,NA,NA,NA,NA
1990,3,29,21,NA,NA,NA,NA,NA
1990,3,30,0,NA,NA,NA,NA,NA
1990,3,30,3,NA,NA,NA,NA,NA
1990,3,30,6,NA,NA,NA,NA,NA
1990,3,30,9,NA,NA,NA,NA,NA
1990,3,30,12,NA,NA,NA,NA,NA
1990,3,30,15,NA,NA,NA,NA,NA
1990,3,30,18,NA,NA,NA,NA,NA
1990,3,30,21,NA,NA,NA,NA,NA
1990,3,31,0,NA,NA,NA,NA,NA
1990,3,31,3,NA,NA,NA,NA,NA
1990,3,31,6,NA,NA,NA,NA,NA
1990,3,31,9,NA,NA,NA,NA,NA
1990,3,31,12,NA,NA,NA,NA,NA
1990,3,31,15,NA,NA,NA,NA,NA
1990,3,31,18,NA,NA,NA,NA,NA
1990,3,31,21,NA,NA,NA,NA,NA
1990,4,1,0,NA,NA,NA,NA,NA
1990,4,1,3,NA,NA,NA,NA,NA
1990,4,1,6,NA,NA,NA,NA,NA
1990,4,1,9,NA,NA,NA,NA,NA
1990,4,1,12,NA,NA,NA,NA,NA
1990,4,1,15,NA,NA,NA,NA,NA
1990,4,1,18,NA,NA,NA,NA,NA
1990,4,1,21,NA,NA,NA,NA,NA
1990,4,2,0,NA,NA,NA,NA,NA
1990,4,2,3,NA,NA,NA,NA,NA
1990,4,2,6,NA,NA,NA,NA,NA
1990,4,2,9,NA,NA,NA,NA,NA
1990,4,2,12,NA,NA,NA,NA,NA
1990,4,2,15,NA,NA,NA,NA,NA
1990,4,2,18,NA,NA,NA,NA,NA
1990,4,2,21,NA,NA,NA,NA,NA
1990,4,3,0,NA,NA,NA,NA,NA
1990,4,3,3,NA,NA,NA,NA,NA
1990,4,3,6,NA,NA,NA,NA,NA
1990,4,3,9,NA,NA,NA,NA,NA
1990,4,3,12,NA,NA,NA,NA,NA
1990,4,3,15,NA,NA,NA,NA,NA
1990,4,3,18,NA,NA,NA,NA,NA
1990,4,3,21,NA,NA,NA,NA,NA
1990,4,4,0,NA,NA,NA,NA,NA
1990,4,4,3,NA,NA,NA,NA,NA
1990,4,4,6,NA,NA,NA,NA,NA
1990,4,4,9,NA,NA,NA,NA,NA
1990,4,4,12,NA,NA,NA,NA,NA
1990,4,4,15,NA,NA,NA,NA,NA
1990,4,4,18,NA,NA,NA,NA,NA
1990,4,4,21,NA,NA,NA,NA,NA
1990,4,5,0,NA,NA,NA,NA,NA
1990,4,5,3,NA,NA,NA,NA,NA
1990,4,5,6,NA,NA,NA,NA,NA
1990,4,5,9,NA,NA,NA,NA,NA
1990,4,5,12,NA,NA,NA,NA,NA
1990,4,5,15,NA,NA,NA,NA,NA
1990,4,5,18,NA,NA,NA,NA,NA
1990,4,5,21,NA,NA,NA,NA,NA
1990,4,6,0,NA,NA,NA,NA,NA
1990,4,6,3,NA,NA,NA,NA,NA
1990,4,6,6,NA,NA,NA,NA,NA
1990,4,6,9,NA,NA,NA,NA,NA
1990,4,6,12,NA,NA,NA,NA,NA
1990,4,6,15,NA,NA,NA,NA,NA
1990,4,6,18,NA,NA,NA,NA,NA
1990,4,6,21,NA,NA,NA,NA,NA
1990,4,7,0,NA,NA,NA,NA,NA
1990,4,7,3,NA,NA,NA,NA,NA
1990,4,7,6,NA,NA,NA,NA,NA
1990,4,7,9,NA,NA,NA,NA,NA
1990,4,7,12,NA,NA,NA,NA,NA
1990,4,7,15,NA,NA,NA,NA,NA
1990,4,7,18,NA,NA,NA,NA,NA
1990,4,7,21,NA,NA,NA,NA,NA
1990,4,8,0,NA,NA,NA,NA,NA
1990,4,8,3,NA,NA,NA,NA,NA
1990,4,8,6,NA,NA,NA,NA,NA
1990,4,8,9,NA,NA,NA,NA,NA
1990,4,8,12,NA,NA,NA,NA,NA
1990,4,8,15,NA,NA,NA,NA,NA
1990,4,8,18,NA,NA,NA,NA,NA
1990,4,8,21,NA,NA,NA,NA,NA
1990,4,9,0,NA,NA,NA,NA,NA
1990,4,9,3,NA,NA,NA,NA,NA
1990,4,9,6,NA,NA,NA,NA,NA
1990,4,9,9,NA,NA,NA,NA,NA
1990,4,9,12,NA,NA,NA,NA,NA
1990,4,9,15,NA,NA,NA,NA,NA
1990,4,9,18,NA,NA,NA,NA,NA
1990,4,9,21,NA,NA,NA,NA,NA
1990,4,10,0,NA,NA,NA,NA,NA
1990,4,10,3,NA,NA,NA,NA,NA
1990,4,10,6,NA,NA,NA,NA,NA
1990,4,10,9,NA,NA,NA,NA,NA
1990,4,10,12,NA,NA,NA,NA,NA
1990,4,10,15,NA,NA,NA,NA,NA
1990,4,10,18,NA,NA,NA,NA,NA
1990,4,10,21,NA,NA,NA,NA,NA
1990,4,11,0,NA,NA,NA,NA,NA
1990,4,11,3,NA,NA,NA,NA,NA
1990,4,11,6,NA,NA,NA,NA,NA
1990,4,11,9,NA,NA,NA,NA,NA
1990,4,11,12,NA,NA,NA,NA,NA
1990,4,11,15,NA,NA,NA,NA,NA
1990,4,11,18,NA,NA,NA,NA,NA
1990,4,11,21,NA,NA,NA,NA,NA
1990,4,12,0,NA,NA,NA,NA,NA
1990,4,12,3,NA,NA,NA,NA,NA
1990,4,12,6,NA,NA,NA,NA,NA
1990,4,12,9,NA,NA,NA,NA,NA
1990,4,12,12,NA,NA,NA,NA,NA
1990,4,12,15,NA,NA,NA,NA,NA
1990,4,12,18,NA,NA,NA,NA,NA
1990,4,12,21,NA,NA,NA,NA,NA
1990,4,13,0,NA,NA,NA,NA,NA
1990,4,13,3,NA,NA,NA,NA,NA
1990,4,13,6,NA,NA,NA,NA,NA
1990,4,13,9,NA,NA,NA,NA,NA
1990,4,13,12,NA,NA,NA,NA,NA
1990,4,13,15,NA,NA,NA,NA,NA
1990,4,13,18,NA,NA,NA,NA,NA
1990,4,13,21,NA,NA,NA,NA,NA
1990,4,14,0,NA,NA,NA,NA,NA
1990,4,14,3,NA,NA,NA,NA,NA
1990,4,14,6,NA,NA,NA,NA,NA
1990,4,14,9,NA,NA,NA,NA,NA
1990,4,14,12,NA,NA,NA,NA,NA
1990,4,14,15,NA,NA,NA,NA,NA
1990,4,14,18,NA,NA,NA,NA,NA
1990,4,14,21,NA,NA,NA,NA,NA
1990,4,15,0,NA,NA,NA,NA,NA
1990,4,15,3,NA,NA,NA,NA,NA
1990,4,15,6,NA,NA,NA,NA,NA
1990,4,15,9,NA,NA,NA,NA,NA
1990,4,15,12,NA,NA,NA,NA,NA
1990,4,15,15,NA,NA,NA,NA,NA
1990,4,15,18,NA,NA,NA,NA,NA
1990,4,15,21,NA,NA,NA,NA,NA
1990,4,16,0,NA,NA,NA,NA,NA
1990,4,16,3,NA,NA,NA,NA,NA
1990,4,16,6,NA,NA,NA,NA,NA
1990,4,16,9,NA,NA,NA,NA,NA
1990,4,16,12,NA,NA,NA,NA,NA
1990,4,16,15,NA,NA,NA,NA,NA
1990,4,16,18,NA,NA,NA,NA,NA
1990,4,16,21,NA,NA,NA,NA,NA
1990,4,17,0,NA,NA,NA,NA,NA
1990,4,17,3,NA,NA,NA,NA,NA
1990,4,17,6,NA,NA,NA,NA,NA
1990,4,17,9,NA,NA,NA,NA,NA
1990,4,17,12,NA,NA,NA,NA,NA
1990,4,17,15,NA,NA,NA,NA,NA
1990,4,17,18,NA,NA,NA,NA,NA
1990,4,17,21,NA,NA,NA,NA,NA
1990,4,18,0,NA,NA,NA,NA,NA
1990,4,18,3,NA,NA,NA,NA,NA
1990,4,18,6,NA,NA,NA,NA,NA
1990,4,18,9,NA,NA,NA,NA,NA
1990,4,18,12,NA,NA,NA,NA,NA
1990,4,18,15,NA,NA,NA,NA,NA
1990,4,18,18,NA,NA,NA,NA,NA
1990,4,18,21,NA,NA,NA,NA,NA
1990,4,19,0,NA,NA,NA,NA,NA
1990,4,19,3,NA,NA,NA,NA,NA
1990,4,19,6,NA,NA,NA,NA,NA
1990,4,19,9,NA,NA,NA,NA,NA
1990,4,19,12,NA,NA,NA,NA,NA
1990,4,19,15,NA,NA,NA,NA,NA
1990,4,19,18,NA,NA,NA,NA,NA
1990,4,19,21,NA,NA,NA,NA,NA
1990,4,20,0,NA,NA,NA,NA,NA
1990,4,20,3,NA,NA,NA,NA,NA
1990,4,20,6,NA,NA,NA,NA,NA
1990,4,20,9,NA,NA,NA,NA,NA
1990,4,20,12,NA,NA,NA,NA,NA
1990,4,20,15,NA,NA,NA,NA,NA
1990,4,20,18,NA,NA,NA,NA,NA
1990,4,20,21,NA,NA,NA,NA,NA
1990,4,21,0,NA,NA,NA,NA,NA
1990,4,21,3,NA,NA,NA,NA,NA
1990,4,21,6,NA,NA,NA,NA,NA
1990,4,21,9,NA,NA,NA,NA,NA
1990,4,21,12,NA,NA,NA,NA,NA
1990,4,21,15,NA,NA,NA,NA,NA
1990,4,21,18,NA,NA,NA,NA,NA
1990,4,21,21,NA,NA,NA,NA,NA
1990,4,22,0,NA,NA,NA,NA,NA
1990,4,22,3,NA,NA,NA,NA,NA
1990,4,22,6,NA,NA,NA,NA,NA
1990,4,22,9,NA,NA,NA,NA,NA
1990,4,22,12,NA,NA,NA,NA,NA
1990,4,22,15,NA,NA,NA,NA,NA
1990,4,22,18,NA,NA,NA,NA,NA
1990,4,22,21,NA,NA,NA,NA,NA
1990,4,23,0,NA,NA,NA,NA,NA
1990,4,23,3,NA,NA,NA,NA,NA
1990,4,23,6,NA,NA,NA,NA,NA
1990,4,23,9,NA,NA,NA,NA,NA
1990,4,23,12,NA,NA,NA,NA,NA
1990,4,23,15,NA,NA,NA,NA,NA
1990,4,23,18,NA,NA,NA,NA,NA
1990,4,23,21,NA,NA,NA,NA,NA
1990,4,24,0,NA,NA,NA,NA,NA
1990,4,24,3,NA,NA,NA,NA,NA
1990,4,24,6,NA,NA,NA,NA,NA
1990,4,24,9,NA,NA,NA,NA,NA
1990,4,24,12,NA,NA,NA,NA,NA
1990,4,24,15,NA,NA,NA,NA,NA
1990,4,24,18,NA,NA,NA,NA,NA
1990,4,24,21,NA,NA,NA,NA,NA
1990,4,25,0,NA,NA,NA,NA,NA
1990,4,25,3,NA,NA,NA,NA,NA
1990,4,25,6,NA,NA,NA,NA,NA
1990,4,25,9,NA,NA,NA,NA,NA
1990,4,25,12,NA,NA,NA,NA,NA
1990,4,25,15,NA,NA,NA,NA,NA
1990,4,25,18,NA,NA,NA,NA,NA
1990,4,25,21,NA,NA,NA,NA,NA
1990,4,26,0,NA,NA,NA,NA,NA
1990,4,26,3,NA,NA,NA,NA,NA
1990,4,26,6,NA,NA,NA,NA,NA
1990,4,26,9,NA,NA,NA,NA,NA
1990,4,26,12,NA,NA,NA,NA,NA
1990,4,26,15,NA,NA,NA,NA,NA
1990,4,26,18,NA,NA,NA,NA,NA
1990,4,26,21,NA,NA,NA,NA,NA
1990,4,27,0,NA,NA,NA,NA,NA
1990,4,27,3,NA,NA,NA,NA,NA
1990,4,27,6,NA,NA,NA,NA,NA
1990,4,27,9,NA,NA,NA,NA,NA
1990,4,27,12,NA,NA,NA,NA,NA
1990,4,27,15,NA,NA,NA,NA,NA
1990,4,27,18,NA,NA,NA,NA,NA
1990,4,27,21,NA,NA,NA,NA,NA
1990,4,28,0,NA,NA,NA,NA,NA
1990,4,28,3,NA,NA,NA,NA,NA
1990,4,28,6,NA,NA,NA,NA,NA
1990,4,28,9,NA,NA,NA,NA,NA
1990,4,28,12,NA,NA,NA,NA,NA
1990,4,28,15,NA,NA,NA,NA,NA
1990,4,28,18,NA,NA,NA,NA,NA
1990,4,28,21,NA,NA,NA,NA,NA
1990,4,29,0,NA,NA,NA,NA,NA
1990,4,29,3,NA,NA,NA,NA,NA
1990,4,29,6,NA,NA,NA,NA,NA
1990,4,29,9,NA,NA,NA,NA,NA
1990,4,29,12,NA,NA,NA,NA,NA
1990,4,29,15,NA,NA,NA,NA,NA
1990,4,29,18,NA,NA,NA,NA,NA
1990,4,29,21,NA,NA,NA,NA,NA
1990,4,30,0,NA,NA,NA,NA,NA
1990,4,30,3,NA,NA,NA,NA,NA
1990,4,30,6,NA,NA,NA,NA,NA
1990,4,30,9,NA,NA,NA,NA,NA
1990,4,30,12,NA,NA,NA,NA,NA
1990,4,30,15,NA,NA,NA,NA,NA
1990,4,30,18,NA,NA,NA,NA,NA
1990,4,30,21,NA,NA,NA,NA,NA
1990,5,1,0,NA,NA,NA,NA,NA
1990,5,1,3,NA,NA,NA,NA,NA
1990,5,1,6,NA,NA,NA,NA,NA
1990,5,1,9,NA,NA,NA,NA,NA
1990,5,1,12,NA,NA,NA,NA,NA
1990,5,1,15,NA,NA,NA,NA,NA
1990,5,1,18,NA,NA,NA,NA,NA
1990,5,1,21,NA,NA,NA,NA,NA
1990,5,2,0,NA,NA,NA,NA,NA
1990,5,2,3,NA,NA,NA,NA,NA
1990,5,2,6,NA,NA,NA,NA,NA
1990,5,2,9,NA,NA,NA,NA,NA
1990,5,2,12,NA,NA,NA,NA,NA
1990,5,2,15,NA,NA,NA,NA,NA
1990,5,2,18,NA,NA,NA,NA,NA
1990,5,2,21,NA,NA,NA,NA,NA
1990,5,3,0,NA,NA,NA,NA,NA
1990,5,3,3,NA,NA,NA,NA,NA
1990,5,3,6,NA,NA,NA,NA,NA
1990,5,3,9,NA,NA,NA,NA,NA
1990,5,3,12,NA,NA,NA,NA,NA
1990,5,3,15,NA,NA,NA,NA,NA
1990,5,3,18,NA,NA,NA,NA,NA
1990,5,3,21,NA,NA,NA,NA,NA
1990,5,4,0,NA,NA,NA,NA,NA
1990,5,4,3,NA,NA,NA,NA,NA
1990,5,4,6,NA,NA,NA,NA,NA
1990,5,4,9,NA,NA,NA,NA,NA
1990,5,4,12,NA,NA,NA,NA,NA
1990,5,4,15,NA,NA,NA,NA,NA
1990,5,4,18,NA,NA,NA,NA,NA
1990,5,4,21,NA,NA,NA,NA,NA
1990,5,5,0,NA,NA,NA,NA,NA
1990,5,5,3,NA,NA,NA,NA,NA
1990,5,5,6,NA,NA,NA,NA,NA
1990,5,5,9,NA,NA,NA,NA,NA
1990,5,5,12,NA,NA,NA,NA,NA
1990,5,5,15,NA,NA,NA,NA,NA
1990,5,5,18,NA,NA,NA,NA,NA
1990,5,5,21,NA,NA,NA,NA,NA
1990,5,6,0,NA,NA,NA,NA,NA
1990,5,6,3,NA,NA,NA,NA,NA
1990,5,6,6,NA,NA,NA,NA,NA
1990,5,6,9,NA,NA,NA,NA,NA
1990,5,6,12,NA,NA,NA,NA,NA
1990,5,6,15,NA,NA,NA,NA,NA
1990,5,6,18,NA,NA,NA,NA,NA
1990,5,6,21,NA,NA,NA,NA,NA
1990,5,7,0,NA,NA,NA,NA,NA
1990,5,7,3,NA,NA,NA,NA,NA
1990,5,7,6,NA,NA,NA,NA,NA
1990,5,7,9,NA,NA,NA,NA,NA
1990,5,7,12,NA,NA,NA,NA,NA
1990,5,7,15,NA,NA,NA,NA,NA
1990,5,7,18,NA,NA,NA,NA,NA
1990,5,7,21,NA,NA,NA,NA,NA
1990,5,8,0,NA,NA,NA,NA,NA
1990,5,8,3,NA,NA,NA,NA,NA
1990,5,8,6,NA,NA,NA,NA,NA
1990,5,8,9,NA,NA,NA,NA,NA
1990,5,8,12,NA,NA,NA,NA,NA
1990,5,8,15,NA,NA,NA,NA,NA
1990,5,8,18,NA,NA,NA,NA,NA
1990,5,8,21,NA,NA,NA,NA,NA
1990,5,9,0,NA,NA,NA,NA,NA
1990,5,9,3,NA,NA,NA,NA,NA
1990,5,9,6,NA,NA,NA,NA,NA
1990,5,9,9,NA,NA,NA,NA,NA
1990,5,9,12,NA,NA,NA,NA,NA
1990,5,9,15,NA,NA,NA,NA,NA
1990,5,9,18,NA,NA,NA,NA,NA
1990,5,9,21,NA,NA,NA,NA,NA
1990,5,10,0,NA,NA,NA,NA,NA
1990,5,10,3,NA,NA,NA,NA,NA
1990,5,10,6,NA,NA,NA,NA,NA
1990,5,10,9,NA,NA,NA,NA,NA
1990,5,10,12,NA,NA,NA,NA,NA
1990,5,10,15,NA,NA,NA,NA,NA
1990,5,10,18,NA,NA,NA,NA,NA
1990,5,10,21,NA,NA,NA,NA,NA
1990,5,11,0,NA,NA,NA,NA,NA
1990,5,11,3,NA,NA,NA,NA,NA
1990,5,11,6,NA,NA,NA,NA,NA
1990,5,11,9,NA,NA,NA,NA,NA
1990,5,11,12,NA,NA,NA,NA,NA
1990,5,11,15,NA,NA,NA,NA,NA
1990,5,11,18,NA,NA,NA,NA,NA
1990,5,11,21,NA,NA,NA,NA,NA
1990,5,12,0,NA,NA,NA,NA,NA
1990,5,12,3,NA,NA,NA,NA,NA
1990,5,12,6,NA,NA,NA,NA,NA
1990,5,12,9,NA,NA,NA,NA,NA
1990,5,12,12,NA,NA,NA,NA,NA
1990,5,12,15,NA,NA,NA,NA,NA
1990,5,12,18,NA,NA,NA,NA,NA
1990,5,12,21,NA,NA,NA,NA,NA
1990,5,13,0,NA,NA,NA,NA,NA
1990,5,13,3,NA,NA,NA,NA,NA
1990,5,13,6,NA,NA,NA,NA,NA
1990,5,13,9,NA,NA,NA,NA,NA
1990,5,13,12,NA,NA,NA,NA,NA
1990,5,13,15,NA,NA,NA,NA,NA
1990,5,13,18,NA,NA,NA,NA,NA
1990,5,13,21,NA,NA,NA,NA,NA
1990,5,14,0,NA,NA,NA,NA,NA
1990,5,14,3,NA,NA,NA,NA,NA
1990,5,14,6,NA,NA,NA,NA,NA
1990,5,14,9,NA,NA,NA,NA,NA
1990,5,14,12,NA,NA,NA,NA,NA
1990,5,14,15,NA,NA,NA,NA,NA
1990,5,14,18,NA,NA,NA,NA,NA
1990,5,14,21,NA,NA,NA,NA,NA
1990,5,15,0,NA,NA,NA,NA,NA
1990,5,15,3,NA,NA,NA,NA,NA
1990,5,15,6,NA,NA,NA,NA,NA
1990,5,15,9,NA,NA,NA,NA,NA
1990,5,15,12,NA,NA,NA,NA,NA
1990,5,15,15,NA,NA,NA,NA,NA
1990,5,15,18,NA,NA,NA,NA,NA
1990,5,15,21,NA,NA,NA,NA,NA
1990,5,16,0,NA,NA,NA,NA,NA
1990,5,16,3,NA,NA,NA,NA,NA
1990,5,16,6,NA,NA,NA,NA,NA
1990,5,16,9,NA,NA,NA,NA,NA
1990,5,16,12,NA,NA,NA,NA,NA
1990,5,16,15,NA,NA,NA,NA,NA
1990,5,16,18,NA,NA,NA,NA,NA
1990,5,16,21,NA,NA,NA,NA,NA
1990,5,17,0,NA,NA,NA,NA,NA
1990,5,17,3,NA,NA,NA,NA,NA
1990,5,17,6,NA,NA,NA,NA,NA
1990,5,17,9,NA,NA,NA,NA,NA
1990,5,17,12,NA,NA,NA,NA,NA
1990,5,17,15,NA,NA,NA,NA,NA
1990,5,17,18,NA,NA,NA,NA,NA
1990,5,17,21,NA,NA,NA,NA,NA
1990,5,18,0,NA,NA,NA,NA,NA
1990,5,18,3,NA,NA,NA,NA,NA
1990,5,18,6,NA,NA,NA,NA,NA
1990,5,18,9,NA,NA,NA,NA,NA
1990,5,18,12,NA,NA,NA,NA,NA
1990,5,18,15,NA,NA,NA,NA,NA
1990,5,18,18,NA,NA,NA,NA,NA
1990,5,18,21,NA,NA,NA,NA,NA
1990,5,19,0,NA,NA,NA,NA,NA
1990,5,19,3,NA,NA,NA,NA,NA
1990,5,19,6,NA,NA,NA,NA,NA
1990,5,19,9,NA,NA,NA,NA,NA
1990,5,19,12,NA,NA,NA,NA,NA
1990,5,19,15,NA,NA,NA,NA,NA
1990,5,19,18,NA,NA,NA,NA,NA
1990,5,19,21,NA,NA,NA,NA,NA
1990,5,20,0,NA,NA,NA,NA,NA
1990,5,20,3,NA,NA,NA,NA,NA
1990,5,20,6,NA,NA,NA,NA,NA
1990,5,20,9,NA,NA,NA,NA,NA
1990,5,20,12,NA,NA,NA,NA,NA
1990,5,20,15,NA,NA,NA,NA,NA
1990,5,20,18,NA,NA,NA,NA,NA
1990,5,20,21,NA,NA,NA,NA,NA
1990,5,21,0,NA,NA,NA,NA,NA
1990,5,21,3,NA,NA,NA,NA,NA
1990,5,21,6,NA,NA,NA,NA,NA
1990,5,21,9,NA,NA,NA,NA,NA
1990,5,21,12,NA,NA,NA,NA,NA
1990,5,21,15,NA,NA,NA,NA,NA
1990,5,21,18,NA,NA,NA,NA,NA
1990,5,21,21,NA,NA,NA,NA,NA
1990,5,22,0,NA,NA,NA,NA,NA
1990,5,22,3,NA,NA,NA,NA,NA
1990,5,22,6,NA,NA,NA,NA,NA
1990,5,22,9,NA,NA,NA,NA,NA
1990,5,22,12,NA,NA,NA,NA,NA
1990,5,22,15,NA,NA,NA,NA,NA
1990,5,22,18,NA,NA,NA,NA,NA
1990,5,22,21,NA,NA,NA,NA,NA
1990,5,23,0,NA,NA,NA,NA,NA
1990,5,23,3,NA,NA,NA,NA,NA
1990,5,23,6,NA,NA,NA,NA,NA
1990,5,23,9,NA,NA,NA,NA,NA
1990,5,23,12,NA,NA,NA,NA,NA
1990,5,23,15,NA,NA,NA,NA,NA
1990,5,23,18,NA,NA,NA,NA,NA
1990,5,23,21,NA,NA,NA,NA,NA
1990,5,24,0,NA,NA,NA,NA,NA
1990,5,24,3,NA,NA,NA,NA,NA
1990,5,24,6,NA,NA,NA,NA,NA
1990,5,24,9,NA,NA,NA,NA,NA
1990,5,24,12,NA,NA,NA,NA,NA
1990,5,24,15,NA,NA,NA,NA,NA
1990,5,24,18,NA,NA,NA,NA,NA
1990,5,24,21,NA,NA,NA,NA,NA
1990,5,25,0,NA,NA,NA,NA,NA
1990,5,25,3,NA,NA,NA,NA,NA
1990,5,25,6,NA,NA,NA,NA,NA
1990,5,25,9,NA,NA,NA,NA,NA
1990,5,25,12,NA,NA,NA,NA,NA
1990,5,25,15,NA,NA,NA,NA,NA
1990,5,25,18,NA,NA,NA,NA,NA
1990,5,25,21,NA,NA,NA,NA,NA
1990,5,26,0,NA,NA,NA,NA,NA
1990,5,26,3,NA,NA,NA,NA,NA
1990,5,26,6,NA,NA,NA,NA,NA
1990,5,26,9,NA,NA,NA,NA,NA
1990,5,26,12,NA,NA,NA,NA,NA
1990,5,26,15,NA,NA,NA,NA,NA
1990,5,26,18,NA,NA,NA,NA,NA
1990,5,26,21,NA,NA,NA,NA,NA
1990,5,27,0,NA,NA,NA,NA,NA
1990,5,27,3,NA,NA,NA,NA,NA
1990,5,27,6,NA,NA,NA,NA,NA
1990,5,27,9,NA,NA,NA,NA,NA
1990,5,27,12,NA,NA,NA,NA,NA
1990,5,27,15,NA,NA,NA,NA,NA
1990,5,27,18,NA,NA,NA,NA,NA
1990,5,27,21,NA,NA,NA,NA,NA
1990,5,28,0,NA,NA,NA,NA,NA
1990,5,28,3,NA,NA,NA,NA,NA
1990,5,28,6,NA,NA,NA,NA,NA
1990,5,28,9,NA,NA,NA,NA,NA
1990,5,28,12,NA,NA,NA,NA,NA
1990,5,28,15,NA,NA,NA,NA,NA
1990,5,28,18,NA,NA,NA,NA,NA
1990,5,28,21,NA,NA,NA,NA,NA
1990,5,29,0,NA,NA,NA,NA,NA
1990,5,29,3,NA,NA,NA,NA,NA
1990,5,29,6,NA,NA,NA,NA,NA
1990,5,29,9,NA,NA,NA,NA,NA
1990,5,29,12,NA,NA,NA,NA,NA
1990,5,29,15,NA,NA,NA,NA,NA
1990,5,29,18,NA,NA,NA,NA,NA
1990,5,29,21,NA,NA,NA,NA,NA
1990,5,30,0,NA,NA,NA,NA,NA
1990,5,30,3,NA,NA,NA,NA,NA
1990,5,30,6,NA,NA,NA,NA,NA
1990,5,30,9,NA,NA,NA,NA,NA
1990,5,30,12,NA,NA,NA,NA,NA
1990,5,30,15,NA,NA,NA,NA,NA
1990,5,30,18,NA,NA,NA,NA,NA
1990,5,30,21,NA,NA,NA,NA,NA
1990,5,31,0,NA,NA,NA,NA,NA
1990,5,31,3,NA,NA,NA,NA,NA
1990,5,31,6,NA,NA,NA,NA,NA
1990,5,31,9,NA,NA,NA,NA,NA
1990,5,31,12,NA,NA,NA,NA,NA
1990,5,31,15,NA,NA,NA,NA,NA
1990,5,31,18,NA,NA,NA,NA,NA
1990,5,31,21,NA,NA,NA,NA,NA
1990,6,1,0,NA,NA,NA,NA,NA
1990,6,1,3,NA,NA,NA,NA,NA
1990,6,1,6,NA,NA,NA,NA,NA
1990,6,1,9,NA,NA,NA,NA,NA
1990,6,1,12,NA,NA,NA,NA,NA
1990,6,1,15,NA,NA,NA,NA,NA
1990,6,1,18,NA,NA,NA,NA,NA
1990,6,1,21,NA,NA,NA,NA,NA
1990,6,2,0,NA,NA,NA,NA,NA
1990,6,2,3,NA,NA,NA,NA,NA
1990,6,2,6,NA,NA,NA,NA,NA
1990,6,2,9,NA,NA,NA,NA,NA
1990,6,2,12,NA,NA,NA,NA,NA
1990,6,2,15,NA,NA,NA,NA,NA
1990,6,2,18,NA,NA,NA,NA,NA
1990,6,2,21,NA,NA,NA,NA,NA
1990,6,3,0,NA,NA,NA,NA,NA
1990,6,3,3,NA,NA,NA,NA,NA
1990,6,3,6,NA,NA,NA,NA,NA
1990,6,3,9,NA,NA,NA,NA,NA
1990,6,3,12,NA,NA,NA,NA,NA
1990,6,3,15,NA,NA,NA,NA,NA
1990,6,3,18,NA,NA,NA,NA,NA
1990,6,3,21,NA,NA,NA,NA,NA
1990,6,4,0,NA,NA,NA,NA,NA
1990,6,4,3,NA,NA,NA,NA,NA
1990,6,4,6,NA,NA,NA,NA,NA
1990,6,4,9,NA,NA,NA,NA,NA
1990,6,4,12,NA,NA,NA,NA,NA
1990,6,4,15,NA,NA,NA,NA,NA
1990,6,4,18,NA,NA,NA,NA,NA
1990,6,4,21,NA,NA,NA,NA,NA
1990,6,5,0,NA,NA,NA,NA,NA
1990,6,5,3,NA,NA,NA,NA,NA
1990,6,5,6,NA,NA,NA,NA,NA
1990,6,5,9,NA,NA,NA,NA,NA
1990,6,5,12,NA,NA,NA,NA,NA
1990,6,5,15,NA,NA,NA,NA,NA
1990,6,5,18,NA,NA,NA,NA,NA
1990,6,5,21,NA,NA,NA,NA,NA
1990,6,6,0,NA,NA,NA,NA,NA
1990,6,6,3,NA,NA,NA,NA,NA
1990,6,6,6,NA,NA,NA,NA,NA
1990,6,6,9,NA,NA,NA,NA,NA
1990,6,6,12,NA,NA,NA,NA,NA
1990,6,6,15,NA,NA,NA,NA,NA
1990,6,6,18,NA,NA,NA,NA,NA
1990,6,6,21,NA,NA,NA,NA,NA
1990,6,7,0,NA,NA,NA,NA,NA
1990,6,7,3,NA,NA,NA,NA,NA
1990,6,7,6,NA,NA,NA,NA,NA
1990,6,7,9,NA,NA,NA,NA,NA
1990,6,7,12,NA,NA,NA,NA,NA
1990,6,7,15,NA,NA,NA,NA,NA
1990,6,7,18,NA,NA,NA,NA,NA
1990,6,7,21,NA,NA,NA,NA,NA
1990,6,8,0,NA,NA,NA,NA,NA
1990,6,8,3,NA,NA,NA,NA,NA
1990,6,8,6,NA,NA,NA,NA,NA
1990,6,8,9,NA,NA,NA,NA,NA
1990,6,8,12,NA,NA,NA,NA,NA
1990,6,8,15,NA,NA,NA,NA,NA
1990,6,8,18,NA,NA,NA,NA,NA
1990,6,8,21,NA,NA,NA,NA,NA
1990,6,9,0,NA,NA,NA,NA,NA
1990,6,9,3,NA,NA,NA,NA,NA
1990,6,9,6,NA,NA,NA,NA,NA
1990,6,9,9,NA,NA,NA,NA,NA
1990,6,9,12,NA,NA,NA,NA,NA
1990,6,9,15,NA,NA,NA,NA,NA
1990,6,9,18,NA,NA,NA,NA,NA
1990,6,9,21,NA,NA,NA,NA,NA
1990,6,10,0,NA,NA,NA,NA,NA
1990,6,10,3,NA,NA,NA,NA,NA
1990,6,10,6,NA,NA,NA,NA,NA
1990,6,10,9,NA,NA,NA,NA,NA
1990,6,10,12,NA,NA,NA,NA,NA
1990,6,10,15,NA,NA,NA,NA,NA
1990,6,10,18,NA,NA,NA,NA,NA
1990,6,10,21,NA,NA,NA,NA,NA
1990,6,11,0,NA,NA,NA,NA,NA
1990,6,11,3,NA,NA,NA,NA,NA
1990,6,11,6,NA,NA,NA,NA,NA
1990,6,11,9,NA,NA,NA,NA,NA
1990,6,11,12,NA,NA,NA,NA,NA
1990,6,11,15,NA,NA,NA,NA,NA
1990,6,11,18,NA,NA,NA,NA,NA
1990,6,11,21,NA,NA,NA,NA,NA
1990,6,12,0,NA,NA,NA,NA,NA
1990,6,12,3,NA,NA,NA,NA,NA
1990,6,12,6,NA,NA,NA,NA,NA
1990,6,12,9,NA,NA,NA,NA,NA
1990,6,12,12,NA,NA,NA,NA,NA
1990,6,12,15,NA,NA,NA,NA,NA
1990,6,12,18,NA,NA,NA,NA,NA
1990,6,12,21,NA,NA,NA,NA,NA
1990,6,13,0,NA,NA,NA,NA,NA
1990,6,13,3,NA,NA,NA,NA,NA
1990,6,13,6,NA,NA,NA,NA,NA
1990,6,13,9,NA,NA,NA,NA,NA
1990,6,13,12,NA,NA,NA,NA,NA
1990,6,13,15,NA,NA,NA,NA,NA
1990,6,13,18,NA,NA,NA,NA,NA
1990,6,13,21,NA,NA,NA,NA,NA
1990,6,14,0,NA,NA,NA,NA,NA
1990,6,14,3,NA,NA,NA,NA,NA
1990,6,14,6,NA,NA,NA,NA,NA
1990,6,14,9,NA,NA,NA,NA,NA
1990,6,14,12,NA,NA,NA,NA,NA
1990,6,14,15,NA,NA,NA,NA,NA
1990,6,14,18,NA,NA,NA,NA,NA
1990,6,14,21,NA,NA,NA,NA,NA
1990,6,15,0,NA,NA,NA,NA,NA
1990,6,15,3,NA,NA,NA,NA,NA
1990,6,15,6,NA,NA,NA,NA,NA
1990,6,15,9,NA,NA,NA,NA,NA
1990,6,15,12,NA,NA,NA,NA,NA
1990,6,15,15,NA,NA,NA,NA,NA
1990,6,15,18,NA,NA,NA,NA,NA
1990,6,15,21,NA,NA,NA,NA,NA
1990,6,16,0,NA,NA,NA,NA,NA
1990,6,16,3,NA,NA,NA,NA,NA
1990,6,16,6,NA,NA,NA,NA,NA
1990,6,16,9,NA,NA,NA,NA,NA
1990,6,16,12,NA,NA,NA,NA,NA
1990,6,16,15,NA,NA,NA,NA,NA
1990,6,16,18,NA,NA,NA,NA,NA
1990,6,16,21,NA,NA,NA,NA,NA
1990,6,17,0,NA,NA,NA,NA,NA
1990,6,17,3,NA,NA,NA,NA,NA
1990,6,17,6,NA,NA,NA,NA,NA
1990,6,17,9,NA,NA,NA,NA,NA
1990,6,17,12,NA,NA,NA,NA,NA
1990,6,17,15,NA,NA,NA,NA,NA
1990,6,17,18,NA,NA,NA,NA,NA
1990,6,17,21,NA,NA,NA,NA,NA
1990,6,18,0,NA,NA,NA,NA,NA
1990,6,18,3,NA,NA,NA,NA,NA
1990,6,18,6,NA,NA,NA,NA,NA
1990,6,18,9,NA,NA,NA,NA,NA
1990,6,18,12,NA,NA,NA,NA,NA
1990,6,18,15,NA,NA,NA,NA,NA
1990,6,18,18,NA,NA,NA,NA,NA
1990,6,18,21,NA,NA,NA,NA,NA
1990,6,19,0,NA,NA,NA,NA,NA
1990,6,19,3,NA,NA,NA,NA,NA
1990,6,19,6,NA,NA,NA,NA,NA
1990,6,19,9,NA,NA,NA,NA,NA
1990,6,19,12,NA,NA,NA,NA,NA
1990,6,19,15,NA,NA,NA,NA,NA
1990,6,19,18,NA,NA,NA,NA,NA
1990,6,19,21,NA,NA,NA,NA,NA
1990,6,20,0,NA,NA,NA,NA,NA
1990,6,20,3,NA,NA,NA,NA,NA
1990,6,20,6,NA,NA,NA,NA,NA
1990,6,20,9,NA,NA,NA,NA,NA
1990,6,20,12,NA,NA,NA,NA,NA
1990,6,20,15,NA,NA,NA,NA,NA
1990,6,20,18,NA,NA,NA,NA,NA
1990,6,20,21,NA,NA,NA,NA,NA
1990,6,21,0,NA,NA,NA,NA,NA
1990,6,21,3,NA,NA,NA,NA,NA
1990,6,21,6,NA,NA,NA,NA,NA
1990,6,21,9,NA,NA,NA,NA,NA
1990,6,21,12,NA,NA,NA,NA,NA
1990,6,21,15,NA,NA,NA,NA,NA
1990,6,21,18,NA,NA,NA,NA,NA
1990,6,21,21,NA,NA,NA,NA,NA
1990,6,22,0,NA,NA,NA,NA,NA
1990,6,22,3,NA,NA,NA,NA,NA
1990,6,22,6,NA,NA,NA,NA,NA
1990,6,22,9,NA,NA,NA,NA,NA
1990,6,22,12,NA,NA,NA,NA,NA
1990,6,22,15,NA,NA,NA,NA,NA
1990,6,22,18,NA,NA,NA,NA,NA
1990,6,22,21,NA,NA,NA,NA,NA
1990,6,23,0,NA,NA,NA,NA,NA
1990,6,23,3,NA,NA,NA,NA,NA
1990,6,23,6,NA,NA,NA,NA,NA
1990,6,23,9,NA,NA,NA,NA,NA
1990,6,23,12,NA,NA,NA,NA,NA
1990,6,23,15,NA,NA,NA,NA,NA
1990,6,23,18,NA,NA,NA,NA,NA
1990,6,23,21,NA,NA,NA,NA,NA
1990,6,24,0,NA,NA,NA,NA,NA
1990,6,24,3,NA,NA,NA,NA,NA
1990,6,24,6,NA,NA,NA,NA,NA
1990,6,24,9,NA,NA,NA,NA,NA
1990,6,24,12,NA,NA,NA,NA,NA
1990,6,24,15,NA,NA,NA,NA,NA
1990,6,24,18,NA,NA,NA,NA,NA
1990,6,24,21,NA,NA,NA,NA,NA
1990,6,25,0,NA,NA,NA,NA,NA
1990,6,25,3,NA,NA,NA,NA,NA
1990,6,25,6,NA,NA,NA,NA,NA
1990,6,25,9,NA,NA,NA,NA,NA
1990,6,25,12,NA,NA,NA,NA,NA
1990,6,25,15,NA,NA,NA,NA,NA
1990,6,25,18,NA,NA,NA,NA,NA
1990,6,25,21,NA,NA,NA,NA,NA
1990,6,26,0,NA,NA,NA,NA,NA
1990,6,26,3,NA,NA,NA,NA,NA
1990,6,26,6,NA,NA,NA,NA,NA
1990,6,26,9,NA,NA,NA,NA,NA
1990,6,26,12,NA,NA,NA,NA,NA
1990,6,26,15,NA,NA,NA,NA,NA
1990,6,26,18,NA,NA,NA,NA,NA
1990,6,26,21,NA,NA,NA,NA,NA
1990,6,27,0,NA,NA,NA,NA,NA
1990,6,27,3,NA,NA,NA,NA,NA
1990,6,27,6,NA,NA,NA,NA,NA
1990,6,27,9,NA,NA,NA,NA,NA
1990,6,27,12,NA,NA,NA,NA,NA
1990,6,27,15,NA,NA,NA,NA,NA
1990,6,27,18,NA,NA,NA,NA,NA
1990,6,27,21,NA,NA,NA,NA,NA
1990,6,28,0,NA,NA,NA,NA,NA
1990,6,28,3,NA,NA,NA,NA,NA
1990,6,28,6,NA,NA,NA,NA,NA
1990,6,28,9,NA,NA,NA,NA,NA
1990,6,28,12,NA,NA,NA,NA,NA
1990,6,28,15,NA,NA,NA,NA,NA
1990,6,28,18,NA,NA,NA,NA,NA
1990,6,28,21,NA,NA,NA,NA,NA
1990,6,29,0,NA,NA,NA,NA,NA
1990,6,29,3,NA,NA,NA,NA,NA
1990,6,29,6,NA,NA,NA,NA,NA
1990,6,29,9,NA,NA,NA,NA,NA
1990,6,29,12,NA,NA,NA,NA,NA
1990,6,29,15,NA,NA,NA,NA,NA
1990,6,29,18,NA,NA,NA,NA,NA
1990,6,29,21,NA,NA,NA,NA,NA
1990,6,30,0,NA,NA,NA,NA,NA
1990,6,30,3,NA,NA,NA,NA,NA
1990,6,30,6,NA,NA,NA,NA,NA
1990,6,30,9,NA,NA,NA,NA,NA
1990,6,30,12,NA,NA,NA,NA,NA
1990,6,30,15,NA,NA,NA,NA,NA
1990,6,30,18,NA,NA,NA,NA,NA
1990,6,30,21,NA,NA,NA,NA,NA
1990,7,1,0,NA,NA,NA,NA,NA
1990,7,1,3,NA,NA,NA,NA,NA
1990,7,1,6,NA,NA,NA,NA,NA
1990,7,1,9,NA,NA,NA,NA,NA
1990,7,1,12,NA,NA,NA,NA,NA
1990,7,1,15,NA,NA,NA,NA,NA
1990,7,1,18,NA,NA,NA,NA,NA
1990,7,1,21,NA,NA,NA,NA,NA
1990,7,2,0,NA,NA,NA,NA,NA
1990,7,2,3,NA,NA,NA,NA,NA
1990,7,2,6,NA,NA,NA,NA,NA
1990,7,2,9,NA,NA,NA,NA,NA
1990,7,2,12,NA,NA,NA,NA,NA
1990,7,2,15,NA,NA,NA,NA,NA
1990,7,2,18,NA,NA,NA,NA,NA
1990,7,2,21,NA,NA,NA,NA,NA
1990,7,3,0,NA,NA,NA,NA,NA
1990,7,3,3,NA,NA,NA,NA,NA
1990,7,3,6,NA,NA,NA,NA,NA
1990,7,3,9,NA,NA,NA,NA,NA
1990,7,3,12,NA,NA,NA,NA,NA
1990,7,3,15,NA,NA,NA,NA,NA
1990,7,3,18,NA,NA,NA,NA,NA
1990,7,3,21,NA,NA,NA,NA,NA
1990,7,4,0,NA,NA,NA,NA,NA
1990,7,4,3,NA,NA,NA,NA,NA
1990,7,4,6,NA,NA,NA,NA,NA
1990,7,4,9,NA,NA,NA,NA,NA
1990,7,4,12,NA,NA,NA,NA,NA
1990,7,4,15,NA,NA,NA,NA,NA
1990,7,4,18,NA,NA,NA,NA,NA
1990,7,4,21,NA,NA,NA,NA,NA
1990,7,5,0,NA,NA,NA,NA,NA
1990,7,5,3,NA,NA,NA,NA,NA
1990,7,5,6,NA,NA,NA,NA,NA
1990,7,5,9,NA,NA,NA,NA,NA
1990,7,5,12,NA,NA,NA,NA,NA
1990,7,5,15,NA,NA,NA,NA,NA
1990,7,5,18,NA,NA,NA,NA,NA
1990,7,5,21,NA,NA,NA,NA,NA
1990,7,6,0,NA,NA,NA,NA,NA
1990,7,6,3,NA,NA,NA,NA,NA
1990,7,6,6,NA,NA,NA,NA,NA
1990,7,6,9,NA,NA,NA,NA,NA
1990,7,6,12,NA,NA,NA,NA,NA
1990,7,6,15,NA,NA,NA,NA,NA
1990,7,6,18,NA,NA,NA,NA,NA
1990,7,6,21,NA,NA,NA,NA,NA
1990,7,7,0,NA,NA,NA,NA,NA
1990,7,7,3,NA,NA,NA,NA,NA
1990,7,7,6,NA,NA,NA,NA,NA
1990,7,7,9,NA,NA,NA,NA,NA
1990,7,7,12,NA,NA,NA,NA,NA
1990,7,7,15,NA,NA,NA,NA,NA
1990,7,7,18,NA,NA,NA,NA,NA
1990,7,7,21,NA,NA,NA,NA,NA
1990,7,8,0,NA,NA,NA,NA,NA
1990,7,8,3,NA,NA,NA,NA,NA
1990,7,8,6,NA,NA,NA,NA,NA
1990,7,8,9,NA,NA,NA,NA,NA
1990,7,8,12,NA,NA,NA,NA,NA
1990,7,8,15,NA,NA,NA,NA,NA
1990,7,8,18,NA,NA,NA,NA,NA
1990,7,8,21,NA,NA,NA,NA,NA
1990,7,9,0,NA,NA,NA,NA,NA
1990,7,9,3,NA,NA,NA,NA,NA
1990,7,9,6,NA,NA,NA,NA,NA
1990,7,9,9,NA,NA,NA,NA,NA
1990,7,9,12,NA,NA,NA,NA,NA
1990,7,9,15,NA,NA,NA,NA,NA
1990,7,9,18,NA,NA,NA,NA,NA
1990,7,9,21,NA,NA,NA,NA,NA
1990,7,10,0,NA,NA,NA,NA,NA
1990,7,10,3,NA,NA,NA,NA,NA
1990,7,10,6,NA,NA,NA,NA,NA
1990,7,10,9,NA,NA,NA,NA,NA
1990,7,10,12,NA,NA,NA,NA,NA
1990,7,10,15,NA,NA,NA,NA,NA
1990,7,10,18,NA,NA,NA,NA,NA
1990,7,10,21,NA,NA,NA,NA,NA
1990,7,11,0,NA,NA,NA,NA,NA
1990,7,11,3,NA,NA,NA,NA,NA
1990,7,11,6,NA,NA,NA,NA,NA
1990,7,11,9,NA,NA,NA,NA,NA
1990,7,11,12,NA,NA,NA,NA,NA
1990,7,11,15,NA,NA,NA,NA,NA
1990,7,11,18,NA,NA,NA,NA,NA
1990,7,11,21,NA,NA,NA,NA,NA
1990,7,12,0,NA,NA,NA,NA,NA
1990,7,12,3,NA,NA,NA,NA,NA
1990,7,12,6,NA,NA,NA,NA,NA
1990,7,12,9,NA,NA,NA,NA,NA
1990,7,12,12,NA,NA,NA,NA,NA
1990,7,12,15,NA,NA,NA,NA,NA
1990,7,12,18,NA,NA,NA,NA,NA
1990,7,12,21,NA,NA,NA,NA,NA
1990,7,13,0,NA,NA,NA,NA,NA
1990,7,13,3,NA,NA,NA,NA,NA
1990,7,13,6,NA,NA,NA,NA,NA
1990,7,13,9,NA,NA,NA,NA,NA
1990,7,13,12,NA,NA,NA,NA,NA
1990,7,13,15,NA,NA,NA,NA,NA
1990,7,13,18,NA,NA,NA,NA,NA
1990,7,13,21,NA,NA,NA,NA,NA
1990,7,14,0,NA,NA,NA,NA,NA
1990,7,14,3,NA,NA,NA,NA,NA
1990,7,14,6,NA,NA,NA,NA,NA
1990,7,14,9,NA,NA,NA,NA,NA
1990,7,14,12,NA,NA,NA,NA,NA
1990,7,14,15,NA,NA,NA,NA,NA
1990,7,14,18,NA,NA,NA,NA,NA
1990,7,14,21,NA,NA,NA,NA,NA
1990,7,15,0,NA,NA,NA,NA,NA
1990,7,15,3,NA,NA,NA,NA,NA
1990,7,15,6,NA,NA,NA,NA,NA
1990,7,15,9,NA,NA,NA,NA,NA
1990,7,15,12,NA,NA,NA,NA,NA
1990,7,15,15,NA,NA,NA,NA,NA
1990,7,15,18,NA,NA,NA,NA,NA
1990,7,15,21,NA,NA,NA,NA,NA
1990,7,16,0,NA,NA,NA,NA,NA
1990,7,16,3,NA,NA,NA,NA,NA
1990,7,16,6,NA,NA,NA,NA,NA
1990,7,16,9,NA,NA,NA,NA,NA
1990,7,16,12,NA,NA,NA,NA,NA
1990,7,16,15,NA,NA,NA,NA,NA
1990,7,16,18,NA,NA,NA,NA,NA
1990,7,16,21,NA,NA,NA,NA,NA
1990,7,17,0,NA,NA,NA,NA,NA
1990,7,17,3,NA,NA,NA,NA,NA
1990,7,17,6,NA,NA,NA,NA,NA
1990,7,17,9,NA,NA,NA,NA,NA
1990,7,17,12,NA,NA,NA,NA,NA
1990,7,17,15,NA,NA,NA,NA,NA
1990,7,17,18,NA,NA,NA,NA,NA
1990,7,17,21,NA,NA,NA,NA,NA
1990,7,18,0,NA,NA,NA,NA,NA
1990,7,18,3,NA,NA,NA,NA,NA
1990,7,18,6,NA,NA,NA,NA,NA
1990,7,18,9,NA,NA,NA,NA,NA
1990,7,18,12,NA,NA,NA,NA,NA
1990,7,18,15,NA,NA,NA,NA,NA
1990,7,18,18,NA,NA,NA,NA,NA
1990,7,18,21,NA,NA,NA,NA,NA
1990,7,19,0,NA,NA,NA,NA,NA
1990,7,19,3,NA,NA,NA,NA,NA
1990,7,19,6,NA,NA,NA,NA,NA
1990,7,19,9,NA,NA,NA,NA,NA
1990,7,19,12,NA,NA,NA,NA,NA
1990,7,19,15,NA,NA,NA,NA,NA
1990,7,19,18,NA,NA,NA,NA,NA
1990,7,19,21,NA,NA,NA,NA,NA
1990,7,20,0,NA,NA,NA,NA,NA
1990,7,20,3,NA,NA,NA,NA,NA
1990,7,20,6,NA,NA,NA,NA,NA
1990,7,20,9,NA,NA,NA,NA,NA
1990,7,20,12,NA,NA,NA,NA,NA
1990,7,20,15,NA,NA,NA,NA,NA
1990,7,20,18,NA,NA,NA,NA,NA
1990,7,20,21,NA,NA,NA,NA,NA
1990,7,21,0,NA,NA,NA,NA,NA
1990,7,21,3,NA,NA,NA,NA,NA
1990,7,21,6,NA,NA,NA,NA,NA
1990,7,21,9,NA,NA,NA,NA,NA
1990,7,21,12,NA,NA,NA,NA,NA
1990,7,21,15,NA,NA,NA,NA,NA
1990,7,21,18,NA,NA,NA,NA,NA
1990,7,21,21,NA,NA,NA,NA,NA
1990,7,22,0,NA,NA,NA,NA,NA
1990,7,22,3,NA,NA,NA,NA,NA
1990,7,22,6,NA,NA,NA,NA,NA
1990,7,22,9,NA,NA,NA,NA,NA
1990,7,22,12,NA,NA,NA,NA,NA
1990,7,22,15,NA,NA,NA,NA,NA
1990,7,22,18,NA,NA,NA,NA,NA
1990,7,22,21,NA,NA,NA,NA,NA
1990,7,23,0,NA,NA,NA,NA,NA
1990,7,23,3,NA,NA,NA,NA,NA
1990,7,23,6,NA,NA,NA,NA,NA
1990,7,23,9,NA,NA,NA,NA,NA
1990,7,23,12,NA,NA,NA,NA,NA
1990,7,23,15,NA,NA,NA,NA,NA
1990,7,23,18,NA,NA,NA,NA,NA
1990,7,23,21,NA,NA,NA,NA,NA
1990,7,24,0,NA,NA,NA,NA,NA
1990,7,24,3,NA,NA,NA,NA,NA
1990,7,24,6,NA,NA,NA,NA,NA
1990,7,24,9,NA,NA,NA,NA,NA
1990,7,24,12,NA,NA,NA,NA,NA
1990,7,24,15,NA,NA,NA,NA,NA
1990,7,24,18,NA,NA,NA,NA,NA
1990,7,24,21,NA,NA,NA,NA,NA
1990,7,25,0,NA,NA,NA,NA,NA
1990,7,25,3,NA,NA,NA,NA,NA
1990,7,25,6,NA,NA,NA,NA,NA
1990,7,25,9,NA,NA,NA,NA,NA
1990,7,25,12,NA,NA,NA,NA,NA
1990,7,25,15,NA,NA,NA,NA,NA
1990,7,25,18,NA,NA,NA,NA,NA
1990,7,25,21,NA,NA,NA,NA,NA
1990,7,26,0,NA,NA,NA,NA,NA
1990,7,26,3,NA,NA,NA,NA,NA
1990,7,26,6,NA,NA,NA,NA,NA
1990,7,26,9,NA,NA,NA,NA,NA
1990,7,26,12,NA,NA,NA,NA,NA
1990,7,26,15,NA,NA,NA,NA,NA
1990,7,26,18,NA,NA,NA,NA,NA
1990,7,26,21,NA,NA,NA,NA,NA
1990,7,27,0,NA,NA,NA,NA,NA
1990,7,27,3,NA,NA,NA,NA,NA
1990,7,27,6,NA,NA,NA,NA,NA
1990,7,27,9,NA,NA,NA,NA,NA
1990,7,27,12,NA,NA,NA,NA,NA
1990,7,27,15,NA,NA,NA,NA,NA
1990,7,27,18,NA,NA,NA,NA,NA
1990,7,27,21,NA,NA,NA,NA,NA
1990,7,28,0,NA,NA,NA,NA,NA
1990,7,28,3,NA,NA,NA,NA,NA
1990,7,28,6,NA,NA,NA,NA,NA
1990,7,28,9,NA,NA,NA,NA,NA
1990,7,28,12,NA,NA,NA,NA,NA
1990,7,28,15,NA,NA,NA,NA,NA
1990,7,28,18,NA,NA,NA,NA,NA
1990,7,28,21,NA,NA,NA,NA,NA
1990,7,29,0,NA,NA,NA,NA,NA
1990,7,29,3,NA,NA,NA,NA,NA
1990,7,29,6,NA,NA,NA,NA,NA
1990,7,29,9,NA,NA,NA,NA,NA
1990,7,29,12,NA,NA,NA,NA,NA
1990,7,29,15,NA,NA,NA,NA,NA
1990,7,29,18,NA,NA,NA,NA,NA
1990,7,29,21,NA,NA,NA,NA,NA
1990,7,30,0,NA,NA,NA,NA,NA
1990,7,30,3,NA,NA,NA,NA,NA
1990,7,30,6,NA,NA,NA,NA,NA
1990,7,30,9,NA,NA,NA,NA,NA
1990,7,30,12,NA,NA,NA,NA,NA
1990,7,30,15,NA,NA,NA,NA,NA
1990,7,30,18,NA,NA,NA,NA,NA
1990,7,30,21,NA,NA,NA,NA,NA
1990,7,31,0,NA,NA,NA,NA,NA
1990,7,31,3,NA,NA,NA,NA,NA
1990,7,31,6,NA,NA,NA,NA,NA
1990,7,31,9,NA,NA,NA,NA,NA
1990,7,31,12,NA,NA,NA,NA,NA
1990,7,31,15,NA,NA,NA,NA,NA
1990,7,31,18,NA,NA,NA,NA,NA
1990,7,31,21,NA,NA,NA,NA,NA
1990,8,1,0,NA,NA,NA,NA,NA
1990,8,1,3,NA,NA,NA,NA,NA
1990,8,1,6,NA,NA,NA,NA,NA
1990,8,1,9,NA,NA,NA,NA,NA
1990,8,1,12,NA,NA,NA,NA,NA
1990,8,1,15,NA,NA,NA,NA,NA
1990,8,1,18,NA,NA,NA,NA,NA
1990,8,1,21,NA,NA,NA,NA,NA
1990,8,2,0,NA,NA,NA,NA,NA
1990,8,2,3,NA,NA,NA,NA,NA
1990,8,2,6,NA,NA,NA,NA,NA
1990,8,2,9,NA,NA,NA,NA,NA
1990,8,2,12,NA,NA,NA,NA,NA
1990,8,2,15,NA,NA,NA,NA,NA
1990,8,2,18,NA,NA,NA,NA,NA
1990,8,2,21,NA,NA,NA,NA,NA
1990,8,3,0,NA,NA,NA,NA,NA
1990,8,3,3,NA,NA,NA,NA,NA
1990,8,3,6,NA,NA,NA,NA,NA
1990,8,3,9,NA,NA,NA,NA,NA
1990,8,3,12,NA,NA,NA,NA,NA
1990,8,3,15,NA,NA,NA,NA,NA
1990,8,3,18,NA,NA,NA,NA,NA
1990,8,3,21,NA,NA,NA,NA,NA
1990,8,4,0,NA,NA,NA,NA,NA
1990,8,4,3,NA,NA,NA,NA,NA
1990,8,4,6,NA,NA,NA,NA,NA
1990,8,4,9,NA,NA,NA,NA,NA
1990,8,4,12,NA,NA,NA,NA,NA
1990,8,4,15,NA,NA,NA,NA,NA
1990,8,4,18,NA,NA,NA,NA,NA
1990,8,4,21,NA,NA,NA,NA,NA
1990,8,5,0,NA,NA,NA,NA,NA
1990,8,5,3,NA,NA,NA,NA,NA
1990,8,5,6,NA,NA,NA,NA,NA
1990,8,5,9,NA,NA,NA,NA,NA
1990,8,5,12,NA,NA,NA,NA,NA
1990,8,5,15,NA,NA,NA,NA,NA
1990,8,5,18,NA,NA,NA,NA,NA
1990,8,5,21,NA,NA,NA,NA,NA
1990,8,6,0,NA,NA,NA,NA,NA
1990,8,6,3,NA,NA,NA,NA,NA
1990,8,6,6,NA,NA,NA,NA,NA
1990,8,6,9,NA,NA,NA,NA,NA
1990,8,6,12,NA,NA,NA,NA,NA
1990,8,6,15,NA,NA,NA,NA,NA
1990,8,6,18,NA,NA,NA,NA,NA
1990,8,6,21,NA,NA,NA,NA,NA
1990,8,7,0,NA,NA,NA,NA,NA
1990,8,7,3,NA,NA,NA,NA,NA
1990,8,7,6,NA,NA,NA,NA,NA
1990,8,7,9,NA,NA,NA,NA,NA
1990,8,7,12,NA,NA,NA,NA,NA
1990,8,7,15,NA,NA,NA,NA,NA
1990,8,7,18,NA,NA,NA,NA,NA
1990,8,7,21,NA,NA,NA,NA,NA
1990,8,8,0,NA,NA,NA,NA,NA
1990,8,8,3,NA,NA,NA,NA,NA
1990,8,8,6,NA,NA,NA,NA,NA
1990,8,8,9,NA,NA,NA,NA,NA
1990,8,8,12,NA,NA,NA,NA,NA
1990,8,8,15,NA,NA,NA,NA,NA
1990,8,8,18,NA,NA,NA,NA,NA
1990,8,8,21,NA,NA,NA,NA,NA
1990,8,9,0,NA,NA,NA,NA,NA
1990,8,9,3,NA,NA,NA,NA,NA
1990,8,9,6,NA,NA,NA,NA,NA
1990,8,9,9,NA,NA,NA,NA,NA
1990,8,9,12,NA,NA,NA,NA,NA
1990,8,9,15,NA,NA,NA,NA,NA
1990,8,9,18,NA,NA,NA,NA,NA
1990,8,9,21,NA,NA,NA,NA,NA
1990,8,10,0,NA,NA,NA,NA,NA
1990,8,10,3,NA,NA,NA,NA,NA
1990,8,10,6,NA,NA,NA,NA,NA
1990,8,10,9,NA,NA,NA,NA,NA
1990,8,10,12,NA,NA,NA,NA,NA
1990,8,10,15,NA,NA,NA,NA,NA
1990,8,10,18,NA,NA,NA,NA,NA
1990,8,10,21,NA,NA,NA,NA,NA
1990,8,11,0,NA,NA,NA,NA,NA
1990,8,11,3,NA,NA,NA,NA,NA
1990,8,11,6,NA,NA,NA,NA,NA
1990,8,11,9,NA,NA,NA,NA,NA
1990,8,11,12,NA,NA,NA,NA,NA
1990,8,11,15,NA,NA,NA,NA,NA
1990,8,11,18,NA,NA,NA,NA,NA
1990,8,11,21,NA,NA,NA,NA,NA
1990,8,12,0,NA,NA,NA,NA,NA
1990,8,12,3,NA,NA,NA,NA,NA
1990,8,12,6,NA,NA,NA,NA,NA
1990,8,12,9,NA,NA,NA,NA,NA
1990,8,12,12,NA,NA,NA,NA,NA
1990,8,12,15,NA,NA,NA,NA,NA
1990,8,12,18,NA,NA,NA,NA,NA
1990,8,12,21,NA,NA,NA,NA,NA
1990,8,13,0,NA,NA,NA,NA,NA
1990,8,13,3,NA,NA,NA,NA,NA
1990,8,13,6,NA,NA,NA,NA,NA
1990,8,13,9,NA,NA,NA,NA,NA
1990,8,13,12,NA,NA,NA,NA,NA
1990,8,13,15,NA,NA,NA,NA,NA
1990,8,13,18,NA,NA,NA,NA,NA
1990,8,13,21,NA,NA,NA,NA,NA
1990,8,14,0,NA,NA,NA,NA,NA
1990,8,14,3,NA,NA,NA,NA,NA
1990,8,14,6,NA,NA,NA,NA,NA
1990,8,14,9,NA,NA,NA,NA,NA
1990,8,14,12,NA,NA,NA,NA,NA
1990,8,14,15,NA,NA,NA,NA,NA
1990,8,14,18,NA,NA,NA,NA,NA
1990,8,14,21,NA,NA,NA,NA,NA
1990,8,15,0,NA,NA,NA,NA,NA
1990,8,15,3,NA,NA,NA,NA,NA
1990,8,15,6,NA,NA,NA,NA,NA
1990,8,15,9,NA,NA,NA,NA,NA
1990,8,15,12,NA,NA,NA,NA,NA
1990,8,15,15,NA,NA,NA,NA,NA
1990,8,15,18,NA,NA,NA,NA,NA
1990,8,15,21,NA,NA,NA,NA,NA
1990,8,16,0,NA,NA,NA,NA,NA
1990,8,16,3,NA,NA,NA,NA,NA
1990,8,16,6,NA,NA,NA,NA,NA
1990,8,16,9,NA,NA,NA,NA,NA
1990,8,16,12,NA,NA,NA,NA,NA
1990,8,16,15,NA,NA,NA,NA,NA
1990,8,16,18,NA,NA,NA,NA,NA
1990,8,16,21,NA,NA,NA,NA,NA
1990,8,17,0,NA,NA,NA,NA,NA
1990,8,17,3,NA,NA,NA,NA,NA
1990,8,17,6,NA,NA,NA,NA,NA
1990,8,17,9,NA,NA,NA,NA,NA
1990,8,17,12,NA,NA,NA,NA,NA
1990,8,17,15,NA,NA,NA,NA,NA
1990,8,17,18,NA,NA,NA,NA,NA
1990,8,17,21,NA,NA,NA,NA,NA
1990,8,18,0,NA,NA,NA,NA,NA
1990,8,18,3,NA,NA,NA,NA,NA
1990,8,18,6,NA,NA,NA,NA,NA
1990,8,18,9,NA,NA,NA,NA,NA
1990,8,18,12,NA,NA,NA,NA,NA
1990,8,18,15,NA,NA,NA,NA,NA
1990,8,18,18,NA,NA,NA,NA,NA
1990,8,18,21,NA,NA,NA,NA,NA
1990,8,19,0,NA,NA,NA,NA,NA
1990,8,19,3,NA,NA,NA,NA,NA
1990,8,19,6,NA,NA,NA,NA,NA
1990,8,19,9,NA,NA,NA,NA,NA
1990,8,19,12,NA,NA,NA,NA,NA
1990,8,19,15,NA,NA,NA,NA,NA
1990,8,19,18,NA,NA,NA,NA,NA
1990,8,19,21,NA,NA,NA,NA,NA
1990,8,20,0,NA,NA,NA,NA,NA
1990,8,20,3,NA,NA,NA,NA,NA
1990,8,20,6,NA,NA,NA,NA,NA
1990,8,20,9,NA,NA,NA,NA,NA
1990,8,20,12,NA,NA,NA,NA,NA
1990,8,20,15,NA,NA,NA,NA,NA
1990,8,20,18,NA,NA,NA,NA,NA
1990,8,20,21,NA,NA,NA,NA,NA
1990,8,21,0,NA,NA,NA,NA,NA
1990,8,21,3,NA,NA,NA,NA,NA
1990,8,21,6,NA,NA,NA,NA,NA
1990,8,21,9,NA,NA,NA,NA,NA
1990,8,21,12,NA,NA,NA,NA,NA
1990,8,21,15,NA,NA,NA,NA,NA
1990,8,21,18,NA,NA,NA,NA,NA
1990,8,21,21,NA,NA,NA,NA,NA
1990,8,22,0,NA,NA,NA,NA,NA
1990,8,22,3,NA,NA,NA,NA,NA
1990,8,22,6,NA,NA,NA,NA,NA
1990,8,22,9,NA,NA,NA,NA,NA
1990,8,22,12,NA,NA,NA,NA,NA
1990,8,22,15,NA,NA,NA,NA,NA
1990,8,22,18,NA,NA,NA,NA,NA
1990,8,22,21,NA,NA,NA,NA,NA
1990,8,23,0,NA,NA,NA,NA,NA
1990,8,23,3,NA,NA,NA,NA,NA
1990,8,23,6,NA,NA,NA,NA,NA
1990,8,23,9,NA,NA,NA,NA,NA
1990,8,23,12,NA,NA,NA,NA,NA
1990,8,23,15,NA,NA,NA,NA,NA
1990,8,23,18,NA,NA,NA,NA,NA
1990,8,23,21,NA,NA,NA,NA,NA
1990,8,24,0,NA,NA,NA,NA,NA
1990,8,24,3,NA,NA,NA,NA,NA
1990,8,24,6,NA,NA,NA,NA,NA
1990,8,24,9,NA,NA,NA,NA,NA
1990,8,24,12,NA,NA,NA,NA,NA
1990,8,24,15,NA,NA,NA,NA,NA
1990,8,24,18,NA,NA,NA,NA,NA
1990,8,24,21,NA,NA,NA,NA,NA
1990,8,25,0,NA,NA,NA,NA,NA
1990,8,25,3,NA,NA,NA,NA,NA
1990,8,25,6,NA,NA,NA,NA,NA
1990,8,25,9,NA,NA,NA,NA,NA
1990,8,25,12,NA,NA,NA,NA,NA
1990,8,25,15,NA,NA,NA,NA,NA
1990,8,25,18,NA,NA,NA,NA,NA
1990,8,25,21,NA,NA,NA,NA,NA
1990,8,26,0,NA,NA,NA,NA,NA
1990,8,26,3,NA,NA,NA,NA,NA
1990,8,26,6,NA,NA,NA,NA,NA
1990,8,26,9,NA,NA,NA,NA,NA
1990,8,26,12,NA,NA,NA,NA,NA
1990,8,26,15,NA,NA,NA,NA,NA
1990,8,26,18,NA,NA,NA,NA,NA
1990,8,26,21,NA,NA,NA,NA,NA
1990,8,27,0,NA,NA,NA,NA,NA
1990,8,27,3,NA,NA,NA,NA,NA
1990,8,27,6,NA,NA,NA,NA,NA
1990,8,27,9,NA,NA,NA,NA,NA
1990,8,27,12,NA,NA,NA,NA,NA
1990,8,27,15,NA,NA,NA,NA,NA
1990,8,27,18,NA,NA,NA,NA,NA
1990,8,27,21,NA,NA,NA,NA,NA
1990,8,28,0,NA,NA,NA,NA,NA
1990,8,28,3,NA,NA,NA,NA,NA
1990,8,28,6,NA,NA,NA,NA,NA
1990,8,28,9,NA,NA,NA,NA,NA
1990,8,28,12,NA,NA,NA,NA,NA
1990,8,28,15,NA,NA,NA,NA,NA
1990,8,28,18,NA,NA,NA,NA,NA
1990,8,28,21,NA,NA,NA,NA,NA
1990,8,29,0,NA,NA,NA,NA,NA
1990,8,29,3,NA,NA,NA,NA,NA
1990,8,29,6,NA,NA,NA,NA,NA
1990,8,29,9,NA,NA,NA,NA,NA
1990,8,29,12,NA,NA,NA,NA,NA
1990,8,29,15,NA,NA,NA,NA,NA
1990,8,29,18,NA,NA,NA,NA,NA
1990,8,29,21,NA,NA,NA,NA,NA
1990,8,30,0,NA,NA,NA,NA,NA
1990,8,30,3,NA,NA,NA,NA,NA
1990,8,30,6,NA,NA,NA,NA,NA
1990,8,30,9,NA,NA,NA,NA,NA
1990,8,30,12,NA,NA,NA,NA,NA
1990,8,30,15,NA,NA,NA,NA,NA
1990,8,30,18,NA,NA,NA,NA,NA
1990,8,30,21,NA,NA,NA,NA,NA
1990,8,31,0,NA,NA,NA,NA,NA
1990,8,31,3,NA,NA,NA,NA,NA
1990,8,31,6,NA,NA,NA,NA,NA
1990,8,31,9,NA,NA,NA,NA,NA
1990,8,31,12,NA,NA,NA,NA,NA
1990,8,31,15,NA,NA,NA,NA,NA
1990,8,31,18,NA,NA,NA,NA,NA
1990,8,31,21,NA,NA,NA,NA,NA
1990,9,1,0,NA,NA,NA,NA,NA
1990,9,1,3,NA,NA,NA,NA,NA
1990,9,1,6,NA,NA,NA,NA,NA
1990,9,1,9,NA,NA,NA,NA,NA
1990,9,1,12,NA,NA,NA,NA,NA
1990,9,1,15,NA,NA,NA,NA,NA
1990,9,1,18,NA,NA,NA,NA,NA
1990,9,1,21,NA,NA,NA,NA,NA
1990,9,2,0,NA,NA,NA,NA,NA
1990,9,2,3,NA,NA,NA,NA,NA
1990,9,2,6,NA,NA,NA,NA,NA
1990,9,2,9,NA,NA,NA,NA,NA
1990,9,2,12,NA,NA,NA,NA,NA
1990,9,2,15,NA,NA,NA,NA,NA
1990,9,2,18,NA,NA,NA,NA,NA
1990,9,2,21,NA,NA,NA,NA,NA
1990,9,3,0,NA,NA,NA,NA,NA
1990,9,3,3,NA,NA,NA,NA,NA
1990,9,3,6,NA,NA,NA,NA,NA
1990,9,3,9,NA,NA,NA,NA,NA
1990,9,3,12,NA,NA,NA,NA,NA
1990,9,3,15,NA,NA,NA,NA,NA
1990,9,3,18,NA,NA,NA,NA,NA
1990,9,3,21,NA,NA,NA,NA,NA
1990,9,4,0,NA,NA,NA,NA,NA
1990,9,4,3,NA,NA,NA,NA,NA
1990,9,4,6,NA,NA,NA,NA,NA
1990,9,4,9,NA,NA,NA,NA,NA
1990,9,4,12,NA,NA,NA,NA,NA
1990,9,4,15,NA,NA,NA,NA,NA
1990,9,4,18,NA,NA,NA,NA,NA
1990,9,4,21,NA,NA,NA,NA,NA
1990,9,5,0,NA,NA,NA,NA,NA
1990,9,5,3,NA,NA,NA,NA,NA
1990,9,5,6,NA,NA,NA,NA,NA
1990,9,5,9,NA,NA,NA,NA,NA
1990,9,5,12,NA,NA,NA,NA,NA
1990,9,5,15,NA,NA,NA,NA,NA
1990,9,5,18,NA,NA,NA,NA,NA
1990,9,5,21,NA,NA,NA,NA,NA
1990,9,6,0,NA,NA,NA,NA,NA
1990,9,6,3,NA,NA,NA,NA,NA
1990,9,6,6,NA,NA,NA,NA,NA
1990,9,6,9,NA,NA,NA,NA,NA
1990,9,6,12,NA,NA,NA,NA,NA
1990,9,6,15,NA,NA,NA,NA,NA
1990,9,6,18,NA,NA,NA,NA,NA
1990,9,6,21,NA,NA,NA,NA,NA
1990,9,7,0,NA,NA,NA,NA,NA
1990,9,7,3,NA,NA,NA,NA,NA
1990,9,7,6,NA,NA,NA,NA,NA
1990,9,7,9,NA,NA,NA,NA,NA
1990,9,7,12,NA,NA,NA,NA,NA
1990,9,7,15,NA,NA,NA,NA,NA
1990,9,7,18,NA,NA,NA,NA,NA
1990,9,7,21,NA,NA,NA,NA,NA
1990,9,8,0,NA,NA,NA,NA,NA
1990,9,8,3,NA,NA,NA,NA,NA
1990,9,8,6,NA,NA,NA,NA,NA
1990,9,8,9,NA,NA,NA,NA,NA
1990,9,8,12,NA,NA,NA,NA,NA
1990,9,8,15,NA,NA,NA,NA,NA
1990,9,8,18,NA,NA,NA,NA,NA
1990,9,8,21,NA,NA,NA,NA,NA
1990,9,9,0,NA,NA,NA,NA,NA
1990,9,9,3,NA,NA,NA,NA,NA
1990,9,9,6,NA,NA,NA,NA,NA
1990,9,9,9,NA,NA,NA,NA,NA
1990,9,9,12,NA,NA,NA,NA,NA
1990,9,9,15,NA,NA,NA,NA,NA
1990,9,9,18,NA,NA,NA,NA,NA
1990,9,9,21,NA,NA,NA,NA,NA
1990,9,10,0,NA,NA,NA,NA,NA
1990,9,10,3,NA,NA,NA,NA,NA
1990,9,10,6,NA,NA,NA,NA,NA
1990,9,10,9,NA,NA,NA,NA,NA
1990,9,10,12,NA,NA,NA,NA,NA
1990,9,10,15,NA,NA,NA,NA,NA
1990,9,10,18,NA,NA,NA,NA,NA
1990,9,10,21,NA,NA,NA,NA,NA
1990,9,11,0,NA,NA,NA,NA,NA
1990,9,11,3,NA,NA,NA,NA,NA
1990,9,11,6,NA,NA,NA,NA,NA
1990,9,11,9,NA,NA,NA,NA,NA
1990,9,11,12,NA,NA,NA,NA,NA
1990,9,11,15,NA,NA,NA,NA,NA
1990,9,11,18,NA,NA,NA,NA,NA
1990,9,11,21,NA,NA,NA,NA,NA
1990,9,12,0,NA,NA,NA,NA,NA
1990,9,12,3,NA,NA,NA,NA,NA
1990,9,12,6,NA,NA,NA,NA,NA
1990,9,12,9,NA,NA,NA,NA,NA
1990,9,12,12,NA,NA,NA,NA,NA
1990,9,12,15,NA,NA,NA,NA,NA
1990,9,12,18,NA,NA,NA,NA,NA
1990,9,12,21,NA,NA,NA,NA,NA
1990,9,13,0,NA,NA,NA,NA,NA
1990,9,13,3,NA,NA,NA,NA,NA
1990,9,13,6,NA,NA,NA,NA,NA
1990,9,13,9,NA,NA,NA,NA,NA
1990,9,13,12,NA,NA,NA,NA,NA
1990,9,13,15,NA,NA,NA,NA,NA
1990,9,13,18,NA,NA,NA,NA,NA
1990,9,13,21,NA,NA,NA,NA,NA
1990,9,14,0,NA,NA,NA,NA,NA
1990,9,14,3,NA,NA,NA,NA,NA
1990,9,14,6,NA,NA,NA,NA,NA
1990,9,14,9,NA,NA,NA,NA,NA
1990,9,14,12,NA,NA,NA,NA,NA
1990,9,14,15,NA,NA,NA,NA,NA
1990,9,14,18,NA,NA,NA,NA,NA
1990,9,14,21,NA,NA,NA,NA,NA
1990,9,15,0,NA,NA,NA,NA,NA
1990,9,15,3,NA,NA,NA,NA,NA
1990,9,15,6,NA,NA,NA,NA,NA
1990,9,15,9,NA,NA,NA,NA,NA
1990,9,15,12,NA,NA,NA,NA,NA
1990,9,15,15,NA,NA,NA,NA,NA
1990,9,15,18,NA,NA,NA,NA,NA
1990,9,15,21,NA,NA,NA,NA,NA
1990,9,16,0,NA,NA,NA,NA,NA
1990,9,16,3,NA,NA,NA,NA,NA
1990,9,16,6,NA,NA,NA,NA,NA
1990,9,16,9,NA,NA,NA,NA,NA
1990,9,16,12,NA,NA,NA,NA,NA
1990,9,16,15,NA,NA,NA,NA,NA
1990,9,16,18,NA,NA,NA,NA,NA
1990,9,16,21,NA,NA,NA,NA,NA
1990,9,17,0,NA,NA,NA,NA,NA
1990,9,17,3,NA,NA,NA,NA,NA
1990,9,17,6,NA,NA,NA,NA,NA
1990,9,17,9,NA,NA,NA,NA,NA
1990,9,17,12,NA,NA,NA,NA,NA
1990,9,17,15,NA,NA,NA,NA,NA
1990,9,17,18,NA,NA,NA,NA,NA
1990,9,17,21,NA,NA,NA,NA,NA
1990,9,18,0,NA,NA,NA,NA,NA
1990,9,18,3,NA,NA,NA,NA,NA
1990,9,18,6,NA,NA,NA,NA,NA
1990,9,18,9,NA,NA,NA,NA,NA
1990,9,18,12,NA,NA,NA,NA,NA
1990,9,18,15,NA,NA,NA,NA,NA
1990,9,18,18,NA,NA,NA,NA,NA
1990,9,18,21,NA,NA,NA,NA,NA
1990,9,19,0,NA,NA,NA,NA,NA
1990,9,19,3,NA,NA,NA,NA,NA
1990,9,19,6,NA,NA,NA,NA,NA
1990,9,19,9,NA,NA,NA,NA,NA
1990,9,19,12,NA,NA,NA,NA,NA
1990,9,19,15,NA,NA,NA,NA,NA
1990,9,19,18,NA,NA,NA,NA,NA
1990,9,19,21,NA,NA,NA,NA,NA
1990,9,20,0,NA,NA,NA,NA,NA
1990,9,20,3,NA,NA,NA,NA,NA
1990,9,20,6,NA,NA,NA,NA,NA
1990,9,20,9,NA,NA,NA,NA,NA
1990,9,20,12,NA,NA,NA,NA,NA
1990,9,20,15,NA,NA,NA,NA,NA
1990,9,20,18,NA,NA,NA,NA,NA
1990,9,20,21,NA,NA,NA,NA,NA
1990,9,21,0,NA,NA,NA,NA,NA
1990,9,21,3,NA,NA,NA,NA,NA
1990,9,21,6,NA,NA,NA,NA,NA
1990,9,21,9,NA,NA,NA,NA,NA
1990,9,21,12,NA,NA,NA,NA,NA
1990,9,21,15,NA,NA,NA,NA,NA
1990,9,21,18,NA,NA,NA,NA,NA
1990,9,21,21,NA,NA,NA,NA,NA
1990,9,22,0,NA,NA,NA,NA,NA
1990,9,22,3,NA,NA,NA,NA,NA
1990,9,22,6,NA,NA,NA,NA,NA
1990,9,22,9,NA,NA,NA,NA,NA
1990,9,22,12,NA,NA,NA,NA,NA
1990,9,22,15,NA,NA,NA,NA,NA
1990,9,22,18,NA,NA,NA,NA,NA
1990,9,22,21,NA,NA,NA,NA,NA
1990,9,23,0,NA,NA,NA,NA,NA
1990,9,23,3,NA,NA,NA,NA,NA
1990,9,23,6,NA,NA,NA,NA,NA
1990,9,23,9,NA,NA,NA,NA,NA
1990,9,23,12,NA,NA,NA,NA,NA
1990,9,23,15,NA,NA,NA,NA,NA
1990,9,23,18,NA,NA,NA,NA,NA
1990,9,23,21,NA,NA,NA,NA,NA
1990,9,24,0,NA,NA,NA,NA,NA
1990,9,24,3,NA,NA,NA,NA,NA
1990,9,24,6,NA,NA,NA,NA,NA
1990,9,24,9,NA,NA,NA,NA,NA
1990,9,24,12,NA,NA,NA,NA,NA
1990,9,24,15,NA,NA,NA,NA,NA
1990,9,24,18,NA,NA,NA,NA,NA
1990,9,24,21,NA,NA,NA,NA,NA
1990,9,25,0,NA,NA,NA,NA,NA
1990,9,25,3,NA,NA,NA,NA,NA
1990,9,25,6,NA,NA,NA,NA,NA
1990,9,25,9,NA,NA,NA,NA,NA
1990,9,25,12,NA,NA,NA,NA,NA
1990,9,25,15,NA,NA,NA,NA,NA
1990,9,25,18,NA,NA,NA,NA,NA
1990,9,25,21,NA,NA,NA,NA,NA
1990,9,26,0,NA,NA,NA,NA,NA
1990,9,26,3,NA,NA,NA,NA,NA
1990,9,26,6,NA,NA,NA,NA,NA
1990,9,26,9,NA,NA,NA,NA,NA
1990,9,26,12,NA,NA,NA,NA,NA
1990,9,26,15,NA,NA,NA,NA,NA
1990,9,26,18,NA,NA,NA,NA,NA
1990,9,26,21,NA,NA,NA,NA,NA
1990,9,27,0,NA,NA,NA,NA,NA
1990,9,27,3,NA,NA,NA,NA,NA
1990,9,27,6,NA,NA,NA,NA,NA
1990,9,27,9,NA,NA,NA,NA,NA
1990,9,27,12,NA,NA,NA,NA,NA
1990,9,27,15,NA,NA,NA,NA,NA
1990,9,27,18,NA,NA,NA,NA,NA
1990,9,27,21,NA,NA,NA,NA,NA
1990,9,28,0,NA,NA,NA,NA,NA
1990,9,28,3,NA,NA,NA,NA,NA
1990,9,28,6,NA,NA,NA,NA,NA
1990,9,28,9,NA,NA,NA,NA,NA
1990,9,28,12,NA,NA,NA,NA,NA
1990,9,28,15,NA,NA,NA,NA,NA
1990,9,28,18,NA,NA,NA,NA,NA
1990,9,28,21,NA,NA,NA,NA,NA
1990,9,29,0,NA,NA,NA,NA,NA
1990,9,29,3,NA,NA,NA,NA,NA
1990,9,29,6,NA,NA,NA,NA,NA
1990,9,29,9,NA,NA,NA,NA,NA
1990,9,29,12,NA,NA,NA,NA,NA
1990,9,29,15,NA,NA,NA,NA,NA
1990,9,29,18,NA,NA,NA,NA,NA
1990,9,29,21,NA,NA,NA,NA,NA
1990,9,30,0,NA,NA,NA,NA,NA
1990,9,30,3,NA,NA,NA,NA,NA
1990,9,30,6,NA,NA,NA,NA,NA
1990,9,30,9,NA,NA,NA,NA,NA
1990,9,30,12,NA,NA,NA,NA,NA
1990,9,30,15,NA,NA,NA,NA,NA
1990,9,30,18,NA,NA,NA,NA,NA
1990,9,30,21,NA,NA,NA,NA,NA
1990,10,1,0,NA,NA,NA,NA,NA
1990,10,1,3,NA,NA,NA,NA,NA
1990,10,1,6,NA,NA,NA,NA,NA
1990,10,1,9,NA,NA,NA,NA,NA
1990,10,1,12,NA,NA,NA,NA,NA
1990,10,1,15,NA,NA,NA,NA,NA
1990,10,1,18,NA,NA,NA,NA,NA
1990,10,1,21,NA,NA,NA,NA,NA
1990,10,2,0,NA,NA,NA,NA,NA
1990,10,2,3,NA,NA,NA,NA,NA
1990,10,2,6,NA,NA,NA,NA,NA
1990,10,2,9,NA,NA,NA,NA,NA
1990,10,2,12,NA,NA,NA,NA,NA
1990,10,2,15,NA,NA,NA,NA,NA
1990,10,2,18,NA,NA,NA,NA,NA
1990,10,2,21,NA,NA,NA,NA,NA
1990,10,3,0,NA,NA,NA,NA,NA
1990,10,3,3,NA,NA,NA,NA,NA
1990,10,3,6,NA,NA,NA,NA,NA
1990,10,3,9,NA,NA,NA,NA,NA
1990,10,3,12,NA,NA,NA,NA,NA
1990,10,3,15,NA,NA,NA,NA,NA
1990,10,3,18,NA,NA,NA,NA,NA
1990,10,3,21,NA,NA,NA,NA,NA
1990,10,4,0,NA,NA,NA,NA,NA
1990,10,4,3,NA,NA,NA,NA,NA
1990,10,4,6,NA,NA,NA,NA,NA
1990,10,4,9,NA,NA,NA,NA,NA
1990,10,4,12,NA,NA,NA,NA,NA
1990,10,4,15,NA,NA,NA,NA,NA
1990,10,4,18,NA,NA,NA,NA,NA
1990,10,4,21,NA,NA,NA,NA,NA
1990,10,5,0,NA,NA,NA,NA,NA
1990,10,5,3,NA,NA,NA,NA,NA
1990,10,5,6,NA,NA,NA,NA,NA
1990,10,5,9,NA,NA,NA,NA,NA
1990,10,5,12,NA,NA,NA,NA,NA
1990,10,5,15,NA,NA,NA,NA,NA
1990,10,5,18,NA,NA,NA,NA,NA
1990,10,5,21,NA,NA,NA,NA,NA
1990,10,6,0,NA,NA,NA,NA,NA
1990,10,6,3,NA,NA,NA,NA,NA
1990,10,6,6,NA,NA,NA,NA,NA
1990,10,6,9,NA,NA,NA,NA,NA
1990,10,6,12,NA,NA,NA,NA,NA
1990,10,6,15,NA,NA,NA,NA,NA
1990,10,6,18,NA,NA,NA,NA,NA
1990,10,6,21,NA,NA,NA,NA,NA
1990,10,7,0,NA,NA,NA,NA,NA
1990,10,7,3,NA,NA,NA,NA,NA
1990,10,7,6,NA,NA,NA,NA,NA
1990,10,7,9,NA,NA,NA,NA,NA
1990,10,7,12,NA,NA,NA,NA,NA
1990,10,7,15,NA,NA,NA,NA,NA
1990,10,7,18,NA,NA,NA,NA,NA
1990,10,7,21,NA,NA,NA,NA,NA
1990,10,8,0,NA,NA,NA,NA,NA
1990,10,8,3,NA,NA,NA,NA,NA
1990,10,8,6,NA,NA,NA,NA,NA
1990,10,8,9,NA,NA,NA,NA,NA
1990,10,8,12,NA,NA,NA,NA,NA
1990,10,8,15,NA,NA,NA,NA,NA
1990,10,8,18,NA,NA,NA,NA,NA
1990,10,8,21,NA,NA,NA,NA,NA
1990,10,9,0,NA,NA,NA,NA,NA
1990,10,9,3,NA,NA,NA,NA,NA
1990,10,9,6,NA,NA,NA,NA,NA
1990,10,9,9,NA,NA,NA,NA,NA
1990,10,9,12,NA,NA,NA,NA,NA
1990,10,9,15,NA,NA,NA,NA,NA
1990,10,9,18,NA,NA,NA,NA,NA
1990,10,9,21,NA,NA,NA,NA,NA
1990,10,10,0,NA,NA,NA,NA,NA
1990,10,10,3,NA,NA,NA,NA,NA
1990,10,10,6,NA,NA,NA,NA,NA
1990,10,10,9,NA,NA,NA,NA,NA
1990,10,10,12,NA,NA,NA,NA,NA
1990,10,10,15,NA,NA,NA,NA,NA
1990,10,10,18,NA,NA,NA,NA,NA
1990,10,10,21,NA,NA,NA,NA,NA
1990,10,11,0,NA,NA,NA,NA,NA
1990,10,11,3,NA,NA,NA,NA,NA
1990,10,11,6,NA,NA,NA,NA,NA
1990,10,11,9,NA,NA,NA,NA,NA
1990,10,11,12,NA,NA,NA,NA,NA
1990,10,11,15,NA,NA,NA,NA,NA
1990,10,11,18,NA,NA,NA,NA,NA
1990,10,11,21,NA,NA,NA,NA,NA
1990,10,12,0,NA,NA,NA,NA,NA
1990,10,12,3,NA,NA,NA,NA,NA
1990,10,12,6,NA,NA,NA,NA,NA
1990,10,12,9,NA,NA,NA,NA,NA
1990,10,12,12,NA,NA,NA,NA,NA
1990,10,12,15,NA,NA,NA,NA,NA
1990,10,12,18,NA,NA,NA,NA,NA
1990,10,12,21,NA,NA,NA,NA,NA
1990,10,13,0,NA,NA,NA,NA,NA
1990,10,13,3,NA,NA,NA,NA,NA
1990,10,13,6,NA,NA,NA,NA,NA
1990,10,13,9,NA,NA,NA,NA,NA
1990,10,13,12,NA,NA,NA,NA,NA
1990,10,13,15,NA,NA,NA,NA,NA
1990,10,13,18,NA,NA,NA,NA,NA
1990,10,13,21,NA,NA,NA,NA,NA
1990,10,14,0,NA,NA,NA,NA,NA
1990,10,14,3,NA,NA,NA,NA,NA
1990,10,14,6,NA,NA,NA,NA,NA
1990,10,14,9,NA,NA,NA,NA,NA
1990,10,14,12,NA,NA,NA,NA,NA
1990,10,14,15,NA,NA,NA,NA,NA
1990,10,14,18,NA,NA,NA,NA,NA
1990,10,14,21,NA,NA,NA,NA,NA
1990,10,15,0,NA,NA,NA,NA,NA
1990,10,15,3,NA,NA,NA,NA,NA
1990,10,15,6,NA,NA,NA,NA,NA
1990,10,15,9,NA,NA,NA,NA,NA
1990,10,15,12,NA,NA,NA,NA,NA
1990,10,15,15,NA,NA,NA,NA,NA
1990,10,15,18,NA,NA,NA,NA,NA
1990,10,15,21,NA,NA,NA,NA,NA
1990,10,16,0,NA,NA,NA,NA,NA
1990,10,16,3,NA,NA,NA,NA,NA
1990,10,16,6,NA,NA,NA,NA,NA
1990,10,16,9,NA,NA,NA,NA,NA
1990,10,16,12,NA,NA,NA,NA,NA
1990,10,16,15,NA,NA,NA,NA,NA
1990,10,16,18,NA,NA,NA,NA,NA
1990,10,16,21,NA,NA,NA,NA,NA
1990,10,17,0,NA,NA,NA,NA,NA
1990,10,17,3,NA,NA,NA,NA,NA
1990,10,17,6,NA,NA,NA,NA,NA
1990,10,17,9,NA,NA,NA,NA,NA
1990,10,17,12,NA,NA,NA,NA,NA
1990,10,17,15,NA,NA,NA,NA,NA
1990,10,17,18,NA,NA,NA,NA,NA
1990,10,17,21,NA,NA,NA,NA,NA
1990,10,18,0,NA,NA,NA,NA,NA
1990,10,18,3,NA,NA,NA,NA,NA
1990,10,18,6,NA,NA,NA,NA,NA
1990,10,18,9,NA,NA,NA,NA,NA
1990,10,18,12,NA,NA,NA,NA,NA
1990,10,18,15,NA,NA,NA,NA,NA
1990,10,18,18,NA,NA,NA,NA,NA
1990,10,18,21,NA,NA,NA,NA,NA
1990,10,19,0,NA,NA,NA,NA,NA
1990,10,19,3,NA,NA,NA,NA,NA
1990,10,19,6,NA,NA,NA,NA,NA
1990,10,19,9,NA,NA,NA,NA,NA
1990,10,19,12,NA,NA,NA,NA,NA
1990,10,19,15,NA,NA,NA,NA,NA
1990,10,19,18,NA,NA,NA,NA,NA
1990,10,19,21,NA,NA,NA,NA,NA
1990,10,20,0,NA,NA,NA,NA,NA
1990,10,20,3,NA,NA,NA,NA,NA
1990,10,20,6,NA,NA,NA,NA,NA
1990,10,20,9,NA,NA,NA,NA,NA
1990,10,20,12,NA,NA,NA,NA,NA
1990,10,20,15,NA,NA,NA,NA,NA
1990,10,20,18,NA,NA,NA,NA,NA
1990,10,20,21,NA,NA,NA,NA,NA
1990,10,21,0,NA,NA,NA,NA,NA
1990,10,21,3,NA,NA,NA,NA,NA
1990,10,21,6,NA,NA,NA,NA,NA
1990,10,21,9,NA,NA,NA,NA,NA
1990,10,21,12,NA,NA,NA,NA,NA
1990,10,21,15,NA,NA,NA,NA,NA
1990,10,21,18,NA,NA,NA,NA,NA
1990,10,21,21,NA,NA,NA,NA,NA
1990,10,22,0,NA,NA,NA,NA,NA
1990,10,22,3,NA,NA,NA,NA,NA
1990,10,22,6,NA,NA,NA,NA,NA
1990,10,22,9,NA,NA,NA,NA,NA
1990,10,22,12,NA,NA,NA,NA,NA
1990,10,22,15,NA,NA,NA,NA,NA
1990,10,22,18,NA,NA,NA,NA,NA
1990,10,22,21,NA,NA,NA,NA,NA
1990,10,23,0,NA,NA,NA,NA,NA
1990,10,23,3,NA,NA,NA,NA,NA
1990,10,23,6,NA,NA,NA,NA,NA
1990,10,23,9,NA,NA,NA,NA,NA
1990,10,23,12,NA,NA,NA,NA,NA
1990,10,23,15,NA,NA,NA,NA,NA
1990,10,23,18,NA,NA,NA,NA,NA
1990,10,23,21,NA,NA,NA,NA,NA
1990,10,24,0,NA,NA,NA,NA,NA
1990,10,24,3,NA,NA,NA,NA,NA
1990,10,24,6,NA,NA,NA,NA,NA
1990,10,24,9,NA,NA,NA,NA,NA
1990,10,24,12,NA,NA,NA,NA,NA
1990,10,24,15,NA,NA,NA,NA,NA
1990,10,24,18,NA,NA,NA,NA,NA
1990,10,24,21,NA,NA,NA,NA,NA
1990,10,25,0,NA,NA,NA,NA,NA
1990,10,25,3,NA,NA,NA,NA,NA
1990,10,25,6,NA,NA,NA,NA,NA
1990,10,25,9,NA,NA,NA,NA,NA
1990,10,25,12,NA,NA,NA,NA,NA
1990,10,25,15,NA,NA,NA,NA,NA
1990,10,25,18,NA,NA,NA,NA,NA
1990,10,25,21,NA,NA,NA,NA,NA
1990,10,26,0,NA,NA,NA,NA,NA
1990,10,26,3,NA,NA,NA,NA,NA
1990,10,26,6,NA,NA,NA,NA,NA
1990,10,26,9,NA,NA,NA,NA,NA
1990,10,26,12,NA,NA,NA,NA,NA
1990,10,26,15,NA,NA,NA,NA,NA
1990,10,26,18,NA,NA,NA,NA,NA
1990,10,26,21,NA,NA,NA,NA,NA
1990,10,27,0,NA,NA,NA,NA,NA
1990,10,27,3,NA,NA,NA,NA,NA
1990,10,27,6,NA,NA,NA,NA,NA
1990,10,27,9,NA,NA,NA,NA,NA
1990,10,27,12,NA,NA,NA,NA,NA
1990,10,27,15,NA,NA,NA,NA,NA
1990,10,27,18,NA,NA,NA,NA,NA
1990,10,27,21,NA,NA,NA,NA,NA
1990,10,28,0,NA,NA,NA,NA,NA
1990,10,28,3,NA,NA,NA,NA,NA
1990,10,28,6,NA,NA,NA,NA,NA
1990,10,28,9,NA,NA,NA,NA,NA
1990,10,28,12,NA,NA,NA,NA,NA
1990,10,28,15,NA,NA,NA,NA,NA
1990,10,28,18,NA,NA,NA,NA,NA
1990,10,28,21,NA,NA,NA,NA,NA
1990,10,29,0,NA,NA,NA,NA,NA
1990,10,29,3,NA,NA,NA,NA,NA
1990,10,29,6,NA,NA,NA,NA,NA
1990,10,29,9,NA,NA,NA,NA,NA
1990,10,29,12,NA,NA,NA,NA,NA
1990,10,29,15,NA,NA,NA,NA,NA
1990,10,29,18,NA,NA,NA,NA,NA
1990,10,29,21,NA,NA,NA,NA,NA
1990,10,30,0,NA,NA,NA,NA,NA
1990,10,30,3,NA,NA,NA,NA,NA
1990,10,30,6,NA,NA,NA,NA,NA
1990,10,30,9,NA,NA,NA,NA,NA
1990,10,30,12,NA,NA,NA,NA,NA
1990,10,30,15,NA,NA,NA,NA,NA
1990,10,30,18,NA,NA,NA,NA,NA
1990,10,30,21,NA,NA,NA,NA,NA
1990,10,31,0,NA,NA,NA,NA,NA
1990,10,31,3,NA,NA,NA,NA,NA
1990,10,31,6,NA,NA,NA,NA,NA
1990,10,31,9,NA,NA,NA,NA,NA
1990,10,31,12,NA,NA,NA,NA,NA
1990,10,31,15,NA,NA,NA,NA,NA
1990,10,31,18,NA,NA,NA,NA,NA
1990,10,31,21,NA,NA,NA,NA,NA
1990,11,1,0,NA,NA,NA,NA,NA
1990,11,1,3,NA,NA,NA,NA,NA
1990,11,1,6,NA,NA,NA,NA,NA
1990,11,1,9,NA,NA,NA,NA,NA
1990,11,1,12,NA,NA,NA,NA,NA
1990,11,1,15,NA,NA,NA,NA,NA
1990,11,1,18,NA,NA,NA,NA,NA
1990,11,1,21,NA,NA,NA,NA,NA
1990,11,2,0,NA,NA,NA,NA,NA
1990,11,2,3,NA,NA,NA,NA,NA
1990,11,2,6,NA,NA,NA,NA,NA
1990,11,2,9,NA,NA,NA,NA,NA
1990,11,2,12,NA,NA,NA,NA,NA
1990,11,2,15,NA,NA,NA,NA,NA
1990,11,2,18,NA,NA,NA,NA,NA
1990,11,2,21,NA,NA,NA,NA,NA
1990,11,3,0,NA,NA,NA,NA,NA
1990,11,3,3,NA,NA,NA,NA,NA
1990,11,3,6,NA,NA,NA,NA,NA
1990,11,3,9,NA,NA,NA,NA,NA
1990,11,3,12,NA,NA,NA,NA,NA
1990,11,3,15,NA,NA,NA,NA,NA
1990,11,3,18,NA,NA,NA,NA,NA
1990,11,3,21,NA,NA,NA,NA,NA
1990,11,4,0,NA,NA,NA,NA,NA
1990,11,4,3,NA,NA,NA,NA,NA
1990,11,4,6,NA,NA,NA,NA,NA
1990,11,4,9,NA,NA,NA,NA,NA
1990,11,4,12,NA,NA,NA,NA,NA
1990,11,4,15,NA,NA,NA,NA,NA
1990,11,4,18,NA,NA,NA,NA,NA
1990,11,4,21,NA,NA,NA,NA,NA
1990,11,5,0,NA,NA,NA,NA,NA
1990,11,5,3,NA,NA,NA,NA,NA
1990,11,5,6,NA,NA,NA,NA,NA
1990,11,5,9,NA,NA,NA,NA,NA
1990,11,5,12,NA,NA,NA,NA,NA
1990,11,5,15,NA,NA,NA,NA,NA
1990,11,5,18,NA,NA,NA,NA,NA
1990,11,5,21,NA,NA,NA,NA,NA
1990,11,6,0,NA,NA,NA,NA,NA
1990,11,6,3,NA,NA,NA,NA,NA
1990,11,6,6,NA,NA,NA,NA,NA
1990,11,6,9,NA,NA,NA,NA,NA
1990,11,6,12,NA,NA,NA,NA,NA
1990,11,6,15,NA,NA,NA,NA,NA
1990,11,6,18,NA,NA,NA,NA,NA
1990,11,6,21,NA,NA,NA,NA,NA
1990,11,7,0,NA,NA,NA,NA,NA
1990,11,7,3,NA,NA,NA,NA,NA
1990,11,7,6,NA,NA,NA,NA,NA
1990,11,7,9,NA,NA,NA,NA,NA
1990,11,7,12,NA,NA,NA,NA,NA
1990,11,7,15,NA,NA,NA,NA,NA
1990,11,7,18,NA,NA,NA,NA,NA
1990,11,7,21,NA,NA,NA,NA,NA
1990,11,8,0,NA,NA,NA,NA,NA
1990,11,8,3,NA,NA,NA,NA,NA
1990,11,8,6,NA,NA,NA,NA,NA
1990,11,8,9,NA,NA,NA,NA,NA
1990,11,8,12,NA,NA,NA,NA,NA
1990,11,8,15,NA,NA,NA,NA,NA
1990,11,8,18,NA,NA,NA,NA,NA
1990,11,8,21,NA,NA,NA,NA,NA
1990,11,9,0,NA,NA,NA,NA,NA
1990,11,9,3,NA,NA,NA,NA,NA
1990,11,9,6,NA,NA,NA,NA,NA
1990,11,9,9,NA,NA,NA,NA,NA
1990,11,9,12,NA,NA,NA,NA,NA
1990,11,9,15,NA,NA,NA,NA,NA
1990,11,9,18,NA,NA,NA,NA,NA
1990,11,9,21,NA,NA,NA,NA,NA
1990,11,10,0,NA,NA,NA,NA,NA
1990,11,10,3,NA,NA,NA,NA,NA
1990,11,10,6,NA,NA,NA,NA,NA
1990,11,10,9,NA,NA,NA,NA,NA
1990,11,10,12,NA,NA,NA,NA,NA
1990,11,10,15,NA,NA,NA,NA,NA
1990,11,10,18,NA,NA,NA,NA,NA
1990,11,10,21,NA,NA,NA,NA,NA
1990,11,11,0,NA,NA,NA,NA,NA
1990,11,11,3,NA,NA,NA,NA,NA
1990,11,11,6,NA,NA,NA,NA,NA
1990,11,11,9,NA,NA,NA,NA,NA
1990,11,11,12,NA,NA,NA,NA,NA
1990,11,11,15,NA,NA,NA,NA,NA
1990,11,11,18,NA,NA,NA,NA,NA
1990,11,11,21,NA,NA,NA,NA,NA
1990,11,12,0,NA,NA,NA,NA,NA
1990,11,12,3,NA,NA,NA,NA,NA
1990,11,12,6,NA,NA,NA,NA,NA
1990,11,12,9,NA,NA,NA,NA,NA
1990,11,12,12,NA,NA,NA,NA,NA
1990,11,12,15,NA,NA,NA,NA,NA
1990,11,12,18,NA,NA,NA,NA,NA
1990,11,12,21,NA,NA,NA,NA,NA
1990,11,13,0,NA,NA,NA,NA,NA
1990,11,13,3,NA,NA,NA,NA,NA
1990,11,13,6,NA,NA,NA,NA,NA
1990,11,13,9,NA,NA,NA,NA,NA
1990,11,13,12,NA,NA,NA,NA,NA
1990,11,13,15,NA,NA,NA,NA,NA
1990,11,13,18,NA,NA,NA,NA,NA
1990,11,13,21,NA,NA,NA,NA,NA
1990,11,14,0,NA,NA,NA,NA,NA
1990,11,14,3,NA,NA,NA,NA,NA
1990,11,14,6,NA,NA,NA,NA,NA
1990,11,14,9,NA,NA,NA,NA,NA
1990,11,14,12,NA,NA,NA,NA,NA
1990,11,14,15,NA,NA,NA,NA,NA
1990,11,14,18,NA,NA,NA,NA,NA
1990,11,14,21,NA,NA,NA,NA,NA
1990,11,15,0,NA,NA,NA,NA,NA
1990,11,15,3,NA,NA,NA,NA,NA
1990,11,15,6,NA,NA,NA,NA,NA
1990,11,15,9,NA,NA,NA,NA,NA
1990,11,15,12,NA,NA,NA,NA,NA
1990,11,15,15,NA,NA,NA,NA,NA
1990,11,15,18,NA,NA,NA,NA,NA
1990,11,15,21,NA,NA,NA,NA,NA
1990,11,16,0,NA,NA,NA,NA,NA
1990,11,16,3,NA,NA,NA,NA,NA
1990,11,16,6,NA,NA,NA,NA,NA
1990,11,16,9,NA,NA,NA,NA,NA
1990,11,16,12,NA,NA,NA,NA,NA
1990,11,16,15,NA,NA,NA,NA,NA
1990,11,16,18,NA,NA,NA,NA,NA
1990,11,16,21,NA,NA,NA,NA,NA
1990,11,17,0,NA,NA,NA,NA,NA
1990,11,17,3,NA,NA,NA,NA,NA
1990,11,17,6,NA,NA,NA,NA,NA
1990,11,17,9,NA,NA,NA,NA,NA
1990,11,17,12,NA,NA,NA,NA,NA
1990,11,17,15,NA,NA,NA,NA,NA
1990,11,17,18,NA,NA,NA,NA,NA
1990,11,17,21,NA,NA,NA,NA,NA
1990,11,18,0,NA,NA,NA,NA,NA
1990,11,18,3,NA,NA,NA,NA,NA
1990,11,18,6,NA,NA,NA,NA,NA
1990,11,18,9,NA,NA,NA,NA,NA
1990,11,18,12,NA,NA,NA,NA,NA
1990,11,18,15,NA,NA,NA,NA,NA
1990,11,18,18,NA,NA,NA,NA,NA
1990,11,18,21,NA,NA,NA,NA,NA
1990,11,19,0,NA,NA,NA,NA,NA
1990,11,19,3,NA,NA,NA,NA,NA
1990,11,19,6,NA,NA,NA,NA,NA
1990,11,19,9,NA,NA,NA,NA,NA
1990,11,19,12,NA,NA,NA,NA,NA
1990,11,19,15,NA,NA,NA,NA,NA
1990,11,19,18,NA,NA,NA,NA,NA
1990,11,19,21,NA,NA,NA,NA,NA
1990,11,20,0,NA,NA,NA,NA,NA
1990,11,20,3,NA,NA,NA,NA,NA
1990,11,20,6,NA,NA,NA,NA,NA
1990,11,20,9,NA,NA,NA,NA,NA
1990,11,20,12,NA,NA,NA,NA,NA
1990,11,20,15,NA,NA,NA,NA,NA
1990,11,20,18,NA,NA,NA,NA,NA
1990,11,20,21,NA,NA,NA,NA,NA
1990,11,21,0,NA,NA,NA,NA,NA
1990,11,21,3,NA,NA,NA,NA,NA
1990,11,21,6,NA,NA,NA,NA,NA
1990,11,21,9,NA,NA,NA,NA,NA
1990,11,21,12,NA,NA,NA,NA,NA
1990,11,21,15,NA,NA,NA,NA,NA
1990,11,21,18,NA,NA,NA,NA,NA
1990,11,21,21,NA,NA,NA,NA,NA
1990,11,22,0,NA,NA,NA,NA,NA
1990,11,22,3,NA,NA,NA,NA,NA
1990,11,22,6,NA,NA,NA,NA,NA
1990,11,22,9,NA,NA,NA,NA,NA
1990,11,22,12,NA,NA,NA,NA,NA
1990,11,22,15,NA,NA,NA,NA,NA
1990,11,22,18,NA,NA,NA,NA,NA
1990,11,22,21,NA,NA,NA,NA,NA
1990,11,23,0,NA,NA,NA,NA,NA
1990,11,23,3,NA,NA,NA,NA,NA
1990,11,23,6,NA,NA,NA,NA,NA
1990,11,23,9,NA,NA,NA,NA,NA
1990,11,23,12,NA,NA,NA,NA,NA
1990,11,23,15,NA,NA,NA,NA,NA
1990,11,23,18,NA,NA,NA,NA,NA
1990,11,23,21,NA,NA,NA,NA,NA
1990,11,24,0,NA,NA,NA,NA,NA
1990,11,24,3,NA,NA,NA,NA,NA
1990,11,24,6,NA,NA,NA,NA,NA
1990,11,24,9,NA,NA,NA,NA,NA
1990,11,24,12,NA,NA,NA,NA,NA
1990,11,24,15,NA,NA,NA,NA,NA
1990,11,24,18,NA,NA,NA,NA,NA
1990,11,24,21,NA,NA,NA,NA,NA
1990,11,25,0,NA,NA,NA,NA,NA
1990,11,25,3,NA,NA,NA,NA,NA
1990,11,25,6,NA,NA,NA,NA,NA
1990,11,25,9,NA,NA,NA,NA,NA
1990,11,25,12,NA,NA,NA,NA,NA
1990,11,25,15,NA,NA,NA,NA,NA
1990,11,25,18,NA,NA,NA,NA,NA
1990,11,25,21,NA,NA,NA,NA,NA
1990,11,26,0,NA,NA,NA,NA,NA
1990,11,26,3,NA,NA,NA,NA,NA
1990,11,26,6,NA,NA,NA,NA,NA
1990,11,26,9,NA,NA,NA,NA,NA
1990,11,26,12,NA,NA,NA,NA,NA
1990,11,26,15,NA,NA,NA,NA,NA
1990,11,26,18,NA,NA,NA,NA,NA
1990,11,26,21,NA,NA,NA,NA,NA
1990,11,27,0,NA,NA,NA,NA,NA
1990,11,27,3,NA,NA,NA,NA,NA
1990,11,27,6,NA,NA,NA,NA,NA
1990,11,27,9,NA,NA,NA,NA,NA
1990,11,27,12,NA,NA,NA,NA,NA
1990,11,27,15,NA,NA,NA,NA,NA
1990,11,27,18,NA,NA,NA,NA,NA
1990,11,27,21,NA,NA,NA,NA,NA
1990,11,28,0,NA,NA,NA,NA,NA
1990,11,28,3,NA,NA,NA,NA,NA
1990,11,28,6,NA,NA,NA,NA,NA
1990,11,28,9,NA,NA,NA,NA,NA
1990,11,28,12,NA,NA,NA,NA,NA
1990,11,28,15,NA,NA,NA,NA,NA
1990,11,28,18,NA,NA,NA,NA,NA
1990,11,28,21,NA,NA,NA,NA,NA
1990,11,29,0,NA,NA,NA,NA,NA
1990,11,29,3,NA,NA,NA,NA,NA
1990,11,29,6,NA,NA,NA,NA,NA
1990,11,29,9,NA,NA,NA,NA,NA
1990,11,29,12,NA,NA,NA,NA,NA
1990,11,29,15,NA,NA,NA,NA,NA
1990,11,29,18,NA,NA,NA,NA,NA
1990,11,29,21,NA,NA,NA,NA,NA
1990,11,30,0,NA,NA,NA,NA,NA
1990,11,30,3,NA,NA,NA,NA,NA
1990,11,30,6,NA,NA,NA,NA,NA
1990,11,30,9,NA,NA,NA,NA,NA
1990,11,30,12,NA,NA,NA,NA,NA
1990,11,30,15,NA,NA,NA,NA,NA
1990,11,30,18,NA,NA,NA,NA,NA
1990,11,30,21,NA,NA,NA,NA,NA
1990,12,1,0,-7.4,915.5,2,140,78
1990,12,1,3,NA,915.2,1,200,72
1990,12,1,6,-8.8,914.2,3,150,86
1990,12,1,9,NA,913.3,1,10,86
1990,12,1,12,-8.1,912.5,2,100,93
1990,12,1,15,-7.5,911.6,2,90,92
1990,12,1,18,-8,910.7,3,50,91
1990,12,1,21,-8.3,910.3,NA,20,92
1990,12,2,0,-8.3,910.1,6,360,84
1990,12,2,3,-7.6,910.2,3,250,64
1990,12,2,6,-8.7,910.1,4,270,71
1990,12,2,9,-6.1,910,2,210,51
1990,12,2,12,-4.6,909.8,3,190,47
1990,12,2,15,-3.7,909.8,3,80,39
1990,12,2,18,-4,909.7,2,20,42
1990,12,2,21,-4.3,909.3,3,20,42
1990,12,3,0,-3.7,909.3,3,270,28
1990,12,3,3,-5.2,909.4,6,260,31
1990,12,3,6,-5.7,909.6,7,250,32
1990,12,3,9,-4.4,910,8,220,39
1990,12,3,12,-3.9,910.7,11,250,41
1990,12,3,15,-4.3,910.4,NA,230,49
1990,12,3,18,-7,911.8,NA,230,93
1990,12,3,21,-5.1,912.5,NA,230,80
1990,12,4,0,-4.4,911.6,NA,240,63
1990,12,4,3,-4.4,911.9,NA,240,62
1990,12,4,6,-6.7,913.1,NA,240,69
1990,12,4,9,-6.7,914.7,NA,230,NA
1990,12,4,12,-5.6,916,32,220,68
1990,12,4,15,-4.3,916.5,NA,220,58
1990,12,4,18,-4.7,916.9,NA,220,71
1990,12,4,21,-4.9,915.6,NA,240,64
1990,12,5,0,-4.6,912.9,NA,240,54
1990,12,5,3,-6.6,916.3,NA,230,92
1990,12,5,6,-7.2,916.1,NA,NA,92
1990,12,5,9,-6.9,916.3,32,NA,93
1990,12,5,12,-6.8,916.5,32,NA,93
1990,12,5,15,-6.3,917,29,220,93
1990,12,5,18,-6.4,918.8,NA,NA,93
1990,12,5,21,-6.6,919.9,NA,NA,93
1990,12,6,0,-6.8,920.6,15,230,93
1990,12,6,3,-7.4,921.8,17,230,93
1990,12,6,6,-7.5,922.6,17,230,93
1990,12,6,9,-6.6,920.1,NA,240,90
1990,12,6,12,-7,920.8,NA,230,93
1990,12,6,15,-6.7,921.9,37,NA,93
1990,12,6,18,-6.9,921.6,NA,NA,93
1990,12,6,21,-5.8,921.4,NA,NA,92
1990,12,7,0,-5.3,922.9,NA,NA,76
1990,12,7,3,-4,920.9,NA,NA,64
1990,12,7,6,-5,919.4,NA,240,85
1990,12,7,9,-6.1,922.8,40,220,93
1990,12,7,12,-6.1,922.6,NA,240,92
1990,12,7,15,-5.9,921.3,NA,240,88
1990,12,7,18,-6.3,923.8,NA,230,93
1990,12,7,21,-5.9,922.5,46,240,92
1990,12,8,0,-5.4,921,NA,240,92
1990,12,8,3,-5.4,923.6,NA,240,79
1990,12,8,6,-4.1,922.5,NA,230,61
1990,12,8,9,-4.2,924.6,NA,NA,69
1990,12,8,12,-6.2,925.9,NA,NA,85
1990,12,8,15,-3,925.4,NA,NA,51
1990,12,8,18,-3,925.3,NA,NA,48
1990,12,8,21,-3.3,924.6,36,240,57
1990,12,9,0,-4,925.3,33,230,55
1990,12,9,3,-4.5,924.6,33,240,59
1990,12,9,6,-4.4,921.9,NA,NA,64
1990,12,9,9,-4.6,924.2,NA,NA,66
1990,12,9,12,-4.3,924.4,NA,NA,67
1990,12,9,15,-3.6,924.6,NA,230,59
1990,12,9,18,-4,924.9,NA,NA,69
1990,12,9,21,-3.5,924.4,32,NA,65
1990,12,10,0,-2.8,925.3,NA,NA,57
1990,12,10,3,-2.7,924.9,NA,240,45
1990,12,10,6,-3.1,924.9,NA,250,46
1990,12,10,9,-1.8,924.8,NA,110,48
1990,12,10,12,-1.1,924.8,4,340,43
1990,12,10,15,-1.5,925.4,NA,230,40
1990,12,10,18,-1.5,925.8,NA,230,47
1990,12,10,21,-1.6,926.6,7,240,36
1990,12,11,0,-2.9,927,NA,240,39
1990,12,11,3,-3.8,927.6,9,230,35
1990,12,11,6,-3.7,927.7,NA,0,33
1990,12,11,9,-3.2,927.9,NA,240,33
1990,12,11,12,NA,928.3,1,230,32
1990,12,11,15,-2.4,928.9,4,220,36
1990,12,11,18,-3.7,929.4,NA,230,39
1990,12,11,21,-4.8,928.6,NA,NA,62
1990,12,12,0,-5.4,926.8,NA,NA,91
1990,12,12,3,-5.9,927.2,NA,NA,93
1990,12,12,6,-5.7,926.9,NA,240,93
1990,12,12,9,-5.4,927.8,40,240,93
1990,12,12,12,-5.3,929.6,NA,220,94
1990,12,12,15,-5.3,930.5,NA,220,94
1990,12,12,18,-4.9,930.9,NA,220,95
1990,12,12,21,-4,930.7,NA,200,92
1990,12,13,0,-4,930.5,NA,230,89
1990,12,13,3,-4.4,929.6,NA,70,86
1990,12,13,6,-4.2,928.6,NA,360,61
1990,12,13,9,-3.6,927.4,NA,30,64
1990,12,13,12,-1.9,926.7,2,60,53
1990,12,13,15,-3.5,926.7,NA,100,77
1990,12,13,18,-4.8,927.3,NA,90,93
1990,12,13,21,-5.2,928.1,NA,90,95
1990,12,14,0,-5.7,929.7,3,90,94
1990,12,14,3,-7,931.3,2,250,94
1990,12,14,6,-6.8,932.8,2,130,93
1990,12,14,9,-7,933.9,3,120,93
1990,12,14,12,-6.9,935.3,NA,230,93
1990,12,14,15,-6.7,936.1,4,210,93
1990,12,14,18,-6.1,936.4,3,190,94
1990,12,14,21,-6.4,936.5,4,180,94
1990,12,15,0,NA,936.5,1,230,94
1990,12,15,3,NA,936.2,1,110,94
1990,12,15,6,NA,935.7,1,270,94
1990,12,15,9,-6.8,935.4,2,240,93
1990,12,15,12,-6.2,935.1,3,240,93
1990,12,15,15,-5,934.7,2,260,92
1990,12,15,18,-4.4,934.1,NA,200,91
1990,12,15,21,-4,933.4,NA,150,77
1990,12,16,0,-4.1,933.1,NA,170,78
1990,12,16,3,NA,932.4,1,360,71
1990,12,16,6,NA,932,1,350,62
1990,12,16,9,-3.8,931.4,2,130,81
1990,12,16,12,-3,931.3,3,120,80
1990,12,16,15,NA,NA,NA,NA,NA
1990,12,16,18,NA,NA,NA,NA,NA
1990,12,16,21,NA,NA,NA,NA,NA
1990,12,17,0,NA,NA,NA,NA,NA
1990,12,17,3,NA,NA,NA,NA,NA
1990,12,17,6,NA,NA,NA,NA,NA
1990,12,17,9,NA,NA,NA,NA,NA
1990,12,17,12,NA,NA,NA,NA,NA
1990,12,17,15,NA,NA,NA,NA,NA
1990,12,17,18,NA,NA,NA,NA,NA
1990,12,17,21,NA,NA,NA,NA,NA
1990,12,18,0,NA,NA,NA,NA,NA
1990,12,18,3,NA,NA,NA,NA,NA
1990,12,18,6,NA,NA,NA,NA,NA
1990,12,18,9,NA,NA,NA,NA,NA
1990,12,18,12,NA,NA,NA,NA,NA
1990,12,18,15,NA,NA,NA,NA,NA
1990,12,18,18,NA,NA,NA,NA,NA
1990,12,18,21,NA,NA,NA,NA,NA
1990,12,19,0,NA,NA,NA,NA,NA
1990,12,19,3,NA,NA,NA,NA,NA
1990,12,19,6,NA,NA,NA,NA,NA
1990,12,19,9,NA,NA,NA,NA,NA
1990,12,19,12,NA,NA,NA,NA,NA
1990,12,19,15,NA,NA,NA,NA,NA
1990,12,19,18,NA,NA,NA,NA,NA
1990,12,19,21,NA,NA,NA,NA,NA
1990,12,20,0,NA,NA,NA,NA,NA
1990,12,20,3,NA,NA,NA,NA,NA
1990,12,20,6,NA,NA,NA,NA,NA
1990,12,20,9,NA,NA,NA,NA,NA
1990,12,20,12,NA,NA,NA,NA,NA
1990,12,20,15,NA,NA,NA,NA,NA
1990,12,20,18,NA,NA,NA,NA,NA
1990,12,20,21,NA,NA,NA,NA,NA
1990,12,21,0,NA,NA,NA,NA,NA
1990,12,21,3,NA,NA,NA,NA,NA
1990,12,21,6,NA,NA,NA,NA,NA
1990,12,21,9,NA,NA,NA,NA,NA
1990,12,21,12,NA,NA,NA,NA,NA
1990,12,21,15,NA,NA,NA,NA,NA
1990,12,21,18,NA,NA,NA,NA,NA
1990,12,21,21,NA,NA,NA,NA,NA
1990,12,22,0,NA,NA,NA,NA,NA
1990,12,22,3,NA,NA,NA,NA,NA
1990,12,22,6,NA,NA,NA,NA,NA
1990,12,22,9,NA,NA,NA,NA,NA
1990,12,22,12,NA,NA,NA,NA,NA
1990,12,22,15,NA,NA,NA,NA,NA
1990,12,22,18,NA,NA,NA,NA,NA
1990,12,22,21,NA,NA,NA,NA,NA
1990,12,23,0,NA,NA,NA,NA,NA
1990,12,23,3,NA,NA,NA,NA,NA
1990,12,23,6,NA,NA,NA,NA,NA
1990,12,23,9,NA,NA,NA,NA,NA
1990,12,23,12,NA,NA,NA,NA,NA
1990,12,23,15,NA,NA,NA,NA,NA
1990,12,23,18,NA,NA,NA,NA,NA
1990,12,23,21,NA,NA,NA,NA,NA
1990,12,24,0,-3.8,931.3,3,40,78
1990,12,24,3,-3.1,931.9,2,60,73
1990,12,24,6,-3.2,932.4,3,20,57
1990,12,24,9,NA,933,1,20,48
1990,12,24,12,NA,933.7,1,310,41
1990,12,24,15,-3,934.2,2,250,39
1990,12,24,18,-2.7,934.9,2,70,63
1990,12,24,21,-3.3,935.2,3,90,82
1990,12,25,0,-2.4,935.4,2,90,70
1990,12,25,3,-1.4,934.7,2,340,45
1990,12,25,6,-0.8,934.4,4,250,41
1990,12,25,9,-1.4,933.9,NA,250,32
1990,12,25,12,-1.4,933.5,6,270,27
1990,12,25,15,-2.1,932.5,NA,290,28
1990,12,25,18,-1,932,3,20,NA
1990,12,25,21,-1,931.5,3,40,41
1990,12,26,0,-1.4,931.1,7,20,35
1990,12,26,3,-2.5,930.3,NA,360,35
1990,12,26,6,-2.7,930.7,NA,0,40
1990,12,26,9,-3.2,931,NA,360,36
1990,12,26,12,-4,931.5,NA,0,33
1990,12,26,15,-2.6,931.9,NA,330,27
1990,12,26,18,-2.4,932.7,5,250,34
1990,12,26,21,-4.5,933.5,NA,240,55
1990,12,27,0,-2.3,934.3,NA,240,35
1990,12,27,3,-4.1,933.9,NA,240,61
1990,12,27,6,-5.7,934.5,NA,230,91
1990,12,27,9,-5.3,934.9,13,240,81
1990,12,27,12,-4.1,934.8,NA,240,47
1990,12,27,15,-3.3,933.8,NA,320,36
1990,12,27,18,-3.6,932.8,NA,280,41
1990,12,27,21,-4.9,931.8,NA,220,57
1990,12,28,0,-4.4,930.4,NA,220,70
1990,12,28,3,-3.6,929.7,NA,240,56
1990,12,28,6,-3.6,929.5,NA,230,58
1990,12,28,9,-2.9,928.6,24,230,44
1990,12,28,12,-4.5,927.6,NA,230,54
1990,12,28,15,-5,928.2,NA,250,61
1990,12,28,18,-4.8,929.2,NA,230,60
1990,12,28,21,-3.3,928.3,32,240,38
1990,12,29,0,-3.5,929.7,30,240,49
1990,12,29,3,-3.2,931,28,230,49
1990,12,29,6,-2.5,931.8,NA,230,40
1990,12,29,9,-2.4,932.3,NA,240,41
1990,12,29,12,-2.9,933.1,NA,260,40
1990,12,29,15,-2.5,933.3,NA,280,34
1990,12,29,18,-2.2,933.4,NA,270,32
1990,12,29,21,-1.5,933.8,4,200,37
1990,12,30,0,-1.4,934.1,5,230,33
1990,12,30,3,-0.9,934.2,6,230,38
1990,12,30,6,-1,934.5,NA,10,33
1990,12,30,9,-1.1,934.6,5,250,39
1990,12,30,12,-1.7,934.5,NA,230,33
1990,12,30,15,-2.7,934.4,NA,250,38
1990,12,30,18,-1.9,934.2,12,260,35
1990,12,30,21,-0.1,933.9,NA,230,25
1990,12,31,0,0.9,933.7,NA,230,30
1990,12,31,3,-1.6,933.6,4,90,31
1990,12,31,6,-1.8,933.3,NA,230,45
1990,12,31,9,-3.3,932.4,NA,220,48
1990,12,31,12,-3.4,932.3,10,250,38
1990,12,31,15,-2.9,931.7,NA,240,34
1990,12,31,18,-2.7,931,NA,20,46
1990,12,31,21,-1.8,930.4,NA,100,53
1991,1,1,0,-1.6,930.1,NA,220,38
1991,1,1,3,-1.7,929.4,NA,230,37
1991,1,1,6,NA,929.2,1,130,39
1991,1,1,9,-2,928.9,3,260,34
1991,1,1,12,NA,928.9,1,130,36
1991,1,1,15,NA,928.6,1,310,36
1991,1,1,18,-2.3,928.5,5,130,40
1991,1,1,21,-1.7,929,4,130,39
1991,1,2,0,-2,929.4,2,120,39
1991,1,2,3,-1.6,929.6,3,190,39
1991,1,2,6,-1.7,929.8,3,230,41
1991,1,2,9,-2.5,930.2,3,250,47
1991,1,2,12,-3.2,930.4,5,240,45
1991,1,2,15,NA,930.2,1,140,49
1991,1,2,18,-2.2,930.4,2,170,45
1991,1,2,21,-2.3,930.2,3,100,50
1991,1,3,0,-2,930,3,50,54
1991,1,3,3,NA,929.5,1,350,46
1991,1,3,6,-2.3,929.3,3,230,39
1991,1,3,9,NA,928.8,1,90,52
1991,1,3,12,-4.9,928.1,2,30,51
1991,1,3,15,-4.1,927,4,20,49
1991,1,3,18,-5.1,926.2,3,30,75
1991,1,3,21,-4,925.7,2,270,69
1991,1,4,0,-3.4,925,2,170,82
1991,1,4,3,-4.1,924.5,3,110,84
1991,1,4,6,-4,924.2,2,120,85
1991,1,4,9,-4.4,923.9,2,200,89
1991,1,4,12,-4.9,924.1,NA,NA,91
1991,1,4,15,-5.8,923.9,4,280,90
1991,1,4,18,NA,924.4,1,260,81
1991,1,4,21,NA,924.8,1,230,91
1991,1,5,0,-4.9,924.9,3,220,89
1991,1,5,3,-5,924.5,NA,230,92
1991,1,5,6,-5.4,924.2,NA,240,91
1991,1,5,9,-5.1,923.5,NA,220,86
1991,1,5,12,-5.1,923,NA,210,92
1991,1,5,15,-5.5,921.5,NA,220,89
1991,1,5,18,-5.8,919.5,NA,NA,91
1991,1,5,21,-5.7,919.5,NA,NA,91
1991,1,6,0,-5.2,918,33,NA,91
1991,1,6,3,-5,918.9,NA,NA,91
1991,1,6,6,-4.9,920.4,NA,NA,92
1991,1,6,9,-5,921.2,NA,0,91
1991,1,6,12,-5,921.9,NA,NA,92
1991,1,6,15,-5.1,923.9,NA,NA,91
1991,1,6,18,-5,924.6,NA,NA,91
1991,1,6,21,-5.2,925.1,NA,NA,91
1991,1,7,0,-5.3,925.1,NA,NA,91
1991,1,7,3,-5.7,925,NA,NA,91
1991,1,7,6,-5.6,926,NA,NA,91
1991,1,7,9,-5.9,925.7,NA,NA,91
1991,1,7,12,-6,926.2,NA,NA,91
1991,1,7,15,-5.8,926,NA,NA,92
1991,1,7,18,-6.8,925.6,NA,NA,90
1991,1,7,21,-6,925.5,NA,NA,91
1991,1,8,0,-5.6,925,NA,NA,92
1991,1,8,3,-5.4,924.2,NA,NA,92
1991,1,8,6,NA,923.7,0,NA,92
1991,1,8,9,-6,923.7,NA,NA,89
1991,1,8,12,-6.8,923.8,NA,NA,88
1991,1,8,15,-5.7,923.8,NA,NA,91
1991,1,8,18,-2.9,924,NA,NA,93
1991,1,8,21,-4.9,924.6,NA,20,89
1991,1,9,0,NA,925.4,1,40,89
1991,1,9,3,-5.5,925.8,NA,10,89
1991,1,9,6,-5.3,926.5,4,20,91
1991,1,9,9,-5.8,927.3,5,350,91
1991,1,9,12,-6,928.2,4,350,91
1991,1,9,15,-5.5,928.4,NA,320,91
1991,1,9,18,-4.8,929.2,NA,NA,91
1991,1,9,21,-4,930,NA,NA,89
1991,1,10,0,-4.7,930.8,3,260,92
1991,1,10,3,-3.3,930.9,NA,NA,89
1991,1,10,6,-4.3,931.1,NA,NA,89
1991,1,10,9,-5.3,931.3,NA,240,84
1991,1,10,12,-6.3,931.4,3,230,87
1991,1,10,15,-5.7,930.9,NA,0,90
1991,1,10,18,-5.9,930.6,4,250,86
1991,1,10,21,-5.4,930.4,NA,220,87
1991,1,11,0,-4.9,930.5,6,230,92
1991,1,11,3,-5,929.9,7,220,91
1991,1,11,6,-5.1,930.2,7,220,85
1991,1,11,9,-5.7,930.3,NA,220,82
1991,1,11,12,-5.8,930.3,NA,230,73
1991,1,11,15,-5.1,930,NA,10,64
1991,1,11,18,-4.9,929.4,NA,20,64
1991,1,11,21,-3.4,928.5,4,50,70
1991,1,12,0,-2.7,927.3,3,60,80
1991,1,12,3,-2.9,925.8,3,10,72
1991,1,12,6,-3,923.9,NA,NA,57
1991,1,12,9,-3.8,922.1,4,360,44
1991,1,12,12,-5.7,920.9,NA,20,62
1991,1,12,15,-5.3,919,4,340,51
1991,1,12,18,-4.5,918,4,80,87
1991,1,12,21,-3.6,917.2,4,120,77
1991,1,13,0,-4.7,916.6,2,250,85
1991,1,13,3,-4.3,916,3,210,81
1991,1,13,6,-4.9,915.4,3,90,87
1991,1,13,9,-6.3,915.2,2,260,92
1991,1,13,12,-6.7,915.1,4,280,91
1991,1,13,15,-7,914.5,5,250,90
1991,1,13,18,-6.8,914.2,7,250,90
1991,1,13,21,-6.6,914.3,6,260,90
1991,1,14,0,-6.4,914.1,7,250,90
1991,1,14,3,-6,913.9,5,250,91
1991,1,14,6,-6.3,913.8,5,250,90
1991,1,14,9,-6.7,913.7,4,270,91
1991,1,14,12,-6.9,913.9,6,250,90
1991,1,14,15,-7,913.8,4,240,90
1991,1,14,18,-7.2,914.1,5,210,90
1991,1,14,21,-6.9,914.6,8,230,90
1991,1,15,0,-6.5,915.2,8,240,90
1991,1,15,3,-6.5,915.3,9,240,90
1991,1,15,6,-6.9,915.6,10,240,90
1991,1,15,9,-7,916,10,260,90
1991,1,15,12,-6.9,915.8,9,250,90
1991,1,15,15,-7,915.5,12,240,90
1991,1,15,18,-7.1,915.6,NA,NA,90
1991,1,15,21,-7.1,915.6,NA,NA,90
1991,1,16,0,-7.1,915.7,16,NA,90
1991,1,16,3,-6.7,915.6,NA,NA,91
1991,1,16,6,-7,915.5,12,230,90
1991,1,16,9,-6.9,915.4,11,240,90
1991,1,16,12,-7,915.1,13,NA,90
1991,1,16,15,-7,914.9,15,NA,90
1991,1,16,18,-7.1,915.2,12,NA,90
1991,1,16,21,-6.6,915.6,13,NA,91
1991,1,17,0,-6.7,915.5,NA,220,90
1991,1,17,3,-6.4,915.8,15,250,90
1991,1,17,6,-5.9,916.5,NA,240,91
1991,1,17,9,-5.9,916.8,12,240,91
1991,1,17,12,-5.9,917.7,10,240,91
1991,1,17,15,-5.8,918.2,8,260,91
1991,1,17,18,-5.9,918.8,7,230,91
1991,1,17,21,-5.7,919.4,8,240,91
1991,1,18,0,-5.6,919.7,4,250,92
1991,1,18,3,-5.3,919.9,NA,0,93
1991,1,18,6,-4.6,920.2,NA,NA,93
1991,1,18,9,-5.8,920,NA,NA,91
1991,1,18,12,-7,919.4,NA,NA,80
1991,1,18,15,-6.7,918.4,9,30,77
1991,1,18,18,-6,917.5,NA,300,87
1991,1,18,21,-5.2,916.2,NA,310,77
1991,1,19,0,NA,915.5,1,250,74
1991,1,19,3,NA,914.8,1,60,89
1991,1,19,6,-4.7,915,3,60,93
1991,1,19,9,-6.2,915.3,NA,240,85
1991,1,19,12,-7.9,915.6,NA,250,90
1991,1,19,15,-6.2,916.8,NA,50,76
1991,1,19,18,-8.5,917.7,NA,250,83
1991,1,19,21,-5.8,919.5,NA,230,60
1991,1,20,0,-4.9,921,9,240,51
1991,1,20,3,-5.8,922.2,NA,250,71
1991,1,20,6,-4.5,923.6,NA,290,NA
1991,1,20,9,-6,925.4,NA,240,58
1991,1,20,12,-6,927,NA,360,70
1991,1,20,15,-6.7,928.1,NA,20,79
1991,1,20,18,-5,929.7,NA,30,62
1991,1,20,21,-4.4,930.6,NA,50,82
1991,1,21,0,-3.2,930.9,4,60,76
1991,1,21,3,-4.8,930.4,NA,50,89
1991,1,21,6,-5.2,929.4,NA,50,92
1991,1,21,9,-5.3,928.2,NA,60,92
1991,1,21,12,-5.9,926.1,NA,250,91
1991,1,21,15,-6.2,922.6,NA,240,91
1991,1,21,18,-5.9,918.1,NA,230,91
1991,1,21,21,-5.5,914.1,NA,240,87
1991,1,22,0,-6.8,909.3,NA,240,90
1991,1,22,3,-6,908.7,NA,240,91
1991,1,22,6,-4.4,909.4,NA,220,92
1991,1,22,9,-4.8,910.6,NA,230,92
1991,1,22,12,-5.1,911.5,NA,230,92
1991,1,22,15,-5.2,913.9,NA,220,92
1991,1,22,18,-6,916.8,NA,240,91
1991,1,22,21,-6.3,918.8,NA,240,91
1991,1,23,0,-6.4,921,NA,230,91
1991,1,23,3,-5.9,921.6,NA,NA,91
1991,1,23,6,-5.5,921.2,NA,NA,92
1991,1,23,9,-6,920.5,7,NA,91
1991,1,23,12,-6.3,918.5,NA,320,86
1991,1,23,15,-6.7,916.4,NA,360,89
1991,1,23,18,-5.9,915.3,NA,310,88
1991,1,23,21,-5.3,914.1,NA,240,85
1991,1,24,0,-4.1,912.8,NA,340,80
1991,1,24,3,-4.3,912.9,4,10,77
1991,1,24,6,-4.2,913.3,2,100,89
1991,1,24,9,-5.8,914.3,NA,220,91
1991,1,24,12,-6.7,914.7,NA,220,90
1991,1,24,15,-7,915.8,NA,240,82
1991,1,24,18,-7.6,916.5,23,220,81
1991,1,24,21,-7.3,918.5,19,230,82
1991,1,25,0,-7.8,919,NA,230,81
1991,1,25,3,-7.7,919.5,NA,240,80
1991,1,25,6,-7.7,919.7,NA,NA,84
1991,1,25,9,-8.6,919.6,NA,NA,88
1991,1,25,12,-8.9,919.3,NA,NA,89
1991,1,25,15,-9,918.3,NA,NA,86
1991,1,25,18,-7.2,918.7,42,NA,77
1991,1,25,21,-6.5,921.5,NA,NA,75
1991,1,26,0,-5.8,924.1,NA,220,91
1991,1,26,3,-5.3,926,NA,210,92
1991,1,26,6,-5.7,927.7,NA,200,91
1991,1,26,9,-6.9,928.6,NA,230,90
1991,1,26,12,-7.7,928.3,8,240,89
1991,1,26,15,-7.8,927.8,11,NA,84
1991,1,26,18,-7.8,928.1,NA,NA,83
1991,1,26,21,-6.4,928,NA,NA,59
1991,1,27,0,-5.6,928,NA,NA,49
1991,1,27,3,-4.9,927.9,32,NA,44
1991,1,27,6,-4.3,926.6,35,NA,40
1991,1,27,9,-3.8,927.8,31,NA,43
1991,1,27,12,-4.7,927.7,NA,230,46
1991,1,27,15,-5.9,929,NA,240,81
1991,1,27,18,-5.3,929,NA,240,58
1991,1,27,21,-3.4,928.6,NA,130,61
1991,1,28,0,-4.9,927.3,NA,60,79
1991,1,28,3,-4.6,925.9,6,90,67
1991,1,28,6,-6.2,924.7,9,10,63
1991,1,28,9,-6.6,924.2,NA,360,73
1991,1,28,12,-6.9,924,10,360,70
1991,1,28,15,-6.4,923.5,NA,20,59
1991,1,28,18,-5.7,923.1,NA,210,53
1991,1,28,21,-4.6,922.7,2,80,59
1991,1,29,0,NA,922.6,1,310,65
1991,1,29,3,-6.3,922.3,NA,230,66
1991,1,29,6,-5.4,922.1,NA,230,45
1991,1,29,9,-6.6,922.3,NA,230,61
1991,1,29,12,-6.8,923.3,NA,220,75
1991,1,29,15,-8.2,923,NA,250,88
1991,1,29,18,-7,922.9,NA,NA,83
1991,1,29,21,-6,922.9,NA,NA,59
1991,1,30,0,-6,922.5,5,NA,65
1991,1,30,3,-5.5,921.6,3,240,56
1991,1,30,6,-6.7,920.7,NA,230,73
1991,1,30,9,-7.5,919.6,NA,250,74
1991,1,30,12,-8.7,919.1,10,240,75
1991,1,30,15,-8.8,918.2,8,260,67
1991,1,30,18,-8.3,918.1,6,270,74
1991,1,30,21,-7.9,918.2,4,270,76
1991,1,31,0,-7.5,918.8,5,250,88
1991,1,31,3,-8.2,919.4,NA,240,88
1991,1,31,6,-8.4,920.4,9,250,89
1991,1,31,9,-8.2,921.8,10,230,89
1991,1,31,12,-8.4,923.1,9,230,88
1991,1,31,15,-8.7,924.3,8,240,88
1991,1,31,18,-8.5,925.8,8,230,89
1991,1,31,21,-8.3,926.1,8,220,89
1991,2,1,0,-8.2,928.4,6,240,89
1991,2,1,3,-7.8,929.5,NA,240,89
1991,2,1,6,-6.3,931.7,NA,150,90
1991,2,1,9,-6.7,933.1,NA,140,90
1991,2,1,12,-7.1,933.5,5,180,90
1991,2,1,15,-7.3,933.1,9,200,90
1991,2,1,18,-7.7,931.8,NA,230,90
1991,2,1,21,-7.6,930.3,NA,220,90
1991,2,2,0,-7.7,930.3,NA,NA,90
1991,2,2,3,-7.7,930.2,33,NA,89
1991,2,2,6,-7.9,929.7,34,NA,90
1991,2,2,9,-8,929.7,30,230,90
1991,2,2,12,-7.8,929,NA,220,89
1991,2,2,15,-8,928.4,29,220,90
1991,2,2,18,-8.2,927.6,32,230,90
1991,2,2,21,-8.4,928.6,NA,NA,89
1991,2,3,0,-8.4,928.5,28,NA,89
1991,2,3,3,-8.2,927.8,NA,NA,89
1991,2,3,6,-8.2,927.8,28,220,89
1991,2,3,9,-8.4,928,29,240,88
1991,2,3,12,-8.5,928.2,28,220,89
1991,2,3,15,-9,928.3,NA,230,88
1991,2,3,18,-8.5,927.8,25,240,83
1991,2,3,21,-8.3,928.5,23,220,87
1991,2,4,0,-7.7,928.5,NA,220,82
1991,2,4,3,-7.7,929.1,21,220,77
1991,2,4,6,-8.2,928.9,NA,240,80
1991,2,4,9,-8.3,929.3,NA,230,89
1991,2,4,12,-8.5,929.4,30,230,82
1991,2,4,15,-8.6,929,34,240,83
1991,2,4,18,-8.1,929.6,33,240,87
1991,2,4,21,-8.4,929.7,31,230,86
1991,2,5,0,-8,931,NA,230,77
1991,2,5,3,-8.1,931,NA,220,83
1991,2,5,6,-7.9,931.2,NA,230,80
1991,2,5,9,-8.2,931.3,21,NA,82
1991,2,5,12,-8.1,931.4,21,NA,66
1991,2,5,15,-7.9,931.3,17,NA,60
1991,2,5,18,-8.2,931.2,NA,220,69
1991,2,5,21,-8.4,931.7,NA,220,88
1991,2,6,0,-8.6,931.3,NA,230,89
1991,2,6,3,-8.3,930.2,NA,230,81
1991,2,6,6,-7.1,929.3,NA,350,62
1991,2,6,9,-8.1,928.2,6,50,80
1991,2,6,12,-8.3,927,NA,40,73
1991,2,6,15,-9.1,925.3,6,30,86
1991,2,6,18,-8.4,924.2,4,40,68
1991,2,6,21,-8.2,923.5,NA,290,65
1991,2,7,0,-8.2,922.9,2,240,71
1991,2,7,3,-8.3,922.1,NA,230,72
1991,2,7,6,-7.2,922.6,NA,250,61
1991,2,7,9,-8.8,923.4,NA,270,59
1991,2,7,12,-9.6,923.8,7,260,66
1991,2,7,15,-8.7,924.5,3,250,72
1991,2,7,18,-8,925.6,5,250,79
1991,2,7,21,-7.5,927.6,4,240,84
1991,2,8,0,-7.6,930.2,4,250,82
1991,2,8,3,-6.4,932.7,2,160,80
1991,2,8,6,-7.7,935.4,2,220,86
1991,2,8,9,-8.6,937.4,NA,230,81
1991,2,8,12,-8.2,938.4,6,210,62
1991,2,8,15,-8.2,938.8,NA,80,59
1991,2,8,18,-8.7,938.8,4,20,66
1991,2,8,21,-7,938.9,NA,350,53
1991,2,9,0,-6.5,938,NA,20,74
1991,2,9,3,-6.4,936.8,NA,240,57
1991,2,9,6,NA,935.3,1,50,34
1991,2,9,9,-5,934.5,NA,240,35
1991,2,9,12,-5,933.7,4,260,31
1991,2,9,15,-3.7,932.7,NA,0,20
1991,2,9,18,NA,932,1,10,83
1991,2,9,21,NA,931.9,1,250,33
1991,2,10,0,-6,932.7,NA,240,88
1991,2,10,3,-3.8,933.4,NA,80,61
1991,2,10,6,-5.7,932.8,NA,40,72
1991,2,10,9,-6.7,932.9,NA,360,76
1991,2,10,12,-6.6,933,NA,340,76
1991,2,10,15,-6.6,932,NA,340,56
1991,2,10,18,-8.3,931.7,11,230,72
1991,2,10,21,-8.3,931.2,12,220,73
1991,2,11,0,-8.2,931.3,9,220,76
1991,2,11,3,-8.4,930.3,NA,240,81
1991,2,11,6,-8.7,930.4,NA,NA,75
1991,2,11,9,-9,930.6,18,NA,73
1991,2,11,12,-9,930.3,17,NA,70
1991,2,11,15,-9,930.2,15,230,70
1991,2,11,18,-9.2,930,18,NA,75
1991,2,11,21,-9,929.6,16,NA,78
1991,2,12,0,-8.6,929.3,16,NA,75
1991,2,12,3,-8.8,929,12,NA,75
1991,2,12,6,-8.8,928.5,NA,210,80
1991,2,12,9,-9.1,928,NA,230,79
1991,2,12,12,-9.9,927.8,NA,240,74
1991,2,12,15,-10.1,926.9,17,240,63
1991,2,12,18,-9,925.6,NA,250,55
1991,2,12,21,-7.7,926.4,NA,240,51
1991,2,13,0,-8.3,925.6,NA,220,82
1991,2,13,3,-8.8,925.7,NA,240,88
1991,2,13,6,-8.6,925.5,NA,250,87
1991,2,13,9,-8.7,925.1,NA,290,63
1991,2,13,12,-9.1,924.6,5,280,57
1991,2,13,15,-9.2,924.2,4,270,57
1991,2,13,18,-8.4,923.7,2,310,47
1991,2,13,21,NA,923.5,1,240,43
1991,2,14,0,NA,923.2,1,250,40
1991,2,14,3,-5.9,922.9,3,280,40
1991,2,14,6,-7.3,922.4,4,360,41
1991,2,14,9,-8.5,922.4,NA,260,70
1991,2,14,12,-8.6,922.4,NA,240,73
1991,2,14,15,-8.5,922.2,8,240,84
1991,2,14,18,-9.2,922.1,9,220,87
1991,2,14,21,-9.3,921.5,NA,230,82
1991,2,15,0,-8.6,921.4,NA,230,89
1991,2,15,3,-8.6,921.4,14,230,82
1991,2,15,6,-8.9,921.2,15,240,88
1991,2,15,9,-9,921.6,12,240,88
1991,2,15,12,-9.1,921.9,NA,260,87
1991,2,15,15,-9.7,921.7,NA,250,87
1991,2,15,18,-9.9,921.7,4,260,87
1991,2,15,21,-9.3,922.1,2,270,87
1991,2,16,0,-9.2,922.6,6,260,88
1991,2,16,3,-9,923,2,280,88
1991,2,16,6,-9.9,923.7,NA,270,87
1991,2,16,9,-9.9,924.6,NA,260,87
1991,2,16,12,-9.4,925.8,9,250,88
1991,2,16,15,-9.9,926.3,NA,260,87
1991,2,16,18,-10.7,926.1,NA,30,87
1991,2,16,21,-9,925.4,3,60,88
1991,2,17,0,-9.8,924.7,2,260,87
1991,2,17,3,NA,924.3,1,320,76
1991,2,17,6,-9,924.4,NA,260,58
1991,2,17,9,-10.4,924.5,NA,240,71
1991,2,17,12,-10.3,925.4,NA,230,87
1991,2,17,15,-10.6,924.6,NA,230,87
1991,2,17,18,-11.3,924.5,NA,240,82
1991,2,17,21,-10.4,924.1,NA,240,72
1991,2,18,0,-9.9,924.7,NA,240,64
1991,2,18,3,-10,923,NA,230,59
1991,2,18,6,-9.5,922.3,24,230,54
1991,2,18,9,-9.2,921,NA,240,51
1991,2,18,12,-8.5,919.5,NA,240,59
1991,2,18,15,-8.6,918.5,NA,220,64
1991,2,18,18,-8,918.1,39,240,60
1991,2,18,21,-7.7,918.5,NA,230,45
1991,2,19,0,-8.6,920.2,NA,230,57
1991,2,19,3,-8.1,920.4,NA,240,50
1991,2,19,6,-7.8,920,NA,240,46
1991,2,19,9,-7.7,920.4,11,250,40
1991,2,19,12,-7.7,921.1,NA,NA,41
1991,2,19,15,-7.7,921.9,15,NA,45
1991,2,19,18,-7.4,923.8,NA,NA,44
1991,2,19,21,-7,925.5,NA,240,44
1991,2,20,0,-6.6,927.6,NA,240,58
1991,2,20,3,-5,928.8,4,360,56
1991,2,20,6,-5.9,930.2,3,10,59
1991,2,20,9,-5.9,932,4,350,45
1991,2,20,12,-6.4,933.9,3,10,54
1991,2,20,15,-6.3,935.3,6,240,66
1991,2,20,18,-8,936.7,NA,230,60
1991,2,20,21,-5.9,938.1,NA,NA,63
1991,2,21,0,-5,938.7,NA,NA,71
1991,2,21,3,-6.1,938.5,NA,NA,85
1991,2,21,6,-5.9,939.3,NA,240,91
1991,2,21,9,-5.7,939.8,NA,230,91
1991,2,21,12,-5.2,940.2,17,210,91
1991,2,21,15,-5.6,939.3,16,230,86
1991,2,21,18,-5,938.9,14,200,91
1991,2,21,21,-5,938.2,NA,200,91
1991,2,22,0,-4.6,936.5,NA,140,91
1991,2,22,3,-3.8,934.7,NA,20,77
1991,2,22,6,-5.6,933,4,30,86
1991,2,22,9,-5.4,932,4,360,77
1991,2,22,12,-5.9,930.8,6,250,72
1991,2,22,15,-5.9,929.8,NA,230,91
1991,2,22,18,-6.8,928.5,NA,230,90
1991,2,22,21,-6.2,928.1,NA,220,90
1991,2,23,0,-6.6,929,NA,230,90
1991,2,23,3,-6.8,928.8,NA,NA,90
1991,2,23,6,-5.8,929.1,31,NA,85
1991,2,23,9,-6.3,931,31,NA,90
1991,2,23,12,-6.2,931.1,32,NA,90
1991,2,23,15,-6.2,931.7,NA,220,90
1991,2,23,18,-6.5,932,NA,230,90
1991,2,23,21,-6.7,931,30,220,90
1991,2,24,0,-6.5,931.2,26,230,89
1991,2,24,3,-6.5,930.5,NA,210,90
1991,2,24,6,-7.1,929.9,NA,220,90
1991,2,24,9,-7.4,928.4,NA,220,90
1991,2,24,12,-7.5,926.7,NA,230,90
1991,2,24,15,-7.8,924.8,NA,240,88
1991,2,24,18,-8,924.8,NA,230,81
1991,2,24,21,-9.1,924.3,NA,230,83
1991,2,25,0,-9.1,923.4,24,230,80
1991,2,25,3,-9.6,922.3,NA,220,84
1991,2,25,6,-9.7,922.6,NA,220,68
1991,2,25,9,-10.4,922.1,NA,230,79
1991,2,25,12,-10,921.6,18,240,81
1991,2,25,15,-9.9,921.5,NA,NA,87
1991,2,25,18,-10.1,921.4,NA,NA,88
1991,2,25,21,-9.9,921.5,14,NA,87
1991,2,26,0,-9.8,921.5,15,220,87
1991,2,26,3,-9.7,920.3,NA,NA,85
1991,2,26,6,-9.6,921.2,NA,NA,87
1991,2,26,9,-9.6,921.7,NA,NA,81
1991,2,26,12,-9.6,921.7,NA,230,77
1991,2,26,15,-8.8,920.3,NA,240,67
1991,2,26,18,-9.9,920.5,19,230,69
1991,2,26,21,-9.5,917.6,NA,230,86
1991,2,27,0,-9.5,917.4,NA,240,79
1991,2,27,3,-9.3,918.2,NA,NA,74
1991,2,27,6,-9.2,917.7,38,NA,74
1991,2,27,9,-9,916.7,NA,NA,71
1991,2,27,12,-8.7,917.9,39,NA,75
1991,2,27,15,-8.8,917.3,38,230,75
1991,2,27,18,-8.3,917.1,40,240,74
1991,2,27,21,-7.2,916.5,NA,230,71
1991,2,28,0,-7.9,917,NA,240,80
1991,2,28,3,-7.8,919.1,45,NA,78
1991,2,28,6,-7.7,921,NA,NA,78
1991,2,28,9,-7.6,921.4,NA,NA,72
1991,2,28,12,-8.1,922.5,38,NA,75
1991,2,28,15,-8,925.2,NA,NA,67
1991,2,28,18,-8,926.7,NA,NA,67
1991,2,28,21,-7.9,926.7,NA,20,68
1991,3,1,0,-6.9,925.7,NA,50,79
1991,3,1,3,-7.6,924.2,NA,190,64
1991,3,1,6,-7,922.7,NA,250,57
1991,3,1,9,-8,920.9,NA,250,62
1991,3,1,12,-7.5,919.6,3,10,50
1991,3,1,15,-8.8,918.6,2,220,62
1991,3,1,18,-10.9,917.7,NA,250,78
1991,3,1,21,-9.2,916.6,NA,220,76
1991,3,2,0,-7.9,916.1,NA,250,77
1991,3,2,3,-9.5,914,NA,230,85
1991,3,2,6,-10.9,913.5,NA,230,82
1991,3,2,9,-10.6,914,NA,250,77
1991,3,2,12,-11.2,912.9,NA,240,85
1991,3,2,15,-10.6,911.5,NA,NA,83
1991,3,2,18,-10.9,911.9,NA,NA,86
1991,3,2,21,-10.8,913.6,NA,NA,86
1991,3,3,0,-10.9,913.1,59,NA,87
1991,3,3,3,-10.3,916.2,NA,250,85
1991,3,3,6,-10.9,918.4,NA,230,87
1991,3,3,9,-10.7,918.7,51,240,84
1991,3,3,12,-10.1,919.6,NA,240,67
1991,3,3,15,-10.1,921.6,NA,250,67
1991,3,3,18,-10.1,921.5,NA,240,67
1991,3,3,21,-10.4,921.4,NA,220,77
1991,3,4,0,-10.4,920.7,NA,250,87
1991,3,4,3,-9.6,918.3,NA,20,76
1991,3,4,6,-9.9,916.9,11,30,79
1991,3,4,9,-10.2,916.1,NA,50,70
1991,3,4,12,-10.9,915.1,NA,260,57
1991,3,4,15,-12.8,914.1,NA,230,85
1991,3,4,18,-12.4,914.2,13,260,68
1991,3,4,21,-11.6,914.9,NA,260,81
1991,3,5,0,-11.5,915.4,NA,40,85
1991,3,5,3,-11.4,916,3,240,86
1991,3,5,6,-11.2,917.1,3,120,86
1991,3,5,9,-11.3,918.3,3,170,86
1991,3,5,12,-11.1,918.9,2,320,86
1991,3,5,15,-10.7,919.1,2,270,85
1991,3,5,18,-10.9,918.7,NA,250,87
1991,3,5,21,-10.7,917.5,NA,240,86
1991,3,6,0,-10.2,916.4,NA,260,83
1991,3,6,3,-9.9,916.2,NA,270,71
1991,3,6,6,-10.6,918.4,NA,270,69
1991,3,6,9,-9.9,919.5,32,250,67
1991,3,6,12,-10.7,920.6,32,260,63
1991,3,6,15,-10.5,922.8,NA,250,66
1991,3,6,18,-10.4,923.9,NA,240,71
1991,3,6,21,-10,924.9,NA,240,79
1991,3,7,0,-9.8,925.5,NA,230,87
1991,3,7,3,-9.8,925.7,9,230,87
1991,3,7,6,-10.2,926.4,NA,260,87
1991,3,7,9,-10.9,926.8,NA,0,87
1991,3,7,12,-10.4,926.6,NA,270,87
1991,3,7,15,-10.3,926.2,3,270,87
1991,3,7,18,-10.1,924.7,6,240,87
1991,3,7,21,-9.2,923.6,NA,60,88
1991,3,8,0,-8.5,921.1,8,90,89
1991,3,8,3,-9,919.4,NA,110,88
1991,3,8,6,-9.4,917.8,NA,140,88
1991,3,8,9,-10.2,917.5,10,220,87
1991,3,8,12,-10.3,916.9,14,NA,87
1991,3,8,15,-11.3,915.9,NA,NA,87
1991,3,8,18,-11.7,915.6,NA,NA,86
1991,3,8,21,-12.2,918.4,19,240,85
1991,3,9,0,-11.9,919.2,19,240,85
1991,3,9,3,-11.4,921.4,NA,230,75
1991,3,9,6,-12,923.3,NA,230,76
1991,3,9,9,-13.1,924.2,NA,240,82
1991,3,9,12,-13.5,924.2,NA,360,76
1991,3,9,15,-12.1,922.8,NA,50,82
1991,3,9,18,-12.1,921,NA,20,86
1991,3,9,21,-12.1,919.1,NA,260,84
1991,3,10,0,-10.8,918,8,240,75
1991,3,10,3,-8.7,916.6,NA,270,81
1991,3,10,6,-9.1,914.7,NA,10,79
1991,3,10,9,-10,912.9,4,330,78
1991,3,10,12,-9,911.3,NA,340,68
1991,3,10,15,-9.4,910.9,5,280,70
1991,3,10,18,-11.1,911.4,7,190,87
1991,3,10,21,-11.5,912,5,220,86
1991,3,11,0,-11.5,912.6,4,260,86
1991,3,11,3,-11.5,913.4,4,200,86
1991,3,11,6,-12,914.6,8,230,85
1991,3,11,9,-12.1,916,5,210,85
1991,3,11,12,-12.6,917.2,4,230,85
1991,3,11,15,-12.6,918.4,2,270,84
1991,3,11,18,-11.8,918.5,NA,40,85
1991,3,11,21,-11.7,918.7,NA,50,86
1991,3,12,0,-10.8,918.8,NA,60,87
1991,3,12,3,-9.8,919.3,1,190,88
1991,3,12,6,-10.9,919.3,NA,230,87
1991,3,12,9,-10.9,920.2,NA,230,87
1991,3,12,12,-10.6,922.5,NA,170,87
1991,3,12,15,-12.9,922.8,3,210,85
1991,3,12,18,-12.8,923.1,1,110,85
1991,3,12,21,-12.1,923,NA,NA,86
1991,3,13,0,-12.1,922.7,3,40,85
1991,3,13,3,-11.1,922.5,NA,40,86
1991,3,13,6,-10.9,922.5,NA,70,87
1991,3,13,9,-10.7,922.1,NA,40,87
1991,3,13,12,-10.5,921.5,NA,280,87
1991,3,13,15,-11.1,920.6,2,NA,87
1991,3,13,18,-9.5,919.9,5,30,87
1991,3,13,21,-10.2,919.6,NA,230,87
1991,3,14,0,-10.8,918.8,9,220,87
1991,3,14,3,-12.1,917.5,10,220,85
1991,3,14,6,-13.4,915.7,NA,220,84
1991,3,14,9,-14.7,913.7,NA,230,83
1991,3,14,12,-15.9,911.8,NA,230,82
1991,3,14,15,-17.3,911,NA,230,80
1991,3,14,18,-15.9,909.7,NA,250,70
1991,3,14,21,-16.1,909.1,NA,230,78
1991,3,15,0,-16.1,909.7,NA,240,74
1991,3,15,3,-16.6,909.4,NA,230,80
1991,3,15,6,-16,910.1,NA,230,76
1991,3,15,9,-16.7,910,NA,240,81
1991,3,15,12,-16.6,909.2,NA,240,80
1991,3,15,15,-17,907.9,17,220,80
1991,3,15,18,-17.7,907.1,18,230,79
1991,3,15,21,-18.2,906,17,NA,79
1991,3,16,0,-18.4,905.5,20,NA,73
1991,3,16,3,-19.1,904.2,NA,NA,77
1991,3,16,6,-19.5,905.5,NA,NA,77
1991,3,16,9,-19.5,907.8,NA,NA,77
1991,3,16,12,-19.3,909.4,NA,240,77
1991,3,16,15,-19.4,910,18,240,77
1991,3,16,18,-19.5,910.3,18,230,74
1991,3,16,21,-19.9,909.5,NA,NA,72
1991,3,17,0,-20,908.5,NA,NA,78
1991,3,17,3,-20.1,906.7,NA,NA,76
1991,3,17,6,-18.1,909.7,NA,250,75
1991,3,17,9,-18.6,911.3,NA,240,78
1991,3,17,12,-18.6,912.1,34,220,73
1991,3,17,15,-18.9,914.1,NA,230,74
1991,3,17,18,-19.1,913.5,NA,220,78
1991,3,17,21,-19.4,912.1,18,220,76
1991,3,18,0,-19.5,911.4,NA,230,76
1991,3,18,3,-19.7,910.3,NA,220,76
1991,3,18,6,-20.1,909.5,8,240,76
1991,3,18,9,-20.4,908.6,10,220,76
1991,3,18,12,-20.7,908.4,12,220,76
1991,3,18,15,-22,908.1,NA,230,74
1991,3,18,18,-22.9,908.3,NA,NA,73
1991,3,18,21,-22.7,909.8,14,NA,73
1991,3,19,0,-22.6,911.4,NA,NA,72
1991,3,19,3,-22,912.3,15,220,74
1991,3,19,6,-21.9,914.4,15,230,74
1991,3,19,9,-21.5,917.5,NA,260,75
1991,3,19,12,-19.9,918.5,NA,250,61
1991,3,19,15,-18.1,920.8,NA,230,57
1991,3,19,18,-17.6,922.7,27,250,68
1991,3,19,21,-17.2,924.2,NA,220,69
1991,3,20,0,-16.8,923.6,NA,240,79
1991,3,20,3,-16.8,921.3,NA,240,80
1991,3,20,6,-16.9,918.4,16,240,80
1991,3,20,9,-16.7,914.9,NA,230,80
1991,3,20,12,-17,912.6,NA,230,80
1991,3,20,15,-17.3,911.5,25,230,79
1991,3,20,18,-17.2,911.9,NA,240,80
1991,3,20,21,-17.5,912.7,NA,230,79
1991,3,21,0,-17.8,913.6,NA,220,79
1991,3,21,3,-18.3,913.9,NA,230,79
1991,3,21,6,-18.7,914.1,NA,230,78
1991,3,21,9,-17,915.4,37,250,80
1991,3,21,12,-18,915.4,NA,240,79
1991,3,21,15,-19.1,915,NA,230,77
1991,3,21,18,-19.4,916.3,NA,NA,76
1991,3,21,21,-20,916.8,NA,NA,76
1991,3,22,0,-19.5,918.4,NA,NA,76
1991,3,22,3,-20.8,918.1,NA,240,76
1991,3,22,6,-21,918.6,21,250,75
1991,3,22,9,-21.4,919.3,NA,260,75
1991,3,22,12,-21.2,919.4,19,250,75
1991,3,22,15,-20.7,919.7,20,240,76
1991,3,22,18,-20.9,920.2,22,240,75
1991,3,22,21,-20.9,920.4,24,230,75
1991,3,23,0,-20.7,921.8,20,NA,76
1991,3,23,3,-21.4,921.9,NA,NA,74
1991,3,23,6,-22.3,922.4,NA,NA,73
1991,3,23,9,-22.6,921.9,NA,NA,73
1991,3,23,12,-24.2,922.2,36,NA,71
1991,3,23,15,-24.3,922.9,NA,NA,71
1991,3,23,18,-24.3,922.5,NA,NA,67
1991,3,23,21,-24.8,922,NA,220,62
1991,3,24,0,-25,922.1,NA,220,63
1991,3,24,3,-24.7,921,NA,210,67
1991,3,24,6,-24.8,919.2,21,230,49
1991,3,24,9,-22.8,919.4,NA,200,52
1991,3,24,12,NA,918,NA,240,29
1991,3,24,15,-19.4,916.5,NA,250,39
1991,3,24,18,-19.5,915.5,NA,300,28
1991,3,24,21,-19.6,914.9,NA,190,48
1991,3,25,0,-20.7,914.2,2,240,74
1991,3,25,3,-18.3,913.1,NA,NA,37
1991,3,25,6,-18,911.8,NA,330,21
1991,3,25,9,-18,911.3,5,350,22
1991,3,25,12,-19.2,912.2,4,20,29
1991,3,25,15,-19.3,913.3,NA,0,53
1991,3,25,18,-20.2,914.5,1,250,64
1991,3,25,21,-20.9,915.9,NA,250,75
1991,3,26,0,-20.5,917.9,NA,250,67
1991,3,26,3,-19.3,919.3,10,240,57
1991,3,26,6,-18.1,921,NA,10,38
1991,3,26,9,-19.2,921.2,NA,20,44
1991,3,26,12,-18.4,922.3,NA,320,35
1991,3,26,15,-19.8,923.8,NA,240,75
1991,3,26,18,-18.7,926.2,NA,250,78
1991,3,26,21,-19,928.9,NA,140,77
1991,3,27,0,-18.9,930.7,4,80,77
1991,3,27,3,-18.5,931,NA,50,78
1991,3,27,6,-16.6,930.9,NA,30,80
1991,3,27,9,-15.1,930.2,NA,20,81
1991,3,27,12,-14,930.9,17,20,83
1991,3,27,15,-12.4,931.2,NA,30,85
1991,3,27,18,-14.2,930.3,NA,280,83
1991,3,27,21,-16.8,929.1,NA,260,80
1991,3,28,0,-14.5,927.5,NA,240,82
1991,3,28,3,-15,926.9,NA,220,83
1991,3,28,6,-15.5,928.9,NA,230,80
1991,3,28,9,-16.2,931,36,230,81
1991,3,28,12,-16,933.7,NA,230,80
1991,3,28,15,-16.2,935.5,NA,240,80
1991,3,28,18,-16.3,936.1,NA,230,80
1991,3,28,21,-16.9,935.5,16,230,80
1991,3,29,0,-17.3,935,12,220,80
1991,3,29,3,-17.8,933.3,NA,240,79
1991,3,29,6,-19.3,931.1,NA,290,78
1991,3,29,9,-18.3,928.9,NA,160,79
1991,3,29,12,-18.7,926.3,2,120,78
1991,3,29,15,-18.7,923.7,2,80,78
1991,3,29,18,-17.5,921.6,2,80,79
1991,3,29,21,-16.3,920.2,NA,NA,80
1991,3,30,0,-14.5,918.7,1,20,83
1991,3,30,3,-16.5,918,2,170,80
1991,3,30,6,-18.4,918.5,3,190,78
1991,3,30,9,-20.1,917.2,NA,220,76
1991,3,30,12,-20.9,917.2,7,220,75
1991,3,30,15,-21.2,915.8,10,220,74
1991,3,30,18,-22.8,915.9,NA,240,73
1991,3,30,21,-24.2,915.2,12,230,71
1991,3,31,0,-24.5,915.7,10,240,71
1991,3,31,3,-24.9,916.6,12,240,69
1991,3,31,6,-25.3,918.3,10,220,69
1991,3,31,9,-25,919.4,10,230,69
1991,3,31,12,-24.7,920.5,9,230,70
1991,3,31,15,-24.4,921,NA,230,71
1991,3,31,18,-23.6,923.3,NA,240,71
1991,3,31,21,-23,927.2,16,230,72
1991,4,1,0,-23,929.6,17,230,72
1991,4,1,3,-23.1,931.5,15,240,72
1991,4,1,6,-23.1,932.4,NA,240,72
1991,4,1,9,-23,932.2,11,240,72
1991,4,1,12,-22.8,930.8,NA,260,72
1991,4,1,15,-22.2,926.9,NA,250,73
1991,4,1,18,-20.9,922.7,NA,260,75
1991,4,1,21,-20.9,917.9,NA,230,75
1991,4,2,0,-19.9,917.3,NA,230,76
1991,4,2,3,-20.5,920.5,NA,250,75
1991,4,2,6,-20.1,925.6,NA,230,76
1991,4,2,9,-18.4,928.6,NA,320,80
1991,4,2,12,-18.2,928.5,NA,20,78
1991,4,2,15,-18.1,927.4,NA,10,77
1991,4,2,18,-17.1,926.5,NA,280,73
1991,4,2,21,-15,925.5,NA,30,79
1991,4,3,0,-16.4,924.4,4,250,72
1991,4,3,3,-14.9,923.7,5,250,62
1991,4,3,6,-16.3,922.5,7,250,75
1991,4,3,9,-16.2,920.8,NA,320,80
1991,4,3,12,-13.7,918.7,NA,240,55
1991,4,3,15,NA,916.8,3,270,30
1991,4,3,18,-15,915.3,6,110,83
1991,4,3,21,NA,916.8,4,190,80
1991,4,4,0,NA,915.3,NA,220,74
1991,4,4,3,NA,913.9,NA,230,72
1991,4,4,6,-24.4,913.4,NA,240,70
1991,4,4,9,-25,915.2,NA,230,69
1991,4,4,12,-25.5,920,NA,230,69
1991,4,4,15,-25.3,922,NA,240,67
1991,4,4,18,-24.8,922.5,NA,230,67
1991,4,4,21,-25.7,925.1,36,230,68
1991,4,5,0,-24.4,928.3,NA,230,60
1991,4,5,3,-24.8,928.7,NA,220,70
1991,4,5,6,-25.5,928.6,NA,240,69
1991,4,5,9,-25.4,928,NA,10,69
1991,4,5,12,-24.3,926.6,2,350,71
1991,4,5,15,-24.3,924.9,NA,10,47
1991,4,5,18,-24.7,923.7,NA,360,44
1991,4,5,21,-25.4,923.2,11,360,69
1991,4,6,0,-23.7,923.7,NA,50,70
1991,4,6,3,-22.9,924.6,NA,150,72
1991,4,6,6,-23.3,925.9,3,260,72
1991,4,6,9,-23.1,926.9,3,180,71
1991,4,6,12,-23.8,927.2,1,80,71
1991,4,6,15,-23.5,926.9,NA,60,72
1991,4,6,18,-23.3,926.9,NA,60,72
1991,4,6,21,-22.1,927.5,NA,160,72
1991,4,7,0,-20.8,927.6,NA,250,75
1991,4,7,3,-20.8,927.3,6,240,74
1991,4,7,6,-20.4,926.6,7,220,75
1991,4,7,9,-23.3,925.1,NA,250,72
1991,4,7,12,-21.8,924,NA,250,74
1991,4,7,15,-21.2,922.9,14,220,74
1991,4,7,18,-20.3,922.1,16,220,76
1991,4,7,21,-19.8,922.2,16,230,76
1991,4,8,0,-18.5,921.1,18,230,78
1991,4,8,3,-17.9,921,19,220,79
1991,4,8,6,-17.5,921.1,19,230,79
1991,4,8,9,-18,922,17,230,78
1991,4,8,12,-17.8,921.9,NA,240,78
1991,4,8,15,-18,921.4,13,220,79
1991,4,8,18,-17.9,921,NA,220,79
1991,4,8,21,-18.9,921.2,11,240,77
1991,4,9,0,-19.1,921.3,NA,230,77
1991,4,9,3,-19.1,921.5,NA,230,76
1991,4,9,6,-19.4,923.1,14,220,63
1991,4,9,9,-20,923.7,15,230,67
1991,4,9,12,-20.6,924.4,NA,260,75
1991,4,9,15,-20.9,924.7,NA,40,75
1991,4,9,18,-21.5,924.7,NA,80,74
1991,4,9,21,-22.6,924.8,4,150,72
1991,4,10,0,-22.5,924.7,2,110,73
1991,4,10,3,-22.5,923.8,2,190,69
1991,4,10,6,-22.8,922.8,1,120,72
1991,4,10,9,-23.6,922.7,2,230,71
1991,4,10,12,-22.7,923,4,240,72
1991,4,10,15,-22.4,924.4,NA,230,73
1991,4,10,18,-24.3,925.9,NA,240,70
1991,4,10,21,-24.5,926.4,11,200,70
1991,4,11,0,-25.1,925.6,NA,20,69
1991,4,11,3,-25.1,923.8,NA,360,68
1991,4,11,6,-25.5,923.4,7,20,69
1991,4,11,9,-24.8,924.5,NA,260,61
1991,4,11,12,-23.4,925.2,NA,260,53
1991,4,11,15,-23.3,924.6,4,10,41
1991,4,11,18,-24.2,924.5,NA,20,46
1991,4,11,21,-24.6,924.8,NA,20,60
1991,4,12,0,-22.6,925,16,10,67
1991,4,12,3,-23.5,926.7,NA,360,60
1991,4,12,6,-23.5,928.6,NA,360,62
1991,4,12,9,-24.2,930.9,NA,270,62
1991,4,12,12,-24.9,931.9,NA,230,69
1991,4,12,15,-26.1,933.2,NA,240,67
1991,4,12,18,-26.8,933.9,NA,230,63
1991,4,12,21,-26.2,936.4,NA,230,49
1991,4,13,0,-25.6,936.2,NA,220,43
1991,4,13,3,NA,935.3,NA,240,37
1991,4,13,6,NA,936.2,NA,230,33
1991,4,13,9,-20.5,936,NA,230,35
1991,4,13,12,-19.6,935.7,12,230,36
1991,4,13,15,-22.9,934.8,NA,240,45
1991,4,13,18,-21.5,933.9,NA,250,60
1991,4,13,21,-20.9,933.9,NA,250,55
1991,4,14,0,-19.9,932.4,NA,230,59
1991,4,14,3,-19.6,929.7,NA,230,57
1991,4,14,6,-20.1,930.3,NA,220,60
1991,4,14,9,-20.1,928.2,NA,230,59
1991,4,14,12,-19,927.1,NA,230,56
1991,4,14,15,-19.5,924.1,NA,240,54
1991,4,14,18,-17.7,922.3,NA,230,57
1991,4,14,21,-16,920.9,25,230,50
1991,4,15,0,-15.6,919.6,NA,220,53
1991,4,15,3,-13.2,917.7,NA,250,46
1991,4,15,6,-12.9,915.1,NA,40,40
1991,4,15,9,-13.9,913.1,NA,250,42
1991,4,15,12,-14.8,912.3,NA,260,56
1991,4,15,15,-17.4,911.5,NA,150,79
1991,4,15,18,-17.6,912.1,5,40,75
1991,4,15,21,-17.1,912.1,2,10,54
1991,4,16,0,-18.2,912,NA,10,56
1991,4,16,3,-16.4,910.7,NA,330,35
1991,4,16,6,-18.3,909,NA,10,55
1991,4,16,9,-18.5,907.4,NA,360,45
1991,4,16,12,-18.2,906.8,14,10,50
1991,4,16,15,-16.9,905.6,16,30,44
1991,4,16,18,-16.7,904.5,NA,30,67
1991,4,16,21,-14.5,905.7,16,30,81
1991,4,17,0,-13.5,907.9,NA,230,83
1991,4,17,3,NA,909,NA,250,79
1991,4,17,6,-17.9,909.8,NA,240,79
1991,4,17,9,-17.4,912,NA,230,79
1991,4,17,12,-17.8,912.4,NA,220,78
1991,4,17,15,-17.4,911.3,NA,220,79
1991,4,17,18,-16.8,913,34,230,80
1991,4,17,21,-16.1,916.3,33,220,80
1991,4,18,0,-15.9,916.6,37,220,80
1991,4,18,3,-13.1,916,NA,240,84
1991,4,18,6,-12.2,917.1,NA,230,84
1991,4,18,9,-13.4,919.8,44,NA,83
1991,4,18,12,-11.6,917.4,NA,NA,84
1991,4,18,15,-11.5,919.7,NA,NA,81
1991,4,18,18,-11.2,920.3,NA,NA,74
1991,4,18,21,-10.5,921,NA,240,71
1991,4,19,0,-11.5,921.4,NA,230,75
1991,4,19,3,-12.2,922.4,NA,230,77
1991,4,19,6,-12.2,923.3,NA,0,71
1991,4,19,9,-12.4,923.1,NA,50,79
1991,4,19,12,-13.4,922.9,NA,40,84
1991,4,19,15,-14,924.2,NA,220,83
1991,4,19,18,-13.7,925.1,NA,230,83
1991,4,19,21,-14,927,NA,280,83
1991,4,20,0,-15.7,928.7,NA,230,81
1991,4,20,3,-16.6,930.5,NA,230,80
1991,4,20,6,-15.7,932.2,3,250,81
1991,4,20,9,-15.7,933.4,7,250,81
1991,4,20,12,-17.3,934.3,NA,230,80
1991,4,20,15,-17.1,934.6,9,240,79
1991,4,20,18,-17.3,935.8,9,240,79
1991,4,20,21,-17,937.2,8,230,80
1991,4,21,0,-17.7,938.4,9,240,79
1991,4,21,3,-17.9,939,12,220,79
1991,4,21,6,-19.1,940.2,11,220,77
1991,4,21,9,-20,940.9,10,230,76
1991,4,21,12,-20.4,941.8,9,230,76
1991,4,21,15,-21.2,942.5,10,230,74
1991,4,21,18,-21.3,942.4,10,220,74
1991,4,21,21,-21.6,943.3,9,220,74
1991,4,22,0,-21.6,944.2,6,230,75
1991,4,22,3,-21.8,942.4,8,240,74
1991,4,22,6,-22.3,938.9,10,220,73
1991,4,22,9,-21.6,932.7,NA,220,74
1991,4,22,12,-22.2,928.8,NA,230,73
1991,4,22,15,-22.6,927.9,NA,240,72
1991,4,22,18,-21,931.5,NA,240,72
1991,4,22,21,-21.7,934.7,NA,270,74
1991,4,23,0,-21.4,933.9,NA,360,73
1991,4,23,3,-22.6,930.9,NA,360,68
1991,4,23,6,-23.5,930.8,NA,360,72
1991,4,23,9,-21.3,928.8,NA,350,74
1991,4,23,12,NA,927.3,NA,360,32
1991,4,23,15,NA,926.9,NA,230,51
1991,4,23,18,NA,926.9,NA,40,64
1991,4,23,21,-15.3,926.7,NA,40,51
1991,4,24,0,-13.7,926.9,8,200,50
1991,4,24,3,-14,927.2,6,240,54
1991,4,24,6,-11.9,926.7,NA,260,44
1991,4,24,9,-11.2,926,NA,230,38
1991,4,24,12,-13.2,927.8,NA,230,52
1991,4,24,15,-13.5,926.2,NA,220,44
1991,4,24,18,-14,927.9,NA,210,52
1991,4,24,21,-13.8,928,NA,230,52
1991,4,25,0,-13.8,929.3,NA,220,47
1991,4,25,3,-16,930.5,NA,220,66
1991,4,25,6,-16.3,930.6,NA,230,63
1991,4,25,9,-16.8,932.1,NA,220,57
1991,4,25,12,NA,928.9,NA,350,22
1991,4,25,15,NA,926.1,NA,20,15
1991,4,25,18,-9.7,924.4,NA,300,15
1991,4,25,21,-10.1,923.4,NA,250,22
1991,4,26,0,-10.7,922.5,NA,260,26
1991,4,26,3,-12.6,921,NA,80,30
1991,4,26,6,-12.6,919.3,NA,40,34
1991,4,26,9,-13,918.5,NA,30,38
1991,4,26,12,-12.4,917.6,NA,30,43
1991,4,26,15,-14.3,917.5,NA,10,56
1991,4,26,18,-17.4,917.3,NA,270,75
1991,4,26,21,-17.4,917.2,NA,250,75
1991,4,27,0,-18.5,917.2,NA,230,77
1991,4,27,3,-19,917.3,NA,230,77
1991,4,27,6,-19.7,919.3,NA,220,75
1991,4,27,9,-19.9,919.9,NA,10,76
1991,4,27,12,-20.6,919.9,NA,10,74
1991,4,27,15,-20.4,919.6,NA,40,75
1991,4,27,18,-20.6,919.9,5,10,75
1991,4,27,21,-20.5,921,3,30,74
1991,4,28,0,-20.5,922,NA,0,75
1991,4,28,3,-21.9,923.2,3,250,73
1991,4,28,6,-20.4,923.7,NA,220,76
1991,4,28,9,-18.6,924.8,NA,240,78
1991,4,28,12,-17.8,925,NA,230,45
1991,4,28,15,-14.6,925.5,NA,240,54
1991,4,28,18,-12.9,924.1,NA,240,75
1991,4,28,21,-14.4,923.5,NA,230,82
1991,4,29,0,-15.7,925.5,NA,240,81
1991,4,29,3,-17.2,927.3,NA,230,80
1991,4,29,6,-17.8,927,NA,240,79
1991,4,29,9,-17.2,926.5,NA,220,79
1991,4,29,12,-16,924.9,NA,260,74
1991,4,29,15,-15.9,923.5,NA,290,53
1991,4,29,18,-15.9,922.3,4,230,49
1991,4,29,21,-15.9,921.3,NA,220,65
1991,4,30,0,-18,921.7,NA,230,78
1991,4,30,3,-18.7,921.9,NA,230,77
1991,4,30,6,-20.1,922.1,NA,210,76
1991,4,30,9,-19.4,922.1,NA,220,76
1991,4,30,12,-19.3,921.4,NA,210,76
1991,4,30,15,-18.9,919.9,4,340,77
1991,4,30,18,-19.2,919.4,3,320,71
1991,4,30,21,-19.7,920,3,250,74
1991,5,1,0,-18.1,921.1,1,340,62
1991,5,1,3,-19,922.5,NA,NA,56
1991,5,1,6,-21.2,923.9,NA,230,73
1991,5,1,9,-20.7,925.9,NA,220,74
1991,5,1,12,-22.3,929.8,NA,210,72
1991,5,1,15,-24.3,931.4,NA,20,70
1991,5,1,18,-23.3,932.3,NA,360,71
1991,5,1,21,-23.1,934,7,20,70
1991,5,2,0,-23.1,935.5,9,40,72
1991,5,2,3,-23.7,936.4,10,360,70
1991,5,2,6,-23.5,937.5,8,10,70
1991,5,2,9,-23.8,937.9,12,20,70
1991,5,2,12,-23.3,938.9,10,20,70
1991,5,2,15,-22.5,938.8,11,50,72
1991,5,2,18,-22.2,937.9,9,30,72
1991,5,2,21,-22.3,938.4,NA,70,73
1991,5,3,0,-22.2,938.9,NA,70,73
1991,5,3,3,-24.4,938.5,NA,270,70
1991,5,3,6,-24.3,936.9,8,250,70
1991,5,3,9,-24.7,934.6,NA,240,69
1991,5,3,12,-24.8,930.9,NA,230,69
1991,5,3,15,-24.3,927,NA,220,69
1991,5,3,18,-24.7,927.5,NA,240,69
1991,5,3,21,-25.2,929.9,NA,240,68
1991,5,4,0,-25.1,931.7,NA,180,68
1991,5,4,3,-24.9,931.6,NA,50,69
1991,5,4,6,-24.8,930.5,NA,20,69
1991,5,4,9,-24.7,928.9,NA,20,69
1991,5,4,12,-23.6,927.7,14,30,70
1991,5,4,15,-21.6,926.6,NA,40,73
1991,5,4,18,-20.9,925.5,NA,20,74
1991,5,4,21,-21.1,925.4,NA,350,73
1991,5,5,0,-21.1,925.7,1,20,73
1991,5,5,3,-22.8,926.3,2,240,71
1991,5,5,6,-22.8,925.7,NA,NA,72
1991,5,5,9,-23.5,923.8,NA,NA,71
1991,5,5,12,-24,921.5,3,240,70
1991,5,5,15,-25.1,919.1,NA,230,68
1991,5,5,18,-24.4,916.9,NA,220,70
1991,5,5,21,-25,917.9,10,220,69
1991,5,6,0,-26.7,918.1,14,230,66
1991,5,6,3,-26.7,919.5,13,230,66
1991,5,6,6,-27.5,921.1,10,220,66
1991,5,6,9,-28.2,922.4,9,240,65
1991,5,6,12,-28.2,923.4,6,230,64
1991,5,6,15,-28.9,923.4,5,240,63
1991,5,6,18,-28.1,923.4,NA,0,64
1991,5,6,21,-28.1,922.8,NA,NA,64
1991,5,7,0,-28,922.9,NA,NA,64
1991,5,7,3,-28.6,922.1,NA,NA,64
1991,5,7,6,-28.8,921.2,NA,NA,63
1991,5,7,9,-27.4,920.9,NA,NA,65
1991,5,7,12,-26.6,921,3,50,66
1991,5,7,15,-26.4,921.1,4,30,67
1991,5,7,18,-26,921.3,4,20,67
1991,5,7,21,-25.6,921.7,5,40,68
1991,5,8,0,-25.3,921.9,4,20,68
1991,5,8,3,-24.3,921.9,5,40,69
1991,5,8,6,-25.4,922.7,1,260,69
1991,5,8,9,-27.1,922.3,4,250,61
1991,5,8,12,-26.3,922,NA,240,68
1991,5,8,15,-27.7,920.7,NA,220,66
1991,5,8,18,-29.2,917.9,NA,220,63
1991,5,8,21,-30.4,918.3,NA,230,62
1991,5,9,0,-29.5,922.5,NA,230,61
1991,5,9,3,-29.9,925,NA,230,61
1991,5,9,6,-30.4,927,NA,220,61
1991,5,9,9,-30.5,929.5,NA,210,61
1991,5,9,12,-31.3,931,NA,240,60
1991,5,9,15,-31.5,931.5,NA,260,60
1991,5,9,18,-31.3,931.3,NA,0,60
1991,5,9,21,-32,930.4,NA,NA,58
1991,5,10,0,-31.1,930.3,4,20,59
1991,5,10,3,-31,929.8,NA,10,60
1991,5,10,6,-30.9,929.1,5,30,60
1991,5,10,9,-30.6,928.7,4,20,60
1991,5,10,12,-30.3,927.9,5,40,61
1991,5,10,15,-29.6,926.9,8,40,62
1991,5,10,18,-28,926.7,7,30,65
1991,5,10,21,-27.6,926.2,7,20,65
1991,5,11,0,-26.8,927.1,5,20,66
1991,5,11,3,-26.8,928.6,NA,0,66
1991,5,11,6,-29,928.5,NA,250,63
1991,5,11,9,-27.6,928.9,NA,220,65
1991,5,11,12,-26.7,929.5,NA,230,67
1991,5,11,15,-28.5,928.8,NA,220,64
1991,5,11,18,-28.3,928.8,17,230,64
1991,5,11,21,-28.8,930.2,14,230,63
1991,5,12,0,-29.2,930.3,NA,240,62
1991,5,12,3,-29.6,929.7,12,230,61
1991,5,12,6,-29.2,928.9,9,240,63
1991,5,12,9,-29.1,928.6,NA,240,63
1991,5,12,12,-28.4,927.4,NA,240,64
1991,5,12,15,-28.3,925.5,NA,220,64
1991,5,12,18,-25.3,923.1,3,350,67
1991,5,12,21,-26.1,920.3,NA,360,66
1991,5,13,0,-25.2,918.1,4,350,62
1991,5,13,3,-24.9,916,NA,0,59
1991,5,13,6,-23.1,913.7,NA,NA,53
1991,5,13,9,-22.1,911.1,NA,NA,45
1991,5,13,12,-25.1,909.1,NA,20,49
1991,5,13,15,-26.3,908.8,NA,280,66
1991,5,13,18,-25.7,909.7,NA,230,67
1991,5,13,21,-26.3,911.3,2,210,66
1991,5,14,0,-27.3,911.6,NA,220,64
1991,5,14,3,-27.7,913,NA,220,64
1991,5,14,6,-28.2,914.8,17,220,64
1991,5,14,9,-28,917.1,17,230,64
1991,5,14,12,-27.6,917.2,NA,230,64
1991,5,14,15,-27.5,917.4,NA,230,65
1991,5,14,18,-29.1,917.5,NA,240,63
1991,5,14,21,-29,917.5,NA,240,63
1991,5,15,0,-31,917.7,NA,230,59
1991,5,15,3,-29.4,918.5,51,220,61
1991,5,15,6,-29,919.1,NA,230,60
1991,5,15,9,-30,919,NA,NA,60
1991,5,15,12,-30.9,918.9,NA,NA,60
1991,5,15,15,-31.9,919.2,49,NA,58
1991,5,15,18,-32.9,919.1,49,NA,57
1991,5,15,21,-33.4,918.4,50,NA,57
1991,5,16,0,-33.3,918.3,46,NA,57
1991,5,16,3,-33.4,920.5,NA,NA,57
1991,5,16,6,-32.5,920.5,42,NA,54
1991,5,16,9,-31.9,919.4,NA,220,54
1991,5,16,12,-31.2,920.9,NA,230,54
1991,5,16,15,-31,921.2,NA,230,59
1991,5,16,18,-31.5,919.8,NA,220,60
1991,5,16,21,-30.3,919.1,NA,NA,56
1991,5,17,0,-29.5,916.9,NA,40,61
1991,5,17,3,-29.4,914.4,10,30,63
1991,5,17,6,-29.3,912.5,6,50,62
1991,5,17,9,-28.3,911.2,NA,NA,64
1991,5,17,12,-29.6,908.3,NA,250,62
1991,5,17,15,-28.7,905.9,NA,240,63
1991,5,17,18,-28.1,900.4,NA,230,64
1991,5,17,21,-28.5,891.6,NA,220,62
1991,5,18,0,-28.8,886.6,NA,230,63
1991,5,18,3,-28.4,881.7,NA,240,63
1991,5,18,6,-29.2,883.4,NA,240,61
1991,5,18,9,-29,890.1,NA,230,63
1991,5,18,12,-27.6,891.2,NA,240,64
1991,5,18,15,-26.8,892.8,NA,NA,65
1991,5,18,18,-24.3,894.3,NA,NA,69
1991,5,18,21,-23.3,895.6,NA,NA,70
1991,5,19,0,-24,895.1,NA,NA,69
1991,5,19,3,-22.7,897.1,NA,NA,71
1991,5,19,6,-21.4,894.5,NA,230,73
1991,5,19,9,-20.7,900.4,56,NA,71
1991,5,19,12,-19.9,902.2,52,NA,63
1991,5,19,15,-19.7,904.9,NA,NA,50
1991,5,19,18,-18.7,908.2,NA,NA,43
1991,5,19,21,-20.6,909.9,NA,NA,76
1991,5,20,0,-20.3,910.9,NA,260,43
1991,5,20,3,-21.8,911.9,NA,30,68
1991,5,20,6,-21,912.1,3,80,64
1991,5,20,9,-21.5,912.2,1,100,73
1991,5,20,12,-21.4,911.7,1,80,73
1991,5,20,15,-21.3,911.3,NA,NA,73
1991,5,20,18,-22,910.2,2,100,72
1991,5,20,21,-22.9,909.3,2,70,71
1991,5,21,0,-23.3,908.8,2,70,70
1991,5,21,3,-23.4,908.1,NA,NA,70
1991,5,21,6,-23.3,907.4,NA,NA,71
1991,5,21,9,-23.3,906.9,NA,NA,70
1991,5,21,12,-22.2,906.9,NA,NA,71
1991,5,21,15,-21.5,907.6,5,240,73
1991,5,21,18,-23.2,907.5,NA,240,70
1991,5,21,21,-22.6,908.9,NA,240,71
1991,5,22,0,-20.8,908.3,NA,230,74
1991,5,22,3,-20.6,911,NA,NA,76
1991,5,22,6,-20.8,913.8,NA,NA,74
1991,5,22,9,-19.2,915,NA,NA,75
1991,5,22,12,-19.1,915.6,NA,NA,76
1991,5,22,15,-18.5,916.4,NA,NA,77
1991,5,22,18,-17.3,918.7,NA,220,75
1991,5,22,21,-16.3,920.4,NA,230,79
1991,5,23,0,-17.4,921.1,NA,230,78
1991,5,23,3,-19.7,920.2,NA,230,75
1991,5,23,6,-20.6,921.3,NA,220,74
1991,5,23,9,-21.6,924.7,NA,230,73
1991,5,23,12,-23.2,924.1,NA,230,70
1991,5,23,15,-23.1,926.3,NA,230,71
1991,5,23,18,-23.4,927,NA,220,70
1991,5,23,21,-23.9,927.8,30,220,70
1991,5,24,0,-24,930.9,NA,230,70
1991,5,24,3,-24.6,932.3,NA,220,68
1991,5,24,6,-24,934.1,NA,230,70
1991,5,24,9,-24,932.7,NA,240,70
1991,5,24,12,-22.1,934.5,NA,220,71
1991,5,24,15,-21.2,934.9,27,220,71
1991,5,24,18,-19.9,932.3,NA,230,63
1991,5,24,21,-18.2,929.7,NA,220,54
1991,5,25,0,-15.2,928.9,NA,230,59
1991,5,25,3,-13.4,927.3,NA,230,77
1991,5,25,6,-12.6,924.5,NA,230,81
1991,5,25,9,-11,926.8,60,240,80
1991,5,25,12,-10.6,927.8,NA,230,83
1991,5,25,15,-9.9,930.1,NA,230,83
1991,5,25,18,-8.2,930,NA,250,66
1991,5,25,21,-7.4,928.7,NA,240,58
1991,5,26,0,-7,928,NA,240,61
1991,5,26,3,-9.7,929.4,NA,230,79
1991,5,26,6,-8.7,929.2,NA,220,64
1991,5,26,9,-9.6,928.7,16,220,67
1991,5,26,12,-9.9,925.7,NA,240,63
1991,5,26,15,-11,927.6,NA,230,84
1991,5,26,18,-10.3,927.8,NA,240,77
1991,5,26,21,-11.6,929.8,NA,240,84
1991,5,27,0,-11.8,930.8,NA,250,84
1991,5,27,3,-12.5,929.6,NA,10,84
1991,5,27,6,-12.7,926,NA,30,84
1991,5,27,9,-13.6,923.3,NA,80,83
1991,5,27,12,-14.6,919.7,NA,240,82
1991,5,27,15,-14.5,917.8,2,210,82
1991,5,27,18,-14.3,917.5,NA,230,82
1991,5,27,21,-15.2,919.4,NA,230,81
1991,5,28,0,-16.1,919.5,NA,220,80
1991,5,28,3,-16.1,919.2,NA,230,80
1991,5,28,6,-17,919.7,NA,230,80
1991,5,28,9,-16.7,918.4,NA,230,79
1991,5,28,12,-17.7,917.4,NA,220,79
1991,5,28,15,-16.3,919.6,49,230,80
1991,5,28,18,-16.2,918.2,52,230,80
1991,5,28,21,-15.5,919.6,NA,230,79
1991,5,29,0,-15.3,919.2,48,240,78
1991,5,29,3,-15.8,920.4,46,240,78
1991,5,29,6,-16.5,918.7,45,230,80
1991,5,29,9,-15.4,921.3,NA,240,73
1991,5,29,12,-15.5,922,NA,240,77
1991,5,29,15,-15.3,921.2,NA,240,68
1991,5,29,18,-16.3,921.2,33,230,79
1991,5,29,21,-16.9,922.4,35,NA,60
1991,5,30,0,-18.5,923.7,NA,NA,77
1991,5,30,3,-18.6,924.4,NA,NA,77
1991,5,30,6,-19.4,926.6,NA,240,76
1991,5,30,9,-18.7,926.9,20,230,77
1991,5,30,12,-18.8,927.1,21,220,77
1991,5,30,15,-19.6,927.3,24,210,76
1991,5,30,18,-20,927.7,NA,200,75
1991,5,30,21,-20.4,928.7,NA,230,76
1991,5,31,0,-20.3,928.4,NA,220,75
1991,5,31,3,-20.7,927,NA,220,74
1991,5,31,6,-21,929.3,40,220,74
1991,5,31,9,-20.5,930.6,NA,230,74
1991,5,31,12,-20.9,930.6,42,220,74
1991,5,31,15,-21.1,932.1,40,230,74
1991,5,31,18,-21.4,932,43,NA,73
1991,5,31,21,-21,933.1,NA,NA,69
1991,6,1,0,-21.2,932.9,NA,NA,73
1991,6,1,3,-20.8,934.6,NA,220,74
1991,6,1,6,-21.4,934,NA,NA,73
1991,6,1,9,-21.7,932.4,NA,NA,73
1991,6,1,12,-21.6,932,NA,NA,73
1991,6,1,15,-22.1,931.2,NA,NA,73
1991,6,1,18,-23.5,929.6,NA,230,71
1991,6,1,21,-23.8,929.3,NA,250,71
1991,6,2,0,-24.6,927.1,NA,260,69
1991,6,2,3,-24.8,925.3,7,240,69
1991,6,2,6,-25.6,924.1,5,240,68
1991,6,2,9,-25.6,922.4,8,250,69
1991,6,2,12,-25.4,921.9,9,220,67
1991,6,2,15,-25.6,919.8,NA,230,67
1991,6,2,18,-25.8,920.2,13,220,67
1991,6,2,21,-25.9,920.7,13,220,67
1991,6,3,0,-26.4,920.5,13,230,67
1991,6,3,3,-27.1,921.9,NA,250,66
1991,6,3,6,-27.2,921.5,NA,0,65
1991,6,3,9,-27.4,920.9,2,30,66
1991,6,3,12,-27.5,919.5,2,10,64
1991,6,3,15,-26.9,918.2,3,20,66
1991,6,3,18,-27.1,916,2,20,66
1991,6,3,21,-24.8,914.6,3,50,69
1991,6,4,0,-24.6,912.6,4,250,69
1991,6,4,3,-23.5,911.4,NA,NA,70
1991,6,4,6,-24.5,911.2,3,240,69
1991,6,4,9,-26.6,911,NA,250,67
1991,6,4,12,-25.8,911.7,NA,220,68
1991,6,4,15,-25.6,913,9,230,68
1991,6,4,18,-25.1,914.8,8,220,68
1991,6,4,21,-24.3,916.7,11,NA,69
1991,6,5,0,-23.7,919.3,8,NA,71
1991,6,5,3,-24.2,920.3,9,NA,70
1991,6,5,6,-23.8,921,9,NA,70
1991,6,5,9,-24.3,921.4,10,230,70
1991,6,5,12,-23.6,919.9,11,230,64
1991,6,5,15,-22.5,918.2,NA,230,68
1991,6,5,18,-21.5,913.6,NA,240,71
1991,6,5,21,-20.5,918.5,NA,NA,73
1991,6,6,0,-17.6,920.6,NA,NA,45
1991,6,6,3,-16.2,919.7,45,NA,50
1991,6,6,6,-15.3,921.2,41,230,56
1991,6,6,9,-12.7,923.7,NA,230,45
1991,6,6,12,-14.3,926.6,NA,220,58
1991,6,6,15,-15.2,928,NA,230,49
1991,6,6,18,-15.9,927.4,NA,10,48
1991,6,6,21,-15,926.8,NA,20,45
1991,6,7,0,-17.3,925.9,NA,20,48
1991,6,7,3,-18.8,925.2,NA,30,64
1991,6,7,6,-21,925,NA,230,73
1991,6,7,9,-21.2,924.4,NA,250,73
1991,6,7,12,-21.6,924.6,5,250,65
1991,6,7,15,-21.2,925,2,10,56
1991,6,7,18,-23.4,925.4,2,310,70
1991,6,7,21,-24.2,925.7,NA,240,70
1991,6,8,0,-22.6,925,NA,220,70
1991,6,8,3,-23,925.1,NA,220,71
1991,6,8,6,-22,925.8,NA,250,59
1991,6,8,9,-21.5,925.8,20,240,72
1991,6,8,12,-23,926.3,NA,240,70
1991,6,8,15,-23,926.8,NA,250,70
1991,6,8,18,-23.9,926.1,NA,60,69
1991,6,8,21,-24.7,925.7,NA,200,69
1991,6,9,0,-24.4,925.7,5,230,70
1991,6,9,3,-25.2,925.1,NA,220,68
1991,6,9,6,-23.1,924.5,NA,230,71
1991,6,9,9,-23.1,922.6,NA,240,68
1991,6,9,12,-21.4,926.1,NA,230,73
1991,6,9,15,-20.1,930,NA,240,74
1991,6,9,18,-18.7,928.4,NA,230,54
1991,6,9,21,-17.7,927.4,NA,240,61
1991,6,10,0,-16.9,925,NA,230,52
1991,6,10,3,-19.9,923.4,NA,240,54
1991,6,10,6,-19.9,924.7,NA,240,56
1991,6,10,9,-20,925.4,54,230,51
1991,6,10,12,-18.9,927.5,NA,240,37
1991,6,10,15,-19.7,928.9,NA,210,72
1991,6,10,18,-20.2,927.7,NA,210,74
1991,6,10,21,-22.6,926.3,NA,240,72
1991,6,11,0,-20.2,925.6,NA,230,42
1991,6,11,3,-21.7,925.6,NA,230,53
1991,6,11,6,-20.1,924.5,NA,230,35
1991,6,11,9,-22.3,923.3,NA,240,55
1991,6,11,12,-19.3,922.9,NA,210,26
1991,6,11,15,-20.7,922.4,NA,230,44
1991,6,11,18,-21.6,922,NA,240,48
1991,6,11,21,-20.4,922,NA,230,43
1991,6,12,0,-20.6,921.4,NA,220,43
1991,6,12,3,-22.4,920.9,NA,230,68
1991,6,12,6,-22.3,917.3,NA,NA,67
1991,6,12,9,-20.4,911.9,NA,NA,53
1991,6,12,12,-20.6,910.8,NA,NA,63
1991,6,12,15,-20.5,911.1,NA,240,70
1991,6,12,18,-19.4,906.2,NA,230,59
1991,6,12,21,-18.5,907.1,NA,240,70
1991,6,13,0,-18.8,910.4,NA,230,77
1991,6,13,3,-19,914.2,NA,240,76
1991,6,13,6,-18,916.1,58,240,77
1991,6,13,9,-18.3,916.2,NA,240,75
1991,6,13,12,-18.1,913.9,NA,230,74
1991,6,13,15,-17.3,911.3,NA,240,77
1991,6,13,18,-15.4,908.6,NA,240,73
1991,6,13,21,-15.7,907.4,NA,240,80
1991,6,14,0,-14.7,906.7,NA,250,77
1991,6,14,3,-13.6,906.6,NA,230,83
1991,6,14,6,-13,912.1,56,240,83
1991,6,14,9,-13.7,920.1,NA,230,82
1991,6,14,12,-11.6,NA,NA,240,70
1991,6,14,15,-13.9,918.6,NA,230,83
1991,6,14,18,-13.6,910.1,NA,230,83
1991,6,14,21,-12.1,911.3,NA,230,84
1991,6,15,0,-10.9,907,NA,240,85
1991,6,15,3,-11,907.1,NA,230,86
1991,6,15,6,-10.7,905.4,NA,NA,86
1991,6,15,9,-10.9,906.4,NA,NA,86
1991,6,15,12,-11.5,909.3,57,NA,85
1991,6,15,15,-11.2,915.5,NA,260,85
1991,6,15,18,-11.3,916,NA,240,86
1991,6,15,21,-11,918.5,NA,230,85
1991,6,16,0,-11.3,916.8,NA,NA,85
1991,6,16,3,-11.2,917.9,NA,NA,85
1991,6,16,6,-11.4,917.8,NA,NA,85
1991,6,16,9,-11,918.9,58,220,86
1991,6,16,12,-10.7,922,58,230,86
1991,6,16,15,-12,923.5,NA,NA,84
1991,6,16,18,-11.7,923.9,60,NA,85
1991,6,16,21,-12,924.5,NA,NA,64
1991,6,17,0,-11.6,926,NA,NA,48
1991,6,17,3,-12.5,925.7,NA,220,52
1991,6,17,6,-12.9,924.9,NA,230,61
1991,6,17,9,-14.9,924.4,NA,230,65
1991,6,17,12,-15.2,919.3,NA,220,69
1991,6,17,15,-17.2,919.8,NA,240,78
1991,6,17,18,-18.9,922.8,NA,220,77
1991,6,17,21,-19.5,922.7,NA,230,76
1991,6,18,0,-20.5,921.4,NA,240,75
1991,6,18,3,-21.7,922.7,27,230,74
1991,6,18,6,-21.5,923.4,NA,230,68
1991,6,18,9,-21.3,924,NA,240,68
1991,6,18,12,-20.9,923.3,NA,250,70
1991,6,18,15,-20.1,923,14,230,55
1991,6,18,18,-19.8,922.3,11,240,50
1991,6,18,21,-18.6,921.9,10,240,38
1991,6,19,0,-18.2,921.1,NA,240,37
1991,6,19,3,-17.6,920.1,NA,270,34
1991,6,19,6,-17.9,919.4,3,340,37
1991,6,19,9,-18.6,918.9,5,20,42
1991,6,19,12,-19.5,918.8,4,20,40
1991,6,19,15,-19.2,919.1,3,290,45
1991,6,19,18,-20.3,919.5,2,200,74
1991,6,19,21,-20.6,919.9,2,180,75
1991,6,20,0,-21.9,920.1,1,180,73
1991,6,20,3,-23,920.5,NA,NA,71
1991,6,20,6,-23.8,921.1,1,170,70
1991,6,20,9,-24.5,921.9,2,240,69
1991,6,20,12,-25.9,922.8,4,270,67
1991,6,20,15,-24.8,924,1,210,69
1991,6,20,18,-24.7,925,NA,NA,69
1991,6,20,21,-24.4,926.2,1,330,70
1991,6,21,0,-23.9,927.5,NA,NA,70
1991,6,21,3,-24.2,928.3,1,60,70
1991,6,21,6,-23.7,928.2,NA,360,70
1991,6,21,9,-21.7,928.3,NA,350,72
1991,6,21,12,-19.8,928.3,5,30,46
1991,6,21,15,-17.9,927.9,3,350,32
1991,6,21,18,-17.6,927.7,3,270,37
1991,6,21,21,-17.6,927.8,2,340,35
1991,6,22,0,-18,927.8,6,10,36
1991,6,22,3,-21.9,927.5,NA,10,71
1991,6,22,6,-21.7,927.9,NA,20,72
1991,6,22,9,-22.1,927.9,12,30,72
1991,6,22,12,-23.5,928.1,NA,360,70
1991,6,22,15,-22.6,928.8,NA,40,71
1991,6,22,18,-23.7,930.1,NA,0,70
1991,6,22,21,-25,931.4,NA,270,69
1991,6,23,0,-23.8,932.3,NA,NA,70
1991,6,23,3,-23.4,933.3,NA,NA,70
1991,6,23,6,-22,934.6,2,20,72
1991,6,23,9,-22,936.3,1,30,72
1991,6,23,12,-21.4,938.4,1,20,73
1991,6,23,15,-23.1,940,1,50,70
1991,6,23,18,-22.5,942.5,2,30,72
1991,6,23,21,-21.6,946.3,2,20,73
1991,6,24,0,-21.2,948.6,2,30,73
1991,6,24,3,-22.6,951,1,50,72
1991,6,24,6,-24,951.7,NA,0,70
1991,6,24,9,-23.1,951,NA,NA,71
1991,6,24,12,-22.6,951,NA,20,72
1991,6,24,15,-22.2,950.4,NA,NA,72
1991,6,24,18,-21.8,949.9,NA,360,73
1991,6,24,21,-22.2,949.5,NA,NA,72
1991,6,25,0,-20.9,949.4,NA,NA,74
1991,6,25,3,NA,949.6,NA,NA,82
1991,6,25,6,-16.8,950.3,NA,NA,79
1991,6,25,9,-18.6,949.7,NA,NA,77
1991,6,25,12,-18.7,949.1,NA,360,77
1991,6,25,15,-15.2,947.6,NA,NA,72
1991,6,25,18,NA,946.5,NA,NA,42
1991,6,25,21,NA,945.2,NA,NA,47
1991,6,26,0,-5.4,942.5,NA,NA,25
1991,6,26,3,-5.4,939.3,16,220,24
1991,6,26,6,-5,936.3,15,220,27
1991,6,26,9,-7.7,933.2,NA,240,38
1991,6,26,12,NA,931.8,NA,240,61
1991,6,26,15,NA,930.3,NA,50,74
1991,6,26,18,-13.8,926.9,NA,270,57
1991,6,26,21,-17,925.3,NA,220,55
1991,6,27,0,-18.3,925.6,NA,240,67
1991,6,27,3,-19.3,926.4,NA,240,58
1991,6,27,6,-21.1,928.3,NA,230,73
1991,6,27,9,-20.1,929.6,NA,180,73
1991,6,27,12,-19.9,931.2,NA,150,56
1991,6,27,15,-19.3,930.9,NA,290,42
1991,6,27,18,-19.7,929.3,NA,350,51
1991,6,27,21,-19.2,928.3,NA,10,48
1991,6,28,0,-19.7,926.9,NA,20,44
1991,6,28,3,-19.6,927.3,NA,360,46
1991,6,28,6,-19.9,927.8,NA,260,44
1991,6,28,9,-20.3,928.6,NA,240,45
1991,6,28,12,-21.9,930,NA,240,58
1991,6,28,15,-22.1,928.8,NA,230,59
1991,6,28,18,-22.9,927.6,NA,240,59
1991,6,28,21,-24.4,928.7,NA,230,63
1991,6,29,0,-25.1,931.3,NA,230,56
1991,6,29,3,-24.4,931.6,NA,100,48
1991,6,29,6,-23.1,930.6,NA,360,30
1991,6,29,9,-24.7,931.2,NA,20,41
1991,6,29,12,-24.4,931.3,NA,350,45
1991,6,29,15,-25.2,931.1,8,20,39
1991,6,29,18,-25.3,931.1,10,30,45
1991,6,29,21,-25,930.6,NA,20,36
1991,6,30,0,-23.7,929.1,NA,20,43
1991,6,30,3,-24.7,927.4,NA,40,48
1991,6,30,6,-25.8,924.3,NA,10,40
1991,6,30,9,-24.2,921.6,11,20,32
1991,6,30,12,-24.3,918.5,11,20,28
1991,6,30,15,-21.4,914.9,NA,30,20
1991,6,30,18,-23.3,912.7,10,20,27
1991,6,30,21,-23.4,912,NA,20,43
1991,7,1,0,-21.5,913,NA,350,25
1991,7,1,3,-25.5,914.8,NA,360,66
1991,7,1,6,NA,915.9,NA,220,65
1991,7,1,9,-26.6,916.9,NA,220,64
1991,7,1,12,-26.4,920.6,NA,230,62
1991,7,1,15,-25.6,922.4,NA,260,45
1991,7,1,18,-27.7,923.7,NA,240,52
1991,7,1,21,-27.6,924.9,NA,230,62
1991,7,2,0,-27.4,924.9,NA,200,63
1991,7,2,3,-27.9,924.9,NA,220,62
1991,7,2,6,-27.2,924.2,NA,10,61
1991,7,2,9,-26.7,922.9,NA,10,40
1991,7,2,12,-27.2,922.1,NA,10,41
1991,7,2,15,-25.2,922.1,NA,270,35
1991,7,2,18,-26.5,921.8,NA,220,42
1991,7,2,21,-27,922,1,190,46
1991,7,3,0,-28,920.6,3,10,43
1991,7,3,3,-28.6,919.2,1,230,48
1991,7,3,6,-29.4,918.4,3,310,61
1991,7,3,9,-29.9,917.9,NA,260,59
1991,7,3,12,-31,919.2,NA,230,59
1991,7,3,15,-31.3,919.4,14,240,57
1991,7,3,18,-30.4,920.5,11,240,59
1991,7,3,21,-29.6,920.9,NA,260,60
1991,7,4,0,-29.2,921.3,NA,230,39
1991,7,4,3,-30.4,922.4,NA,220,51
1991,7,4,6,-26.7,920.3,NA,230,45
1991,7,4,9,-27.8,922.9,NA,220,43
1991,7,4,12,-29.3,928.5,NA,230,59
1991,7,4,15,-29.2,930.5,NA,230,60
1991,7,4,18,-28.9,931.7,NA,240,61
1991,7,4,21,-28.9,932.5,5,50,62
1991,7,5,0,-30.5,932.8,3,330,59
1991,7,5,3,-31,932.1,7,20,58
1991,7,5,6,-29.8,931.1,NA,10,58
1991,7,5,9,-30,930.2,NA,10,58
1991,7,5,12,-30.6,930,NA,20,59
1991,7,5,15,-30.6,929.7,17,20,59
1991,7,5,18,-30.5,930.2,NA,20,59
1991,7,5,21,-30.5,930.7,NA,270,59
1991,7,6,0,-31.1,930.5,NA,30,56
1991,7,6,3,-31.1,930.2,NA,NA,58
1991,7,6,6,-31.7,929.3,NA,250,57
1991,7,6,9,-31.4,928.5,NA,240,57
1991,7,6,12,-30.7,927.2,NA,270,58
1991,7,6,15,-30.9,925.8,3,240,50
1991,7,6,18,-30.1,924.6,5,230,42
1991,7,6,21,-30.9,923.6,NA,230,46
1991,7,7,0,-31.3,922.8,6,220,47
1991,7,7,3,-30.4,921.7,NA,110,56
1991,7,7,6,-28.8,921,2,330,36
1991,7,7,9,-28.6,919.8,NA,230,30
1991,7,7,12,-27.7,918.5,NA,220,27
1991,7,7,15,-28.7,917.9,NA,220,27
1991,7,7,18,-28.5,917.6,NA,220,27
1991,7,7,21,-28.3,917.3,NA,230,27
1991,7,8,0,-31.1,915.9,NA,230,44
1991,7,8,3,-32,916.9,NA,240,51
1991,7,8,6,NA,917.4,NA,260,25
1991,7,8,9,-29.2,916.5,NA,40,33
1991,7,8,12,-28.9,915.8,NA,360,34
1991,7,8,15,-29.8,915.7,NA,250,35
1991,7,8,18,-30.4,916.3,NA,230,38
1991,7,8,21,-30.6,918,5,220,42
1991,7,9,0,-27.7,919.9,NA,240,37
1991,7,9,3,-27.6,921.7,NA,260,41
1991,7,9,6,-26.7,922.5,NA,240,39
1991,7,9,9,-28.2,922.6,NA,230,46
1991,7,9,12,-26.2,922.5,11,230,42
1991,7,9,15,-25.6,922.8,NA,230,59
1991,7,9,18,-22.2,918.7,NA,240,64
1991,7,9,21,-23.5,917,NA,240,62
1991,7,10,0,-24.8,925.7,39,220,64
1991,7,10,3,-26.9,927.1,NA,240,63
1991,7,10,6,-22.8,926.3,NA,220,46
1991,7,10,9,-24.2,928.1,NA,230,59
1991,7,10,12,-22.7,926.8,NA,290,46
1991,7,10,15,-21.6,925.7,NA,20,34
1991,7,10,18,-20.7,924,NA,20,32
1991,7,10,21,-18.7,922.6,NA,270,20
1991,7,11,0,-18.8,921.9,NA,340,19
1991,7,11,3,-19.9,921.8,3,30,19
1991,7,11,6,-21,922,NA,240,27
1991,7,11,9,-23.5,923.6,NA,240,33
1991,7,11,12,-21.4,926,NA,160,29
1991,7,11,15,-23.7,927.7,9,20,30
1991,7,11,18,-22.9,926.9,NA,360,30
1991,7,11,21,-25.2,927.5,NA,340,50
1991,7,12,0,-22.8,928,NA,300,27
1991,7,12,3,-22.7,928.2,6,350,27
1991,7,12,6,-25,929.1,NA,250,42
1991,7,12,9,-21.1,928.4,NA,280,23
1991,7,12,12,-21.8,924,NA,10,23
1991,7,12,15,-21.1,919.9,NA,60,20
1991,7,12,18,-20.6,914.5,NA,360,25
1991,7,12,21,-24,908.6,5,240,57
1991,7,13,0,-21.6,904.6,NA,250,38
1991,7,13,3,-19.4,903.1,NA,270,37
1991,7,13,6,-22.2,902.7,NA,230,31
1991,7,13,9,-22.9,903.3,NA,220,69
1991,7,13,12,-21.8,905.3,NA,230,71
1991,7,13,15,-23.5,900.6,NA,NA,69
1991,7,13,18,-24.6,904.8,NA,NA,67
1991,7,13,21,-24.1,904.8,NA,NA,68
1991,7,14,0,-24.3,906.3,NA,NA,68
1991,7,14,3,-23.5,911.4,NA,240,69
1991,7,14,6,-22.9,913.9,NA,230,70
1991,7,14,9,-22.4,912.3,NA,NA,71
1991,7,14,12,-22.3,921.2,NA,NA,71
1991,7,14,15,-22.1,926.2,55,NA,71
1991,7,14,18,-21.9,930.5,NA,NA,71
1991,7,14,21,-21.9,933.5,NA,240,71
1991,7,15,0,-21.3,933.2,NA,230,49
1991,7,15,3,-22,933.7,NA,250,71
1991,7,15,6,-22.2,930.5,NA,340,60
1991,7,15,9,-23,928.3,NA,10,70
1991,7,15,12,-22.1,926.6,NA,50,71
1991,7,15,15,-22.9,924.9,NA,20,70
1991,7,15,18,-22.4,922.8,NA,40,71
1991,7,15,21,-23,922.8,10,10,70
1991,7,16,0,-23.1,923,NA,0,70
1991,7,16,3,-24.5,923.2,NA,260,68
1991,7,16,6,-25.4,923.7,NA,250,65
1991,7,16,9,-26.2,923.8,10,250,65
1991,7,16,12,-26.8,923.4,NA,230,65
1991,7,16,15,-27.6,922.3,NA,NA,63
1991,7,16,18,-26.9,922.6,NA,NA,64
1991,7,16,21,-26.9,920.5,NA,NA,65
1991,7,17,0,-26.1,921.6,NA,220,66
1991,7,17,3,-25.2,922,NA,220,67
1991,7,17,6,-24.3,921.1,36,220,68
1991,7,17,9,-22.9,920.1,NA,230,67
1991,7,17,12,-22.2,919,NA,NA,64
1991,7,17,15,-22.2,918.3,51,NA,71
1991,7,17,18,-21.3,916.2,NA,NA,68
1991,7,17,21,-19.5,914.3,NA,240,71
1991,7,18,0,-17.8,910.7,NA,240,71
1991,7,18,3,-17.2,911,NA,230,77
1991,7,18,6,-16.6,913.8,NA,NA,78
1991,7,18,9,-16.1,915.1,NA,NA,79
1991,7,18,12,-16.5,909.7,NA,NA,79
1991,7,18,15,-15.4,915.7,NA,NA,80
1991,7,18,18,-15.6,918.8,NA,NA,80
1991,7,18,21,-14.9,922.4,55,240,81
1991,7,19,0,-13.4,923.3,NA,230,74
1991,7,19,3,-13.8,922.8,52,230,81
1991,7,19,6,-14.2,924.2,NA,230,81
1991,7,19,9,-14.2,924,54,240,79
1991,7,19,12,-13.9,928.8,NA,230,78
1991,7,19,15,-12.6,929.2,NA,230,67
1991,7,19,18,-12.7,929,NA,230,59
1991,7,19,21,-14.5,930.8,NA,220,81
1991,7,20,0,-15.7,932.2,NA,230,80
1991,7,20,3,-16.2,933.5,NA,210,80
1991,7,20,6,-17.5,934.6,NA,250,78
1991,7,20,9,-16.8,936,NA,270,28
1991,7,20,12,-16.7,936.9,NA,150,24
1991,7,20,15,-17.4,936.8,1,350,31
1991,7,20,18,-19.1,936.4,1,360,37
1991,7,20,21,-21,936.4,NA,260,47
1991,7,21,0,-21.1,935.8,NA,260,44
1991,7,21,3,-23.1,935.2,8,240,60
1991,7,21,6,NA,NA,NA,NA,NA
1991,7,21,9,-24.4,932.4,14,230,68
1991,7,21,12,-24.8,931.6,NA,230,68
1991,7,21,15,-24.5,929,NA,220,68
1991,7,21,18,-24.7,928.1,NA,NA,68
1991,7,21,21,-25.5,927.4,NA,NA,67
1991,7,22,0,-26,929.4,NA,NA,67
1991,7,22,3,-26.7,929.7,42,230,65
1991,7,22,6,-27.5,932,NA,230,65
1991,7,22,9,-27.7,933.5,NA,220,64
1991,7,22,12,-28.3,935,NA,210,63
1991,7,22,15,-28.4,934.8,NA,200,62
1991,7,22,18,-28.8,934.3,NA,220,62
1991,7,22,21,-29,933.2,NA,270,62
1991,7,23,0,-28.5,932.2,4,330,63
1991,7,23,3,-29.6,931.4,NA,NA,61
1991,7,23,6,-29.8,929.9,3,270,61
1991,7,23,9,-29.6,928.8,3,320,61
1991,7,23,12,-29.2,927.9,3,90,62
1991,7,23,15,-29.6,928.1,7,210,61
1991,7,23,18,-29.8,928.4,5,10,61
1991,7,23,21,NA,NA,NA,NA,NA
1991,7,24,0,-30.1,929.3,7,270,61
1991,7,24,3,-29.7,929.6,NA,250,61
1991,7,24,6,-28.9,929,NA,230,60
1991,7,24,9,-28.5,928.6,17,NA,53
1991,7,24,12,-26.6,927.3,NA,NA,64
1991,7,24,15,-26.1,926.5,NA,NA,65
1991,7,24,18,-25.3,925,NA,NA,64
1991,7,24,21,-24.7,924.1,NA,NA,64
1991,7,25,0,-24.8,926.1,NA,240,68
1991,7,25,3,-24.2,926,NA,240,69
1991,7,25,6,-23.8,926,NA,230,69
1991,7,25,9,-22.8,925.2,NA,NA,71
1991,7,25,12,-22,930,NA,NA,72
1991,7,25,15,-21.6,933.1,50,NA,72
1991,7,25,18,-20.7,933.2,NA,220,69
1991,7,25,21,-19.4,933.1,NA,220,62
1991,7,26,0,-19.3,932,NA,230,74
1991,7,26,3,-20.2,932,NA,210,74
1991,7,26,6,-21.9,931.3,NA,40,72
1991,7,26,9,-21,931.1,NA,10,73
1991,7,26,12,-23,931,5,30,71
1991,7,26,15,-22.8,929.6,8,50,71
1991,7,26,18,-23.2,927.3,NA,40,71
1991,7,26,21,-23.6,924.7,8,50,70
1991,7,27,0,-23.5,924.5,NA,90,70
1991,7,27,3,-23.3,926.4,NA,230,70
1991,7,27,6,-25,930,NA,240,68
1991,7,27,9,-24.3,933.3,NA,230,69
1991,7,27,12,-24.4,935.7,NA,220,68
1991,7,27,15,-24.5,938,14,240,68
1991,7,27,18,-25.3,939.8,NA,240,67
1991,7,27,21,-22.6,941,NA,240,71
1991,7,28,0,-21.1,941.7,10,220,74
1991,7,28,3,-20.8,942.3,12,220,61
1991,7,28,6,-22.5,942.5,11,230,66
1991,7,28,9,-20.6,942.6,NA,230,55
1991,7,28,12,-20.2,942,9,220,40
1991,7,28,15,-19.9,941.4,6,230,38
1991,7,28,18,-21.9,940.7,NA,230,66
1991,7,28,21,-23,940.8,NA,220,70
1991,7,29,0,-23.3,938.6,NA,220,70
1991,7,29,3,-24.6,937.6,NA,230,68
1991,7,29,6,-24.3,937.9,NA,240,66
1991,7,29,9,-23.5,936.7,55,240,55
1991,7,29,12,-23.5,938.9,51,230,52
1991,7,29,15,-22.7,936.6,55,NA,50
1991,7,29,18,-22,932.4,NA,NA,68
1991,7,29,21,-21.4,931.4,NA,NA,70
1991,7,30,0,-21.4,933.2,NA,NA,73
1991,7,30,3,-18.7,935.6,55,NA,60
1991,7,30,6,-17.8,935.2,NA,NA,65
1991,7,30,9,-15.8,934.5,NA,NA,48
1991,7,30,12,-15.2,933.3,39,NA,39
1991,7,30,15,-13.7,933.9,NA,NA,29
1991,7,30,18,-13.4,932.6,NA,240,30
1991,7,30,21,-13.6,932,NA,220,39
1991,7,31,0,-11.4,931.4,NA,230,20
1991,7,31,3,-11.8,929.9,NA,230,21
1991,7,31,6,NA,NA,NA,NA,NA
1991,7,31,9,-14.4,930.7,6,270,29
1991,7,31,12,-18.7,930,NA,220,69
1991,7,31,15,NA,929.4,NA,250,72
1991,7,31,18,NA,NA,NA,NA,NA
1991,7,31,21,-13.5,928.7,3,270,23
1991,8,1,0,-14.2,928.4,NA,240,23
1991,8,1,3,-16.3,926.3,NA,230,37
1991,8,1,6,-18.4,926.2,NA,240,45
1991,8,1,9,-17.2,924.6,22,240,40
1991,8,1,12,NA,NA,NA,NA,NA
1991,8,1,15,-16,919.3,18,340,28
1991,8,1,18,-14.4,918.4,NA,340,22
1991,8,1,21,-12.9,917,NA,240,21
1991,8,2,0,-16.2,914.4,NA,240,33
1991,8,2,3,NA,916.1,NA,220,65
1991,8,2,6,NA,913.2,NA,230,33
1991,8,2,9,NA,914.1,NA,230,38
1991,8,2,12,-17.6,910.7,49,220,49
1991,8,2,15,-17.9,912.8,NA,230,34
1991,8,2,18,-16.1,912.5,NA,230,31
1991,8,2,21,-19.9,913.5,NA,220,69
1991,8,3,0,-20,911.6,NA,210,55
1991,8,3,3,-22.5,916.4,NA,230,58
1991,8,3,6,-22.5,915.9,NA,240,51
1991,8,3,9,-20.5,913.8,NA,240,38
1991,8,3,12,-19.8,912.8,NA,230,29
1991,8,3,15,-20.4,913.8,NA,NA,30
1991,8,3,18,-22.2,913.7,NA,NA,37
1991,8,3,21,-22.6,913.4,25,NA,42
1991,8,4,0,-22.2,913.4,NA,220,46
1991,8,4,3,-22.7,915.4,NA,230,70
1991,8,4,6,-21.6,916.2,NA,230,71
1991,8,4,9,-22.6,916.5,23,240,70
1991,8,4,12,-20.6,914.1,NA,240,46
1991,8,4,15,-19.1,913.4,NA,230,38
1991,8,4,18,NA,NA,NA,NA,NA
1991,8,4,21,-22.3,910.2,54,240,67
1991,8,5,0,-22.2,913.4,NA,240,61
1991,8,5,3,-20.9,916.2,NA,230,47
1991,8,5,6,-19.7,913.3,NA,240,43
1991,8,5,9,-20.6,912.7,NA,230,60
1991,8,5,12,NA,NA,NA,NA,NA
1991,8,5,15,-21.4,909.5,47,230,70
1991,8,5,18,-20.1,908.7,51,230,70
1991,8,5,21,-18.6,907.5,NA,240,69
1991,8,6,0,-17.9,904.7,NA,NA,74
1991,8,6,3,-18.4,904.9,NA,NA,76
1991,8,6,6,-18.5,907.1,NA,NA,75
1991,8,6,9,-17.4,905.9,NA,230,75
1991,8,6,12,-17.6,907.2,NA,240,73
1991,8,6,15,-19,908.1,NA,230,76
1991,8,6,18,-19.5,910.4,NA,230,75
1991,8,6,21,-20.6,909.5,NA,220,64
1991,8,7,0,-21.1,913,NA,230,64
1991,8,7,3,-22.6,912.5,NA,230,71
1991,8,7,6,-23,913.7,33,220,71
1991,8,7,9,-23.3,916.2,NA,230,70
1991,8,7,12,-23.9,917.4,NA,250,69
1991,8,7,15,NA,NA,NA,NA,NA
1991,8,7,18,-23.5,916.9,2,360,70
1991,8,7,21,-23.9,918.1,4,260,70
1991,8,8,0,NA,NA,NA,NA,NA
1991,8,8,3,-26,918.5,8,240,66
1991,8,8,6,-27,918.8,11,210,65
1991,8,8,9,-27.6,919.5,NA,200,64
1991,8,8,12,-28,920,12,230,63
1991,8,8,15,-28.1,919.8,14,230,63
1991,8,8,18,-28.7,920.6,NA,230,62
1991,8,8,21,NA,NA,NA,NA,NA
1991,8,9,0,-28.1,921.8,1,220,62
1991,8,9,3,-28.6,921.7,NA,20,62
1991,8,9,6,-28.3,921.9,5,10,56
1991,8,9,9,-27.6,922,6,10,50
1991,8,9,12,-27.1,922.5,NA,30,47
1991,8,9,15,NA,NA,NA,NA,NA
1991,8,9,18,NA,NA,NA,NA,NA
1991,8,9,21,-25.6,922.5,NA,NA,27
1991,8,10,0,-25.7,922.7,NA,NA,26
1991,8,10,3,-26.5,922.1,NA,NA,28
1991,8,10,6,-27.2,920.9,2,10,27
1991,8,10,9,-26.8,919.3,NA,20,29
1991,8,10,12,-27.7,918.5,6,20,36
1991,8,10,15,-28.3,918.2,NA,10,62
1991,8,10,18,-29.1,918.2,NA,NA,61
1991,8,10,21,-29.6,918.3,4,10,60
1991,8,11,0,-29.5,918.4,NA,NA,60
1991,8,11,3,-29.4,918.4,NA,NA,60
1991,8,11,6,-30,918.5,NA,NA,60
1991,8,11,9,-30.2,918.6,NA,NA,60
1991,8,11,12,-30.1,919.3,NA,NA,60
1991,8,11,15,-29.1,919.9,NA,NA,61
1991,8,11,18,-29,920.5,3,230,61
1991,8,11,21,-28.4,922.2,NA,NA,62
1991,8,12,0,-29.1,922.8,3,220,61
1991,8,12,3,-29.1,922.7,NA,230,62
1991,8,12,6,-29.4,923,NA,230,62
1991,8,12,9,-29.4,922.4,NA,220,61
1991,8,12,12,-29.4,920.2,NA,220,61
1991,8,12,15,-29,918.5,NA,220,60
1991,8,12,18,-29.6,917.4,NA,230,60
1991,8,12,21,-29.8,916.4,NA,NA,61
1991,8,13,0,-29.4,913.9,NA,NA,61
1991,8,13,3,-28.9,913.2,NA,NA,62
1991,8,13,6,-28.5,913.7,NA,NA,62
1991,8,13,9,-27.6,913,NA,NA,63
1991,8,13,12,-26.6,917,NA,240,64
1991,8,13,15,-25.6,920.9,NA,NA,66
1991,8,13,18,-25,923.3,NA,NA,60
1991,8,13,21,-24.3,929.2,55,NA,62
1991,8,14,0,-24.3,931.1,NA,230,67
1991,8,14,3,-23.8,936.9,NA,230,55
1991,8,14,6,-22.2,939.7,NA,230,64
1991,8,14,9,-22.8,940.4,NA,240,51
1991,8,14,12,-21.9,939.6,NA,230,50
1991,8,14,15,-21.9,940.1,NA,220,57
1991,8,14,18,-22.6,940.3,NA,240,64
1991,8,14,21,NA,NA,NA,NA,NA
1991,8,15,0,-21.6,938.4,4,30,64
1991,8,15,3,NA,NA,NA,NA,NA
1991,8,15,6,NA,NA,NA,NA,NA
1991,8,15,9,-21.3,934.7,11,230,72
1991,8,15,12,-21.9,931.4,NA,210,71
1991,8,15,15,-20,931.3,NA,230,73
1991,8,15,18,-18.4,929.8,NA,230,66
1991,8,15,21,-16.6,930.1,NA,240,53
1991,8,16,0,-18.5,932.6,NA,230,67
1991,8,16,3,-20.5,934,NA,230,73
1991,8,16,6,-22.1,934.6,NA,220,72
1991,8,16,9,-21.6,934.1,NA,40,71
1991,8,16,12,-20.6,931.9,NA,10,64
1991,8,16,15,NA,NA,NA,NA,NA
1991,8,16,18,-21.8,928.1,8,40,68
1991,8,16,21,-20.3,926.7,10,30,66
1991,8,17,0,-20,923.7,9,30,53
1991,8,17,3,NA,NA,NA,NA,NA
1991,8,17,6,-22.8,920.4,12,250,70
1991,8,17,9,-22.2,919.8,NA,210,71
1991,8,17,12,NA,NA,NA,NA,NA
1991,8,17,15,-23,919.3,7,160,69
1991,8,17,18,-24.5,919.9,NA,NA,68
1991,8,17,21,NA,918.7,24,220,60
1991,8,18,0,-28.4,920.5,22,240,63
1991,8,18,3,-29.6,921,22,220,58
1991,8,18,6,-28.6,921.8,NA,230,48
1991,8,18,9,-28.3,920.2,NA,350,48
1991,8,18,12,-27.2,918.8,NA,20,36
1991,8,18,15,-29.2,918.5,NA,250,42
1991,8,18,18,-30.8,917.8,NA,30,60
1991,8,18,21,-30.7,916.9,5,20,59
1991,8,19,0,-30.7,914.9,7,NA,59
1991,8,19,3,-28.9,913.4,4,20,60
1991,8,19,6,-26.7,912.6,3,320,34
1991,8,19,9,-26.9,912.6,4,20,40
1991,8,19,12,NA,NA,NA,NA,NA
1991,8,19,15,NA,NA,NA,NA,NA
1991,8,19,18,-30.8,NA,8,220,58
1991,8,19,21,-31.4,916,NA,230,58
1991,8,20,0,-30.5,916.8,NA,240,59
1991,8,20,3,-30.7,918.9,22,240,42
1991,8,20,6,-32.4,920.4,NA,210,57
1991,8,20,9,-33,922.1,NA,250,56
1991,8,20,12,NA,NA,NA,NA,NA
1991,8,20,15,-32.4,925,10,10,52
1991,8,20,18,NA,925.2,NA,330,27
1991,8,20,21,NA,927.1,NA,10,18
1991,8,21,0,-22.9,929.2,NA,350,18
1991,8,21,3,NA,930.9,NA,260,17
1991,8,21,6,NA,NA,NA,NA,NA
1991,8,21,9,-14.2,932.5,10,350,12
1991,8,21,12,-13.9,932.6,13,10,13
1991,8,21,15,-10,931.7,NA,10,10
1991,8,21,18,NA,930,13,350,8
1991,8,21,21,NA,NA,NA,NA,NA
1991,8,22,0,-9,928.2,2,60,11
1991,8,22,3,NA,926.6,6,230,19
1991,8,22,6,NA,924.2,NA,200,43
1991,8,22,9,-17.8,922.6,6,20,49
1991,8,22,12,-18,921,NA,230,40
1991,8,22,15,-18.2,923.5,NA,240,48
1991,8,22,18,-20.4,924.3,NA,230,61
1991,8,22,21,NA,NA,NA,NA,NA
1991,8,23,0,NA,NA,NA,NA,NA
1991,8,23,3,-18.1,926,7,340,37
1991,8,23,6,-15.2,923.7,9,330,21
1991,8,23,9,-15.7,921.3,5,320,29
1991,8,23,12,-14.8,917.7,5,300,26
1991,8,23,15,-15.2,914.8,4,10,26
1991,8,23,18,NA,NA,NA,NA,NA
1991,8,23,21,-21.6,911.8,10,250,58
1991,8,24,0,-19.8,911.5,NA,250,44
1991,8,24,3,-21.9,909.9,NA,240,62
1991,8,24,6,-23.8,908.9,NA,230,68
1991,8,24,9,-23.2,909,NA,NA,69
1991,8,24,12,-23.4,908.3,NA,NA,69
1991,8,24,15,-22.8,910.8,NA,NA,63
1991,8,24,18,-23.1,913.3,NA,NA,69
1991,8,24,21,-22.6,914.3,NA,NA,58
1991,8,25,0,-22.8,914.9,33,NA,60
1991,8,25,3,-23.8,916.6,35,220,68
1991,8,25,6,-24.3,918.9,NA,230,68
1991,8,25,9,-24.6,920.4,NA,230,67
1991,8,25,12,-25.2,922.9,29,240,66
1991,8,25,15,-26.5,923.3,NA,220,51
1991,8,25,18,-25,923.7,NA,230,45
1991,8,25,21,-26.7,924.4,36,220,63
1991,8,26,0,-25.9,925.5,34,220,58
1991,8,26,3,-24.6,924,35,230,38
1991,8,26,6,-23.8,923.3,36,NA,37
1991,8,26,9,-23.5,922.1,35,NA,39
1991,8,26,12,-22.1,921.7,NA,NA,42
1991,8,26,15,-23.7,922,NA,240,57
1991,8,26,18,NA,NA,NA,NA,NA
1991,8,26,21,NA,NA,NA,NA,NA
1991,8,27,0,NA,NA,NA,NA,NA
1991,8,27,3,-22.9,920.9,NA,NA,36
1991,8,27,6,NA,NA,NA,NA,NA
1991,8,27,9,-23,921.3,6,30,32
1991,8,27,12,-21.9,920.1,9,360,22
1991,8,27,15,-21.9,919.5,NA,280,26
1991,8,27,18,NA,919.1,NA,250,13
1991,8,27,21,NA,920.1,NA,290,12
1991,8,28,0,NA,NA,NA,NA,NA
1991,8,28,3,NA,NA,NA,NA,NA
1991,8,28,6,-14.3,920.8,6,260,14
1991,8,28,9,NA,NA,NA,NA,NA
1991,8,28,12,-11.5,918.5,11,10,12
1991,8,28,15,-14.8,917.9,NA,350,19
1991,8,28,18,NA,916.7,NA,30,25
1991,8,28,21,-18.4,916.2,NA,250,33
1991,8,29,0,NA,NA,NA,NA,NA
1991,8,29,3,-18.9,916.8,5,240,75
1991,8,29,6,NA,NA,NA,NA,NA
1991,8,29,9,-19.2,918.1,6,20,75
1991,8,29,12,NA,NA,NA,NA,NA
1991,8,29,15,-21.1,917,8,20,74
1991,8,29,18,-21.1,915.4,10,30,72
1991,8,29,21,-21.8,914.7,NA,320,71
1991,8,30,0,NA,NA,NA,NA,NA
1991,8,30,3,-18.4,911.8,2,260,75
1991,8,30,6,NA,NA,NA,NA,NA
1991,8,30,9,NA,NA,NA,NA,NA
1991,8,30,12,-13.1,905.5,7,230,32
1991,8,30,15,NA,902.8,NA,220,71
1991,8,30,18,NA,902.2,NA,240,68
1991,8,30,21,-23.7,900.3,NA,220,68
1991,8,31,0,-23.7,901.5,NA,220,56
1991,8,31,3,-24.2,902,20,230,56
1991,8,31,6,-24.8,902.5,19,230,59
1991,8,31,9,-24.5,902.9,16,220,55
1991,8,31,12,-25.6,903.1,NA,250,60
1991,8,31,15,NA,NA,NA,NA,NA
1991,8,31,18,-24.1,904.6,1,320,37
1991,8,31,21,NA,NA,NA,NA,NA
1991,9,1,0,-27,907.7,19,240,58
1991,9,1,3,-26.8,910,NA,240,54
1991,9,1,6,-26.8,911.2,NA,350,51
1991,9,1,9,-26.6,911.6,NA,360,41
1991,9,1,12,-26.3,912,NA,20,47
1991,9,1,15,-26.3,912.2,NA,310,40
1991,9,1,18,-21.7,913.9,NA,NA,26
1991,9,1,21,-21.5,914.7,7,10,24
1991,9,2,0,-20.5,914.1,NA,20,25
1991,9,2,3,NA,NA,NA,NA,NA
1991,9,2,6,-26.2,915.3,5,20,64
1991,9,2,9,-24.2,916,4,50,67
1991,9,2,12,-24.6,915.9,3,30,67
1991,9,2,15,-23.8,915.3,5,40,68
1991,9,2,18,-24.1,915.3,NA,20,68
1991,9,2,21,-24.9,915.8,NA,20,67
1991,9,3,0,-25.8,916.4,NA,10,66
1991,9,3,3,-26.2,917.4,NA,20,65
1991,9,3,6,-26.9,917.8,4,40,64
1991,9,3,9,-27.3,918.1,2,40,63
1991,9,3,12,NA,NA,NA,NA,NA
1991,9,3,15,-27.5,918,4,260,64
1991,9,3,18,-27.1,917.8,NA,250,63
1991,9,3,21,-28.4,916.4,NA,250,62
1991,9,4,0,-25.3,916.5,NA,250,66
1991,9,4,3,-26.7,914.2,NA,230,64
1991,9,4,6,-28.2,910.4,NA,240,62
1991,9,4,9,-28.5,911.1,NA,240,62
1991,9,4,12,-28.1,913,NA,230,62
1991,9,4,15,-27,915.4,NA,230,65
1991,9,4,18,-25.8,919.4,56,230,65
1991,9,4,21,-22.8,922.2,NA,240,48
1991,9,5,0,-20.9,920.5,NA,230,43
1991,9,5,3,-20.9,919.8,NA,240,54
1991,9,5,6,-21,919.8,51,240,63
1991,9,5,9,-21.6,922.3,NA,230,71
1991,9,5,12,-21.7,925.8,NA,220,67
1991,9,5,15,NA,NA,NA,NA,NA
1991,9,5,18,-22.1,924.9,10,250,50
1991,9,5,21,-24,925.1,7,30,67
1991,9,6,0,-24,924,10,20,67
1991,9,6,3,NA,NA,NA,NA,NA
1991,9,6,6,NA,NA,NA,NA,NA
1991,9,6,9,-25.1,921.9,6,40,66
1991,9,6,12,-24.4,921.9,6,40,67
1991,9,6,15,-24.4,921.9,3,60,67
1991,9,6,18,NA,NA,NA,NA,NA
1991,9,6,21,-26.2,922.8,6,270,65
1991,9,7,0,-25.8,922.9,NA,230,66
1991,9,7,3,-25.2,922.6,NA,240,66
1991,9,7,6,-27.1,922.2,NA,240,63
1991,9,7,9,-26.4,922.3,NA,230,64
1991,9,7,12,-26,921.5,NA,NA,65
1991,9,7,15,-25.9,922.2,28,NA,65
1991,9,7,18,-25.3,920.2,NA,NA,66
1991,9,7,21,-26,918.9,NA,220,65
1991,9,8,0,-24.9,916.6,NA,230,67
1991,9,8,3,-25.3,914.5,NA,240,67
1991,9,8,6,-25.5,911,NA,240,66
1991,9,8,9,-24.9,910.2,NA,230,67
1991,9,8,12,NA,NA,NA,NA,NA
1991,9,8,15,-24,904.8,NA,230,68
1991,9,8,18,-23.4,901.9,NA,240,69
1991,9,8,21,-22.7,898.9,NA,230,70
1991,9,9,0,-22.6,900,NA,NA,70
1991,9,9,3,-20.9,899.3,NA,NA,72
1991,9,9,6,-21.4,895.1,NA,NA,72
1991,9,9,9,-21.6,898,NA,240,66
1991,9,9,12,-22.1,896.1,NA,230,71
1991,9,9,15,-23.1,894.2,NA,240,70
1991,9,9,18,-23.3,896.1,NA,240,69
1991,9,9,21,-23.3,895.4,NA,230,70
1991,9,10,0,-21.7,898.5,60,240,71
1991,9,10,3,-21.9,895.7,NA,NA,71
1991,9,10,6,-20.9,900.9,51,NA,67
1991,9,10,9,-19.5,900.6,53,NA,68
1991,9,10,12,-19.9,898,NA,NA,72
1991,9,10,15,-19.7,902.9,NA,220,74
1991,9,10,18,-16.8,902.1,NA,230,60
1991,9,10,21,-18.2,903.7,43,220,76
1991,9,11,0,-15.4,908.7,NA,230,55
1991,9,11,3,-17.3,910.5,NA,220,78
1991,9,11,6,-16.5,910.3,NA,240,79
1991,9,11,9,NA,NA,NA,NA,NA
1991,9,11,12,-17.7,907.5,11,250,72
1991,9,11,15,-18.3,905.5,12,260,75
1991,9,11,18,-19,903.7,14,250,58
1991,9,11,21,NA,NA,NA,NA,NA
1991,9,12,0,NA,NA,NA,NA,NA
1991,9,12,3,-21.2,899.2,21,230,63
1991,9,12,6,-21.6,898.4,25,220,59
1991,9,12,9,NA,NA,NA,NA,NA
1991,9,12,12,NA,NA,NA,NA,NA
1991,9,12,15,-23.4,899,6,40,62
1991,9,12,18,-24.4,898.5,10,20,59
1991,9,12,21,-25.7,898,6,80,66
1991,9,13,0,-25.5,897.1,NA,70,66
1991,9,13,3,-24.4,897.1,NA,NA,68
1991,9,13,6,-27.1,896.9,7,240,64
1991,9,13,9,-28.2,896.9,6,200,62
1991,9,13,12,-28.6,896.9,7,220,62
1991,9,13,15,-28.6,897.6,5,240,62
1991,9,13,18,-27.9,897.7,NA,110,63
1991,9,13,21,NA,NA,NA,NA,NA
1991,9,14,0,NA,NA,NA,NA,NA
1991,9,14,3,NA,NA,NA,NA,NA
1991,9,14,6,-31,899.6,5,20,58
1991,9,14,9,-31,899.4,3,40,58
1991,9,14,12,-31.6,900.3,4,20,57
1991,9,14,15,-30.9,900.8,6,360,59
1991,9,14,18,-30.3,901.4,NA,340,60
1991,9,14,21,-29.8,902.4,NA,250,60
1991,9,15,0,-28.3,904,NA,230,62
1991,9,15,3,-26.9,905.4,NA,240,43
1991,9,15,6,NA,NA,NA,NA,NA
1991,9,15,9,NA,NA,NA,NA,NA
1991,9,15,12,NA,NA,NA,NA,NA
1991,9,15,15,-20.9,916.5,11,340,20
1991,9,15,18,-20.9,919,NA,20,22
1991,9,15,21,-24.3,921.7,8,260,27
1991,9,16,0,NA,NA,NA,NA,NA
1991,9,16,3,-24.5,923.4,2,360,40
1991,9,16,6,-26.3,924.2,4,250,56
1991,9,16,9,-26.1,927,6,230,65
1991,9,16,12,-28.2,927.9,NA,240,62
1991,9,16,15,-25.9,928.3,NA,NA,52
1991,9,16,18,NA,926.5,NA,NA,38
1991,9,16,21,NA,925.4,NA,NA,36
1991,9,17,0,NA,923.1,NA,NA,27
1991,9,17,3,-15,923.1,NA,NA,26
1991,9,17,6,-14,921.4,NA,230,23
1991,9,17,9,-16.8,920.9,NA,220,36
1991,9,17,12,-16.5,918.6,NA,190,33
1991,9,17,15,-16.1,917,NA,230,32
1991,9,17,18,-16.9,915.3,NA,NA,48
1991,9,17,21,-13.7,913.2,NA,NA,32
1991,9,18,0,-13.8,910.6,NA,NA,31
1991,9,18,3,-12.9,910.6,NA,240,41
1991,9,18,6,-10.7,908.9,45,240,49
1991,9,18,9,-10.6,909.6,NA,220,44
1991,9,18,12,-12.4,904.7,NA,240,60
1991,9,18,15,-14.2,906.9,NA,230,81
1991,9,18,18,-17.1,912.8,58,240,78
1991,9,18,21,-15,914.4,56,240,81
1991,9,19,0,-13.2,915.4,55,240,78
1991,9,19,3,-13.5,916.3,53,230,82
1991,9,19,6,-13.3,917.9,NA,250,81
1991,9,19,9,-13.2,920.8,NA,250,63
1991,9,19,12,-11,920,NA,240,34
1991,9,19,15,-11,919.8,NA,240,31
1991,9,19,18,-14.7,919.5,25,240,50
1991,9,19,21,-15.5,917.6,NA,210,77
1991,9,20,0,-15.5,914.7,NA,240,66
1991,9,20,3,-14,912,8,250,50
1991,9,20,6,NA,NA,NA,NA,NA
1991,9,20,9,-13.9,905.7,10,340,48
1991,9,20,12,-14.1,904.4,13,360,44
1991,9,20,15,-14.7,904.8,NA,20,42
1991,9,20,18,-15.4,907.5,NA,320,44
1991,9,20,21,NA,NA,NA,NA,NA
1991,9,21,0,-15.5,916.3,15,230,62
1991,9,21,3,-20.2,919.1,NA,230,69
1991,9,21,6,NA,924.1,NA,200,72
1991,9,21,9,-21.3,927.2,NA,230,72
1991,9,21,12,-21.4,929.1,NA,330,72
1991,9,21,15,-21.5,930.7,NA,280,63
1991,9,21,18,-20.9,932.9,5,240,54
1991,9,21,21,NA,NA,NA,NA,NA
1991,9,22,0,-20,937.3,5,220,61
1991,9,22,3,-21.7,937.8,NA,220,71
1991,9,22,6,NA,NA,NA,NA,NA
1991,9,22,9,-22,935.7,10,20,58
1991,9,22,12,NA,NA,NA,NA,NA
1991,9,22,15,-17,933.7,7,240,28
1991,9,22,18,-15.7,934.9,4,250,22
1991,9,22,21,-16.6,937.4,5,220,26
1991,9,23,0,-16.1,937.3,7,10,26
1991,9,23,3,NA,935.9,6,270,22
1991,9,23,6,-11.3,934.9,5,260,19
1991,9,23,9,NA,934.1,NA,240,33
1991,9,23,12,NA,935,NA,210,42
1991,9,23,15,-19.9,935.4,NA,240,61
1991,9,23,18,-21.4,935.4,NA,230,72
1991,9,23,21,-21.1,936.5,NA,220,72
1991,9,24,0,-19.8,934.9,NA,10,53
1991,9,24,3,-18.8,934.5,NA,320,44
1991,9,24,6,NA,934.1,NA,340,23
1991,9,24,9,NA,934.5,4,360,16
1991,9,24,12,-13.9,935.4,NA,NA,16
1991,9,24,15,-15.1,936.4,4,10,19
1991,9,24,18,-17.7,938.6,4,200,39
1991,9,24,21,-19.8,939.1,NA,250,51
1991,9,25,0,-19.9,939.8,NA,230,48
1991,9,25,3,-19.2,939.8,15,240,44
1991,9,25,6,-20.1,940.4,NA,230,54
1991,9,25,9,-23.1,940.3,NA,240,69
1991,9,25,12,-23.1,940.7,NA,230,69
1991,9,25,15,-22.6,941.1,NA,220,69
1991,9,25,18,-22.6,940,NA,210,70
1991,9,25,21,-22.7,938.4,NA,220,70
1991,9,26,0,-22.4,938.2,6,210,70
1991,9,26,3,-22.6,937.2,NA,NA,71
1991,9,26,6,NA,NA,NA,NA,NA
1991,9,26,9,-23.1,933.7,6,40,70
1991,9,26,12,-23.1,932.4,8,30,70
1991,9,26,15,NA,NA,NA,NA,NA
1991,9,26,18,-25.1,930.3,9,260,67
1991,9,26,21,-24.3,929.1,5,20,66
1991,9,27,0,-23.8,928.3,NA,240,68
1991,9,27,3,-23.1,933.7,6,40,70
1991,9,27,6,-24.3,925.6,9,230,63
1991,9,27,9,NA,NA,NA,NA,NA
1991,9,27,12,-21.3,921.8,1,330,37
1991,9,27,15,-20.4,920.3,5,20,28
1991,9,27,18,-18.4,917.7,NA,320,23
1991,9,27,21,-19.2,915.5,NA,350,24
1991,9,28,0,-17.9,914.2,NA,350,22
1991,9,28,3,-17.2,914.8,NA,NA,19
1991,9,28,6,NA,NA,NA,NA,NA
1991,9,28,9,-16.3,915.8,10,250,20
1991,9,28,12,-14.3,915.7,NA,240,42
1991,9,28,15,-15.8,914,NA,240,78
1991,9,28,18,-16.5,916.7,NA,230,78
1991,9,28,21,-15.8,918.3,NA,230,80
1991,9,29,0,-15.3,916.3,NA,240,80
1991,9,29,3,-15.1,920.4,NA,250,80
1991,9,29,6,-15.2,920.8,NA,230,80
1991,9,29,9,-14.8,921.4,NA,240,81
1991,9,29,12,-14.7,922.4,NA,230,81
1991,9,29,15,-13.9,922.9,NA,240,52
1991,9,29,18,NA,NA,NA,NA,NA
1991,9,29,21,-14.3,920.6,19,350,41
1991,9,30,0,-14.5,920,NA,20,37
1991,9,30,3,-13.5,919.8,NA,30,27
1991,9,30,6,-14.1,920.6,8,40,39
1991,9,30,9,-15.5,920.8,NA,NA,44
1991,9,30,12,-17,921.7,NA,NA,44
1991,9,30,15,-17.3,NA,NA,NA,54
1991,9,30,18,-20.5,924.7,12,260,71
1991,9,30,21,-19.2,926.5,9,260,75
1991,10,1,0,-16.4,928.1,NA,NA,37
1991,10,1,3,-14.3,925.8,NA,NA,29
1991,10,1,6,NA,NA,NA,NA,NA
1991,10,1,9,-11,923.1,4,290,13
1991,10,1,12,-11.4,923,NA,260,13
1991,10,1,15,-11.8,924,NA,320,14
1991,10,1,18,NA,NA,NA,NA,NA
1991,10,1,21,-11.6,926.7,9,260,15
1991,10,2,0,NA,NA,NA,NA,NA
1991,10,2,3,-19.3,931.2,24,230,72
1991,10,2,6,-20.1,933.6,24,240,68
1991,10,2,9,-19.7,936.2,NA,250,71
1991,10,2,12,-21,937.1,NA,230,73
1991,10,2,15,-21.9,938.3,9,250,71
1991,10,2,18,-21.6,938.9,NA,30,72
1991,10,2,21,-20.3,939.4,9,30,74
1991,10,3,0,-20.9,939.1,NA,10,73
1991,10,3,3,-20.7,938.8,NA,40,73
1991,10,3,6,-20.6,937.3,9,40,74
1991,10,3,9,-19.6,936.2,NA,10,74
1991,10,3,12,-19.9,936.1,NA,360,75
1991,10,3,15,-19.3,935.7,NA,NA,75
1991,10,3,18,-17.3,935.5,NA,NA,78
1991,10,3,21,-14.9,935.9,NA,NA,75
1991,10,4,0,-13.3,936.3,6,230,47
1991,10,4,3,-15,936.3,10,240,40
1991,10,4,6,-15.9,936.8,10,230,38
1991,10,4,9,NA,937,14,250,74
1991,10,4,12,-20.1,938,NA,250,74
1991,10,4,15,-18.5,939.6,NA,240,75
1991,10,4,18,-17.3,940.1,7,230,78
1991,10,4,21,-18.2,939.5,NA,230,77
1991,10,5,0,-18.3,940,NA,220,76
1991,10,5,3,-19.3,940.5,28,NA,75
1991,10,5,6,-20.1,941.5,NA,NA,74
1991,10,5,9,-20.7,940.6,NA,NA,74
1991,10,5,12,-21.5,939.8,NA,NA,72
1991,10,5,15,-22,939.3,29,NA,71
1991,10,5,18,-22,938.7,28,210,72
1991,10,5,21,-22.2,939.1,26,210,71
1991,10,6,0,-22.7,938.7,28,200,71
1991,10,6,3,-23.1,938,24,210,71
1991,10,6,6,-22.6,937.7,NA,210,71
1991,10,6,9,-23.3,936.3,23,200,70
1991,10,6,12,-23.3,934.7,NA,210,70
1991,10,6,15,-23.6,934.2,NA,200,70
1991,10,6,18,-23.5,933.9,28,210,69
1991,10,6,21,NA,NA,NA,NA,NA
1991,10,7,0,-22.9,931.8,41,230,71
1991,10,7,3,-22.7,930.9,NA,NA,70
1991,10,7,6,-23.1,929.8,NA,NA,70
1991,10,7,9,-22.9,930.7,55,NA,70
1991,10,7,12,-22.9,931.5,51,NA,71
1991,10,7,15,-22.8,930.4,NA,NA,70
1991,10,7,18,-21.1,929.9,NA,240,62
1991,10,7,21,-20.7,930.2,NA,230,63
1991,10,8,0,-20.1,931.6,NA,230,45
1991,10,8,3,-19.5,934.2,NA,220,42
1991,10,8,6,-19.2,934.6,NA,230,49
1991,10,8,9,NA,NA,NA,NA,NA
1991,10,8,12,NA,NA,NA,NA,NA
1991,10,8,15,-19.4,930.9,7,360,54
1991,10,8,18,-18.2,929.6,7,30,30
1991,10,8,21,-17.8,928.5,8,10,38
1991,10,9,0,-16.9,927.7,6,10,33
1991,10,9,3,-17,927.2,5,40,34
1991,10,9,6,-18.1,926.9,5,30,37
1991,10,9,9,-18.3,927.3,4,340,36
1991,10,9,12,NA,NA,NA,NA,NA
1991,10,9,15,-17.2,927,5,270,31
1991,10,9,18,-16.7,927.3,5,240,30
1991,10,9,21,-17.7,927.5,6,230,32
1991,10,10,0,-17.8,927.2,NA,230,37
1991,10,10,3,NA,NA,NA,NA,NA
1991,10,10,6,-16.8,926.6,13,220,34
1991,10,10,9,-18.6,926.2,NA,240,46
1991,10,10,12,-17.3,925.4,NA,230,38
1991,10,10,15,-17.1,924.9,NA,240,34
1991,10,10,18,-16.9,924.9,NA,240,37
1991,10,10,21,-15.5,925.2,NA,240,41
1991,10,11,0,-17.7,924.6,NA,220,57
1991,10,11,3,-17,924.7,NA,230,77
1991,10,11,6,-16.9,925.4,21,250,78
1991,10,11,9,NA,NA,NA,NA,NA
1991,10,11,12,-18,922.8,14,350,69
1991,10,11,15,-16.2,921.1,15,40,49
1991,10,11,18,-17.6,918,14,20,47
1991,10,11,21,NA,NA,NA,NA,NA
1991,10,12,0,-16.3,911.3,1,340,46
1991,10,12,3,-19.6,909.5,2,30,74
1991,10,12,6,-20.3,908.2,NA,230,74
1991,10,12,9,-21.2,908.2,NA,320,73
1991,10,12,12,-21.7,908.6,NA,220,71
1991,10,12,15,-22.7,909.2,NA,210,71
1991,10,12,18,-22.9,910.5,NA,210,69
1991,10,12,21,-23.5,911.6,NA,220,69
1991,10,13,0,-23.3,911.6,14,210,69
1991,10,13,3,-22.3,911.6,12,230,71
1991,10,13,6,-22.1,911.6,15,210,68
1991,10,13,9,-20.4,909.9,NA,220,46
1991,10,13,12,-19.6,905.7,NA,230,52
1991,10,13,15,-19.7,905.6,NA,NA,56
1991,10,13,18,-19.9,906.6,NA,NA,69
1991,10,13,21,-18.3,904.5,NA,NA,51
1991,10,14,0,-18.3,906.5,NA,NA,55
1991,10,14,3,-18.3,910,45,NA,57
1991,10,14,6,-17.9,913.5,NA,NA,59
1991,10,14,9,-17.8,916.3,NA,NA,64
1991,10,14,12,-17.7,919.5,NA,NA,70
1991,10,14,15,-17.2,920,NA,NA,64
1991,10,14,18,-16.8,920.6,22,240,54
1991,10,14,21,-16.1,921,19,240,53
1991,10,15,0,-18.3,921.1,NA,240,75
1991,10,15,3,-17.3,919.8,NA,210,77
1991,10,15,6,-17.7,918.3,NA,220,77
1991,10,15,9,-17.9,917.7,20,NA,77
1991,10,15,12,-17.5,914.5,NA,NA,78
1991,10,15,15,-16.7,908.9,NA,NA,78
1991,10,15,18,-16.2,903.9,NA,230,78
1991,10,15,21,-17.4,899.8,NA,240,78
1991,10,16,0,-18.7,896.6,NA,NA,76
1991,10,16,3,-18.4,895.1,NA,NA,77
1991,10,16,6,-19.1,897.9,NA,NA,76
1991,10,16,9,-18.7,897.6,NA,NA,76
1991,10,16,12,-17.3,894.3,NA,NA,75
1991,10,16,15,-16.2,893.1,NA,NA,74
1991,10,16,18,-16.7,889.9,NA,230,78
1991,10,16,21,-16.6,890.9,NA,240,78
1991,10,17,0,-15.9,892.1,NA,240,79
1991,10,17,3,-15,895.1,NA,240,79
1991,10,17,6,-15,896.5,NA,230,81
1991,10,17,9,-13.6,894.7,NA,230,77
1991,10,17,12,-12,895.9,55,230,64
1991,10,17,15,-10.5,896.5,NA,240,55
1991,10,17,18,-13.2,897.5,NA,230,79
1991,10,17,21,-12.2,896.5,NA,220,78
1991,10,18,0,-12,897.3,NA,220,80
1991,10,18,3,-9.8,897.3,NA,240,63
1991,10,18,6,-8.6,896.7,NA,240,71
1991,10,18,9,-10.5,897.1,NA,230,84
1991,10,18,12,-10.2,899.1,NA,220,71
1991,10,18,15,-10,900.8,NA,230,66
1991,10,18,18,NA,NA,NA,NA,NA
1991,10,18,21,-10.8,902.7,4,270,85
1991,10,19,0,-10.5,901.5,NA,NA,81
1991,10,19,3,-9.8,900.2,NA,20,73
1991,10,19,6,-11.3,900,NA,20,85
1991,10,19,9,-9.8,899.8,NA,20,64
1991,10,19,12,NA,NA,NA,NA,NA
1991,10,19,15,-13.4,898.5,8,220,83
1991,10,19,18,-13.1,898.5,NA,230,82
1991,10,19,21,-12.6,899.2,NA,210,83
1991,10,20,0,-13.4,899.6,NA,220,83
1991,10,20,3,-13.5,900.7,NA,230,78
1991,10,20,6,-13.6,902.6,NA,230,80
1991,10,20,9,-14,903.6,NA,240,81
1991,10,20,12,-14.1,904.7,NA,230,82
1991,10,20,15,-13.7,908.4,NA,210,81
1991,10,20,18,NA,NA,NA,NA,NA
1991,10,20,21,-14.4,911.3,11,220,81
1991,10,21,0,NA,NA,NA,NA,NA
1991,10,21,3,NA,NA,NA,NA,NA
1991,10,21,6,-15,913.7,6,220,81
1991,10,21,9,-15.3,913.9,5,220,81
1991,10,21,12,-16.7,912.4,NA,200,79
1991,10,21,15,-17.2,912,NA,200,79
1991,10,21,18,-17.9,911.6,NA,220,78
1991,10,21,21,-17.6,912.9,24,220,78
1991,10,22,0,-16.8,914.7,NA,220,80
1991,10,22,3,-17.2,915.7,NA,230,79
1991,10,22,6,NA,NA,NA,NA,NA
1991,10,22,9,NA,NA,NA,NA,NA
1991,10,22,12,NA,NA,NA,NA,NA
1991,10,22,15,-18,914.3,7,230,78
1991,10,22,18,NA,NA,NA,NA,NA
1991,10,22,21,NA,NA,NA,NA,NA
1991,10,23,0,-17.2,910.8,11,240,79
1991,10,23,3,-18,909.8,15,250,78
1991,10,23,6,NA,NA,NA,NA,NA
1991,10,23,9,NA,NA,NA,NA,NA
1991,10,23,12,NA,NA,NA,NA,NA
1991,10,23,15,NA,NA,NA,NA,NA
1991,10,23,18,NA,NA,NA,NA,NA
1991,10,23,21,-18.8,908.9,7,220,77
1991,10,24,0,-18.8,909.1,8,200,77
1991,10,24,3,-19.3,909.2,11,220,76
1991,10,24,6,-19.5,909.2,12,200,76
1991,10,24,9,-19.9,909.5,8,210,75
1991,10,24,12,-20.1,909.8,NA,200,75
1991,10,24,15,NA,NA,NA,NA,NA
1991,10,24,18,-20.4,910.2,8,200,74
1991,10,24,21,NA,NA,NA,NA,NA
1991,10,25,0,-19.9,910.6,9,200,76
1991,10,25,3,-19.6,910.3,10,240,76
1991,10,25,6,-20.5,910.4,9,240,75
1991,10,25,9,-20.5,910.5,7,220,75
1991,10,25,12,-21.6,910.4,7,240,73
1991,10,25,15,NA,NA,NA,NA,NA
1991,10,25,18,NA,NA,NA,NA,NA
1991,10,25,21,NA,NA,NA,NA,NA
1991,10,26,0,NA,NA,NA,NA,NA
1991,10,26,3,-20.2,910.4,7,230,75
1991,10,26,6,-20.9,909.8,8,230,74
1991,10,26,9,-21.5,909.7,10,230,73
1991,10,26,12,-22.1,909.4,NA,220,73
1991,10,26,15,-22.4,909.4,14,230,73
1991,10,26,18,-22.3,909.6,NA,210,72
1991,10,26,21,-21.9,909.8,NA,220,73
1991,10,27,0,-21.4,909.5,6,190,73
1991,10,27,3,-21.6,908.8,NA,210,73
1991,10,27,6,-22.5,907.5,NA,220,72
1991,10,27,9,-23.2,907.4,NA,230,71
1991,10,27,12,-23.9,906.4,17,240,70
1991,10,27,15,-23.4,906.3,18,240,71
1991,10,27,18,-23.7,906.1,17,250,70
1991,10,27,21,-20.9,905.7,NA,80,74
1991,10,28,0,-19.2,905,NA,120,76
1991,10,28,3,NA,NA,NA,NA,NA
1991,10,28,6,-21.6,903.5,5,70,73
1991,10,28,9,-22.2,902.8,5,70,73
1991,10,28,12,NA,NA,NA,NA,NA
1991,10,28,15,NA,NA,NA,NA,NA
1991,10,28,18,NA,NA,NA,NA,NA
1991,10,28,21,-24.8,898.7,9,260,69
1991,10,29,0,-24,897.8,10,230,70
1991,10,29,3,-23.1,896.5,13,230,71
1991,10,29,6,-23.2,895.7,NA,220,71
1991,10,29,9,-23.8,895.1,17,240,70
1991,10,29,12,-24.1,894.5,15,240,70
1991,10,29,15,NA,NA,NA,NA,NA
1991,10,29,18,NA,NA,NA,NA,NA
1991,10,29,21,-19.7,892.2,2,70,75
1991,10,30,0,-18,891.6,1,120,78
1991,10,30,3,NA,NA,NA,NA,NA
1991,10,30,6,-20.9,891,1,130,74
1991,10,30,9,NA,NA,NA,NA,NA
1991,10,30,12,NA,NA,NA,NA,NA
1991,10,30,15,-21.8,890.9,4,300,52
1991,10,30,18,NA,NA,NA,NA,NA
1991,10,30,21,NA,NA,NA,NA,NA
1991,10,31,0,-18.5,894,8,230,40
1991,10,31,3,-18.9,894.7,NA,230,43
1991,10,31,6,-19.5,894.1,NA,240,75
1991,10,31,9,-20.3,896.9,NA,230,74
1991,10,31,12,-19.6,898.5,NA,240,73
1991,10,31,15,-20.2,900.8,NA,220,69
1991,10,31,18,NA,NA,NA,NA,NA
1991,10,31,21,NA,NA,NA,NA,NA
1991,11,1,0,-17.8,903.6,8,60,56
1991,11,1,3,-18.3,904.2,NA,50,64
1991,11,1,6,-17.9,905.6,4,NA,63
1991,11,1,9,-19.8,906.6,NA,240,75
1991,11,1,12,-19.5,907.3,8,260,48
1991,11,1,15,-20.2,907.5,NA,NA,45
1991,11,1,18,-18.5,907.2,4,NA,39
1991,11,1,21,-16.8,907,1,NA,36
1991,11,2,0,-16.8,906.3,NA,230,31
1991,11,2,3,-15.4,904.5,NA,230,33
1991,11,2,6,NA,NA,NA,NA,NA
1991,11,2,9,NA,NA,NA,NA,NA
1991,11,2,12,-14,905.5,25,230,78
1991,11,2,15,NA,NA,NA,NA,NA
1991,11,2,18,-13.9,907.6,5,210,82
1991,11,2,21,-13.5,907.6,8,250,83
1991,11,3,0,-13,907.7,8,250,79
1991,11,3,3,-13.1,907.4,8,210,84
1991,11,3,6,-15.1,907.3,12,210,81
1991,11,3,9,-15.4,907.1,NA,200,80
1991,11,3,12,-16,907.8,NA,230,80
1991,11,3,15,-16.7,906.8,NA,240,80
1991,11,3,18,-16.6,908.7,NA,240,79
1991,11,3,21,-16.9,909.4,NA,230,79
1991,11,4,0,-17.4,910,NA,220,78
1991,11,4,3,-17.4,911.5,NA,240,79
1991,11,4,6,-17.4,912.4,NA,NA,78
1991,11,4,9,-17.9,912.8,NA,220,77
1991,11,4,12,-18.3,913.4,4,190,77
1991,11,4,15,-18.3,913.5,2,NA,77
1991,11,4,18,-17.8,913.6,NA,NA,78
1991,11,4,21,-17.2,913.6,2,NA,78
1991,11,5,0,-18,913.7,NA,230,77
1991,11,5,3,-18.6,913.5,NA,210,77
1991,11,5,6,-19.3,913.1,NA,220,76
1991,11,5,9,-20.4,912.3,NA,220,75
1991,11,5,12,-20.2,911.2,NA,240,74
1991,11,5,15,-20.2,911,NA,230,74
1991,11,5,18,-19.5,913,NA,230,62
1991,11,5,21,-18.8,915.1,NA,220,69
1991,11,6,0,-17.4,916.6,NA,NA,65
1991,11,6,3,-17.5,916.3,NA,NA,69
1991,11,6,6,-17,915.5,2,NA,57
1991,11,6,9,-17.6,914.9,3,NA,44
1991,11,6,12,-17.6,915.1,5,NA,36
1991,11,6,15,-18.5,915.5,NA,240,76
1991,11,6,18,-16.2,915.8,NA,230,43
1991,11,6,21,-15.8,917.3,NA,230,32
1991,11,7,0,-14.8,918.6,NA,210,49
1991,11,7,3,-13.3,919.5,NA,220,52
1991,11,7,6,-12.8,920.2,NA,230,75
1991,11,7,9,-11.7,920.2,NA,240,80
1991,11,7,12,-9.7,923.3,NA,240,62
1991,11,7,15,-7.4,927,NA,230,42
1991,11,7,18,-7.1,929.9,NA,250,37
1991,11,7,21,-5.7,931,NA,240,38
1991,11,8,0,-7.2,932.5,NA,250,49
1991,11,8,3,-8.8,932.3,NA,230,64
1991,11,8,6,-10.1,934.6,NA,230,74
1991,11,8,9,-10.3,935.1,NA,270,74
1991,11,8,12,-10,935.6,NA,280,56
1991,11,8,15,-10.1,936,NA,330,44
1991,11,8,18,-10.5,936.6,5,40,68
1991,11,8,21,-10,936.8,9,20,60
1991,11,9,0,-10.8,937.6,NA,40,68
1991,11,9,3,-10.5,938.6,NA,80,75
1991,11,9,6,-9.1,939.2,2,NA,56
1991,11,9,9,-9.2,939,5,NA,40
1991,11,9,12,-11,937.8,NA,20,47
1991,11,9,15,-11.2,936.3,NA,30,43
1991,11,9,18,-9.5,935.1,NA,NA,47
1991,11,9,21,-7.8,933.1,NA,90,46
1991,11,10,0,-7,931.3,4,NA,36
1991,11,10,3,NA,929,NA,NA,17
1991,11,10,6,-2.8,926.9,1,60,14
1991,11,10,9,-4.4,924.5,NA,50,18
1991,11,10,12,NA,923.5,NA,250,80
1991,11,10,15,NA,924.3,NA,NA,79
1991,11,10,18,-10.8,923.8,NA,NA,63
1991,11,10,21,-10,924.1,7,80,42
1991,11,11,0,-9.8,922.6,7,50,57
1991,11,11,3,-9.9,921.5,10,40,35
1991,11,11,6,-11,920.1,NA,20,44
1991,11,11,9,-12.1,920,10,350,53
1991,11,11,12,-12.2,921.1,NA,NA,57
1991,11,11,15,-12.9,921.3,NA,230,64
1991,11,11,18,-12.7,921.5,NA,220,61
1991,11,11,21,-12.2,922.6,NA,260,48
1991,11,12,0,-13.2,923.6,20,210,62
1991,11,12,3,-13.9,924.9,22,200,77
1991,11,12,6,-14.4,927.5,NA,210,81
1991,11,12,9,-15,928.2,19,240,70
1991,11,12,12,-14.8,928.7,NA,NA,66
1991,11,12,15,-15.2,928.1,22,NA,59
1991,11,12,18,-14.5,927.6,NA,NA,55
1991,11,12,21,-14.6,926.2,NA,NA,72
1991,11,13,0,-14.8,925.9,NA,230,79
1991,11,13,3,-14.3,926.5,NA,220,81
1991,11,13,6,-14.1,926.8,NA,230,81
1991,11,13,9,-14.4,925.2,NA,220,81
1991,11,13,12,-13.9,922.7,NA,230,71
1991,11,13,15,-13.7,921.8,NA,230,70
1991,11,13,18,-12,917.6,NA,240,58
1991,11,13,21,-13.4,911.8,NA,240,82
1991,11,14,0,-14.5,913.7,60,240,78
1991,11,14,3,-13.2,910.3,NA,230,76
1991,11,14,6,-12.6,910.2,NA,NA,78
1991,11,14,9,-12.9,909.9,NA,NA,84
1991,11,14,12,-12.8,909.9,NA,NA,83
1991,11,14,15,-13.3,908.8,NA,220,83
1991,11,14,18,-12.9,912.4,NA,240,84
1991,11,14,21,-12.3,912.6,NA,240,79
1991,11,15,0,-11.8,915.4,NA,230,69
1991,11,15,3,-10.3,915.1,NA,240,50
1991,11,15,6,-10.3,918.4,59,240,49
1991,11,15,9,-10.7,921.9,NA,230,46
1991,11,15,12,-10.9,923.2,NA,230,54
1991,11,15,15,-10.6,924,33,240,48
1991,11,15,18,-10.5,925.8,NA,230,53
1991,11,15,21,-11.5,925,NA,230,59
1991,11,16,0,-10.9,926.6,NA,210,49
1991,11,16,3,-10,928.5,NA,220,52
1991,11,16,6,-10.5,928.6,NA,140,56
1991,11,16,9,-10.3,928.3,NA,220,52
1991,11,16,12,-11.2,927.4,2,140,46
1991,11,16,15,-10.6,926.3,4,NA,30
1991,11,16,18,-7.7,925.3,1,NA,19
1991,11,16,21,-8.2,924.4,2,NA,32
1991,11,17,0,-10.6,923.6,NA,230,50
1991,11,17,3,-10.1,922.3,NA,230,45
1991,11,17,6,-10.2,920.7,NA,10,36
1991,11,17,9,-10.6,918.9,NA,20,30
1991,11,17,12,-10.2,917.8,NA,10,30
1991,11,17,15,-8.7,917.2,11,340,27
1991,11,17,18,-7.9,917.1,NA,100,46
1991,11,17,21,-7.7,917.4,NA,80,43
1991,11,18,0,-9.1,917.1,4,40,61
1991,11,18,3,-9,916,5,80,53
1991,11,18,6,-10.2,914.8,NA,20,48
1991,11,18,9,-11.9,913.4,NA,350,67
1991,11,18,12,-12.6,912.1,9,360,57
1991,11,18,15,-13,910.2,NA,350,77
1991,11,18,18,-12.3,909.4,8,240,84
1991,11,18,21,-11.9,909.7,NA,240,84
1991,11,19,0,-11,911.1,8,230,64
1991,11,19,3,-12.2,911.8,NA,240,80
1991,11,19,6,-10.7,913.8,NA,240,66
1991,11,19,9,-11.5,915.5,NA,220,80
1991,11,19,12,-11.8,917.5,NA,230,76
1991,11,19,15,-11.5,919.1,NA,230,62
1991,11,19,18,-11.1,920.2,18,230,54
1991,11,19,21,-11,920.7,NA,220,58
1991,11,20,0,-10.5,921.7,NA,220,56
1991,11,20,3,-10.2,922.7,NA,230,57
1991,11,20,6,-10.3,922.9,NA,230,56
1991,11,20,9,-10.3,925.3,NA,230,58
1991,11,20,12,-10.9,927.7,NA,240,71
1991,11,20,15,-11,928.3,40,NA,71
1991,11,20,18,-10.5,930.4,NA,NA,74
1991,11,20,21,-10,931.2,40,NA,66
1991,11,21,0,-9.9,931.1,44,NA,70
1991,11,21,3,-9.9,931.5,NA,NA,64
1991,11,21,6,-9.8,931.6,45,NA,76
1991,11,21,9,-9,934,NA,230,76
1991,11,21,12,-8.5,934.1,NA,240,72
1991,11,21,15,-9.3,934.6,NA,220,81
1991,11,21,18,-10,934.2,NA,200,85
1991,11,21,21,-9.2,933.6,NA,210,86
1991,11,22,0,-9.2,932.9,NA,220,87
1991,11,22,3,-9.5,931.3,NA,240,87
1991,11,22,6,-9.6,930.4,10,230,87
1991,11,22,9,-9.4,928.6,NA,230,57
1991,11,22,12,-10.2,927.6,NA,230,59
1991,11,22,15,-10.2,926.2,22,240,44
1991,11,22,18,-10.5,925.8,18,230,47
1991,11,22,21,-11.3,925.8,NA,210,61
1991,11,23,0,-10.8,925.3,NA,220,64
1991,11,23,3,-11.6,924.4,NA,240,68
1991,11,23,6,-11.5,924.5,NA,230,70
1991,11,23,9,-12.2,924.5,NA,220,64
1991,11,23,12,-13,924.5,NA,230,64
1991,11,23,15,-13.1,924.5,NA,30,73
1991,11,23,18,-10.9,924.7,7,100,75
1991,11,23,21,-11.1,924.9,3,60,85
1991,11,24,0,-11,924.9,6,110,85
1991,11,24,3,-9.9,924.9,2,60,80
1991,11,24,6,-10.4,925.2,2,110,86
1991,11,24,9,-10.7,925.2,1,NA,86
1991,11,24,12,-11.1,925.1,4,350,85
1991,11,24,15,-11,925,5,NA,81
1991,11,24,18,-12.4,925.2,8,250,84
1991,11,24,21,-11.8,924.9,NA,240,85
1991,11,25,0,-11.5,924.8,NA,220,86
1991,11,25,3,-11.3,924.1,15,200,86
1991,11,25,6,-11,923.9,16,230,83
1991,11,25,9,-11,924,16,220,84
1991,11,25,12,-11.4,924,NA,220,85
1991,11,25,15,-11.5,924,NA,220,85
1991,11,25,18,-10.9,924.5,NA,0,86
1991,11,25,21,-10.6,924.4,NA,10,86
1991,11,26,0,-10.6,923.8,NA,10,85
1991,11,26,3,-10.2,923.2,10,10,85
1991,11,26,6,-8.8,923.3,NA,330,75
1991,11,26,9,-10,923.8,NA,10,81
1991,11,26,12,-10.2,924.8,3,330,87
1991,11,26,15,-10.2,925,NA,360,85
1991,11,26,18,-9.2,926.1,5,NA,86
1991,11,26,21,-9.1,926.7,5,20,74
1991,11,27,0,-7.6,927.7,5,60,77
1991,11,27,3,-8,927.7,4,80,74
1991,11,27,6,-9,927.4,3,60,87
1991,11,27,9,-10,927,2,80,87
1991,11,27,12,-11.2,925.2,4,NA,86
1991,11,27,15,-11,924.7,NA,NA,86
1991,11,27,18,-10.9,925,8,230,87
1991,11,27,21,-10.4,926.3,12,220,87
1991,11,28,0,-10,928.3,9,230,87
1991,11,28,3,-9.8,929.8,NA,220,87
1991,11,28,6,-8.3,930.5,NA,0,88
1991,11,28,9,-8.4,931.2,NA,0,88
1991,11,28,12,-9.3,931.6,NA,NA,88
1991,11,28,15,-9.4,932.1,4,NA,85
1991,11,28,18,-9.4,932.8,3,NA,84
1991,11,28,21,-7.6,933.3,2,20,84
1991,11,29,0,-8.8,932.4,NA,10,87
1991,11,29,3,-8.7,931.8,6,10,89
1991,11,29,6,-8.2,930.6,10,50,89
1991,11,29,9,-7.4,930,7,30,90
1991,11,29,12,-8,930.1,NA,290,89
1991,11,29,15,-7.9,930.1,4,200,89
1991,11,29,18,-9.4,930.6,NA,220,88
1991,11,29,21,-8.5,931.3,NA,230,89
1991,11,30,0,-6.7,932.3,NA,80,84
1991,11,30,3,-7.7,932.8,NA,50,89
1991,11,30,6,-7.9,933.8,4,70,90
1991,11,30,9,-8.4,935,3,90,88
1991,11,30,12,-8.6,935.6,2,160,88
1991,11,30,15,-8.7,935.7,NA,NA,88
1991,11,30,18,-9.1,935.6,2,160,89
1991,11,30,21,-9.2,935.5,3,NA,89
1991,12,1,0,-8.6,935.6,6,NA,90
1991,12,1,3,-8.3,936.7,4,NA,89
1991,12,1,6,-8.6,938.4,5,190,90
1991,12,1,9,-8.8,939.5,3,NA,89
1991,12,1,12,-9.2,940.1,3,20,88
1991,12,1,15,-9.3,940.3,4,70,88
1991,12,1,18,-9.3,940.1,NA,20,88
1991,12,1,21,-9.2,935.5,NA,30,89
1991,12,2,0,-7.8,940.1,6,50,90
1991,12,2,3,-8.1,939.6,NA,30,90
1991,12,2,6,-8.3,938.2,NA,360,89
1991,12,2,9,-9.1,937.2,NA,360,85
1991,12,2,12,-9.6,935.7,11,10,86
1991,12,2,15,-9.2,934,NA,10,87
1991,12,2,18,-9,932.5,NA,10,89
1991,12,2,21,-7.7,931.4,NA,70,80
1991,12,3,0,-7.9,930.3,3,NA,83
1991,12,3,3,-8.7,929.5,NA,NA,89
1991,12,3,6,-8.9,930.1,NA,190,89
1991,12,3,9,-9.6,930.3,8,230,80
1991,12,3,12,-10,929,NA,230,87
1991,12,3,15,-9.7,927.1,NA,230,81
1991,12,3,18,-9.4,927.5,NA,240,75
1991,12,3,21,-9.5,928.5,43,NA,80
1991,12,4,0,-9.5,929.4,43,NA,87
1991,12,4,3,-9.2,932.8,NA,NA,88
1991,12,4,6,-9.1,934.3,NA,230,88
1991,12,4,9,-9.1,935.7,NA,240,88
1991,12,4,12,-8.5,936.2,NA,NA,57
1991,12,4,15,-7.8,936.1,NA,NA,49
1991,12,4,18,NA,936.6,1,290,61
1991,12,4,21,NA,937.4,1,300,61
1991,12,5,0,NA,938.1,1,300,70
1991,12,5,3,-5.4,938.2,4,180,52
1991,12,5,6,-4.8,938.6,2,NA,40
1991,12,5,9,-4.9,938.7,NA,240,34
1991,12,5,12,-4.8,938.7,NA,NA,33
1991,12,5,15,-4.2,937.9,NA,NA,31
1991,12,5,18,-7.6,939.3,NA,NA,84
1991,12,5,21,-4.7,939.4,NA,120,69
1991,12,6,0,-3.9,938.5,NA,130,59
1991,12,6,3,-4.3,937.5,NA,220,60
1991,12,6,6,-5.3,936.4,NA,230,73
1991,12,6,9,-4.8,934.8,NA,240,63
1991,12,6,12,-4.8,932.7,NA,240,62
1991,12,6,15,-8.2,933.1,NA,240,90
1991,12,6,18,-8,932.6,NA,230,84
1991,12,6,21,-5.6,932.1,NA,190,72
1991,12,7,0,-4.5,931.1,NA,200,71
1991,12,7,3,-4.2,930,NA,220,71
1991,12,7,6,-4.4,929.7,16,220,75
1991,12,7,9,-4.1,929.4,NA,230,63
1991,12,7,12,-3.8,929,NA,NA,57
1991,12,7,15,-5.7,930.4,NA,NA,75
1991,12,7,18,-2.9,930.6,NA,NA,45
1991,12,7,21,-2.2,930.9,NA,NA,47
1991,12,8,0,-1.5,930.7,NA,240,46
1991,12,8,3,-1.6,932.1,NA,250,47
1991,12,8,6,-0.9,933.4,NA,NA,46
1991,12,8,9,-0.8,933.8,NA,NA,43
1991,12,8,12,-2.9,934.6,NA,230,47
1991,12,8,15,-5.1,935.6,NA,230,73
1991,12,8,18,-4.5,936.5,NA,250,80
1991,12,8,21,-2.5,936.8,NA,20,74
1991,12,9,0,-3.5,936.2,NA,360,78
1991,12,9,3,-4.1,935.2,NA,10,80
1991,12,9,6,-0.7,934,NA,320,49
1991,12,9,9,-1.7,932.9,NA,10,43
1991,12,9,12,0.1,931.2,5,NA,27
1991,12,9,15,1.2,929.8,NA,NA,25
1991,12,9,18,NA,928.8,1,NA,23
1991,12,9,21,NA,927.8,1,NA,43
1991,12,10,0,NA,926.8,1,310,56
1991,12,10,3,NA,925.8,NA,230,47
1991,12,10,6,-3.2,925.1,4,NA,66
1991,12,10,9,-4.1,924.3,6,NA,67
1991,12,10,12,-6.2,923.8,NA,250,90
1991,12,10,15,-7.2,923.3,10,240,89
1991,12,10,18,-5.8,923.9,NA,210,91
1991,12,10,21,-5.8,924.7,NA,250,91
1991,12,11,0,-5,925.4,NA,240,91
1991,12,11,3,-4.6,925.8,NA,230,92
1991,12,11,6,-5.8,925.6,NA,NA,92
1991,12,11,9,-5.9,926.9,NA,NA,87
1991,12,11,12,-6.7,927.4,NA,NA,90
1991,12,11,15,-7.1,928.4,NA,NA,91
1991,12,11,18,-5.4,929.2,9,220,83
1991,12,11,21,-3.5,930,5,NA,61
1991,12,12,0,-1.8,930.4,9,220,54
1991,12,12,3,-1.3,930.9,NA,NA,49
1991,12,12,6,-1.1,931.2,NA,NA,47
1991,12,12,9,-1.1,931.5,NA,NA,47
1991,12,12,12,-2,931.4,NA,NA,49
1991,12,12,15,-2.7,931.3,2,NA,50
1991,12,12,18,NA,931.4,1,NA,48
1991,12,12,21,-0.6,931.3,2,110,47
1991,12,13,0,NA,931.5,2,NA,NA
1991,12,13,3,-1.3,931.4,3,30,53
1991,12,13,6,-0.9,931.4,2,NA,51
1991,12,13,9,-2.3,931.3,NA,360,58
1991,12,13,12,-2.3,931.3,3,NA,55
1991,12,13,15,-2,931.1,NA,360,55
1991,12,13,18,-2.2,931.4,2,NA,61
1991,12,13,21,-1.8,931.8,2,NA,57
1991,12,14,0,-1.7,932.1,3,NA,60
1991,12,14,3,-1.9,932.4,3,NA,62
1991,12,14,6,-3.5,932.7,NA,NA,90
1991,12,14,9,-4.3,933.2,2,NA,89
1991,12,14,12,NA,933.9,1,NA,91
1991,12,14,15,-5.6,934.2,4,NA,91
1991,12,14,18,-5.1,934.6,3,NA,91
1991,12,14,21,NA,935.4,1,NA,93
1991,12,15,0,-2.6,935.8,3,190,89
1991,12,15,3,-3.1,936.2,4,NA,83
1991,12,15,6,-0.5,936.6,2,NA,56
1991,12,15,9,-0.9,937.2,2,NA,48
1991,12,15,12,-2.1,937.2,3,NA,44
1991,12,15,15,NA,936.9,1,NA,53
1991,12,15,18,-1.1,936.8,2,70,46
1991,12,15,21,-1,936.5,3,50,57
1991,12,16,0,-0.1,935.9,3,70,45
1991,12,16,3,-1.2,935,2,NA,48
1991,12,16,6,NA,934.8,6,20,91
1991,12,16,9,-5.6,935.2,6,50,92
1991,12,16,12,-5.9,935.6,4,60,91
1991,12,16,15,-6.2,935.6,4,40,91
1991,12,16,18,-5.9,936.2,3,50,91
1991,12,16,21,-4.9,936.9,2,220,92
1991,12,17,0,-5,937.6,3,NA,93
1991,12,17,3,-5.6,937.6,6,220,91
1991,12,17,6,-6,937.8,6,NA,92
1991,12,17,9,-6.4,938.1,2,NA,91
1991,12,17,12,-6.6,937.9,2,NA,91
1991,12,17,15,NA,937.5,1,110,90
1991,12,17,18,-6.2,937.3,2,NA,92
1991,12,17,21,-5.4,937.4,3,120,91
1991,12,18,0,-5.1,937.3,3,180,90
1991,12,18,3,-4.7,937.2,3,170,87
1991,12,18,6,-5.1,937,2,320,86
1991,12,18,9,-5.5,936.9,2,NA,88
1991,12,18,12,NA,937,1,100,83
1991,12,18,15,-5.1,936.3,2,NA,75
1991,12,18,18,NA,936.1,1,NA,62
1991,12,18,21,-3.5,936.4,3,NA,58
1991,12,19,0,-3.3,936.3,3,NA,61
1991,12,19,3,-3.4,936.2,6,240,69
1991,12,19,6,-4.1,935.4,NA,230,64
1991,12,19,9,-3.9,933.7,NA,240,53
1991,12,19,12,-5.3,932.5,NA,220,76
1991,12,19,15,-5.8,931.6,NA,220,92
1991,12,19,18,-6.8,930.8,NA,NA,90
1991,12,19,21,-6.5,930.5,NA,NA,91
1991,12,20,0,-6.3,929.4,NA,200,91
1991,12,20,3,-6.7,928.8,NA,0,91
1991,12,20,6,-6.2,928.6,2,220,92
1991,12,20,9,-7.7,928.3,NA,NA,90
1991,12,20,12,-8.4,928.6,NA,230,90
1991,12,20,15,-8.3,926.5,NA,240,89
1991,12,20,18,-7.8,926.7,NA,240,90
1991,12,20,21,-7.8,926.7,NA,230,90
1991,12,21,0,-7.6,927.2,NA,230,90
1991,12,21,3,-7.4,926.5,33,240,90
1991,12,21,6,-7.5,926.6,NA,NA,90
1991,12,21,9,-7.5,925,NA,NA,90
1991,12,21,12,-7.6,923.6,NA,NA,90
1991,12,21,15,-7.3,924.9,55,NA,90
1991,12,21,18,-7.3,925.5,55,230,90
1991,12,21,21,-7.2,928.2,NA,240,91
1991,12,22,0,-7.1,926.9,NA,230,90
1991,12,22,3,-6.8,927.4,48,240,90
1991,12,22,6,-6.6,927.4,45,240,91
1991,12,22,9,-6.4,927.4,46,230,91
1991,12,22,12,-5.5,928.9,49,240,87
1991,12,22,15,-6.2,926.9,46,240,91
1991,12,22,18,-5.4,926.5,48,230,92
1991,12,22,21,-5.5,927.4,NA,230,92
1991,12,23,0,-5.5,926.7,NA,240,93
1991,12,23,3,-5.3,926,NA,230,92
1991,12,23,6,-4.9,927.1,NA,250,93
1991,12,23,9,-4.8,924.5,NA,230,93
1991,12,23,12,-4.6,926.4,59,240,93
1991,12,23,15,-4.6,927.5,56,240,93
1991,12,23,18,-4.5,928.6,NA,240,93
1991,12,23,21,-4.5,929.7,NA,230,93
1991,12,24,0,-4.3,929.8,NA,220,93
1991,12,24,3,-4.3,931.7,NA,230,93
1991,12,24,6,-4.4,931,43,NA,93
1991,12,24,9,-4.4,928.4,NA,NA,93
1991,12,24,12,-4.5,927.5,NA,NA,93
1991,12,24,15,-4.5,926.3,NA,NA,93
1991,12,24,18,-4.6,925.2,NA,NA,93
1991,12,24,21,-4.4,929.2,NA,NA,93
1991,12,25,0,-4.1,933.1,NA,220,93
1991,12,25,3,-3.8,935.2,NA,NA,93
1991,12,25,6,-3.4,936.2,NA,NA,93
1991,12,25,9,-2.9,936.4,15,260,94
1991,12,25,12,-2.9,937.2,14,250,94
1991,12,25,15,-3.4,937.5,13,240,94
1991,12,25,18,-3.6,936.4,NA,240,94
1991,12,25,21,-3.8,935.3,NA,220,93
1991,12,26,0,NA,NA,NA,NA,NA
1991,12,26,3,NA,NA,NA,NA,NA
1991,12,26,6,NA,NA,NA,NA,NA
1991,12,26,9,NA,NA,NA,NA,NA
1991,12,26,12,-4.5,928.4,22,230,93
1991,12,26,15,NA,NA,NA,NA,NA
1991,12,26,18,-4.4,926,23,230,93
1991,12,26,21,-4.6,925.2,22,240,93
1991,12,27,0,-5.6,925.9,22,240,93
1991,12,27,3,-5.8,925.3,24,230,93
1991,12,27,6,-5.8,924.6,23,230,93
1991,12,27,9,-5.5,924.5,20,240,93
1991,12,27,12,-5.1,925,21,240,93
1991,12,27,15,-5.6,925.7,21,230,93
1991,12,27,18,-5.7,926.9,20,230,92
1991,12,27,21,-6,927.9,19,230,93
1991,12,28,0,-5.8,928.3,18,240,92
1991,12,28,3,-5.8,929.3,18,230,93
1991,12,28,6,-5.3,930.3,17,NA,93
1991,12,28,9,-5.2,932.2,17,NA,93
1991,12,28,12,-5.2,932.9,17,NA,93
1991,12,28,15,-5.2,934.2,16,NA,93
1991,12,28,18,-4.8,934.2,15,240,93
1991,12,28,21,-5.5,932.8,14,240,93
1991,12,29,0,-4.9,931.1,NA,230,93
1991,12,29,3,-4.6,931,NA,230,93
1991,12,29,6,-4.7,931.1,NA,240,91
1991,12,29,9,-4.7,930.5,NA,230,80
1991,12,29,12,-3.7,928.1,51,230,76
1991,12,29,15,-4.3,926.6,49,230,83
1991,12,29,18,-4.9,928.3,NA,240,85
1991,12,29,21,-5.8,927.2,47,230,92
1991,12,30,0,-5.5,926.2,48,240,92
1991,12,30,3,-5,925.9,50,240,93
1991,12,30,6,-5.1,928.3,NA,230,93
1991,12,30,9,-4.9,926.9,NA,240,93
1991,12,30,12,-4.5,927.5,NA,240,90
1991,12,30,15,-5,927.7,NA,230,92
1991,12,30,18,-5.2,926.4,NA,240,93
1991,12,30,21,-4.2,925.3,NA,240,91
1991,12,31,0,-4.6,925.8,47,240,92
1991,12,31,3,-4.4,925.5,NA,230,93
1991,12,31,6,-4.2,925.8,NA,230,93
1991,12,31,9,-4.1,925.7,NA,240,93
1991,12,31,12,-4.2,926.7,NA,220,93
1991,12,31,15,-4.1,923.3,NA,240,94
1991,12,31,18,-5.1,926.2,NA,220,93
1991,12,31,21,-4.9,927,NA,230,93
1992,1,1,0,-4.3,927.4,24,210,93
1992,1,1,3,-4.3,927.3,22,220,93
1992,1,1,6,-4.6,926.9,21,230,93
1992,1,1,9,-4.4,927.1,23,230,94
1992,1,1,12,-4.4,928.9,23,240,93
1992,1,1,15,-4.5,928.1,25,230,93
1992,1,1,18,-4.3,930.3,24,240,94
1992,1,1,21,-4.1,931.7,23,240,93
1992,1,2,0,-3.9,934.4,NA,230,93
1992,1,2,3,-3.7,934.3,NA,240,94
1992,1,2,6,-3.7,935.8,NA,230,94
1992,1,2,9,-3.6,936.4,NA,240,94
1992,1,2,12,-3.8,936.8,NA,230,94
1992,1,2,15,-4,936.5,8,230,94
1992,1,2,18,-4.6,936.6,11,230,93
1992,1,2,21,-4.5,934.4,NA,240,93
1992,1,3,0,-4.6,934.6,NA,240,93
1992,1,3,3,-4.6,934.6,22,230,93
1992,1,3,6,-4.8,933.5,NA,230,93
1992,1,3,9,-4.9,931,NA,240,93
1992,1,3,12,-4.6,932,30,230,93
1992,1,3,15,-4.9,931.4,NA,240,93
1992,1,3,18,-5.1,928.8,NA,NA,93
1992,1,3,21,-4.9,927.3,NA,NA,93
1992,1,4,0,-5,927.9,41,NA,93
1992,1,4,3,-5,928.4,40,NA,93
1992,1,4,6,-4.7,928.2,42,NA,93
1992,1,4,9,-4.6,930.9,NA,NA,93
1992,1,4,12,-4.4,931.9,39,NA,93
1992,1,4,15,-4.5,933.8,NA,230,93
1992,1,4,18,-4.6,935.8,NA,220,93
1992,1,4,21,-4.2,938.7,NA,220,93
1992,1,5,0,-3.9,940,NA,210,94
1992,1,5,3,-3.4,941.9,NA,220,94
1992,1,5,6,-3.7,943.3,NA,230,94
1992,1,5,9,-3.5,944,8,220,94
1992,1,5,12,-4,944.6,NA,0,94
1992,1,5,15,-3.7,944.2,NA,0,93
1992,1,5,18,-2.9,943.1,NA,0,88
1992,1,5,21,-1.5,940.9,NA,40,85
1992,1,6,0,-0.3,939.3,NA,10,76
1992,1,6,3,1.2,938,NA,250,72
1992,1,6,6,4.4,936.8,3,NA,27
1992,1,6,9,2.4,935.7,3,NA,29
1992,1,6,12,0.1,933.1,NA,340,38
1992,1,6,15,-0.7,930.2,NA,20,41
1992,1,6,18,1.1,927.7,NA,NA,35
1992,1,6,21,0.8,925.9,NA,NA,41
1992,1,7,0,-0.1,924.6,6,NA,41
1992,1,7,3,-2.6,923.4,3,100,47
1992,1,7,6,-3,921.4,4,300,61
1992,1,7,9,-5,919.8,NA,NA,91
1992,1,7,12,-5.2,918.6,NA,250,90
1992,1,7,15,-5.7,918.5,10,220,92
1992,1,7,18,-5.4,919.1,NA,220,93
1992,1,7,21,-5.5,919.8,7,240,93
1992,1,8,0,-4.8,920.6,5,NA,93
1992,1,8,3,-4.2,921.1,NA,140,93
1992,1,8,6,-4.8,921.7,2,80,93
1992,1,8,9,-5.7,922.5,NA,200,93
1992,1,8,12,-6,922.6,NA,210,93
1992,1,8,15,-6.6,922.7,9,220,93
1992,1,8,18,-7,922.5,10,220,92
1992,1,8,21,-6.6,922.8,11,230,93
1992,1,9,0,-5.9,921.6,NA,220,92
1992,1,9,3,-6.5,921.5,NA,220,92
1992,1,9,6,-6.6,920.6,NA,230,84
1992,1,9,9,-6.9,920.3,NA,240,88
1992,1,9,12,-6.8,919.6,26,230,87
1992,1,9,15,-7.2,919.2,26,220,91
1992,1,9,18,-7.2,918,30,NA,91
1992,1,9,21,-6.8,919.9,NA,NA,91
1992,1,10,0,-6.4,920.3,NA,NA,93
1992,1,10,3,-6.4,920.2,NA,NA,92
1992,1,10,6,-6.8,920.4,16,230,92
1992,1,10,9,-6.8,920.5,18,230,92
1992,1,10,12,-6.6,921.7,14,240,86
1992,1,10,15,-6.8,922.3,NA,230,85
1992,1,10,18,-6.6,922.7,NA,220,80
1992,1,10,21,-6.7,923,11,220,92
1992,1,11,0,-6.3,923.3,11,230,92
1992,1,11,3,-6.5,923.4,12,230,92
1992,1,11,6,-6.7,923.7,10,240,88
1992,1,11,9,-7.4,923.9,11,240,85
1992,1,11,12,-7.4,924,8,NA,86
1992,1,11,15,-6.9,923.6,NA,NA,82
1992,1,11,18,-6.5,923.6,NA,0,83
1992,1,11,21,NA,923,1,330,86
1992,1,12,0,NA,923,1,80,88
1992,1,12,3,-4.8,922.8,2,60,89
1992,1,12,6,-6.5,922.7,NA,340,86
1992,1,12,9,-7.1,922.3,NA,340,84
1992,1,12,12,-7.5,922.3,NA,350,84
1992,1,12,15,-7.1,922,5,250,87
1992,1,12,18,-6.5,921.8,3,NA,82
1992,1,12,21,-5.5,921.6,2,90,84
1992,1,13,0,-5.1,921.6,3,80,81
1992,1,13,3,-4.3,921,4,NA,52
1992,1,13,6,NA,921.2,1,10,55
1992,1,13,9,-5.5,921.9,NA,NA,68
1992,1,13,12,-5.3,922.6,NA,250,39
1992,1,13,15,-5.4,923.8,NA,250,38
1992,1,13,18,-4.1,925.4,NA,270,32
1992,1,13,21,-2.1,926.8,NA,0,23
1992,1,14,0,-1.2,927.4,3,30,37
1992,1,14,3,-0.9,927.3,NA,10,28
1992,1,14,6,-0.6,927.7,NA,250,25
1992,1,14,9,-1.5,928.7,NA,250,23
1992,1,14,12,-2.7,929.7,NA,240,25
1992,1,14,15,-2.7,930.1,NA,NA,26
1992,1,14,18,-2.4,930.7,3,NA,26
1992,1,14,21,0.5,930.8,NA,NA,21
1992,1,15,0,-2.2,931.2,4,NA,36
1992,1,15,3,-4.2,931.2,4,80,82
1992,1,15,6,-5,929.9,NA,350,79
1992,1,15,9,-0.8,929.7,NA,NA,23
1992,1,15,12,-2.1,928.9,NA,NA,22
1992,1,15,15,-3.1,927.9,6,30,29
1992,1,15,18,-1.3,927,3,NA,36
1992,1,15,21,-2.5,926.3,NA,60,39
1992,1,16,0,-3.9,925.1,NA,30,42
1992,1,16,3,-4.7,923.8,14,10,46
1992,1,16,6,-5.3,923.4,13,0,53
1992,1,16,9,-5.6,923.5,14,340,52
1992,1,16,12,NA,NA,NA,NA,NA
1992,1,16,15,NA,NA,NA,NA,NA
1992,1,16,18,NA,NA,NA,NA,NA
1992,1,16,21,NA,NA,NA,NA,NA
1992,1,17,0,NA,NA,NA,NA,NA
1992,1,17,3,NA,NA,NA,NA,NA
1992,1,17,6,NA,NA,NA,NA,NA
1992,1,17,9,NA,NA,NA,NA,NA
1992,1,17,12,NA,NA,NA,NA,NA
1992,1,17,15,NA,NA,NA,NA,NA
1992,1,17,18,NA,NA,NA,NA,NA
1992,1,17,21,NA,NA,NA,NA,NA
1992,1,18,0,NA,NA,NA,NA,NA
1992,1,18,3,NA,NA,NA,NA,NA
1992,1,18,6,NA,NA,NA,NA,NA
1992,1,18,9,NA,NA,NA,NA,NA
1992,1,18,12,NA,NA,NA,NA,NA
1992,1,18,15,NA,NA,NA,NA,NA
1992,1,18,18,NA,NA,NA,NA,NA
1992,1,18,21,NA,NA,NA,NA,NA
1992,1,19,0,NA,NA,NA,NA,NA
1992,1,19,3,NA,NA,NA,NA,NA
1992,1,19,6,NA,NA,NA,NA,NA
1992,1,19,9,NA,NA,NA,NA,NA
1992,1,19,12,NA,NA,NA,NA,NA
1992,1,19,15,NA,NA,NA,NA,NA
1992,1,19,18,NA,NA,NA,NA,NA
1992,1,19,21,NA,NA,NA,NA,NA
1992,1,20,0,NA,NA,NA,NA,NA
1992,1,20,3,NA,NA,NA,NA,NA
1992,1,20,6,NA,NA,NA,NA,NA
1992,1,20,9,NA,NA,NA,NA,NA
1992,1,20,12,NA,NA,NA,NA,NA
1992,1,20,15,NA,NA,NA,NA,NA
1992,1,20,18,NA,NA,NA,NA,NA
1992,1,20,21,NA,NA,NA,NA,NA
1992,1,21,0,NA,NA,NA,NA,NA
1992,1,21,3,NA,NA,NA,NA,NA
1992,1,21,6,NA,NA,NA,NA,NA
1992,1,21,9,NA,NA,NA,NA,NA
1992,1,21,12,NA,NA,NA,NA,NA
1992,1,21,15,NA,NA,NA,NA,NA
1992,1,21,18,NA,NA,NA,NA,NA
1992,1,21,21,NA,NA,NA,NA,NA
1992,1,22,0,NA,NA,NA,NA,NA
1992,1,22,3,NA,NA,NA,NA,NA
1992,1,22,6,NA,NA,NA,NA,NA
1992,1,22,9,NA,NA,NA,NA,NA
1992,1,22,12,NA,NA,NA,NA,NA
1992,1,22,15,NA,NA,NA,NA,NA
1992,1,22,18,NA,NA,NA,NA,NA
1992,1,22,21,NA,NA,NA,NA,NA
1992,1,23,0,NA,NA,NA,NA,NA
1992,1,23,3,NA,NA,NA,NA,NA
1992,1,23,6,NA,NA,NA,NA,NA
1992,1,23,9,NA,NA,NA,NA,NA
1992,1,23,12,NA,NA,NA,NA,NA
1992,1,23,15,NA,NA,NA,NA,NA
1992,1,23,18,NA,NA,NA,NA,NA
1992,1,23,21,NA,NA,NA,NA,NA
1992,1,24,0,NA,NA,NA,NA,NA
1992,1,24,3,NA,NA,NA,NA,NA
1992,1,24,6,NA,NA,NA,NA,NA
1992,1,24,9,NA,NA,NA,NA,NA
1992,1,24,12,NA,NA,NA,NA,NA
1992,1,24,15,NA,NA,NA,NA,NA
1992,1,24,18,NA,NA,NA,NA,NA
1992,1,24,21,NA,NA,NA,NA,NA
1992,1,25,0,NA,NA,NA,NA,NA
1992,1,25,3,NA,NA,NA,NA,NA
1992,1,25,6,NA,NA,NA,NA,NA
1992,1,25,9,NA,NA,NA,NA,NA
1992,1,25,12,NA,NA,NA,NA,NA
1992,1,25,15,NA,NA,NA,NA,NA
1992,1,25,18,NA,NA,NA,NA,NA
1992,1,25,21,NA,NA,NA,NA,NA
1992,1,26,0,NA,NA,NA,NA,NA
1992,1,26,3,NA,NA,NA,NA,NA
1992,1,26,6,NA,NA,NA,NA,NA
1992,1,26,9,NA,NA,NA,NA,NA
1992,1,26,12,NA,NA,NA,NA,NA
1992,1,26,15,NA,NA,NA,NA,NA
1992,1,26,18,NA,NA,NA,NA,NA
1992,1,26,21,NA,NA,NA,NA,NA
1992,1,27,0,NA,NA,NA,NA,NA
1992,1,27,3,NA,NA,NA,NA,NA
1992,1,27,6,NA,NA,NA,NA,NA
1992,1,27,9,NA,NA,NA,NA,NA
1992,1,27,12,NA,NA,NA,NA,NA
1992,1,27,15,NA,NA,NA,NA,NA
1992,1,27,18,NA,NA,NA,NA,NA
1992,1,27,21,NA,NA,NA,NA,NA
1992,1,28,0,NA,NA,NA,NA,NA
1992,1,28,3,NA,NA,NA,NA,NA
1992,1,28,6,NA,NA,NA,NA,NA
1992,1,28,9,NA,NA,NA,NA,NA
1992,1,28,12,NA,NA,NA,NA,NA
1992,1,28,15,NA,NA,NA,NA,NA
1992,1,28,18,NA,NA,NA,NA,NA
1992,1,28,21,NA,NA,NA,NA,NA
1992,1,29,0,-3.4,925.4,NA,NA,NA
1992,1,29,3,-4.6,923.8,NA,NA,70
1992,1,29,6,-6.4,922.6,NA,260,91
1992,1,29,9,-6.5,921.9,NA,NA,91
1992,1,29,12,-6.6,921.3,NA,0,91
1992,1,29,15,-6.3,921.1,NA,NA,69
1992,1,29,18,-5,921.5,NA,NA,57
1992,1,29,21,NA,922.5,1,40,75
1992,1,30,0,-5.8,923.3,NA,100,87
1992,1,30,3,-5.9,923.4,2,70,88
1992,1,30,6,-6.5,924,2,220,91
1992,1,30,9,-6.8,924.8,NA,NA,91
1992,1,30,12,-6.8,925.7,2,90,89
1992,1,30,15,-6.9,926.4,3,NA,90
1992,1,30,18,-7.5,927.4,NA,NA,91
1992,1,30,21,-7.4,928.3,6,230,91
1992,1,31,0,-7.4,928.7,8,250,91
1992,1,31,3,-8.3,929,NA,230,90
1992,1,31,6,-8.3,930,11,230,90
1992,1,31,9,-8.5,930.5,11,230,90
1992,1,31,12,-8.9,931,8,240,90
1992,1,31,15,-8.9,930.9,9,230,90
1992,1,31,18,-8.6,931.5,8,NA,90
1992,1,31,21,-8.9,932,8,NA,90
1992,2,1,0,-8.7,932.2,10,NA,90
1992,2,1,3,-9.1,932.2,11,NA,90
1992,2,1,6,-9.5,931.9,NA,NA,90
1992,2,1,9,-10.1,932.2,14,240,88
1992,2,1,12,-9.6,932.3,NA,260,87
1992,2,1,15,-9.1,932.1,11,240,90
1992,2,1,18,-8.6,932.3,NA,0,88
1992,2,1,21,-8.9,932.5,NA,40,85
1992,2,2,0,-8,933.2,3,90,88
1992,2,2,3,-8.4,933.2,6,30,90
1992,2,2,6,-8.3,933.2,6,40,90
1992,2,2,9,-7.7,933.2,5,50,91
1992,2,2,12,-7.8,932.9,5,270,91
1992,2,2,15,-7.7,932.9,4,NA,90
1992,2,2,18,-8.4,933.7,4,NA,90
1992,2,2,21,NA,934.5,1,NA,90
1992,2,3,0,NA,934.9,1,20,86
1992,2,3,3,NA,935.2,1,350,88
1992,2,3,6,-6.4,935.3,NA,NA,85
1992,2,3,9,-7.6,935.5,3,NA,86
1992,2,3,12,-7.4,934.9,NA,NA,88
1992,2,3,15,NA,933.6,1,340,92
1992,2,3,18,-6.5,932.7,3,NA,92
1992,2,3,21,-6.7,931.7,NA,250,92
1992,2,4,0,-7,930.7,NA,240,92
1992,2,4,3,-6.6,930,NA,230,92
1992,2,4,6,-7.2,930.3,20,220,92
1992,2,4,9,-8.5,929.9,NA,220,90
1992,2,4,12,-8.9,929.9,NA,230,90
1992,2,4,15,-8.4,929.6,NA,230,90
1992,2,4,18,-8.4,929.8,NA,240,89
1992,2,4,21,-8.7,929.9,42,NA,90
1992,2,5,0,-8.8,928,NA,NA,90
1992,2,5,3,-8.8,928.2,NA,NA,90
1992,2,5,6,-9,928.3,NA,230,90
1992,2,5,9,-9.3,928.6,NA,230,90
1992,2,5,12,-9.6,928,35,220,90
1992,2,5,15,-9.8,928.1,NA,220,89
1992,2,5,18,-9.1,928.2,NA,230,82
1992,2,5,21,-10.1,928.3,NA,250,85
1992,2,6,0,-9.8,929,NA,240,77
1992,2,6,3,-9.8,928.3,30,230,81
1992,2,6,6,-10.3,929.1,NA,230,78
1992,2,6,9,-10.7,929.2,NA,230,72
1992,2,6,12,-11.1,929.2,NA,240,66
1992,2,6,15,-10.1,928.4,NA,NA,60
1992,2,6,18,-10.9,927.4,NA,230,67
1992,2,6,21,-10,926.2,4,240,64
1992,2,7,0,-9.9,924.5,6,NA,72
1992,2,7,3,-10.3,922.6,NA,NA,77
1992,2,7,6,-10.2,921.2,NA,NA,83
1992,2,7,9,-10.3,920.6,NA,170,78
1992,2,7,12,NA,919.3,1,NA,84
1992,2,7,15,-11.5,918.4,5,280,78
1992,2,7,18,-12.2,917.7,NA,270,77
1992,2,7,21,-11.7,918,5,260,75
1992,2,8,0,-10.7,918.2,NA,220,80
1992,2,8,3,-10.5,917.7,8,230,76
1992,2,8,6,-10.9,917.5,9,230,82
1992,2,8,9,-10.7,917.4,NA,240,67
1992,2,8,12,-11.2,917.5,12,NA,63
1992,2,8,15,-12,917.4,14,NA,74
1992,2,8,18,-11.2,917.5,10,NA,79
1992,2,8,21,-10.7,918,NA,250,81
1992,2,9,0,-9.2,918.2,NA,270,80
1992,2,9,3,-9.5,918.2,3,50,84
1992,2,9,6,-8.6,918.2,2,70,83
1992,2,9,9,-10,918.8,5,260,65
1992,2,9,12,-9.5,919.4,NA,250,66
1992,2,9,15,-10.7,919.4,NA,260,37
1992,2,9,18,-9.4,919.4,12,230,36
1992,2,9,21,-8.8,919.3,NA,230,44
1992,2,10,0,-8.4,920.1,NA,230,65
1992,2,10,3,-8.1,921.4,NA,240,85
1992,2,10,6,-7.3,922.2,10,250,84
1992,2,10,9,-7.8,922.4,11,240,86
1992,2,10,12,-7.7,922.3,13,240,80
1992,2,10,15,-8.3,921.9,NA,230,90
1992,2,10,18,-9.1,921.5,NA,300,87
1992,2,10,21,-7,920.5,4,60,91
1992,2,11,0,-7.5,919.3,5,40,86
1992,2,11,3,-7.8,918.2,6,20,77
1992,2,11,6,-7.4,917.6,2,NA,67
1992,2,11,9,-7.8,917.4,2,NA,64
1992,2,11,12,-8.9,916.9,NA,240,55
1992,2,11,15,-9.7,917.2,NA,250,79
1992,2,11,18,-9.4,918.1,8,250,73
1992,2,11,21,-10.1,919.2,10,260,89
1992,2,12,0,-9.6,920.3,9,220,88
1992,2,12,3,-9.6,921.4,13,240,90
1992,2,12,6,-9.2,921.7,NA,230,90
1992,2,12,9,-8.5,922.2,NA,240,89
1992,2,12,12,-8.3,922.1,NA,250,88
1992,2,12,15,-7.4,924.3,NA,240,82
1992,2,12,18,-7.1,924.9,NA,250,79
1992,2,12,21,-7.6,928.4,NA,220,91
1992,2,13,0,-6.7,930.8,NA,NA,92
1992,2,13,3,-6.8,932.4,NA,NA,91
1992,2,13,6,-6.8,932.9,NA,230,92
1992,2,13,9,-6.5,935.3,NA,240,92
1992,2,13,12,-6.6,935.3,NA,240,92
1992,2,13,15,-6,937.9,NA,180,93
1992,2,13,18,-6.5,939.2,NA,180,92
1992,2,13,21,-6.6,939.6,16,220,92
1992,2,14,0,-7.3,940,18,230,91
1992,2,14,3,-7.5,940.1,NA,230,91
1992,2,14,6,-8.1,940.1,NA,240,90
1992,2,14,9,-8.3,940.8,NA,250,90
1992,2,14,12,-8.1,941.6,NA,240,79
1992,2,14,15,-9.1,941.9,NA,240,70
1992,2,14,18,-8.8,941.6,NA,240,63
1992,2,14,21,-6.6,941.2,NA,0,56
1992,2,15,0,-7.6,940.2,NA,40,65
1992,2,15,3,-7.5,938.8,NA,40,88
1992,2,15,6,-8.4,937.2,NA,10,72
1992,2,15,9,-9,936.6,NA,360,60
1992,2,15,12,-8.9,936.1,17,10,60
1992,2,15,15,-8.2,935.5,NA,40,65
1992,2,15,18,-8.4,935.6,NA,30,84
1992,2,15,21,-8.7,936,NA,40,90
1992,2,16,0,-7.9,936.4,NA,360,83
1992,2,16,3,-9.2,936.8,7,NA,90
1992,2,16,6,-9,937.8,8,250,90
1992,2,16,9,-8.8,938.6,NA,250,90
1992,2,16,12,-9,939.4,NA,240,90
1992,2,16,15,-7.8,940.5,NA,240,90
1992,2,16,18,-7.1,942.1,NA,230,86
1992,2,16,21,-7.2,944,NA,230,88
1992,2,17,0,-7.3,946.4,25,220,88
1992,2,17,3,-6.3,947.2,29,230,84
1992,2,17,6,-5.4,948.1,29,240,78
1992,2,17,9,-7.1,947.8,32,230,88
1992,2,17,12,-7.2,948.9,29,230,83
1992,2,17,15,-6.8,947.8,31,240,73
1992,2,17,18,-6.5,946.9,29,230,75
1992,2,17,21,-6.9,947.1,NA,220,84
1992,2,18,0,-7,945.9,NA,220,90
1992,2,18,3,-6.4,944,NA,250,77
1992,2,18,6,-6.4,942.3,NA,NA,80
1992,2,18,9,-7.4,940.5,5,NA,86
1992,2,18,12,-6.7,938.2,3,NA,44
1992,2,18,15,-5.2,936.5,NA,20,25
1992,2,18,18,-6.4,935.6,NA,10,41
1992,2,18,21,-4.5,935.4,NA,30,46
1992,2,19,0,-8,935.1,8,270,89
1992,2,19,3,-7.2,933.7,NA,220,74
1992,2,19,6,-7.4,933.4,NA,240,73
1992,2,19,9,-7.8,933.4,NA,260,61
1992,2,19,12,-8.4,933.5,NA,220,75
1992,2,19,15,-9.1,933.2,NA,200,90
1992,2,19,18,-9.2,933.2,5,200,90
1992,2,19,21,-9.2,933.9,2,NA,90
1992,2,20,0,-9.2,934.3,3,NA,90
1992,2,20,3,-9.2,934.3,2,NA,90
1992,2,20,6,-9.3,934.2,NA,NA,90
1992,2,20,9,NA,934.4,1,80,90
1992,2,20,12,-9.3,934.3,4,100,90
1992,2,20,15,-9.4,934,2,NA,90
1992,2,20,18,-9.4,934.1,5,60,90
1992,2,20,21,-8.9,934.5,3,80,90
1992,2,21,0,-9.8,934.4,7,270,89
1992,2,21,3,-9.9,933.9,6,240,89
1992,2,21,6,-9.9,933.7,NA,250,89
1992,2,21,9,-10,934,NA,NA,89
1992,2,21,12,-10,933.9,10,NA,89
1992,2,21,15,-10.2,933.9,12,NA,89
1992,2,21,18,-9.6,933.9,NA,NA,90
1992,2,21,21,-9.2,934.7,13,230,90
1992,2,22,0,-8.8,934.9,16,240,90
1992,2,22,3,-8.5,935.1,15,NA,90
1992,2,22,6,-8.8,935.8,12,NA,90
1992,2,22,9,-8.8,936.5,NA,NA,90
1992,2,22,12,-8.8,936.8,9,NA,90
1992,2,22,15,-9.2,936.9,11,NA,90
1992,2,22,18,-9.2,937.2,12,230,90
1992,2,22,21,-9,937.9,11,NA,90
1992,2,23,0,-8.5,938.5,10,NA,90
1992,2,23,3,-9,939,8,NA,90
1992,2,23,6,-8.9,939.2,7,NA,90
1992,2,23,9,-9.6,939.6,7,240,90
1992,2,23,12,-9.7,939.3,9,NA,90
1992,2,23,15,-8.8,938.9,10,NA,90
1992,2,23,18,-8.5,938.7,10,NA,90
1992,2,23,21,-8.2,939.5,9,230,91
1992,2,24,0,-7.8,939.8,NA,240,89
1992,2,24,3,-7.9,939.7,NA,250,91
1992,2,24,6,-8,940,NA,240,91
1992,2,24,9,-8,940.1,NA,230,91
1992,2,24,12,-8.2,939.8,NA,NA,90
1992,2,24,15,-8.4,939.7,13,NA,88
1992,2,24,18,-8.5,939.9,11,NA,85
1992,2,24,21,-9.1,940.3,11,NA,90
1992,2,25,0,-8.8,939.9,12,210,87
1992,2,25,3,-8.7,939.7,9,NA,86
1992,2,25,6,-9,939.8,9,240,90
1992,2,25,9,-9,940,6,230,90
1992,2,25,12,-9.2,939.4,6,230,90
1992,2,25,15,-9.8,939,5,250,89
1992,2,25,18,-9.5,938.7,6,240,90
1992,2,25,21,-9.7,938.1,7,NA,90
1992,2,26,0,-9.8,937.6,7,260,89
1992,2,26,3,-9.9,936.3,11,240,89
1992,2,26,6,-11.4,935.6,NA,220,88
1992,2,26,9,-11.4,935.3,NA,220,88
1992,2,26,12,-12.2,934.8,NA,240,87
1992,2,26,15,-12.2,934.4,8,230,87
1992,2,26,18,-12.7,933.9,10,230,86
1992,2,26,21,-12.5,934.7,10,240,86
1992,2,27,0,-11.9,934.9,NA,240,88
1992,2,27,3,-12,934.8,NA,230,87
1992,2,27,6,-12.1,935.1,NA,230,87
1992,2,27,9,-11.1,936.6,NA,240,88
1992,2,27,12,-11,938.5,NA,240,88
1992,2,27,15,-11.3,939.6,NA,250,88
1992,2,27,18,-11.4,939.9,17,240,87
1992,2,27,21,-11.4,940.1,16,240,87
1992,2,28,0,-11.1,940,15,250,88
1992,2,28,3,-10.7,939.7,14,240,89
1992,2,28,6,-10.7,938.9,15,NA,88
1992,2,28,9,-10.1,938.3,16,NA,89
1992,2,28,12,-10,938.1,16,NA,89
1992,2,28,15,-9.7,937.5,15,NA,89
1992,2,28,18,-9.3,936.9,19,230,90
1992,2,28,21,-9.1,936.4,NA,250,90
1992,2,29,0,-8.7,936.9,NA,230,90
1992,2,29,3,-8.9,935.6,NA,230,90
1992,2,29,6,-9.4,935.2,NA,220,90
1992,2,29,9,-9.7,935.1,33,240,89
1992,2,29,12,-9.6,933.8,32,230,89
1992,2,29,15,-9.9,933,33,230,89
1992,2,29,18,-9.7,932.2,30,220,89
1992,2,29,21,-10.5,932.1,NA,230,89
1992,3,1,0,-10.7,930.8,NA,210,88
1992,3,1,3,-11.3,929.2,NA,210,88
1992,3,1,6,-12.1,927.2,NA,220,87
1992,3,1,9,-12.8,925.7,NA,220,86
1992,3,1,12,-13.8,922.6,NA,230,86
1992,3,1,15,-14.8,921.5,NA,240,85
1992,3,1,18,-14.7,921.4,NA,NA,85
1992,3,1,21,-14.2,921.9,NA,NA,82
1992,3,2,0,-14.5,920.7,NA,NA,83
1992,3,2,3,-14.2,919.8,36,NA,82
1992,3,2,6,-14,920.3,35,250,79
1992,3,2,9,-14.1,921,NA,250,69
1992,3,2,12,-13.9,920.7,NA,260,64
1992,3,2,15,-15.2,918.8,NA,250,83
1992,3,2,18,-15.7,919.6,NA,250,82
1992,3,2,21,-16,918.1,NA,240,83
1992,3,3,0,-16.5,920.4,39,240,83
1992,3,3,3,-16.6,920.4,41,250,82
1992,3,3,6,-17.1,921.8,NA,240,81
1992,3,3,9,-16.8,922.3,NA,250,71
1992,3,3,12,-15.5,922.9,NA,230,50
1992,3,3,15,-17.1,922.7,NA,250,53
1992,3,3,18,-18,922.6,NA,250,68
1992,3,3,21,-17.9,921.8,NA,240,66
1992,3,4,0,-17.8,921.8,30,250,61
1992,3,4,3,-16.9,920.9,NA,240,56
1992,3,4,6,-16.8,920,26,NA,58
1992,3,4,9,-17.9,920.3,22,NA,59
1992,3,4,12,-17.2,920.3,NA,NA,54
1992,3,4,15,-16.7,919.3,18,NA,57
1992,3,4,18,-17.2,919.4,NA,NA,59
1992,3,4,21,-16.8,918.9,NA,NA,55
1992,3,5,0,-16,918.2,13,220,59
1992,3,5,3,-15.7,916.8,16,240,54
1992,3,5,6,-15.4,915.7,14,240,47
1992,3,5,9,-14.8,914.3,17,220,46
1992,3,5,12,-14.5,912.8,18,230,53
1992,3,5,15,-13.4,912.5,NA,NA,58
1992,3,5,18,-12.2,910.8,15,NA,64
1992,3,5,21,-11.7,910.6,NA,NA,70
1992,3,6,0,-10.5,909.3,NA,240,66
1992,3,6,3,-10,907.5,NA,NA,70
1992,3,6,6,-9.2,906.6,21,NA,71
1992,3,6,9,-8.1,905.2,NA,NA,73
1992,3,6,12,-7.4,905.6,NA,230,76
1992,3,6,15,-7.7,906,30,230,88
1992,3,6,18,-7.2,905.4,29,230,86
1992,3,6,21,-6.5,905.6,NA,240,82
1992,3,7,0,-6,905.5,NA,240,92
1992,3,7,3,-5.7,905.7,35,220,93
1992,3,7,6,-6.3,907.4,NA,NA,92
1992,3,7,9,-6.8,906.9,NA,NA,92
1992,3,7,12,-7.1,904.9,NA,NA,91
1992,3,7,15,-7.4,906.5,NA,NA,92
1992,3,7,18,-7.4,903.5,40,230,91
1992,3,7,21,-7.4,904.2,NA,NA,91
1992,3,8,0,-7.5,902.2,NA,NA,91
1992,3,8,3,-7.4,901.6,44,NA,92
1992,3,8,6,-7.3,902.3,47,240,91
1992,3,8,9,-7.3,903.4,45,230,92
1992,3,8,12,-7.2,904.3,NA,220,91
1992,3,8,15,-7.9,903,45,220,91
1992,3,8,18,-7.8,905.1,43,230,90
1992,3,8,21,-7.8,905.4,NA,NA,90
1992,3,9,0,-8.4,905.8,44,NA,90
1992,3,9,3,-8.8,909.3,NA,NA,90
1992,3,9,6,-9.2,909,NA,NA,90
1992,3,9,9,-9.5,907.1,NA,240,90
1992,3,9,12,-9.6,907.1,38,230,89
1992,3,9,15,-10.1,909.7,NA,230,89
1992,3,9,18,-10.8,905.4,NA,230,89
1992,3,9,21,-10.9,908.1,36,240,88
1992,3,10,0,-11.2,909.4,NA,240,88
1992,3,10,3,-11.3,910.1,34,240,87
1992,3,10,6,-11.8,908.6,NA,250,83
1992,3,10,9,-12,913.2,36,240,87
1992,3,10,12,-12.5,916.5,NA,240,87
1992,3,10,15,-12.5,917.3,NA,240,86
1992,3,10,18,-13.7,918.8,29,250,83
1992,3,10,21,-13.6,918.5,29,240,86
1992,3,11,0,-13.9,919.3,30,NA,86
1992,3,11,3,-14.3,918.2,32,NA,85
1992,3,11,6,-14.6,918.6,29,NA,85
1992,3,11,9,-14.8,916.5,NA,250,83
1992,3,11,12,-15,914.8,NA,240,85
1992,3,11,15,-14.6,911.5,NA,NA,80
1992,3,11,18,-14.9,910.6,NA,NA,85
1992,3,11,21,-13,912.3,46,NA,74
1992,3,12,0,-13.7,909,NA,250,81
1992,3,12,3,-12.9,905.9,NA,NA,82
1992,3,12,6,-12.8,905.2,NA,NA,82
1992,3,12,9,-12.6,905.6,NA,NA,84
1992,3,12,12,-12.1,910.5,54,240,83
1992,3,12,15,-11,912,NA,240,79
1992,3,12,18,-10.9,914.8,NA,250,72
1992,3,12,21,-12,914.2,NA,240,86
1992,3,13,0,NA,NA,NA,NA,NA
1992,3,13,3,NA,NA,NA,NA,NA
1992,3,13,6,NA,NA,NA,NA,NA
1992,3,13,9,-12,914.2,27,240,86
1992,3,13,12,NA,NA,NA,NA,NA
1992,3,13,15,NA,NA,NA,NA,NA
1992,3,13,18,NA,NA,NA,NA,NA
1992,3,13,21,-12,914.2,27,240,86
1992,3,14,0,NA,NA,NA,NA,NA
1992,3,14,3,NA,NA,NA,NA,NA
1992,3,14,6,NA,NA,NA,NA,NA
1992,3,14,9,-12,914.2,27,240,86
1992,3,14,12,NA,NA,NA,NA,NA
1992,3,14,15,NA,NA,NA,NA,NA
1992,3,14,18,NA,NA,NA,NA,NA
1992,3,14,21,-12,914.2,27,240,86
1992,3,15,0,NA,NA,NA,NA,NA
1992,3,15,3,NA,NA,NA,NA,NA
1992,3,15,6,NA,NA,NA,NA,NA
1992,3,15,9,NA,NA,NA,NA,NA
1992,3,15,12,NA,NA,NA,NA,NA
1992,3,15,15,NA,NA,NA,NA,NA
1992,3,15,18,NA,NA,NA,NA,NA
1992,3,15,21,-12,914.2,27,240,86
1992,3,16,0,NA,NA,NA,NA,NA
1992,3,16,3,NA,NA,NA,NA,NA
1992,3,16,6,NA,NA,NA,NA,NA
1992,3,16,9,-14,931.6,5,240,86
1992,3,16,12,-13.9,932,NA,220,86
1992,3,16,15,-14,930.6,NA,230,86
1992,3,16,18,-13.5,930.1,NA,NA,86
1992,3,16,21,-13.2,928.7,NA,NA,86
1992,3,17,0,-12,927.8,NA,NA,79
1992,3,17,3,-13,923.4,NA,NA,86
1992,3,17,6,-12.8,926.8,NA,240,86
1992,3,17,9,-13.2,924.4,NA,NA,86
1992,3,17,12,-12.4,924.4,NA,NA,86
1992,3,17,15,-12.8,921.7,NA,NA,86
1992,3,17,18,-12.6,919.6,NA,NA,83
1992,3,17,21,-12.9,921.6,60,NA,86
1992,3,18,0,-12.5,922.4,NA,250,86
1992,3,18,3,-12.5,920.3,NA,240,86
1992,3,18,6,-12.4,919.7,57,240,86
1992,3,18,9,-12.6,920.2,57,230,87
1992,3,18,12,-12.9,921.5,56,NA,86
1992,3,18,15,-13.3,920.4,59,NA,86
1992,3,18,18,-13.9,919.8,60,NA,86
1992,3,18,21,-14.7,920.7,59,NA,85
1992,3,19,0,-15.2,921.4,NA,240,84
1992,3,19,3,-14.8,923,56,230,85
1992,3,19,6,-15.6,922.5,57,230,84
1992,3,19,9,-15.1,924.5,NA,230,73
1992,3,19,12,-15.3,923.7,NA,240,75
1992,3,19,15,-15.5,926.4,52,230,81
1992,3,19,18,-15.2,927.9,NA,240,78
1992,3,19,21,-15.8,928.8,NA,230,83
1992,3,20,0,-15.8,929.5,45,NA,82
1992,3,20,3,-15.6,929.2,NA,NA,67
1992,3,20,6,-15.5,930.4,NA,NA,53
1992,3,20,9,-15.5,930.2,32,NA,66
1992,3,20,12,-16.4,931,NA,220,72
1992,3,20,15,-16.7,928.9,NA,220,80
1992,3,20,18,-17.2,928.8,24,230,82
1992,3,20,21,-16.7,929.4,NA,230,65
1992,3,21,0,-16.9,927.8,NA,230,82
1992,3,21,3,-17.3,926.1,9,250,82
1992,3,21,6,-17.1,924.9,NA,30,82
1992,3,21,9,-16.6,923.6,NA,20,82
1992,3,21,12,-16.3,923.9,NA,0,83
1992,3,21,15,-17,923.7,NA,240,82
1992,3,21,18,-17.6,923.8,NA,220,82
1992,3,21,21,-17.1,923.6,NA,0,82
1992,3,22,0,-15.5,922.9,NA,0,82
1992,3,22,3,-12.4,921.8,1,270,41
1992,3,22,6,-12.9,920.9,2,330,32
1992,3,22,9,-12.7,919.8,5,10,25
1992,3,22,12,-12.4,918.4,NA,270,52
1992,3,22,15,-12.8,916.8,7,300,55
1992,3,22,18,-12.9,915.4,5,20,42
1992,3,22,21,-13.5,914.4,5,30,63
1992,3,23,0,-12.2,913.4,3,80,86
1992,3,23,3,-12.9,912.4,1,340,78
1992,3,23,6,-14.1,912,NA,270,53
1992,3,23,9,-13.8,911.9,NA,0,76
1992,3,23,12,-13.3,911.6,NA,0,79
1992,3,23,15,-13.4,911,4,210,84
1992,3,23,18,-13.4,911.2,NA,240,83
1992,3,23,21,-13.4,911.6,NA,240,84
1992,3,24,0,-13.4,912.6,NA,260,83
1992,3,24,3,-13.4,913,NA,250,86
1992,3,24,6,-12.7,914.4,NA,190,84
1992,3,24,9,-13.4,915.7,9,180,85
1992,3,24,12,-13.7,916.1,NA,230,85
1992,3,24,15,-13,917.3,NA,250,86
1992,3,24,18,-13.9,918.7,13,260,84
1992,3,24,21,-13.1,919.6,16,250,86
1992,3,25,0,-12.3,919.2,NA,260,86
1992,3,25,3,-13.3,920.2,NA,240,86
1992,3,25,6,-13,921.7,21,250,86
1992,3,25,9,-13.5,922.5,20,260,86
1992,3,25,12,-14,923.5,20,250,85
1992,3,25,15,-13.7,925.1,17,250,86
1992,3,25,18,-14.2,926,NA,240,85
1992,3,25,21,-13.8,927.3,21,240,86
1992,3,26,0,-14.6,927.4,NA,240,85
1992,3,26,3,-14.9,928.4,NA,230,84
1992,3,26,6,-15.1,930.3,33,240,83
1992,3,26,9,-15.2,931.8,NA,230,84
1992,3,26,12,-15.1,932.9,35,NA,85
1992,3,26,15,-14.6,933.6,35,NA,85
1992,3,26,18,-14.7,934.6,35,NA,84
1992,3,26,21,-14.3,936.5,31,240,85
1992,3,27,0,-14.2,938,NA,250,85
1992,3,27,3,-15.1,938.7,NA,270,84
1992,3,27,6,-15.7,938.6,NA,260,83
1992,3,27,9,-15.9,937.6,14,260,83
1992,3,27,12,-15.9,936.7,NA,NA,83
1992,3,27,15,-15.7,935.2,NA,270,83
1992,3,27,18,-15.5,933.5,NA,250,83
1992,3,27,21,-15.3,931.6,NA,230,84
1992,3,28,0,-15.1,930.5,NA,230,84
1992,3,28,3,-15.3,930.6,28,240,83
1992,3,28,6,-16.2,929.7,32,230,82
1992,3,28,9,-17.5,929.4,32,NA,81
1992,3,28,12,-18.3,929.9,35,NA,80
1992,3,28,15,-18.7,929,34,NA,80
1992,3,28,18,-19.1,930.1,32,NA,80
1992,3,28,21,-19.7,930.1,34,NA,78
1992,3,29,0,-19.7,930,31,NA,78
1992,3,29,3,-19.7,930.7,NA,NA,78
1992,3,29,6,-20.1,930.6,NA,220,78
1992,3,29,9,-20.2,930.5,NA,220,78
1992,3,29,12,-20.3,929.6,NA,230,78
1992,3,29,15,-20.7,930.3,NA,230,78
1992,3,29,18,-21.1,930.2,NA,220,78
1992,3,29,21,-21.6,930.2,19,230,77
1992,3,30,0,-22.3,930.1,21,NA,76
1992,3,30,3,-22.5,929.7,NA,NA,76
1992,3,30,6,-23.2,930,NA,NA,74
1992,3,30,9,-23.5,929.6,26,220,74
1992,3,30,12,-24.1,929.4,24,220,74
1992,3,30,15,-25,928.4,23,220,72
1992,3,30,18,-26.5,927.4,NA,230,70
1992,3,30,21,-26.4,926.7,NA,230,70
1992,3,31,0,-26.5,925.8,16,210,70
1992,3,31,3,-26.7,924.8,12,230,70
1992,3,31,6,-27.2,923.7,NA,230,69
1992,3,31,9,-27.3,923.3,10,230,68
1992,3,31,12,-28.3,923.1,10,240,68
1992,3,31,15,-28.5,922.9,11,240,67
1992,3,31,18,-28.2,923.3,10,230,67
1992,3,31,21,-28.4,923.9,13,230,67
1992,4,1,0,-27.9,925.2,11,210,68
1992,4,1,3,-28.6,925.3,15,230,67
1992,4,1,6,-28.8,927,12,240,67
1992,4,1,9,-28.8,927.9,16,230,67
1992,4,1,12,-28.7,929.1,12,250,67
1992,4,1,15,-28.6,929.9,NA,240,67
1992,4,1,18,-28,930.9,NA,0,67
1992,4,1,21,-28.3,931.8,NA,NA,67
1992,4,2,0,-28.1,932.4,NA,NA,67
1992,4,2,3,-26.9,932.5,NA,NA,70
1992,4,2,6,-27.7,932.5,3,360,68
1992,4,2,9,-27.8,931.4,4,10,68
1992,4,2,12,-26.2,929.8,NA,50,70
1992,4,2,15,-25.4,927.7,7,30,71
1992,4,2,18,-23.6,926.8,NA,0,74
1992,4,2,21,-21.9,925.2,NA,250,76
1992,4,3,0,-21.5,925.1,NA,250,76
1992,4,3,3,-25.5,924.7,NA,240,71
1992,4,3,6,-25.5,924.9,NA,230,71
1992,4,3,9,-24.9,924.5,NA,230,72
1992,4,3,12,-24.8,923.6,NA,NA,72
1992,4,3,15,-24.1,922.3,NA,0,73
1992,4,3,18,-22.7,920.8,NA,30,74
1992,4,3,21,-22.3,920.3,4,360,75
1992,4,4,0,-22.3,920.3,4,300,76
1992,4,4,3,-22.2,919.6,NA,NA,76
1992,4,4,6,-21.9,919.9,NA,30,76
1992,4,4,9,-21.3,919.9,NA,40,77
1992,4,4,12,-21.1,919.8,NA,0,77
1992,4,4,15,-20,920,NA,NA,78
1992,4,4,18,-20.7,920.9,4,NA,77
1992,4,4,21,-22.1,922.2,NA,230,75
1992,4,5,0,-24.4,922.8,NA,240,73
1992,4,5,3,-22.2,924.1,NA,220,76
1992,4,5,6,-22.7,924.2,16,230,75
1992,4,5,9,-22.9,926.2,NA,220,75
1992,4,5,12,-23.4,926,NA,20,74
1992,4,5,15,-23.2,925.5,7,350,74
1992,4,5,18,-23.4,926.2,4,NA,74
1992,4,5,21,-22.6,926.4,3,360,75
1992,4,6,0,-21.6,926.8,2,320,76
1992,4,6,3,-21.8,926.9,NA,NA,76
1992,4,6,6,-22.4,927.2,2,50,75
1992,4,6,9,-22.8,927.3,2,10,75
1992,4,6,12,-21.6,928,1,NA,77
1992,4,6,15,-19.3,928.6,NA,NA,78
1992,4,6,18,-19.7,928.9,NA,NA,78
1992,4,6,21,-21.1,929.6,NA,NA,77
1992,4,7,0,-18.9,930.2,NA,NA,81
1992,4,7,3,-18.5,931.1,NA,NA,81
1992,4,7,6,-20.1,931.7,NA,NA,78
1992,4,7,9,-19.6,932.1,NA,NA,79
1992,4,7,12,-19.9,932.2,NA,NA,78
1992,4,7,15,-20.2,931.9,NA,NA,78
1992,4,7,18,-20,931.3,NA,NA,78
1992,4,7,21,-20,931.3,NA,NA,78
1992,4,8,0,-19.8,930.9,NA,NA,78
1992,4,8,3,-19.6,930,NA,NA,78
1992,4,8,6,-19.6,929.1,NA,NA,78
1992,4,8,9,-19.9,928.4,2,NA,78
1992,4,8,12,-20.3,927,NA,230,78
1992,4,8,15,-19.4,925.6,NA,NA,79
1992,4,8,18,-19.2,924.7,NA,NA,79
1992,4,8,21,-18.2,924.2,17,NA,80
1992,4,9,0,-19,923.8,20,NA,79
1992,4,9,3,-18.7,923,19,220,80
1992,4,9,6,-19.1,922.8,20,230,79
1992,4,9,9,-20.2,922.7,21,230,78
1992,4,9,12,-20.6,923.1,NA,250,78
1992,4,9,15,-19.3,923.4,NA,250,79
1992,4,9,18,-19.9,923.5,NA,0,78
1992,4,9,21,-20.8,923.5,NA,0,78
1992,4,10,0,-20.8,924,NA,NA,78
1992,4,10,3,-21,923.3,NA,230,77
1992,4,10,6,-22.4,922.3,NA,240,75
1992,4,10,9,-22.5,921.9,11,240,75
1992,4,10,12,-21.5,920.3,12,220,77
1992,4,10,15,-20.9,918.7,13,230,78
1992,4,10,18,-20.6,917.4,NA,0,77
1992,4,10,21,-20.6,915.3,NA,360,78
1992,4,11,0,-18.3,912.9,NA,360,69
1992,4,11,3,-21,911.8,NA,0,64
1992,4,11,6,-22.7,909.8,NA,20,71
1992,4,11,9,-22.7,907.3,NA,20,59
1992,4,11,12,-21.4,905.1,NA,10,56
1992,4,11,15,-21.7,904.4,NA,40,63
1992,4,11,18,-21.4,905.3,NA,20,76
1992,4,11,21,-22.2,906.7,NA,260,75
1992,4,12,0,-23,908.6,4,220,74
1992,4,12,3,-24.8,909.8,1,310,72
1992,4,12,6,-24.7,911.5,5,240,73
1992,4,12,9,-24.9,913.2,NA,0,72
1992,4,12,12,-26.4,914,NA,220,70
1992,4,12,15,-26.6,914.9,NA,210,70
1992,4,12,18,-26.7,915.2,NA,220,70
1992,4,12,21,-26.4,915,NA,0,70
1992,4,13,0,-25.5,914.2,NA,50,71
1992,4,13,3,-25.2,913.4,NA,30,71
1992,4,13,6,-25,913.4,NA,10,71
1992,4,13,9,-24.4,913.3,NA,360,72
1992,4,13,12,-22.5,913.4,NA,0,72
1992,4,13,15,-20.7,913,NA,10,68
1992,4,13,18,-20.6,912.8,NA,0,50
1992,4,13,21,-22.6,911.5,NA,350,67
1992,4,14,0,-22.8,911.2,NA,340,74
1992,4,14,3,-23,911.3,NA,20,74
1992,4,14,6,-23.2,911.5,NA,0,74
1992,4,14,9,-22.8,911.6,3,20,74
1992,4,14,12,-21.4,911.9,NA,20,76
1992,4,14,15,-21.2,913.5,NA,0,76
1992,4,14,18,-25.3,914.4,NA,340,71
1992,4,14,21,-23.1,915.3,NA,230,74
1992,4,15,0,-23.1,918,NA,0,74
1992,4,15,3,-22.9,918.6,NA,240,74
1992,4,15,6,-23.4,919.7,NA,320,74
1992,4,15,9,-24.1,919.7,NA,230,73
1992,4,15,12,-23.7,918.4,NA,230,73
1992,4,15,15,-23.9,917,NA,230,74
1992,4,15,18,NA,NA,NA,NA,NA
1992,4,15,21,-24,921.8,35,230,73
1992,4,16,0,-23.4,924.4,NA,230,72
1992,4,16,3,-23.6,926.2,NA,230,64
1992,4,16,6,-24,928,NA,240,73
1992,4,16,9,-23.6,928,NA,0,74
1992,4,16,12,-24.3,927.3,NA,360,73
1992,4,16,15,-25,925.7,NA,10,71
1992,4,16,18,-24.7,923.1,NA,10,64
1992,4,16,21,-24.7,920.7,NA,10,72
1992,4,17,0,-24.1,918.8,NA,0,73
1992,4,17,3,-23.2,916.5,NA,20,75
1992,4,17,6,-21,914.6,NA,240,78
1992,4,17,9,-20.7,912.2,NA,260,77
1992,4,17,12,-19.6,911.3,NA,250,78
1992,4,17,15,-19.8,911,NA,0,78
1992,4,17,18,-23.7,911,1,290,73
1992,4,17,21,-23.5,912.2,1,290,74
1992,4,18,0,-23,913.2,2,240,74
1992,4,18,3,-22.8,915.5,NA,NA,74
1992,4,18,6,NA,NA,NA,NA,NA
1992,4,18,9,NA,NA,NA,NA,NA
1992,4,18,12,NA,NA,NA,NA,NA
1992,4,18,15,NA,NA,NA,NA,NA
1992,4,18,18,-26.4,928.2,1,230,70
1992,4,18,21,-26.9,931.3,NA,NA,69
1992,4,19,0,-26.8,934,NA,NA,70
1992,4,19,3,-22.8,NA,NA,NA,74
1992,4,19,6,-26.5,939.2,NA,NA,70
1992,4,19,9,-25.6,939.3,NA,NA,71
1992,4,19,12,-24.9,937.9,1,350,72
1992,4,19,15,-25,936.6,1,10,72
1992,4,19,18,-24.2,936.8,NA,NA,73
1992,4,19,21,-25.2,936,NA,NA,71
1992,4,20,0,-25.6,933.7,NA,NA,71
1992,4,20,3,-25,930.6,NA,NA,71
1992,4,20,6,-25.9,927.7,NA,NA,70
1992,4,20,9,-25.9,926.6,NA,NA,70
1992,4,20,12,-26,927.6,NA,NA,70
1992,4,20,15,-24.8,928.6,13,230,72
1992,4,20,18,-24.4,931.1,NA,0,71
1992,4,20,21,-25.2,932.5,NA,30,72
1992,4,21,0,-24.3,931.7,NA,20,73
1992,4,21,3,-24.8,930.6,NA,10,72
1992,4,21,6,-23.2,929,NA,40,74
1992,4,21,9,-22.9,929.1,NA,0,74
1992,4,21,12,-22.5,927.2,NA,0,75
1992,4,21,15,-23.2,923.3,NA,NA,74
1992,4,21,18,-23.1,919.3,3,10,74
1992,4,21,21,-23.2,914.9,NA,NA,74
1992,4,22,0,-22.6,911.5,NA,NA,74
1992,4,22,3,-19.1,908.4,NA,240,79
1992,4,22,6,-19.9,907.3,NA,0,78
1992,4,22,9,-23.2,906.7,NA,250,74
1992,4,22,12,NA,908.8,NA,240,71
1992,4,22,15,-24.9,909.5,NA,220,72
1992,4,22,18,-25.7,911.3,8,230,71
1992,4,22,21,-26,913.3,NA,0,70
1992,4,23,0,-25.9,914.4,NA,NA,70
1992,4,23,3,-26.1,914.7,NA,NA,70
1992,4,23,6,-27.1,915,NA,NA,68
1992,4,23,9,-26.8,915.9,6,230,69
1992,4,23,12,-26.7,915.8,7,210,70
1992,4,23,15,-26.8,916.9,8,190,70
1992,4,23,18,-26.5,917.9,10,200,70
1992,4,23,21,-26.6,918.8,NA,230,70
1992,4,24,0,-26.2,918.6,NA,NA,70
1992,4,24,3,-26.1,920,NA,NA,70
1992,4,24,6,-25.9,920.9,45,NA,70
1992,4,24,9,-25.5,922.8,NA,220,71
1992,4,24,12,-23.3,924.9,NA,220,74
1992,4,24,15,-22.7,924.4,NA,220,75
1992,4,24,18,-20.9,923.6,NA,230,78
1992,4,24,21,-19.3,920.8,NA,220,71
1992,4,25,0,-18.5,920.1,NA,220,58
1992,4,25,3,-18.6,920.5,NA,230,53
1992,4,25,6,-20.6,919.4,NA,0,75
1992,4,25,9,-21.4,918.1,NA,40,76
1992,4,25,12,-21.9,918,NA,0,75
1992,4,25,15,-22.9,918.5,3,170,74
1992,4,25,18,-23.6,918.4,NA,230,73
1992,4,25,21,-24.4,918,NA,220,73
1992,4,26,0,-25.3,917.2,NA,230,71
1992,4,26,3,-25.4,918.6,NA,230,71
1992,4,26,6,-26.2,920.9,NA,220,70
1992,4,26,9,-26.5,922.1,NA,230,69
1992,4,26,12,-26.9,923.1,NA,220,70
1992,4,26,15,-26.9,922.9,NA,220,68
1992,4,26,18,-26.8,923.3,NA,210,69
1992,4,26,21,-27.1,923.5,8,220,69
1992,4,27,0,-27.3,924.2,NA,220,68
1992,4,27,3,-27.4,925.3,9,200,68
1992,4,27,6,-27.3,926.8,8,220,68
1992,4,27,9,-27.6,928.1,6,240,68
1992,4,27,12,-27.7,928.2,NA,230,68
1992,4,27,15,-27.5,927.9,NA,230,69
1992,4,27,18,-26.4,929.5,NA,230,69
1992,4,27,21,-25.5,930.4,14,240,67
1992,4,28,0,-23.6,930.5,17,240,46
1992,4,28,3,-21.8,929.9,17,240,46
1992,4,28,6,-20.6,930.5,NA,250,37
1992,4,28,9,-20.7,931.6,NA,270,35
1992,4,28,12,-20.2,932.8,NA,240,30
1992,4,28,15,-19.1,933.1,NA,230,29
1992,4,28,18,-18,934.6,NA,230,27
1992,4,28,21,-17.6,936.1,NA,260,26
1992,4,29,0,-17,936.2,NA,0,25
1992,4,29,3,-15.2,936,NA,0,19
1992,4,29,6,-15.5,934.5,NA,350,22
1992,4,29,9,-16.8,934.1,NA,0,24
1992,4,29,12,-16.7,932.7,NA,20,25
1992,4,29,15,-13.8,932,NA,0,19
1992,4,29,18,-12.7,930.9,NA,0,16
1992,4,29,21,-17.5,930.4,NA,260,25
1992,4,30,0,NA,930.4,NA,0,27
1992,4,30,3,-18.4,930.2,NA,0,27
1992,4,30,6,-19.2,930.9,NA,NA,35
1992,4,30,9,-23.1,931.6,NA,250,53
1992,4,30,12,-21,933,NA,230,45
1992,4,30,15,-19.8,934.4,NA,250,45
1992,4,30,18,-19,935.6,NA,330,49
1992,4,30,21,-20.1,937,NA,0,46
1992,5,1,0,-20.2,937.8,NA,NA,41
1992,5,1,3,-21.5,937,NA,230,55
1992,5,1,6,-21.4,937.7,NA,230,73
1992,5,1,9,-21.9,938.6,23,240,74
1992,5,1,12,-22.1,939,24,230,75
1992,5,1,15,-21.9,938.8,21,240,75
1992,5,1,18,-21.9,938.2,NA,230,75
1992,5,1,21,-22.7,936.6,NA,240,74
1992,5,2,0,-23.1,935.7,11,250,74
1992,5,2,3,-23.1,933.3,12,220,74
1992,5,2,6,-23.1,931.1,12,210,73
1992,5,2,9,-24.1,928.9,14,230,72
1992,5,2,12,-24.6,927.3,NA,230,71
1992,5,2,15,-23.8,925.5,12,230,73
1992,5,2,18,-25.5,924,NA,0,70
1992,5,2,21,-25,922.8,NA,NA,71
1992,5,3,0,-24.5,921.9,0,NA,71
1992,5,3,3,-26.2,920.1,NA,NA,69
1992,5,3,6,-26.5,918.6,NA,10,69
1992,5,3,9,-27,918.1,NA,0,68
1992,5,3,12,-26.5,917.7,NA,NA,68
1992,5,3,15,-26.7,917.4,NA,NA,68
1992,5,3,18,-26.1,917.4,NA,NA,70
1992,5,3,21,-25.4,918.2,NA,NA,70
1992,5,4,0,-24.1,919.4,NA,NA,72
1992,5,4,3,-24.7,920.6,NA,NA,71
1992,5,4,6,-25.7,921.8,NA,NA,69
1992,5,4,9,-26.5,922.7,1,10,68
1992,5,4,12,-27.1,923.2,2,20,68
1992,5,4,15,-26.7,923.4,1,20,68
1992,5,4,18,-24.4,923.7,NA,NA,72
1992,5,4,21,-24.4,924.8,NA,NA,71
1992,5,5,0,-24.2,926,3,280,73
1992,5,5,3,-21.9,927.9,NA,NA,75
1992,5,5,6,-19.9,930.6,NA,230,70
1992,5,5,9,-18.7,932.3,NA,0,35
1992,5,5,12,-17.2,935.1,NA,0,23
1992,5,5,15,-17.8,937.1,4,360,25
1992,5,5,18,-18.9,939.1,NA,NA,28
1992,5,5,21,-19.7,940.8,NA,NA,29
1992,5,6,0,-21.1,941.5,NA,NA,38
1992,5,6,3,-21.7,941.3,1,360,48
1992,5,6,6,-22,940.3,NA,20,61
1992,5,6,9,-22.4,939.3,NA,30,64
1992,5,6,12,-22.5,938,NA,30,74
1992,5,6,15,-21.4,935.8,NA,0,75
1992,5,6,18,-21.6,933.8,NA,330,75
1992,5,6,21,-24.3,931,NA,240,71
1992,5,7,0,-22.1,928.9,NA,220,74
1992,5,7,3,-22.4,931.3,NA,230,74
1992,5,7,6,-23.5,928.5,NA,240,72
1992,5,7,9,-22.2,940.2,44,240,68
1992,5,7,12,-20.9,943.1,NA,230,63
1992,5,7,15,-20.9,945.2,NA,0,59
1992,5,7,18,-18.3,942,NA,360,38
1992,5,7,21,-16.1,938.5,NA,10,32
1992,5,8,0,-20.3,936.9,NA,20,76
1992,5,8,3,-20.1,936.9,NA,30,77
1992,5,8,6,-19.7,936.8,NA,30,78
1992,5,8,9,-18.6,936.9,5,250,75
1992,5,8,12,-19.7,936.7,1,340,56
1992,5,8,15,-21.4,935.3,NA,250,75
1992,5,8,18,-20.9,935,NA,0,76
1992,5,8,21,-21.2,933.5,NA,NA,75
1992,5,9,0,-21.9,932.1,NA,NA,75
1992,5,9,3,-23.2,930.6,NA,NA,74
1992,5,9,6,-23.6,928.6,12,230,73
1992,5,9,9,-25.2,926.7,NA,NA,71
1992,5,9,12,-26.6,926.3,NA,NA,69
1992,5,9,15,-26.7,924.9,NA,NA,68
1992,5,9,18,-26.9,923.3,12,240,68
1992,5,9,21,-27.1,921.6,NA,0,68
1992,5,10,0,-27.2,919.6,NA,0,68
1992,5,10,3,-27.7,917.2,NA,10,67
1992,5,10,6,-27.2,915.1,NA,20,67
1992,5,10,9,-27,913,NA,360,68
1992,5,10,12,-25.8,912.3,NA,350,51
1992,5,10,15,-26.2,911.2,10,20,48
1992,5,10,18,-27.3,910.5,NA,0,50
1992,5,10,21,-26.7,910,NA,20,68
1992,5,11,0,-26.8,910.5,NA,50,68
1992,5,11,3,-25.7,911,NA,350,70
1992,5,11,6,-25.5,912.3,NA,0,70
1992,5,11,9,-26.1,913.3,NA,NA,68
1992,5,11,12,-26.1,914.3,NA,NA,70
1992,5,11,15,-24.9,915.6,NA,NA,71
1992,5,11,18,-23.9,916.9,NA,NA,70
1992,5,11,21,-22.8,919.1,NA,NA,35
1992,5,12,0,-22.3,921.2,NA,NA,31
1992,5,12,3,-21.8,923.1,NA,NA,30
1992,5,12,6,-21.6,925,NA,NA,27
1992,5,12,9,-19.5,926.9,4,NA,25
1992,5,12,12,-18.5,928.1,NA,NA,20
1992,5,12,15,-18.2,929.1,NA,NA,22
1992,5,12,18,-18.5,928.7,NA,NA,22
1992,5,12,21,-19.3,928.5,NA,NA,23
1992,5,13,0,-19,928.2,NA,NA,25
1992,5,13,3,-22.9,927.9,15,230,72
1992,5,13,6,-22.8,926.8,17,240,68
1992,5,13,9,-23,926.3,NA,240,65
1992,5,13,12,-22.6,925.3,NA,0,49
1992,5,13,15,-21.6,923.8,NA,NA,62
1992,5,13,18,-22.8,921.8,NA,NA,53
1992,5,13,21,-24,920.8,NA,NA,66
1992,5,14,0,-24.3,919.4,8,30,71
1992,5,14,3,-25.2,918.5,11,20,70
1992,5,14,6,-24.9,918.6,8,20,70
1992,5,14,9,-24.7,919.7,NA,320,70
1992,5,14,12,-26.9,921.4,5,NA,68
1992,5,14,15,-27.2,922.7,3,280,67
1992,5,14,18,-25.7,924.5,3,260,69
1992,5,14,21,-26.7,926.4,1,320,68
1992,5,15,0,-26.7,927.3,2,320,68
1992,5,15,3,-27.3,928.3,NA,230,67
1992,5,15,6,-27.5,928.8,NA,230,67
1992,5,15,9,-25.9,929.7,14,230,69
1992,5,15,12,-25.3,930.7,NA,220,70
1992,5,15,15,-25.7,930.4,NA,240,69
1992,5,15,18,-25.4,930.8,NA,0,70
1992,5,15,21,-26,929.8,NA,0,69
1992,5,16,0,-26.2,928.9,NA,240,68
1992,5,16,3,-26.4,927.5,NA,230,68
1992,5,16,6,-26.7,926.6,7,230,68
1992,5,16,9,-28,925.1,11,NA,67
1992,5,16,12,-27.8,924.5,NA,260,66
1992,5,16,15,-28,923.1,NA,240,66
1992,5,16,18,-28.5,920.3,NA,220,65
1992,5,16,21,-28.3,920.4,NA,230,66
1992,5,17,0,-28.6,918.6,NA,230,65
1992,5,17,3,-28.2,918,NA,240,66
1992,5,17,6,-27.5,917.7,29,220,66
1992,5,17,9,-27.7,917.7,27,240,67
1992,5,17,12,-27.5,918.1,NA,240,67
1992,5,17,15,-27.4,918.2,NA,240,67
1992,5,17,18,-26.9,916.3,NA,230,68
1992,5,17,21,-25.4,916.7,NA,220,69
1992,5,18,0,-25.7,916.4,NA,230,69
1992,5,18,3,-25,916.7,32,220,70
1992,5,18,6,-24.3,918.9,30,220,71
1992,5,18,9,-23.3,919.9,30,220,72
1992,5,18,12,-23.4,922,29,230,72
1992,5,18,15,-22.6,922.9,27,NA,73
1992,5,18,18,-21.1,924.5,31,NA,75
1992,5,18,21,-20.5,926.9,27,NA,76
1992,5,19,0,-20.9,928.5,NA,220,75
1992,5,19,3,-21.4,930.4,NA,240,76
1992,5,19,6,-20.4,931.6,NA,240,77
1992,5,19,9,-20.2,931.9,18,250,76
1992,5,19,12,-20.7,932.7,15,230,76
1992,5,19,15,-19.6,932.6,14,230,64
1992,5,19,18,-17.7,933.6,14,240,57
1992,5,19,21,-16,934.9,11,230,41
1992,5,20,0,-16.5,935.2,13,240,36
1992,5,20,3,-16.2,935.7,15,230,36
1992,5,20,6,-17.1,936.3,NA,240,40
1992,5,20,9,-15,936.5,NA,240,34
1992,5,20,12,-15.5,936.6,21,230,34
1992,5,20,15,-17,936.6,23,230,37
1992,5,20,18,-18.2,936.2,NA,220,43
1992,5,20,21,-19.4,935.4,NA,230,55
1992,5,21,0,-20.7,935.8,28,NA,62
1992,5,21,3,-20.5,935.9,NA,NA,49
1992,5,21,6,-21.5,936.5,NA,NA,50
1992,5,21,9,-21.4,936,NA,270,52
1992,5,21,12,-22.7,934.5,NA,20,58
1992,5,21,15,-22.6,933,9,20,61
1992,5,21,18,-24,931.4,NA,360,72
1992,5,21,21,-20.9,930.5,NA,0,45
1992,5,22,0,-23.1,927.7,NA,320,51
1992,5,22,3,-22.3,925.5,NA,360,44
1992,5,22,6,-20.7,923.4,NA,20,33
1992,5,22,9,-20.1,921.4,NA,340,30
1992,5,22,12,-22.1,920.1,NA,0,40
1992,5,22,15,-23.4,919.2,NA,40,71
1992,5,22,18,-22.2,919.2,NA,0,73
1992,5,22,21,-22.6,919.2,NA,NA,73
1992,5,23,0,-22.3,919.9,NA,NA,74
1992,5,23,3,-23.1,919.9,NA,NA,72
1992,5,23,6,-23.9,920.7,NA,NA,72
1992,5,23,9,-24.9,921.8,NA,NA,70
1992,5,23,12,-24.4,923.2,NA,NA,71
1992,5,23,15,-24.4,925.1,NA,NA,71
1992,5,23,18,-24.9,927.6,NA,NA,71
1992,5,23,21,-25.2,929.1,NA,NA,70
1992,5,24,0,-24.8,930.9,NA,NA,71
1992,5,24,3,-23.8,931.3,NA,NA,72
1992,5,24,6,-23.8,932.8,NA,NA,72
1992,5,24,9,-23.4,933.9,6,230,72
1992,5,24,12,-22,933.7,NA,0,68
1992,5,24,15,-22.8,933.2,NA,230,73
1992,5,24,18,-23.5,936.2,NA,230,72
1992,5,24,21,-23.3,937.8,NA,230,68
1992,5,25,0,-24.1,938.8,NA,220,72
1992,5,25,3,-24.2,938.4,NA,230,72
1992,5,25,6,-23.3,937.7,NA,240,68
1992,5,25,9,-21.8,936.8,NA,0,64
1992,5,25,12,-22.3,935.9,NA,NA,74
1992,5,25,15,-22.3,934.8,NA,NA,75
1992,5,25,18,-22.1,933.4,NA,NA,73
1992,5,25,21,-21.9,932.7,NA,NA,75
1992,5,26,0,-22.4,932,4,20,74
1992,5,26,3,-21.2,931.8,NA,NA,59
1992,5,26,6,-17.9,932.4,NA,NA,42
1992,5,26,9,-20.5,934.2,NA,300,56
1992,5,26,12,-21.6,935.3,NA,230,74
1992,5,26,15,-20.9,937.8,NA,240,75
1992,5,26,18,-20.7,940.3,NA,160,76
1992,5,26,21,-23.7,940.1,NA,240,73
1992,5,27,0,-23.2,941.4,NA,240,73
1992,5,27,3,-23.7,942.1,27,240,73
1992,5,27,6,-24.1,944.5,NA,250,72
1992,5,27,9,-23.9,945.7,NA,0,72
1992,5,27,12,-24.1,945.2,NA,260,72
1992,5,27,15,-21.8,943.8,NA,40,75
1992,5,27,18,-22.2,942,6,NA,74
1992,5,27,21,-22.3,939.4,NA,240,75
1992,5,28,0,-23.4,935.6,NA,220,73
1992,5,28,3,-22.6,930.6,NA,220,73
1992,5,28,6,-22.1,925.8,NA,220,75
1992,5,28,9,-21.5,927,NA,230,75
1992,5,28,12,-23,930.8,NA,230,73
1992,5,28,15,-23.7,932.6,NA,240,73
1992,5,28,18,-22.9,933.2,14,230,74
1992,5,28,21,-23.1,932.8,17,240,73
1992,5,29,0,-21.6,930.4,NA,240,74
1992,5,29,3,-23.6,924.9,NA,220,72
1992,5,29,6,-23.2,917,NA,230,73
1992,5,29,9,-23.6,917.1,NA,240,72
1992,5,29,12,-22.1,917.7,NA,240,74
1992,5,29,15,-21.6,914.1,57,240,75
1992,5,29,18,-21.6,914,NA,230,74
1992,5,29,21,-20.2,915.4,NA,240,74
1992,5,30,0,-19.6,918.4,NA,210,58
1992,5,30,3,-19.3,918.6,NA,0,46
1992,5,30,6,-21.5,918.7,NA,NA,66
1992,5,30,9,-20.8,917.7,NA,0,60
1992,5,30,12,-22.5,917.6,NA,0,74
1992,5,30,15,-23.3,916.8,NA,NA,73
1992,5,30,18,-23.3,916.5,1,360,72
1992,5,30,21,-22.9,916.4,NA,10,73
1992,5,31,0,-23.9,917,NA,0,72
1992,5,31,3,-24.9,917.3,NA,NA,71
1992,5,31,6,-24.5,918.3,NA,NA,71
1992,5,31,9,-22.4,919.1,NA,NA,74
1992,5,31,12,-22.4,920.4,NA,NA,75
1992,5,31,15,-22.8,920.5,4,NA,73
1992,5,31,18,-21.3,920.9,NA,340,53
1992,5,31,21,-22,921.7,NA,350,52
1992,6,1,0,-20.5,922.8,NA,0,43
1992,6,1,3,-19.8,923.2,NA,0,42
1992,6,1,6,-19.6,924.1,NA,250,37
1992,6,1,9,-19,925.2,NA,240,36
1992,6,1,12,-19.5,926.8,NA,0,36
1992,6,1,15,-19.6,927.1,NA,240,36
1992,6,1,18,-17.8,927.9,NA,0,32
1992,6,1,21,-19.3,928,NA,220,47
1992,6,2,0,-18.5,928.2,NA,220,63
1992,6,2,3,-19.7,928.2,11,250,76
1992,6,2,6,-18.7,928.2,NA,0,77
1992,6,2,9,-18.8,927.4,NA,0,53
1992,6,2,12,-19.3,926.4,NA,10,70
1992,6,2,15,-20.7,925,NA,20,65
1992,6,2,18,-18.5,922.8,NA,0,59
1992,6,2,21,-20.2,920.2,NA,250,56
1992,6,3,0,-15.7,919.3,NA,270,37
1992,6,3,3,-19,918.1,NA,240,58
1992,6,3,6,NA,918.2,NA,220,69
1992,6,3,9,NA,919,17,230,68
1992,6,3,12,-26.1,919.6,NA,220,69
1992,6,3,15,-26.3,921.4,NA,280,68
1992,6,3,18,-26.8,922.9,NA,220,67
1992,6,3,21,-26.6,924.9,NA,0,68
1992,6,4,0,-26.3,926.1,NA,40,67
1992,6,4,3,-26.3,927.9,NA,40,63
1992,6,4,6,-26.5,929.5,9,40,61
1992,6,4,9,-26,930.4,NA,10,49
1992,6,4,12,-24.7,932.2,NA,30,46
1992,6,4,15,-26.3,932.9,NA,0,68
1992,6,4,18,-23.9,932.2,NA,40,71
1992,6,4,21,-22.9,932.5,NA,20,72
1992,6,5,0,-22,933.1,NA,30,74
1992,6,5,3,-22.3,933.6,NA,0,74
1992,6,5,6,-21.4,932.4,NA,NA,75
1992,6,5,9,-21.4,931.9,NA,NA,75
1992,6,5,12,-23,930.3,NA,NA,73
1992,6,5,15,-24.3,928.8,7,200,71
1992,6,5,18,NA,NA,NA,NA,NA
1992,6,5,21,-21.4,930.6,1,300,75
1992,6,6,0,-20.6,930.4,NA,NA,76
1992,6,6,3,-20.6,929.1,4,10,76
1992,6,6,6,-21.2,926.6,NA,NA,75
1992,6,6,9,-21.7,924,NA,10,75
1992,6,6,12,-21.3,921.8,NA,360,75
1992,6,6,15,-22.5,920,NA,0,74
1992,6,6,18,-20.1,916.9,NA,0,77
1992,6,6,21,NA,912.9,NA,20,81
1992,6,7,0,-16.4,910.6,NA,250,67
1992,6,7,3,-16.6,908.8,10,260,59
1992,6,7,6,-21.2,908.9,8,250,77
1992,6,7,9,NA,909.7,7,50,70
1992,6,7,12,NA,910,NA,0,67
1992,6,7,15,-28.5,907.5,NA,230,65
1992,6,7,18,-30.4,909.5,NA,NA,63
1992,6,7,21,-31.2,911.2,NA,NA,62
1992,6,8,0,-31.2,913.7,22,NA,61
1992,6,8,3,-30.5,916.4,NA,NA,52
1992,6,8,6,-29.9,919.2,NA,200,48
1992,6,8,9,-30.7,921.9,NA,290,53
1992,6,8,12,-28.5,924.2,NA,340,36
1992,6,8,15,-26.6,925.3,NA,NA,24
1992,6,8,18,NA,925.4,NA,NA,17
1992,6,8,21,-22.2,925.3,NA,350,14
1992,6,9,0,-21.4,925.1,NA,0,13
1992,6,9,3,-19.6,925.2,NA,NA,10
1992,6,9,6,-20,925.5,NA,NA,11
1992,6,9,9,-21.2,926,NA,NA,14
1992,6,9,12,-23.5,925.4,5,20,21
1992,6,9,15,-19.7,924.5,NA,0,13
1992,6,9,18,-23.7,924.5,NA,240,20
1992,6,9,21,-24,925.1,NA,0,25
1992,6,10,0,-24.1,924.8,NA,NA,28
1992,6,10,3,-24.3,923.9,NA,NA,26
1992,6,10,6,-23.7,924.1,NA,NA,25
1992,6,10,9,-27.7,924,12,260,60
1992,6,10,12,NA,924.7,12,240,63
1992,6,10,15,-29.3,925.4,11,230,63
1992,6,10,18,-29,926.6,NA,360,63
1992,6,10,21,-27.3,928.1,NA,220,66
1992,6,11,0,-28.2,927.9,NA,0,65
1992,6,11,3,-28.4,927.1,NA,20,65
1992,6,11,6,-28.8,926.2,NA,10,63
1992,6,11,9,-29.2,923.7,6,20,63
1992,6,11,12,-28.5,922.2,4,40,64
1992,6,11,15,-27,921.7,NA,0,66
1992,6,11,18,-28.1,921.3,NA,NA,65
1992,6,11,21,-27.8,920.7,NA,NA,66
1992,6,12,0,-27.2,920.2,NA,240,67
1992,6,12,3,-27.4,921.3,NA,80,66
1992,6,12,6,-28.7,922.4,NA,310,65
1992,6,12,9,-25.9,923.6,NA,NA,69
1992,6,12,12,-25.2,922.9,NA,NA,69
1992,6,12,15,-27.2,919.9,NA,230,68
1992,6,12,18,-26.9,914.3,NA,220,67
1992,6,12,21,-25.5,915.9,NA,220,69
1992,6,13,0,-26,918.6,NA,220,69
1992,6,13,3,-25.2,921.8,NA,200,70
1992,6,13,6,-25.1,925.8,NA,230,70
1992,6,13,9,-25.7,928.7,8,20,66
1992,6,13,12,-25.5,931.2,9,360,64
1992,6,13,15,-25.5,932.2,11,360,69
1992,6,13,18,-26.5,931.9,12,20,68
1992,6,13,21,-26.4,930.1,15,20,68
1992,6,14,0,-26.4,927.9,NA,20,68
1992,6,14,3,-26.4,924.5,11,10,68
1992,6,14,6,-22.7,921.1,NA,340,72
1992,6,14,9,NA,919.9,NA,230,22
1992,6,14,12,NA,921.5,NA,240,21
1992,6,14,15,NA,926.7,NA,230,61
1992,6,14,18,NA,926.9,NA,NA,67
1992,6,14,21,-22.3,930.9,NA,NA,62
1992,6,15,0,-23,935.5,39,NA,57
1992,6,15,3,-23.1,940.8,NA,240,53
1992,6,15,6,-22.8,943.6,NA,50,60
1992,6,15,9,-22.8,944.2,NA,350,50
1992,6,15,12,-23.3,944.9,NA,10,55
1992,6,15,15,NA,NA,NA,NA,NA
1992,6,15,18,NA,NA,NA,NA,NA
1992,6,15,21,NA,NA,NA,NA,NA
1992,6,16,0,-1.7,929.9,17,0,7
1992,6,16,3,-1.7,920.6,NA,240,13
1992,6,16,6,NA,921.3,NA,230,53
1992,6,16,9,NA,918.7,NA,220,79
1992,6,16,12,NA,NA,NA,10,55
1992,6,16,15,-21.5,926.8,NA,240,71
1992,6,16,18,-23.7,929.2,NA,240,72
1992,6,16,21,-25.3,929.4,NA,230,67
1992,6,17,0,-25.2,934.1,NA,240,69
1992,6,17,3,-26.2,934.8,NA,230,68
1992,6,17,6,-27.2,938.6,NA,230,66
1992,6,17,9,-27.4,940.1,NA,230,66
1992,6,17,12,NA,NA,NA,NA,NA
1992,6,17,15,NA,NA,NA,NA,NA
1992,6,17,18,NA,NA,NA,NA,NA
1992,6,17,21,NA,NA,NA,NA,NA
1992,6,18,0,NA,NA,NA,NA,NA
1992,6,18,3,NA,NA,NA,NA,NA
1992,6,18,6,NA,NA,NA,NA,NA
1992,6,18,9,-27.4,940.1,30,230,66
1992,6,18,12,NA,NA,NA,NA,NA
1992,6,18,15,NA,NA,NA,NA,NA
1992,6,18,18,NA,NA,NA,NA,NA
1992,6,18,21,-27.4,940.1,30,230,66
1992,6,19,0,NA,NA,NA,NA,NA
1992,6,19,3,NA,NA,NA,NA,NA
1992,6,19,6,NA,NA,NA,NA,NA
1992,6,19,9,-27.4,940.1,30,230,66
1992,6,19,12,NA,NA,NA,NA,NA
1992,6,19,15,NA,NA,NA,NA,NA
1992,6,19,18,NA,NA,NA,NA,NA
1992,6,19,21,NA,NA,NA,NA,NA
1992,6,20,0,NA,NA,NA,NA,NA
1992,6,20,3,NA,NA,NA,NA,NA
1992,6,20,6,-22.7,940.3,53,230,66
1992,6,20,9,-23,943,NA,NA,70
1992,6,20,12,-23.2,942.2,NA,NA,64
1992,6,20,15,-22.9,942.2,NA,NA,63
1992,6,20,18,-23.7,941.8,NA,NA,60
1992,6,20,21,-25.1,940.5,NA,NA,63
1992,6,21,0,-23.3,939.5,29,NA,45
1992,6,21,3,-23.6,938.9,29,NA,52
1992,6,21,6,-23,938.6,28,NA,49
1992,6,21,9,-25.5,939.6,NA,NA,57
1992,6,21,12,-24.3,940,NA,220,44
1992,6,21,15,-24.5,939.7,NA,0,42
1992,6,21,18,-23.7,938.4,NA,360,42
1992,6,21,21,-25,937.6,NA,0,42
1992,6,22,0,-25.2,935.3,NA,20,47
1992,6,22,3,-25.7,933.4,NA,10,54
1992,6,22,6,-27.5,931.4,NA,360,68
1992,6,22,9,-27.1,929.9,NA,20,65
1992,6,22,12,-25.6,928.8,NA,10,69
1992,6,22,15,-24.5,928.7,5,10,69
1992,6,22,18,-25.6,929.5,NA,0,68
1992,6,22,21,-29.1,931.9,NA,250,61
1992,6,23,0,-27,935.8,NA,250,66
1992,6,23,3,-26.4,939.5,NA,300,66
1992,6,23,6,-25.2,941.8,NA,0,69
1992,6,23,9,-25.1,941.7,3,30,69
1992,6,23,12,-25,941,NA,30,69
1992,6,23,15,-24.5,940,5,20,69
1992,6,23,18,-25,939.5,4,360,69
1992,6,23,21,-24.3,939,3,20,70
1992,6,24,0,-24.3,938.5,2,20,71
1992,6,24,3,-24.1,937.6,NA,30,70
1992,6,24,6,-23.9,936.7,NA,10,70
1992,6,24,9,-23.5,936.3,NA,30,72
1992,6,24,12,-23.6,936,NA,NA,72
1992,6,24,15,-23.9,935.7,NA,NA,71
1992,6,24,18,-24.7,935.2,NA,NA,70
1992,6,24,21,-24.8,934.8,NA,NA,70
1992,6,25,0,-24.8,935,NA,NA,70
1992,6,25,3,-26,934.8,NA,NA,68
1992,6,25,6,-26.4,934.9,6,240,68
1992,6,25,9,-24.6,934.3,NA,230,70
1992,6,25,12,-24.7,934.4,NA,230,70
1992,6,25,15,-24.5,934.7,NA,230,69
1992,6,25,18,-23.4,932.1,NA,220,68
1992,6,25,21,-23.2,932.2,NA,220,70
1992,6,26,0,-24,931.3,NA,230,71
1992,6,26,3,-24.4,932.7,NA,220,70
1992,6,26,6,-23.8,930.2,NA,230,71
1992,6,26,9,-26.6,928.5,NA,220,68
1992,6,26,12,-24.7,927,NA,230,70
1992,6,26,15,-25.9,928.5,NA,230,69
1992,6,26,18,-25,927.7,NA,240,69
1992,6,26,21,-24.2,923.8,NA,230,71
1992,6,27,0,-23.9,925,NA,240,72
1992,6,27,3,-23.6,934.4,NA,230,72
1992,6,27,6,-23.9,931.8,NA,240,71
1992,6,27,9,-23.8,936.2,NA,230,72
1992,6,27,12,-21.9,934.4,NA,230,73
1992,6,27,15,-20.7,933.1,NA,230,70
1992,6,27,18,-20.2,931.9,NA,240,75
1992,6,27,21,-18.8,932.4,NA,240,71
1992,6,28,0,-17.2,928.7,NA,230,76
1992,6,28,3,-17.1,926.8,NA,NA,74
1992,6,28,6,-15.7,925.7,NA,NA,70
1992,6,28,9,-15.6,925.3,NA,NA,68
1992,6,28,12,-15.4,924.1,NA,NA,71
1992,6,28,15,-14.8,924,NA,NA,70
1992,6,28,18,-14,920.7,NA,NA,62
1992,6,28,21,NA,NA,NA,NA,NA
1992,6,29,0,NA,NA,NA,NA,NA
1992,6,29,3,NA,NA,NA,NA,NA
1992,6,29,6,NA,NA,NA,NA,NA
1992,6,29,9,NA,NA,NA,NA,NA
1992,6,29,12,NA,NA,NA,NA,NA
1992,6,29,15,NA,NA,NA,NA,NA
1992,6,29,18,NA,NA,NA,NA,NA
1992,6,29,21,NA,NA,NA,NA,NA
1992,6,30,0,NA,NA,NA,NA,NA
1992,6,30,3,NA,NA,NA,NA,NA
1992,6,30,6,NA,NA,NA,NA,NA
1992,6,30,9,NA,NA,NA,NA,NA
1992,6,30,12,NA,NA,NA,NA,NA
1992,6,30,15,NA,NA,NA,NA,NA
1992,6,30,18,NA,NA,NA,NA,NA
1992,6,30,21,NA,NA,NA,NA,NA
1992,7,1,0,NA,NA,NA,NA,NA
1992,7,1,3,NA,NA,NA,NA,NA
1992,7,1,6,NA,NA,NA,NA,NA
1992,7,1,9,NA,NA,NA,NA,NA
1992,7,1,12,NA,NA,NA,NA,NA
1992,7,1,15,NA,NA,NA,NA,NA
1992,7,1,18,NA,NA,NA,NA,NA
1992,7,1,21,NA,NA,NA,NA,NA
1992,7,2,0,NA,NA,NA,NA,NA
1992,7,2,3,NA,NA,NA,NA,NA
1992,7,2,6,NA,NA,NA,NA,NA
1992,7,2,9,NA,NA,NA,NA,NA
1992,7,2,12,NA,NA,NA,NA,NA
1992,7,2,15,NA,NA,NA,NA,NA
1992,7,2,18,NA,NA,NA,NA,NA
1992,7,2,21,NA,NA,NA,NA,NA
1992,7,3,0,NA,NA,NA,NA,NA
1992,7,3,3,NA,NA,NA,NA,NA
1992,7,3,6,NA,NA,NA,NA,NA
1992,7,3,9,NA,NA,NA,NA,NA
1992,7,3,12,NA,NA,NA,NA,NA
1992,7,3,15,NA,NA,NA,NA,NA
1992,7,3,18,NA,NA,NA,NA,NA
1992,7,3,21,NA,NA,NA,NA,NA
1992,7,4,0,NA,NA,NA,NA,NA
1992,7,4,3,NA,NA,NA,NA,NA
1992,7,4,6,NA,NA,NA,NA,NA
1992,7,4,9,NA,NA,NA,NA,NA
1992,7,4,12,NA,NA,NA,NA,NA
1992,7,4,15,NA,NA,NA,NA,NA
1992,7,4,18,NA,NA,NA,NA,NA
1992,7,4,21,NA,NA,NA,NA,NA
1992,7,5,0,NA,NA,NA,NA,NA
1992,7,5,3,NA,NA,NA,NA,NA
1992,7,5,6,NA,NA,NA,NA,NA
1992,7,5,9,NA,NA,NA,NA,NA
1992,7,5,12,NA,NA,NA,NA,NA
1992,7,5,15,NA,NA,NA,NA,NA
1992,7,5,18,NA,NA,NA,NA,NA
1992,7,5,21,NA,NA,NA,NA,NA
1992,7,6,0,NA,NA,NA,NA,NA
1992,7,6,3,NA,NA,NA,NA,NA
1992,7,6,6,NA,NA,NA,NA,NA
1992,7,6,9,NA,NA,NA,NA,NA
1992,7,6,12,NA,NA,NA,NA,NA
1992,7,6,15,NA,NA,NA,NA,NA
1992,7,6,18,NA,NA,NA,NA,NA
1992,7,6,21,NA,NA,NA,NA,NA
1992,7,7,0,NA,NA,NA,NA,NA
1992,7,7,3,NA,NA,NA,NA,NA
1992,7,7,6,NA,NA,NA,NA,NA
1992,7,7,9,NA,NA,NA,NA,NA
1992,7,7,12,NA,NA,NA,NA,NA
1992,7,7,15,NA,NA,NA,NA,NA
1992,7,7,18,NA,NA,NA,NA,NA
1992,7,7,21,NA,NA,NA,NA,NA
1992,7,8,0,NA,NA,NA,NA,NA
1992,7,8,3,NA,NA,NA,NA,NA
1992,7,8,6,NA,NA,NA,NA,NA
1992,7,8,9,NA,NA,NA,NA,NA
1992,7,8,12,NA,NA,NA,NA,NA
1992,7,8,15,NA,NA,NA,NA,NA
1992,7,8,18,NA,NA,NA,NA,NA
1992,7,8,21,NA,NA,NA,NA,NA
1992,7,9,0,NA,NA,NA,NA,NA
1992,7,9,3,NA,NA,NA,NA,NA
1992,7,9,6,NA,NA,NA,NA,NA
1992,7,9,9,NA,NA,NA,NA,NA
1992,7,9,12,NA,NA,NA,NA,NA
1992,7,9,15,NA,NA,NA,NA,NA
1992,7,9,18,NA,NA,NA,NA,NA
1992,7,9,21,NA,NA,NA,NA,NA
1992,7,10,0,NA,NA,NA,NA,NA
1992,7,10,3,NA,NA,NA,NA,NA
1992,7,10,6,NA,NA,NA,NA,NA
1992,7,10,9,NA,NA,NA,NA,NA
1992,7,10,12,NA,NA,NA,NA,NA
1992,7,10,15,NA,NA,NA,NA,NA
1992,7,10,18,NA,NA,NA,NA,NA
1992,7,10,21,NA,NA,NA,NA,NA
1992,7,11,0,NA,NA,NA,NA,NA
1992,7,11,3,NA,NA,NA,NA,NA
1992,7,11,6,NA,NA,NA,NA,NA
1992,7,11,9,NA,NA,NA,NA,NA
1992,7,11,12,NA,NA,NA,NA,NA
1992,7,11,15,NA,NA,NA,NA,NA
1992,7,11,18,NA,NA,NA,NA,NA
1992,7,11,21,NA,NA,NA,NA,NA
1992,7,12,0,NA,NA,NA,NA,NA
1992,7,12,3,NA,NA,NA,NA,NA
1992,7,12,6,NA,NA,NA,NA,NA
1992,7,12,9,NA,NA,NA,NA,NA
1992,7,12,12,NA,NA,NA,NA,NA
1992,7,12,15,NA,NA,NA,NA,NA
1992,7,12,18,NA,NA,NA,NA,NA
1992,7,12,21,NA,NA,NA,NA,NA
1992,7,13,0,NA,NA,NA,NA,NA
1992,7,13,3,NA,NA,NA,NA,NA
1992,7,13,6,NA,NA,NA,NA,NA
1992,7,13,9,NA,NA,NA,NA,NA
1992,7,13,12,NA,NA,NA,NA,NA
1992,7,13,15,NA,NA,NA,NA,NA
1992,7,13,18,NA,NA,NA,NA,NA
1992,7,13,21,NA,NA,NA,NA,NA
1992,7,14,0,NA,NA,NA,NA,NA
1992,7,14,3,NA,NA,NA,NA,NA
1992,7,14,6,NA,NA,NA,NA,NA
1992,7,14,9,NA,NA,NA,NA,NA
1992,7,14,12,NA,NA,NA,NA,NA
1992,7,14,15,NA,NA,NA,NA,NA
1992,7,14,18,NA,NA,NA,NA,NA
1992,7,14,21,NA,NA,NA,NA,NA
1992,7,15,0,NA,NA,NA,NA,NA
1992,7,15,3,NA,NA,NA,NA,NA
1992,7,15,6,NA,NA,NA,NA,NA
1992,7,15,9,NA,NA,NA,NA,NA
1992,7,15,12,NA,NA,NA,NA,NA
1992,7,15,15,NA,NA,NA,NA,NA
1992,7,15,18,NA,NA,NA,NA,NA
1992,7,15,21,NA,NA,NA,NA,NA
1992,7,16,0,NA,NA,NA,NA,NA
1992,7,16,3,NA,NA,NA,NA,NA
1992,7,16,6,NA,NA,NA,NA,NA
1992,7,16,9,NA,NA,NA,NA,NA
1992,7,16,12,NA,NA,NA,NA,NA
1992,7,16,15,NA,NA,NA,NA,NA
1992,7,16,18,NA,NA,NA,NA,NA
1992,7,16,21,NA,NA,NA,NA,NA
1992,7,17,0,NA,NA,NA,NA,NA
1992,7,17,3,NA,NA,NA,NA,NA
1992,7,17,6,NA,NA,NA,NA,NA
1992,7,17,9,NA,NA,NA,NA,NA
1992,7,17,12,NA,NA,NA,NA,NA
1992,7,17,15,NA,NA,NA,NA,NA
1992,7,17,18,NA,NA,NA,NA,NA
1992,7,17,21,NA,NA,NA,NA,NA
1992,7,18,0,NA,NA,NA,NA,NA
1992,7,18,3,NA,NA,NA,NA,NA
1992,7,18,6,NA,NA,NA,NA,NA
1992,7,18,9,NA,NA,NA,NA,NA
1992,7,18,12,NA,NA,NA,NA,NA
1992,7,18,15,NA,NA,NA,NA,NA
1992,7,18,18,NA,NA,NA,NA,NA
1992,7,18,21,NA,NA,NA,NA,NA
1992,7,19,0,NA,NA,NA,NA,NA
1992,7,19,3,NA,NA,NA,NA,NA
1992,7,19,6,NA,NA,NA,NA,NA
1992,7,19,9,NA,NA,NA,NA,NA
1992,7,19,12,NA,NA,NA,NA,NA
1992,7,19,15,NA,NA,NA,NA,NA
1992,7,19,18,NA,NA,NA,NA,NA
1992,7,19,21,NA,NA,NA,NA,NA
1992,7,20,0,NA,NA,NA,NA,NA
1992,7,20,3,NA,NA,NA,NA,NA
1992,7,20,6,NA,NA,NA,NA,NA
1992,7,20,9,NA,NA,NA,NA,NA
1992,7,20,12,NA,NA,NA,NA,NA
1992,7,20,15,NA,NA,NA,NA,NA
1992,7,20,18,NA,NA,NA,NA,NA
1992,7,20,21,NA,NA,NA,NA,NA
1992,7,21,0,NA,NA,NA,NA,NA
1992,7,21,3,NA,NA,NA,NA,NA
1992,7,21,6,NA,NA,NA,NA,NA
1992,7,21,9,NA,NA,NA,NA,NA
1992,7,21,12,NA,NA,NA,NA,NA
1992,7,21,15,NA,NA,NA,NA,NA
1992,7,21,18,NA,NA,NA,NA,NA
1992,7,21,21,NA,NA,NA,NA,NA
1992,7,22,0,NA,NA,NA,NA,NA
1992,7,22,3,NA,NA,NA,NA,NA
1992,7,22,6,NA,NA,NA,NA,NA
1992,7,22,9,NA,NA,NA,NA,NA
1992,7,22,12,NA,NA,NA,NA,NA
1992,7,22,15,NA,NA,NA,NA,NA
1992,7,22,18,NA,NA,NA,NA,NA
1992,7,22,21,NA,NA,NA,NA,NA
1992,7,23,0,NA,NA,NA,NA,NA
1992,7,23,3,NA,NA,NA,NA,NA
1992,7,23,6,NA,NA,NA,NA,NA
1992,7,23,9,NA,NA,NA,NA,NA
1992,7,23,12,NA,NA,NA,NA,NA
1992,7,23,15,NA,NA,NA,NA,NA
1992,7,23,18,NA,NA,NA,NA,NA
1992,7,23,21,NA,NA,NA,NA,NA
1992,7,24,0,NA,NA,NA,NA,NA
1992,7,24,3,NA,NA,NA,NA,NA
1992,7,24,6,NA,NA,NA,NA,NA
1992,7,24,9,NA,NA,NA,NA,NA
1992,7,24,12,NA,NA,NA,NA,NA
1992,7,24,15,NA,NA,NA,NA,NA
1992,7,24,18,NA,NA,NA,NA,NA
1992,7,24,21,NA,NA,NA,NA,NA
1992,7,25,0,NA,NA,NA,NA,NA
1992,7,25,3,NA,NA,NA,NA,NA
1992,7,25,6,NA,NA,NA,NA,NA
1992,7,25,9,NA,NA,NA,NA,NA
1992,7,25,12,NA,NA,NA,NA,NA
1992,7,25,15,NA,NA,NA,NA,NA
1992,7,25,18,NA,NA,NA,NA,NA
1992,7,25,21,NA,NA,NA,NA,NA
1992,7,26,0,NA,NA,NA,NA,NA
1992,7,26,3,NA,NA,NA,NA,NA
1992,7,26,6,NA,NA,NA,NA,NA
1992,7,26,9,NA,NA,NA,NA,NA
1992,7,26,12,NA,NA,NA,NA,NA
1992,7,26,15,NA,NA,NA,NA,NA
1992,7,26,18,NA,NA,NA,NA,NA
1992,7,26,21,NA,NA,NA,NA,NA
1992,7,27,0,NA,NA,NA,NA,NA
1992,7,27,3,NA,NA,NA,NA,NA
1992,7,27,6,NA,NA,NA,NA,NA
1992,7,27,9,NA,NA,NA,NA,NA
1992,7,27,12,NA,NA,NA,NA,NA
1992,7,27,15,NA,NA,NA,NA,NA
1992,7,27,18,NA,NA,NA,NA,NA
1992,7,27,21,NA,NA,NA,NA,NA
1992,7,28,0,NA,NA,NA,NA,NA
1992,7,28,3,NA,NA,NA,NA,NA
1992,7,28,6,NA,NA,NA,NA,NA
1992,7,28,9,NA,NA,NA,NA,NA
1992,7,28,12,NA,NA,NA,NA,NA
1992,7,28,15,NA,NA,NA,NA,NA
1992,7,28,18,NA,NA,NA,NA,NA
1992,7,28,21,NA,NA,NA,NA,NA
1992,7,29,0,NA,NA,NA,NA,NA
1992,7,29,3,NA,NA,NA,NA,NA
1992,7,29,6,NA,NA,NA,NA,NA
1992,7,29,9,NA,NA,NA,NA,NA
1992,7,29,12,NA,NA,NA,NA,NA
1992,7,29,15,NA,NA,NA,NA,NA
1992,7,29,18,NA,NA,NA,NA,NA
1992,7,29,21,NA,NA,NA,NA,NA
1992,7,30,0,NA,NA,NA,NA,NA
1992,7,30,3,NA,NA,NA,NA,NA
1992,7,30,6,NA,NA,NA,NA,NA
1992,7,30,9,NA,NA,NA,NA,NA
1992,7,30,12,NA,NA,NA,NA,NA
1992,7,30,15,NA,NA,NA,NA,NA
1992,7,30,18,NA,NA,NA,NA,NA
1992,7,30,21,NA,NA,NA,NA,NA
1992,7,31,0,NA,NA,NA,NA,NA
1992,7,31,3,NA,NA,NA,NA,NA
1992,7,31,6,NA,NA,NA,NA,NA
1992,7,31,9,NA,NA,NA,NA,NA
1992,7,31,12,NA,NA,NA,NA,NA
1992,7,31,15,NA,NA,NA,NA,NA
1992,7,31,18,NA,NA,NA,NA,NA
1992,7,31,21,NA,NA,NA,NA,NA
1992,8,1,0,NA,NA,NA,NA,NA
1992,8,1,3,NA,NA,NA,NA,NA
1992,8,1,6,NA,NA,NA,NA,NA
1992,8,1,9,NA,NA,NA,NA,NA
1992,8,1,12,NA,NA,NA,NA,NA
1992,8,1,15,NA,NA,NA,NA,NA
1992,8,1,18,NA,NA,NA,NA,NA
1992,8,1,21,NA,NA,NA,NA,NA
1992,8,2,0,NA,NA,NA,NA,NA
1992,8,2,3,NA,NA,NA,NA,NA
1992,8,2,6,NA,NA,NA,NA,NA
1992,8,2,9,NA,NA,NA,NA,NA
1992,8,2,12,NA,NA,NA,NA,NA
1992,8,2,15,NA,NA,NA,NA,NA
1992,8,2,18,NA,NA,NA,NA,NA
1992,8,2,21,NA,NA,NA,NA,NA
1992,8,3,0,NA,NA,NA,NA,NA
1992,8,3,3,NA,NA,NA,NA,NA
1992,8,3,6,NA,NA,NA,NA,NA
1992,8,3,9,NA,NA,NA,NA,NA
1992,8,3,12,NA,NA,NA,NA,NA
1992,8,3,15,NA,NA,NA,NA,NA
1992,8,3,18,NA,NA,NA,NA,NA
1992,8,3,21,NA,NA,NA,NA,NA
1992,8,4,0,NA,NA,NA,NA,NA
1992,8,4,3,NA,NA,NA,NA,NA
1992,8,4,6,NA,NA,NA,NA,NA
1992,8,4,9,NA,NA,NA,NA,NA
1992,8,4,12,NA,NA,NA,NA,NA
1992,8,4,15,NA,NA,NA,NA,NA
1992,8,4,18,NA,NA,NA,NA,NA
1992,8,4,21,NA,NA,NA,NA,NA
1992,8,5,0,NA,NA,NA,NA,NA
1992,8,5,3,NA,NA,NA,NA,NA
1992,8,5,6,NA,NA,NA,NA,NA
1992,8,5,9,NA,NA,NA,NA,NA
1992,8,5,12,NA,NA,NA,NA,NA
1992,8,5,15,NA,NA,NA,NA,NA
1992,8,5,18,NA,NA,NA,NA,NA
1992,8,5,21,NA,NA,NA,NA,NA
1992,8,6,0,NA,NA,NA,NA,NA
1992,8,6,3,NA,NA,NA,NA,NA
1992,8,6,6,NA,NA,NA,NA,NA
1992,8,6,9,NA,NA,NA,NA,NA
1992,8,6,12,NA,NA,NA,NA,NA
1992,8,6,15,NA,NA,NA,NA,NA
1992,8,6,18,NA,NA,NA,NA,NA
1992,8,6,21,NA,NA,NA,NA,NA
1992,8,7,0,NA,NA,NA,NA,NA
1992,8,7,3,NA,NA,NA,NA,NA
1992,8,7,6,NA,NA,NA,NA,NA
1992,8,7,9,NA,NA,NA,NA,NA
1992,8,7,12,NA,NA,NA,NA,NA
1992,8,7,15,NA,NA,NA,NA,NA
1992,8,7,18,NA,NA,NA,NA,NA
1992,8,7,21,NA,NA,NA,NA,NA
1992,8,8,0,NA,NA,NA,NA,NA
1992,8,8,3,NA,NA,NA,NA,NA
1992,8,8,6,NA,NA,NA,NA,NA
1992,8,8,9,NA,NA,NA,NA,NA
1992,8,8,12,NA,NA,NA,NA,NA
1992,8,8,15,NA,NA,NA,NA,NA
1992,8,8,18,NA,NA,NA,NA,NA
1992,8,8,21,NA,NA,NA,NA,NA
1992,8,9,0,NA,NA,NA,NA,NA
1992,8,9,3,NA,NA,NA,NA,NA
1992,8,9,6,NA,NA,NA,NA,NA
1992,8,9,9,NA,NA,NA,NA,NA
1992,8,9,12,NA,NA,NA,NA,NA
1992,8,9,15,NA,NA,NA,NA,NA
1992,8,9,18,NA,NA,NA,NA,NA
1992,8,9,21,NA,NA,NA,NA,NA
1992,8,10,0,NA,NA,NA,NA,NA
1992,8,10,3,NA,NA,NA,NA,NA
1992,8,10,6,NA,NA,NA,NA,NA
1992,8,10,9,NA,NA,NA,NA,NA
1992,8,10,12,NA,NA,NA,NA,NA
1992,8,10,15,NA,NA,NA,NA,NA
1992,8,10,18,NA,NA,NA,NA,NA
1992,8,10,21,NA,NA,NA,NA,NA
1992,8,11,0,NA,NA,NA,NA,NA
1992,8,11,3,NA,NA,NA,NA,NA
1992,8,11,6,NA,NA,NA,NA,NA
1992,8,11,9,NA,NA,NA,NA,NA
1992,8,11,12,NA,NA,NA,NA,NA
1992,8,11,15,NA,NA,NA,NA,NA
1992,8,11,18,NA,NA,NA,NA,NA
1992,8,11,21,NA,NA,NA,NA,NA
1992,8,12,0,NA,NA,NA,NA,NA
1992,8,12,3,NA,NA,NA,NA,NA
1992,8,12,6,NA,NA,NA,NA,NA
1992,8,12,9,NA,NA,NA,NA,NA
1992,8,12,12,NA,NA,NA,NA,NA
1992,8,12,15,NA,NA,NA,NA,NA
1992,8,12,18,NA,NA,NA,NA,NA
1992,8,12,21,NA,NA,NA,NA,NA
1992,8,13,0,NA,NA,NA,NA,NA
1992,8,13,3,NA,NA,NA,NA,NA
1992,8,13,6,NA,NA,NA,NA,NA
1992,8,13,9,NA,NA,NA,NA,NA
1992,8,13,12,NA,NA,NA,NA,NA
1992,8,13,15,NA,NA,NA,NA,NA
1992,8,13,18,NA,NA,NA,NA,NA
1992,8,13,21,NA,NA,NA,NA,NA
1992,8,14,0,NA,NA,NA,NA,NA
1992,8,14,3,NA,NA,NA,NA,NA
1992,8,14,6,NA,NA,NA,NA,NA
1992,8,14,9,NA,NA,NA,NA,NA
1992,8,14,12,NA,NA,NA,NA,NA
1992,8,14,15,NA,NA,NA,NA,NA
1992,8,14,18,NA,NA,NA,NA,NA
1992,8,14,21,NA,NA,NA,NA,NA
1992,8,15,0,NA,NA,NA,NA,NA
1992,8,15,3,NA,NA,NA,NA,NA
1992,8,15,6,NA,NA,NA,NA,NA
1992,8,15,9,NA,NA,NA,NA,NA
1992,8,15,12,NA,NA,NA,NA,NA
1992,8,15,15,NA,NA,NA,NA,NA
1992,8,15,18,NA,NA,NA,NA,NA
1992,8,15,21,NA,NA,NA,NA,NA
1992,8,16,0,NA,NA,NA,NA,NA
1992,8,16,3,NA,NA,NA,NA,NA
1992,8,16,6,NA,NA,NA,NA,NA
1992,8,16,9,NA,NA,NA,NA,NA
1992,8,16,12,NA,NA,NA,NA,NA
1992,8,16,15,NA,NA,NA,NA,NA
1992,8,16,18,NA,NA,NA,NA,NA
1992,8,16,21,NA,NA,NA,NA,NA
1992,8,17,0,NA,NA,NA,NA,NA
1992,8,17,3,NA,NA,NA,NA,NA
1992,8,17,6,NA,NA,NA,NA,NA
1992,8,17,9,NA,NA,NA,NA,NA
1992,8,17,12,NA,NA,NA,NA,NA
1992,8,17,15,NA,NA,NA,NA,NA
1992,8,17,18,NA,NA,NA,NA,NA
1992,8,17,21,NA,NA,NA,NA,NA
1992,8,18,0,NA,NA,NA,NA,NA
1992,8,18,3,NA,NA,NA,NA,NA
1992,8,18,6,NA,NA,NA,NA,NA
1992,8,18,9,NA,NA,NA,NA,NA
1992,8,18,12,NA,NA,NA,NA,NA
1992,8,18,15,NA,NA,NA,NA,NA
1992,8,18,18,NA,NA,NA,NA,NA
1992,8,18,21,NA,NA,NA,NA,NA
1992,8,19,0,NA,NA,NA,NA,NA
1992,8,19,3,NA,NA,NA,NA,NA
1992,8,19,6,NA,NA,NA,NA,NA
1992,8,19,9,NA,NA,NA,NA,NA
1992,8,19,12,NA,NA,NA,NA,NA
1992,8,19,15,NA,NA,NA,NA,NA
1992,8,19,18,NA,NA,NA,NA,NA
1992,8,19,21,NA,NA,NA,NA,NA
1992,8,20,0,NA,NA,NA,NA,NA
1992,8,20,3,NA,NA,NA,NA,NA
1992,8,20,6,NA,NA,NA,NA,NA
1992,8,20,9,NA,NA,NA,NA,NA
1992,8,20,12,NA,NA,NA,NA,NA
1992,8,20,15,NA,NA,NA,NA,NA
1992,8,20,18,NA,NA,NA,NA,NA
1992,8,20,21,NA,NA,NA,NA,NA
1992,8,21,0,NA,NA,NA,NA,NA
1992,8,21,3,NA,NA,NA,NA,NA
1992,8,21,6,NA,NA,NA,NA,NA
1992,8,21,9,NA,NA,NA,NA,NA
1992,8,21,12,NA,NA,NA,NA,NA
1992,8,21,15,NA,NA,NA,NA,NA
1992,8,21,18,NA,NA,NA,NA,NA
1992,8,21,21,NA,NA,NA,NA,NA
1992,8,22,0,NA,NA,NA,NA,NA
1992,8,22,3,NA,NA,NA,NA,NA
1992,8,22,6,NA,NA,NA,NA,NA
1992,8,22,9,NA,NA,NA,NA,NA
1992,8,22,12,NA,NA,NA,NA,NA
1992,8,22,15,NA,NA,NA,NA,NA
1992,8,22,18,NA,NA,NA,NA,NA
1992,8,22,21,NA,NA,NA,NA,NA
1992,8,23,0,NA,NA,NA,NA,NA
1992,8,23,3,NA,NA,NA,NA,NA
1992,8,23,6,NA,NA,NA,NA,NA
1992,8,23,9,NA,NA,NA,NA,NA
1992,8,23,12,NA,NA,NA,NA,NA
1992,8,23,15,NA,NA,NA,NA,NA
1992,8,23,18,NA,NA,NA,NA,NA
1992,8,23,21,NA,NA,NA,NA,NA
1992,8,24,0,NA,NA,NA,NA,NA
1992,8,24,3,NA,NA,NA,NA,NA
1992,8,24,6,NA,NA,NA,NA,NA
1992,8,24,9,NA,NA,NA,NA,NA
1992,8,24,12,NA,NA,NA,NA,NA
1992,8,24,15,NA,NA,NA,NA,NA
1992,8,24,18,NA,NA,NA,NA,NA
1992,8,24,21,NA,NA,NA,NA,NA
1992,8,25,0,NA,NA,NA,NA,NA
1992,8,25,3,NA,NA,NA,NA,NA
1992,8,25,6,NA,NA,NA,NA,NA
1992,8,25,9,NA,NA,NA,NA,NA
1992,8,25,12,NA,NA,NA,NA,NA
1992,8,25,15,NA,NA,NA,NA,NA
1992,8,25,18,NA,NA,NA,NA,NA
1992,8,25,21,NA,NA,NA,NA,NA
1992,8,26,0,NA,NA,NA,NA,NA
1992,8,26,3,NA,NA,NA,NA,NA
1992,8,26,6,NA,NA,NA,NA,NA
1992,8,26,9,NA,NA,NA,NA,NA
1992,8,26,12,NA,NA,NA,NA,NA
1992,8,26,15,NA,NA,NA,NA,NA
1992,8,26,18,NA,NA,NA,NA,NA
1992,8,26,21,NA,NA,NA,NA,NA
1992,8,27,0,NA,NA,NA,NA,NA
1992,8,27,3,NA,NA,NA,NA,NA
1992,8,27,6,NA,NA,NA,NA,NA
1992,8,27,9,NA,NA,NA,NA,NA
1992,8,27,12,NA,NA,NA,NA,NA
1992,8,27,15,NA,NA,NA,NA,NA
1992,8,27,18,NA,NA,NA,NA,NA
1992,8,27,21,NA,NA,NA,NA,NA
1992,8,28,0,NA,NA,NA,NA,NA
1992,8,28,3,NA,NA,NA,NA,NA
1992,8,28,6,NA,NA,NA,NA,NA
1992,8,28,9,NA,NA,NA,NA,NA
1992,8,28,12,NA,NA,NA,NA,NA
1992,8,28,15,NA,NA,NA,NA,NA
1992,8,28,18,NA,NA,NA,NA,NA
1992,8,28,21,NA,NA,NA,NA,NA
1992,8,29,0,NA,NA,NA,NA,NA
1992,8,29,3,NA,NA,NA,NA,NA
1992,8,29,6,NA,NA,NA,NA,NA
1992,8,29,9,NA,NA,NA,NA,NA
1992,8,29,12,NA,NA,NA,NA,NA
1992,8,29,15,NA,NA,NA,NA,NA
1992,8,29,18,NA,NA,NA,NA,NA
1992,8,29,21,NA,NA,NA,NA,NA
1992,8,30,0,NA,NA,NA,NA,NA
1992,8,30,3,NA,NA,NA,NA,NA
1992,8,30,6,NA,NA,NA,NA,NA
1992,8,30,9,NA,NA,NA,NA,NA
1992,8,30,12,NA,NA,NA,NA,NA
1992,8,30,15,NA,NA,NA,NA,NA
1992,8,30,18,NA,NA,NA,NA,NA
1992,8,30,21,NA,NA,NA,NA,NA
1992,8,31,0,NA,NA,NA,NA,NA
1992,8,31,3,NA,NA,NA,NA,NA
1992,8,31,6,NA,NA,NA,NA,NA
1992,8,31,9,NA,NA,NA,NA,NA
1992,8,31,12,NA,NA,NA,NA,NA
1992,8,31,15,NA,NA,NA,NA,NA
1992,8,31,18,NA,NA,NA,NA,NA
1992,8,31,21,NA,NA,NA,NA,NA
1992,9,1,0,NA,NA,NA,NA,NA
1992,9,1,3,NA,NA,NA,NA,NA
1992,9,1,6,NA,NA,NA,NA,NA
1992,9,1,9,NA,NA,NA,NA,NA
1992,9,1,12,NA,NA,NA,NA,NA
1992,9,1,15,NA,NA,NA,NA,NA
1992,9,1,18,NA,NA,NA,NA,NA
1992,9,1,21,NA,NA,NA,NA,NA
1992,9,2,0,NA,NA,NA,NA,NA
1992,9,2,3,NA,NA,NA,NA,NA
1992,9,2,6,NA,NA,NA,NA,NA
1992,9,2,9,NA,NA,NA,NA,NA
1992,9,2,12,NA,NA,NA,NA,NA
1992,9,2,15,NA,NA,NA,NA,NA
1992,9,2,18,NA,NA,NA,NA,NA
1992,9,2,21,NA,NA,NA,NA,NA
1992,9,3,0,NA,NA,NA,NA,NA
1992,9,3,3,NA,NA,NA,NA,NA
1992,9,3,6,NA,NA,NA,NA,NA
1992,9,3,9,NA,NA,NA,NA,NA
1992,9,3,12,NA,NA,NA,NA,NA
1992,9,3,15,NA,NA,NA,NA,NA
1992,9,3,18,NA,NA,NA,NA,NA
1992,9,3,21,NA,NA,NA,NA,NA
1992,9,4,0,NA,NA,NA,NA,NA
1992,9,4,3,NA,NA,NA,NA,NA
1992,9,4,6,NA,NA,NA,NA,NA
1992,9,4,9,NA,NA,NA,NA,NA
1992,9,4,12,NA,NA,NA,NA,NA
1992,9,4,15,NA,NA,NA,NA,NA
1992,9,4,18,NA,NA,NA,NA,NA
1992,9,4,21,NA,NA,NA,NA,NA
1992,9,5,0,NA,NA,NA,NA,NA
1992,9,5,3,NA,NA,NA,NA,NA
1992,9,5,6,NA,NA,NA,NA,NA
1992,9,5,9,NA,NA,NA,NA,NA
1992,9,5,12,NA,NA,NA,NA,NA
1992,9,5,15,NA,NA,NA,NA,NA
1992,9,5,18,NA,NA,NA,NA,NA
1992,9,5,21,NA,NA,NA,NA,NA
1992,9,6,0,NA,NA,NA,NA,NA
1992,9,6,3,NA,NA,NA,NA,NA
1992,9,6,6,NA,NA,NA,NA,NA
1992,9,6,9,NA,NA,NA,NA,NA
1992,9,6,12,NA,NA,NA,NA,NA
1992,9,6,15,NA,NA,NA,NA,NA
1992,9,6,18,NA,NA,NA,NA,NA
1992,9,6,21,NA,NA,NA,NA,NA
1992,9,7,0,NA,NA,NA,NA,NA
1992,9,7,3,NA,NA,NA,NA,NA
1992,9,7,6,NA,NA,NA,NA,NA
1992,9,7,9,NA,NA,NA,NA,NA
1992,9,7,12,NA,NA,NA,NA,NA
1992,9,7,15,NA,NA,NA,NA,NA
1992,9,7,18,NA,NA,NA,NA,NA
1992,9,7,21,NA,NA,NA,NA,NA
1992,9,8,0,NA,NA,NA,NA,NA
1992,9,8,3,NA,NA,NA,NA,NA
1992,9,8,6,NA,NA,NA,NA,NA
1992,9,8,9,NA,NA,NA,NA,NA
1992,9,8,12,NA,NA,NA,NA,NA
1992,9,8,15,NA,NA,NA,NA,NA
1992,9,8,18,NA,NA,NA,NA,NA
1992,9,8,21,NA,NA,NA,NA,NA
1992,9,9,0,NA,NA,NA,NA,NA
1992,9,9,3,NA,NA,NA,NA,NA
1992,9,9,6,NA,NA,NA,NA,NA
1992,9,9,9,NA,NA,NA,NA,NA
1992,9,9,12,NA,NA,NA,NA,NA
1992,9,9,15,NA,NA,NA,NA,NA
1992,9,9,18,NA,NA,NA,NA,NA
1992,9,9,21,NA,NA,NA,NA,NA
1992,9,10,0,NA,NA,NA,NA,NA
1992,9,10,3,NA,NA,NA,NA,NA
1992,9,10,6,NA,NA,NA,NA,NA
1992,9,10,9,NA,NA,NA,NA,NA
1992,9,10,12,NA,NA,NA,NA,NA
1992,9,10,15,NA,NA,NA,NA,NA
1992,9,10,18,NA,NA,NA,NA,NA
1992,9,10,21,NA,NA,NA,NA,NA
1992,9,11,0,NA,NA,NA,NA,NA
1992,9,11,3,NA,NA,NA,NA,NA
1992,9,11,6,NA,NA,NA,NA,NA
1992,9,11,9,NA,NA,NA,NA,NA
1992,9,11,12,NA,NA,NA,NA,NA
1992,9,11,15,NA,NA,NA,NA,NA
1992,9,11,18,NA,NA,NA,NA,NA
1992,9,11,21,NA,NA,NA,NA,NA
1992,9,12,0,NA,NA,NA,NA,NA
1992,9,12,3,NA,NA,NA,NA,NA
1992,9,12,6,NA,NA,NA,NA,NA
1992,9,12,9,NA,NA,NA,NA,NA
1992,9,12,12,NA,NA,NA,NA,NA
1992,9,12,15,NA,NA,NA,NA,NA
1992,9,12,18,NA,NA,NA,NA,NA
1992,9,12,21,NA,NA,NA,NA,NA
1992,9,13,0,NA,NA,NA,NA,NA
1992,9,13,3,NA,NA,NA,NA,NA
1992,9,13,6,NA,NA,NA,NA,NA
1992,9,13,9,NA,NA,NA,NA,NA
1992,9,13,12,NA,NA,NA,NA,NA
1992,9,13,15,NA,NA,NA,NA,NA
1992,9,13,18,NA,NA,NA,NA,NA
1992,9,13,21,NA,NA,NA,NA,NA
1992,9,14,0,NA,NA,NA,NA,NA
1992,9,14,3,NA,NA,NA,NA,NA
1992,9,14,6,NA,NA,NA,NA,NA
1992,9,14,9,NA,NA,NA,NA,NA
1992,9,14,12,NA,NA,NA,NA,NA
1992,9,14,15,NA,NA,NA,NA,NA
1992,9,14,18,NA,NA,NA,NA,NA
1992,9,14,21,NA,NA,NA,NA,NA
1992,9,15,0,NA,NA,NA,NA,NA
1992,9,15,3,NA,NA,NA,NA,NA
1992,9,15,6,NA,NA,NA,NA,NA
1992,9,15,9,NA,NA,NA,NA,NA
1992,9,15,12,NA,NA,NA,NA,NA
1992,9,15,15,NA,NA,NA,NA,NA
1992,9,15,18,NA,NA,NA,NA,NA
1992,9,15,21,NA,NA,NA,NA,NA
1992,9,16,0,NA,NA,NA,NA,NA
1992,9,16,3,NA,NA,NA,NA,NA
1992,9,16,6,NA,NA,NA,NA,NA
1992,9,16,9,NA,NA,NA,NA,NA
1992,9,16,12,NA,NA,NA,NA,NA
1992,9,16,15,NA,NA,NA,NA,NA
1992,9,16,18,NA,NA,NA,NA,NA
1992,9,16,21,NA,NA,NA,NA,NA
1992,9,17,0,NA,NA,NA,NA,NA
1992,9,17,3,NA,NA,NA,NA,NA
1992,9,17,6,NA,NA,NA,NA,NA
1992,9,17,9,NA,NA,NA,NA,NA
1992,9,17,12,NA,NA,NA,NA,NA
1992,9,17,15,NA,NA,NA,NA,NA
1992,9,17,18,NA,NA,NA,NA,NA
1992,9,17,21,NA,NA,NA,NA,NA
1992,9,18,0,NA,NA,NA,NA,NA
1992,9,18,3,NA,NA,NA,NA,NA
1992,9,18,6,NA,NA,NA,NA,NA
1992,9,18,9,NA,NA,NA,NA,NA
1992,9,18,12,NA,NA,NA,NA,NA
1992,9,18,15,NA,NA,NA,NA,NA
1992,9,18,18,NA,NA,NA,NA,NA
1992,9,18,21,NA,NA,NA,NA,NA
1992,9,19,0,NA,NA,NA,NA,NA
1992,9,19,3,NA,NA,NA,NA,NA
1992,9,19,6,NA,NA,NA,NA,NA
1992,9,19,9,NA,NA,NA,NA,NA
1992,9,19,12,NA,NA,NA,NA,NA
1992,9,19,15,NA,NA,NA,NA,NA
1992,9,19,18,NA,NA,NA,NA,NA
1992,9,19,21,NA,NA,NA,NA,NA
1992,9,20,0,NA,NA,NA,NA,NA
1992,9,20,3,NA,NA,NA,NA,NA
1992,9,20,6,NA,NA,NA,NA,NA
1992,9,20,9,NA,NA,NA,NA,NA
1992,9,20,12,NA,NA,NA,NA,NA
1992,9,20,15,NA,NA,NA,NA,NA
1992,9,20,18,NA,NA,NA,NA,NA
1992,9,20,21,NA,NA,NA,NA,NA
1992,9,21,0,NA,NA,NA,NA,NA
1992,9,21,3,NA,NA,NA,NA,NA
1992,9,21,6,NA,NA,NA,NA,NA
1992,9,21,9,NA,NA,NA,NA,NA
1992,9,21,12,NA,NA,NA,NA,NA
1992,9,21,15,NA,NA,NA,NA,NA
1992,9,21,18,NA,NA,NA,NA,NA
1992,9,21,21,NA,NA,NA,NA,NA
1992,9,22,0,NA,NA,NA,NA,NA
1992,9,22,3,NA,NA,NA,NA,NA
1992,9,22,6,NA,NA,NA,NA,NA
1992,9,22,9,NA,NA,NA,NA,NA
1992,9,22,12,NA,NA,NA,NA,NA
1992,9,22,15,NA,NA,NA,NA,NA
1992,9,22,18,NA,NA,NA,NA,NA
1992,9,22,21,NA,NA,NA,NA,NA
1992,9,23,0,NA,NA,NA,NA,NA
1992,9,23,3,NA,NA,NA,NA,NA
1992,9,23,6,NA,NA,NA,NA,NA
1992,9,23,9,NA,NA,NA,NA,NA
1992,9,23,12,NA,NA,NA,NA,NA
1992,9,23,15,NA,NA,NA,NA,NA
1992,9,23,18,NA,NA,NA,NA,NA
1992,9,23,21,NA,NA,NA,NA,NA
1992,9,24,0,NA,NA,NA,NA,NA
1992,9,24,3,NA,NA,NA,NA,NA
1992,9,24,6,NA,NA,NA,NA,NA
1992,9,24,9,NA,NA,NA,NA,NA
1992,9,24,12,NA,NA,NA,NA,NA
1992,9,24,15,NA,NA,NA,NA,NA
1992,9,24,18,NA,NA,NA,NA,NA
1992,9,24,21,NA,NA,NA,NA,NA
1992,9,25,0,NA,NA,NA,NA,NA
1992,9,25,3,NA,NA,NA,NA,NA
1992,9,25,6,NA,NA,NA,NA,NA
1992,9,25,9,NA,NA,NA,NA,NA
1992,9,25,12,NA,NA,NA,NA,NA
1992,9,25,15,NA,NA,NA,NA,NA
1992,9,25,18,NA,NA,NA,NA,NA
1992,9,25,21,NA,NA,NA,NA,NA
1992,9,26,0,NA,NA,NA,NA,NA
1992,9,26,3,NA,NA,NA,NA,NA
1992,9,26,6,NA,NA,NA,NA,NA
1992,9,26,9,NA,NA,NA,NA,NA
1992,9,26,12,NA,NA,NA,NA,NA
1992,9,26,15,NA,NA,NA,NA,NA
1992,9,26,18,NA,NA,NA,NA,NA
1992,9,26,21,NA,NA,NA,NA,NA
1992,9,27,0,NA,NA,NA,NA,NA
1992,9,27,3,NA,NA,NA,NA,NA
1992,9,27,6,NA,NA,NA,NA,NA
1992,9,27,9,NA,NA,NA,NA,NA
1992,9,27,12,NA,NA,NA,NA,NA
1992,9,27,15,NA,NA,NA,NA,NA
1992,9,27,18,NA,NA,NA,NA,NA
1992,9,27,21,NA,NA,NA,NA,NA
1992,9,28,0,NA,NA,NA,NA,NA
1992,9,28,3,NA,NA,NA,NA,NA
1992,9,28,6,NA,NA,NA,NA,NA
1992,9,28,9,NA,NA,NA,NA,NA
1992,9,28,12,NA,NA,NA,NA,NA
1992,9,28,15,NA,NA,NA,NA,NA
1992,9,28,18,NA,NA,NA,NA,NA
1992,9,28,21,NA,NA,NA,NA,NA
1992,9,29,0,NA,NA,NA,NA,NA
1992,9,29,3,NA,NA,NA,NA,NA
1992,9,29,6,NA,NA,NA,NA,NA
1992,9,29,9,NA,NA,NA,NA,NA
1992,9,29,12,NA,NA,NA,NA,NA
1992,9,29,15,NA,NA,NA,NA,NA
1992,9,29,18,NA,NA,NA,NA,NA
1992,9,29,21,NA,NA,NA,NA,NA
1992,9,30,0,NA,NA,NA,NA,NA
1992,9,30,3,NA,NA,NA,NA,NA
1992,9,30,6,NA,NA,NA,NA,NA
1992,9,30,9,NA,NA,NA,NA,NA
1992,9,30,12,NA,NA,NA,NA,NA
1992,9,30,15,NA,NA,NA,NA,NA
1992,9,30,18,NA,NA,NA,NA,NA
1992,9,30,21,NA,NA,NA,NA,NA
1992,10,1,0,NA,NA,NA,NA,NA
1992,10,1,3,NA,NA,NA,NA,NA
1992,10,1,6,NA,NA,NA,NA,NA
1992,10,1,9,NA,NA,NA,NA,NA
1992,10,1,12,NA,NA,NA,NA,NA
1992,10,1,15,NA,NA,NA,NA,NA
1992,10,1,18,NA,NA,NA,NA,NA
1992,10,1,21,NA,NA,NA,NA,NA
1992,10,2,0,NA,NA,NA,NA,NA
1992,10,2,3,NA,NA,NA,NA,NA
1992,10,2,6,NA,NA,NA,NA,NA
1992,10,2,9,NA,NA,NA,NA,NA
1992,10,2,12,NA,NA,NA,NA,NA
1992,10,2,15,NA,NA,NA,NA,NA
1992,10,2,18,NA,NA,NA,NA,NA
1992,10,2,21,NA,NA,NA,NA,NA
1992,10,3,0,NA,NA,NA,NA,NA
1992,10,3,3,NA,NA,NA,NA,NA
1992,10,3,6,NA,NA,NA,NA,NA
1992,10,3,9,NA,NA,NA,NA,NA
1992,10,3,12,NA,NA,NA,NA,NA
1992,10,3,15,NA,NA,NA,NA,NA
1992,10,3,18,NA,NA,NA,NA,NA
1992,10,3,21,NA,NA,NA,NA,NA
1992,10,4,0,NA,NA,NA,NA,NA
1992,10,4,3,NA,NA,NA,NA,NA
1992,10,4,6,NA,NA,NA,NA,NA
1992,10,4,9,NA,NA,NA,NA,NA
1992,10,4,12,NA,NA,NA,NA,NA
1992,10,4,15,NA,NA,NA,NA,NA
1992,10,4,18,NA,NA,NA,NA,NA
1992,10,4,21,NA,NA,NA,NA,NA
1992,10,5,0,NA,NA,NA,NA,NA
1992,10,5,3,NA,NA,NA,NA,NA
1992,10,5,6,NA,NA,NA,NA,NA
1992,10,5,9,NA,NA,NA,NA,NA
1992,10,5,12,NA,NA,NA,NA,NA
1992,10,5,15,NA,NA,NA,NA,NA
1992,10,5,18,NA,NA,NA,NA,NA
1992,10,5,21,NA,NA,NA,NA,NA
1992,10,6,0,NA,NA,NA,NA,NA
1992,10,6,3,NA,NA,NA,NA,NA
1992,10,6,6,NA,NA,NA,NA,NA
1992,10,6,9,NA,NA,NA,NA,NA
1992,10,6,12,NA,NA,NA,NA,NA
1992,10,6,15,NA,NA,NA,NA,NA
1992,10,6,18,NA,NA,NA,NA,NA
1992,10,6,21,NA,NA,NA,NA,NA
1992,10,7,0,NA,NA,NA,NA,NA
1992,10,7,3,NA,NA,NA,NA,NA
1992,10,7,6,NA,NA,NA,NA,NA
1992,10,7,9,NA,NA,NA,NA,NA
1992,10,7,12,NA,NA,NA,NA,NA
1992,10,7,15,NA,NA,NA,NA,NA
1992,10,7,18,NA,NA,NA,NA,NA
1992,10,7,21,NA,NA,NA,NA,NA
1992,10,8,0,NA,NA,NA,NA,NA
1992,10,8,3,NA,NA,NA,NA,NA
1992,10,8,6,NA,NA,NA,NA,NA
1992,10,8,9,NA,NA,NA,NA,NA
1992,10,8,12,NA,NA,NA,NA,NA
1992,10,8,15,NA,NA,NA,NA,NA
1992,10,8,18,NA,NA,NA,NA,NA
1992,10,8,21,NA,NA,NA,NA,NA
1992,10,9,0,NA,NA,NA,NA,NA
1992,10,9,3,NA,NA,NA,NA,NA
1992,10,9,6,NA,NA,NA,NA,NA
1992,10,9,9,NA,NA,NA,NA,NA
1992,10,9,12,NA,NA,NA,NA,NA
1992,10,9,15,NA,NA,NA,NA,NA
1992,10,9,18,NA,NA,NA,NA,NA
1992,10,9,21,NA,NA,NA,NA,NA
1992,10,10,0,NA,NA,NA,NA,NA
1992,10,10,3,NA,NA,NA,NA,NA
1992,10,10,6,NA,NA,NA,NA,NA
1992,10,10,9,NA,NA,NA,NA,NA
1992,10,10,12,NA,NA,NA,NA,NA
1992,10,10,15,NA,NA,NA,NA,NA
1992,10,10,18,NA,NA,NA,NA,NA
1992,10,10,21,NA,NA,NA,NA,NA
1992,10,11,0,NA,NA,NA,NA,NA
1992,10,11,3,NA,NA,NA,NA,NA
1992,10,11,6,NA,NA,NA,NA,NA
1992,10,11,9,NA,NA,NA,NA,NA
1992,10,11,12,NA,NA,NA,NA,NA
1992,10,11,15,NA,NA,NA,NA,NA
1992,10,11,18,NA,NA,NA,NA,NA
1992,10,11,21,NA,NA,NA,NA,NA
1992,10,12,0,NA,NA,NA,NA,NA
1992,10,12,3,NA,NA,NA,NA,NA
1992,10,12,6,NA,NA,NA,NA,NA
1992,10,12,9,NA,NA,NA,NA,NA
1992,10,12,12,NA,NA,NA,NA,NA
1992,10,12,15,NA,NA,NA,NA,NA
1992,10,12,18,NA,NA,NA,NA,NA
1992,10,12,21,NA,NA,NA,NA,NA
1992,10,13,0,NA,NA,NA,NA,NA
1992,10,13,3,NA,NA,NA,NA,NA
1992,10,13,6,NA,NA,NA,NA,NA
1992,10,13,9,NA,NA,NA,NA,NA
1992,10,13,12,NA,NA,NA,NA,NA
1992,10,13,15,NA,NA,NA,NA,NA
1992,10,13,18,NA,NA,NA,NA,NA
1992,10,13,21,NA,NA,NA,NA,NA
1992,10,14,0,NA,NA,NA,NA,NA
1992,10,14,3,NA,NA,NA,NA,NA
1992,10,14,6,NA,NA,NA,NA,NA
1992,10,14,9,NA,NA,NA,NA,NA
1992,10,14,12,NA,NA,NA,NA,NA
1992,10,14,15,NA,NA,NA,NA,NA
1992,10,14,18,NA,NA,NA,NA,NA
1992,10,14,21,NA,NA,NA,NA,NA
1992,10,15,0,NA,NA,NA,NA,NA
1992,10,15,3,NA,NA,NA,NA,NA
1992,10,15,6,NA,NA,NA,NA,NA
1992,10,15,9,NA,NA,NA,NA,NA
1992,10,15,12,NA,NA,NA,NA,NA
1992,10,15,15,NA,NA,NA,NA,NA
1992,10,15,18,NA,NA,NA,NA,NA
1992,10,15,21,NA,NA,NA,NA,NA
1992,10,16,0,NA,NA,NA,NA,NA
1992,10,16,3,NA,NA,NA,NA,NA
1992,10,16,6,NA,NA,NA,NA,NA
1992,10,16,9,NA,NA,NA,NA,NA
1992,10,16,12,NA,NA,NA,NA,NA
1992,10,16,15,NA,NA,NA,NA,NA
1992,10,16,18,NA,NA,NA,NA,NA
1992,10,16,21,NA,NA,NA,NA,NA
1992,10,17,0,NA,NA,NA,NA,NA
1992,10,17,3,NA,NA,NA,NA,NA
1992,10,17,6,NA,NA,NA,NA,NA
1992,10,17,9,NA,NA,NA,NA,NA
1992,10,17,12,NA,NA,NA,NA,NA
1992,10,17,15,NA,NA,NA,NA,NA
1992,10,17,18,NA,NA,NA,NA,NA
1992,10,17,21,NA,NA,NA,NA,NA
1992,10,18,0,NA,NA,NA,NA,NA
1992,10,18,3,NA,NA,NA,NA,NA
1992,10,18,6,NA,NA,NA,NA,NA
1992,10,18,9,NA,NA,NA,NA,NA
1992,10,18,12,NA,NA,NA,NA,NA
1992,10,18,15,NA,NA,NA,NA,NA
1992,10,18,18,NA,NA,NA,NA,NA
1992,10,18,21,NA,NA,NA,NA,NA
1992,10,19,0,NA,NA,NA,NA,NA
1992,10,19,3,NA,NA,NA,NA,NA
1992,10,19,6,NA,NA,NA,NA,NA
1992,10,19,9,NA,NA,NA,NA,NA
1992,10,19,12,NA,NA,NA,NA,NA
1992,10,19,15,NA,NA,NA,NA,NA
1992,10,19,18,NA,NA,NA,NA,NA
1992,10,19,21,NA,NA,NA,NA,NA
1992,10,20,0,NA,NA,NA,NA,NA
1992,10,20,3,NA,NA,NA,NA,NA
1992,10,20,6,NA,NA,NA,NA,NA
1992,10,20,9,NA,NA,NA,NA,NA
1992,10,20,12,NA,NA,NA,NA,NA
1992,10,20,15,NA,NA,NA,NA,NA
1992,10,20,18,NA,NA,NA,NA,NA
1992,10,20,21,NA,NA,NA,NA,NA
1992,10,21,0,NA,NA,NA,NA,NA
1992,10,21,3,NA,NA,NA,NA,NA
1992,10,21,6,NA,NA,NA,NA,NA
1992,10,21,9,NA,NA,NA,NA,NA
1992,10,21,12,NA,NA,NA,NA,NA
1992,10,21,15,NA,NA,NA,NA,NA
1992,10,21,18,NA,NA,NA,NA,NA
1992,10,21,21,NA,NA,NA,NA,NA
1992,10,22,0,NA,NA,NA,NA,NA
1992,10,22,3,NA,NA,NA,NA,NA
1992,10,22,6,NA,NA,NA,NA,NA
1992,10,22,9,NA,NA,NA,NA,NA
1992,10,22,12,NA,NA,NA,NA,NA
1992,10,22,15,NA,NA,NA,NA,NA
1992,10,22,18,NA,NA,NA,NA,NA
1992,10,22,21,NA,NA,NA,NA,NA
1992,10,23,0,NA,NA,NA,NA,NA
1992,10,23,3,NA,NA,NA,NA,NA
1992,10,23,6,NA,NA,NA,NA,NA
1992,10,23,9,NA,NA,NA,NA,NA
1992,10,23,12,NA,NA,NA,NA,NA
1992,10,23,15,NA,NA,NA,NA,NA
1992,10,23,18,NA,NA,NA,NA,NA
1992,10,23,21,NA,NA,NA,NA,NA
1992,10,24,0,NA,NA,NA,NA,NA
1992,10,24,3,NA,NA,NA,NA,NA
1992,10,24,6,NA,NA,NA,NA,NA
1992,10,24,9,NA,NA,NA,NA,NA
1992,10,24,12,NA,NA,NA,NA,NA
1992,10,24,15,NA,NA,NA,NA,NA
1992,10,24,18,NA,NA,NA,NA,NA
1992,10,24,21,NA,NA,NA,NA,NA
1992,10,25,0,NA,NA,NA,NA,NA
1992,10,25,3,NA,NA,NA,NA,NA
1992,10,25,6,NA,NA,NA,NA,NA
1992,10,25,9,NA,NA,NA,NA,NA
1992,10,25,12,NA,NA,NA,NA,NA
1992,10,25,15,NA,NA,NA,NA,NA
1992,10,25,18,NA,NA,NA,NA,NA
1992,10,25,21,NA,NA,NA,NA,NA
1992,10,26,0,NA,NA,NA,NA,NA
1992,10,26,3,NA,NA,NA,NA,NA
1992,10,26,6,NA,NA,NA,NA,NA
1992,10,26,9,NA,NA,NA,NA,NA
1992,10,26,12,NA,NA,NA,NA,NA
1992,10,26,15,NA,NA,NA,NA,NA
1992,10,26,18,NA,NA,NA,NA,NA
1992,10,26,21,NA,NA,NA,NA,NA
1992,10,27,0,NA,NA,NA,NA,NA
1992,10,27,3,NA,NA,NA,NA,NA
1992,10,27,6,NA,NA,NA,NA,NA
1992,10,27,9,NA,NA,NA,NA,NA
1992,10,27,12,NA,NA,NA,NA,NA
1992,10,27,15,NA,NA,NA,NA,NA
1992,10,27,18,NA,NA,NA,NA,NA
1992,10,27,21,NA,NA,NA,NA,NA
1992,10,28,0,NA,NA,NA,NA,NA
1992,10,28,3,NA,NA,NA,NA,NA
1992,10,28,6,NA,NA,NA,NA,NA
1992,10,28,9,NA,NA,NA,NA,NA
1992,10,28,12,NA,NA,NA,NA,NA
1992,10,28,15,NA,NA,NA,NA,NA
1992,10,28,18,NA,NA,NA,NA,NA
1992,10,28,21,NA,NA,NA,NA,NA
1992,10,29,0,NA,NA,NA,NA,NA
1992,10,29,3,NA,NA,NA,NA,NA
1992,10,29,6,NA,NA,NA,NA,NA
1992,10,29,9,NA,NA,NA,NA,NA
1992,10,29,12,NA,NA,NA,NA,NA
1992,10,29,15,NA,NA,NA,NA,NA
1992,10,29,18,NA,NA,NA,NA,NA
1992,10,29,21,NA,NA,NA,NA,NA
1992,10,30,0,NA,NA,NA,NA,NA
1992,10,30,3,NA,NA,NA,NA,NA
1992,10,30,6,NA,NA,NA,NA,NA
1992,10,30,9,NA,NA,NA,NA,NA
1992,10,30,12,NA,NA,NA,NA,NA
1992,10,30,15,NA,NA,NA,NA,NA
1992,10,30,18,NA,NA,NA,NA,NA
1992,10,30,21,NA,NA,NA,NA,NA
1992,10,31,0,NA,NA,NA,NA,NA
1992,10,31,3,NA,NA,NA,NA,NA
1992,10,31,6,NA,NA,NA,NA,NA
1992,10,31,9,NA,NA,NA,NA,NA
1992,10,31,12,NA,NA,NA,NA,NA
1992,10,31,15,NA,NA,NA,NA,NA
1992,10,31,18,NA,NA,NA,NA,NA
1992,10,31,21,NA,NA,NA,NA,NA
1992,11,1,0,NA,NA,NA,NA,NA
1992,11,1,3,NA,NA,NA,NA,NA
1992,11,1,6,NA,NA,NA,NA,NA
1992,11,1,9,NA,NA,NA,NA,NA
1992,11,1,12,NA,NA,NA,NA,NA
1992,11,1,15,NA,NA,NA,NA,NA
1992,11,1,18,NA,NA,NA,NA,NA
1992,11,1,21,NA,NA,NA,NA,NA
1992,11,2,0,NA,NA,NA,NA,NA
1992,11,2,3,NA,NA,NA,NA,NA
1992,11,2,6,NA,NA,NA,NA,NA
1992,11,2,9,NA,NA,NA,NA,NA
1992,11,2,12,NA,NA,NA,NA,NA
1992,11,2,15,NA,NA,NA,NA,NA
1992,11,2,18,NA,NA,NA,NA,NA
1992,11,2,21,NA,NA,NA,NA,NA
1992,11,3,0,NA,NA,NA,NA,NA
1992,11,3,3,NA,NA,NA,NA,NA
1992,11,3,6,NA,NA,NA,NA,NA
1992,11,3,9,NA,NA,NA,NA,NA
1992,11,3,12,NA,NA,NA,NA,NA
1992,11,3,15,NA,NA,NA,NA,NA
1992,11,3,18,NA,NA,NA,NA,NA
1992,11,3,21,NA,NA,NA,NA,NA
1992,11,4,0,NA,NA,NA,NA,NA
1992,11,4,3,NA,NA,NA,NA,NA
1992,11,4,6,NA,NA,NA,NA,NA
1992,11,4,9,NA,NA,NA,NA,NA
1992,11,4,12,NA,NA,NA,NA,NA
1992,11,4,15,NA,NA,NA,NA,NA
1992,11,4,18,NA,NA,NA,NA,NA
1992,11,4,21,NA,NA,NA,NA,NA
1992,11,5,0,NA,NA,NA,NA,NA
1992,11,5,3,NA,NA,NA,NA,NA
1992,11,5,6,NA,NA,NA,NA,NA
1992,11,5,9,NA,NA,NA,NA,NA
1992,11,5,12,NA,NA,NA,NA,NA
1992,11,5,15,NA,NA,NA,NA,NA
1992,11,5,18,NA,NA,NA,NA,NA
1992,11,5,21,NA,NA,NA,NA,NA
1992,11,6,0,NA,NA,NA,NA,NA
1992,11,6,3,NA,NA,NA,NA,NA
1992,11,6,6,NA,NA,NA,NA,NA
1992,11,6,9,NA,NA,NA,NA,NA
1992,11,6,12,NA,NA,NA,NA,NA
1992,11,6,15,NA,NA,NA,NA,NA
1992,11,6,18,NA,NA,NA,NA,NA
1992,11,6,21,NA,NA,NA,NA,NA
1992,11,7,0,NA,NA,NA,NA,NA
1992,11,7,3,NA,NA,NA,NA,NA
1992,11,7,6,NA,NA,NA,NA,NA
1992,11,7,9,NA,NA,NA,NA,NA
1992,11,7,12,NA,NA,NA,NA,NA
1992,11,7,15,NA,NA,NA,NA,NA
1992,11,7,18,NA,NA,NA,NA,NA
1992,11,7,21,NA,NA,NA,NA,NA
1992,11,8,0,NA,NA,NA,NA,NA
1992,11,8,3,NA,NA,NA,NA,NA
1992,11,8,6,NA,NA,NA,NA,NA
1992,11,8,9,NA,NA,NA,NA,NA
1992,11,8,12,NA,NA,NA,NA,NA
1992,11,8,15,NA,NA,NA,NA,NA
1992,11,8,18,NA,NA,NA,NA,NA
1992,11,8,21,NA,NA,NA,NA,NA
1992,11,9,0,NA,NA,NA,NA,NA
1992,11,9,3,NA,NA,NA,NA,NA
1992,11,9,6,NA,NA,NA,NA,NA
1992,11,9,9,NA,NA,NA,NA,NA
1992,11,9,12,NA,NA,NA,NA,NA
1992,11,9,15,NA,NA,NA,NA,NA
1992,11,9,18,NA,NA,NA,NA,NA
1992,11,9,21,NA,NA,NA,NA,NA
1992,11,10,0,NA,NA,NA,NA,NA
1992,11,10,3,NA,NA,NA,NA,NA
1992,11,10,6,NA,NA,NA,NA,NA
1992,11,10,9,NA,NA,NA,NA,NA
1992,11,10,12,NA,NA,NA,NA,NA
1992,11,10,15,NA,NA,NA,NA,NA
1992,11,10,18,NA,NA,NA,NA,NA
1992,11,10,21,NA,NA,NA,NA,NA
1992,11,11,0,NA,NA,NA,NA,NA
1992,11,11,3,NA,NA,NA,NA,NA
1992,11,11,6,NA,NA,NA,NA,NA
1992,11,11,9,NA,NA,NA,NA,NA
1992,11,11,12,NA,NA,NA,NA,NA
1992,11,11,15,NA,NA,NA,NA,NA
1992,11,11,18,NA,NA,NA,NA,NA
1992,11,11,21,NA,NA,NA,NA,NA
1992,11,12,0,NA,NA,NA,NA,NA
1992,11,12,3,NA,NA,NA,NA,NA
1992,11,12,6,NA,NA,NA,NA,NA
1992,11,12,9,NA,NA,NA,NA,NA
1992,11,12,12,NA,NA,NA,NA,NA
1992,11,12,15,NA,NA,NA,NA,NA
1992,11,12,18,NA,NA,NA,NA,NA
1992,11,12,21,NA,NA,NA,NA,NA
1992,11,13,0,NA,NA,NA,NA,NA
1992,11,13,3,NA,NA,NA,NA,NA
1992,11,13,6,NA,NA,NA,NA,NA
1992,11,13,9,NA,NA,NA,NA,NA
1992,11,13,12,NA,NA,NA,NA,NA
1992,11,13,15,NA,NA,NA,NA,NA
1992,11,13,18,NA,NA,NA,NA,NA
1992,11,13,21,NA,NA,NA,NA,NA
1992,11,14,0,NA,NA,NA,NA,NA
1992,11,14,3,NA,NA,NA,NA,NA
1992,11,14,6,NA,NA,NA,NA,NA
1992,11,14,9,NA,NA,NA,NA,NA
1992,11,14,12,NA,NA,NA,NA,NA
1992,11,14,15,NA,NA,NA,NA,NA
1992,11,14,18,NA,NA,NA,NA,NA
1992,11,14,21,NA,NA,NA,NA,NA
1992,11,15,0,NA,NA,NA,NA,NA
1992,11,15,3,NA,NA,NA,NA,NA
1992,11,15,6,NA,NA,NA,NA,NA
1992,11,15,9,NA,NA,NA,NA,NA
1992,11,15,12,NA,NA,NA,NA,NA
1992,11,15,15,NA,NA,NA,NA,NA
1992,11,15,18,NA,NA,NA,NA,NA
1992,11,15,21,NA,NA,NA,NA,NA
1992,11,16,0,NA,NA,NA,NA,NA
1992,11,16,3,NA,NA,NA,NA,NA
1992,11,16,6,NA,NA,NA,NA,NA
1992,11,16,9,NA,NA,NA,NA,NA
1992,11,16,12,NA,NA,NA,NA,NA
1992,11,16,15,NA,NA,NA,NA,NA
1992,11,16,18,NA,NA,NA,NA,NA
1992,11,16,21,NA,NA,NA,NA,NA
1992,11,17,0,NA,NA,NA,NA,NA
1992,11,17,3,NA,NA,NA,NA,NA
1992,11,17,6,NA,NA,NA,NA,NA
1992,11,17,9,NA,NA,NA,NA,NA
1992,11,17,12,NA,NA,NA,NA,NA
1992,11,17,15,NA,NA,NA,NA,NA
1992,11,17,18,NA,NA,NA,NA,NA
1992,11,17,21,NA,NA,NA,NA,NA
1992,11,18,0,NA,NA,NA,NA,NA
1992,11,18,3,NA,NA,NA,NA,NA
1992,11,18,6,NA,NA,NA,NA,NA
1992,11,18,9,NA,NA,NA,NA,NA
1992,11,18,12,NA,NA,NA,NA,NA
1992,11,18,15,NA,NA,NA,NA,NA
1992,11,18,18,NA,NA,NA,NA,NA
1992,11,18,21,NA,NA,NA,NA,NA
1992,11,19,0,NA,NA,NA,NA,NA
1992,11,19,3,NA,NA,NA,NA,NA
1992,11,19,6,NA,NA,NA,NA,NA
1992,11,19,9,NA,NA,NA,NA,NA
1992,11,19,12,NA,NA,NA,NA,NA
1992,11,19,15,NA,NA,NA,NA,NA
1992,11,19,18,NA,NA,NA,NA,NA
1992,11,19,21,NA,NA,NA,NA,NA
1992,11,20,0,NA,NA,NA,NA,NA
1992,11,20,3,NA,NA,NA,NA,NA
1992,11,20,6,NA,NA,NA,NA,NA
1992,11,20,9,NA,NA,NA,NA,NA
1992,11,20,12,NA,NA,NA,NA,NA
1992,11,20,15,NA,NA,NA,NA,NA
1992,11,20,18,NA,NA,NA,NA,NA
1992,11,20,21,NA,NA,NA,NA,NA
1992,11,21,0,NA,NA,NA,NA,NA
1992,11,21,3,NA,NA,NA,NA,NA
1992,11,21,6,NA,NA,NA,NA,NA
1992,11,21,9,NA,NA,NA,NA,NA
1992,11,21,12,NA,NA,NA,NA,NA
1992,11,21,15,NA,NA,NA,NA,NA
1992,11,21,18,NA,NA,NA,NA,NA
1992,11,21,21,NA,NA,NA,NA,NA
1992,11,22,0,NA,NA,NA,NA,NA
1992,11,22,3,NA,NA,NA,NA,NA
1992,11,22,6,NA,NA,NA,NA,NA
1992,11,22,9,NA,NA,NA,NA,NA
1992,11,22,12,NA,NA,NA,NA,NA
1992,11,22,15,NA,NA,NA,NA,NA
1992,11,22,18,NA,NA,NA,NA,NA
1992,11,22,21,NA,NA,NA,NA,NA
1992,11,23,0,NA,NA,NA,NA,NA
1992,11,23,3,NA,NA,NA,NA,NA
1992,11,23,6,NA,NA,NA,NA,NA
1992,11,23,9,NA,NA,NA,NA,NA
1992,11,23,12,NA,NA,NA,NA,NA
1992,11,23,15,NA,NA,NA,NA,NA
1992,11,23,18,NA,NA,NA,NA,NA
1992,11,23,21,NA,NA,NA,NA,NA
1992,11,24,0,NA,NA,NA,NA,NA
1992,11,24,3,NA,NA,NA,NA,NA
1992,11,24,6,NA,NA,NA,NA,NA
1992,11,24,9,NA,NA,NA,NA,NA
1992,11,24,12,NA,NA,NA,NA,NA
1992,11,24,15,NA,NA,NA,NA,NA
1992,11,24,18,NA,NA,NA,NA,NA
1992,11,24,21,NA,NA,NA,NA,NA
1992,11,25,0,NA,NA,NA,NA,NA
1992,11,25,3,NA,NA,NA,NA,NA
1992,11,25,6,NA,NA,NA,NA,NA
1992,11,25,9,NA,NA,NA,NA,NA
1992,11,25,12,NA,NA,NA,NA,NA
1992,11,25,15,NA,NA,NA,NA,NA
1992,11,25,18,NA,NA,NA,NA,NA
1992,11,25,21,NA,NA,NA,NA,NA
1992,11,26,0,NA,NA,NA,NA,NA
1992,11,26,3,NA,NA,NA,NA,NA
1992,11,26,6,NA,NA,NA,NA,NA
1992,11,26,9,NA,NA,NA,NA,NA
1992,11,26,12,NA,NA,NA,NA,NA
1992,11,26,15,NA,NA,NA,NA,NA
1992,11,26,18,NA,NA,NA,NA,NA
1992,11,26,21,NA,NA,NA,NA,NA
1992,11,27,0,NA,NA,NA,NA,NA
1992,11,27,3,NA,NA,NA,NA,NA
1992,11,27,6,NA,NA,NA,NA,NA
1992,11,27,9,NA,NA,NA,NA,NA
1992,11,27,12,NA,NA,NA,NA,NA
1992,11,27,15,NA,NA,NA,NA,NA
1992,11,27,18,NA,NA,NA,NA,NA
1992,11,27,21,NA,NA,NA,NA,NA
1992,11,28,0,NA,NA,NA,NA,NA
1992,11,28,3,NA,NA,NA,NA,NA
1992,11,28,6,NA,NA,NA,NA,NA
1992,11,28,9,NA,NA,NA,NA,NA
1992,11,28,12,NA,NA,NA,NA,NA
1992,11,28,15,NA,NA,NA,NA,NA
1992,11,28,18,NA,NA,NA,NA,NA
1992,11,28,21,NA,NA,NA,NA,NA
1992,11,29,0,NA,NA,NA,NA,NA
1992,11,29,3,NA,NA,NA,NA,NA
1992,11,29,6,NA,NA,NA,NA,NA
1992,11,29,9,NA,NA,NA,NA,NA
1992,11,29,12,NA,NA,NA,NA,NA
1992,11,29,15,NA,NA,NA,NA,NA
1992,11,29,18,NA,NA,NA,NA,NA
1992,11,29,21,NA,NA,NA,NA,NA
1992,11,30,0,NA,NA,NA,NA,NA
1992,11,30,3,NA,NA,NA,NA,NA
1992,11,30,6,NA,NA,NA,NA,NA
1992,11,30,9,NA,NA,NA,NA,NA
1992,11,30,12,NA,NA,NA,NA,NA
1992,11,30,15,NA,NA,NA,NA,NA
1992,11,30,18,NA,NA,NA,NA,NA
1992,11,30,21,NA,NA,NA,NA,NA
1992,12,1,0,NA,NA,NA,NA,NA
1992,12,1,3,NA,NA,NA,NA,NA
1992,12,1,6,NA,NA,NA,NA,NA
1992,12,1,9,NA,NA,NA,NA,NA
1992,12,1,12,NA,NA,NA,NA,NA
1992,12,1,15,NA,NA,NA,NA,NA
1992,12,1,18,NA,NA,NA,NA,NA
1992,12,1,21,NA,NA,NA,NA,NA
1992,12,2,0,NA,NA,NA,NA,NA
1992,12,2,3,NA,NA,NA,NA,NA
1992,12,2,6,NA,NA,NA,NA,NA
1992,12,2,9,NA,NA,NA,NA,NA
1992,12,2,12,NA,NA,NA,NA,NA
1992,12,2,15,NA,NA,NA,NA,NA
1992,12,2,18,NA,NA,NA,NA,NA
1992,12,2,21,NA,NA,NA,NA,NA
1992,12,3,0,NA,NA,NA,NA,NA
1992,12,3,3,NA,NA,NA,NA,NA
1992,12,3,6,NA,NA,NA,NA,NA
1992,12,3,9,NA,NA,NA,NA,NA
1992,12,3,12,NA,NA,NA,NA,NA
1992,12,3,15,NA,NA,NA,NA,NA
1992,12,3,18,NA,NA,NA,NA,NA
1992,12,3,21,NA,NA,NA,NA,NA
1992,12,4,0,NA,NA,NA,NA,NA
1992,12,4,3,NA,NA,NA,NA,NA
1992,12,4,6,NA,NA,NA,NA,NA
1992,12,4,9,NA,NA,NA,NA,NA
1992,12,4,12,NA,NA,NA,NA,NA
1992,12,4,15,NA,NA,NA,NA,NA
1992,12,4,18,NA,NA,NA,NA,NA
1992,12,4,21,NA,NA,NA,NA,NA
1992,12,5,0,NA,NA,NA,NA,NA
1992,12,5,3,NA,NA,NA,NA,NA
1992,12,5,6,NA,NA,NA,NA,NA
1992,12,5,9,NA,NA,NA,NA,NA
1992,12,5,12,NA,NA,NA,NA,NA
1992,12,5,15,NA,NA,NA,NA,NA
1992,12,5,18,NA,NA,NA,NA,NA
1992,12,5,21,NA,NA,NA,NA,NA
1992,12,6,0,NA,NA,NA,NA,NA
1992,12,6,3,NA,NA,NA,NA,NA
1992,12,6,6,NA,NA,NA,NA,NA
1992,12,6,9,NA,NA,NA,NA,NA
1992,12,6,12,NA,NA,NA,NA,NA
1992,12,6,15,NA,NA,NA,NA,NA
1992,12,6,18,NA,NA,NA,NA,NA
1992,12,6,21,NA,NA,NA,NA,NA
1992,12,7,0,NA,NA,NA,NA,NA
1992,12,7,3,NA,NA,NA,NA,NA
1992,12,7,6,NA,NA,NA,NA,NA
1992,12,7,9,NA,NA,NA,NA,NA
1992,12,7,12,NA,NA,NA,NA,NA
1992,12,7,15,NA,NA,NA,NA,NA
1992,12,7,18,NA,NA,NA,NA,NA
1992,12,7,21,NA,NA,NA,NA,NA
1992,12,8,0,NA,NA,NA,NA,NA
1992,12,8,3,NA,NA,NA,NA,NA
1992,12,8,6,NA,NA,NA,NA,NA
1992,12,8,9,NA,NA,NA,NA,NA
1992,12,8,12,NA,NA,NA,NA,NA
1992,12,8,15,NA,NA,NA,NA,NA
1992,12,8,18,NA,NA,NA,NA,NA
1992,12,8,21,NA,NA,NA,NA,NA
1992,12,9,0,NA,NA,NA,NA,NA
1992,12,9,3,NA,NA,NA,NA,NA
1992,12,9,6,NA,NA,NA,NA,NA
1992,12,9,9,NA,NA,NA,NA,NA
1992,12,9,12,NA,NA,NA,NA,NA
1992,12,9,15,NA,NA,NA,NA,NA
1992,12,9,18,NA,NA,NA,NA,NA
1992,12,9,21,NA,NA,NA,NA,NA
1992,12,10,0,NA,NA,NA,NA,NA
1992,12,10,3,NA,NA,NA,NA,NA
1992,12,10,6,NA,NA,NA,NA,NA
1992,12,10,9,NA,NA,NA,NA,NA
1992,12,10,12,NA,NA,NA,NA,NA
1992,12,10,15,NA,NA,NA,NA,NA
1992,12,10,18,NA,NA,NA,NA,NA
1992,12,10,21,NA,NA,NA,NA,NA
1992,12,11,0,NA,NA,NA,NA,NA
1992,12,11,3,NA,NA,NA,NA,NA
1992,12,11,6,NA,NA,NA,NA,NA
1992,12,11,9,NA,NA,NA,NA,NA
1992,12,11,12,NA,NA,NA,NA,NA
1992,12,11,15,NA,NA,NA,NA,NA
1992,12,11,18,NA,NA,NA,NA,NA
1992,12,11,21,NA,NA,NA,NA,NA
1992,12,12,0,NA,NA,NA,NA,NA
1992,12,12,3,NA,NA,NA,NA,NA
1992,12,12,6,NA,NA,NA,NA,NA
1992,12,12,9,NA,NA,NA,NA,NA
1992,12,12,12,NA,NA,NA,NA,NA
1992,12,12,15,NA,NA,NA,NA,NA
1992,12,12,18,NA,NA,NA,NA,NA
1992,12,12,21,NA,NA,NA,NA,NA
1992,12,13,0,NA,NA,NA,NA,NA
1992,12,13,3,NA,NA,NA,NA,NA
1992,12,13,6,NA,NA,NA,NA,NA
1992,12,13,9,NA,NA,NA,NA,NA
1992,12,13,12,NA,NA,NA,NA,NA
1992,12,13,15,NA,NA,NA,NA,NA
1992,12,13,18,NA,NA,NA,NA,NA
1992,12,13,21,NA,NA,NA,NA,NA
1992,12,14,0,NA,NA,NA,NA,NA
1992,12,14,3,NA,NA,NA,NA,NA
1992,12,14,6,NA,NA,NA,NA,NA
1992,12,14,9,NA,NA,NA,NA,NA
1992,12,14,12,NA,NA,NA,NA,NA
1992,12,14,15,NA,NA,NA,NA,NA
1992,12,14,18,NA,NA,NA,NA,NA
1992,12,14,21,NA,NA,NA,NA,NA
1992,12,15,0,NA,NA,NA,NA,NA
1992,12,15,3,NA,NA,NA,NA,NA
1992,12,15,6,NA,NA,NA,NA,NA
1992,12,15,9,NA,NA,NA,NA,NA
1992,12,15,12,NA,NA,NA,NA,NA
1992,12,15,15,NA,NA,NA,NA,NA
1992,12,15,18,NA,NA,NA,NA,NA
1992,12,15,21,NA,NA,NA,NA,NA
1992,12,16,0,-5.6,921.3,3,70,84
1992,12,16,3,NA,919.9,1,40,85
1992,12,16,6,-5.8,920.2,2,10,77
1992,12,16,9,NA,920.6,1,360,72
1992,12,16,12,-7.4,921.1,4,320,78
1992,12,16,15,-7.5,921.4,3,360,81
1992,12,16,18,-7,922,3,260,78
1992,12,16,21,NA,922.6,1,30,73
1992,12,17,0,-5.5,923.5,3,160,79
1992,12,17,3,-5.9,924,3,240,79
1992,12,17,6,-6.3,924.5,3,240,79
1992,12,17,9,-6.3,925.2,2,250,70
1992,12,17,12,NA,925.7,1,350,74
1992,12,17,15,NA,925.7,1,290,66
1992,12,17,18,-6.3,926.4,2,130,85
1992,12,17,21,-6,927.2,2,210,67
1992,12,18,0,-5.5,927.8,5,220,66
1992,12,18,3,-6.1,928.2,4,200,52
1992,12,18,6,NA,928.8,1,180,56
1992,12,18,9,-6.6,929.6,3,250,59
1992,12,18,12,-8.4,930,NA,350,62
1992,12,18,15,-7.2,930.2,NA,10,51
1992,12,18,18,-5.2,931,NA,230,58
1992,12,18,21,NA,932.1,1,240,55
1992,12,19,0,-4.8,932.9,2,180,46
1992,12,19,3,-4.7,933.5,2,30,50
1992,12,19,6,NA,933.9,1,40,50
1992,12,19,9,-5.8,934.1,2,360,43
1992,12,19,12,NA,933.8,1,30,55
1992,12,19,15,-6.6,933,2,200,86
1992,12,19,18,-7.1,931.6,NA,230,75
1992,12,19,21,-6.3,930.5,6,210,77
1992,12,20,0,-7.3,929.1,8,220,76
1992,12,20,3,-8.3,927.4,NA,230,91
1992,12,20,6,-7.6,926.2,NA,240,82
1992,12,20,9,-7.6,925.9,NA,230,86
1992,12,20,12,-8.7,925.2,NA,NA,90
1992,12,20,15,-8.6,925.5,NA,NA,90
1992,12,20,18,-8.6,924.5,36,NA,90
1992,12,20,21,-8.2,923.9,36,NA,81
1992,12,21,0,-7.6,925.5,NA,230,78
1992,12,21,3,-7.7,925.3,NA,230,88
1992,12,21,6,-8,925.1,NA,230,87
1992,12,21,9,-8.1,924.1,NA,240,90
1992,12,21,12,-8.9,923.4,NA,230,90
1992,12,21,15,-8.1,922.5,12,230,88
1992,12,21,18,-8.4,922.3,12,240,88
1992,12,21,21,-8.1,922.3,NA,230,89
1992,12,22,0,-7.8,922.5,9,240,91
1992,12,22,3,-7.4,922.5,NA,240,91
1992,12,22,6,-7.4,922.8,5,240,91
1992,12,22,9,-7.4,923,8,230,91
1992,12,22,12,-7.6,923.3,6,210,91
1992,12,22,15,-7.6,923.1,NA,220,91
1992,12,22,18,-7.4,923.5,NA,180,91
1992,12,22,21,-7.8,924,NA,200,91
1992,12,23,0,-7.7,923.9,NA,NA,91
1992,12,23,3,-7.5,923.6,NA,NA,91
1992,12,23,6,-7.6,924,21,NA,91
1992,12,23,9,-7.7,923.1,22,NA,91
1992,12,23,12,-8,923.3,22,NA,91
1992,12,23,15,-7.8,923.2,22,230,91
1992,12,23,18,-7.3,924.4,NA,220,91
1992,12,23,21,-7.4,924.8,NA,220,91
1992,12,24,0,NA,925.3,NA,220,91
1992,12,24,3,-9.5,925.1,NA,230,90
1992,12,24,6,-9.5,926.3,8,240,90
1992,12,24,9,-9.8,926.9,NA,NA,90
1992,12,24,12,-9.9,927.4,7,NA,89
1992,12,24,15,-10,926.9,NA,NA,89
1992,12,24,18,-10.2,926.9,NA,230,89
1992,12,24,21,-10.2,926.1,NA,230,89
1992,12,25,0,-9.8,926.5,NA,250,89
1992,12,25,3,-9.8,924.5,NA,240,89
1992,12,25,6,-9.8,924.8,NA,230,89
1992,12,25,9,-10.1,924.7,NA,230,89
1992,12,25,12,-10.4,923.6,NA,280,89
1992,12,25,15,-9.6,921.7,NA,240,88
1992,12,25,18,-8.1,920.6,NA,200,88
1992,12,25,21,-7.1,919.4,NA,260,89
1992,12,26,0,-5.7,918.8,2,10,89
1992,12,26,3,-6.1,918.3,NA,0,85
1992,12,26,6,-6.7,918.7,2,30,85
1992,12,26,9,-4.9,918.9,4,250,75
1992,12,26,12,-4.5,919.7,4,270,49
1992,12,26,15,-3.8,920,5,300,29
1992,12,26,18,-2.5,920.8,4,360,22
1992,12,26,21,-1.8,921.3,3,110,29
1992,12,27,0,-2.2,922.4,6,240,31
1992,12,27,3,NA,922.8,NA,50,47
1992,12,27,6,-5.4,922.5,NA,350,71
1992,12,27,9,-3.9,922.5,NA,320,49
1992,12,27,12,-4.4,923.2,NA,240,42
1992,12,27,15,-5.5,923.2,NA,350,59
1992,12,27,18,-3.1,922.8,NA,290,34
1992,12,27,21,-3.3,922.1,NA,230,46
1992,12,28,0,-2.4,921.1,4,50,38
1992,12,28,3,-3.3,919.5,NA,30,39
1992,12,28,6,-2,918.9,NA,230,30
1992,12,28,9,-1.1,917.8,5,280,30
1992,12,28,12,-2.9,917.4,6,270,22
1992,12,28,15,-2.7,917.1,5,270,21
1992,12,28,18,-3.5,918.7,5,190,37
1992,12,28,21,-3.6,920.3,6,110,36
1992,12,29,0,-3.6,921.4,3,90,54
1992,12,29,3,-5.9,921.8,NA,230,58
1992,12,29,6,-4.7,923,NA,240,55
1992,12,29,9,-5.5,924.1,NA,230,45
1992,12,29,12,-5.6,924.6,NA,200,59
1992,12,29,15,-5.5,924.4,NA,150,57
1992,12,29,18,NA,924.7,1,NA,52
1992,12,29,21,-3.2,925.4,3,90,58
1992,12,30,0,-4.2,926.2,2,130,58
1992,12,30,3,-2,926.8,2,230,48
1992,12,30,6,-2,927.3,3,240,45
1992,12,30,9,-2.9,927.8,4,240,39
1992,12,30,12,-4,928.9,2,290,42
1992,12,30,15,-5.2,929.7,3,270,44
1992,12,30,18,-3.6,930.5,2,130,51
1992,12,30,21,-2.7,931.5,4,100,54
1992,12,31,0,-3.3,932.1,3,240,75
1992,12,31,3,-3.6,931.9,5,230,82
1992,12,31,6,-3.6,931.8,2,230,82
1992,12,31,9,NA,931.6,1,50,88
1992,12,31,12,NA,931.7,1,250,79
1992,12,31,15,-5.1,931.4,2,240,76
1992,12,31,18,-4.5,931.2,2,120,83
1992,12,31,21,-4.4,931.2,2,60,82
1993,1,1,0,-4,931.1,3,120,88
1993,1,1,3,-4.2,931.1,2,110,90
1993,1,1,6,-4.3,931.3,2,210,87
1993,1,1,9,-5.3,931.7,4,230,88
1993,1,1,12,NA,932.1,1,100,86
1993,1,1,15,NA,932.3,1,300,64
1993,1,1,18,-2.8,932.7,2,280,52
1993,1,1,21,-4,932.6,5,60,90
1993,1,2,0,-4.3,932.5,NA,70,94
1993,1,2,3,-4.3,932.3,6,60,93
1993,1,2,6,-4,932.9,NA,40,94
1993,1,2,9,-5.3,933.1,3,170,94
1993,1,2,12,-5.8,933.3,3,190,93
1993,1,2,15,-6.1,933,5,200,93
1993,1,2,18,-6.5,933.1,7,220,93
1993,1,2,21,-6.5,933.2,NA,210,93
1993,1,3,0,-6.3,934.1,NA,200,93
1993,1,3,3,-5.6,935.4,15,200,90
1993,1,3,6,-4.5,937.6,NA,210,87
1993,1,3,9,-5.8,939.1,NA,20,74
1993,1,3,12,-5.7,939.6,NA,350,77
1993,1,3,15,-5,940.1,NA,10,50
1993,1,3,18,-4.1,941,NA,170,65
1993,1,3,21,-3.4,941.6,NA,220,71
1993,1,4,0,-5.3,941.8,NA,210,91
1993,1,4,3,-4,942.3,NA,230,68
1993,1,4,6,-3.1,941.5,NA,250,52
1993,1,4,9,-4.3,940.3,7,360,34
1993,1,4,12,-4.4,937,NA,10,37
1993,1,4,15,-4.5,934.4,NA,360,34
1993,1,4,18,-3.3,933.4,NA,200,39
1993,1,4,21,-1.1,932.6,NA,110,51
1993,1,5,0,NA,932.4,2,210,37
1993,1,5,3,NA,931.7,1,20,28
1993,1,5,6,2.5,931,NA,250,30
1993,1,5,9,2.4,931.1,NA,260,28
1993,1,5,12,1,931.4,5,250,29
1993,1,5,15,-1.7,930.1,NA,30,39
1993,1,5,18,2.1,929.2,NA,260,30
1993,1,5,21,NA,928.4,NA,20,19
1993,1,6,0,5.2,928.1,3,40,23
1993,1,6,3,3.2,927.8,NA,230,24
1993,1,6,6,NA,928.8,NA,270,48
1993,1,6,9,NA,928.9,NA,40,41
1993,1,6,12,-3.2,929.3,NA,40,47
1993,1,6,15,-3,929,10,20,50
1993,1,6,18,-3.1,929.5,NA,50,51
1993,1,6,21,-3.8,929.9,NA,50,56
1993,1,7,0,-2.9,930.6,NA,70,38
1993,1,7,3,-2.4,930.8,NA,260,41
1993,1,7,6,-3.5,931.3,NA,140,50
1993,1,7,9,-3.4,931.6,NA,200,55
1993,1,7,12,-4.9,931.9,7,240,69
1993,1,7,15,-5.5,931.8,NA,210,83
1993,1,7,18,-4.5,932.1,NA,220,84
1993,1,7,21,-4.3,932.4,3,210,78
1993,1,8,0,-2.2,933,2,190,NA
1993,1,8,3,-3.6,933,3,90,88
1993,1,8,6,-4.3,933.1,3,50,82
1993,1,8,9,NA,933.6,1,100,87
1993,1,8,12,NA,933.9,1,30,80
1993,1,8,15,-4.1,934.1,2,110,83
1993,1,8,18,-3.9,934.1,2,30,84
1993,1,8,21,-3.2,933.9,3,150,81
1993,1,9,0,-2.7,933.7,2,90,78
1993,1,9,3,-3.5,932.8,2,50,77
1993,1,9,6,NA,931.8,1,70,52
1993,1,9,9,NA,931.1,1,190,44
1993,1,9,12,-5.1,930.3,NA,230,59
1993,1,9,15,-6.3,928.9,NA,230,91
1993,1,9,18,-5.2,928.2,10,240,91
1993,1,9,21,-3.7,927.6,NA,130,83
1993,1,10,0,-1.4,926.8,NA,250,67
1993,1,10,3,-1.1,925.7,NA,200,70
1993,1,10,6,-1.8,925,NA,80,67
1993,1,10,9,-2.6,923.6,NA,340,59
1993,1,10,12,-2.4,921.9,NA,290,55
1993,1,10,15,-1.6,919.8,NA,10,44
1993,1,10,18,-1.8,918.2,4,230,42
1993,1,10,21,-0.5,917.9,NA,230,45
1993,1,11,0,-0.9,918.6,NA,240,44
1993,1,11,3,0.5,919.9,6,200,38
1993,1,11,6,-0.3,922.8,8,230,47
1993,1,11,9,-0.6,926.6,NA,240,46
1993,1,11,12,-2.1,930.6,NA,240,60
1993,1,11,15,-5,933.2,NA,230,86
1993,1,11,18,-3.7,937,NA,220,83
1993,1,11,21,-2.6,940,NA,210,85
1993,1,12,0,-2.9,942.1,NA,230,85
1993,1,12,3,-2.6,943.2,NA,220,86
1993,1,12,6,-2.2,944.4,NA,210,84
1993,1,12,9,-3.4,944.5,NA,20,86
1993,1,12,12,-4.5,944,NA,20,80
1993,1,12,15,-4.1,943.1,NA,40,94
1993,1,12,18,-4.3,942,8,30,94
1993,1,12,21,-3.6,941,7,20,95
1993,1,13,0,-3.8,939.6,4,40,95
1993,1,13,3,-3.7,938.2,4,50,95
1993,1,13,6,-3.9,936.7,5,20,95
1993,1,13,9,-4.8,934.9,NA,360,94
1993,1,13,12,-4.9,933.8,NA,0,94
1993,1,13,15,-4.9,932.4,NA,NA,94
1993,1,13,18,-4.4,931.9,NA,NA,94
1993,1,13,21,-3.5,931.9,NA,NA,95
1993,1,14,0,-3,932.3,NA,NA,95
1993,1,14,3,-3.2,932.7,NA,NA,95
1993,1,14,6,-4.2,933.2,NA,NA,95
1993,1,14,9,-4.4,933.8,NA,NA,94
1993,1,14,12,-4.2,934.2,NA,NA,95
1993,1,14,15,-4.3,934.4,NA,NA,95
1993,1,14,18,-5,935.8,NA,NA,94
1993,1,14,21,-4.7,938.1,NA,NA,94
1993,1,15,0,-4.4,939.9,NA,NA,95
1993,1,15,3,-3.9,942.3,NA,NA,95
1993,1,15,6,-4.4,943,NA,NA,95
1993,1,15,9,-4.3,945.1,NA,NA,95
1993,1,15,12,-4.9,945.2,NA,NA,94
1993,1,15,15,-5.1,944.1,NA,NA,94
1993,1,15,18,-4.7,943.4,8,10,94
1993,1,15,21,-4.6,942.6,6,20,95
1993,1,16,0,-2.6,942,NA,0,96
1993,1,16,3,-2.1,941.3,NA,40,96
1993,1,16,6,-2.4,941.3,NA,NA,96
1993,1,16,9,-3.8,941.2,NA,NA,95
1993,1,16,12,-4.3,940.9,NA,NA,95
1993,1,16,15,NA,939.6,0,20,95
1993,1,16,18,NA,938.5,0,40,95
1993,1,16,21,-3.7,937.8,NA,30,95
1993,1,17,0,-3.3,937.8,NA,40,95
1993,1,17,3,-2.5,937.5,NA,NA,96
1993,1,17,6,-2.3,938.3,NA,20,96
1993,1,17,9,-3.1,939.7,NA,330,96
1993,1,17,12,-4.3,941,NA,NA,95
1993,1,17,15,-5,941.7,NA,NA,95
1993,1,17,18,-4.7,942.7,NA,NA,95
1993,1,17,21,-4.1,944.1,NA,0,95
1993,1,18,0,-3.9,944.4,NA,0,95
1993,1,18,3,-5.4,943.8,NA,230,94
1993,1,18,6,-4.4,943.1,NA,NA,92
1993,1,18,9,-4.8,943.9,NA,NA,89
1993,1,18,12,-4.8,941.8,NA,NA,82
1993,1,18,15,-4.4,939.6,NA,240,86
1993,1,18,18,-5.1,939,NA,NA,93
1993,1,18,21,-5.3,937.1,NA,NA,93
1993,1,19,0,-5.8,935.4,48,NA,94
1993,1,19,3,-5.6,934.3,NA,NA,94
1993,1,19,6,-6.3,935.2,NA,230,94
1993,1,19,9,-6.2,933.4,52,220,93
1993,1,19,12,-6,933.4,NA,230,93
1993,1,19,15,-6.1,933.7,NA,230,93
1993,1,19,18,-5.9,935.4,NA,220,87
1993,1,19,21,-5.9,937.5,NA,NA,81
1993,1,20,0,-5.2,938.8,NA,NA,85
1993,1,20,3,-5.4,937.1,NA,NA,88
1993,1,20,6,-5.8,937.7,40,NA,85
1993,1,20,9,-5,938.7,NA,230,72
1993,1,20,12,-5.7,939.2,NA,220,79
1993,1,20,15,-5.5,939.2,33,220,87
1993,1,20,18,-4.4,940.3,NA,250,81
1993,1,20,21,-5.4,941.5,NA,220,89
1993,1,21,0,-4.1,941.3,NA,220,80
1993,1,21,3,-4.1,941,32,220,85
1993,1,21,6,-4.9,941.6,NA,230,93
1993,1,21,9,-5,942.7,NA,220,94
1993,1,21,12,-5.9,943.3,NA,220,94
1993,1,21,15,-6.2,942.9,NA,210,93
1993,1,21,18,-6.6,942.5,NA,230,92
1993,1,21,21,-5.7,944.1,NA,220,83
1993,1,22,0,-6.7,944.2,25,220,90
1993,1,22,3,-6.6,944,NA,210,92
1993,1,22,6,-7.1,943.7,NA,200,93
1993,1,22,9,-7.1,943.1,NA,210,93
1993,1,22,12,-7.5,942.4,NA,190,93
1993,1,22,15,-8.2,941.3,NA,0,92
1993,1,22,18,-7.9,940.9,NA,NA,92
1993,1,22,21,NA,940.7,1,140,92
1993,1,23,0,-6.9,940.6,2,110,91
1993,1,23,3,-6.5,940.4,2,250,91
1993,1,23,6,-6.8,940.3,NA,250,92
1993,1,23,9,-7,940.2,NA,210,93
1993,1,23,12,-8.1,940.2,6,230,92
1993,1,23,15,-8.2,939.8,NA,220,92
1993,1,23,18,-6.5,939.5,NA,130,93
1993,1,23,21,-7.1,939.2,NA,220,93
1993,1,24,0,-6.1,939.1,NA,180,91
1993,1,24,3,-6,938.5,6,180,90
1993,1,24,6,-6.5,938.2,NA,240,91
1993,1,24,9,-7.3,937.9,9,230,92
1993,1,24,12,-8.2,938.1,9,250,87
1993,1,24,15,-7.6,938,7,220,90
1993,1,24,18,-6.9,937.9,NA,190,89
1993,1,24,21,-6.2,937.7,5,120,86
1993,1,25,0,-6.2,937.4,2,50,90
1993,1,25,3,-6.7,936.2,NA,20,92
1993,1,25,6,-6.6,935.3,NA,30,93
1993,1,25,9,-6.2,934.2,12,30,93
1993,1,25,12,-7.1,933.8,NA,10,93
1993,1,25,15,-7.4,933.1,NA,230,93
1993,1,25,18,-7.8,933,4,220,92
1993,1,25,21,-7.4,932.7,8,NA,93
1993,1,26,0,-7.8,932.4,NA,NA,92
1993,1,26,3,-7.5,932.9,12,NA,93
1993,1,26,6,-7.9,933.6,NA,NA,92
1993,1,26,9,-8,934.4,14,240,92
1993,1,26,12,-8.3,934.6,16,220,92
1993,1,26,15,-8.7,934.4,NA,230,92
1993,1,26,18,-9,934.2,NA,230,92
1993,1,26,21,-8.8,934.5,NA,240,92
1993,1,27,0,-8.8,933.6,NA,230,92
1993,1,27,3,-8.4,932.3,NA,240,90
1993,1,27,6,-8.3,930.8,36,240,91
1993,1,27,9,-7.8,930.4,34,230,NA
1993,1,27,12,-7.6,927.9,38,NA,92
1993,1,27,15,-7.7,923.5,NA,NA,91
1993,1,27,18,-7.6,922,NA,NA,92
1993,1,27,21,-8.5,921.5,NA,NA,92
1993,1,28,0,-8.3,919.9,58,NA,92
1993,1,28,3,-8.4,919.9,60,240,92
1993,1,28,6,-8.1,924.7,NA,250,92
1993,1,28,9,-6.4,927.9,NA,240,72
1993,1,28,12,-5.4,929.3,NA,250,58
1993,1,28,15,-6.3,931.5,NA,250,55
1993,1,28,18,-5.7,931.1,NA,360,64
1993,1,28,21,-5.2,930.2,NA,50,NA
1993,1,29,0,-5.9,928.6,NA,30,79
1993,1,29,3,-6.2,925.6,NA,10,89
1993,1,29,6,-6.3,925.1,NA,20,93
1993,1,29,9,-6.4,924.9,NA,20,93
1993,1,29,12,-6.8,925.4,NA,20,93
1993,1,29,15,-7.3,926.5,NA,360,93
1993,1,29,18,-7.4,928,NA,20,93
1993,1,29,21,-5.9,929.3,NA,140,94
1993,1,30,0,-6.3,930.8,NA,250,93
1993,1,30,3,-5.5,931.6,3,250,94
1993,1,30,6,-6.5,932.6,NA,20,93
1993,1,30,9,-5.7,932.7,7,50,94
1993,1,30,12,-5.9,933.2,6,30,94
1993,1,30,15,-5.9,932.8,3,300,94
1993,1,30,18,-5.7,932.7,NA,250,94
1993,1,30,21,-5.7,932,NA,230,94
1993,1,31,0,-6,930.8,NA,230,94
1993,1,31,3,-5,930.2,NA,220,94
1993,1,31,6,-4.9,930.7,NA,220,94
1993,1,31,9,-5.9,932.9,NA,220,94
1993,1,31,12,-6,932.9,NA,NA,94
1993,1,31,15,-6.8,932.6,NA,NA,93
1993,1,31,18,-6.6,933.6,NA,NA,93
1993,1,31,21,-6.9,932,NA,NA,93
1993,2,1,0,-6.9,931.4,NA,NA,93
1993,2,1,3,NA,NA,NA,NA,NA
1993,2,1,6,-6.9,934.9,NA,230,93
1993,2,1,9,-6.4,935.2,NA,230,91
1993,2,1,12,-5.3,936.9,NA,220,78
1993,2,1,15,-4.6,939,NA,230,75
1993,2,1,18,-4.3,940.2,NA,220,72
1993,2,1,21,-5,940.1,NA,220,81
1993,2,2,0,-5.8,940,NA,230,92
1993,2,2,3,-5.6,939.5,18,220,72
1993,2,2,6,-5.8,938.8,NA,220,80
1993,2,2,9,-5.8,938.1,15,230,94
1993,2,2,12,-6.3,937.6,NA,220,93
1993,2,2,15,-6,936.2,14,220,94
1993,2,2,18,-6.2,936.4,11,260,92
1993,2,2,21,-6.1,935.5,13,230,94
1993,2,3,0,-5.7,934.3,NA,230,94
1993,2,3,3,-6,933.2,17,220,94
1993,2,3,6,-6,931.3,NA,230,87
1993,2,3,9,-6.2,930.2,NA,NA,88
1993,2,3,12,-6.5,929.5,20,NA,86
1993,2,3,15,-6.9,928.3,22,NA,92
1993,2,3,18,-7,927.3,23,240,93
1993,2,3,21,-6.7,926.9,NA,230,86
1993,2,4,0,-7.1,925.9,26,220,93
1993,2,4,3,-7,924.2,NA,220,93
1993,2,4,6,-7.3,922.5,NA,230,93
1993,2,4,9,-7.1,922.6,NA,220,93
1993,2,4,12,-8.1,923.2,NA,230,92
1993,2,4,15,-8.6,923.4,45,NA,91
1993,2,4,18,-8.9,925.4,NA,NA,90
1993,2,4,21,-8.3,925.6,NA,NA,88
1993,2,5,0,-9.1,925.5,NA,220,91
1993,2,5,3,-9.9,924.7,NA,240,91
1993,2,5,6,-10.1,925.1,40,NA,90
1993,2,5,9,-10.5,925,42,NA,90
1993,2,5,12,-10.3,924.9,41,NA,79
1993,2,5,15,-10.3,924.8,38,220,73
1993,2,5,18,-10.1,926.5,NA,230,65
1993,2,5,21,-9.9,927.3,NA,230,65
1993,2,6,0,-10,927.4,NA,220,71
1993,2,6,3,-9.5,927,NA,230,68
1993,2,6,6,-9.6,927.1,19,220,78
1993,2,6,9,-9.6,927.7,NA,240,76
1993,2,6,12,-9.9,927.6,NA,230,74
1993,2,6,15,-10.6,927.1,NA,240,74
1993,2,6,18,-10.7,926.7,NA,230,70
1993,2,6,21,-10.9,926.5,21,230,71
1993,2,7,0,-10.2,926.1,21,240,70
1993,2,7,3,-10.5,924.6,NA,230,71
1993,2,7,6,-10.9,924.1,23,230,75
1993,2,7,9,-11.2,922.8,25,240,78
1993,2,7,12,-11.3,921.6,NA,240,71
1993,2,7,15,-11.1,920.1,NA,230,73
1993,2,7,18,-11.2,917.5,NA,240,71
1993,2,7,21,-12.7,914.8,NA,NA,86
1993,2,8,0,-12.6,913.1,NA,NA,81
1993,2,8,3,-12.2,911.2,NA,NA,68
1993,2,8,6,-12,909.6,NA,NA,83
1993,2,8,9,-12.1,908.4,NA,NA,85
1993,2,8,12,-11.2,912.3,NA,NA,76
1993,2,8,15,-10.7,912.3,NA,230,67
1993,2,8,18,-11,914,NA,240,71
1993,2,8,21,-10.6,915,NA,230,71
1993,2,9,0,-10.1,914.8,NA,230,70
1993,2,9,3,-10,914.7,34,240,68
1993,2,9,6,-10.2,915.6,NA,230,66
1993,2,9,9,-10.9,916.6,NA,230,68
1993,2,9,12,-11.2,916.6,NA,250,68
1993,2,9,15,-10.1,917.1,24,240,62
1993,2,9,18,-10.4,917.6,NA,230,65
1993,2,9,21,-9.6,917.9,NA,230,65
1993,2,10,0,-9.1,918.6,NA,240,63
1993,2,10,3,-8.4,919.3,17,220,73
1993,2,10,6,-8.3,919.9,NA,230,71
1993,2,10,9,-9.1,920.4,NA,260,75
1993,2,10,12,-10,921,NA,290,70
1993,2,10,15,-10,921.3,2,280,62
1993,2,10,18,-9,921.9,3,260,53
1993,2,10,21,-7.5,922.6,2,220,56
1993,2,11,0,-7.1,923.8,4,210,59
1993,2,11,3,NA,924.6,1,230,55
1993,2,11,6,-8,926,3,60,76
1993,2,11,9,-8.1,926.7,NA,30,58
1993,2,11,12,-7.3,927.6,NA,350,46
1993,2,11,15,-7,927.4,2,320,41
1993,2,11,18,-7.3,926.5,NA,30,46
1993,2,11,21,-6.5,925.7,NA,280,53
1993,2,12,0,-8.1,924.8,NA,240,68
1993,2,12,3,-7.3,924.1,NA,40,79
1993,2,12,6,-7.1,923.4,NA,220,79
1993,2,12,9,-7,923.7,NA,220,79
1993,2,12,12,-7.9,924.6,NA,190,90
1993,2,12,15,-8.1,924.5,NA,40,88
1993,2,12,18,-7.5,924.2,NA,40,91
1993,2,12,21,-7.3,924.7,NA,50,89
1993,2,13,0,-6.4,925.1,NA,50,83
1993,2,13,3,-6.5,924.8,NA,50,93
1993,2,13,6,-7.8,924.6,NA,250,93
1993,2,13,9,-8,923.9,7,240,92
1993,2,13,12,-8,922.3,8,240,92
1993,2,13,15,-8.6,920.3,NA,240,92
1993,2,13,18,-9.4,917.6,NA,220,91
1993,2,13,21,-11.2,914.2,NA,240,89
1993,2,14,0,-11.8,912,NA,240,89
1993,2,14,3,-12.2,910.9,NA,240,88
1993,2,14,6,-11.8,909,NA,NA,88
1993,2,14,9,-11.6,909.7,NA,NA,88
1993,2,14,12,-11.7,911.1,50,NA,89
1993,2,14,15,-11.1,914,NA,250,88
1993,2,14,18,-11.1,916.6,NA,240,86
1993,2,14,21,-10.5,918.8,NA,240,75
1993,2,15,0,-9.9,919.4,NA,250,89
1993,2,15,3,-9.5,917.7,NA,50,91
1993,2,15,6,-10,916.1,NA,10,79
1993,2,15,9,-9.8,915.6,NA,250,81
1993,2,15,12,-11.1,914.2,NA,230,89
1993,2,15,15,-11.7,912.9,NA,240,89
1993,2,15,18,-11.4,912.9,NA,240,89
1993,2,15,21,-10.4,912.7,NA,0,89
1993,2,16,0,-10,912.1,2,110,90
1993,2,16,3,-9.8,911.6,2,90,90
1993,2,16,6,-9.8,911.4,4,0,89
1993,2,16,9,-9.6,911.4,4,300,90
1993,2,16,12,-10.7,911.2,NA,250,90
1993,2,16,15,-10.9,910.7,NA,230,90
1993,2,16,18,-10.3,911.3,NA,230,90
1993,2,16,21,-10,911.8,NA,200,90
1993,2,17,0,-9.9,912.2,NA,210,91
1993,2,17,3,-10,912.7,NA,230,90
1993,2,17,6,-10.1,913.4,NA,230,90
1993,2,17,9,-10.4,913.8,3,230,90
1993,2,17,12,-11.3,913.5,NA,240,89
1993,2,17,15,-12.2,913.2,NA,230,89
1993,2,17,18,-12.5,913.2,9,220,88
1993,2,17,21,-12.4,913.1,10,230,88
1993,2,18,0,-12.7,912.8,9,230,88
1993,2,18,3,-12.2,912.2,9,240,88
1993,2,18,6,-13,911.9,NA,230,88
1993,2,18,9,-13,911.7,NA,240,88
1993,2,18,12,-12.8,911.1,13,240,88
1993,2,18,15,-12.4,910.8,12,230,88
1993,2,18,18,-12.7,910.8,13,240,88
1993,2,18,21,-12.3,911.1,NA,240,88
1993,2,19,0,-12.3,911.3,NA,230,88
1993,2,19,3,-12.4,911.1,NA,230,88
1993,2,19,6,-13,910.4,NA,220,88
1993,2,19,9,-13.2,909.6,NA,220,88
1993,2,19,12,-13.7,908.5,21,230,87
1993,2,19,15,-13.8,907.2,21,230,87
1993,2,19,18,-13.4,905.4,NA,230,86
1993,2,19,21,-11.9,903.4,NA,220,69
1993,2,20,0,-10.2,902.5,26,250,65
1993,2,20,3,-10.9,900.5,NA,230,88
1993,2,20,6,-12.6,900.1,NA,240,88
1993,2,20,9,-13.2,900.7,NA,NA,86
1993,2,20,12,-13.1,902.3,NA,NA,80
1993,2,20,15,-12.2,904.7,NA,NA,80
1993,2,20,18,-12.1,906.5,NA,230,86
1993,2,20,21,-11.3,909.3,NA,220,75
1993,2,21,0,-10.6,910,NA,220,61
1993,2,21,3,-9.5,908.6,NA,340,71
1993,2,21,6,-9.4,906.6,2,350,45
1993,2,21,9,-12.4,904.4,6,270,43
1993,2,21,12,-11.9,902.1,NA,260,31
1993,2,21,15,-11.6,900.3,5,280,29
1993,2,21,18,-11.6,898.3,NA,30,29
1993,2,21,21,-10.2,895.6,NA,10,28
1993,2,22,0,-9.3,893.9,NA,40,39
1993,2,22,3,-8.3,892.5,NA,10,33
1993,2,22,6,-10.7,891.8,NA,260,29
1993,2,22,9,NA,893,NA,260,85
1993,2,22,12,-12.9,894.9,NA,230,86
1993,2,22,15,-11.6,898.5,NA,230,51
1993,2,22,18,-12.5,901.2,NA,240,86
1993,2,22,21,-12.4,904.3,NA,230,83
1993,2,23,0,-13.1,907.7,13,240,86
1993,2,23,3,-12.3,911.2,NA,230,88
1993,2,23,6,-12.8,914.1,NA,230,87
1993,2,23,9,-13.4,915.4,6,20,81
1993,2,23,12,-12.8,916.2,NA,360,71
1993,2,23,15,-12.6,917.5,NA,50,83
1993,2,23,18,-12.8,919.9,NA,240,82
1993,2,23,21,-13.3,922.6,NA,220,79
1993,2,24,0,-13.7,924.3,NA,220,80
1993,2,24,3,-12.8,926.3,NA,240,71
1993,2,24,6,-10,928.4,NA,300,48
1993,2,24,9,-9.2,928.5,NA,330,42
1993,2,24,12,-10.4,930.2,NA,190,40
1993,2,24,15,-10.1,931.9,NA,70,40
1993,2,24,18,-9.9,930.4,NA,20,44
1993,2,24,21,-7.5,929.6,NA,330,42
1993,2,25,0,NA,926.8,NA,350,19
1993,2,25,3,NA,923.9,NA,360,19
1993,2,25,6,0,922.9,NA,250,21
1993,2,25,9,NA,922.5,NA,240,23
1993,2,25,12,NA,920.3,NA,230,38
1993,2,25,15,-6.9,919.3,NA,230,42
1993,2,25,18,-8.8,917.4,NA,230,49
1993,2,25,21,-9.6,916.2,NA,220,40
1993,2,26,0,-10.4,914.3,NA,230,54
1993,2,26,3,-9.7,911.9,NA,290,58
1993,2,26,6,-10.6,909.6,NA,350,70
1993,2,26,9,-11.8,908.1,NA,20,74
1993,2,26,12,-11.3,907.3,NA,310,68
1993,2,26,15,-12,907.7,NA,190,68
1993,2,26,18,-15.2,906.7,NA,220,69
1993,2,26,21,-15,908.1,NA,230,77
1993,2,27,0,-15.1,908.5,NA,NA,71
1993,2,27,3,-15,908.2,NA,NA,75
1993,2,27,6,-13.8,912,NA,NA,54
1993,2,27,9,-13.5,913.6,NA,40,49
1993,2,27,12,-12.8,913.5,NA,140,47
1993,2,27,15,-9.1,914,NA,180,23
1993,2,27,18,NA,914,NA,250,27
1993,2,27,21,NA,914.8,NA,240,41
1993,2,28,0,-5.2,916,NA,210,41
1993,2,28,3,-3.9,915.8,NA,240,46
1993,2,28,6,-4.6,915.9,NA,220,46
1993,2,28,9,-6.1,916.1,NA,240,44
1993,2,28,12,-7.4,916.7,NA,10,56
1993,2,28,15,-6.7,917.4,NA,70,61
1993,2,28,18,-9.5,918.6,NA,250,82
1993,2,28,21,-8.7,921.2,NA,250,90
1993,3,1,0,-8.1,923.8,NA,260,81
1993,3,1,3,-7.3,925.1,NA,0,76
1993,3,1,6,-4.9,926.3,3,20,45
1993,3,1,9,-3.5,927.3,NA,330,33
1993,3,1,12,-3.5,929.9,NA,250,23
1993,3,1,15,-4,932.2,NA,220,36
1993,3,1,18,NA,934.6,NA,240,75
1993,3,1,21,-5.9,935.5,NA,360,38
1993,3,2,0,-6.1,934.8,NA,30,41
1993,3,2,3,-5.7,933.1,NA,40,40
1993,3,2,6,-3.2,932.1,NA,350,35
1993,3,2,9,-3.9,932,NA,20,38
1993,3,2,12,-2.5,930.6,4,230,26
1993,3,2,15,0.7,929.1,2,290,28
1993,3,2,18,-1.3,926.7,2,100,23
1993,3,2,21,NA,924.3,NA,270,50
1993,3,3,0,NA,921.8,NA,220,83
1993,3,3,3,-5.9,920.5,NA,220,90
1993,3,3,6,NA,918.9,NA,230,81
1993,3,3,9,-6.5,916.6,NA,NA,92
1993,3,3,12,-6.4,916.5,NA,NA,87
1993,3,3,15,-6.7,914.6,NA,NA,91
1993,3,3,18,-6.8,913.9,NA,250,90
1993,3,3,21,-6.4,916.6,NA,240,80
1993,3,4,0,-5.5,918.8,NA,20,NA
1993,3,4,3,-7,917.8,NA,350,89
1993,3,4,6,-6.1,916.5,NA,10,90
1993,3,4,9,-6.3,915.2,NA,20,93
1993,3,4,12,-6.5,914.1,NA,60,93
1993,3,4,15,-7.4,913.9,NA,260,92
1993,3,4,18,-7.9,915.1,2,10,92
1993,3,4,21,-7.5,915.4,3,60,92
1993,3,5,0,-7.1,915.7,2,60,92
1993,3,5,3,-7.3,914.9,2,20,93
1993,3,5,6,-7.7,914.6,NA,230,92
1993,3,5,9,-7.5,914.2,3,230,92
1993,3,5,12,-7.6,913.7,3,220,92
1993,3,5,15,-7.8,913.1,1,200,92
1993,3,5,18,-8.2,912.3,2,210,92
1993,3,5,21,-9.2,912.2,3,190,91
1993,3,6,0,-9.5,912.6,2,160,91
1993,3,6,3,-9.1,912.8,1,150,91
1993,3,6,6,-10.2,913.6,3,200,90
1993,3,6,9,-11,914.5,NA,230,89
1993,3,6,12,-11.2,915.7,4,230,89
1993,3,6,15,-11.3,916.5,NA,NA,89
1993,3,6,18,-11.1,917,0,NA,89
1993,3,6,21,-10.7,917.9,1,NA,90
1993,3,7,0,-10.1,918.5,NA,NA,90
1993,3,7,3,-10,918.3,1,270,90
1993,3,7,6,-10.6,918.4,1,260,90
1993,3,7,9,-10.6,918.1,1,270,90
1993,3,7,12,-10.5,917.3,4,240,90
1993,3,7,15,-10.1,915.8,NA,230,90
1993,3,7,18,-10.9,913.2,NA,NA,90
1993,3,7,21,-12.3,912.2,NA,NA,87
1993,3,8,0,-11.6,914.9,NA,NA,80
1993,3,8,3,-11.4,914.8,NA,240,82
1993,3,8,6,-11.6,915.3,NA,240,86
1993,3,8,9,-12.5,917.6,NA,240,88
1993,3,8,12,-12.9,920.2,NA,230,87
1993,3,8,15,-13.3,923.4,NA,230,78
1993,3,8,18,-13.2,925.5,NA,240,79
1993,3,8,21,-13.1,927.5,NA,240,79
1993,3,9,0,-12.4,928.4,NA,200,88
1993,3,9,3,-12.6,927.9,NA,240,88
1993,3,9,6,-12.5,927.6,15,210,83
1993,3,9,9,-12.7,927.7,15,210,83
1993,3,9,12,-13,927.7,15,220,85
1993,3,9,15,-13.1,927.7,NA,230,88
1993,3,9,18,-13.3,928,NA,270,87
1993,3,9,21,-13.1,927.2,6,50,87
1993,3,10,0,-12.7,925.3,NA,50,88
1993,3,10,3,-11.6,922.2,NA,0,88
1993,3,10,6,-10.7,919.4,NA,220,80
1993,3,10,9,-13.1,916.7,NA,250,87
1993,3,10,12,-12,913.8,NA,240,88
1993,3,10,15,-13,912.1,NA,220,87
1993,3,10,18,-14.7,913.1,NA,230,86
1993,3,10,21,-16.7,916.8,NA,240,84
1993,3,11,0,-16.8,917.6,NA,240,82
1993,3,11,3,-17.1,919,NA,230,83
1993,3,11,6,-16.5,919,NA,230,75
1993,3,11,9,-16.7,918.8,NA,240,79
1993,3,11,12,-15.8,918,NA,240,66
1993,3,11,15,-16,917.8,NA,230,63
1993,3,11,18,-17.4,917.6,NA,220,73
1993,3,11,21,-17.7,917.7,17,230,83
1993,3,12,0,-17.5,918.2,NA,230,83
1993,3,12,3,-16.9,917.3,NA,70,83
1993,3,12,6,-17,915.8,6,30,83
1993,3,12,9,-17.5,914.6,7,260,83
1993,3,12,12,-16.5,913.7,NA,230,83
1993,3,12,15,-16,914.2,NA,250,84
1993,3,12,18,-16.6,914.1,NA,270,83
1993,3,12,21,-15.8,914,NA,250,84
1993,3,13,0,-15.6,914.2,3,220,85
1993,3,13,3,-15.6,914.4,2,190,84
1993,3,13,6,-17,914.3,6,240,83
1993,3,13,9,-17.1,914.2,NA,0,83
1993,3,13,12,-16.3,913.4,2,70,84
1993,3,13,15,-15.5,913.1,1,70,84
1993,3,13,18,-14.5,913,NA,NA,85
1993,3,13,21,-13.6,913.4,NA,NA,87
1993,3,14,0,-16.4,914.2,NA,NA,84
1993,3,14,3,-14.6,916,4,240,85
1993,3,14,6,-18.2,917.2,NA,230,83
1993,3,14,9,-18.9,918.4,NA,240,81
1993,3,14,12,-19.4,919.8,18,210,81
1993,3,14,15,-19.9,920.1,14,230,80
1993,3,14,18,-20.6,920.1,15,230,79
1993,3,14,21,-20.4,920.9,15,240,79
1993,3,15,0,-19.5,921.1,14,240,80
1993,3,15,3,-19.3,921.2,16,230,80
1993,3,15,6,-19.5,921.2,NA,240,80
1993,3,15,9,-19.7,921.2,19,NA,80
1993,3,15,12,-20,921.3,17,NA,80
1993,3,15,15,-19.7,921.4,15,NA,80
1993,3,15,18,-19.8,921.3,15,230,80
1993,3,15,21,-20,921.3,13,240,80
1993,3,16,0,-20.1,921.3,14,240,79
1993,3,16,3,-19.5,920.9,14,220,80
1993,3,16,6,-20.1,921.1,NA,230,79
1993,3,16,9,-20.8,921.2,18,220,79
1993,3,16,12,-20.8,921.8,19,230,79
1993,3,16,15,-20.4,922.6,NA,220,76
1993,3,16,18,-20.3,923.3,NA,210,79
1993,3,16,21,-20.2,924.1,NA,200,79
1993,3,17,0,-20.4,925,11,190,79
1993,3,17,3,-20.7,925.4,12,200,79
1993,3,17,6,-21.1,925.1,15,230,78
1993,3,17,9,-21.7,924.9,NA,230,77
1993,3,17,12,-22.6,924.9,19,240,76
1993,3,17,15,-23.4,924.3,21,230,75
1993,3,17,18,-23.4,923.4,NA,NA,71
1993,3,17,21,-23.5,923.3,NA,NA,68
1993,3,18,0,-22.4,921.8,20,NA,54
1993,3,18,3,-21.4,920.5,17,220,41
1993,3,18,6,-21.4,919.6,NA,230,51
1993,3,18,9,-22.3,918.9,NA,240,63
1993,3,18,12,-22.5,917.2,NA,220,55
1993,3,18,15,-22.7,916.5,NA,220,56
1993,3,18,18,-21.9,915.2,NA,50,48
1993,3,18,21,-21.4,914.2,NA,10,51
1993,3,19,0,-21.3,913.9,NA,10,55
1993,3,19,3,-19.7,913.5,NA,290,38
1993,3,19,6,-19.6,913,NA,350,31
1993,3,19,9,-20.4,912.7,2,220,31
1993,3,19,12,-21.3,912.8,4,260,30
1993,3,19,15,-19.3,912.6,2,180,27
1993,3,19,18,-18.2,913,6,230,30
1993,3,19,21,-17.1,914.2,NA,230,33
1993,3,20,0,-16,915.5,NA,240,40
1993,3,20,3,-13.1,915.9,NA,240,57
1993,3,20,6,-13.2,916.8,NA,230,68
1993,3,20,9,-12.2,918.8,NA,240,73
1993,3,20,12,-11.9,919.2,NA,240,64
1993,3,20,15,-12.6,919.7,NA,220,60
1993,3,20,18,-13.1,920.7,NA,230,69
1993,3,20,21,-13.9,922.6,NA,220,75
1993,3,21,0,-14.1,924.5,NA,220,85
1993,3,21,3,-12.8,925.2,NA,20,NA
1993,3,21,6,-13.7,926.2,2,160,86
1993,3,21,9,-15.9,926.3,NA,240,84
1993,3,21,12,-16.6,927.2,NA,270,83
1993,3,21,15,-17.3,927.5,NA,260,83
1993,3,21,18,-17.4,928.1,NA,300,82
1993,3,21,21,-17.4,928.7,NA,260,82
1993,3,22,0,-15.8,929.1,NA,0,83
1993,3,22,3,-17,929.3,NA,20,80
1993,3,22,6,-17.1,929.4,NA,10,82
1993,3,22,9,-17.6,929.5,NA,20,82
1993,3,22,12,-14.7,929.6,NA,290,48
1993,3,22,15,-14.3,929.3,NA,280,29
1993,3,22,18,-12.8,928.8,NA,310,24
1993,3,22,21,-12.5,928.1,NA,340,21
1993,3,23,0,-9.3,927.5,NA,360,19
1993,3,23,3,-8.4,926.2,NA,360,17
1993,3,23,6,-9.3,925.4,5,250,16
1993,3,23,9,-7.2,925,4,360,15
1993,3,23,12,-8.7,923.3,1,280,14
1993,3,23,15,-11.1,922.6,4,270,18
1993,3,23,18,-10.9,924.4,NA,230,25
1993,3,23,21,NA,927,NA,220,80
1993,3,24,0,NA,931.4,NA,220,79
1993,3,24,3,-18.5,933.6,NA,270,80
1993,3,24,6,-18.7,934.2,NA,50,80
1993,3,24,9,-18.6,933,NA,50,81
1993,3,24,12,-18.4,931.5,NA,10,79
1993,3,24,15,-17.4,931.8,NA,30,82
1993,3,24,18,-15.6,933.1,NA,40,84
1993,3,24,21,-17.9,934.1,NA,300,83
1993,3,25,0,-15.5,934.2,NA,200,84
1993,3,25,3,-15.5,934.2,3,230,84
1993,3,25,6,-16.8,934.6,NA,190,83
1993,3,25,9,-16.9,935,NA,200,83
1993,3,25,12,-17.3,935,NA,170,82
1993,3,25,15,-18,934.3,2,160,82
1993,3,25,18,-18.3,933.5,1,180,81
1993,3,25,21,-18.4,933.8,NA,NA,80
1993,3,26,0,-18.4,933.9,NA,230,81
1993,3,26,3,-18.9,934,NA,240,80
1993,3,26,6,-19.6,934.4,NA,220,80
1993,3,26,9,-19.4,935.6,15,230,79
1993,3,26,12,-18.8,937.3,NA,220,76
1993,3,26,15,-19.2,938.8,NA,180,80
1993,3,26,18,-19.3,939.4,NA,110,78
1993,3,26,21,-19,940,3,60,80
1993,3,27,0,-20,940.4,NA,220,79
1993,3,27,3,-20,940.5,NA,220,79
1993,3,27,6,-20.2,940,NA,200,79
1993,3,27,9,-20.4,939.7,3,140,79
1993,3,27,12,-20.8,939.3,NA,NA,78
1993,3,27,15,-21,938.2,3,50,77
1993,3,27,18,-22.5,937.1,NA,20,76
1993,3,27,21,-22.1,936.4,6,10,76
1993,3,28,0,-22.4,936.3,7,360,76
1993,3,28,3,-22.2,936.1,8,20,76
1993,3,28,6,-22.4,936.5,6,10,70
1993,3,28,9,-23,937.5,5,250,66
1993,3,28,12,-23.8,937.6,NA,240,74
1993,3,28,15,-23,937.7,NA,240,74
1993,3,28,18,-23.4,936.5,NA,230,73
1993,3,28,21,-23.2,936.5,NA,240,69
1993,3,29,0,-22.6,937.9,NA,240,63
1993,3,29,3,-23.1,938.7,NA,220,60
1993,3,29,6,-25,939.3,NA,190,72
1993,3,29,9,-25.2,938.9,NA,130,72
1993,3,29,12,-26,938.9,NA,70,71
1993,3,29,15,-26.3,938.4,4,160,70
1993,3,29,18,-27.7,938.2,2,340,69
1993,3,29,21,-26.9,938.2,3,50,69
1993,3,30,0,-26.3,938.3,NA,NA,70
1993,3,30,3,-27.3,938.3,1,260,69
1993,3,30,6,-28.1,938.6,2,260,68
1993,3,30,9,-28.1,938.3,NA,NA,68
1993,3,30,12,-28.3,938.3,NA,NA,67
1993,3,30,15,-28.9,938.5,1,290,67
1993,3,30,18,-28.1,938.9,3,240,68
1993,3,30,21,-27.5,939.5,3,230,68
1993,3,31,0,-26.8,940.2,4,220,70
1993,3,31,3,-26.5,940.4,NA,240,69
1993,3,31,6,-25.5,940.8,NA,220,63
1993,3,31,9,-24.9,940.6,5,220,47
1993,3,31,12,-23.8,939.6,1,340,33
1993,3,31,15,-24,938.2,3,260,25
1993,3,31,18,-22.7,936.5,NA,NA,22
1993,3,31,21,-22.4,934.5,3,260,23
1993,4,1,0,-21.6,932.8,1,200,22
1993,4,1,3,-21.8,930.8,1,210,27
1993,4,1,6,-21.9,928.9,1,320,31
1993,4,1,9,-21.4,926.6,3,290,32
1993,4,1,12,-19.6,924.8,1,20,36
1993,4,1,15,-19.4,923,2,360,34
1993,4,1,18,-18.2,922,2,330,26
1993,4,1,21,-17.4,920.8,1,330,25
1993,4,2,0,-17.2,920.2,NA,20,27
1993,4,2,3,-16.1,920.1,NA,230,23
1993,4,2,6,-17.9,920.5,4,270,26
1993,4,2,9,-17.3,920.6,NA,NA,25
1993,4,2,12,-17.4,920.3,1,110,25
1993,4,2,15,-16.9,919.2,2,20,27
1993,4,2,18,-17.1,918.4,4,270,29
1993,4,2,21,-16.6,917.8,4,40,30
1993,4,3,0,-16,917.8,5,230,30
1993,4,3,3,-15.8,917.5,NA,220,29
1993,4,3,6,-15.2,917.8,NA,220,52
1993,4,3,9,-14.3,917.6,NA,220,52
1993,4,3,12,-14.1,914.5,NA,240,82
1993,4,3,15,-13.6,912.1,NA,230,85
1993,4,3,18,-12.6,916.4,NA,NA,86
1993,4,3,21,-10,919.5,NA,NA,72
1993,4,4,0,-10.5,926.3,NA,120,56
1993,4,4,3,-7.9,925.4,NA,330,47
1993,4,4,6,-6.3,924.9,NA,360,33
1993,4,4,9,-3.4,923.9,NA,260,24
1993,4,4,12,-5.3,921.6,NA,240,27
1993,4,4,15,-5.9,919.8,NA,230,31
1993,4,4,18,-7.6,918.3,NA,300,29
1993,4,4,21,-8.8,917.5,NA,260,29
1993,4,5,0,-9.4,917.5,NA,260,36
1993,4,5,3,-12.4,917.6,NA,240,50
1993,4,5,6,-12.3,916.7,NA,20,55
1993,4,5,9,-14.6,916.3,NA,290,57
1993,4,5,12,-15.9,915.7,5,20,83
1993,4,5,15,-16.8,914.5,6,30,82
1993,4,5,18,-16.7,914.3,NA,40,82
1993,4,5,21,-17.6,913.5,NA,250,81
1993,4,6,0,-19.1,912.3,NA,230,79
1993,4,6,3,-19.3,911.5,NA,220,79
1993,4,6,6,-20.6,911.9,15,220,78
1993,4,6,9,-21.7,913,NA,230,76
1993,4,6,12,-21.8,913.4,NA,90,76
1993,4,6,15,-23.3,913.7,NA,0,74
1993,4,6,18,-23.9,913.3,2,20,73
1993,4,6,21,-24,912.9,NA,20,73
1993,4,7,0,-21.8,913.7,2,230,76
1993,4,7,3,-20.3,914.8,NA,0,77
1993,4,7,6,-20.5,916.2,NA,250,77
1993,4,7,9,-19,917.8,NA,240,62
1993,4,7,12,-17.3,919.2,2,300,46
1993,4,7,15,-17.8,920.2,2,320,40
1993,4,7,18,-21,921.5,NA,230,47
1993,4,7,21,-21.1,923.5,NA,260,76
1993,4,8,0,-20.7,926.4,NA,220,76
1993,4,8,3,-19.8,927.7,NA,10,78
1993,4,8,6,-18.5,928.5,NA,350,51
1993,4,8,9,-17.2,930,NA,360,33
1993,4,8,12,-17.4,930.8,NA,30,29
1993,4,8,15,-17.1,930.9,NA,360,31
1993,4,8,18,-17.3,930.7,NA,360,31
1993,4,8,21,-17.9,930.5,11,20,33
1993,4,9,0,-19.2,930.3,NA,20,36
1993,4,9,3,-19.3,930,NA,10,46
1993,4,9,6,-19.9,929.8,NA,340,53
1993,4,9,9,-20.8,928.9,4,240,58
1993,4,9,12,-20.2,928.5,5,250,54
1993,4,9,15,-21,927.8,NA,20,48
1993,4,9,18,-18.1,926.1,NA,10,34
1993,4,9,21,-19.5,924.2,NA,20,36
1993,4,10,0,-20.7,923.2,4,250,NA
1993,4,10,3,-21.1,922.3,NA,240,74
1993,4,10,6,-22.4,921.1,NA,260,74
1993,4,10,9,-22.2,920,NA,220,75
1993,4,10,12,-22.8,919.2,8,260,74
1993,4,10,15,-22.9,918.7,8,210,74
1993,4,10,18,-23.5,917.9,8,240,73
1993,4,10,21,-24.6,917.7,7,230,72
1993,4,11,0,-25.4,917.8,NA,230,70
1993,4,11,3,-25.8,917.7,11,220,70
1993,4,11,6,-25.4,917.6,10,230,70
1993,4,11,9,-25.2,917.7,12,220,70
1993,4,11,12,-25.1,918.2,13,220,70
1993,4,11,15,-24.9,917,NA,230,70
1993,4,11,18,-24.9,918,NA,230,71
1993,4,11,21,-25.1,920,NA,220,71
1993,4,12,0,-25,921,NA,NA,71
1993,4,12,3,-24.7,921.9,NA,NA,71
1993,4,12,6,-24.2,924.8,NA,NA,69
1993,4,12,9,-23.5,927.4,NA,NA,71
1993,4,12,12,-23,930.5,NA,230,65
1993,4,12,15,-22.9,932.2,NA,240,53
1993,4,12,18,-22.6,933.8,NA,230,49
1993,4,12,21,-22.9,935.4,NA,230,73
1993,4,13,0,-23.9,935.7,NA,330,73
1993,4,13,3,-22.5,935.7,NA,0,71
1993,4,13,6,-22.5,935.2,NA,10,NA
1993,4,13,9,-23.7,934.6,NA,30,63
1993,4,13,12,-25,934.7,8,20,70
1993,4,13,15,-24.7,934.3,7,50,71
1993,4,13,18,-25.1,934.3,NA,20,70
1993,4,13,21,-24.3,934.2,5,40,71
1993,4,14,0,-24.5,934.2,2,20,72
1993,4,14,3,-25.3,934.3,NA,290,71
1993,4,14,6,-23.7,933.9,1,50,72
1993,4,14,9,-22,933.9,3,360,74
1993,4,14,12,-20.4,933.5,1,290,64
1993,4,14,15,-19,932.7,4,30,33
1993,4,14,18,-19.2,930.8,NA,360,24
1993,4,14,21,-18.9,929.9,NA,270,24
1993,4,15,0,-22.8,928.6,NA,270,30
1993,4,15,3,-23.6,927.1,NA,240,59
1993,4,15,6,-22.6,926,NA,120,52
1993,4,15,9,-22.8,924.5,NA,240,35
1993,4,15,12,-21.6,922.1,NA,250,44
1993,4,15,15,-21.6,918.7,NA,20,44
1993,4,15,18,-20.2,915.2,3,260,39
1993,4,15,21,-18.5,911.6,2,340,40
1993,4,16,0,-17.3,907.7,NA,330,38
1993,4,16,3,-17.9,903.2,NA,20,36
1993,4,16,6,-19,899.3,7,20,30
1993,4,16,9,-17.6,896.9,NA,260,26
1993,4,16,12,-21.5,896.4,NA,260,44
1993,4,16,15,-22.4,897.8,NA,250,28
1993,4,16,18,NA,899,NA,250,41
1993,4,16,21,-23.4,901,NA,170,68
1993,4,17,0,-20.1,902.4,NA,250,57
1993,4,17,3,-19,903.9,NA,230,30
1993,4,17,6,-18.6,905.6,7,230,28
1993,4,17,9,-18.7,907.6,NA,230,29
1993,4,17,12,-16.9,909.2,NA,220,56
1993,4,17,15,-15.7,910.6,NA,230,81
1993,4,17,18,-16.3,913.9,NA,200,83
1993,4,17,21,-17.2,916.9,NA,190,81
1993,4,18,0,-16.9,918.8,NA,200,82
1993,4,18,3,-17.9,918.4,7,190,80
1993,4,18,6,-18.3,917.7,NA,220,80
1993,4,18,9,-17.3,915.6,NA,230,81
1993,4,18,12,-18.2,912.8,NA,240,80
1993,4,18,15,-18.5,912.7,NA,230,80
1993,4,18,18,-19.3,913.1,NA,230,79
1993,4,18,21,-19.8,912.7,50,240,78
1993,4,19,0,-20.1,911.2,53,240,78
1993,4,19,3,-20.5,912.1,54,230,78
1993,4,19,6,-20.9,910.3,NA,230,77
1993,4,19,9,-20.4,913.9,53,230,77
1993,4,19,12,-20.9,915.3,55,240,77
1993,4,19,15,-20.7,918.3,54,NA,77
1993,4,19,18,-20.4,918.4,NA,NA,77
1993,4,19,21,-20.5,920.2,NA,NA,77
1993,4,20,0,-21,921,NA,230,77
1993,4,20,3,-20.3,920.2,NA,NA,64
1993,4,20,6,-19.8,920.2,NA,NA,56
1993,4,20,9,-19.6,921.3,NA,NA,53
1993,4,20,12,-21.2,921.3,NA,220,63
1993,4,20,15,-21.8,920.7,15,250,75
1993,4,20,18,-22.7,921,NA,230,75
1993,4,20,21,-22,921,NA,350,74
1993,4,21,0,-22.4,921.4,NA,340,74
1993,4,21,3,-23.5,921,3,250,73
1993,4,21,6,-24,921.2,5,230,72
1993,4,21,9,-24.2,920.9,3,260,72
1993,4,21,12,-23.8,920.6,2,10,72
1993,4,21,15,-24.5,919.4,4,350,72
1993,4,21,18,-24.3,918.2,NA,360,72
1993,4,21,21,-24.2,918,6,50,72
1993,4,22,0,-23.5,917.4,7,40,73
1993,4,22,3,-23.1,917.1,4,40,74
1993,4,22,6,-22.3,916.5,6,30,74
1993,4,22,9,-21.9,916.3,4,20,75
1993,4,22,12,-22.1,916.4,NA,10,75
1993,4,22,15,-25.3,916.1,NA,240,71
1993,4,22,18,-24.9,916.1,6,230,71
1993,4,22,21,-24.6,916.2,4,270,72
1993,4,23,0,-24.5,916.7,4,200,72
1993,4,23,3,-24.4,916.4,4,220,72
1993,4,23,6,-25,916.6,5,210,71
1993,4,23,9,-26.1,917.2,5,230,70
1993,4,23,12,-26.4,917.6,4,230,69
1993,4,23,15,-27,918.4,3,230,69
1993,4,23,18,-27.5,918.7,4,220,68
1993,4,23,21,-28.2,919.9,2,300,67
1993,4,24,0,-28.1,921,1,240,67
1993,4,24,3,-28.1,921,5,230,67
1993,4,24,6,-29.1,921.4,4,240,66
1993,4,24,9,-28.2,921.4,3,270,66
1993,4,24,12,-27.7,920.5,NA,240,67
1993,4,24,15,-27.4,920,NA,240,68
1993,4,24,18,-27.5,920.7,NA,230,68
1993,4,24,21,-27.8,921,NA,220,67
1993,4,25,0,-28.1,921.3,NA,NA,67
1993,4,25,3,-28.5,921.4,19,NA,66
1993,4,25,6,-28.4,921.3,19,NA,66
1993,4,25,9,-28.4,921.1,16,230,66
1993,4,25,12,-28.5,920.9,NA,230,66
1993,4,25,15,-28.2,920.9,NA,210,66
1993,4,25,18,-28.7,920.8,NA,210,66
1993,4,25,21,-29.4,920.2,6,260,65
1993,4,26,0,-29.8,920.3,NA,0,64
1993,4,26,3,-29.5,920.3,5,20,65
1993,4,26,6,-30.1,920.7,6,350,64
1993,4,26,9,-30.2,920.2,8,350,64
1993,4,26,12,-29.9,920.1,5,10,64
1993,4,26,15,-28.7,919.6,NA,240,65
1993,4,26,18,-29.5,919.5,2,230,65
1993,4,26,21,-29.4,919.6,1,260,64
1993,4,27,0,-28.3,919.5,4,240,66
1993,4,27,3,-27.2,919.3,1,NA,67
1993,4,27,6,-27.3,918.9,NA,350,67
1993,4,27,9,-27.7,919.2,3,350,67
1993,4,27,12,-25.2,918.9,4,270,70
1993,4,27,15,NA,919,3,320,60
1993,4,27,18,-26.3,920,NA,260,44
1993,4,27,21,-22.2,921.8,NA,70,37
1993,4,28,0,-24.5,924.3,NA,260,30
1993,4,28,3,-24.3,928,2,30,38
1993,4,28,6,-21.4,929.5,NA,10,34
1993,4,28,9,-20.2,930.2,NA,20,30
1993,4,28,12,-19,930.1,NA,10,30
1993,4,28,15,-17.6,929.7,NA,20,17
1993,4,28,18,-17.5,928.5,NA,30,43
1993,4,28,21,NA,927.4,NA,50,74
1993,4,29,0,-22,925.8,NA,250,75
1993,4,29,3,-23.8,925.6,NA,240,74
1993,4,29,6,-22.5,924.1,NA,220,74
1993,4,29,9,-22.9,924.9,NA,230,74
1993,4,29,12,-22.4,924.4,NA,230,75
1993,4,29,15,-22.2,923.5,18,220,75
1993,4,29,18,-22.3,922.2,NA,220,75
1993,4,29,21,-22.7,922.9,NA,230,74
1993,4,30,0,-23.7,922.7,NA,240,73
1993,4,30,3,-24.3,922.1,NA,230,72
1993,4,30,6,-24.7,921.2,NA,260,71
1993,4,30,9,-24.8,919.7,NA,10,71
1993,4,30,12,-27,918.8,4,170,69
1993,4,30,15,-28,917.8,1,200,67
1993,4,30,18,-28.6,916.4,3,80,66
1993,4,30,21,-29.9,915.2,NA,200,64
1993,5,1,0,-31.2,914.8,6,210,62
1993,5,1,3,-31.7,914.5,9,220,62
1993,5,1,6,-32.6,914.8,6,200,60
1993,5,1,9,-33.2,914.6,NA,50,59
1993,5,1,12,-32.8,914.5,NA,50,60
1993,5,1,15,-33.1,914.2,NA,10,60
1993,5,1,18,-33.3,914.4,5,20,60
1993,5,1,21,-31.6,915.5,NA,360,61
1993,5,2,0,-30.6,917.1,7,10,63
1993,5,2,3,-28.3,918.6,NA,260,64
1993,5,2,6,-26,919.4,4,10,69
1993,5,2,9,-25.6,920.3,4,360,62
1993,5,2,12,-25.3,921.1,5,250,60
1993,5,2,15,-26.6,921.7,NA,230,61
1993,5,2,18,-26.3,922.8,NA,240,54
1993,5,2,21,-24.2,923.1,NA,230,52
1993,5,3,0,-23.9,923.9,NA,250,46
1993,5,3,3,-23.3,924.2,NA,230,51
1993,5,3,6,-26.3,924.9,NA,240,61
1993,5,3,9,-26.1,925.7,NA,240,69
1993,5,3,12,-24.9,926,NA,220,71
1993,5,3,15,-25.4,926.2,4,220,70
1993,5,3,18,-24.7,926,2,310,71
1993,5,3,21,-24.2,925.6,3,350,70
1993,5,4,0,-23.5,925,NA,30,NA
1993,5,4,3,-24.4,924.5,4,260,72
1993,5,4,6,-24.7,924.4,NA,220,71
1993,5,4,9,-26.2,924,NA,240,70
1993,5,4,12,-25.1,924.4,NA,230,70
1993,5,4,15,-25.6,924.8,NA,240,71
1993,5,4,18,-24.7,924.6,NA,250,71
1993,5,4,21,-25.4,924.8,14,250,70
1993,5,5,0,-24.9,924.3,NA,250,71
1993,5,5,3,-25,923.5,NA,230,71
1993,5,5,6,-24.9,923.6,NA,230,71
1993,5,5,9,-25.6,923.1,NA,220,71
1993,5,5,12,-25.3,922.2,10,210,70
1993,5,5,15,-25.5,921.3,NA,240,70
1993,5,5,18,-26.7,920.5,12,230,69
1993,5,5,21,-26.7,920.3,12,NA,68
1993,5,6,0,-26.7,920.3,10,230,68
1993,5,6,3,-26.4,920.6,8,230,69
1993,5,6,6,-26.2,921,NA,220,69
1993,5,6,9,-25.8,921.8,NA,NA,69
1993,5,6,12,-25.8,922.3,NA,NA,70
1993,5,6,15,-26.3,923.3,24,NA,69
1993,5,6,18,-27.6,924.6,22,230,68
1993,5,6,21,-28.5,925.5,24,230,66
1993,5,7,0,-29.4,926.2,23,230,64
1993,5,7,3,-29.8,926.2,NA,240,64
1993,5,7,6,-30,927,NA,240,64
1993,5,7,9,-30.2,927.9,NA,240,63
1993,5,7,12,-31.4,927.9,NA,290,62
1993,5,7,15,-29.9,926.9,NA,10,63
1993,5,7,18,-30,923.8,NA,330,63
1993,5,7,21,-30.4,921.6,NA,340,64
1993,5,8,0,-30.1,922,NA,360,62
1993,5,8,3,NA,922,NA,250,61
1993,5,8,6,-30.9,921.9,6,260,62
1993,5,8,9,-31.3,922.6,8,250,61
1993,5,8,12,-31,923.2,NA,220,62
1993,5,8,15,-30.9,923.4,NA,220,63
1993,5,8,18,-30.6,923.9,NA,NA,63
1993,5,8,21,-31.6,923.9,NA,NA,62
1993,5,9,0,-31.9,922.6,NA,NA,61
1993,5,9,3,-31.9,924.4,NA,NA,61
1993,5,9,6,-31.9,925.6,NA,NA,61
1993,5,9,9,-31.8,925.7,NA,NA,61
1993,5,9,12,-31.8,925.5,NA,220,61
1993,5,9,15,-31.4,925.5,NA,220,61
1993,5,9,18,-31.2,925.6,NA,250,62
1993,5,9,21,-30.7,925.4,1,70,62
1993,5,10,0,-30.7,925.2,NA,NA,62
1993,5,10,3,-30.1,924.8,3,250,63
1993,5,10,6,-30.9,924,NA,260,62
1993,5,10,9,-30.7,923.6,NA,240,62
1993,5,10,12,-30.4,923.5,13,NA,63
1993,5,10,15,-30.3,922.5,NA,NA,63
1993,5,10,18,-29.5,922.6,16,NA,64
1993,5,10,21,-29.5,922.9,15,230,64
1993,5,11,0,-29.4,922.4,NA,220,64
1993,5,11,3,-29.7,922.3,12,240,64
1993,5,11,6,-30.1,922.2,12,240,63
1993,5,11,9,-31,921.9,14,230,62
1993,5,11,12,-31.5,922.5,11,220,62
1993,5,11,15,-32,923.2,10,210,61
1993,5,11,18,-32.7,924.7,NA,220,60
1993,5,11,21,-33.5,925.4,NA,290,59
1993,5,12,0,-33.3,925.5,4,30,59
1993,5,12,3,-33.3,924.7,NA,360,59
1993,5,12,6,-32.5,923.3,NA,20,59
1993,5,12,9,-31.3,923.3,NA,40,62
1993,5,12,12,-30.6,923.6,NA,40,62
1993,5,12,15,-29.2,924.2,NA,20,65
1993,5,12,18,-27.6,925,3,260,66
1993,5,12,21,-31.1,925.6,NA,260,63
1993,5,13,0,-28.9,925,NA,230,65
1993,5,13,3,-27.1,925.3,NA,230,67
1993,5,13,6,-26.9,923,NA,220,68
1993,5,13,9,-27.1,925.2,NA,220,67
1993,5,13,12,-27.3,929.1,NA,230,67
1993,5,13,15,-27,932.4,NA,220,68
1993,5,13,18,-26.3,934,NA,230,68
1993,5,13,21,-26.3,936,NA,240,69
1993,5,14,0,-26.4,936.2,NA,270,68
1993,5,14,3,-26.4,935.5,NA,NA,69
1993,5,14,6,-26.3,933.9,4,NA,69
1993,5,14,9,-26.4,932,NA,40,69
1993,5,14,12,-26.6,929.6,NA,20,68
1993,5,14,15,-25.9,927.1,9,20,69
1993,5,14,18,-26.6,924.7,NA,30,69
1993,5,14,21,-26.3,923,NA,70,69
1993,5,15,0,-26.8,920.4,5,20,69
1993,5,15,3,-26.1,918.8,4,NA,69
1993,5,15,6,-26.1,917.3,NA,240,69
1993,5,15,9,-27.6,916.4,NA,220,67
1993,5,15,12,-26.4,914.1,NA,NA,69
1993,5,15,15,-27,914.1,NA,NA,69
1993,5,15,18,-27.2,913.3,NA,NA,67
1993,5,15,21,-27.8,913.2,NA,230,67
1993,5,16,0,-27.2,912,NA,NA,68
1993,5,16,3,-26.2,912.7,38,NA,69
1993,5,16,6,-25.6,911.7,NA,NA,70
1993,5,16,9,-24,913.5,NA,NA,71
1993,5,16,12,-23.3,913.5,NA,240,69
1993,5,16,15,-22.5,914.8,49,230,70
1993,5,16,18,-22.6,917.8,NA,230,71
1993,5,16,21,-22.1,918.3,NA,220,74
1993,5,17,0,-20.9,919.2,NA,220,76
1993,5,17,3,-20.1,920.4,NA,230,77
1993,5,17,6,-20.9,921.4,NA,40,76
1993,5,17,9,-21.3,921.6,NA,100,76
1993,5,17,12,-20.5,920.4,3,10,77
1993,5,17,15,-21.7,920.1,5,30,74
1993,5,17,18,-21.7,919.6,NA,20,63
1993,5,17,21,-24.2,918.7,NA,30,63
1993,5,18,0,-22.6,918,NA,210,68
1993,5,18,3,-22,917.5,4,260,68
1993,5,18,6,-20.9,917.4,NA,200,58
1993,5,18,9,-20.7,918,4,210,50
1993,5,18,12,-19.8,918.4,NA,10,39
1993,5,18,15,-20.2,918.2,6,20,41
1993,5,18,18,-21.4,918.1,3,260,41
1993,5,18,21,-24.5,918,NA,240,59
1993,5,19,0,-23.8,918,5,240,54
1993,5,19,3,-24.9,917.2,NA,210,70
1993,5,19,6,-22.8,917.1,2,240,64
1993,5,19,9,NA,916.9,1,360,59
1993,5,19,12,NA,914.7,NA,250,66
1993,5,19,15,-26.4,911.1,NA,230,68
1993,5,19,18,-25,906.1,NA,220,70
1993,5,19,21,-24.8,905.3,NA,220,70
1993,5,20,0,-25.2,903.7,49,230,70
1993,5,20,3,-25.6,902,NA,230,69
1993,5,20,6,-27.2,905.3,45,230,68
1993,5,20,9,-25.6,904.7,NA,NA,70
1993,5,20,12,-25.3,905.9,NA,NA,69
1993,5,20,15,-25.9,909.4,NA,NA,66
1993,5,20,18,-25,910.9,NA,220,54
1993,5,20,21,-24.5,911.4,NA,230,53
1993,5,21,0,-24.1,911.6,NA,250,47
1993,5,21,3,-22.7,911.3,NA,350,47
1993,5,21,6,-22.7,911.6,NA,10,45
1993,5,21,9,-23.7,912,11,20,52
1993,5,21,12,-24.1,913.6,NA,230,71
1993,5,21,15,-24.5,914.3,NA,180,71
1993,5,21,18,-25.2,914.6,3,220,70
1993,5,21,21,-23.8,915.1,NA,220,72
1993,5,22,0,-23.5,915.1,NA,240,54
1993,5,22,3,-22.5,914.3,NA,230,47
1993,5,22,6,-21.8,913.3,NA,220,46
1993,5,22,9,-18.5,909.7,NA,240,50
1993,5,22,12,-17.3,911.3,NA,230,53
1993,5,22,15,-15.1,909.6,NA,240,55
1993,5,22,18,-13.6,909.5,NA,230,44
1993,5,22,21,-13.1,909.9,NA,220,39
1993,5,23,0,-17.5,910.3,NA,210,47
1993,5,23,3,-18,909.8,NA,240,49
1993,5,23,6,-19.9,907.6,NA,20,60
1993,5,23,9,-21.1,906,NA,350,66
1993,5,23,12,-21.5,905.4,NA,20,70
1993,5,23,15,-20.8,903.5,NA,350,52
1993,5,23,18,-19.7,900.2,NA,330,38
1993,5,23,21,-19,899.5,NA,20,40
1993,5,24,0,-21.8,898.8,NA,40,44
1993,5,24,3,NA,899.9,NA,250,60
1993,5,24,6,-24.9,902.1,NA,260,71
1993,5,24,9,-23.1,904.4,NA,50,74
1993,5,24,12,-23.3,906.7,NA,240,72
1993,5,24,15,-23.4,908.1,NA,0,73
1993,5,24,18,-24.1,909.1,NA,50,72
1993,5,24,21,-24.4,907.9,NA,20,71
1993,5,25,0,-24.7,906.6,NA,50,71
1993,5,25,3,-24.2,906,NA,320,71
1993,5,25,6,-24.8,904.4,NA,220,71
1993,5,25,9,-24.6,904.5,NA,220,71
1993,5,25,12,-24.5,907.5,NA,240,72
1993,5,25,15,-22.1,912.2,NA,10,75
1993,5,25,18,-21.5,913.8,NA,360,65
1993,5,25,21,-22.8,917.6,NA,30,59
1993,5,26,0,-23.4,919.1,NA,250,73
1993,5,26,3,-23.5,920.1,2,360,72
1993,5,26,6,-23.9,919.7,5,20,72
1993,5,26,9,-23.1,920.1,NA,30,66
1993,5,26,12,-23.3,920.3,NA,340,60
1993,5,26,15,-23.1,920.3,NA,190,72
1993,5,26,18,-24.1,919.2,NA,230,71
1993,5,26,21,NA,918.4,NA,240,62
1993,5,27,0,-24.2,915.7,NA,220,72
1993,5,27,3,-26.3,914.9,NA,230,69
1993,5,27,6,-25.4,913.3,NA,220,70
1993,5,27,9,-24.2,913.1,NA,210,72
1993,5,27,12,-25.4,913.3,NA,220,71
1993,5,27,15,-26.1,912.7,58,230,69
1993,5,27,18,-26.6,911.4,NA,230,68
1993,5,27,21,-27.6,913.6,NA,NA,67
1993,5,28,0,-27.6,916.5,NA,NA,67
1993,5,28,3,-27.3,918.8,NA,NA,67
1993,5,28,6,-27.2,921,48,NA,67
1993,5,28,9,-27.3,923.3,NA,NA,63
1993,5,28,12,-27.2,927.2,NA,230,48
1993,5,28,15,-27.2,928.7,NA,220,64
1993,5,28,18,-27.3,927.4,NA,80,67
1993,5,28,21,-26.5,926,NA,50,68
1993,5,29,0,-27.3,924,NA,10,67
1993,5,29,3,-27.3,922.6,NA,0,67
1993,5,29,6,-27.1,921.8,NA,340,67
1993,5,29,9,-27.9,921.3,NA,270,66
1993,5,29,12,-28.8,921.5,NA,240,65
1993,5,29,15,-30.2,921.8,NA,250,64
1993,5,29,18,-30.6,922.5,NA,230,63
1993,5,29,21,-31.4,922.8,NA,220,61
1993,5,30,0,-32.1,923.3,15,230,60
1993,5,30,3,-32.6,923.4,13,230,60
1993,5,30,6,-33.2,923.7,NA,230,59
1993,5,30,9,-33.4,924,NA,220,59
1993,5,30,12,-32.9,923.2,NA,230,59
1993,5,30,15,-31.8,922.1,NA,NA,60
1993,5,30,18,-31.3,920.6,NA,NA,61
1993,5,30,21,-30.3,919.3,NA,NA,62
1993,5,31,0,-30.1,920.2,NA,NA,60
1993,5,31,3,-29.6,921.3,41,240,59
1993,5,31,6,-28.2,923.1,38,230,54
1993,5,31,9,-28.4,924.4,NA,230,58
1993,5,31,12,-27.2,925.9,NA,220,51
1993,5,31,15,-26.2,924.9,NA,220,55
1993,5,31,18,-26.7,923.6,NA,230,67
1993,5,31,21,-26.9,922.1,NA,220,64
1993,6,1,0,-28.2,919.8,NA,220,66
1993,6,1,3,-29.1,917.7,NA,220,64
1993,6,1,6,-29.3,915.6,NA,230,64
1993,6,1,9,-28.3,913.6,NA,220,57
1993,6,1,12,-28.7,910.6,NA,220,64
1993,6,1,15,-27.2,907.1,NA,230,64
1993,6,1,18,-26.6,907.6,NA,230,60
1993,6,1,21,-25.3,906.7,NA,220,61
1993,6,2,0,NA,903.4,NA,240,61
1993,6,2,3,NA,898.7,NA,240,53
1993,6,2,6,NA,896.8,NA,250,47
1993,6,2,9,-14.5,894.7,NA,240,42
1993,6,2,12,-15.5,896.4,NA,230,66
1993,6,2,15,-15.1,896.7,NA,250,58
1993,6,2,18,-14.2,897.4,NA,10,53
1993,6,2,21,-15.9,899.7,NA,280,67
1993,6,3,0,-15.5,902.5,NA,220,82
1993,6,3,3,-17.4,903.7,NA,230,80
1993,6,3,6,NA,909.7,NA,220,76
1993,6,3,9,-19.5,912,NA,220,77
1993,6,3,12,-19.1,912.8,NA,240,79
1993,6,3,15,-20.2,913.6,NA,240,77
1993,6,3,18,-20,914.5,54,230,77
1993,6,3,21,-20,912.4,NA,240,77
1993,6,4,0,-19.8,907.7,NA,240,77
1993,6,4,3,-19,912.7,NA,230,78
1993,6,4,6,-18.3,913.5,NA,NA,79
1993,6,4,9,-18.4,912.4,NA,NA,79
1993,6,4,12,-18.6,908.4,NA,NA,79
1993,6,4,15,-16.6,911.7,NA,240,68
1993,6,4,18,-18.8,911.6,NA,220,78
1993,6,4,21,-16.7,904.7,NA,240,79
1993,6,5,0,-17.2,905.9,NA,240,80
1993,6,5,3,-17.6,905.3,50,230,80
1993,6,5,6,-18.2,908.5,NA,230,80
1993,6,5,9,-18,909.2,NA,230,79
1993,6,5,12,-17.1,907.5,NA,240,61
1993,6,5,15,-18.3,906.4,NA,NA,80
1993,6,5,18,-18.8,906.5,NA,NA,73
1993,6,5,21,-18,908.1,NA,NA,73
1993,6,6,0,-18.8,906.9,NA,NA,79
1993,6,6,3,-18.6,906.2,NA,230,79
1993,6,6,6,-18.9,907.9,49,240,79
1993,6,6,9,-18.7,908.2,52,240,72
1993,6,6,12,-17.9,909.4,NA,250,53
1993,6,6,15,-16.7,909.8,NA,240,50
1993,6,6,18,-16.4,913,NA,230,55
1993,6,6,21,-16.8,915.3,NA,240,58
1993,6,7,0,-16.8,917.4,16,250,58
1993,6,7,3,-16.3,919.2,NA,230,70
1993,6,7,6,-14.7,921.2,NA,230,57
1993,6,7,9,-15.1,923.6,NA,230,70
1993,6,7,12,-14.9,926.1,NA,220,77
1993,6,7,15,-15.2,927.4,NA,230,83
1993,6,7,18,-15.2,929.3,NA,200,83
1993,6,7,21,-15.4,931.4,NA,220,83
1993,6,8,0,-16.2,931.8,NA,230,81
1993,6,8,3,-16,932,NA,220,73
1993,6,8,6,-16.9,933.4,NA,NA,82
1993,6,8,9,-16.3,933.7,NA,NA,82
1993,6,8,12,-15.4,935.2,NA,NA,78
1993,6,8,15,-15.4,934.5,NA,NA,78
1993,6,8,18,-14.5,935.3,NA,240,77
1993,6,8,21,-14.5,934.7,NA,230,78
1993,6,9,0,-15.5,935.5,46,NA,73
1993,6,9,3,-15.6,933.9,47,NA,75
1993,6,9,6,-17.1,934.3,NA,220,73
1993,6,9,9,-18.5,936.7,NA,230,80
1993,6,9,12,-17.1,935.9,NA,230,79
1993,6,9,15,-17.4,935.2,NA,230,76
1993,6,9,18,-18.5,933.5,NA,210,79
1993,6,9,21,-18.7,934.1,NA,230,79
1993,6,10,0,-18,931.8,38,220,80
1993,6,10,3,-18.8,930.2,NA,230,79
1993,6,10,6,-19.1,928.8,NA,210,79
1993,6,10,9,-20.3,925.5,NA,230,78
1993,6,10,12,-21.8,920.4,NA,220,76
1993,6,10,15,-21.4,920.7,53,230,76
1993,6,10,18,-23.9,918.7,NA,230,72
1993,6,10,21,-25.7,917.4,NA,230,71
1993,6,11,0,-26.5,915.5,NA,NA,69
1993,6,11,3,-27.4,915.4,NA,NA,68
1993,6,11,6,-28,913.8,NA,NA,67
1993,6,11,9,-28.9,915.1,NA,240,66
1993,6,11,12,-28,918.7,56,230,67
1993,6,11,15,-29,923.5,NA,NA,66
1993,6,11,18,-28,924,NA,NA,66
1993,6,11,21,-27.2,924.8,NA,NA,51
1993,6,12,0,-26.7,924.5,NA,NA,48
1993,6,12,3,-25.8,925.6,NA,NA,55
1993,6,12,6,-25.8,924.7,NA,350,65
1993,6,12,9,-26.2,924,NA,40,66
1993,6,12,12,-26.1,922.6,5,50,68
1993,6,12,15,-25.9,921.4,3,250,69
1993,6,12,18,-26.3,920,3,250,66
1993,6,12,21,-25.3,919.6,NA,70,70
1993,6,13,0,-24.6,918.8,4,60,71
1993,6,13,3,-25.1,917.4,NA,260,71
1993,6,13,6,-28.5,915.2,NA,270,67
1993,6,13,9,-28.2,913.3,NA,250,66
1993,6,13,12,-28,910.2,NA,230,67
1993,6,13,15,-27.5,909.2,10,230,67
1993,6,13,18,-25.6,907.3,13,240,69
1993,6,13,21,-24.3,905.3,NA,240,65
1993,6,14,0,-22.5,903.1,NA,230,56
1993,6,14,3,-21.4,901.4,NA,230,67
1993,6,14,6,-20.7,900.8,NA,240,75
1993,6,14,9,-20.3,902.4,NA,240,77
1993,6,14,12,-19.9,906.6,NA,250,51
1993,6,14,15,-19,906.8,NA,220,37
1993,6,14,18,-19.1,906.1,NA,250,40
1993,6,14,21,-19.1,906.6,NA,230,57
1993,6,15,0,-20.4,907.4,NA,250,66
1993,6,15,3,-20.6,907.6,NA,250,71
1993,6,15,6,-20,907.9,NA,230,63
1993,6,15,9,-20.7,907.9,5,210,75
1993,6,15,12,-21.2,908.6,NA,230,75
1993,6,15,15,-24.4,908.8,NA,240,66
1993,6,15,18,-23.8,908.4,NA,230,72
1993,6,15,21,-24.2,909.6,NA,230,72
1993,6,16,0,-22.5,909.4,NA,230,73
1993,6,16,3,-23.1,911.1,NA,210,73
1993,6,16,6,-23.8,910.8,NA,220,72
1993,6,16,9,-24.7,910.5,NA,260,71
1993,6,16,12,-24.1,909.4,NA,280,71
1993,6,16,15,-24.5,908.5,3,240,72
1993,6,16,18,-24.5,907.2,NA,250,72
1993,6,16,21,-23.9,906.7,2,240,72
1993,6,17,0,-22.4,905.8,4,230,74
1993,6,17,3,-22.2,904.5,NA,230,75
1993,6,17,6,-21.7,903.4,NA,230,75
1993,6,17,9,NA,900.9,NA,240,44
1993,6,17,12,NA,900.7,NA,230,45
1993,6,17,15,-18,900.2,NA,220,47
1993,6,17,18,-17.8,898.5,NA,240,48
1993,6,17,21,-17.8,898,NA,210,73
1993,6,18,0,-19.7,897.1,NA,50,78
1993,6,18,3,-21,896.6,3,40,76
1993,6,18,6,-21.1,895.9,4,200,76
1993,6,18,9,-21.9,895.6,1,260,75
1993,6,18,12,-21.7,895,3,170,75
1993,6,18,15,-22.5,894.2,NA,240,74
1993,6,18,18,-22.9,893.4,6,240,74
1993,6,18,21,-23.1,893.9,4,230,73
1993,6,19,0,-24.2,893.7,7,250,72
1993,6,19,3,-24.9,894.3,5,230,71
1993,6,19,6,-24.9,895.1,3,210,71
1993,6,19,9,-25.1,896.8,6,230,71
1993,6,19,12,-24.7,899.6,4,240,72
1993,6,19,15,-25.2,901.9,4,230,71
1993,6,19,18,-25.2,904.4,2,250,71
1993,6,19,21,-25.8,906.5,NA,NA,70
1993,6,20,0,-26.2,908,NA,NA,69
1993,6,20,3,-27.3,909.6,NA,NA,68
1993,6,20,6,-27.7,910.6,3,260,67
1993,6,20,9,-27.8,913,NA,NA,67
1993,6,20,12,-27.6,914.7,1,250,67
1993,6,20,15,-27.6,916.3,1,10,67
1993,6,20,18,-26.9,916.7,4,20,68
1993,6,20,21,-26.6,916.9,2,50,69
1993,6,21,0,-26.7,916.3,1,300,69
1993,6,21,3,-28.3,914.4,NA,220,65
1993,6,21,6,-27.5,911.6,NA,220,67
1993,6,21,9,-25.4,911.7,NA,220,70
1993,6,21,12,-25.7,911.1,NA,210,70
1993,6,21,15,-25,909.4,NA,220,70
1993,6,21,18,-25.3,910.5,NA,220,71
1993,6,21,21,-25.5,911.2,NA,230,70
1993,6,22,0,-25.7,906.9,NA,230,70
1993,6,22,3,-26.4,906.9,NA,230,69
1993,6,22,6,-26.7,905.6,NA,240,68
1993,6,22,9,-26.7,907,NA,240,68
1993,6,22,12,-25.9,908,NA,230,69
1993,6,22,15,-24.8,912.2,57,240,70
1993,6,22,18,-24.6,917.7,NA,230,71
1993,6,22,21,-23.4,922.1,NA,240,68
1993,6,23,0,-22.4,924.8,NA,230,53
1993,6,23,3,-22.6,926.2,NA,250,53
1993,6,23,6,-22.6,924,NA,40,57
1993,6,23,9,-23.2,920.7,NA,10,50
1993,6,23,12,-23.7,917.7,NA,360,55
1993,6,23,15,-22.5,914.5,NA,300,73
1993,6,23,18,-24.8,910.9,NA,230,72
1993,6,23,21,-23.4,909.6,NA,260,72
1993,6,24,0,-23.3,907.8,NA,0,73
1993,6,24,3,-24.2,905.8,NA,230,72
1993,6,24,6,-26.5,903.6,NA,230,68
1993,6,24,9,-26,902.5,NA,220,69
1993,6,24,12,-25.5,902.8,NA,220,70
1993,6,24,15,-25.8,903.4,NA,210,70
1993,6,24,18,-26.2,903.6,18,220,69
1993,6,24,21,-28.3,905.6,17,NA,67
1993,6,25,0,-28.8,906.9,21,NA,65
1993,6,25,3,-28.8,909.4,NA,240,65
1993,6,25,6,-29.1,911.1,NA,220,65
1993,6,25,9,-30,911.6,NA,230,64
1993,6,25,12,-29.5,912.8,21,230,64
1993,6,25,15,-30,914.1,NA,220,64
1993,6,25,18,-30.2,914.3,NA,210,63
1993,6,25,21,-31.4,914.7,14,250,62
1993,6,26,0,-31.4,915.4,NA,260,62
1993,6,26,3,-30.7,914.6,NA,30,62
1993,6,26,6,-31.9,913.4,NA,180,61
1993,6,26,9,-32.9,911.9,1,70,60
1993,6,26,12,-33,910.6,1,100,60
1993,6,26,15,-33.5,909.5,2,280,59
1993,6,26,18,-34.2,908.7,4,NA,58
1993,6,26,21,-35.3,908.4,NA,260,57
1993,6,27,0,-34.9,908.1,NA,240,58
1993,6,27,3,-34.3,907.2,NA,230,58
1993,6,27,6,-33.8,906.7,20,240,58
1993,6,27,9,-33.3,906.5,20,240,59
1993,6,27,12,-33.1,906.4,23,230,59
1993,6,27,15,-32.9,905.2,NA,230,60
1993,6,27,18,-32.4,904.6,NA,220,60
1993,6,27,21,-31.6,904.5,NA,NA,61
1993,6,28,0,-31.3,905.3,NA,NA,62
1993,6,28,3,-30.6,905.9,NA,NA,63
1993,6,28,6,-30.2,908.5,49,230,63
1993,6,28,9,-30.2,909.5,NA,220,63
1993,6,28,12,-28.6,912.9,NA,230,64
1993,6,28,15,-28.2,915.2,NA,220,64
1993,6,28,18,-28,915,NA,220,66
1993,6,28,21,-28,915.2,NA,240,66
1993,6,29,0,-27.9,913.8,NA,260,66
1993,6,29,3,-26.4,910.5,NA,20,68
1993,6,29,6,-25.2,907.5,NA,170,63
1993,6,29,9,-24.9,905.6,NA,240,45
1993,6,29,12,-21.7,903.5,5,0,24
1993,6,29,15,-22.5,901.6,NA,10,24
1993,6,29,18,-21.5,901.5,NA,20,23
1993,6,29,21,NA,903.2,NA,210,67
1993,6,30,0,NA,905.2,NA,200,65
1993,6,30,3,-28.7,903.9,NA,10,66
1993,6,30,6,-27.9,904,NA,360,51
1993,6,30,9,-27.1,904.6,NA,20,42
1993,6,30,12,-25.3,904.9,NA,360,33
1993,6,30,15,-23,904.8,NA,290,22
1993,6,30,18,-21,906.3,4,360,19
1993,6,30,21,-22.8,907.8,4,250,27
1993,7,1,0,-25,908.6,4,210,40
1993,7,1,3,-23,909.1,NA,230,29
1993,7,1,6,-22.4,909,NA,230,31
1993,7,1,9,-21.7,908.9,7,250,44
1993,7,1,12,-21.5,907.9,NA,260,40
1993,7,1,15,-19.4,905.6,NA,320,31
1993,7,1,18,-19.4,902.4,NA,360,25
1993,7,1,21,-19.2,900,NA,10,25
1993,7,2,0,-20.6,899,NA,240,28
1993,7,2,3,-18.9,900.9,NA,220,24
1993,7,2,6,-20.4,902.2,NA,210,31
1993,7,2,9,-18.9,903.4,NA,310,28
1993,7,2,12,NA,903.8,NA,300,21
1993,7,2,15,-15.5,903.1,NA,330,26
1993,7,2,18,-15.8,903.6,NA,360,30
1993,7,2,21,-17.4,904.9,NA,10,31
1993,7,3,0,NA,908.1,NA,250,32
1993,7,3,3,-21.3,913.2,NA,220,69
1993,7,3,6,-21.5,916.3,NA,230,73
1993,7,3,9,-20.3,917.2,NA,240,74
1993,7,3,12,-22.4,919.9,NA,230,75
1993,7,3,15,-21.9,921.9,NA,230,74
1993,7,3,18,-22.2,923.2,NA,240,72
1993,7,3,21,-22.3,921.5,NA,340,50
1993,7,4,0,-20.1,915.7,NA,20,37
1993,7,4,3,NA,909.9,NA,350,19
1993,7,4,6,-16.6,907.8,NA,240,32
1993,7,4,9,NA,910.3,NA,220,69
1993,7,4,12,NA,911.9,NA,210,67
1993,7,4,15,-23.5,913.4,18,230,72
1993,7,4,18,-23.4,915.4,NA,120,63
1993,7,4,21,-22.8,916.4,NA,20,55
1993,7,5,0,-22.1,918.6,NA,220,39
1993,7,5,3,-21,918.4,NA,230,35
1993,7,5,6,-19.7,916.6,NA,220,42
1993,7,5,9,-22,919.2,NA,230,58
1993,7,5,12,-20.6,921.1,NA,120,76
1993,7,5,15,-21.9,920.8,NA,230,75
1993,7,5,18,-20.5,921,6,200,72
1993,7,5,21,-22.2,920.9,2,150,75
1993,7,6,0,-22.7,919.8,4,50,74
1993,7,6,3,-23.3,918.6,4,60,73
1993,7,6,6,-25.2,917.4,NA,230,72
1993,7,6,9,-25.8,916,NA,260,69
1993,7,6,12,-25.6,914.3,4,220,70
1993,7,6,15,-25.7,912.4,3,240,70
1993,7,6,18,-25.7,910.2,5,260,70
1993,7,6,21,-25.5,908.4,NA,0,70
1993,7,7,0,-25.6,906.8,1,170,70
1993,7,7,3,-27,906,3,270,68
1993,7,7,6,-26.9,905.7,NA,240,68
1993,7,7,9,-27.2,905.5,NA,200,67
1993,7,7,12,-27.7,906.3,7,240,67
1993,7,7,15,-27.8,907.3,5,230,66
1993,7,7,18,-28.3,908.1,6,240,66
1993,7,7,21,-28.5,909.5,8,210,66
1993,7,8,0,-29.1,910.6,NA,220,64
1993,7,8,3,-29.4,910.9,NA,220,64
1993,7,8,6,-29.6,912.1,NA,230,64
1993,7,8,9,-29.7,912.5,NA,230,64
1993,7,8,12,-29,913.2,10,210,64
1993,7,8,15,-28.5,913.5,NA,220,65
1993,7,8,18,-28.7,914.6,NA,220,65
1993,7,8,21,-27.2,916,NA,230,67
1993,7,9,0,-26.5,918.5,NA,240,66
1993,7,9,3,-26,921.1,NA,240,56
1993,7,9,6,-25.6,923,35,240,49
1993,7,9,9,-26,924.5,NA,230,51
1993,7,9,12,-25.4,927.5,NA,220,49
1993,7,9,15,-25.5,930,NA,220,54
1993,7,9,18,-24.7,930.5,NA,220,59
1993,7,9,21,-24.1,932,NA,200,62
1993,7,10,0,-24.4,932.9,NA,200,69
1993,7,10,3,-24.5,934,NA,210,71
1993,7,10,6,-24.4,934.9,NA,270,60
1993,7,10,9,-22.9,935.3,5,360,46
1993,7,10,12,-22.7,935.6,NA,0,46
1993,7,10,15,-23.2,936.3,NA,40,46
1993,7,10,18,-22.3,936,NA,20,41
1993,7,10,21,-22.7,936.8,4,230,42
1993,7,11,0,-21,937.1,4,260,35
1993,7,11,3,-21.6,937.4,7,240,35
1993,7,11,6,-17.1,937.7,NA,230,26
1993,7,11,9,-17.7,937.1,NA,310,26
1993,7,11,12,-17.6,935.8,NA,20,24
1993,7,11,15,-18.5,934.2,NA,20,24
1993,7,11,18,-17.4,932.9,NA,20,24
1993,7,11,21,-19.3,931.9,NA,290,29
1993,7,12,0,-22.3,930.9,NA,220,40
1993,7,12,3,-23.2,930,NA,230,53
1993,7,12,6,-22.2,928.8,6,220,42
1993,7,12,9,-22.3,927.3,NA,250,39
1993,7,12,12,-20.1,925,NA,10,34
1993,7,12,15,NA,922.9,NA,360,29
1993,7,12,18,-19.5,920.5,NA,230,36
1993,7,12,21,-20.3,917.9,1,220,40
1993,7,13,0,-21.7,915.1,NA,230,NA
1993,7,13,3,-24.3,912.1,NA,240,70
1993,7,13,6,-24.3,908.5,NA,250,72
1993,7,13,9,-23.8,903.4,NA,220,71
1993,7,13,12,-23.3,896.6,NA,230,73
1993,7,13,15,-23,893.5,NA,NA,73
1993,7,13,18,-23.1,889.3,NA,NA,72
1993,7,13,21,-23.2,889.8,56,240,73
1993,7,14,0,-23.5,887.9,NA,NA,72
1993,7,14,3,-23.5,890.1,57,NA,72
1993,7,14,6,-21.4,893.3,NA,NA,72
1993,7,14,9,-21.2,894.7,NA,NA,58
1993,7,14,12,-21.4,898,NA,230,60
1993,7,14,15,-21.5,899.3,NA,240,58
1993,7,14,18,-21.4,899.1,NA,360,66
1993,7,14,21,-22.1,898.3,NA,340,63
1993,7,15,0,-22.8,897.9,NA,20,73
1993,7,15,3,-23,899.4,NA,210,73
1993,7,15,6,-23.9,901.7,5,110,72
1993,7,15,9,-24.7,901.3,NA,190,70
1993,7,15,12,NA,902.2,NA,260,65
1993,7,15,15,-20.4,904.7,NA,260,39
1993,7,15,18,-20,905.8,NA,200,47
1993,7,15,21,-16.1,906.4,NA,240,37
1993,7,16,0,-16.6,906.5,NA,230,31
1993,7,16,3,-20.4,905.6,NA,10,49
1993,7,16,6,-20.2,902.2,NA,10,51
1993,7,16,9,-18.5,901.8,NA,20,42
1993,7,16,12,-20.4,901.7,NA,20,55
1993,7,16,15,-20.1,900.9,NA,250,49
1993,7,16,18,-22.5,899.6,NA,40,68
1993,7,16,21,-22.1,897.3,7,20,66
1993,7,17,0,-23.5,895.3,NA,240,71
1993,7,17,3,-25,894.4,NA,160,70
1993,7,17,6,-27.4,893.6,NA,200,66
1993,7,17,9,-28.8,891.4,NA,230,64
1993,7,17,12,-28,888.2,NA,NA,64
1993,7,17,15,-26.7,887,NA,NA,52
1993,7,17,18,-25.3,887.9,NA,NA,48
1993,7,17,21,-24,887.7,NA,240,50
1993,7,18,0,-23.5,890.5,NA,240,63
1993,7,18,3,-23,889.8,NA,220,69
1993,7,18,6,-22.7,890.1,NA,230,67
1993,7,18,9,-22.2,890.8,NA,NA,68
1993,7,18,12,-22.9,891.6,NA,NA,71
1993,7,18,15,-22.9,892.3,NA,NA,59
1993,7,18,18,-23.1,893,NA,50,57
1993,7,18,21,-22.1,890.2,NA,320,43
1993,7,19,0,-21.8,888,NA,20,29
1993,7,19,3,-23.1,885.4,NA,260,50
1993,7,19,6,-21.9,884.2,NA,240,49
1993,7,19,9,-23.3,883.1,NA,260,29
1993,7,19,12,-23.8,882.4,NA,290,30
1993,7,19,15,-24.1,881.4,NA,230,37
1993,7,19,18,-23.6,880.3,NA,260,33
1993,7,19,21,-26.6,880.2,NA,250,31
1993,7,20,0,-27.9,881.9,NA,240,66
1993,7,20,3,-27.7,884,NA,190,64
1993,7,20,6,-29.1,885.4,NA,230,63
1993,7,20,9,-28.5,888,NA,240,64
1993,7,20,12,-26.1,890.4,13,230,68
1993,7,20,15,-24.5,891.8,NA,220,71
1993,7,20,18,-24.2,894,NA,230,71
1993,7,20,21,-23.5,896,NA,210,72
1993,7,21,0,-23.5,897.8,NA,220,72
1993,7,21,3,-23.9,900.4,NA,230,71
1993,7,21,6,-24.6,901,NA,120,70
1993,7,21,9,-25.6,901.1,NA,260,70
1993,7,21,12,-26.9,901.7,NA,240,68
1993,7,21,15,-27.2,902.5,9,220,67
1993,7,21,18,-28.1,902.6,10,210,66
1993,7,21,21,-28.2,902.9,8,230,65
1993,7,22,0,-28.5,903.8,NA,230,65
1993,7,22,3,-28.8,905.4,10,200,65
1993,7,22,6,-28.8,905.5,NA,220,64
1993,7,22,9,-29.5,905.8,NA,220,64
1993,7,22,12,-29.4,906.4,NA,NA,64
1993,7,22,15,-28.8,904.2,NA,NA,65
1993,7,22,18,-28.4,902.8,NA,220,65
1993,7,22,21,-28,900.2,NA,240,66
1993,7,23,0,-27.9,897.3,NA,230,66
1993,7,23,3,-27.7,898.6,NA,230,66
1993,7,23,6,-27.1,900.4,NA,240,67
1993,7,23,9,-26,903.7,NA,240,44
1993,7,23,12,-25.6,904.2,NA,250,42
1993,7,23,15,-25.5,904.8,NA,220,45
1993,7,23,18,-26.2,902.8,NA,350,34
1993,7,23,21,-26,901,NA,240,32
1993,7,24,0,-26.3,898.3,6,240,45
1993,7,24,3,-27.5,895.5,4,40,54
1993,7,24,6,-27.1,893.2,NA,40,66
1993,7,24,9,-27.7,891,NA,230,42
1993,7,24,12,-29.3,889.7,NA,260,60
1993,7,24,15,-29.7,889.5,NA,240,62
1993,7,24,18,-30.1,889.8,5,240,62
1993,7,24,21,-29.4,891.7,NA,320,63
1993,7,25,0,-30.1,893.1,NA,230,62
1993,7,25,3,-29.8,895.6,NA,230,63
1993,7,25,6,-31,897.7,18,230,61
1993,7,25,9,-30.1,898.9,NA,220,63
1993,7,25,12,-27.5,900.6,NA,230,58
1993,7,25,15,-26.2,902.6,NA,240,67
1993,7,25,18,-26.4,905.6,NA,NA,67
1993,7,25,21,-26.2,907.2,NA,NA,67
1993,7,26,0,-25.3,913,57,NA,68
1993,7,26,3,-24.7,911.8,NA,NA,67
1993,7,26,6,-24.3,919.7,NA,NA,66
1993,7,26,9,-24.2,925.6,NA,230,44
1993,7,26,12,-22.8,929.4,NA,240,32
1993,7,26,15,-23.7,931.5,NA,320,30
1993,7,26,18,-23.6,932.6,NA,10,29
1993,7,26,21,-22.4,932.8,NA,310,28
1993,7,27,0,-19.7,934,NA,240,17
1993,7,27,3,-19.3,935.4,NA,230,13
1993,7,27,6,-15.5,936.9,NA,340,9
1993,7,27,9,-15.3,937.7,NA,10,9
1993,7,27,12,-16.4,939.2,NA,250,8
1993,7,27,15,-18.8,940.3,NA,230,23
1993,7,27,18,-17.4,941.8,NA,260,25
1993,7,27,21,NA,943.4,NA,340,9
1993,7,28,0,-16.6,943.1,NA,20,14
1993,7,28,3,-17.6,942.2,NA,10,19
1993,7,28,6,-16.3,940.8,NA,20,22
1993,7,28,9,-16.6,938.7,NA,270,22
1993,7,28,12,-19.5,938.8,NA,230,33
1993,7,28,15,-16.9,938.5,NA,230,22
1993,7,28,18,-17.2,938.1,NA,240,22
1993,7,28,21,-13.9,937.7,NA,240,13
1993,7,29,0,-14.4,936.6,NA,40,11
1993,7,29,3,NA,935,NA,20,22
1993,7,29,6,NA,933.7,NA,0,20
1993,7,29,9,-6.2,932.9,16,350,21
1993,7,29,12,-5.5,931.8,NA,10,23
1993,7,29,15,-6.6,929,NA,40,29
1993,7,29,18,NA,926.8,NA,240,33
1993,7,29,21,-11.3,925.6,NA,240,39
1993,7,30,0,-9.5,922.5,NA,250,37
1993,7,30,3,-11.9,918.2,NA,210,36
1993,7,30,6,NA,913.6,NA,340,62
1993,7,30,9,-12.5,912.9,7,200,56
1993,7,30,12,-13.8,913.5,6,120,80
1993,7,30,15,-16.9,915.2,NA,140,80
1993,7,30,18,NA,915.5,NA,250,79
1993,7,30,21,-19.3,917.1,NA,210,78
1993,7,31,0,-21.4,918.1,NA,250,76
1993,7,31,3,-19.5,919.1,NA,50,78
1993,7,31,6,-20.5,920.4,NA,340,77
1993,7,31,9,NA,920.9,2,10,81
1993,7,31,12,NA,922,5,230,38
1993,7,31,15,-14.8,924.1,NA,210,45
1993,7,31,18,NA,925.5,6,20,67
1993,7,31,21,-17.3,925.1,NA,340,74
1993,8,1,0,-19.4,923.7,NA,20,76
1993,8,1,3,-19.6,921.9,NA,10,77
1993,8,1,6,-19.8,921,5,250,77
1993,8,1,9,-20.5,920.2,NA,220,76
1993,8,1,12,-21.4,919.6,NA,220,75
1993,8,1,15,-22.2,920,NA,230,74
1993,8,1,18,-22.9,920.3,NA,220,73
1993,8,1,21,-23.6,919.4,NA,360,72
1993,8,2,0,-23.7,917.7,NA,10,72
1993,8,2,3,-24.4,915.9,NA,10,71
1993,8,2,6,-24.7,913.7,NA,220,71
1993,8,2,9,-24.7,911.7,NA,240,71
1993,8,2,12,-25.9,911.7,NA,220,71
1993,8,2,15,-23.7,912.1,NA,220,71
1993,8,2,18,-24.2,909.6,4,20,71
1993,8,2,21,-24.2,907.6,NA,360,71
1993,8,3,0,-23.4,903.9,NA,0,46
1993,8,3,3,-24.2,904.8,NA,40,47
1993,8,3,6,-25.2,905.1,NA,240,50
1993,8,3,9,-27.6,907.1,NA,250,66
1993,8,3,12,-26.4,910,NA,230,68
1993,8,3,15,-28.9,911.2,NA,220,64
1993,8,3,18,-28.8,911.7,NA,220,64
1993,8,3,21,-29.7,912.1,NA,220,63
1993,8,4,0,-29.5,914.3,NA,230,63
1993,8,4,3,-29.3,915.4,18,220,64
1993,8,4,6,-28.6,915.9,NA,210,60
1993,8,4,9,-28.1,916.4,NA,200,65
1993,8,4,12,-27.9,917.3,NA,230,66
1993,8,4,15,-26.1,917.5,NA,220,68
1993,8,4,18,-24.7,917.7,NA,240,58
1993,8,4,21,-24.6,917.6,25,230,50
1993,8,5,0,-24.3,918.6,NA,NA,53
1993,8,5,3,-24.7,918.4,NA,NA,50
1993,8,5,6,-25.2,919.9,NA,NA,61
1993,8,5,9,-25.6,920,NA,340,66
1993,8,5,12,-27.1,919.6,NA,20,59
1993,8,5,15,-27.6,919,NA,350,54
1993,8,5,18,-27.6,917.7,NA,360,66
1993,8,5,21,-27.9,916.6,NA,20,65
1993,8,6,0,-28,916.4,NA,10,65
1993,8,6,3,-27.7,915.7,NA,260,66
1993,8,6,6,-29.4,914.4,NA,210,63
1993,8,6,9,-30.4,912.9,NA,210,62
1993,8,6,12,-30.5,914,20,210,62
1993,8,6,15,-30.5,915,NA,230,62
1993,8,6,18,-30.5,916.4,NA,220,62
1993,8,6,21,-30.4,917.4,NA,230,62
1993,8,7,0,-31.6,918.6,NA,240,60
1993,8,7,3,-32,920,NA,240,60
1993,8,7,6,-32,920.5,NA,220,60
1993,8,7,9,-32.8,920.5,8,240,59
1993,8,7,12,-33,920.1,NA,250,58
1993,8,7,15,-33.7,918.9,NA,30,58
1993,8,7,18,-34.1,916.3,NA,360,58
1993,8,7,21,-34.1,914.5,4,10,57
1993,8,8,0,-35.2,916.6,NA,240,57
1993,8,8,3,-34.1,919.8,NA,230,57
1993,8,8,6,-34.8,922.6,NA,270,56
1993,8,8,9,-33.1,924.1,5,340,57
1993,8,8,12,-33.2,925.2,NA,10,58
1993,8,8,15,-32.2,925.8,4,50,60
1993,8,8,18,-32.2,926.6,NA,240,60
1993,8,8,21,-32.4,928.5,3,230,59
1993,8,9,0,-31.5,930.2,1,210,61
1993,8,9,3,-31.4,931.5,NA,NA,61
1993,8,9,6,-31.4,932.1,1,260,61
1993,8,9,9,-31.6,932.4,4,250,61
1993,8,9,12,-31.9,933.6,NA,250,60
1993,8,9,15,-28.2,936.4,NA,290,64
1993,8,9,18,-27.6,937.4,NA,30,65
1993,8,9,21,-26,937.7,NA,10,65
1993,8,10,0,-26.1,936.8,NA,30,58
1993,8,10,3,-27,936.8,NA,240,60
1993,8,10,6,NA,936.1,NA,10,55
1993,8,10,9,NA,935.6,NA,260,57
1993,8,10,12,NA,934.6,NA,240,40
1993,8,10,15,-16.9,932.6,NA,230,39
1993,8,10,18,-15.3,929.6,NA,230,39
1993,8,10,21,NA,925.9,NA,210,37
1993,8,11,0,NA,922.4,NA,240,NA
1993,8,11,3,NA,919.2,NA,240,61
1993,8,11,6,NA,916.9,NA,220,66
1993,8,11,9,-23.5,915.8,NA,210,71
1993,8,11,12,-22.1,914.7,NA,230,74
1993,8,11,15,-20.7,915.2,NA,230,68
1993,8,11,18,-22.9,918.4,NA,210,73
1993,8,11,21,NA,920.7,NA,250,73
1993,8,12,0,-19.9,923.2,NA,190,57
1993,8,12,3,-22,923.5,NA,210,74
1993,8,12,6,-21.5,923.2,NA,10,73
1993,8,12,9,-20.8,923.6,NA,240,62
1993,8,12,12,-19,922.6,NA,120,41
1993,8,12,15,-20.2,921.7,NA,20,39
1993,8,12,18,-20.7,921.3,4,20,40
1993,8,12,21,-21.6,920.9,3,30,43
1993,8,13,0,-22.3,921,2,20,52
1993,8,13,3,-22.5,921.9,NA,240,64
1993,8,13,6,-25.7,921,NA,230,68
1993,8,13,9,-24.3,921.6,NA,230,71
1993,8,13,12,-24.8,921.1,NA,220,70
1993,8,13,15,-25.6,920,NA,220,70
1993,8,13,18,-25.3,919.4,NA,NA,69
1993,8,13,21,-24.6,920.6,NA,NA,70
1993,8,14,0,-28.2,920.6,NA,240,66
1993,8,14,3,-25.9,921.5,NA,230,69
1993,8,14,6,-25.1,921.6,NA,260,70
1993,8,14,9,-24.1,920.9,NA,60,70
1993,8,14,12,-24.3,920.1,4,10,66
1993,8,14,15,-23.9,919.8,4,20,62
1993,8,14,18,-24.3,919.6,6,10,56
1993,8,14,21,-23.4,920,NA,10,49
1993,8,15,0,-24.4,919.4,NA,10,52
1993,8,15,3,-23.6,918.3,NA,360,54
1993,8,15,6,-23.5,917.3,NA,10,53
1993,8,15,9,-22.4,916.8,NA,20,43
1993,8,15,12,-22.4,915.8,NA,30,38
1993,8,15,15,-22.5,914.7,NA,10,40
1993,8,15,18,-24.5,913.9,NA,0,45
1993,8,15,21,-25.1,912.6,NA,240,45
1993,8,16,0,NA,913,NA,200,64
1993,8,16,3,-27.2,914.5,NA,170,55
1993,8,16,6,-30.4,916.3,NA,240,61
1993,8,16,9,NA,918.6,NA,230,61
1993,8,16,12,-32.3,920.8,NA,240,59
1993,8,16,15,-32.6,923,20,230,59
1993,8,16,18,-32.6,922.4,NA,NA,59
1993,8,16,21,-32.8,923,NA,NA,58
1993,8,17,0,-33.2,922,NA,NA,58
1993,8,17,3,-32.7,920.3,NA,230,58
1993,8,17,6,-31.6,915.3,NA,220,58
1993,8,17,9,-31.3,916.4,NA,220,60
1993,8,17,12,-31,915.2,NA,NA,60
1993,8,17,15,-32.1,913.4,NA,NA,59
1993,8,17,18,-31.6,914.4,NA,220,60
1993,8,17,21,-31.1,912.1,NA,230,61
1993,8,18,0,-29.2,912.4,NA,230,62
1993,8,18,3,-30,913.3,53,NA,62
1993,8,18,6,-29.4,912,55,NA,62
1993,8,18,9,-30.5,912.4,NA,NA,61
1993,8,18,12,-29.9,912.1,NA,NA,61
1993,8,18,15,-29.6,911.1,NA,NA,58
1993,8,18,18,-31.1,911.3,NA,NA,59
1993,8,18,21,-31.1,911.1,NA,230,57
1993,8,19,0,-32.4,910.3,NA,200,59
1993,8,19,3,-32.3,909.4,NA,220,59
1993,8,19,6,-33.4,908.8,NA,220,58
1993,8,19,9,-34.5,907.4,NA,220,56
1993,8,19,12,-33.8,905.8,NA,70,57
1993,8,19,15,-35.2,903.1,NA,10,56
1993,8,19,18,-35.9,900.4,NA,340,55
1993,8,19,21,-35.6,897.3,NA,330,54
1993,8,20,0,-35.9,893.8,NA,240,55
1993,8,20,3,-37.4,891,NA,260,53
1993,8,20,6,-38,889.1,NA,270,52
1993,8,20,9,-37.9,888.1,NA,250,52
1993,8,20,12,-37.6,888.8,NA,250,52
1993,8,20,15,-36.3,890.1,NA,230,53
1993,8,20,18,-35.2,892,NA,360,55
1993,8,20,21,-34.1,895.1,NA,350,56
1993,8,21,0,-36,899.9,NA,250,55
1993,8,21,3,NA,902.4,NA,230,58
1993,8,21,6,NA,906.5,NA,230,53
1993,8,21,9,-32.4,910.5,NA,230,53
1993,8,21,12,-33.2,911,NA,280,58
1993,8,21,15,-32.5,908.1,NA,40,58
1993,8,21,18,-32.9,905.5,NA,360,58
1993,8,21,21,-31.6,902.6,NA,0,59
1993,8,22,0,-31.4,899.4,NA,270,60
1993,8,22,3,-31,897.4,NA,240,62
1993,8,22,6,-29.9,896,8,230,62
1993,8,22,9,-28.6,895.9,6,220,63
1993,8,22,12,-26.4,896.9,NA,0,66
1993,8,22,15,-24,898.9,2,250,71
1993,8,22,18,-25.2,902.1,1,20,57
1993,8,22,21,-28.7,906.5,3,290,63
1993,8,23,0,NA,909.8,NA,230,62
1993,8,23,3,-31.3,913.2,NA,230,61
1993,8,23,6,-31.7,916.5,NA,270,60
1993,8,23,9,-31.9,917.5,NA,30,59
1993,8,23,12,-31.4,916.4,NA,50,60
1993,8,23,15,-31.7,913.9,NA,60,60
1993,8,23,18,-29.3,911.1,NA,260,61
1993,8,23,21,-33.3,907.9,NA,260,59
1993,8,24,0,-31.8,906.3,NA,250,60
1993,8,24,3,NA,905.6,NA,210,66
1993,8,24,6,NA,906.2,NA,220,55
1993,8,24,9,-25.9,905.6,NA,240,50
1993,8,24,12,-23.7,899.4,NA,230,71
1993,8,24,15,-25.6,897.1,NA,230,69
1993,8,24,18,NA,900.3,NA,240,65
1993,8,24,21,-27.4,903.8,59,240,65
1993,8,25,0,-26,909.7,NA,240,64
1993,8,25,3,-27.2,913.1,NA,230,65
1993,8,25,6,-27.7,914.6,NA,240,65
1993,8,25,9,-27.2,917.4,NA,220,57
1993,8,25,12,-27.3,916.5,NA,230,63
1993,8,25,15,-27.2,916.7,NA,230,66
1993,8,25,18,-28.2,916.5,NA,260,65
1993,8,25,21,-29,915.5,NA,20,64
1993,8,26,0,-28.6,915.1,NA,360,64
1993,8,26,3,-28.8,915.4,NA,0,64
1993,8,26,6,-28.7,915.9,NA,NA,63
1993,8,26,9,-28.2,915.7,NA,NA,65
1993,8,26,12,NA,915.5,NA,360,40
1993,8,26,15,NA,914.2,NA,10,23
1993,8,26,18,-17.6,913.3,NA,280,18
1993,8,26,21,-14.8,913.1,NA,0,10
1993,8,27,0,-15.9,912.2,NA,360,13
1993,8,27,3,-17.1,909.7,NA,260,18
1993,8,27,6,-17.2,905.5,NA,360,20
1993,8,27,9,NA,902.7,NA,260,35
1993,8,27,12,NA,901.7,NA,240,44
1993,8,27,15,-23.5,900.5,NA,210,49
1993,8,27,18,-25.7,900.2,NA,230,59
1993,8,27,21,-25,896.7,NA,220,54
1993,8,28,0,-25.6,899,NA,230,59
1993,8,28,3,-26.4,898.6,NA,230,59
1993,8,28,6,-28.2,900.4,NA,220,64
1993,8,28,9,-29.6,901.4,NA,240,63
1993,8,28,12,-29.2,902.7,NA,240,63
1993,8,28,15,-29.5,905,21,240,62
1993,8,28,18,-30,908.1,NA,250,62
1993,8,28,21,-28,910.2,NA,0,66
1993,8,29,0,-29.3,911.9,NA,220,63
1993,8,29,3,-29.7,913.7,NA,220,62
1993,8,29,6,-28.7,912.4,NA,230,63
1993,8,29,9,-28.6,915.1,NA,220,63
1993,8,29,12,-28.3,914.6,NA,230,64
1993,8,29,15,-26.5,914,NA,230,54
1993,8,29,18,-25.6,912.8,NA,320,45
1993,8,29,21,-24.4,911.5,NA,240,32
1993,8,30,0,-23.1,910.3,NA,220,27
1993,8,30,3,-21.8,908.7,NA,230,22
1993,8,30,6,-18.2,907.4,NA,240,22
1993,8,30,9,NA,906.8,NA,230,16
1993,8,30,12,NA,906,NA,240,66
1993,8,30,15,-13,910.1,NA,230,76
1993,8,30,18,-10.7,909.5,NA,230,55
1993,8,30,21,-10.1,910.1,NA,240,45
1993,8,31,0,NA,912.5,NA,230,NA
1993,8,31,3,-14.2,914.6,55,NA,84
1993,8,31,6,-15.1,920.3,NA,NA,83
1993,8,31,9,-15.2,920.8,NA,NA,83
1993,8,31,12,-15.6,921.2,NA,NA,82
1993,8,31,15,-15.2,921.6,NA,220,83
1993,8,31,18,-15.4,919.6,NA,NA,81
1993,8,31,21,-15.8,918,NA,NA,82
1993,9,1,0,-15.1,917.4,NA,NA,83
1993,9,1,3,-16.8,916.2,NA,230,77
1993,9,1,6,-15,912.6,NA,NA,82
1993,9,1,9,-15.6,913.3,NA,NA,58
1993,9,1,12,-13.1,912.5,NA,NA,44
1993,9,1,15,-12.7,912.3,NA,240,38
1993,9,1,18,-13.4,911.8,34,240,40
1993,9,1,21,-13,912.4,33,230,42
1993,9,2,0,-13.5,911.6,NA,220,51
1993,9,2,3,-13.6,910.5,32,230,58
1993,9,2,6,-16.2,909.5,NA,230,72
1993,9,2,9,-15.8,908.6,NA,230,80
1993,9,2,12,-16.7,908.8,NA,240,81
1993,9,2,15,-17.3,911.4,NA,220,61
1993,9,2,18,-16.8,914,NA,200,75
1993,9,2,21,-18.4,913.8,NA,350,79
1993,9,3,0,-17.7,912.6,NA,0,74
1993,9,3,3,-17.7,912.1,NA,30,74
1993,9,3,6,-16.9,910.8,NA,200,64
1993,9,3,9,-13.8,910.3,NA,250,46
1993,9,3,12,-18,909.3,NA,260,57
1993,9,3,15,NA,909.7,NA,360,58
1993,9,3,18,NA,910.1,NA,230,74
1993,9,3,21,-23.7,912,NA,200,72
1993,9,4,0,-24.4,912.2,NA,220,71
1993,9,4,3,-25,914.1,NA,240,70
1993,9,4,6,-25.7,914.6,NA,210,69
1993,9,4,9,-26.2,914.3,NA,60,68
1993,9,4,12,-26.4,912.7,5,50,68
1993,9,4,15,-26.6,909.8,NA,40,68
1993,9,4,18,-26.3,906.9,NA,40,68
1993,9,4,21,-26.3,905.7,NA,250,68
1993,9,5,0,-27.6,906.5,NA,250,67
1993,9,5,3,-26.1,908.7,NA,230,68
1993,9,5,6,-25.4,913.3,NA,220,70
1993,9,5,9,-24.7,914.4,NA,230,67
1993,9,5,12,-25.6,915.4,NA,230,65
1993,9,5,15,-27,919.6,NA,350,68
1993,9,5,18,-27,915.8,NA,360,66
1993,9,5,21,-25.9,914.6,NA,350,59
1993,9,6,0,-26.6,911.7,NA,280,58
1993,9,6,3,-25.8,909.3,NA,250,57
1993,9,6,6,-23.6,907.1,NA,240,46
1993,9,6,9,-22.7,905.6,NA,360,43
1993,9,6,12,-27.1,904.1,6,240,44
1993,9,6,15,-24.9,903.9,NA,200,58
1993,9,6,18,-26,901.9,NA,20,56
1993,9,6,21,-25.1,898.7,NA,20,57
1993,9,7,0,-24.2,897.6,NA,40,53
1993,9,7,3,-25.3,897.3,NA,30,65
1993,9,7,6,-27.7,896.8,NA,220,65
1993,9,7,9,-27.4,896,NA,250,66
1993,9,7,12,-27,895.7,NA,250,66
1993,9,7,15,-24.4,896.2,NA,230,44
1993,9,7,18,-23.1,898.3,NA,220,34
1993,9,7,21,-21.9,900.2,NA,340,29
1993,9,8,0,-20.9,902.4,NA,270,29
1993,9,8,3,-19.3,904.9,NA,350,32
1993,9,8,6,-18.9,907.5,5,220,34
1993,9,8,9,-19,910.1,NA,220,38
1993,9,8,12,-20.9,911.6,NA,270,59
1993,9,8,15,-20.7,911.5,NA,240,66
1993,9,8,18,-20.4,912,NA,200,74
1993,9,8,21,-21.8,912.9,15,210,74
1993,9,9,0,-20,913.2,NA,230,76
1993,9,9,3,-20.9,912.1,NA,220,75
1993,9,9,6,-20.6,911.1,NA,220,76
1993,9,9,9,-19.3,911.8,NA,220,77
1993,9,9,12,-18.9,912.8,NA,190,78
1993,9,9,15,-18.5,911.9,NA,220,79
1993,9,9,18,-18.9,912.3,NA,230,78
1993,9,9,21,-19.5,912.3,NA,230,78
1993,9,10,0,-19,911.8,NA,300,78
1993,9,10,3,-20.5,911.1,NA,230,77
1993,9,10,6,-21.4,909.8,NA,230,76
1993,9,10,9,-23.3,909.9,NA,210,74
1993,9,10,12,-23,908.3,NA,210,73
1993,9,10,15,-23.5,906.7,9,230,73
1993,9,10,18,-23.4,906.5,7,240,73
1993,9,10,21,-23,906.1,6,240,73
1993,9,11,0,-20.9,905.3,7,240,76
1993,9,11,3,-20.4,905.5,3,220,77
1993,9,11,6,-19.9,905.5,NA,220,77
1993,9,11,9,-20.2,906.4,NA,180,77
1993,9,11,12,-19.1,905.6,NA,220,78
1993,9,11,15,-22.6,904.3,NA,NA,75
1993,9,11,18,-21.8,906.4,NA,NA,75
1993,9,11,21,-22.5,905.6,NA,NA,74
1993,9,12,0,-23.4,907.9,NA,230,73
1993,9,12,3,-23.3,910.9,NA,220,73
1993,9,12,6,-24.1,911.6,NA,230,72
1993,9,12,9,-25.1,913.1,NA,220,71
1993,9,12,12,-25.1,914.5,NA,230,70
1993,9,12,15,-26.2,915.7,NA,260,69
1993,9,12,18,-24.7,916.7,NA,230,70
1993,9,12,21,-25.4,917.7,NA,NA,70
1993,9,13,0,-25.2,918.1,NA,30,70
1993,9,13,3,-26.4,919,NA,70,70
1993,9,13,6,-26.5,919.2,NA,10,69
1993,9,13,9,-25.7,920,NA,360,70
1993,9,13,12,-24,919.8,NA,0,72
1993,9,13,15,-22.8,918.8,NA,260,73
1993,9,13,18,-22.2,918.9,NA,250,72
1993,9,13,21,-22,920.2,NA,240,72
1993,9,14,0,-21.8,920.8,NA,250,71
1993,9,14,3,-23.5,921.8,NA,230,63
1993,9,14,6,-21.7,923.5,8,240,70
1993,9,14,9,-21.4,925.5,NA,250,74
1993,9,14,12,-20.7,927.6,8,230,76
1993,9,14,15,-21.8,929.5,NA,250,75
1993,9,14,18,-22.3,930.5,NA,240,75
1993,9,14,21,-22.3,930.6,NA,240,74
1993,9,15,0,-21.5,932.2,NA,220,75
1993,9,15,3,-22,931.5,NA,220,74
1993,9,15,6,-21.2,931.3,NA,230,74
1993,9,15,9,-21.8,932.4,NA,220,69
1993,9,15,12,-20.9,931.4,NA,220,68
1993,9,15,15,-20.3,930.4,NA,220,64
1993,9,15,18,-19.1,930.6,43,230,61
1993,9,15,21,-18.6,931.2,NA,230,59
1993,9,16,0,-19,931.5,NA,230,55
1993,9,16,3,-18.5,931.8,49,240,48
1993,9,16,6,-17.8,932.5,NA,230,46
1993,9,16,9,-21.4,932.7,NA,240,69
1993,9,16,12,-21.5,934.2,40,240,70
1993,9,16,15,-18.8,933.7,NA,220,49
1993,9,16,18,-20.2,936.1,NA,230,53
1993,9,16,21,-20.2,936.7,NA,230,62
1993,9,17,0,-19.7,937.6,NA,220,58
1993,9,17,3,-20.3,937.6,NA,230,52
1993,9,17,6,-21.6,937.2,NA,260,63
1993,9,17,9,-22,936.2,NA,250,64
1993,9,17,12,-20.5,935.5,NA,250,46
1993,9,17,15,-21.5,934.8,NA,260,50
1993,9,17,18,-22.5,934.6,NA,260,73
1993,9,17,21,-22.6,935.3,NA,270,73
1993,9,18,0,-22.4,936,NA,50,74
1993,9,18,3,-23.9,936.6,2,40,72
1993,9,18,6,-24.8,937.3,1,30,71
1993,9,18,9,-25.2,936.1,NA,20,70
1993,9,18,12,-24.1,932.9,NA,360,71
1993,9,18,15,-22.7,929.1,NA,10,60
1993,9,18,18,-23.9,924.6,NA,20,64
1993,9,18,21,-24.5,918.7,NA,250,71
1993,9,19,0,NA,915.6,NA,240,55
1993,9,19,3,NA,915.5,NA,230,37
1993,9,19,6,-15.9,915.2,NA,160,37
1993,9,19,9,NA,911.3,NA,10,52
1993,9,19,12,NA,912.7,NA,220,71
1993,9,19,15,NA,910.9,NA,220,67
1993,9,19,18,-27.2,918.5,NA,230,66
1993,9,19,21,-26.2,920.9,NA,260,61
1993,9,20,0,-23.9,920.8,NA,350,57
1993,9,20,3,-24.4,919.2,NA,350,50
1993,9,20,6,-23.3,920,NA,10,49
1993,9,20,9,-23.7,918.5,NA,360,56
1993,9,20,12,-22.3,916.2,NA,20,49
1993,9,20,15,-24,913.6,NA,40,58
1993,9,20,18,-23.4,911.2,NA,340,71
1993,9,20,21,-22.7,909.8,NA,20,73
1993,9,21,0,-23.3,909,NA,30,72
1993,9,21,3,-22,909.5,NA,210,73
1993,9,21,6,-22.4,909.9,NA,220,73
1993,9,21,9,-23.5,912.6,NA,230,56
1993,9,21,12,-24.8,914.3,NA,260,66
1993,9,21,15,-26.7,915,NA,250,68
1993,9,21,18,-26.7,915.1,NA,270,67
1993,9,21,21,-27.8,914.1,NA,240,66
1993,9,22,0,-28,912.9,NA,220,66
1993,9,22,3,-28.8,911.8,NA,220,65
1993,9,22,6,-29.1,911.3,NA,220,64
1993,9,22,9,-29.9,912.8,NA,210,63
1993,9,22,12,-31.3,912.1,NA,220,61
1993,9,22,15,-32.3,913.2,NA,220,60
1993,9,22,18,-33.5,914.3,NA,230,58
1993,9,22,21,-33.4,914.9,NA,240,58
1993,9,23,0,-32.5,915.3,NA,30,59
1993,9,23,3,-31.5,912.8,NA,360,59
1993,9,23,6,NA,910.3,NA,340,41
1993,9,23,9,NA,910.7,NA,270,22
1993,9,23,12,NA,909.7,NA,320,18
1993,9,23,15,NA,909.2,3,310,22
1993,9,23,18,-20.1,909.9,NA,250,32
1993,9,23,21,-17.1,910.6,NA,250,29
1993,9,24,0,NA,911,NA,10,27
1993,9,24,3,NA,909.1,NA,330,21
1993,9,24,6,NA,907.6,NA,230,15
1993,9,24,9,-5.5,907.9,6,170,15
1993,9,24,12,-10.3,907.6,NA,70,25
1993,9,24,15,NA,905.7,NA,40,33
1993,9,24,18,-13.6,901,NA,10,41
1993,9,24,21,-14.5,896.7,NA,250,38
1993,9,25,0,NA,892.6,NA,210,69
1993,9,25,3,-19.1,889.9,NA,220,78
1993,9,25,6,-21.8,897.7,NA,220,75
1993,9,25,9,-22.6,901.7,NA,220,74
1993,9,25,12,-23.7,904.9,NA,250,72
1993,9,25,15,-24.3,906.3,NA,230,71
1993,9,25,18,-24.9,907.7,10,210,71
1993,9,25,21,-24.3,910,NA,NA,71
1993,9,26,0,-25,910.2,NA,NA,70
1993,9,26,3,-25.2,911,17,NA,70
1993,9,26,6,-25.2,910.2,NA,220,70
1993,9,26,9,-25.7,909.8,NA,230,69
1993,9,26,12,-23.3,910.1,NA,220,72
1993,9,26,15,-23.4,908.9,NA,230,72
1993,9,26,18,-22,903.1,NA,220,73
1993,9,26,21,-21.6,902.4,NA,230,75
1993,9,27,0,-22,904.3,NA,NA,74
1993,9,27,3,-19.5,904.7,NA,NA,60
1993,9,27,6,-20.2,908.7,56,NA,71
1993,9,27,9,-19.7,912.1,NA,220,48
1993,9,27,12,-19.5,915.7,NA,220,55
1993,9,27,15,-20.3,918,NA,230,75
1993,9,27,18,-19.4,917.8,NA,360,70
1993,9,27,21,-19.4,915.9,NA,10,55
1993,9,28,0,-18.8,913.2,NA,20,41
1993,9,28,3,-20.5,910.2,NA,290,54
1993,9,28,6,-21.6,906.9,NA,240,73
1993,9,28,9,-23.4,903.8,NA,250,72
1993,9,28,12,-22,904,NA,250,73
1993,9,28,15,-25.2,904.8,NA,220,72
1993,9,28,18,-25.2,906.1,NA,220,70
1993,9,28,21,-27.1,908.7,NA,230,67
1993,9,29,0,-26.1,910.6,NA,210,68
1993,9,29,3,-25.6,910.6,NA,230,67
1993,9,29,6,-25.7,912.2,NA,230,56
1993,9,29,9,-26,915.2,NA,220,60
1993,9,29,12,-26.4,915.4,NA,220,68
1993,9,29,15,-26.3,915.5,NA,240,68
1993,9,29,18,-26.7,915.2,15,230,68
1993,9,29,21,-25.6,915.7,NA,220,68
1993,9,30,0,-24.2,917.1,NA,230,63
1993,9,30,3,-24.3,917.1,20,240,71
1993,9,30,6,-22.7,918,19,230,72
1993,9,30,9,-23.5,918.8,NA,240,72
1993,9,30,12,-23.7,920,NA,230,65
1993,9,30,15,-23.1,920.3,NA,230,59
1993,9,30,18,-22.9,920.7,22,220,59
1993,9,30,21,-23.9,920.6,NA,230,71
1993,10,1,0,-22.4,922.1,NA,220,72
1993,10,1,3,-22.7,921.2,NA,220,67
1993,10,1,6,-22.5,921.6,NA,200,73
1993,10,1,9,-24.1,920.8,NA,70,71
1993,10,1,12,-24.7,918.9,NA,0,71
1993,10,1,15,-26.1,916.6,3,260,68
1993,10,1,18,-26,915.3,NA,260,68
1993,10,1,21,-26.4,914.5,5,230,69
1993,10,2,0,-26.3,913,NA,210,68
1993,10,2,3,-27.2,910.7,NA,230,67
1993,10,2,6,-28.3,907.9,NA,NA,65
1993,10,2,9,-28.3,908.1,NA,NA,65
1993,10,2,12,-28.1,909.7,NA,NA,65
1993,10,2,15,-27.6,910.1,45,NA,66
1993,10,2,18,-26.5,913.2,NA,NA,62
1993,10,2,21,-26.4,914.9,NA,NA,63
1993,10,3,0,-25.7,915.9,NA,230,68
1993,10,3,3,-25.2,916.3,NA,240,69
1993,10,3,6,-25.3,916.6,NA,40,70
1993,10,3,9,-25.9,916,6,20,69
1993,10,3,12,-25.8,915.5,NA,10,69
1993,10,3,15,-25.7,914.7,NA,0,69
1993,10,3,18,-25.8,913.7,NA,260,69
1993,10,3,21,-22.7,913,3,250,47
1993,10,4,0,-22,913,3,180,44
1993,10,4,3,-22.1,912.9,NA,250,38
1993,10,4,6,-23.7,913,5,160,41
1993,10,4,9,-24.3,912.8,3,240,34
1993,10,4,12,-24.8,912.6,2,200,54
1993,10,4,15,-24.5,912,3,10,70
1993,10,4,18,-24.7,911.8,4,360,70
1993,10,4,21,-23.8,912,3,270,43
1993,10,5,0,-24,912.7,NA,230,NA
1993,10,5,3,-27.2,912.5,NA,240,66
1993,10,5,6,-26.2,913.1,NA,220,67
1993,10,5,9,-26.3,912.6,NA,NA,68
1993,10,5,12,-26.3,913,NA,NA,68
1993,10,5,15,-26.6,912.3,26,NA,67
1993,10,5,18,-27.2,913.1,NA,NA,67
1993,10,5,21,-27,914,27,NA,67
1993,10,6,0,-26.7,914.4,25,NA,67
1993,10,6,3,-26.1,914.9,NA,NA,68
1993,10,6,6,-26.2,914.5,23,NA,68
1993,10,6,9,-26.9,914.7,22,230,67
1993,10,6,12,-26.8,914.4,20,250,67
1993,10,6,15,-26.4,914.3,NA,260,67
1993,10,6,18,-24.7,914.7,NA,240,69
1993,10,6,21,-24.2,915.3,12,240,70
1993,10,7,0,-24.7,915.7,NA,220,71
1993,10,7,3,-22.3,916.4,NA,250,73
1993,10,7,6,-23.8,916.7,NA,230,71
1993,10,7,9,-25.8,917.5,NA,250,70
1993,10,7,12,-26,918.2,NA,240,69
1993,10,7,15,-26.1,919.5,16,230,68
1993,10,7,18,-25.9,920.1,NA,210,69
1993,10,7,21,-25.8,921.2,NA,230,69
1993,10,8,0,-26,921.9,17,220,69
1993,10,8,3,-25.5,922.6,NA,230,69
1993,10,8,6,-26.1,923.2,NA,230,68
1993,10,8,9,-26.5,924.5,NA,250,67
1993,10,8,12,-25.6,925.1,NA,50,68
1993,10,8,15,-24.9,924.8,NA,20,70
1993,10,8,18,-24.1,923.4,NA,360,71
1993,10,8,21,-23.8,922.5,NA,20,NA
1993,10,9,0,-23.1,921.8,NA,30,60
1993,10,9,3,-23.2,921.4,NA,40,56
1993,10,9,6,-24.6,920.5,NA,20,55
1993,10,9,9,-24.5,919.5,NA,10,51
1993,10,9,12,-24.7,917.8,NA,0,64
1993,10,9,15,-23.8,917,NA,20,71
1993,10,9,18,-23.8,916.9,NA,300,71
1993,10,9,21,-24.1,918,NA,230,71
1993,10,10,0,-28.2,919.9,NA,240,66
1993,10,10,3,-26.6,923.9,NA,210,68
1993,10,10,6,-26.9,924.2,NA,230,67
1993,10,10,9,-26.7,925,NA,220,67
1993,10,10,12,-27.2,924.2,NA,220,66
1993,10,10,15,-28.1,925.9,NA,230,65
1993,10,10,18,-27.6,926.9,NA,220,66
1993,10,10,21,-27.8,930.2,NA,220,63
1993,10,11,0,-27.7,931.9,NA,220,66
1993,10,11,3,-27.7,932.7,NA,250,66
1993,10,11,6,-25.8,933.2,NA,260,69
1993,10,11,9,-28,932.8,NA,270,66
1993,10,11,12,-27.5,932.1,NA,260,68
1993,10,11,15,-26.3,930.7,7,240,69
1993,10,11,18,-27.6,929.2,9,240,67
1993,10,11,21,-28.3,927.5,NA,250,65
1993,10,12,0,-26.3,926.9,NA,220,68
1993,10,12,3,-25.8,924.5,NA,220,68
1993,10,12,6,-25.1,923.6,NA,230,69
1993,10,12,9,-24.1,922.8,NA,220,72
1993,10,12,12,-25.6,920.6,NA,230,69
1993,10,12,15,-24.9,916.8,NA,230,70
1993,10,12,18,-24.3,911.8,NA,220,68
1993,10,12,21,-23.7,913.2,NA,NA,68
1993,10,13,0,-24.9,908.1,NA,NA,70
1993,10,13,3,-25.3,908.2,NA,NA,69
1993,10,13,6,-25,905,NA,NA,69
1993,10,13,9,-25.7,904.1,NA,NA,69
1993,10,13,12,-25.7,903.2,NA,NA,66
1993,10,13,15,-25.6,902.3,NA,NA,67
1993,10,13,18,-26.4,903.3,NA,NA,67
1993,10,13,21,-25.7,904.9,NA,230,66
1993,10,14,0,-25.4,904.2,NA,NA,68
1993,10,14,3,-25,904.2,59,NA,69
1993,10,14,6,-24.4,904.2,NA,NA,65
1993,10,14,9,-25,903.7,NA,NA,68
1993,10,14,12,-25.6,899.9,NA,220,69
1993,10,14,15,-25.3,902.3,NA,230,69
1993,10,14,18,-24.2,898.6,NA,230,70
1993,10,14,21,-24.9,897.3,NA,230,69
1993,10,15,0,-23.2,896.4,NA,NA,69
1993,10,15,3,-24.5,896,NA,NA,69
1993,10,15,6,-22.7,897.6,NA,NA,67
1993,10,15,9,-23.7,894.1,NA,240,71
1993,10,15,12,-22.4,900,NA,230,73
1993,10,15,15,-21.9,896.4,NA,230,74
1993,10,15,18,-19.6,896.3,NA,240,72
1993,10,15,21,-19.4,891.3,NA,240,76
1993,10,16,0,-17.9,888.9,NA,NA,76
1993,10,16,3,-16.7,887.7,NA,NA,80
1993,10,16,6,-15.1,892.1,NA,NA,82
1993,10,16,9,-14.3,895.4,NA,240,84
1993,10,16,12,-14.3,895.9,NA,NA,84
1993,10,16,15,-14.2,894.4,NA,NA,84
1993,10,16,18,-14,892.5,NA,NA,84
1993,10,16,21,-13.5,893.7,NA,NA,85
1993,10,17,0,-13.4,898,NA,240,85
1993,10,17,3,-12.3,900.3,NA,230,86
1993,10,17,6,-11.1,899.4,60,230,88
1993,10,17,9,-12.1,900,58,240,87
1993,10,17,12,-11.8,902,NA,230,87
1993,10,17,15,-10.7,901.4,55,240,82
1993,10,17,18,-9.8,905.2,NA,230,66
1993,10,17,21,-12,907.6,NA,210,78
1993,10,18,0,-10.3,908,NA,130,71
1993,10,18,3,-10.6,907.5,NA,20,69
1993,10,18,6,-11.5,906.8,NA,0,77
1993,10,18,9,-12,907.1,NA,20,59
1993,10,18,12,-14.2,907.1,14,10,85
1993,10,18,15,-13.8,907.8,NA,20,85
1993,10,18,18,-13.5,908.2,NA,60,85
1993,10,18,21,-13.4,908.5,6,40,85
1993,10,19,0,-14.8,909.2,4,270,85
1993,10,19,3,-16.6,909.2,NA,250,82
1993,10,19,6,-17.1,910.4,NA,250,81
1993,10,19,9,-17.6,911.9,NA,240,81
1993,10,19,12,-17.2,913,NA,270,81
1993,10,19,15,-18,914.1,NA,260,80
1993,10,19,18,-18.2,914.8,1,280,81
1993,10,19,21,-14.9,915.6,1,230,82
1993,10,20,0,-17,915.9,NA,240,82
1993,10,20,3,-17.4,915.5,NA,210,81
1993,10,20,6,-17.3,915.5,NA,210,81
1993,10,20,9,-18,915.4,12,210,80
1993,10,20,12,-17.7,914.5,13,220,81
1993,10,20,15,-17.9,913.5,NA,230,80
1993,10,20,18,-17.7,913,15,NA,81
1993,10,20,21,-17.5,912.4,19,NA,81
1993,10,21,0,-17.4,911.1,18,NA,81
1993,10,21,3,-17.7,910,15,250,81
1993,10,21,6,-17.8,908.8,14,240,80
1993,10,21,9,-17.3,907.7,NA,250,81
1993,10,21,12,-18.4,905.6,NA,230,80
1993,10,21,15,-18.8,902.9,NA,220,80
1993,10,21,18,-21.6,901,NA,NA,77
1993,10,21,21,-21.1,899.3,NA,NA,77
1993,10,22,0,-21.8,900,NA,NA,76
1993,10,22,3,-22.3,900.3,NA,220,75
1993,10,22,6,-22.5,899.8,25,NA,75
1993,10,22,9,-23.1,899.1,NA,NA,74
1993,10,22,12,-23.6,899,NA,NA,NA
1993,10,22,15,-23.5,898.2,NA,70,72
1993,10,22,18,-23.9,896.9,NA,50,73
1993,10,22,21,-23.8,896.1,NA,70,73
1993,10,23,0,-22.8,895.3,NA,60,74
1993,10,23,3,-22.1,894.4,3,90,75
1993,10,23,6,-22.7,894.4,NA,220,75
1993,10,23,9,-23.1,894.9,NA,230,74
1993,10,23,12,-23.6,895.6,7,240,73
1993,10,23,15,-25.4,897.2,NA,230,71
1993,10,23,18,-26.1,899.4,NA,230,70
1993,10,23,21,-26.2,902.5,NA,240,70
1993,10,24,0,-25,905.6,20,220,72
1993,10,24,3,-24.4,907.9,NA,220,72
1993,10,24,6,-23.6,910.7,20,230,73
1993,10,24,9,-22.7,912.4,23,250,68
1993,10,24,12,-21.8,913.8,19,230,47
1993,10,24,15,-20.9,914,NA,230,44
1993,10,24,18,-18.6,913.9,NA,230,44
1993,10,24,21,-17.2,915.7,NA,220,34
1993,10,25,0,-14,914.9,NA,180,33
1993,10,25,3,NA,912.5,NA,230,38
1993,10,25,6,-9.6,910,NA,320,36
1993,10,25,9,-10.5,908.1,NA,360,35
1993,10,25,12,NA,907.8,NA,250,53
1993,10,25,15,NA,909.2,NA,230,81
1993,10,25,18,-15.7,909.2,NA,270,54
1993,10,25,21,-12.9,908.8,NA,360,45
1993,10,26,0,NA,907.6,4,10,35
1993,10,26,3,-8.9,905.4,NA,40,27
1993,10,26,6,-11.7,901.5,NA,230,52
1993,10,26,9,-10.6,900.4,NA,230,64
1993,10,26,12,-12.8,905.3,NA,200,47
1993,10,26,15,-11.4,905,NA,220,45
1993,10,26,18,-10.5,904.9,NA,240,36
1993,10,26,21,-11.7,905.8,NA,220,46
1993,10,27,0,-11.3,906.6,NA,220,45
1993,10,27,3,-8.7,907.4,NA,230,32
1993,10,27,6,-9.6,908.5,NA,180,41
1993,10,27,9,-8.8,908.8,NA,40,32
1993,10,27,12,-8.6,909.1,3,280,22
1993,10,27,15,-8.7,910.9,NA,230,27
1993,10,27,18,-10.6,912,NA,230,33
1993,10,27,21,-10.5,914.1,NA,230,37
1993,10,28,0,NA,NA,NA,NA,NA
1993,10,28,3,-10.7,917.1,NA,220,40
1993,10,28,6,-9.8,918.8,NA,230,38
1993,10,28,9,-9.9,919.1,NA,260,28
1993,10,28,12,-10.7,920.3,NA,250,31
1993,10,28,15,-10.6,920.3,NA,240,33
1993,10,28,18,-10.2,920.5,NA,340,38
1993,10,28,21,-10.2,920.3,NA,10,39
1993,10,29,0,-9.4,919.8,5,20,48
1993,10,29,3,-8.5,918.6,5,40,35
1993,10,29,6,-5.2,917.7,NA,10,23
1993,10,29,9,NA,917,NA,360,9
1993,10,29,12,-3.3,916.3,4,250,12
1993,10,29,15,-7,915.6,NA,260,21
1993,10,29,18,NA,915.5,NA,230,34
1993,10,29,21,NA,914.7,NA,240,55
1993,10,30,0,-13.1,912.5,NA,220,77
1993,10,30,3,-12.6,911.9,NA,230,61
1993,10,30,6,-14.3,912.1,NA,230,54
1993,10,30,9,-14.7,912.8,NA,240,71
1993,10,30,12,-14.7,915.9,NA,240,73
1993,10,30,15,-14.7,917.4,NA,240,76
1993,10,30,18,-14.6,919.5,NA,230,76
1993,10,30,21,-14.4,921.7,12,180,83
1993,10,31,0,-14.6,922.3,11,210,84
1993,10,31,3,-14.4,923,NA,160,84
1993,10,31,6,-15.1,923.6,NA,150,83
1993,10,31,9,-16,924.7,7,180,83
1993,10,31,12,NA,NA,NA,NA,NA
1993,10,31,15,-17.6,926.5,NA,200,81
1993,10,31,18,-19,927.4,14,210,80
1993,10,31,21,-19.5,927.9,13,240,78
1993,11,1,0,NA,NA,NA,NA,NA
1993,11,1,3,-18.7,927.7,4,170,79
1993,11,1,6,-19.6,926.9,5,270,78
1993,11,1,9,-20.6,925.8,NA,250,77
1993,11,1,12,-20.2,924.5,7,220,77
1993,11,1,15,NA,NA,NA,NA,NA
1993,11,1,18,-21.2,921.3,10,250,76
1993,11,1,21,NA,NA,NA,NA,NA
1993,11,2,0,-18.2,919.6,4,240,80
1993,11,2,3,NA,NA,NA,NA,NA
1993,11,2,6,-20.2,917.2,11,230,78
1993,11,2,9,-20.9,916,10,230,77
1993,11,2,12,-21,915,8,250,76
1993,11,2,15,NA,NA,NA,NA,NA
1993,11,2,18,NA,NA,NA,NA,NA
1993,11,2,21,-19.7,910.8,34,230,76
1993,11,3,0,-20.2,908.1,NA,220,78
1993,11,3,3,-20.9,912.8,NA,240,76
1993,11,3,6,NA,NA,NA,NA,NA
1993,11,3,9,-19.9,918.3,27,230,76
1993,11,3,12,-18.9,919.8,NA,240,59
1993,11,3,15,-18.7,920.3,NA,200,61
1993,11,3,18,NA,NA,NA,NA,NA
1993,11,3,21,-14.8,919,NA,0,48
1993,11,4,0,-13.8,918.5,5,40,48
1993,11,4,3,-14.5,917.9,9,20,39
1993,11,4,6,NA,NA,NA,NA,NA
1993,11,4,9,NA,NA,NA,NA,NA
1993,11,4,12,-16.9,918.1,3,280,37
1993,11,4,15,-16.9,918.5,3,280,36
1993,11,4,18,-15,919.2,1,10,42
1993,11,4,21,NA,NA,NA,NA,NA
1993,11,5,0,NA,NA,NA,NA,NA
1993,11,5,3,-14.8,922.3,NA,NA,74
1993,11,5,6,-14.8,923.2,2,330,77
1993,11,5,9,-14.2,924,NA,NA,29
1993,11,5,12,-14.9,924.6,3,270,29
1993,11,5,15,-14.3,924.5,3,300,25
1993,11,5,18,-11.7,924.6,5,340,22
1993,11,5,21,-11.1,923.7,NA,350,25
1993,11,6,0,-10.5,922.9,NA,10,27
1993,11,6,3,-11.8,920.9,NA,360,24
1993,11,6,6,-12.3,920.5,NA,340,27
1993,11,6,9,-13,920.4,NA,170,33
1993,11,6,12,-15,919.6,NA,360,83
1993,11,6,15,-15.7,918.5,2,250,82
1993,11,6,18,-16,917.8,NA,230,75
1993,11,6,21,-16.6,916.4,NA,230,75
1993,11,7,0,-16.4,915,NA,220,82
1993,11,7,3,-16.3,913.9,NA,NA,82
1993,11,7,6,-16.3,913.6,30,NA,68
1993,11,7,9,-16.7,915.1,NA,210,71
1993,11,7,12,-17.1,915.3,NA,230,71
1993,11,7,15,-17.7,915.1,NA,250,79
1993,11,7,18,-16.7,914.9,NA,30,80
1993,11,7,21,-15.4,915.1,NA,40,80
1993,11,8,0,-15.1,915.2,6,60,81
1993,11,8,3,-14.8,915.4,7,60,74
1993,11,8,6,-14.1,915.9,NA,60,82
1993,11,8,9,-14.5,916.3,NA,330,81
1993,11,8,12,-15.2,916.7,4,290,83
1993,11,8,15,-15.8,916.6,NA,260,82
1993,11,8,18,-14.6,917.3,NA,290,80
1993,11,8,21,-14.6,917.9,NA,60,83
1993,11,9,0,-14,918.1,4,70,84
1993,11,9,3,-14,917.9,2,80,85
1993,11,9,6,-13.6,917.6,4,20,85
1993,11,9,9,-13.5,917.1,4,30,85
1993,11,9,12,-13.9,916.4,4,260,79
1993,11,9,15,-14,915.9,NA,240,76
1993,11,9,18,-15,915.1,NA,220,84
1993,11,9,21,-15.2,915.2,NA,220,83
1993,11,10,0,-14,915.5,NA,200,85
1993,11,10,3,-13.9,915.2,NA,220,85
1993,11,10,6,-14,916.2,NA,210,85
1993,11,10,9,-14.1,916.6,NA,210,85
1993,11,10,12,-14.5,916.7,16,220,84
1993,11,10,15,-14.5,916.4,NA,230,84
1993,11,10,18,-14.8,916.2,NA,230,84
1993,11,10,21,-13.7,915.5,6,220,85
1993,11,11,0,-12.6,914.6,NA,80,87
1993,11,11,3,-13.7,913.2,NA,10,85
1993,11,11,6,-14.5,912,NA,350,84
1993,11,11,9,-14.5,911.4,NA,360,73
1993,11,11,12,-14.9,911.1,NA,360,67
1993,11,11,15,-15,911.1,NA,240,73
1993,11,11,18,-14,911,NA,250,74
1993,11,11,21,-12.9,911.3,NA,40,73
1993,11,12,0,-11.6,911.2,1,90,69
1993,11,12,3,-9.3,911.2,2,240,29
1993,11,12,6,-12.4,911.6,NA,220,65
1993,11,12,9,-12.8,912.1,NA,210,86
1993,11,12,12,-12.6,911.5,NA,220,86
1993,11,12,15,-13.5,910.1,NA,220,85
1993,11,12,18,-13.1,913.1,NA,230,86
1993,11,12,21,-11.1,913.2,NA,240,85
1993,11,13,0,-9.1,914.5,NA,230,75
1993,11,13,3,-8.1,919.2,NA,230,68
1993,11,13,6,-7.6,924.2,NA,220,61
1993,11,13,9,-8.6,928.2,NA,230,71
1993,11,13,12,-9.1,930,NA,320,67
1993,11,13,15,-7.4,930.6,NA,330,49
1993,11,13,18,-8.5,930.4,NA,10,56
1993,11,13,21,-9.6,929.8,NA,30,65
1993,11,14,0,-11.7,929.3,NA,40,86
1993,11,14,3,-11,928.5,NA,40,88
1993,11,14,6,-10.9,927.9,NA,40,88
1993,11,14,9,-12,927.4,NA,20,87
1993,11,14,12,-12.3,927.3,NA,NA,87
1993,11,14,15,-13.3,926.7,NA,NA,86
1993,11,14,18,-12.9,925.5,NA,NA,86
1993,11,14,21,-12.5,925.1,2,210,87
1993,11,15,0,-12.8,924.3,NA,200,86
1993,11,15,3,-12.8,923.4,6,220,86
1993,11,15,6,-13.2,922.5,9,210,86
1993,11,15,9,-13.3,921.8,6,230,86
1993,11,15,12,-12.9,921.5,NA,230,86
1993,11,15,15,-12.5,921,2,30,85
1993,11,15,18,-9.7,920.9,2,60,80
1993,11,15,21,-8.6,921.3,3,30,84
1993,11,16,0,-8.6,922.1,2,50,81
1993,11,16,3,-8,922.7,1,230,65
1993,11,16,6,-9.3,923.4,4,220,61
1993,11,16,9,-10.4,924.4,NA,240,60
1993,11,16,12,-11.4,924.9,NA,240,59
1993,11,16,15,-13.1,924.7,NA,230,85
1993,11,16,18,-11.3,925.1,NA,230,65
1993,11,16,21,-12.3,925.8,NA,220,74
1993,11,17,0,-12.2,927.6,NA,240,86
1993,11,17,3,-11.7,927.5,NA,220,87
1993,11,17,6,-10.7,928.1,NA,240,85
1993,11,17,9,-8.9,927.5,NA,240,54
1993,11,17,12,-8.4,926.6,NA,240,49
1993,11,17,15,-8,923.4,NA,230,53
1993,11,17,18,-9,923.3,NA,240,74
1993,11,17,21,-8.6,922.9,NA,230,79
1993,11,18,0,-9,923.7,NA,230,74
1993,11,18,3,-7.2,922.8,NA,230,57
1993,11,18,6,-7.1,922.7,NA,220,51
1993,11,18,9,-8.3,922.2,NA,230,59
1993,11,18,12,-10.1,921.2,NA,230,78
1993,11,18,15,-10.6,920,NA,220,75
1993,11,18,18,-11.5,922.8,NA,230,82
1993,11,18,21,-11,923.1,NA,200,76
1993,11,19,0,-11.2,923.2,NA,210,77
1993,11,19,3,-9.1,922.5,NA,230,58
1993,11,19,6,-10.2,921.7,NA,220,61
1993,11,19,9,-10.9,923.1,30,190,82
1993,11,19,12,-11.3,923.5,NA,210,87
1993,11,19,15,-11.1,923.7,NA,210,88
1993,11,19,18,-10.3,924.1,16,210,88
1993,11,19,21,-9.4,924.2,NA,220,89
1993,11,20,0,-8.8,923.2,NA,210,89
1993,11,20,3,-7.4,923,NA,220,51
1993,11,20,6,-9.2,923.9,NA,NA,75
1993,11,20,9,-9.1,924.2,NA,NA,68
1993,11,20,12,-8.7,923.9,NA,NA,59
1993,11,20,15,-7.2,923,NA,210,53
1993,11,20,18,-6.5,922.3,NA,220,41
1993,11,20,21,-6.2,923.5,NA,210,48
1993,11,21,0,-3.8,922.9,NA,250,39
1993,11,21,3,-4.9,922.1,2,150,40
1993,11,21,6,-5.1,921.8,NA,250,42
1993,11,21,9,-5.1,920.7,3,340,36
1993,11,21,12,-5.6,919.9,5,220,35
1993,11,21,15,-8.7,919.3,NA,230,62
1993,11,21,18,-8.6,920.4,NA,210,61
1993,11,21,21,-7.4,920.8,NA,220,53
1993,11,22,0,-5.8,921.2,NA,220,42
1993,11,22,3,-5.2,921.4,NA,20,53
1993,11,22,6,-6.5,920.8,NA,360,59
1993,11,22,9,-8.5,920.4,NA,20,52
1993,11,22,12,-10.2,920.8,NA,250,88
1993,11,22,15,-10.4,920.2,NA,240,88
1993,11,22,18,-9.7,919.8,NA,90,88
1993,11,22,21,-9.3,919.1,2,70,89
1993,11,23,0,-10,918.3,6,60,89
1993,11,23,3,-10,917.3,2,200,89
1993,11,23,6,-10.9,916.4,5,210,89
1993,11,23,9,-11.5,915,NA,220,88
1993,11,23,12,-11,913.7,NA,230,81
1993,11,23,15,-11.5,913.3,NA,NA,87
1993,11,23,18,-11,913.4,NA,NA,86
1993,11,23,21,-10.5,913.9,38,NA,80
1993,11,24,0,-10.7,913.5,38,NA,84
1993,11,24,3,-10.4,912.7,NA,NA,85
1993,11,24,6,-9.5,915.2,39,NA,77
1993,11,24,9,-9.2,916.4,36,NA,71
1993,11,24,12,-9.1,917.3,NA,NA,65
1993,11,24,15,-9.8,918.6,NA,220,67
1993,11,24,18,-9.5,919,NA,210,61
1993,11,24,21,-8.4,919,NA,230,61
1993,11,25,0,-8.2,918.4,NA,90,86
1993,11,25,3,-8.2,917.6,3,70,87
1993,11,25,6,-9.2,916.9,3,100,86
1993,11,25,9,-10,916.4,4,260,89
1993,11,25,12,-10.4,915.8,2,250,89
1993,11,25,15,-10.6,914.9,2,310,88
1993,11,25,18,-11.4,914.4,NA,230,88
1993,11,25,21,-11.5,914.4,NA,250,88
1993,11,26,0,-10.6,914.2,NA,230,88
1993,11,26,3,-10.7,914,3,200,89
1993,11,26,6,-10.9,914,3,220,89
1993,11,26,9,-10.8,914.2,4,220,81
1993,11,26,12,-10.6,914.5,NA,0,64
1993,11,26,15,-10.4,914.4,3,360,61
1993,11,26,18,-9.3,914.6,NA,NA,60
1993,11,26,21,-8.4,915.3,1,310,65
1993,11,27,0,-8.3,915.8,2,100,79
1993,11,27,3,-7.7,915.8,NA,60,67
1993,11,27,6,-9.6,915.3,NA,230,76
1993,11,27,9,-9.1,915.2,NA,230,73
1993,11,27,12,-9.6,916.9,NA,220,76
1993,11,27,15,-10.1,917.2,NA,220,89
1993,11,27,18,-10.4,917.8,NA,200,89
1993,11,27,21,-10.1,918.2,NA,230,89
1993,11,28,0,-8.3,918.1,NA,60,89
1993,11,28,3,-8.8,917.6,6,30,90
1993,11,28,6,-10,917.2,NA,20,79
1993,11,28,9,-10.2,917.6,NA,360,79
1993,11,28,12,-10.4,917.7,NA,40,81
1993,11,28,15,-10.2,917.3,NA,70,83
1993,11,28,18,-9.4,917.6,4,80,81
1993,11,28,21,-9,918,6,80,84
1993,11,29,0,-10.2,918.3,5,60,89
1993,11,29,3,-10.3,918.1,NA,30,89
1993,11,29,6,-10.2,918.8,NA,30,89
1993,11,29,9,-10.5,919.7,7,360,89
1993,11,29,12,-10.4,920.3,NA,30,89
1993,11,29,15,-11.1,920.5,6,250,88
1993,11,29,18,-11,921.4,NA,230,88
1993,11,29,21,-10.3,922.6,9,220,89
1993,11,30,0,-10.1,923.1,NA,220,89
1993,11,30,3,-10.6,923.3,NA,230,89
1993,11,30,6,-10.4,923.8,NA,220,84
1993,11,30,9,-10.2,924.2,19,220,83
1993,11,30,12,-11.1,924,NA,220,78
1993,11,30,15,-10.7,924.5,NA,230,85
1993,11,30,18,-10.7,924.1,NA,220,81
1993,11,30,21,-10.7,926.1,NA,220,79
1993,12,1,0,-9.6,926.1,31,220,76
1993,12,1,3,-10,927.1,30,210,89
1993,12,1,6,-10,928.1,NA,220,89
1993,12,1,9,-9.7,927.9,NA,230,80
1993,12,1,12,-10.3,927.6,21,220,83
1993,12,1,15,-10.6,927.5,20,220,88
1993,12,1,18,-10.2,927.7,NA,230,89
1993,12,1,21,-10.2,928,NA,230,89
1993,12,2,0,-9.2,927.6,NA,230,86
1993,12,2,3,-8,927.2,NA,180,79
1993,12,2,6,-8.3,926.9,2,50,83
1993,12,2,9,-10.1,926.1,4,20,87
1993,12,2,12,-10.7,925.4,NA,10,89
1993,12,2,15,-10.4,924.8,NA,10,65
1993,12,2,18,-9.3,924.6,NA,40,75
1993,12,2,21,-8.5,924.2,6,60,77
1993,12,3,0,-8.6,924.2,NA,30,75
1993,12,3,3,-8.8,923.9,7,30,77
1993,12,3,6,-8.8,923.8,NA,40,68
1993,12,3,9,-8.6,923.8,6,340,61
1993,12,3,12,-10.3,924.5,3,260,60
1993,12,3,15,-10.8,924.9,NA,250,88
1993,12,3,18,-11,925.4,NA,210,82
1993,12,3,21,-10.7,926.2,12,240,86
1993,12,4,0,-10.9,927.1,12,230,88
1993,12,4,3,-10.2,927.5,13,220,83
1993,12,4,6,-10.9,928,NA,210,87
1993,12,4,9,-10.8,928.1,NA,220,85
1993,12,4,12,-10.8,928.1,NA,220,82
1993,12,4,15,-11.4,929.2,NA,230,76
1993,12,4,18,-11.4,930.5,NA,220,85
1993,12,4,21,-10.9,931.1,NA,220,72
1993,12,5,0,-10.6,930.7,25,230,61
1993,12,5,3,-10.5,930.5,25,240,70
1993,12,5,6,-10.2,930.6,NA,240,66
1993,12,5,9,-11.4,929.7,NA,210,69
1993,12,5,12,-11.9,929.2,NA,220,81
1993,12,5,15,-12.8,927.9,NA,240,86
1993,12,5,18,-11.1,926.7,NA,230,85
1993,12,5,21,-10.3,925.6,NA,230,66
1993,12,6,0,-9.8,924.4,NA,90,81
1993,12,6,3,-10.8,922.9,NA,60,81
1993,12,6,6,-11,921.9,NA,50,69
1993,12,6,9,-11.3,921.5,10,40,69
1993,12,6,12,-11.6,921.2,NA,360,81
1993,12,6,15,-10.9,920.7,NA,30,75
1993,12,6,18,-10,920.7,NA,60,76
1993,12,6,21,-9.4,920.9,6,50,75
1993,12,7,0,-9.2,921.2,6,60,75
1993,12,7,3,-9,921.3,9,60,80
1993,12,7,6,-9.7,921.6,NA,40,89
1993,12,7,9,-10.1,921.9,NA,30,89
1993,12,7,12,-10.2,922.3,NA,80,89
1993,12,7,15,-11,922.4,NA,260,88
1993,12,7,18,-11.3,922.9,NA,240,88
1993,12,7,21,-11,923.5,10,240,88
1993,12,8,0,-10.8,924.4,11,220,89
1993,12,8,3,-10.6,924.7,12,230,89
1993,12,8,6,-10.2,925.5,12,210,89
1993,12,8,9,-10.6,925.7,16,230,89
1993,12,8,12,-11.1,926.3,15,NA,88
1993,12,8,15,-11,926.2,17,NA,88
1993,12,8,18,-10.8,926.4,18,NA,89
1993,12,8,21,-10.5,926.6,14,NA,89
1993,12,9,0,-10.3,926.2,15,NA,89
1993,12,9,3,-9.8,925.6,12,250,90
1993,12,9,6,-9.8,925.1,NA,240,90
1993,12,9,9,-10,924.8,9,230,89
1993,12,9,12,-10.3,924.5,8,240,89
1993,12,9,15,-10.9,924,8,240,89
1993,12,9,18,-10.4,924.2,10,250,89
1993,12,9,21,-6.9,924.3,NA,250,90
1993,12,10,0,NA,924.4,NA,230,92
1993,12,10,3,-8.5,924.3,NA,80,91
1993,12,10,6,-8.3,924.5,4,70,91
1993,12,10,9,-8.1,924.8,NA,200,91
1993,12,10,12,-9.7,925.1,NA,360,90
1993,12,10,15,-11.2,925.1,NA,20,89
1993,12,10,18,-10.6,925.3,NA,360,89
1993,12,10,21,-8.5,925.5,NA,280,90
1993,12,11,0,-8.4,925.6,2,240,91
1993,12,11,3,-9.2,924.9,5,220,91
1993,12,11,6,-9.9,924.5,NA,230,90
1993,12,11,9,-10,924.2,NA,230,90
1993,12,11,12,-10.2,924.1,NA,230,90
1993,12,11,15,-10.4,924.3,NA,220,90
1993,12,11,18,-10.4,924.3,13,240,89
1993,12,11,21,-8,924.7,NA,70,91
1993,12,12,0,-9,923.9,NA,360,91
1993,12,12,3,-8.9,922.7,NA,10,89
1993,12,12,6,-8.6,922.2,NA,40,91
1993,12,12,9,-9.3,921.5,NA,240,90
1993,12,12,12,-9.2,921.3,NA,230,90
1993,12,12,15,-9.4,922.2,NA,230,90
1993,12,12,18,-9.9,923.3,14,220,89
1993,12,12,21,-8.6,923.6,NA,220,49
1993,12,13,0,-8.7,924.2,NA,220,61
1993,12,13,3,-9.6,924.5,NA,250,76
1993,12,13,6,-7.1,924.3,NA,150,83
1993,12,13,9,-9.9,924,4,260,51
1993,12,13,12,-9.8,923.4,NA,340,57
1993,12,13,15,-9.7,922.5,7,360,62
1993,12,13,18,-8.8,922.1,NA,260,65
1993,12,13,21,-9,921.7,5,20,87
1993,12,14,0,-8.8,921.6,4,40,90
1993,12,14,3,-8.1,921.5,6,60,85
1993,12,14,6,-8.7,921.4,5,20,84
1993,12,14,9,-9.7,921.1,6,20,86
1993,12,14,12,-9.8,920.7,6,360,89
1993,12,14,15,-9.4,920.2,3,10,87
1993,12,14,18,-8.6,920,3,200,83
1993,12,14,21,-8.6,920.1,5,210,83
1993,12,15,0,-8.2,920.2,3,220,84
1993,12,15,3,-6.8,920.4,3,220,63
1993,12,15,6,NA,921,1,220,42
1993,12,15,9,-7.8,921.3,4,360,43
1993,12,15,12,-6.9,922.3,NA,340,36
1993,12,15,15,-4.7,922.7,NA,20,33
1993,12,15,18,-3,923.2,NA,10,32
1993,12,15,21,-2.6,924.4,NA,220,26
1993,12,16,0,-2.1,925.6,4,240,31
1993,12,16,3,-2.4,926.9,3,210,27
1993,12,16,6,-2.4,928.3,2,170,23
1993,12,16,9,-2.3,929.4,5,260,21
1993,12,16,12,-4.1,929.7,5,250,44
1993,12,16,15,-4.5,929.3,NA,290,53
1993,12,16,18,-4.9,927.6,NA,30,60
1993,12,16,21,-6,926.5,NA,50,91
1993,12,17,0,-4.9,NA,NA,280,91
1993,12,17,3,-5.6,922.4,NA,230,85
1993,12,17,6,-6.4,920.5,NA,210,91
1993,12,17,9,-5.3,919.3,NA,230,75
1993,12,17,12,-5.5,920.5,NA,240,81
1993,12,17,15,-6.7,921.1,NA,230,85
1993,12,17,18,-6.8,920.9,NA,220,86
1993,12,17,21,-5,921,NA,210,85
1993,12,18,0,-3.8,921.1,NA,240,61
1993,12,18,3,-3.3,920.1,3,110,66
1993,12,18,6,-2.7,920.4,3,200,47
1993,12,18,9,NA,921,NA,240,92
1993,12,18,12,NA,921.5,NA,250,92
1993,12,18,15,-6.6,922.8,19,220,74
1993,12,18,18,-6.4,924.4,NA,220,77
1993,12,18,21,-5.3,926.2,NA,220,75
1993,12,19,0,-4.7,927.3,NA,110,73
1993,12,19,3,-4.4,927.3,NA,70,83
1993,12,19,6,-4.6,927,NA,10,73
1993,12,19,9,-4,926.5,7,260,75
1993,12,19,12,-3.7,926.6,3,0,45
1993,12,19,15,-4.3,926.5,NA,90,62
1993,12,19,18,-4.2,926.6,2,20,61
1993,12,19,21,-2.4,927,5,260,48
1993,12,20,0,-2.3,926.3,NA,230,52
1993,12,20,3,-2.9,925.4,8,230,56
1993,12,20,6,-4.9,925,8,210,72
1993,12,20,9,-5.8,924.6,NA,240,82
1993,12,20,12,-6.7,924.3,NA,240,92
1993,12,20,15,NA,924,1,200,92
1993,12,20,18,-6.7,923.9,NA,220,92
1993,12,20,21,-6.6,922.9,NA,220,93
1993,12,21,0,-6.9,921.5,NA,230,92
1993,12,21,3,-6.7,920.2,NA,230,93
1993,12,21,6,-6.9,920.6,NA,230,92
1993,12,21,9,-7.4,922.4,NA,NA,92
1993,12,21,12,-7.1,924,NA,NA,92
1993,12,21,15,-6.1,925,NA,NA,86
1993,12,21,18,-7.9,926.2,NA,230,91
1993,12,21,21,-6.4,926.5,NA,220,89
1993,12,22,0,-7.2,925.5,NA,220,91
1993,12,22,3,-7.4,924.5,NA,230,92
1993,12,22,6,-6.3,924.4,NA,220,84
1993,12,22,9,-7.1,925.9,NA,210,72
1993,12,22,12,-6.6,926.8,NA,240,82
1993,12,22,15,-5.7,926,NA,10,72
1993,12,22,18,-5.1,925.3,NA,10,74
1993,12,22,21,-5.6,924.5,NA,30,81
1993,12,23,0,-4.8,924.2,4,10,91
1993,12,23,3,-5.3,923.6,4,60,92
1993,12,23,6,-4.4,922.8,NA,350,59
1993,12,23,9,-3.8,923.2,NA,340,60
1993,12,23,12,-6.4,923.4,NA,240,87
1993,12,23,15,-6.8,923.6,NA,250,92
1993,12,23,18,-5.3,924,NA,100,93
1993,12,23,21,-5.8,924.9,NA,240,90
1993,12,24,0,-4.4,925.3,5,30,87
1993,12,24,3,-1.1,924.7,NA,10,40
1993,12,24,6,-1,923.4,NA,360,30
1993,12,24,9,-2.8,921.8,NA,0,49
1993,12,24,12,-5.8,920.8,NA,330,93
1993,12,24,15,-5.8,919.7,NA,210,93
1993,12,24,18,-6.1,918.9,NA,260,93
1993,12,24,21,-5.7,919.4,NA,230,88
1993,12,25,0,-6.7,921.6,NA,210,67
1993,12,25,3,-6.8,921.6,NA,230,73
1993,12,25,6,-6.3,922.9,NA,230,74
1993,12,25,9,-5.5,923.8,NA,0,71
1993,12,25,12,-5,923.2,NA,260,49
1993,12,25,15,-3.2,922.3,NA,330,31
1993,12,25,18,-2.3,921.5,NA,50,37
1993,12,25,21,-1.4,921,NA,180,36
1993,12,26,0,-1.5,920.3,NA,40,34
1993,12,26,3,-2.5,919.5,4,240,38
1993,12,26,6,-5.8,919.6,NA,240,88
1993,12,26,9,-3.5,920.3,NA,220,47
1993,12,26,12,-5.2,919.3,NA,230,45
1993,12,26,15,-6.8,918.3,NA,230,69
1993,12,26,18,-7.6,917.5,NA,230,87
1993,12,26,21,-7.4,916.6,14,220,92
1993,12,27,0,-8.1,914.9,NA,220,92
1993,12,27,3,-8.5,914.5,NA,200,91
1993,12,27,6,-7.9,914.1,NA,220,92
1993,12,27,9,-7.6,914.7,NA,220,80
1993,12,27,12,-7.8,914.2,NA,350,51
1993,12,27,15,-7.8,913.7,NA,30,41
1993,12,27,18,-6.2,913.4,NA,60,68
1993,12,27,21,-7.1,913.2,NA,30,72
1993,12,28,0,-7.1,913.4,8,30,84
1993,12,28,3,-6.9,914,NA,20,92
1993,12,28,6,-6.4,915,6,40,88
1993,12,28,9,-6.3,915.9,6,60,93
1993,12,28,12,-7.9,916.9,NA,240,90
1993,12,28,15,-8.7,917.6,NA,240,91
1993,12,28,18,-8,918.3,NA,230,86
1993,12,28,21,-7.1,918.8,NA,220,80
1993,12,29,0,-6.7,919.2,13,220,81
1993,12,29,3,-5.8,920,NA,230,75
1993,12,29,6,-4.7,920.6,NA,220,72
1993,12,29,9,-6.1,921.6,4,230,78
1993,12,29,12,-6.5,922.3,NA,220,62
1993,12,29,15,-7,921.5,NA,230,63
1993,12,29,18,-6,922.9,NA,230,56
1993,12,29,21,-5.9,923.9,NA,220,54
1993,12,30,0,-4,924.2,NA,60,63
1993,12,30,3,-3.5,923.1,NA,340,42
1993,12,30,6,-1.6,922.5,NA,340,28
1993,12,30,9,-2.7,922.6,NA,360,27
1993,12,30,12,-3,923.1,NA,220,32
1993,12,30,15,-4.5,921.1,NA,240,53
1993,12,30,18,-5.8,922.7,NA,230,59
1993,12,30,21,-6,923.6,NA,230,63
1993,12,31,0,-4.8,923.9,NA,210,65
1993,12,31,3,-6.1,923.7,NA,220,74
1993,12,31,6,-6.3,923.3,NA,230,67
1993,12,31,9,-7,922.4,NA,NA,72
1993,12,31,12,-6.7,923.2,NA,NA,63
1993,12,31,15,-7,925,NA,NA,60
1993,12,31,18,-6.9,926,NA,NA,59
1993,12,31,21,-7,927.3,NA,210,62
1994,1,1,0,-5.5,927.6,NA,220,72
1994,1,1,3,-4.4,927.1,NA,230,57
1994,1,1,6,-2.5,927,NA,250,44
1994,1,1,9,-4.6,927,5,280,45
1994,1,1,12,-4.4,927,2,320,41
1994,1,1,15,NA,926.8,1,270,40
1994,1,1,18,-3.1,926.7,2,110,43
1994,1,1,21,NA,926.8,1,80,56
1994,1,2,0,-1.9,927,4,60,52
1994,1,2,3,-2.1,926.8,5,240,44
1994,1,2,6,-2.2,927.3,3,250,50
1994,1,2,9,-3.5,928.1,2,230,53
1994,1,2,12,-4.3,929.1,3,250,38
1994,1,2,15,-5.5,930.1,3,230,53
1994,1,2,18,-4.9,931.6,7,240,49
1994,1,2,21,-3.8,933.3,NA,80,56
1994,1,3,0,-7,934.6,NA,240,90
1994,1,3,3,-6.7,936,NA,230,92
1994,1,3,6,-5.1,937.5,NA,210,82
1994,1,3,9,-4.7,938.3,NA,210,64
1994,1,3,12,-5.1,939.4,NA,230,57
1994,1,3,15,-4.4,939.9,NA,200,60
1994,1,3,18,-3.5,940.4,4,100,59
1994,1,3,21,-4.9,940.9,6,180,69
1994,1,4,0,-4.9,941.3,5,200,70
1994,1,4,3,-3.9,940.7,NA,70,70
1994,1,4,6,-5,940.5,2,50,82
1994,1,4,9,-5.4,940.3,5,10,78
1994,1,4,12,-5.9,939.6,NA,350,76
1994,1,4,15,-6.6,939.1,NA,350,84
1994,1,4,18,-5.7,938.7,NA,360,86
1994,1,4,21,-5.5,938.6,NA,10,88
1994,1,5,0,-3.7,938,NA,40,92
1994,1,5,3,-3,937.3,3,20,81
1994,1,5,6,-2.6,937.1,2,10,76
1994,1,5,9,NA,937.1,1,310,78
1994,1,5,12,-2.1,936.6,3,350,50
1994,1,5,15,-2.5,935.9,2,330,48
1994,1,5,18,NA,935.2,1,90,47
1994,1,5,21,0.1,934.5,3,20,39
1994,1,6,0,1,933.5,2,80,37
1994,1,6,3,-0.2,932.4,4,360,48
1994,1,6,6,1.4,931.1,3,250,37
1994,1,6,9,-1.5,930.4,4,240,39
1994,1,6,12,-1.6,929.2,2,220,39
1994,1,6,15,NA,927.8,3,230,60
1994,1,6,18,-4.8,926.7,NA,230,68
1994,1,6,21,-6.5,926.5,NA,230,81
1994,1,7,0,-1.8,926.1,NA,160,49
1994,1,7,3,-5.8,925,NA,NA,72
1994,1,7,6,-4.8,923.8,NA,NA,60
1994,1,7,9,-4.6,923.5,NA,NA,53
1994,1,7,12,-7.3,924.8,NA,220,75
1994,1,7,15,-7.5,926.6,NA,210,91
1994,1,7,18,-7.4,927.1,NA,210,92
1994,1,7,21,-7.1,929.1,NA,220,92
1994,1,8,0,-6.8,929.9,NA,230,92
1994,1,8,3,-6.6,929.9,NA,220,93
1994,1,8,6,-6.3,929.9,NA,220,89
1994,1,8,9,-5.5,929.8,NA,260,85
1994,1,8,12,-7.7,929.8,3,10,91
1994,1,8,15,-6.7,929.2,2,240,67
1994,1,8,18,-4.5,929.2,2,250,52
1994,1,8,21,-3.6,929.7,2,260,55
1994,1,9,0,NA,930,1,70,NA
1994,1,9,3,-2.1,929.8,2,60,41
1994,1,9,6,-1.2,929.6,2,220,38
1994,1,9,9,-2.3,929.1,3,260,31
1994,1,9,12,-3.4,928.2,NA,0,33
1994,1,9,15,NA,926.5,1,270,34
1994,1,9,18,-3.2,925.8,2,300,37
1994,1,9,21,-2.7,925.4,2,240,38
1994,1,10,0,-2.2,924.8,5,220,38
1994,1,10,3,-3.2,923.8,NA,230,41
1994,1,10,6,-5.1,923.2,NA,240,68
1994,1,10,9,-4.5,920.8,NA,230,55
1994,1,10,12,-4.7,923.2,NA,230,48
1994,1,10,15,-4.1,924.3,NA,240,40
1994,1,10,18,-2.6,924,NA,250,39
1994,1,10,21,-2.1,924.2,NA,210,38
1994,1,11,0,-4.3,924.2,NA,210,56
1994,1,11,3,-4.2,924.5,NA,230,54
1994,1,11,6,-6.6,926.3,NA,210,89
1994,1,11,9,-5.9,926.9,NA,230,78
1994,1,11,12,-6.3,928.3,NA,230,66
1994,1,11,15,-5.9,928.9,NA,210,58
1994,1,11,18,-5,928.9,NA,190,62
1994,1,11,21,-5,929.3,NA,230,70
1994,1,12,0,-4.7,928.9,6,10,74
1994,1,12,3,-3.9,928.1,NA,330,62
1994,1,12,6,-3.2,928,NA,190,50
1994,1,12,9,-3.3,928.2,NA,230,43
1994,1,12,12,-4.5,928.6,2,230,45
1994,1,12,15,-4.8,928.7,2,290,48
1994,1,12,18,-4.5,929,2,220,47
1994,1,12,21,NA,929.4,1,230,42
1994,1,13,0,-3.4,929.6,2,230,43
1994,1,13,3,-4.2,929.9,5,230,51
1994,1,13,6,-5.2,929.9,NA,220,52
1994,1,13,9,-6.3,929.7,NA,220,64
1994,1,13,12,-6.7,929.4,NA,240,68
1994,1,13,15,-6.5,928.6,NA,260,57
1994,1,13,18,-5.5,927.5,NA,250,61
1994,1,13,21,-5,925.8,NA,10,50
1994,1,14,0,-3.9,924.3,NA,230,55
1994,1,14,3,-3.6,923.1,NA,230,45
1994,1,14,6,-3.6,920.8,NA,240,39
1994,1,14,9,-5.2,920.6,NA,230,50
1994,1,14,12,-5.5,920.4,NA,230,61
1994,1,14,15,-5.2,920.1,NA,210,56
1994,1,14,18,-5.1,918,NA,230,44
1994,1,14,21,-5,919.6,NA,NA,64
1994,1,15,0,-4.1,917.5,NA,NA,48
1994,1,15,3,-4.1,917.3,NA,NA,58
1994,1,15,6,-4.9,918.4,NA,220,65
1994,1,15,9,-5.3,920.7,NA,220,82
1994,1,15,12,-4.1,921.2,NA,190,64
1994,1,15,15,-5.2,921.1,NA,220,56
1994,1,15,18,-5.3,921.7,NA,240,68
1994,1,15,21,-4.2,922.3,NA,230,65
1994,1,16,0,-4.2,922.6,NA,220,63
1994,1,16,3,-5.4,923.1,NA,220,82
1994,1,16,6,-6.2,923.3,21,220,92
1994,1,16,9,-7.1,924.5,NA,210,92
1994,1,16,12,-7.3,925.3,NA,220,92
1994,1,16,15,-6.8,925.7,NA,220,92
1994,1,16,18,-6.8,925.8,NA,210,92
1994,1,16,21,-6.4,926.4,NA,210,93
1994,1,17,0,-6,926.1,NA,220,93
1994,1,17,3,-6,925.2,NA,220,92
1994,1,17,6,-6.4,923.9,NA,220,93
1994,1,17,9,-7.8,926.1,NA,230,92
1994,1,17,12,-7.9,926.4,NA,220,77
1994,1,17,15,-7.7,925.4,NA,220,82
1994,1,17,18,-7,926,NA,230,72
1994,1,17,21,-7.4,926.1,NA,220,74
1994,1,18,0,-6.9,926.3,NA,220,80
1994,1,18,3,-6.5,925.6,15,NA,82
1994,1,18,6,-6.3,925.2,NA,NA,83
1994,1,18,9,-6.7,924.3,NA,240,90
1994,1,18,12,-6.7,923.1,NA,300,54
1994,1,18,15,NA,921.2,1,10,45
1994,1,18,18,-6.7,920.5,4,20,68
1994,1,18,21,-4.5,920.8,3,110,85
1994,1,19,0,-6.3,921.5,3,140,90
1994,1,19,3,-6.6,921.7,NA,230,89
1994,1,19,6,-6.4,922.3,6,190,88
1994,1,19,9,-7.3,922.7,NA,220,90
1994,1,19,12,-7.6,923.1,NA,220,86
1994,1,19,15,-7.4,922.9,12,210,91
1994,1,19,18,-7.9,923,11,230,92
1994,1,19,21,-7.6,922.8,11,230,92
1994,1,20,0,-7.1,922.3,NA,220,92
1994,1,20,3,-7.1,921.2,10,230,92
1994,1,20,6,-6.7,920.4,NA,230,69
1994,1,20,9,-6.7,919.3,NA,220,72
1994,1,20,12,-7.8,919.7,NA,220,91
1994,1,20,15,-7.5,921.2,NA,200,92
1994,1,20,18,-7.9,921.7,NA,200,92
1994,1,20,21,-6.9,922.4,NA,220,85
1994,1,21,0,-6,922.5,NA,220,80
1994,1,21,3,-5.9,923.8,NA,220,74
1994,1,21,6,-5.8,922.8,NA,230,67
1994,1,21,9,-6.4,923.5,NA,230,81
1994,1,21,12,-7.5,924.7,NA,210,92
1994,1,21,15,-7.4,924.6,NA,200,89
1994,1,21,18,-7,924.5,NA,180,84
1994,1,21,21,-6.5,923.8,NA,270,88
1994,1,22,0,-5.4,922.8,NA,190,79
1994,1,22,3,-7,921.7,NA,360,85
1994,1,22,6,-6.4,921.2,6,30,72
1994,1,22,9,-7.4,921.2,9,350,73
1994,1,22,12,-7.2,921.3,NA,340,74
1994,1,22,15,-7.4,921.6,NA,260,78
1994,1,22,18,-7.6,922.1,3,240,89
1994,1,22,21,-6.7,922.9,3,120,91
1994,1,23,0,-7,923.3,NA,200,92
1994,1,23,3,-6.9,923.5,NA,210,88
1994,1,23,6,-6.2,923.4,NA,260,80
1994,1,23,9,-7.2,923,NA,220,91
1994,1,23,12,-7.4,922.4,3,40,91
1994,1,23,15,-8.1,922,NA,240,92
1994,1,23,18,-8.1,921.4,NA,230,85
1994,1,23,21,-6.7,921.6,NA,220,78
1994,1,24,0,-6.3,921,NA,230,73
1994,1,24,3,-6.1,920.7,NA,220,77
1994,1,24,6,-6.9,920.3,NA,200,92
1994,1,24,9,-7.1,919.6,NA,130,92
1994,1,24,12,-7.1,919.2,NA,220,81
1994,1,24,15,-7.4,919,NA,220,69
1994,1,24,18,-7.2,919.1,NA,200,72
1994,1,24,21,-7.6,919,NA,210,72
1994,1,25,0,-6.1,919.9,NA,230,80
1994,1,25,3,-6.1,919.6,NA,230,74
1994,1,25,6,-6.3,921.1,NA,220,76
1994,1,25,9,-5.8,922.8,NA,230,65
1994,1,25,12,-6.9,925.3,NA,130,69
1994,1,25,15,-6.3,926,NA,220,62
1994,1,25,18,-6,927,NA,230,70
1994,1,25,21,-6.6,928.5,NA,NA,88
1994,1,26,0,-6.1,930.9,NA,NA,84
1994,1,26,3,-6,932.6,NA,NA,82
1994,1,26,6,-6.1,933.9,NA,200,85
1994,1,26,9,-7.1,935.4,5,10,81
1994,1,26,12,-7.3,934.1,NA,360,85
1994,1,26,15,-6.9,933.1,NA,20,86
1994,1,26,18,-5.5,931.6,NA,NA,75
1994,1,26,21,-7.3,930.2,NA,NA,74
1994,1,27,0,-7.5,929.1,NA,NA,91
1994,1,27,3,-7.4,928,10,40,92
1994,1,27,6,-6.9,927.5,NA,20,92
1994,1,27,9,-6.8,927,6,30,92
1994,1,27,12,-6.6,926,8,50,93
1994,1,27,15,-6.8,924.6,NA,70,93
1994,1,27,18,-7.8,923,NA,230,92
1994,1,27,21,-7.6,921.7,NA,NA,92
1994,1,28,0,-7.6,919.7,NA,240,92
1994,1,28,3,-7.6,917.3,NA,230,92
1994,1,28,6,-7.5,916.5,NA,220,92
1994,1,28,9,-7.6,915.7,NA,220,92
1994,1,28,12,-7.8,914.5,NA,230,92
1994,1,28,15,-7.6,914.6,NA,220,92
1994,1,28,18,-7.6,915,NA,220,92
1994,1,28,21,-7.8,915.8,NA,210,86
1994,1,29,0,-6.5,916,NA,200,82
1994,1,29,3,-7.1,915.7,NA,220,90
1994,1,29,6,-6.1,916.4,6,250,85
1994,1,29,9,-7.6,916.9,8,230,82
1994,1,29,12,-7.5,917.9,NA,230,89
1994,1,29,15,-7.7,918.4,5,210,92
1994,1,29,18,-7.8,919,4,260,92
1994,1,29,21,-7.3,919.8,2,240,92
1994,1,30,0,NA,920.6,1,130,93
1994,1,30,3,-6.4,921,2,40,93
1994,1,30,6,-6.3,921.6,3,70,93
1994,1,30,9,-6.9,922.4,4,80,93
1994,1,30,12,-7.8,923.5,NA,0,92
1994,1,30,15,-8.3,923.6,NA,NA,92
1994,1,30,18,-8.4,923.9,NA,NA,92
1994,1,30,21,-8.4,924.2,NA,NA,91
1994,1,31,0,-8.1,924.3,NA,NA,92
1994,1,31,3,-7.3,924.2,NA,NA,92
1994,1,31,6,-7.8,924.3,NA,NA,92
1994,1,31,9,-8.1,924.5,NA,NA,92
1994,1,31,12,-8.4,925,NA,NA,92
1994,1,31,15,-8.6,924.9,NA,NA,91
1994,1,31,18,-9,925.4,NA,290,91
1994,1,31,21,-8.3,925.8,NA,NA,92
1994,2,1,0,-8.4,926.1,2,50,92
1994,2,1,3,-7.5,926,NA,70,92
1994,2,1,6,-8.2,926.3,NA,90,92
1994,2,1,9,-8.5,926.3,NA,50,91
1994,2,1,12,-9.1,926.1,NA,NA,91
1994,2,1,15,NA,925.7,1,250,91
1994,2,1,18,NA,925.6,1,60,90
1994,2,1,21,-8.2,925.3,2,40,92
1994,2,2,0,NA,925.3,1,280,92
1994,2,2,3,-7.5,925.2,3,250,85
1994,2,2,6,-8.6,925.3,2,330,68
1994,2,2,9,NA,925.4,1,300,49
1994,2,2,12,NA,925.7,1,310,39
1994,2,2,15,-9.8,925.9,3,250,63
1994,2,2,18,-8.8,926.4,3,230,64
1994,2,2,21,-8.2,927.1,NA,240,64
1994,2,3,0,-8,927.7,4,220,73
1994,2,3,3,-9.1,927.6,NA,240,72
1994,2,3,6,-8.8,928.1,NA,230,91
1994,2,3,9,-9,928.2,9,250,86
1994,2,3,12,-8.9,928.3,NA,250,89
1994,2,3,15,-9.1,927.7,NA,330,84
1994,2,3,18,NA,927.2,1,60,84
1994,2,3,21,-9.2,926.9,NA,50,90
1994,2,4,0,-9,926.2,NA,40,91
1994,2,4,3,-8.8,925.1,5,350,85
1994,2,4,6,-9.8,924,NA,10,85
1994,2,4,9,-11,923.1,NA,20,76
1994,2,4,12,-11.5,921.5,10,20,70
1994,2,4,15,-10.1,920.2,NA,50,58
1994,2,4,18,-9.2,919,NA,20,50
1994,2,4,21,-7.9,918.5,NA,30,49
1994,2,5,0,NA,918.5,NA,110,54
1994,2,5,3,-7.5,918.5,NA,250,57
1994,2,5,6,-9.2,918.5,NA,210,86
1994,2,5,9,-9.5,918.7,NA,230,90
1994,2,5,12,-9.8,918.7,18,240,90
1994,2,5,15,-9.8,918.4,16,230,90
1994,2,5,18,-10,919,15,NA,90
1994,2,5,21,-9.9,918.9,16,NA,90
1994,2,6,0,-9.7,919.4,16,NA,90
1994,2,6,3,-9.5,919.4,18,NA,90
1994,2,6,6,-10,919.6,NA,220,90
1994,2,6,9,-10.4,920.3,NA,220,90
1994,2,6,12,-10.3,921,26,230,90
1994,2,6,15,-10.7,922.1,NA,NA,87
1994,2,6,18,-10.8,923,NA,NA,85
1994,2,6,21,-10.7,923.4,NA,NA,83
1994,2,7,0,-8.8,923.6,NA,50,83
1994,2,7,3,-9.6,922.4,NA,40,85
1994,2,7,6,-9.7,921.2,NA,50,90
1994,2,7,9,-9.7,920.1,NA,20,90
1994,2,7,12,-9.9,918.9,NA,230,90
1994,2,7,15,-9.8,918.3,NA,250,90
1994,2,7,18,-9.2,917.6,NA,260,73
1994,2,7,21,-10.7,916.8,NA,220,89
1994,2,8,0,-10.2,916.9,NA,220,83
1994,2,8,3,-9.2,917.4,NA,210,81
1994,2,8,6,-10.3,917.2,16,220,90
1994,2,8,9,-10.3,917.8,14,200,90
1994,2,8,12,-10.9,918.2,16,220,89
1994,2,8,15,-10.8,918.2,NA,240,74
1994,2,8,18,-11.3,918.9,NA,240,77
1994,2,8,21,-10,919.7,NA,230,62
1994,2,9,0,-10.2,919.9,NA,220,74
1994,2,9,3,-9.9,919.6,NA,230,63
1994,2,9,6,-10.3,919.7,8,220,69
1994,2,9,9,-10.4,919.7,7,230,64
1994,2,9,12,-10.9,919.6,NA,240,70
1994,2,9,15,-11.3,919.4,NA,230,69
1994,2,9,18,-10.7,919.8,NA,240,71
1994,2,9,21,-10.4,920.7,NA,220,62
1994,2,10,0,-9.6,921.4,NA,230,59
1994,2,10,3,-9.7,921.5,NA,220,66
1994,2,10,6,-10,921.7,NA,240,68
1994,2,10,9,-10.9,921.4,NA,230,63
1994,2,10,12,-11.1,921.2,NA,240,58
1994,2,10,15,-11.2,920,NA,270,54
1994,2,10,18,-9.8,919.2,6,250,41
1994,2,10,21,-9.1,918.6,2,30,60
1994,2,11,0,-10,918.1,NA,230,55
1994,2,11,3,-9.1,916.7,3,250,59
1994,2,11,6,-11.1,915.6,NA,230,81
1994,2,11,9,-11.4,914.9,NA,250,86
1994,2,11,12,-10.9,913.5,NA,220,85
1994,2,11,15,-10.9,912.5,NA,220,89
1994,2,11,18,-10.8,912.1,NA,230,86
1994,2,11,21,-10.1,911.7,NA,NA,82
1994,2,12,0,-10.4,911.1,NA,NA,86
1994,2,12,3,-10,910.8,NA,NA,87
1994,2,12,6,-9.8,912.6,NA,250,89
1994,2,12,9,-8.1,914.8,NA,240,88
1994,2,12,12,-7.8,917.3,NA,230,89
1994,2,12,15,-8.6,918.2,NA,230,91
1994,2,12,18,-8.5,919.9,15,210,91
1994,2,12,21,-8.6,920.8,NA,230,91
1994,2,13,0,-8.2,921.3,NA,200,91
1994,2,13,3,-8.2,921.2,NA,200,91
1994,2,13,6,-8.2,920.7,5,70,91
1994,2,13,9,-9,919.9,NA,10,91
1994,2,13,12,-9.7,919.8,NA,360,84
1994,2,13,15,-10.4,919.1,NA,210,90
1994,2,13,18,-11.3,919,NA,210,89
1994,2,13,21,-11.3,918.9,NA,200,89
1994,2,14,0,-11.5,919.1,NA,200,89
1994,2,14,3,-11.7,918.3,16,200,89
1994,2,14,6,-12.3,917.6,17,230,88
1994,2,14,9,-12.6,917.5,NA,230,85
1994,2,14,12,-12.4,917,NA,230,73
1994,2,14,15,-12.4,916.9,NA,220,66
1994,2,14,18,-12.2,917.7,NA,230,72
1994,2,14,21,-12.1,918.7,NA,220,75
1994,2,15,0,-12,919,22,220,76
1994,2,15,3,-11.2,920,21,240,74
1994,2,15,6,-11.7,919.8,NA,250,79
1994,2,15,9,-12.3,920,NA,230,80
1994,2,15,12,-12.2,920.5,NA,230,79
1994,2,15,15,-12.4,921,NA,240,71
1994,2,15,18,-12.4,922.3,NA,230,77
1994,2,15,21,-12.4,923.8,NA,240,84
1994,2,16,0,-10.3,925.3,NA,40,79
1994,2,16,3,-9.3,926.5,3,340,67
1994,2,16,6,-10.1,927.9,5,280,40
1994,2,16,9,-10.9,928.4,NA,290,36
1994,2,16,12,-10.9,928.8,6,280,30
1994,2,16,15,-9.3,928.6,8,350,28
1994,2,16,18,-9.6,928.5,9,20,28
1994,2,16,21,-8.3,928.7,NA,50,41
1994,2,17,0,-6.4,928.8,NA,0,59
1994,2,17,3,-7.6,929,NA,0,30
1994,2,17,6,-9.5,929,NA,20,31
1994,2,17,9,-9.6,929,NA,NA,34
1994,2,17,12,-10.7,929,9,NA,39
1994,2,17,15,-10.6,927.8,8,NA,81
1994,2,17,18,-10,926.9,NA,NA,89
1994,2,17,21,-9.2,925.7,NA,NA,80
1994,2,18,0,-9.6,923.8,5,240,89
1994,2,18,3,-10.4,920.6,NA,240,89
1994,2,18,6,-11.3,917.6,NA,230,88
1994,2,18,9,-9.7,915.7,NA,240,90
1994,2,18,12,-8.9,914.2,NA,250,82
1994,2,18,15,-11.4,911.3,NA,230,88
1994,2,18,18,-10.9,910.1,NA,220,87
1994,2,18,21,-10.7,910.5,NA,230,84
1994,2,19,0,-10.4,909.8,46,NA,86
1994,2,19,3,-10.7,909.2,NA,NA,87
1994,2,19,6,-10.5,909,NA,NA,88
1994,2,19,9,-10.6,909.9,NA,230,89
1994,2,19,12,-10.3,911.6,NA,230,88
1994,2,19,15,-9.5,914.6,NA,250,88
1994,2,19,18,-8.7,916.4,NA,250,82
1994,2,19,21,-8.5,916.8,NA,250,70
1994,2,20,0,-9.5,918.2,NA,220,NA
1994,2,20,3,-9.7,917.6,NA,270,90
1994,2,20,6,-9.3,916,NA,80,90
1994,2,20,9,-9.3,914.7,5,20,90
1994,2,20,12,-10,913.5,NA,230,90
1994,2,20,15,-10.2,912.4,5,240,90
1994,2,20,18,-11.1,911.8,7,200,89
1994,2,20,21,-11.8,911.1,9,200,88
1994,2,21,0,-13,911.1,8,210,87
1994,2,21,3,-15,910.9,8,230,85
1994,2,21,6,-15.9,911,NA,NA,84
1994,2,21,9,-16.5,912.4,NA,NA,84
1994,2,21,12,-16.9,915.8,NA,NA,82
1994,2,21,15,-16.7,917.3,NA,NA,75
1994,2,21,18,-16.9,919.5,NA,230,61
1994,2,21,21,-16.3,922,NA,230,57
1994,2,22,0,-16.2,923.1,NA,220,67
1994,2,22,3,-16.2,925.1,NA,220,61
1994,2,22,6,-15.9,927,20,240,55
1994,2,22,9,-16,929.1,NA,230,47
1994,2,22,12,-16.6,930.8,NA,240,48
1994,2,22,15,-16.4,932.2,NA,250,52
1994,2,22,18,-16.6,932.5,NA,260,67
1994,2,22,21,-14.8,933.5,NA,330,72
1994,2,23,0,-14.3,934.2,4,80,68
1994,2,23,3,-13.5,934.4,NA,80,78
1994,2,23,6,-13.4,934.3,NA,250,86
1994,2,23,9,-12.7,934.3,NA,230,87
1994,2,23,12,-13.5,934.3,6,260,86
1994,2,23,15,-12.7,934,NA,250,87
1994,2,23,18,-13.3,933.5,NA,230,87
1994,2,23,21,-13,933.7,NA,230,87
1994,2,24,0,-13.3,933.7,NA,220,87
1994,2,24,3,-13.5,933.2,NA,220,87
1994,2,24,6,-13.5,933.8,24,230,86
1994,2,24,9,-14.1,934.2,25,220,86
1994,2,24,12,-14.5,934.7,21,230,86
1994,2,24,15,-14,934.4,NA,230,86
1994,2,24,18,-14.7,935,NA,250,85
1994,2,24,21,-13.7,934.9,NA,30,86
1994,2,25,0,-13.4,934.5,NA,30,87
1994,2,25,3,-12,933.7,NA,0,88
1994,2,25,6,-12.7,932.2,NA,30,87
1994,2,25,9,-11.7,931,NA,30,88
1994,2,25,12,-11,929.6,NA,50,89
1994,2,25,15,-11,928.1,NA,260,89
1994,2,25,18,-10.5,926.9,2,290,89
1994,2,25,21,-10.6,926.1,2,210,89
1994,2,26,0,-11.9,925.5,5,200,88
1994,2,26,3,-14.1,924.9,5,240,87
1994,2,26,6,-15,923.9,NA,220,85
1994,2,26,9,-15.1,923.4,NA,220,85
1994,2,26,12,-15.5,922.8,10,220,84
1994,2,26,15,-16.5,922,NA,240,84
1994,2,26,18,-16.9,921,10,250,83
1994,2,26,21,-16.6,920.9,9,220,84
1994,2,27,0,-16.5,920.5,12,210,84
1994,2,27,3,-16.1,920.4,NA,200,84
1994,2,27,6,-16.9,920.2,NA,230,83
1994,2,27,9,-17.2,919.9,NA,220,83
1994,2,27,12,-16.4,920.3,NA,NA,83
1994,2,27,15,-16,920.7,NA,NA,71
1994,2,27,18,-16.1,920.7,23,220,73
1994,2,27,21,-16.6,920.8,NA,230,80
1994,2,28,0,-16.6,921.6,NA,230,83
1994,2,28,3,-16.6,921.7,NA,220,83
1994,2,28,6,-16.6,921.8,16,220,83
1994,2,28,9,-16.5,922.5,NA,230,83
1994,2,28,12,-16.9,922.6,NA,230,83
1994,2,28,15,-16.8,922.3,NA,10,83
1994,2,28,18,-17,922.1,3,80,83
1994,2,28,21,-16.7,921.9,NA,350,83
1994,3,1,0,-17.4,922,NA,230,83
1994,3,1,3,-17.5,922.3,NA,210,82
1994,3,1,6,-17.7,922.7,NA,210,82
1994,3,1,9,-18.6,923.5,13,220,81
1994,3,1,12,-19.2,923.8,NA,230,80
1994,3,1,15,-18.8,923.8,NA,260,81
1994,3,1,18,-17.4,923.7,7,340,79
1994,3,1,21,-19.1,924.1,NA,230,80
1994,3,2,0,-18.6,924.2,NA,240,81
1994,3,2,3,-18.8,924.3,NA,240,81
1994,3,2,6,-18.1,924.5,NA,220,82
1994,3,2,9,-17.8,924.6,NA,230,82
1994,3,2,12,-17.8,925.2,NA,230,82
1994,3,2,15,-17.4,925.5,17,240,82
1994,3,2,18,-17,926.1,16,230,83
1994,3,2,21,-17,927.1,20,220,83
1994,3,3,0,-17,928.9,NA,210,83
1994,3,3,3,-16.9,930,NA,220,83
1994,3,3,6,-16.4,930.8,NA,0,84
1994,3,3,9,-16.8,931.5,4,40,83
1994,3,3,12,-16.6,931.4,2,60,83
1994,3,3,15,-16.9,930.6,1,70,83
1994,3,3,18,-17.1,929.5,3,340,82
1994,3,3,21,-13.9,928.8,NA,20,85
1994,3,4,0,NA,928,NA,20,88
1994,3,4,3,-12.3,927.3,NA,40,88
1994,3,4,6,-10.9,926.4,NA,40,89
1994,3,4,9,-11.4,925.9,NA,270,89
1994,3,4,12,NA,925.6,NA,250,89
1994,3,4,15,-14.6,925.3,NA,250,85
1994,3,4,18,-13.7,926.7,NA,250,86
1994,3,4,21,-14.8,927.4,NA,220,85
1994,3,5,0,-15,927.7,NA,230,85
1994,3,5,3,-15.7,926.7,NA,NA,85
1994,3,5,6,-16.8,923.5,NA,NA,83
1994,3,5,9,-16.8,919.4,NA,NA,83
1994,3,5,12,-16.2,915.9,NA,220,83
1994,3,5,15,-17.2,914.7,NA,NA,83
1994,3,5,18,-17.8,913.5,60,NA,82
1994,3,5,21,-19,908.8,NA,NA,81
1994,3,6,0,-19.8,907.7,NA,NA,80
1994,3,6,3,-20.5,906.2,NA,220,79
1994,3,6,6,-20.6,912,59,NA,79
1994,3,6,9,-20.3,913,NA,NA,79
1994,3,6,12,-20.2,916.3,NA,220,79
1994,3,6,15,-19.8,916.9,NA,230,78
1994,3,6,18,-19.9,917.5,NA,210,80
1994,3,6,21,-20,917.3,NA,250,79
1994,3,7,0,-18.9,916.4,NA,300,81
1994,3,7,3,-17.5,914.5,NA,50,82
1994,3,7,6,-16.3,912,9,60,83
1994,3,7,9,-16.8,910.1,NA,300,83
1994,3,7,12,-16.8,907.2,NA,0,83
1994,3,7,15,-16.9,905.2,NA,230,82
1994,3,7,18,-19.4,904.2,NA,270,80
1994,3,7,21,-17.4,904.4,NA,260,83
1994,3,8,0,-15.9,905.3,NA,20,83
1994,3,8,3,-16.5,906.9,NA,20,84
1994,3,8,6,-17.6,908.2,NA,80,82
1994,3,8,9,-18.2,909.9,NA,330,81
1994,3,8,12,-18,910.7,0,140,81
1994,3,8,15,-18.5,911.1,NA,0,81
1994,3,8,18,-18.4,911.3,NA,360,82
1994,3,8,21,-19.5,911.5,NA,NA,80
1994,3,9,0,-20.3,911.7,NA,NA,79
1994,3,9,3,-20.3,912.5,NA,NA,79
1994,3,9,6,-20.8,913.3,NA,NA,78
1994,3,9,9,-20.9,914.4,NA,NA,78
1994,3,9,12,-20.5,915.1,NA,NA,79
1994,3,9,15,-20.8,916.3,NA,NA,78
1994,3,9,18,-21.5,917.4,NA,260,78
1994,3,9,21,-21.2,918.8,NA,NA,79
1994,3,10,0,NA,919.4,NA,NA,84
1994,3,10,3,-19.8,920,NA,350,81
1994,3,10,6,-17.9,919.8,NA,260,81
1994,3,10,9,-21.5,919.4,0,360,78
1994,3,10,12,-21.8,918.5,4,20,77
1994,3,10,15,-21.3,917.5,NA,0,78
1994,3,10,18,-21.2,916,NA,NA,78
1994,3,10,21,-20.1,913.9,NA,NA,79
1994,3,11,0,-17.5,911.9,NA,NA,81
1994,3,11,3,-16,910,NA,NA,84
1994,3,11,6,-15.5,908.6,NA,NA,84
1994,3,11,9,-20,907.7,NA,260,81
1994,3,11,12,-18.5,907.5,NA,250,81
1994,3,11,15,-21.1,906.3,NA,240,78
1994,3,11,18,-21.8,907.2,NA,230,78
1994,3,11,21,-19.8,906.3,NA,220,79
1994,3,12,0,-20,909.5,NA,220,77
1994,3,12,3,-19.1,911.8,NA,210,68
1994,3,12,6,-19.2,913.8,NA,220,65
1994,3,12,9,-19.4,915,NA,200,66
1994,3,12,12,-19,915.5,NA,220,66
1994,3,12,15,-19,914.8,NA,230,49
1994,3,12,18,-18.4,914.1,NA,230,57
1994,3,12,21,-18.8,914.1,NA,220,55
1994,3,13,0,-17.8,913.3,NA,230,53
1994,3,13,3,-16.9,912.4,NA,230,56
1994,3,13,6,-16.6,911.8,NA,230,72
1994,3,13,9,-15.5,914.7,NA,NA,69
1994,3,13,12,-15,915.7,NA,NA,66
1994,3,13,15,-14.7,916.7,47,NA,62
1994,3,13,18,-14.4,920.3,NA,NA,72
1994,3,13,21,-14.1,922.2,NA,220,68
1994,3,14,0,-13.8,922.7,NA,230,77
1994,3,14,3,-14.8,920.9,NA,NA,79
1994,3,14,6,-14.4,920.3,8,260,85
1994,3,14,9,-14.6,919.6,NA,230,85
1994,3,14,12,-15.4,919.4,NA,220,84
1994,3,14,15,-16.6,919.9,NA,230,83
1994,3,14,18,-17.8,921,NA,220,82
1994,3,14,21,-17.6,922.2,NA,240,82
1994,3,15,0,-18.3,922.2,NA,210,81
1994,3,15,3,-19.3,922.2,NA,180,80
1994,3,15,6,-19.8,922,8,170,79
1994,3,15,9,-20.2,922.2,7,170,79
1994,3,15,12,-20.5,922,NA,190,78
1994,3,15,15,-21.2,921.8,8,200,78
1994,3,15,18,-21.6,922.4,NA,200,77
1994,3,15,21,-22,922.5,NA,360,77
1994,3,16,0,-21.2,922.5,4,360,78
1994,3,16,3,-21,922.3,NA,40,78
1994,3,16,6,-20.3,921.8,NA,NA,79
1994,3,16,9,-19.9,922,NA,NA,79
1994,3,16,12,-19.5,922.1,NA,NA,79
1994,3,16,15,-19.1,921.5,NA,30,80
1994,3,16,18,-19.4,921.6,3,250,80
1994,3,16,21,-18.3,922.4,6,250,79
1994,3,17,0,-20.1,923,NA,220,79
1994,3,17,3,-19.7,924.3,NA,200,79
1994,3,17,6,-20.2,925,8,200,79
1994,3,17,9,-20.3,925.6,NA,200,79
1994,3,17,12,-20.9,925.2,NA,220,78
1994,3,17,15,-21.7,924.7,NA,230,77
1994,3,17,18,-22.5,924.4,10,220,76
1994,3,17,21,-22.8,924.4,10,220,76
1994,3,18,0,-23.3,923.8,11,210,75
1994,3,18,3,-23.4,923.4,9,220,75
1994,3,18,6,-23.8,923.2,NA,200,74
1994,3,18,9,-24.2,923.1,NA,220,74
1994,3,18,12,-25.2,922.2,4,240,73
1994,3,18,15,-24.2,921.1,1,280,74
1994,3,18,18,-23.9,920.6,NA,NA,74
1994,3,18,21,-23.7,920,NA,NA,75
1994,3,19,0,-22.2,919.2,1,320,75
1994,3,19,3,-22.4,918.5,2,350,76
1994,3,19,6,-24.8,917.5,NA,NA,74
1994,3,19,9,-25,916.5,NA,NA,73
1994,3,19,12,-24.6,914.5,8,NA,73
1994,3,19,15,-24,912.4,6,30,73
1994,3,19,18,-24.3,910.3,6,NA,73
1994,3,19,21,-23.8,908.6,5,NA,74
1994,3,20,0,-22.9,907.5,4,NA,75
1994,3,20,3,-23.1,907.4,4,240,75
1994,3,20,6,-24.8,907.6,NA,250,73
1994,3,20,9,-23.7,908.4,NA,230,74
1994,3,20,12,-23.1,910,NA,230,75
1994,3,20,15,-21.8,911.4,NA,240,77
1994,3,20,18,-23,914.3,NA,230,75
1994,3,20,21,-23.3,916,NA,230,75
1994,3,21,0,-23.5,917.4,NA,240,75
1994,3,21,3,-23.9,918.2,NA,NA,74
1994,3,21,6,-24.3,918.2,13,NA,74
1994,3,21,9,-24.8,917.5,NA,NA,73
1994,3,21,12,-24.7,917.2,17,230,73
1994,3,21,15,-25,916.8,17,240,73
1994,3,21,18,-25.1,916.4,16,230,72
1994,3,21,21,-24.9,916.1,NA,250,73
1994,3,22,0,-24.5,915.4,NA,240,73
1994,3,22,3,-24.8,915,10,NA,73
1994,3,22,6,-24.9,914.8,10,NA,73
1994,3,22,9,-24.9,914.9,8,NA,73
1994,3,22,12,-24.9,914.6,NA,260,73
1994,3,22,15,-24.2,914.5,NA,270,73
1994,3,22,18,-24,914.1,3,250,74
1994,3,22,21,-24.5,913.4,NA,250,73
1994,3,23,0,-23.7,912.2,NA,230,74
1994,3,23,3,-25,910.9,NA,230,73
1994,3,23,6,-26.1,910.3,NA,220,72
1994,3,23,9,-26.4,909.8,NA,220,71
1994,3,23,12,-26.5,910.4,NA,NA,71
1994,3,23,15,-26.8,910.9,NA,NA,70
1994,3,23,18,-26.9,911.6,NA,NA,70
1994,3,23,21,-26.8,912.3,NA,240,70
1994,3,24,0,-26.9,912.6,NA,240,70
1994,3,24,3,-24,912.2,NA,260,72
1994,3,24,6,-26.6,911.8,NA,250,70
1994,3,24,9,-27.4,911.8,2,250,69
1994,3,24,12,-27.5,911.4,NA,20,69
1994,3,24,15,-26.8,911.4,NA,10,70
1994,3,24,18,-25.9,912.1,NA,250,71
1994,3,24,21,-24.5,913.3,1,200,72
1994,3,25,0,-22.4,914.7,3,20,77
1994,3,25,3,-21.4,915.5,2,300,76
1994,3,25,6,-22.3,916.4,2,280,76
1994,3,25,9,-21.1,916.8,2,270,77
1994,3,25,12,-19.1,916.7,NA,260,79
1994,3,25,15,-17.8,916.7,NA,310,73
1994,3,25,18,-17.2,915.9,NA,270,51
1994,3,25,21,-14.4,914.7,NA,350,30
1994,3,26,0,-16.8,912.3,NA,20,40
1994,3,26,3,-16.6,909.5,NA,20,33
1994,3,26,6,-19.1,907.8,NA,270,34
1994,3,26,9,-20.5,907.3,NA,230,43
1994,3,26,12,NA,906.7,NA,220,73
1994,3,26,15,-24.5,906.3,NA,240,73
1994,3,26,18,-25.6,906.4,NA,220,72
1994,3,26,21,-25.6,905.7,NA,240,71
1994,3,27,0,-24.8,904.7,NA,220,72
1994,3,27,3,-24.2,903,3,190,74
1994,3,27,6,-23.2,899.9,4,230,74
1994,3,27,9,-22.3,896.4,NA,10,73
1994,3,27,12,-19.7,893.4,NA,10,54
1994,3,27,15,-19,891.5,NA,360,40
1994,3,27,18,-20.1,891.9,NA,20,38
1994,3,27,21,-19.5,894,NA,0,33
1994,3,28,0,-19.7,896.1,NA,160,43
1994,3,28,3,-19.6,898.6,4,240,42
1994,3,28,6,-21.1,901.5,NA,220,58
1994,3,28,9,-22.4,904.2,NA,NA,50
1994,3,28,12,-20.9,905.7,NA,NA,64
1994,3,28,15,-20.7,909,NA,NA,72
1994,3,28,18,-20,910,NA,NA,74
1994,3,28,21,-20.1,912.6,NA,230,76
1994,3,29,0,-20.5,914.7,NA,230,77
1994,3,29,3,-21.6,915.8,NA,230,77
1994,3,29,6,-22.1,916.9,NA,NA,76
1994,3,29,9,-22.7,918,NA,NA,75
1994,3,29,12,-22.9,919.1,NA,220,70
1994,3,29,15,-23.9,919.4,NA,250,74
1994,3,29,18,-23.3,918.6,NA,290,67
1994,3,29,21,-24.5,917.9,NA,20,66
1994,3,30,0,-23.4,917.3,NA,60,74
1994,3,30,3,-24.2,916.2,NA,30,73
1994,3,30,6,-24.6,916.6,NA,50,73
1994,3,30,9,-24,918.1,NA,20,73
1994,3,30,12,-25.4,919.8,NA,230,72
1994,3,30,15,-25.4,922,NA,230,72
1994,3,30,18,-25.4,924.4,6,220,72
1994,3,30,21,-26.9,926,NA,250,70
1994,3,31,0,-26.3,927.2,9,240,70
1994,3,31,3,-26.9,927.9,10,260,69
1994,3,31,6,-27.2,928.6,9,250,69
1994,3,31,9,-27.9,929,8,260,68
1994,3,31,12,-26.9,928.6,9,240,68
1994,3,31,15,-25.8,928.4,NA,230,70
1994,3,31,18,-25.4,927.3,NA,220,72
1994,3,31,21,-22.9,927.1,NA,230,60
1994,4,1,0,-21.7,926,NA,230,67
1994,4,1,3,-21.1,925.3,NA,NA,59
1994,4,1,6,-19.5,925,37,NA,59
1994,4,1,9,-19.2,924.4,34,220,62
1994,4,1,12,-18.8,924.3,NA,220,69
1994,4,1,15,-18.2,921.9,NA,230,66
1994,4,1,18,-18.3,922.1,NA,NA,70
1994,4,1,21,-17.6,922,34,NA,68
1994,4,2,0,-17.3,922.8,NA,NA,65
1994,4,2,3,-17.1,923.1,NA,220,66
1994,4,2,6,-17.2,923,24,220,68
1994,4,2,9,-16.8,923.5,NA,220,82
1994,4,2,12,-16.8,923.7,NA,230,82
1994,4,2,15,-16.8,923.8,19,220,82
1994,4,2,18,-17,924.7,16,220,82
1994,4,2,21,-17,925.4,NA,240,82
1994,4,3,0,-16.7,926.2,14,230,82
1994,4,3,3,-16.9,926.8,11,220,82
1994,4,3,6,-17,927.5,NA,220,82
1994,4,3,9,-17,927.6,NA,230,82
1994,4,3,12,-17.3,927.9,NA,240,82
1994,4,3,15,-17.4,927,NA,200,82
1994,4,3,18,-17.5,926.2,NA,230,82
1994,4,3,21,-17.7,924.3,12,220,NA
1994,4,4,0,-17.6,924,14,220,82
1994,4,4,3,-17.5,925.6,12,210,82
1994,4,4,6,-18.1,925.1,NA,240,81
1994,4,4,9,-18.2,925,NA,250,81
1994,4,4,12,-17.5,924.2,NA,0,82
1994,4,4,15,-18.5,923.7,NA,NA,81
1994,4,4,18,-19,922.7,NA,NA,80
1994,4,4,21,-18.3,921.2,NA,NA,80
1994,4,5,0,-18.4,920.1,2,40,81
1994,4,5,3,-19.6,920.1,1,360,80
1994,4,5,6,-20.5,920.6,NA,NA,78
1994,4,5,9,-21.2,921.7,NA,NA,77
1994,4,5,12,-22.1,922.2,NA,NA,76
1994,4,5,15,-22,922.1,NA,200,76
1994,4,5,18,-21.7,922.3,NA,210,77
1994,4,5,21,-22.4,923.2,NA,230,76
1994,4,6,0,-21.8,923.7,6,200,76
1994,4,6,3,-21.9,923.2,NA,220,76
1994,4,6,6,-22.1,923.6,NA,220,76
1994,4,6,9,-21.4,925.3,NA,250,77
1994,4,6,12,-21.8,925.2,NA,240,77
1994,4,6,15,-21.7,925.2,6,250,77
1994,4,6,18,-21.3,925.3,NA,280,77
1994,4,6,21,-20.6,925.4,2,280,78
1994,4,7,0,-20,925.3,6,230,79
1994,4,7,3,-19.1,925.3,3,220,79
1994,4,7,6,-19.2,925.2,5,250,80
1994,4,7,9,-17.8,924.9,3,20,81
1994,4,7,12,-17.4,924.3,2,20,79
1994,4,7,15,-16.9,924.4,3,360,63
1994,4,7,18,-15.6,924.2,5,250,42
1994,4,7,21,-14.2,924.5,2,250,25
1994,4,8,0,-13.1,924.5,3,290,18
1994,4,8,3,-13.1,924.2,2,240,16
1994,4,8,6,-14,924.3,4,250,15
1994,4,8,9,-13.7,924.8,3,250,15
1994,4,8,12,-13.8,925.1,2,260,16
1994,4,8,15,-13.2,925.5,NA,240,18
1994,4,8,18,-14.4,925.7,NA,NA,20
1994,4,8,21,-13.1,926,8,NA,15
1994,4,9,0,-12.5,926.1,NA,NA,15
1994,4,9,3,-12.1,926.1,4,230,13
1994,4,9,6,-12,925.9,8,NA,15
1994,4,9,9,-12.9,925.7,NA,NA,16
1994,4,9,12,-13.8,924.5,NA,NA,31
1994,4,9,15,-13.1,924.1,NA,NA,49
1994,4,9,18,-12.7,923.9,21,220,71
1994,4,9,21,-11.7,923.6,NA,230,78
1994,4,10,0,-12.2,923.5,NA,210,84
1994,4,10,3,-12.2,923.3,NA,230,87
1994,4,10,6,-11.6,922.9,NA,10,80
1994,4,10,9,-10.3,922.1,NA,360,68
1994,4,10,12,-10.8,921.8,NA,360,68
1994,4,10,15,-12.7,921.2,NA,240,81
1994,4,10,18,-13.6,920.7,NA,0,86
1994,4,10,21,-13.3,920.2,NA,340,86
1994,4,11,0,-14.4,919.5,NA,20,86
1994,4,11,3,-14.8,919.1,NA,40,84
1994,4,11,6,-15.9,918.8,5,250,84
1994,4,11,9,-16.3,918.8,2,250,83
1994,4,11,12,-15.8,919.1,NA,0,83
1994,4,11,15,-16.4,919,NA,NA,83
1994,4,11,18,-16.9,918.9,NA,NA,83
1994,4,11,21,-17.8,918.6,2,250,82
1994,4,12,0,-18.1,918.8,2,250,81
1994,4,12,3,-18.3,918.2,2,250,81
1994,4,12,6,-18.5,917.4,NA,NA,81
1994,4,12,9,-17.7,916.8,NA,NA,82
1994,4,12,12,-17,916.6,NA,NA,82
1994,4,12,15,-18,916.2,1,240,81
1994,4,12,18,-17.5,916.5,NA,NA,82
1994,4,12,21,-17.7,917,1,250,82
1994,4,13,0,-17.1,917.9,NA,NA,82
1994,4,13,3,-17.3,918.3,NA,NA,82
1994,4,13,6,-17.2,919,1,230,82
1994,4,13,9,-18.1,919.4,NA,270,82
1994,4,13,12,-18.1,919.7,NA,280,74
1994,4,13,15,-18.8,919.4,NA,280,60
1994,4,13,18,-18.6,919.6,NA,230,65
1994,4,13,21,-17.5,920.3,NA,280,62
1994,4,14,0,-17.5,920.4,NA,240,68
1994,4,14,3,-17.1,921.1,NA,220,60
1994,4,14,6,-18.6,921.3,NA,230,79
1994,4,14,9,-18.8,922.7,NA,220,80
1994,4,14,12,-19.2,923.8,18,230,80
1994,4,14,15,-19.7,924,NA,230,79
1994,4,14,18,-20.2,924.1,NA,220,78
1994,4,14,21,-19.9,925.2,NA,240,79
1994,4,15,0,-20.8,926.4,NA,220,78
1994,4,15,3,-20.8,927.8,NA,220,78
1994,4,15,6,-21.1,930.6,NA,230,78
1994,4,15,9,-21.5,931.5,NA,220,77
1994,4,15,12,-21.2,932.3,14,220,77
1994,4,15,15,-22.1,933.1,14,220,76
1994,4,15,18,-21.9,932.6,NA,230,76
1994,4,15,21,-22,933.3,NA,230,74
1994,4,16,0,-22.6,935.3,NA,230,76
1994,4,16,3,-23.2,935.4,NA,220,75
1994,4,16,6,-23.8,934.7,NA,220,74
1994,4,16,9,-24.9,933.4,NA,360,73
1994,4,16,12,-25,931.5,NA,20,73
1994,4,16,15,-25,929.9,1,340,72
1994,4,16,18,-25.9,928.2,3,280,71
1994,4,16,21,-25.4,926.5,1,270,72
1994,4,17,0,NA,924,4,10,71
1994,4,17,3,-23.1,920.9,NA,20,60
1994,4,17,6,-23.2,918.6,NA,230,34
1994,4,17,9,-23.3,916.6,NA,70,40
1994,4,17,12,-22.3,915.2,2,140,32
1994,4,17,15,-22,913.9,3,230,32
1994,4,17,18,-22.8,913.9,NA,220,36
1994,4,17,21,-23.1,914.3,NA,230,37
1994,4,18,0,-23.7,915.7,6,210,35
1994,4,18,3,-25,916.8,NA,230,47
1994,4,18,6,-25.6,919,NA,210,70
1994,4,18,9,-23.4,920.3,NA,230,72
1994,4,18,12,NA,921.5,NA,250,34
1994,4,18,15,-19.8,922.9,NA,220,31
1994,4,18,18,-19.3,923.2,NA,230,33
1994,4,18,21,-18.6,924.6,NA,230,42
1994,4,19,0,-18,925.6,NA,220,56
1994,4,19,3,-18.3,926,NA,230,67
1994,4,19,6,-17.4,927.3,NA,210,82
1994,4,19,9,-15.8,929,NA,240,83
1994,4,19,12,-14.7,929.6,NA,230,73
1994,4,19,15,-14,929.9,NA,220,84
1994,4,19,18,-14.3,931.7,NA,230,82
1994,4,19,21,-14.4,934.9,NA,230,81
1994,4,20,0,-15.5,935.3,NA,220,83
1994,4,20,3,-16.4,936.4,NA,220,83
1994,4,20,6,-16.9,937.4,NA,210,82
1994,4,20,9,-16.6,940.8,NA,NA,83
1994,4,20,12,-15.7,943.3,NA,NA,83
1994,4,20,15,-16.1,942.2,NA,210,83
1994,4,20,18,-16.3,941.6,NA,210,83
1994,4,20,21,-15.8,941,NA,220,81
1994,4,21,0,-17.4,940.4,NA,220,82
1994,4,21,3,-16.4,939.1,NA,230,82
1994,4,21,6,-16.5,936.8,NA,220,80
1994,4,21,9,-17,936.5,46,230,80
1994,4,21,12,-16.5,936.2,50,230,77
1994,4,21,15,-15.9,934.5,48,230,76
1994,4,21,18,-16,935.1,49,220,76
1994,4,21,21,-15.9,934.2,49,NA,80
1994,4,22,0,-16,932,51,NA,81
1994,4,22,3,-16.1,931.7,NA,NA,81
1994,4,22,6,-16,930.6,NA,230,83
1994,4,22,9,-16.4,930.5,57,NA,83
1994,4,22,12,-16.7,927.9,NA,NA,83
1994,4,22,15,-18,929.7,58,NA,82
1994,4,22,18,-18.1,929.7,57,NA,81
1994,4,22,21,-18.7,928.4,60,NA,80
1994,4,23,0,-19.7,926.6,NA,220,79
1994,4,23,3,-19.3,924.4,NA,230,80
1994,4,23,6,-20.2,922.2,NA,230,79
1994,4,23,9,-18.6,920.4,NA,230,80
1994,4,23,12,-18.8,922.8,58,220,78
1994,4,23,15,-18.3,920.4,57,NA,80
1994,4,23,18,-16.9,923.8,NA,NA,63
1994,4,23,21,-16.9,922.2,NA,NA,74
1994,4,24,0,-17.9,920.4,NA,230,81
1994,4,24,3,-17.5,919.7,NA,210,82
1994,4,24,6,-18.5,918.7,NA,250,80
1994,4,24,9,-16,917.2,NA,330,61
1994,4,24,12,-18,916.4,NA,40,56
1994,4,24,15,-18.5,915.1,NA,260,54
1994,4,24,18,-17.4,914.2,NA,350,48
1994,4,24,21,-16.3,913.7,NA,360,46
1994,4,25,0,-16.8,914,10,20,48
1994,4,25,3,-17.6,914.1,NA,260,49
1994,4,25,6,-19.3,915,NA,10,53
1994,4,25,9,-21.2,916,1,320,76
1994,4,25,12,-21.4,916.6,NA,200,76
1994,4,25,15,-20.2,916.7,NA,350,78
1994,4,25,18,-21.1,916.7,3,260,77
1994,4,25,21,-20.9,917.5,1,290,77
1994,4,26,0,-21.8,919.1,1,260,76
1994,4,26,3,-22.1,920.1,NA,NA,76
1994,4,26,6,-21.6,920.5,NA,30,76
1994,4,26,9,-21.3,921.5,4,40,76
1994,4,26,12,-20.8,921.9,2,30,77
1994,4,26,15,-20.1,921.3,1,40,78
1994,4,26,18,-20.4,920,3,230,78
1994,4,26,21,-23.1,919,NA,230,75
1994,4,27,0,-23,920.2,NA,240,NA
1994,4,27,3,-22.3,921.1,NA,240,76
1994,4,27,6,-21.1,922.3,NA,250,77
1994,4,27,9,-21.2,922.9,NA,250,76
1994,4,27,12,-21,922.6,NA,230,77
1994,4,27,15,-21.1,921.8,2,20,77
1994,4,27,18,-21.1,919.7,4,230,77
1994,4,27,21,-21.2,919.3,1,200,77
1994,4,28,0,-21.8,918.6,NA,230,76
1994,4,28,3,-21.7,917.7,NA,220,76
1994,4,28,6,-22.4,917.2,NA,230,77
1994,4,28,9,-22.8,917,15,250,75
1994,4,28,12,-22.7,916.2,14,250,76
1994,4,28,15,-22.9,915.6,NA,230,76
1994,4,28,18,-22.2,915,NA,230,76
1994,4,28,21,-22.6,915.7,NA,240,75
1994,4,29,0,-23,916.2,10,250,75
1994,4,29,3,-23.3,916.8,8,240,75
1994,4,29,6,-23.4,917,9,250,74
1994,4,29,9,-23.7,917.8,8,230,74
1994,4,29,12,-23.8,918,9,220,74
1994,4,29,15,-24.5,917.6,8,240,73
1994,4,29,18,-25.7,917.4,5,250,72
1994,4,29,21,-26.3,917.3,NA,270,71
1994,4,30,0,-26.4,916.6,4,250,71
1994,4,30,3,-26.5,915.6,2,250,70
1994,4,30,6,-26.2,914.6,NA,NA,70
1994,4,30,9,-26.2,913.6,1,70,70
1994,4,30,12,-26.4,912.3,1,60,70
1994,4,30,15,-27.5,911.7,2,250,69
1994,4,30,18,-28,911.6,4,250,68
1994,4,30,21,-28.7,911.9,4,260,67
1994,5,1,0,-28.6,912.6,NA,0,67
1994,5,1,3,-31.6,912.7,NA,250,63
1994,5,1,6,-32.3,912.8,NA,230,62
1994,5,1,9,-33.3,913.4,11,220,61
1994,5,1,12,-33.7,912.9,15,230,60
1994,5,1,15,-34.3,912.6,NA,240,59
1994,5,1,18,-34.1,911.6,11,250,59
1994,5,1,21,-33.8,911,14,230,59
1994,5,2,0,-33.5,911.1,14,220,59
1994,5,2,3,-33.6,912.7,NA,230,61
1994,5,2,6,-32,915,NA,220,63
1994,5,2,9,-30.2,917.3,7,220,63
1994,5,2,12,-29.8,919,NA,150,65
1994,5,2,15,-29.5,920.1,4,350,66
1994,5,2,18,-28.8,919.9,NA,0,66
1994,5,2,21,-28.3,920.2,7,10,67
1994,5,3,0,-28.5,919.9,NA,0,67
1994,5,3,3,-29.2,919.8,NA,350,66
1994,5,3,6,-28.3,919.7,NA,NA,67
1994,5,3,9,-27.2,919.3,NA,NA,69
1994,5,3,12,-27.8,918.7,NA,NA,68
1994,5,3,15,-29,916.7,NA,NA,66
1994,5,3,18,-28,915.6,NA,NA,67
1994,5,3,21,-26.1,913.1,NA,230,69
1994,5,4,0,-25.6,911.8,NA,220,71
1994,5,4,3,-25.2,911.5,30,230,66
1994,5,4,6,-24.4,910.8,NA,220,58
1994,5,4,9,-24.8,910.6,NA,200,61
1994,5,4,12,-25,909.7,NA,240,65
1994,5,4,15,-24.9,908.6,NA,10,58
1994,5,4,18,-24.4,907.2,NA,330,57
1994,5,4,21,-24,906.1,NA,360,47
1994,5,5,0,-23.7,905.4,NA,240,49
1994,5,5,3,-24,903.7,NA,330,51
1994,5,5,6,-24.8,901.8,4,10,50
1994,5,5,9,-23.8,899.6,NA,350,57
1994,5,5,12,-25.2,898.1,7,20,57
1994,5,5,15,-26.6,897.1,NA,0,67
1994,5,5,18,-25.5,897,NA,0,63
1994,5,5,21,-26.9,896.9,NA,10,57
1994,5,6,0,-27.2,897.1,4,30,63
1994,5,6,3,-27.4,897.3,4,20,68
1994,5,6,6,-26.8,898.1,1,130,69
1994,5,6,9,-25.9,899,2,40,66
1994,5,6,12,-23.6,899.9,4,30,56
1994,5,6,15,-22.6,900.4,NA,360,56
1994,5,6,18,-22.3,901.3,NA,70,51
1994,5,6,21,-21,902.7,NA,230,35
1994,5,7,0,-20.6,904.8,NA,10,42
1994,5,7,3,-20.9,907,NA,250,41
1994,5,7,6,-23.4,909.4,NA,210,39
1994,5,7,9,-22.4,911.4,NA,230,37
1994,5,7,12,-19.8,913.2,NA,240,38
1994,5,7,15,-21.3,914.8,NA,230,57
1994,5,7,18,-20.5,916.2,NA,230,73
1994,5,7,21,-21.9,917.1,NA,220,74
1994,5,8,0,-19.1,916.7,NA,200,44
1994,5,8,3,-19.8,915.5,NA,10,45
1994,5,8,6,-18,915.2,NA,330,35
1994,5,8,9,-16.8,915,NA,280,27
1994,5,8,12,-18.2,915.4,NA,250,31
1994,5,8,15,NA,915.1,NA,230,54
1994,5,8,18,NA,914.8,NA,220,71
1994,5,8,21,-25.6,913.7,NA,260,69
1994,5,9,0,-26.1,911.3,NA,40,69
1994,5,9,3,-26.4,908.5,NA,320,70
1994,5,9,6,-24.8,906.8,NA,220,71
1994,5,9,9,-27.1,906.2,NA,220,68
1994,5,9,12,-28.8,906.9,NA,250,66
1994,5,9,15,-29,907.5,NA,230,66
1994,5,9,18,-26.6,908.7,NA,220,69
1994,5,9,21,-26.8,908.8,NA,220,69
1994,5,10,0,-27.4,909.2,2,240,68
1994,5,10,3,-26.9,909.3,2,NA,69
1994,5,10,6,-27,909.2,5,NA,68
1994,5,10,9,-26.7,910.1,4,NA,69
1994,5,10,12,-26.2,911.4,3,230,70
1994,5,10,15,-25.7,912.7,1,210,70
1994,5,10,18,-25.6,914.2,1,300,70
1994,5,10,21,-25.7,915.2,NA,NA,70
1994,5,11,0,-26,916.1,3,210,70
1994,5,11,3,-26.4,916.4,NA,220,69
1994,5,11,6,-26.9,916.4,NA,230,69
1994,5,11,9,-26.8,917.5,NA,250,69
1994,5,11,12,-27.7,918.2,NA,20,68
1994,5,11,15,-26.6,918.4,1,10,69
1994,5,11,18,-24.9,918.3,NA,NA,71
1994,5,11,21,-27,918.7,2,20,69
1994,5,12,0,-27.6,919,4,320,68
1994,5,12,3,-27.6,918.7,3,30,68
1994,5,12,6,-28,919,1,50,68
1994,5,12,9,-28.2,919.5,NA,NA,67
1994,5,12,12,-28,920.1,NA,NA,67
1994,5,12,15,-28.7,920.9,2,260,67
1994,5,12,18,-28.1,921.8,NA,240,67
1994,5,12,21,-29.2,923,6,250,65
1994,5,13,0,-29.6,923.8,NA,220,66
1994,5,13,3,-29,924.4,NA,220,66
1994,5,13,6,-29.8,924.9,NA,230,65
1994,5,13,9,-30.4,925.6,NA,230,64
1994,5,13,12,-30.4,926.6,21,230,64
1994,5,13,15,-30.8,927.1,21,240,63
1994,5,13,18,-31.2,928.2,NA,250,63
1994,5,13,21,-31.4,929.2,NA,260,62
1994,5,14,0,-30.8,929.3,NA,20,64
1994,5,14,3,-30,928.6,NA,40,64
1994,5,14,6,-30.4,927.7,NA,50,64
1994,5,14,9,-29.9,927.2,NA,40,64
1994,5,14,12,-28,925.6,NA,30,67
1994,5,14,15,-26.8,923.9,NA,50,69
1994,5,14,18,-29,921.3,NA,240,65
1994,5,14,21,-29.6,920.5,NA,230,65
1994,5,15,0,-28.1,919.3,NA,NA,67
1994,5,15,3,-27.2,921.9,NA,NA,68
1994,5,15,6,-27.8,924.4,NA,NA,67
1994,5,15,9,-28,926.4,41,NA,67
1994,5,15,12,-28,928.9,NA,NA,67
1994,5,15,15,-27.2,928.3,NA,NA,68
1994,5,15,18,-27.4,928.2,NA,NA,68
1994,5,15,21,-27,929.4,NA,220,68
1994,5,16,0,-27,929.5,NA,220,68
1994,5,16,3,-26.9,931.7,53,NA,68
1994,5,16,6,-27.4,934.6,NA,NA,68
1994,5,16,9,-27.2,938.3,NA,NA,68
1994,5,16,12,-26.8,938.9,NA,NA,57
1994,5,16,15,-28.6,940.8,NA,230,66
1994,5,16,18,-27.6,941.8,NA,240,67
1994,5,16,21,-26.7,941.2,NA,50,68
1994,5,17,0,-27.1,940.4,NA,360,69
1994,5,17,3,-26.7,938.4,11,10,69
1994,5,17,6,-26.2,936.2,NA,10,70
1994,5,17,9,NA,934.1,NA,20,50
1994,5,17,12,NA,931.4,NA,10,53
1994,5,17,15,-21.3,928.1,NA,100,75
1994,5,17,18,-23.4,924.5,NA,230,75
1994,5,17,21,-25.3,921.6,NA,220,71
1994,5,18,0,-25.8,918,NA,NA,70
1994,5,18,3,-27.8,916,NA,NA,68
1994,5,18,6,-29,920.4,NA,NA,66
1994,5,18,9,-30,924.7,NA,NA,64
1994,5,18,12,-30.1,929.9,NA,NA,64
1994,5,18,15,-30.6,932.4,NA,50,63
1994,5,18,18,-30.2,931.1,NA,20,64
1994,5,18,21,-29.6,927.5,NA,10,65
1994,5,19,0,-28.3,925.3,NA,60,67
1994,5,19,3,-27.2,919.8,NA,20,67
1994,5,19,6,NA,913.4,NA,20,69
1994,5,19,9,NA,906.6,NA,250,65
1994,5,19,12,-28.4,905.9,NA,220,66
1994,5,19,15,-29.3,907.4,NA,250,66
1994,5,19,18,-27.6,909,NA,20,69
1994,5,19,21,-27.2,911.4,NA,60,68
1994,5,20,0,-27.6,915.3,8,220,69
1994,5,20,3,-28.8,919.9,9,250,67
1994,5,20,6,-28.5,923.3,5,250,68
1994,5,20,9,-29,926.9,NA,350,65
1994,5,20,12,-28.4,930.7,NA,240,66
1994,5,20,15,-29.2,932.8,NA,360,66
1994,5,20,18,-29.2,934.1,NA,350,65
1994,5,20,21,-29.9,932.6,NA,30,65
1994,5,21,0,-30.1,929.7,NA,330,63
1994,5,21,3,-27.5,928.2,NA,320,65
1994,5,21,6,NA,928.5,NA,250,58
1994,5,21,9,NA,929.2,NA,50,35
1994,5,21,12,NA,929.7,NA,240,22
1994,5,21,15,NA,932,NA,250,34
1994,5,21,18,NA,933.9,NA,60,51
1994,5,21,21,NA,934.8,NA,30,72
1994,5,22,0,NA,935.1,NA,260,41
1994,5,22,3,NA,935.2,NA,220,30
1994,5,22,6,NA,937.3,NA,50,54
1994,5,22,9,-22.2,935.1,NA,360,48
1994,5,22,12,NA,933.5,NA,240,27
1994,5,22,15,NA,931.8,NA,340,22
1994,5,22,18,-13.2,929.3,NA,290,23
1994,5,22,21,-13.5,925.3,NA,10,22
1994,5,23,0,-13.5,922.2,NA,30,46
1994,5,23,3,-12,921.8,NA,140,27
1994,5,23,6,NA,921.1,NA,10,31
1994,5,23,9,NA,919.2,NA,220,53
1994,5,23,12,-20.9,921.1,NA,210,74
1994,5,23,15,-22.6,920.9,NA,220,75
1994,5,23,18,-24.8,922,NA,210,72
1994,5,23,21,-27.4,926.1,NA,220,68
1994,5,24,0,-29.6,928.5,NA,220,64
1994,5,24,3,-31.8,928.4,NA,230,62
1994,5,24,6,-28.9,927.3,NA,220,65
1994,5,24,9,-29.1,927.7,NA,220,65
1994,5,24,12,-31,930.2,NA,200,63
1994,5,24,15,-29,928.2,NA,230,65
1994,5,24,18,-29.6,926.1,NA,230,55
1994,5,24,21,-28.9,926.9,NA,220,45
1994,5,25,0,-29.8,927.1,NA,230,46
1994,5,25,3,-30,925.8,NA,240,55
1994,5,25,6,-29.8,922.7,NA,350,49
1994,5,25,9,-30.5,920.7,NA,360,51
1994,5,25,12,-30.7,919.7,NA,10,49
1994,5,25,15,-30.8,918.3,NA,220,45
1994,5,25,18,-30,916.7,NA,350,46
1994,5,25,21,-29.3,916.8,NA,320,30
1994,5,26,0,-29.5,919.3,NA,220,36
1994,5,26,3,-29.6,920.5,NA,230,45
1994,5,26,6,-29.4,921.3,NA,240,42
1994,5,26,9,-29.7,922.7,NA,260,38
1994,5,26,12,-28.8,923.3,NA,230,32
1994,5,26,15,-26.1,924.3,NA,220,25
1994,5,26,18,-25.1,924.2,NA,220,39
1994,5,26,21,-28,924.5,NA,220,68
1994,5,27,0,NA,926.1,NA,230,64
1994,5,27,3,-29,925.7,NA,230,65
1994,5,27,6,-26.7,923.5,NA,340,67
1994,5,27,9,-27.4,921.5,NA,10,49
1994,5,27,12,-28.7,920.6,NA,10,45
1994,5,27,15,-29.4,922.4,NA,50,64
1994,5,27,18,-30.2,926.2,NA,250,63
1994,5,27,21,-30.4,929.5,NA,260,62
1994,5,28,0,-30.4,930.6,NA,350,63
1994,5,28,3,-30.7,931,2,240,62
1994,5,28,6,-31.5,929.6,5,230,62
1994,5,28,9,-31.7,929,5,350,61
1994,5,28,12,-32.2,927.7,4,20,60
1994,5,28,15,-32.1,927.5,3,290,61
1994,5,28,18,-31.1,928.1,4,250,62
1994,5,28,21,-31.9,928.5,NA,240,61
1994,5,29,0,-30.5,927.3,NA,210,62
1994,5,29,3,-29.7,926.4,NA,NA,63
1994,5,29,6,-30.5,928.5,NA,NA,63
1994,5,29,9,-30,930.9,NA,NA,63
1994,5,29,12,-29.2,934,NA,NA,65
1994,5,29,15,-28.7,936.7,53,NA,65
1994,5,29,18,-28.7,938.1,NA,NA,65
1994,5,29,21,-28.8,939.1,49,230,65
1994,5,30,0,-28.8,940,47,230,65
1994,5,30,3,-28.8,941.7,NA,NA,64
1994,5,30,6,-28.3,942.3,NA,NA,63
1994,5,30,9,-28.9,943.9,NA,220,58
1994,5,30,12,-28.7,946.3,NA,240,55
1994,5,30,15,-29,948.2,NA,10,58
1994,5,30,18,-28.6,948.3,NA,340,56
1994,5,30,21,-27.7,948.8,NA,250,53
1994,5,31,0,NA,949.4,NA,310,30
1994,5,31,3,NA,949.6,5,360,26
1994,5,31,6,-21,948.9,5,360,30
1994,5,31,9,NA,947.2,NA,240,43
1994,5,31,12,-24.6,944.4,NA,240,70
1994,5,31,15,-24.3,940.7,NA,220,72
1994,5,31,18,-26.3,936.3,NA,270,71
1994,5,31,21,-24.7,933,NA,220,71
1994,6,1,0,-23.5,933.8,NA,210,72
1994,6,1,3,-23.3,934.4,NA,220,73
1994,6,1,6,-23,937.2,22,210,74
1994,6,1,9,-23,937.8,NA,230,72
1994,6,1,12,-24,938.9,NA,230,72
1994,6,1,15,-24.9,942.6,NA,210,62
1994,6,1,18,-25.8,944,NA,180,70
1994,6,1,21,-26.9,943.1,NA,70,69
1994,6,2,0,-28.6,941.5,NA,20,66
1994,6,2,3,-28.2,939,NA,360,66
1994,6,2,6,-28.4,936.2,NA,10,66
1994,6,2,9,-29.3,934.6,NA,20,65
1994,6,2,12,-29.5,931.6,NA,30,65
1994,6,2,15,-29,929.9,NA,350,65
1994,6,2,18,-28.4,928.8,3,50,65
1994,6,2,21,-29.3,928,2,230,66
1994,6,3,0,-29.8,928.5,4,250,65
1994,6,3,3,-29.4,927.3,1,10,65
1994,6,3,6,-29.4,923,NA,20,64
1994,6,3,9,-29.2,918.7,NA,10,65
1994,6,3,12,-28.4,916.6,NA,330,66
1994,6,3,15,-29.4,915.8,NA,220,64
1994,6,3,18,-30.2,916.5,NA,NA,64
1994,6,3,21,-31.4,917.3,NA,NA,62
1994,6,4,0,-32.2,917.2,NA,220,61
1994,6,4,3,-31.3,918.1,NA,220,61
1994,6,4,6,-32.1,918.3,NA,260,61
1994,6,4,9,-30.5,917.5,NA,220,62
1994,6,4,12,-29.8,917.2,2,10,64
1994,6,4,15,-25.8,916.4,4,320,49
1994,6,4,18,-25,916.8,1,30,38
1994,6,4,21,-25.3,918.3,NA,260,30
1994,6,5,0,-23.9,920.2,NA,230,21
1994,6,5,3,-24.2,921.9,NA,220,21
1994,6,5,6,-21.7,923.1,NA,160,19
1994,6,5,9,-20.1,922.8,NA,190,18
1994,6,5,12,-17.7,922.3,NA,240,26
1994,6,5,15,-16.9,921.4,NA,340,27
1994,6,5,18,-17.5,920.2,NA,10,29
1994,6,5,21,NA,919.7,NA,250,39
1994,6,6,0,NA,923.2,NA,260,70
1994,6,6,3,-25.4,923.3,NA,220,70
1994,6,6,6,-24.9,923.9,NA,220,71
1994,6,6,9,-24.3,924.3,NA,250,71
1994,6,6,12,-24,924.7,NA,270,64
1994,6,6,15,-23.1,924.6,NA,210,47
1994,6,6,18,-22.2,923.3,NA,240,41
1994,6,6,21,-20.7,923.2,NA,250,40
1994,6,7,0,-19.5,922.2,6,350,36
1994,6,7,3,-19.4,920.7,NA,350,37
1994,6,7,6,-19.1,919.7,NA,20,38
1994,6,7,9,-17.2,919.5,NA,360,37
1994,6,7,12,-17.7,920.1,NA,310,42
1994,6,7,15,-20.4,921.6,NA,120,37
1994,6,7,18,-20.9,921.5,NA,220,56
1994,6,7,21,-21.6,921.8,NA,230,68
1994,6,8,0,-21.1,920.7,NA,220,69
1994,6,8,3,-20,918.1,NA,230,47
1994,6,8,6,-17.5,917,NA,NA,28
1994,6,8,9,-19.3,918.2,NA,NA,48
1994,6,8,12,-18.6,915.8,NA,NA,57
1994,6,8,15,-17,913.6,NA,240,39
1994,6,8,18,-17.1,914.8,NA,220,28
1994,6,8,21,-17.2,913.6,NA,230,38
1994,6,9,0,-17.7,912.1,NA,NA,41
1994,6,9,3,-19.9,911.1,NA,NA,51
1994,6,9,6,-20.9,910.8,NA,NA,55
1994,6,9,9,-20.6,910.5,NA,230,47
1994,6,9,12,-21.6,910.4,NA,220,60
1994,6,9,15,-22.7,909.1,NA,230,69
1994,6,9,18,-23.2,908.6,NA,230,73
1994,6,9,21,-24,909.6,NA,230,72
1994,6,10,0,-25,909.9,NA,250,71
1994,6,10,3,-24.9,911.1,NA,270,71
1994,6,10,6,-24.3,911.8,NA,240,71
1994,6,10,9,-21.9,913.2,NA,220,44
1994,6,10,12,NA,911.2,NA,230,60
1994,6,10,15,-20.2,911.7,NA,220,77
1994,6,10,18,-20.1,917,NA,200,77
1994,6,10,21,-23.3,917.4,NA,230,73
1994,6,11,0,-23,918.3,NA,40,74
1994,6,11,3,-23.8,917.9,NA,10,73
1994,6,11,6,-24.4,918.1,NA,30,72
1994,6,11,9,-25.6,919.3,NA,100,70
1994,6,11,12,-25.9,919.8,NA,90,70
1994,6,11,15,-26.5,920.7,4,150,68
1994,6,11,18,-27.1,923.6,NA,170,68
1994,6,11,21,-27.8,927.5,6,180,67
1994,6,12,0,-28.4,931.3,3,230,66
1994,6,12,3,-29.1,933.3,NA,220,65
1994,6,12,6,-29.3,935.6,NA,230,65
1994,6,12,9,-28.9,937.2,NA,240,65
1994,6,12,12,-28.9,938.2,NA,240,65
1994,6,12,15,-29.5,939,NA,300,65
1994,6,12,18,-28.6,939.7,1,50,65
1994,6,12,21,-29,941.8,NA,NA,64
1994,6,13,0,-28.3,945.1,2,210,65
1994,6,13,3,-28.7,947.4,NA,240,65
1994,6,13,6,-28.3,949.6,5,240,63
1994,6,13,9,-27.7,950.1,3,360,59
1994,6,13,12,-29.7,949.4,NA,20,55
1994,6,13,15,-29.9,948.4,NA,30,56
1994,6,13,18,-29.7,947.8,NA,0,55
1994,6,13,21,-30.5,947.8,NA,260,56
1994,6,14,0,-30.1,948.3,NA,NA,59
1994,6,14,3,-30.4,948.6,NA,NA,60
1994,6,14,6,-31.1,948.9,2,260,62
1994,6,14,9,-30.8,948.5,1,290,62
1994,6,14,12,-31.7,948.6,2,10,61
1994,6,14,15,-31.1,948.5,NA,10,61
1994,6,14,18,-29.1,948.2,NA,20,64
1994,6,14,21,-29.4,948.2,NA,10,64
1994,6,15,0,-25.8,948.5,NA,NA,68
1994,6,15,3,-25.9,948.2,1,250,42
1994,6,15,6,-23.8,947.7,NA,230,31
1994,6,15,9,-24.4,947.8,NA,230,24
1994,6,15,12,-26,946.7,NA,240,23
1994,6,15,15,-23,945.8,4,10,20
1994,6,15,18,-24.5,944.7,1,340,21
1994,6,15,21,-22.7,943.8,NA,240,23
1994,6,16,0,-22.4,942.9,NA,230,23
1994,6,16,3,-22.1,942,NA,240,18
1994,6,16,6,-20.6,941.7,2,220,14
1994,6,16,9,-21.3,941.9,2,220,14
1994,6,16,12,-20.6,942.1,NA,30,12
1994,6,16,15,-20.5,941.7,NA,360,12
1994,6,16,18,-17.9,941,NA,10,11
1994,6,16,21,-18.2,940.4,NA,350,12
1994,6,17,0,-16.7,940.8,NA,290,16
1994,6,17,3,-16.9,942.2,NA,220,13
1994,6,17,6,-19.5,943.3,NA,250,15
1994,6,17,9,-18.7,944.4,NA,230,17
1994,6,17,12,-18.1,944.7,NA,240,19
1994,6,17,15,-16.5,945.3,9,230,24
1994,6,17,18,-17.1,946.8,NA,60,22
1994,6,17,21,-17.7,946.5,NA,220,45
1994,6,18,0,-16.8,946.7,NA,220,78
1994,6,18,3,-16,944.7,NA,230,79
1994,6,18,6,-15.6,946.5,NA,230,77
1994,6,18,9,-16.9,947.6,NA,220,81
1994,6,18,12,-16.8,948.3,NA,210,82
1994,6,18,15,-18.6,949,NA,210,80
1994,6,18,18,-17.4,948.2,NA,200,80
1994,6,18,21,-15.7,946.4,NA,290,63
1994,6,19,0,-16.7,944.3,NA,240,74
1994,6,19,3,-16.5,941.8,5,210,82
1994,6,19,6,-16.7,939.7,2,50,81
1994,6,19,9,-16.4,938,NA,0,68
1994,6,19,12,-17.6,937,NA,250,68
1994,6,19,15,-17.4,936.2,NA,240,75
1994,6,19,18,-18.5,937,NA,190,79
1994,6,19,21,-17.6,936.8,NA,240,80
1994,6,20,0,-18.3,937.3,NA,220,80
1994,6,20,3,-19.5,936.8,NA,240,79
1994,6,20,6,-19.7,937.8,NA,220,79
1994,6,20,9,-21,938.3,NA,230,77
1994,6,20,12,-20.2,938.2,NA,220,77
1994,6,20,15,-21,938.2,NA,230,77
1994,6,20,18,-21,936.9,NA,230,77
1994,6,20,21,-21.1,939.1,NA,230,77
1994,6,21,0,-22.3,941.1,NA,210,76
1994,6,21,3,-22.6,943.3,NA,210,75
1994,6,21,6,-23,945.2,NA,220,74
1994,6,21,9,-23.1,947.2,14,230,74
1994,6,21,12,-23.5,948.6,14,240,74
1994,6,21,15,-22.7,949.6,NA,NA,75
1994,6,21,18,-23.4,950.1,NA,NA,74
1994,6,21,21,-23.6,950.7,14,240,74
1994,6,22,0,-23.8,950.5,13,240,73
1994,6,22,3,-22.5,950.5,NA,240,75
1994,6,22,6,-22.4,950.4,10,250,75
1994,6,22,9,-24,950.7,7,230,74
1994,6,22,12,-23.5,951.4,7,220,74
1994,6,22,15,-22.1,952.3,NA,210,75
1994,6,22,18,-23.5,952.3,NA,230,74
1994,6,22,21,-23.9,953.4,NA,220,73
1994,6,23,0,-24,953.3,19,220,73
1994,6,23,3,-24.6,953.5,18,220,72
1994,6,23,6,-23.8,954.2,NA,230,73
1994,6,23,9,-23,954,NA,260,74
1994,6,23,12,-24.4,953.7,NA,260,72
1994,6,23,15,-25,953.3,NA,230,71
1994,6,23,18,-25.3,953.1,NA,220,71
1994,6,23,21,-25.7,953.7,NA,230,71
1994,6,24,0,-26.9,953.4,NA,250,68
1994,6,24,3,-26.9,953.1,11,230,69
1994,6,24,6,-27.2,952.3,9,240,68
1994,6,24,9,-27.8,951.3,9,250,68
1994,6,24,12,-27.1,950.6,NA,230,68
1994,6,24,15,-26.5,950.2,NA,230,69
1994,6,24,18,-26.2,948.9,NA,240,70
1994,6,24,21,-25.9,947.9,1,340,70
1994,6,25,0,-25.4,946.3,4,360,71
1994,6,25,3,-24.3,943.5,1,280,72
1994,6,25,6,-22.3,941.2,NA,NA,70
1994,6,25,9,-20.7,938.8,NA,230,72
1994,6,25,12,-17.8,936.2,NA,230,60
1994,6,25,15,-18.3,933.3,NA,210,44
1994,6,25,18,-17.5,932.4,NA,210,80
1994,6,25,21,-19.5,930.1,NA,210,79
1994,6,26,0,-21.5,930.3,NA,NA,76
1994,6,26,3,-22.4,931,NA,NA,75
1994,6,26,6,-21.8,930.4,NA,NA,76
1994,6,26,9,-25.8,932,NA,230,72
1994,6,26,12,-25.3,932.4,NA,220,71
1994,6,26,15,-23.5,931.3,NA,220,75
1994,6,26,18,-21.3,928.7,NA,220,76
1994,6,26,21,-20.9,931.3,NA,230,77
1994,6,27,0,-22.8,935.4,NA,220,75
1994,6,27,3,-22.8,935.2,NA,190,76
1994,6,27,6,-20.6,930.1,NA,230,78
1994,6,27,9,-24,934.5,53,220,74
1994,6,27,12,NA,941.6,NA,220,67
1994,6,27,15,-28.5,941.9,NA,230,67
1994,6,27,18,-27.6,943.2,NA,230,68
1994,6,27,21,-27.5,945.8,NA,230,68
1994,6,28,0,-22.7,948.2,NA,250,75
1994,6,28,3,-25.6,948.6,NA,230,71
1994,6,28,6,-24.4,947.2,NA,220,72
1994,6,28,9,-24.9,949.4,NA,220,72
1994,6,28,12,-24,953.4,NA,240,73
1994,6,28,15,-26.1,952.6,NA,220,70
1994,6,28,18,-26.1,952.5,NA,230,70
1994,6,28,21,-24.3,952,NA,210,72
1994,6,29,0,-25.4,951.7,12,220,71
1994,6,29,3,-26.8,950.7,12,220,69
1994,6,29,6,-25,949.7,NA,230,71
1994,6,29,9,-27.5,948.3,NA,230,68
1994,6,29,12,-27.6,946.8,NA,220,68
1994,6,29,15,-27.1,945.9,NA,210,68
1994,6,29,18,-27.1,944.1,NA,220,68
1994,6,29,21,-27,944.3,NA,220,69
1994,6,30,0,-27.2,943.4,NA,220,69
1994,6,30,3,-27.4,941.5,NA,210,68
1994,6,30,6,-28.1,939.6,NA,220,67
1994,6,30,9,-27.3,937.4,NA,220,69
1994,6,30,12,-28,938.9,NA,220,67
1994,6,30,15,-28.9,940.2,NA,210,67
1994,6,30,18,-29.3,941.3,NA,220,66
1994,6,30,21,-29.6,941.9,NA,240,65
1994,7,1,0,-29,942.5,NA,220,66
1994,7,1,3,-28.5,942.3,NA,0,67
1994,7,1,6,-27.7,942.2,NA,NA,66
1994,7,1,9,-27.8,942,NA,NA,57
1994,7,1,12,-26.5,941.2,NA,NA,54
1994,7,1,15,-27.1,941.4,NA,NA,51
1994,7,1,18,-26.4,941.5,NA,NA,46
1994,7,1,21,-26.4,942,NA,NA,46
1994,7,2,0,-25.4,942.1,NA,NA,42
1994,7,2,3,-24.6,942,NA,NA,38
1994,7,2,6,-23,941.2,NA,NA,33
1994,7,2,9,-22.1,940.8,NA,230,37
1994,7,2,12,-20.4,941.2,NA,230,45
1994,7,2,15,-20.4,941,NA,220,54
1994,7,2,18,-19.7,940.7,NA,220,58
1994,7,2,21,-19.5,940,NA,230,54
1994,7,3,0,-18.6,939.2,22,220,46
1994,7,3,3,-22.3,938.6,23,240,55
1994,7,3,6,-21.6,938.5,NA,220,43
1994,7,3,9,-23.1,937.5,NA,230,45
1994,7,3,12,-19.3,936.9,NA,250,40
1994,7,3,15,-21.4,936.4,4,230,44
1994,7,3,18,-20.2,935.4,NA,10,42
1994,7,3,21,-21.8,934.3,NA,20,45
1994,7,4,0,-21,932.9,NA,30,38
1994,7,4,3,-17.2,932.2,NA,10,27
1994,7,4,6,-18.7,931.5,NA,NA,31
1994,7,4,9,-18.7,930.4,16,NA,30
1994,7,4,12,-17.1,929.1,15,NA,28
1994,7,4,15,-19.3,927.8,NA,NA,24
1994,7,4,18,-19.1,926.8,NA,20,34
1994,7,4,21,-18.6,925.9,NA,10,33
1994,7,5,0,-16,925.5,4,250,23
1994,7,5,3,-14.6,925.1,4,230,15
1994,7,5,6,-13.2,925.1,4,10,15
1994,7,5,9,-12.9,925.1,NA,360,15
1994,7,5,12,-12.8,926.5,NA,220,16
1994,7,5,15,-15.5,928.4,NA,230,21
1994,7,5,18,NA,931.6,NA,190,45
1994,7,5,21,-18.1,932.4,NA,50,51
1994,7,6,0,-19.3,932.2,NA,30,52
1994,7,6,3,-19.6,932,NA,20,50
1994,7,6,6,-17.7,931.3,NA,20,30
1994,7,6,9,-14.8,929.6,NA,20,26
1994,7,6,12,-14.9,927.5,NA,0,26
1994,7,6,15,-15.3,925,NA,10,29
1994,7,6,18,-14.4,922.8,NA,290,26
1994,7,6,21,-13.3,921.3,NA,270,35
1994,7,7,0,-13.1,920.4,NA,250,39
1994,7,7,3,-16.1,919.8,NA,250,51
1994,7,7,6,-14.9,918.9,5,260,37
1994,7,7,9,-16.7,918.5,NA,240,42
1994,7,7,12,-19.7,918.4,NA,220,71
1994,7,7,15,-21,917.2,NA,230,76
1994,7,7,18,-21.7,917,NA,230,75
1994,7,7,21,-20.6,917.1,NA,220,76
1994,7,8,0,-22.1,922.6,NA,220,76
1994,7,8,3,-22,925.5,NA,220,75
1994,7,8,6,-22.1,927,NA,240,75
1994,7,8,9,-20.9,928.4,NA,210,77
1994,7,8,12,-21.1,928.4,NA,250,76
1994,7,8,15,-20.7,927.8,NA,70,56
1994,7,8,18,-21,926.7,5,60,43
1994,7,8,21,-21.4,926.1,NA,250,62
1994,7,9,0,-19.6,NA,4,280,61
1994,7,9,3,-22.9,923.5,NA,260,72
1994,7,9,6,-22.4,923,NA,240,74
1994,7,9,9,-21.9,923,10,240,75
1994,7,9,12,-22.5,922.5,NA,260,74
1994,7,9,15,-25.2,922.6,NA,230,73
1994,7,9,18,-25.6,922.8,13,230,71
1994,7,9,21,-25.4,923.1,NA,220,71
1994,7,10,0,-26.6,922.6,NA,220,69
1994,7,10,3,-28.2,922.2,NA,210,67
1994,7,10,6,-30.7,923.9,NA,220,65
1994,7,10,9,NA,924.9,NA,210,60
1994,7,10,12,-32.2,925.5,NA,30,61
1994,7,10,15,-31.8,925,NA,10,61
1994,7,10,18,-32.9,924.7,3,20,59
1994,7,10,21,-33,924.4,NA,10,60
1994,7,11,0,-33.3,923.3,5,20,59
1994,7,11,3,-33.1,922.6,NA,290,59
1994,7,11,6,-35.1,922.3,2,240,58
1994,7,11,9,-35,922.4,3,240,57
1994,7,11,12,-35.4,923,3,210,57
1994,7,11,15,-36.4,923.4,NA,220,56
1994,7,11,18,-36,922.9,NA,230,55
1994,7,11,21,-35.6,922.3,NA,NA,56
1994,7,12,0,-34.8,922.3,NA,NA,57
1994,7,12,3,-32.9,922.3,NA,NA,59
1994,7,12,6,-31.5,921.9,NA,NA,61
1994,7,12,9,-29.3,922,NA,230,63
1994,7,12,12,-28.3,923.2,NA,230,61
1994,7,12,15,-26.9,923.9,NA,210,51
1994,7,12,18,-24.9,922.5,NA,230,41
1994,7,12,21,-24,923.2,NA,240,36
1994,7,13,0,-24.2,924,NA,220,34
1994,7,13,3,-22.9,923.5,NA,230,34
1994,7,13,6,-22.8,923.1,NA,210,29
1994,7,13,9,-22.5,921.3,NA,230,29
1994,7,13,12,-20.5,920.3,NA,NA,27
1994,7,13,15,-19.4,919,NA,NA,31
1994,7,13,18,-22.8,919.2,NA,NA,45
1994,7,13,21,-19.1,917.3,NA,240,41
1994,7,14,0,-18.7,918.3,NA,230,43
1994,7,14,3,-18.5,918.4,NA,220,56
1994,7,14,6,-17.5,918.6,NA,NA,57
1994,7,14,9,-16.8,917.4,NA,NA,55
1994,7,14,12,-16.6,916.3,NA,NA,67
1994,7,14,15,-15.9,914.2,NA,NA,72
1994,7,14,18,-15.7,915.3,NA,NA,80
1994,7,14,21,-15.6,916.4,50,NA,82
1994,7,15,0,-14.4,915,NA,NA,78
1994,7,15,3,-13.7,913.4,NA,NA,76
1994,7,15,6,-11.5,913.4,NA,NA,79
1994,7,15,9,-10.9,916.7,NA,230,79
1994,7,15,12,-10.4,919.8,NA,230,79
1994,7,15,15,-12.8,923.1,NA,220,86
1994,7,15,18,-15.2,924.6,NA,230,85
1994,7,15,21,-16.1,927.2,NA,220,84
1994,7,16,0,-13.9,927.8,NA,230,85
1994,7,16,3,NA,924.3,NA,240,88
1994,7,16,6,-11.8,926.3,NA,230,87
1994,7,16,9,-12.1,926,52,230,87
1994,7,16,12,-12.5,926.4,NA,220,87
1994,7,16,15,-12.6,926.9,NA,220,86
1994,7,16,18,-12,928.5,NA,230,86
1994,7,16,21,-14.9,930.2,NA,210,84
1994,7,17,0,-14.4,930.8,NA,230,85
1994,7,17,3,-13.3,929.6,NA,220,86
1994,7,17,6,-13.8,928.3,NA,50,86
1994,7,17,9,-14.4,926.4,4,340,85
1994,7,17,12,-16.1,924.3,5,20,83
1994,7,17,15,-16.9,923,3,30,83
1994,7,17,18,-16.9,920.9,7,20,82
1994,7,17,21,-16.7,919.7,NA,20,82
1994,7,18,0,-19.7,920.3,NA,250,80
1994,7,18,3,NA,920.5,NA,240,78
1994,7,18,6,-22.5,920.6,NA,210,77
1994,7,18,9,-23.6,922.5,9,210,75
1994,7,18,12,-24.7,923.1,10,230,73
1994,7,18,15,-25.3,924,10,NA,72
1994,7,18,18,-25.9,925.1,8,NA,72
1994,7,18,21,-26.2,926.3,7,240,71
1994,7,19,0,-25.7,927.1,7,220,71
1994,7,19,3,-26,927,7,220,71
1994,7,19,6,-26.7,927.9,8,230,70
1994,7,19,9,-26.3,928.1,8,240,70
1994,7,19,12,-26.5,928.7,10,240,70
1994,7,19,15,-26.4,929.5,9,240,71
1994,7,19,18,-24.8,928.6,12,220,72
1994,7,19,21,-24.6,926,NA,NA,73
1994,7,20,0,-23.9,926.9,NA,NA,73
1994,7,20,3,-24,929,NA,220,73
1994,7,20,6,-23.7,929.4,NA,230,73
1994,7,20,9,-23.7,930.7,NA,220,73
1994,7,20,12,-23.7,931.2,NA,220,73
1994,7,20,15,-24.9,929.9,NA,220,73
1994,7,20,18,-25,929,NA,NA,72
1994,7,20,21,-25.1,929.7,42,NA,72
1994,7,21,0,-25,931.3,NA,NA,72
1994,7,21,3,-24.6,929.7,NA,NA,73
1994,7,21,6,-24.9,929.2,NA,NA,72
1994,7,21,9,-26.5,930.7,NA,230,71
1994,7,21,12,-26.4,929,NA,220,71
1994,7,21,15,-26.4,929.7,NA,220,70
1994,7,21,18,-26.2,928.7,NA,50,70
1994,7,21,21,-27,927.9,NA,330,70
1994,7,22,0,-28.3,927.1,NA,230,67
1994,7,22,3,-27.7,926.1,NA,330,68
1994,7,22,6,-28.5,925,NA,50,67
1994,7,22,9,-28.4,924.7,NA,220,67
1994,7,22,12,-28.8,924.6,4,NA,67
1994,7,22,15,-27.8,924.7,3,360,68
1994,7,22,18,-26.6,924.7,NA,0,69
1994,7,22,21,-25.9,924.6,NA,350,60
1994,7,23,0,-26.8,924.7,NA,360,48
1994,7,23,3,-27.8,923.9,NA,10,48
1994,7,23,6,-27.2,923.2,NA,20,44
1994,7,23,9,-27.1,923.4,NA,50,50
1994,7,23,12,-27.1,923.8,3,NA,50
1994,7,23,15,-28.2,924.3,NA,10,66
1994,7,23,18,-28.3,925,6,360,67
1994,7,23,21,-28,925.6,NA,310,67
1994,7,24,0,-26.1,926.1,3,350,70
1994,7,24,3,-25.8,926.5,2,250,53
1994,7,24,6,-25.8,926.5,NA,310,38
1994,7,24,9,-24.9,926.4,NA,220,42
1994,7,24,12,-25,926.5,NA,360,38
1994,7,24,15,-26.8,927.1,2,320,67
1994,7,24,18,-26.1,927.2,3,240,39
1994,7,24,21,-26.2,927.9,3,210,40
1994,7,25,0,-26.4,927.9,5,230,NA
1994,7,25,3,-28.5,927.7,NA,240,66
1994,7,25,6,-27.8,928.3,8,220,66
1994,7,25,9,-29.3,927.2,NA,230,65
1994,7,25,12,-29.5,926.6,NA,220,65
1994,7,25,15,-28.6,926.1,NA,220,66
1994,7,25,18,-29.5,926.2,NA,220,66
1994,7,25,21,-28.9,927.6,NA,230,65
1994,7,26,0,-30.5,929.6,NA,220,64
1994,7,26,3,-28.6,930.1,NA,70,67
1994,7,26,6,-28.5,929.2,NA,20,67
1994,7,26,9,-29,928.3,NA,30,66
1994,7,26,12,-29.1,926,NA,360,66
1994,7,26,15,-28,924.6,6,20,67
1994,7,26,18,-28.1,923.9,5,240,67
1994,7,26,21,-30.2,924.8,NA,230,64
1994,7,27,0,-28.5,926.8,NA,250,66
1994,7,27,3,-28.3,928.9,NA,50,67
1994,7,27,6,-27.6,929.8,NA,20,67
1994,7,27,9,-24,933.6,NA,30,73
1994,7,27,12,-23.9,937.6,NA,210,73
1994,7,27,15,-20.5,937.8,NA,220,48
1994,7,27,18,NA,938.4,NA,10,25
1994,7,27,21,NA,939.3,NA,350,16
1994,7,28,0,NA,939.6,NA,310,10
1994,7,28,3,NA,939.5,NA,290,10
1994,7,28,6,-3.2,939.4,NA,260,10
1994,7,28,9,-4.1,939.1,NA,250,8
1994,7,28,12,-4.8,936.4,NA,300,11
1994,7,28,15,-6.6,933.9,NA,230,12
1994,7,28,18,NA,932.1,NA,240,19
1994,7,28,21,NA,929.9,NA,320,20
1994,7,29,0,-0.6,927.2,NA,250,24
1994,7,29,3,NA,925.4,NA,220,25
1994,7,29,6,NA,921.8,NA,130,43
1994,7,29,9,-8.7,915.8,NA,190,30
1994,7,29,12,-7.6,910.1,NA,250,33
1994,7,29,15,NA,910.6,NA,200,56
1994,7,29,18,NA,911.3,NA,300,48
1994,7,29,21,NA,911.7,NA,230,71
1994,7,30,0,-19.6,912.2,NA,220,63
1994,7,30,3,-20.9,910.7,NA,230,63
1994,7,30,6,-22.2,910.2,NA,230,67
1994,7,30,9,-24.8,913.3,NA,230,65
1994,7,30,12,-25,914.2,NA,210,61
1994,7,30,15,-26.1,915.1,NA,240,60
1994,7,30,18,-23.3,914.3,NA,260,44
1994,7,30,21,-23.7,913.1,NA,360,45
1994,7,31,0,-21.2,912,NA,340,47
1994,7,31,3,NA,911.5,NA,260,20
1994,7,31,6,NA,912.2,NA,230,20
1994,7,31,9,NA,913,NA,60,33
1994,7,31,12,NA,911.4,NA,50,37
1994,7,31,15,-21.8,911,NA,70,51
1994,7,31,18,-23.8,910,NA,230,60
1994,7,31,21,NA,910,NA,210,66
1994,8,1,0,-27.8,914,NA,220,65
1994,8,1,3,-29,917.8,NA,220,64
1994,8,1,6,-30.6,920,NA,230,62
1994,8,1,9,-30.9,923.6,NA,290,60
1994,8,1,12,-30.1,924.8,NA,290,61
1994,8,1,15,-29.6,926,NA,350,54
1994,8,1,18,-27.1,927.8,NA,10,40
1994,8,1,21,-26.8,928.1,NA,360,37
1994,8,2,0,-28.5,927.8,NA,0,49
1994,8,2,3,-29.1,929.2,NA,20,52
1994,8,2,6,-28.1,927.6,NA,20,64
1994,8,2,9,-27.8,927.6,NA,20,65
1994,8,2,12,-29.4,927.3,NA,70,63
1994,8,2,15,-31.2,925.4,NA,220,60
1994,8,2,18,-31.6,922.4,NA,220,61
1994,8,2,21,-30.9,918.9,NA,NA,60
1994,8,3,0,-28,916.6,NA,NA,63
1994,8,3,3,-26.9,915.8,NA,230,66
1994,8,3,6,-25.8,918.2,NA,220,67
1994,8,3,9,-24.6,919.8,NA,230,60
1994,8,3,12,-24,921.2,NA,230,47
1994,8,3,15,-23.4,920.9,NA,20,42
1994,8,3,18,-23.8,919.4,NA,10,44
1994,8,3,21,-23.9,918.4,NA,360,57
1994,8,4,0,-27.3,917.4,NA,230,65
1994,8,4,3,-27.9,918.4,NA,240,65
1994,8,4,6,-28,917.7,NA,10,65
1994,8,4,9,-28,916.7,5,20,65
1994,8,4,12,-27.5,915.2,NA,20,63
1994,8,4,15,-28.3,914.7,NA,0,54
1994,8,4,18,-27.4,912.6,NA,10,56
1994,8,4,21,-27.9,912,13,0,56
1994,8,5,0,-28.3,910.6,NA,250,55
1994,8,5,3,-29.7,909.6,NA,240,62
1994,8,5,6,-30.7,909.4,NA,250,62
1994,8,5,9,-31.6,910,NA,240,60
1994,8,5,12,-28.6,910.4,NA,260,63
1994,8,5,15,-27.5,910.8,4,230,65
1994,8,5,18,-28,911.5,2,150,53
1994,8,5,21,-29.4,911.6,NA,20,53
1994,8,6,0,-29,911.7,NA,30,52
1994,8,6,3,-28.9,911.9,13,20,48
1994,8,6,6,-29,911.8,NA,260,46
1994,8,6,9,-29.7,912.3,NA,10,48
1994,8,6,12,-29,913.6,3,280,46
1994,8,6,15,-28.9,915.3,2,20,49
1994,8,6,18,-29.7,916.5,2,290,47
1994,8,6,21,-28,917.6,4,230,44
1994,8,7,0,-25.5,918.1,NA,240,27
1994,8,7,3,-24.2,917.4,NA,230,19
1994,8,7,6,-22.6,916.8,NA,NA,19
1994,8,7,9,-22.8,916.4,20,NA,26
1994,8,7,12,-23.4,916.2,20,NA,30
1994,8,7,15,-26.7,914.1,NA,220,53
1994,8,7,18,-26,914.3,NA,220,59
1994,8,7,21,NA,918.1,NA,210,48
1994,8,8,0,NA,917.9,NA,250,42
1994,8,8,3,-22.8,917.7,NA,230,40
1994,8,8,6,-23.4,917.3,NA,240,37
1994,8,8,9,-22.2,918.5,NA,220,36
1994,8,8,12,-24.4,918.5,NA,220,38
1994,8,8,15,-23.9,918.1,NA,230,49
1994,8,8,18,-24.4,918,NA,210,41
1994,8,8,21,-23.3,916.6,NA,20,36
1994,8,9,0,-21.1,914.1,NA,340,36
1994,8,9,3,-19,911.8,NA,340,28
1994,8,9,6,-16.9,909.1,NA,350,23
1994,8,9,9,NA,906.4,NA,350,10
1994,8,9,12,NA,904.9,NA,230,20
1994,8,9,15,NA,904.6,NA,240,35
1994,8,9,18,NA,904.5,NA,230,40
1994,8,9,21,-24.5,906.3,NA,230,44
1994,8,10,0,-25.2,906.6,29,220,43
1994,8,10,3,-25.9,906.6,26,230,52
1994,8,10,6,-26.7,907.6,NA,230,57
1994,8,10,9,-27.7,908.5,NA,250,64
1994,8,10,12,-28.9,908.6,NA,260,62
1994,8,10,15,-26.9,908.7,NA,10,64
1994,8,10,18,-28.5,909,NA,20,60
1994,8,10,21,-28.7,909.5,1,20,63
1994,8,11,0,-28.8,910.3,4,190,55
1994,8,11,3,-28.7,910.8,NA,220,49
1994,8,11,6,-29.7,911.6,NA,220,60
1994,8,11,9,-30.1,911.5,NA,220,61
1994,8,11,12,-30.9,912.5,NA,230,61
1994,8,11,15,-30.8,912.5,16,220,60
1994,8,11,18,-31.3,912.2,16,230,60
1994,8,11,21,-32.1,912.4,NA,220,59
1994,8,12,0,-32.8,911.6,NA,210,59
1994,8,12,3,-33.5,910.1,9,230,57
1994,8,12,6,-33,909.3,NA,260,58
1994,8,12,9,-33.3,908.5,6,250,57
1994,8,12,12,-32.1,907.9,6,240,58
1994,8,12,15,-34.9,908,NA,220,56
1994,8,12,18,-34.8,908.8,NA,220,55
1994,8,12,21,-34.3,909.8,NA,NA,55
1994,8,13,0,-33.8,911.1,NA,NA,56
1994,8,13,3,-33.6,912.2,NA,NA,57
1994,8,13,6,-34,913.7,NA,NA,56
1994,8,13,9,-34.3,914.1,NA,NA,56
1994,8,13,12,-34.4,913.5,NA,NA,55
1994,8,13,15,-34.9,912.9,NA,230,55
1994,8,13,18,-37,911.6,16,250,53
1994,8,13,21,-35.5,910.3,NA,0,55
1994,8,14,0,-36.3,908.2,NA,30,53
1994,8,14,3,-36.6,906.1,4,20,53
1994,8,14,6,-35.8,904.3,6,20,54
1994,8,14,9,-36,902.7,NA,360,54
1994,8,14,12,-36.1,901.1,NA,330,54
1994,8,14,15,-35.8,900.1,NA,20,54
1994,8,14,18,-35.4,899.4,5,NA,55
1994,8,14,21,-33.3,899.5,NA,NA,57
1994,8,15,0,-32.3,899.7,NA,360,55
1994,8,15,3,-30.6,900.9,NA,10,56
1994,8,15,6,-31.2,902.4,NA,200,56
1994,8,15,9,-31.7,903.7,2,180,50
1994,8,15,12,-29.8,904.9,NA,20,42
1994,8,15,15,-32.3,905.8,NA,230,39
1994,8,15,18,-31.9,907.6,NA,250,35
1994,8,15,21,-30.6,909.1,NA,240,33
1994,8,16,0,-30,910.3,7,230,56
1994,8,16,3,-32.1,910.5,NA,230,37
1994,8,16,6,-30.7,911.6,NA,240,42
1994,8,16,9,-28.1,913.3,14,210,36
1994,8,16,12,-31.2,912.8,NA,220,40
1994,8,16,15,-32.9,914,NA,230,47
1994,8,16,18,-33.2,914,31,240,54
1994,8,16,21,-32.6,914,31,230,50
1994,8,17,0,-33.3,913.9,NA,230,56
1994,8,17,3,-31.6,912.9,NA,220,51
1994,8,17,6,-31.4,913.1,NA,230,52
1994,8,17,9,-31.2,912.8,NA,240,40
1994,8,17,12,-31.7,911.9,NA,0,47
1994,8,17,15,-34,911.6,3,60,57
1994,8,17,18,-34.8,910.6,NA,NA,55
1994,8,17,21,-35.8,909.8,NA,240,53
1994,8,18,0,-34.9,908.9,NA,230,55
1994,8,18,3,-34.5,909.1,NA,230,39
1994,8,18,6,-34.1,910.1,NA,360,52
1994,8,18,9,-34.1,909.8,NA,50,52
1994,8,18,12,-33.7,909.8,4,20,52
1994,8,18,15,-32.1,909.8,NA,NA,45
1994,8,18,18,-32.4,909.8,NA,NA,45
1994,8,18,21,-31.6,910.1,4,10,43
1994,8,19,0,-31.5,910.2,3,220,40
1994,8,19,3,-30.1,910,NA,230,39
1994,8,19,6,-31.2,909.7,NA,230,39
1994,8,19,9,-30.7,909.3,NA,210,36
1994,8,19,12,-31,909,9,230,37
1994,8,19,15,-28.5,908.4,NA,330,46
1994,8,19,18,-29.8,906.9,NA,360,44
1994,8,19,21,-30.2,905.9,NA,10,50
1994,8,20,0,-29.7,904.8,12,30,39
1994,8,20,3,-29.6,903.9,NA,350,36
1994,8,20,6,-30.5,903.2,NA,230,35
1994,8,20,9,-30.4,903,4,240,46
1994,8,20,12,-30,902.9,6,240,39
1994,8,20,15,-29.8,903.4,3,240,34
1994,8,20,18,-30.2,903.8,NA,70,33
1994,8,20,21,-30,905,2,300,35
1994,8,21,0,-30,906.6,3,240,36
1994,8,21,3,-30.9,907.8,NA,250,36
1994,8,21,6,-31.6,909.2,3,250,45
1994,8,21,9,-30.5,910.6,NA,360,55
1994,8,21,12,-29.8,911.5,2,250,50
1994,8,21,15,-30.2,912.3,5,260,36
1994,8,21,18,-31.5,912.9,5,230,44
1994,8,21,21,-30.1,913.5,NA,210,37
1994,8,22,0,-28.5,914.3,NA,20,34
1994,8,22,3,-29.4,915.1,NA,20,33
1994,8,22,6,-27.5,915.9,2,260,29
1994,8,22,9,-26.2,916.6,4,220,29
1994,8,22,12,-26.2,916.5,NA,280,31
1994,8,22,15,-25.7,915.7,NA,340,29
1994,8,22,18,-23.8,914.5,NA,330,25
1994,8,22,21,-24.2,914,NA,250,25
1994,8,23,0,-26.2,914.6,NA,240,27
1994,8,23,3,-24.6,914.8,5,350,23
1994,8,23,6,-27.1,915.2,5,240,29
1994,8,23,9,NA,915.5,NA,230,44
1994,8,23,12,-31.3,915.5,NA,240,49
1994,8,23,15,-30.9,915.1,NA,150,51
1994,8,23,18,-31.3,914.7,NA,240,53
1994,8,23,21,-32.1,915.1,NA,230,56
1994,8,24,0,-33,915.6,NA,250,56
1994,8,24,3,-32.3,915.8,NA,10,58
1994,8,24,6,-32.5,915.5,NA,360,57
1994,8,24,9,-32.1,915.7,NA,270,57
1994,8,24,12,-31.8,915.9,3,250,58
1994,8,24,15,-30.8,916.3,1,80,55
1994,8,24,18,-30.2,916.2,2,350,44
1994,8,24,21,-30.1,916,5,10,37
1994,8,25,0,-29.9,915.2,NA,360,37
1994,8,25,3,-29.7,914.6,6,320,36
1994,8,25,6,-28.5,913.6,NA,220,34
1994,8,25,9,-27.8,913.2,NA,230,29
1994,8,25,12,-26.4,913,NA,230,30
1994,8,25,15,-26.9,912.1,NA,220,28
1994,8,25,18,-24.5,911.3,NA,230,29
1994,8,25,21,-22.4,910.9,NA,230,37
1994,8,26,0,-21.9,910.6,NA,220,62
1994,8,26,3,-23.2,908.5,NA,220,71
1994,8,26,6,-25.6,912.6,NA,NA,69
1994,8,26,9,-22.6,908.8,NA,NA,66
1994,8,26,12,-21,907.6,NA,NA,65
1994,8,26,15,NA,915.1,NA,210,69
1994,8,26,18,NA,916.7,NA,240,67
1994,8,26,21,-25.8,917.2,NA,300,67
1994,8,27,0,-26,916.9,NA,20,68
1994,8,27,3,-27.9,916.3,NA,250,65
1994,8,27,6,-27.7,915.6,NA,230,65
1994,8,27,9,-27.1,914.9,NA,260,66
1994,8,27,12,-27.8,914.5,NA,350,65
1994,8,27,15,-28.4,913.8,NA,20,64
1994,8,27,18,-29.4,913.7,NA,10,63
1994,8,27,21,-30.7,914.6,NA,20,61
1994,8,28,0,-29.8,914.8,3,330,62
1994,8,28,3,-29.5,915.8,1,250,62
1994,8,28,6,-29.7,916.8,NA,250,62
1994,8,28,9,-28.9,918,3,220,64
1994,8,28,12,-27.9,917.9,NA,230,59
1994,8,28,15,-26.5,918,NA,240,36
1994,8,28,18,-26.4,917.2,15,230,34
1994,8,28,21,-25.2,916.1,NA,220,30
1994,8,29,0,NA,914.3,NA,220,28
1994,8,29,3,NA,912.2,NA,240,47
1994,8,29,6,NA,908.1,NA,230,55
1994,8,29,9,-19.1,911.8,NA,220,77
1994,8,29,12,-17.9,907.3,NA,230,78
1994,8,29,15,-18.4,907.8,NA,230,78
1994,8,29,18,-18.1,911.7,NA,220,79
1994,8,29,21,-18.8,917.1,NA,230,78
1994,8,30,0,-18.5,917.2,NA,230,79
1994,8,30,3,-18,919.3,NA,240,59
1994,8,30,6,-17.8,919,NA,230,51
1994,8,30,9,-18.2,919,NA,260,47
1994,8,30,12,-18.1,918.1,NA,360,42
1994,8,30,15,-17.8,916.8,NA,30,43
1994,8,30,18,-19.5,916.5,NA,270,42
1994,8,30,21,-19.5,916.9,NA,350,41
1994,8,31,0,-20.1,917.2,NA,240,45
1994,8,31,3,-19,917.4,NA,240,44
1994,8,31,6,-20.4,918.1,NA,40,47
1994,8,31,9,-20,918.2,NA,230,44
1994,8,31,12,-19,918.5,NA,330,42
1994,8,31,15,-18.1,918.2,5,200,39
1994,8,31,18,-18.9,918,NA,230,41
1994,8,31,21,-17.3,917.9,NA,230,50
1994,9,1,0,-17.4,918.2,11,230,58
1994,9,1,3,-17,918.4,NA,250,60
1994,9,1,6,-18.4,918.8,7,240,71
1994,9,1,9,-18.7,918.8,NA,230,66
1994,9,1,12,-18.5,919.5,NA,240,70
1994,9,1,15,-19,919.3,NA,270,64
1994,9,1,18,-19.5,919.3,2,240,58
1994,9,1,21,-20.4,920.3,1,300,72
1994,9,2,0,-18.6,920.8,1,340,58
1994,9,2,3,-22.2,922,3,150,69
1994,9,2,6,-23.2,922.4,NA,230,63
1994,9,2,9,-20.5,924.2,6,250,54
1994,9,2,12,-21,925.6,NA,250,58
1994,9,2,15,-20.4,927.2,NA,240,55
1994,9,2,18,-22.4,927.9,NA,250,61
1994,9,2,21,-22.4,928.6,NA,260,72
1994,9,3,0,-24.5,929,NA,250,71
1994,9,3,3,-24.4,929,NA,240,70
1994,9,3,6,-25.7,928.5,NA,240,69
1994,9,3,9,-26.3,928.7,NA,250,68
1994,9,3,12,-25.6,928.8,NA,240,68
1994,9,3,15,-26.1,928.9,NA,220,68
1994,9,3,18,-27.1,929.5,10,240,67
1994,9,3,21,-26.2,930.8,NA,230,67
1994,9,4,0,-27.7,930.7,NA,220,66
1994,9,4,3,-27.7,931,NA,240,66
1994,9,4,6,-28,931.7,11,240,65
1994,9,4,9,-27.1,933.1,8,250,66
1994,9,4,12,-28.3,932.7,10,240,65
1994,9,4,15,-27.9,932.9,9,240,65
1994,9,4,18,-27.9,932.7,9,260,66
1994,9,4,21,-26.3,931.6,9,230,68
1994,9,5,0,-25.4,930.3,NA,230,68
1994,9,5,3,-27.4,928.5,NA,230,60
1994,9,5,6,-26.4,928.7,NA,210,63
1994,9,5,9,-25.7,927.1,NA,NA,50
1994,9,5,12,-25.5,926.1,NA,NA,48
1994,9,5,15,-25.2,925.6,NA,NA,48
1994,9,5,18,-26.4,924.5,NA,NA,50
1994,9,5,21,-24.8,924.9,NA,200,44
1994,9,6,0,-23.9,922.6,NA,170,37
1994,9,6,3,-23,919.8,NA,10,35
1994,9,6,6,-24.5,916.4,NA,360,37
1994,9,6,9,-23.1,914.3,NA,20,38
1994,9,6,12,-23.9,913.9,NA,10,34
1994,9,6,15,-23.2,915.9,NA,240,38
1994,9,6,18,-20.7,914.2,NA,200,25
1994,9,6,21,-20,913,NA,240,20
1994,9,7,0,-19,911.2,NA,340,20
1994,9,7,3,-18.7,909.9,NA,350,21
1994,9,7,6,-20.9,909.2,NA,250,19
1994,9,7,9,-23.1,909.7,NA,250,40
1994,9,7,12,NA,909.5,NA,240,21
1994,9,7,15,NA,908.4,8,250,18
1994,9,7,18,-13.5,907.8,4,360,15
1994,9,7,21,NA,907.1,5,310,12
1994,9,8,0,-9.9,905.7,NA,20,15
1994,9,8,3,-12.5,905.7,NA,200,16
1994,9,8,6,-12.7,905.6,NA,20,22
1994,9,8,9,-13.4,905.6,NA,360,25
1994,9,8,12,-10.5,905.5,NA,360,22
1994,9,8,15,-10.1,905.1,NA,260,24
1994,9,8,18,-10.7,906.2,NA,210,30
1994,9,8,21,NA,906.4,NA,240,39
1994,9,9,0,NA,906.2,NA,230,33
1994,9,9,3,NA,907.1,NA,220,49
1994,9,9,6,-21.7,907.2,NA,240,47
1994,9,9,9,-21.4,907.3,NA,230,57
1994,9,9,12,-22.4,907.3,NA,NA,64
1994,9,9,15,-22.4,907.3,NA,NA,68
1994,9,9,18,-23.7,907.5,NA,NA,71
1994,9,9,21,-23.1,908.2,NA,NA,72
1994,9,10,0,-23.2,907.7,NA,220,71
1994,9,10,3,-23.8,906.7,NA,220,71
1994,9,10,6,-24.9,908.2,NA,220,70
1994,9,10,9,-25.5,909,NA,NA,69
1994,9,10,12,-25.9,910,NA,NA,68
1994,9,10,15,-26.3,911,NA,NA,67
1994,9,10,18,-26.1,912.7,NA,NA,68
1994,9,10,21,-26.6,914.2,NA,NA,67
1994,9,11,0,-25.5,916.4,59,NA,65
1994,9,11,3,-26.1,914.1,57,NA,68
1994,9,11,6,-26.2,916.4,NA,220,67
1994,9,11,9,-26.3,915,55,220,68
1994,9,11,12,-26.3,917,NA,230,68
1994,9,11,15,-27,916.4,52,NA,67
1994,9,11,18,-28.1,916,NA,NA,66
1994,9,11,21,-27.7,917.7,NA,NA,65
1994,9,12,0,-26.9,916.2,NA,NA,67
1994,9,12,3,-26.4,913.9,NA,220,68
1994,9,12,6,-27,913.8,NA,220,68
1994,9,12,9,-26.3,915.3,NA,230,68
1994,9,12,12,-25.2,916.3,NA,220,70
1994,9,12,15,-26.9,916.7,NA,230,68
1994,9,12,18,-26.1,917.1,NA,220,67
1994,9,12,21,-25.7,917.3,NA,220,62
1994,9,13,0,-26.9,917.4,NA,220,62
1994,9,13,3,-26.9,917.3,NA,230,67
1994,9,13,6,-27.4,916.9,NA,240,66
1994,9,13,9,-25.6,916.3,NA,350,69
1994,9,13,12,-26.2,916,NA,150,68
1994,9,13,15,-25,915.4,NA,0,69
1994,9,13,18,-24.7,914.4,NA,340,52
1994,9,13,21,-23.2,913.7,NA,350,40
1994,9,14,0,-24.3,913.5,NA,20,52
1994,9,14,3,-25.6,912.4,NA,30,55
1994,9,14,6,-26.3,911.2,NA,360,55
1994,9,14,9,-26.6,909.7,NA,20,61
1994,9,14,12,-27.3,908.9,NA,NA,65
1994,9,14,15,-27.6,908.2,NA,220,66
1994,9,14,18,-26.8,907.9,NA,200,66
1994,9,14,21,-26.5,907.7,NA,330,67
1994,9,15,0,-25.4,908.1,NA,0,68
1994,9,15,3,-26.9,909.4,NA,220,68
1994,9,15,6,-27.1,910.3,2,250,67
1994,9,15,9,-26.8,911.5,NA,0,67
1994,9,15,12,-27,913.8,2,120,67
1994,9,15,15,-29,915.3,1,40,65
1994,9,15,18,-31.7,916.8,NA,230,61
1994,9,15,21,-32.2,917.9,NA,250,60
1994,9,16,0,-30.2,918.9,NA,30,62
1994,9,16,3,-30,919.4,NA,340,54
1994,9,16,6,-29,919.5,NA,340,50
1994,9,16,9,-28.2,919.8,NA,350,50
1994,9,16,12,-28.7,919,NA,10,63
1994,9,16,15,-27.3,918.6,15,20,65
1994,9,16,18,-28.1,919,NA,20,65
1994,9,16,21,-27.4,920.1,NA,30,66
1994,9,17,0,-26.7,922.3,4,20,67
1994,9,17,3,-25.5,924.4,2,40,68
1994,9,17,6,-26.1,926.7,3,360,68
1994,9,17,9,-28.3,928.7,NA,240,66
1994,9,17,12,-30.6,929.3,NA,240,63
1994,9,17,15,-28.9,929.8,NA,230,63
1994,9,17,18,-27.3,930.4,NA,230,66
1994,9,17,21,-27.1,932.2,NA,220,67
1994,9,18,0,-27.7,934.6,31,210,66
1994,9,18,3,-28,936.8,NA,220,66
1994,9,18,6,-27.8,937.4,NA,NA,65
1994,9,18,9,-27.5,938.5,21,NA,64
1994,9,18,12,-27.7,939.8,NA,NA,52
1994,9,18,15,-28.4,939.3,NA,NA,54
1994,9,18,18,-27.5,937.3,9,240,51
1994,9,18,21,-26.4,936.5,8,230,39
1994,9,19,0,-25.6,935.5,10,220,39
1994,9,19,3,-27,933.6,NA,200,40
1994,9,19,6,-29.1,932.1,NA,230,63
1994,9,19,9,-26.4,931,NA,220,47
1994,9,19,12,-24.8,931.1,NA,220,41
1994,9,19,15,-27.3,930.3,NA,NA,47
1994,9,19,18,-26,928.8,NA,NA,52
1994,9,19,21,-26.3,928.3,NA,220,63
1994,9,20,0,-24.8,930.1,NA,220,NA
1994,9,20,3,-24,930,NA,220,43
1994,9,20,6,-23.1,930.3,NA,NA,43
1994,9,20,9,-23.3,931.6,NA,NA,44
1994,9,20,12,-22.7,932.1,46,NA,42
1994,9,20,15,-23.8,937,NA,230,42
1994,9,20,18,-23.5,939,NA,230,45
1994,9,20,21,-21.6,940.6,NA,220,37
1994,9,21,0,-21.6,941.4,NA,20,34
1994,9,21,3,-22.5,941,NA,30,54
1994,9,21,6,-21.5,940.4,NA,290,41
1994,9,21,9,-22.4,939.7,NA,250,38
1994,9,21,12,-24.1,938.8,NA,250,44
1994,9,21,15,-23.4,938.6,NA,230,69
1994,9,21,18,-23.7,938.1,11,230,70
1994,9,21,21,-23.5,938.2,NA,230,71
1994,9,22,0,-21.9,938,NA,170,72
1994,9,22,3,-23.8,938,3,30,57
1994,9,22,6,-23.3,939.1,3,80,65
1994,9,22,9,-23.2,939.1,NA,50,59
1994,9,22,12,-24.1,938.7,NA,250,57
1994,9,22,15,-24.8,938.2,NA,10,60
1994,9,22,18,-26.4,939.6,NA,230,68
1994,9,22,21,-26.5,941.3,NA,260,67
1994,9,23,0,-25.6,942.8,NA,240,68
1994,9,23,3,-22.7,943.1,NA,200,71
1994,9,23,6,NA,944.1,5,210,41
1994,9,23,9,-19.6,944.6,5,230,32
1994,9,23,12,-17.6,944.2,NA,360,25
1994,9,23,15,-17.9,944.3,NA,350,26
1994,9,23,18,-17.8,944.1,NA,10,29
1994,9,23,21,-17.7,944.5,NA,20,29
1994,9,24,0,-18.4,944.9,9,20,32
1994,9,24,3,-18.8,944.4,NA,10,34
1994,9,24,6,-18.5,943.5,NA,10,34
1994,9,24,9,-17.5,942.4,NA,20,31
1994,9,24,12,-18.6,940.9,NA,10,31
1994,9,24,15,-19.6,940.4,NA,30,32
1994,9,24,18,-21.2,939.2,NA,250,34
1994,9,24,21,NA,940.8,NA,220,61
1994,9,25,0,-25.5,940.9,NA,220,67
1994,9,25,3,-25.2,941.5,NA,220,54
1994,9,25,6,-25.2,942.6,NA,210,51
1994,9,25,9,-23.5,942.6,NA,220,42
1994,9,25,12,-24.2,944.5,NA,260,46
1994,9,25,15,-22.3,943.7,NA,330,29
1994,9,25,18,-21.1,942.3,NA,340,26
1994,9,25,21,-20.1,941.4,NA,350,24
1994,9,26,0,-18.3,941.1,NA,250,22
1994,9,26,3,-17.6,940.6,6,30,16
1994,9,26,6,-16.7,939.4,NA,300,16
1994,9,26,9,-15.6,937.4,NA,330,12
1994,9,26,12,-16.9,935.3,NA,360,19
1994,9,26,15,-16.3,932.7,NA,50,15
1994,9,26,18,-15.3,930.7,NA,30,11
1994,9,26,21,-15.7,929.1,NA,240,12
1994,9,27,0,-11.6,927.5,NA,20,14
1994,9,27,3,-15.3,925.8,NA,250,18
1994,9,27,6,NA,924.4,NA,230,17
1994,9,27,9,-16.6,926.2,NA,260,17
1994,9,27,12,-20.2,925.6,NA,220,33
1994,9,27,15,-20.3,926.2,NA,220,42
1994,9,27,18,-23.7,926.3,NA,240,49
1994,9,27,21,-24,927.8,NA,240,61
1994,9,28,0,-23.3,928,NA,230,48
1994,9,28,3,-24.4,928,NA,230,48
1994,9,28,6,-25.9,928.1,20,230,53
1994,9,28,9,-25.6,929.5,NA,240,55
1994,9,28,12,-26.5,930.4,NA,240,49
1994,9,28,15,-27.8,932.8,NA,220,51
1994,9,28,18,-27.6,935.1,NA,250,58
1994,9,28,21,-26.4,936,NA,190,50
1994,9,29,0,-24.4,936.3,NA,220,NA
1994,9,29,3,-22.9,936.8,NA,220,29
1994,9,29,6,-21.5,937.5,NA,230,24
1994,9,29,9,-20.9,937.9,NA,230,25
1994,9,29,12,-19.6,937.8,NA,220,25
1994,9,29,15,-19.7,938.4,NA,230,25
1994,9,29,18,-15.8,938,NA,220,25
1994,9,29,21,-18.8,938.4,NA,220,24
1994,9,30,0,-16.3,938.3,NA,220,27
1994,9,30,3,-17.9,937.8,NA,230,35
1994,9,30,6,-16.8,937.2,NA,230,35
1994,9,30,9,-21.3,936.7,NA,270,49
1994,9,30,12,-19.2,934.9,NA,220,42
1994,9,30,15,-19.5,933.5,NA,230,38
1994,9,30,18,-19.9,933.3,NA,230,44
1994,9,30,21,-19.1,930.5,NA,220,38
1994,10,1,0,-19.1,930,NA,220,32
1994,10,1,3,-14.2,928.5,NA,240,29
1994,10,1,6,NA,926,NA,240,29
1994,10,1,9,-15.4,924.9,NA,230,31
1994,10,1,12,-18.6,923.9,NA,270,43
1994,10,1,15,-18,920.3,NA,220,44
1994,10,1,18,-17.3,920.6,NA,230,35
1994,10,1,21,NA,916,NA,230,34
1994,10,2,0,-13.4,912.6,NA,220,NA
1994,10,2,3,-13.4,908,NA,230,84
1994,10,2,6,-13,915.1,NA,230,85
1994,10,2,9,-12.5,916,NA,220,86
1994,10,2,12,-12.5,917.2,NA,220,86
1994,10,2,15,-12.8,917.3,NA,230,86
1994,10,2,18,-12.6,917.6,NA,230,86
1994,10,2,21,-12.4,916.7,NA,230,85
1994,10,3,0,-12.7,915.6,NA,240,86
1994,10,3,3,-12.3,919.2,NA,240,84
1994,10,3,6,-12.8,918.2,NA,230,83
1994,10,3,9,-11.8,923.3,NA,230,87
1994,10,3,12,-11.9,925.7,55,230,85
1994,10,3,15,-12.9,929.3,NA,220,63
1994,10,3,18,-10.1,927.9,NA,230,61
1994,10,3,21,-13.8,930.5,NA,220,62
1994,10,4,0,-12.9,928.9,NA,50,61
1994,10,4,3,-13.8,928.1,NA,40,71
1994,10,4,6,-15.5,927.2,NA,40,83
1994,10,4,9,-15.2,925.2,NA,20,83
1994,10,4,12,-15.4,922.3,NA,10,83
1994,10,4,15,-16.5,920.3,NA,0,83
1994,10,4,18,-16.3,919.6,NA,50,83
1994,10,4,21,-14.1,917.9,NA,20,64
1994,10,5,0,-15.2,917.9,NA,50,81
1994,10,5,3,-15.3,917.6,NA,90,83
1994,10,5,6,-17.8,917,6,40,82
1994,10,5,9,-18.7,916.7,5,60,80
1994,10,5,12,-19.6,916.8,5,60,79
1994,10,5,15,-19.6,918.6,5,300,79
1994,10,5,18,-18.4,918.8,1,220,80
1994,10,5,21,NA,918.7,NA,230,53
1994,10,6,0,NA,920.3,NA,220,46
1994,10,6,3,-11,920.4,NA,210,40
1994,10,6,6,-9,921.5,NA,240,35
1994,10,6,9,-9.3,922.3,NA,310,32
1994,10,6,12,-7.4,924.2,1,20,29
1994,10,6,15,NA,925.9,NA,20,42
1994,10,6,18,NA,925.9,NA,360,45
1994,10,6,21,-13.4,925.1,NA,340,45
1994,10,7,0,-11.2,923.7,NA,10,47
1994,10,7,3,-10.7,921.1,NA,240,48
1994,10,7,6,NA,918.4,NA,230,22
1994,10,7,9,NA,917.7,NA,250,26
1994,10,7,12,-4.1,917.1,NA,170,34
1994,10,7,15,NA,916.2,NA,240,48
1994,10,7,18,NA,916.5,NA,280,58
1994,10,7,21,-16.5,915.2,NA,100,65
1994,10,8,0,-17.5,914.1,3,240,71
1994,10,8,3,-16.8,912.3,NA,230,80
1994,10,8,6,-17.3,912.7,NA,220,81
1994,10,8,9,-18.5,913.1,NA,240,80
1994,10,8,12,-21.6,916.1,NA,100,77
1994,10,8,15,-21.9,917.9,NA,60,75
1994,10,8,18,-22,918.8,5,50,75
1994,10,8,21,-21.7,919.9,NA,50,75
1994,10,9,0,-20.7,919.3,NA,20,76
1994,10,9,3,-19.5,917.7,NA,20,77
1994,10,9,6,-17.7,915.9,NA,350,65
1994,10,9,9,-14.7,915.9,NA,360,58
1994,10,9,12,-18.1,915,NA,30,78
1994,10,9,15,-19.1,914.3,NA,50,79
1994,10,9,18,-18.1,913.5,NA,40,79
1994,10,9,21,-17.7,913.4,NA,0,80
1994,10,10,0,-17.2,913.5,NA,NA,81
1994,10,10,3,-18.9,913.4,3,220,79
1994,10,10,6,-20.2,912.8,NA,220,78
1994,10,10,9,-19.7,913.7,NA,200,77
1994,10,10,12,-19.9,912.3,NA,230,77
1994,10,10,15,-19.1,910.7,NA,NA,79
1994,10,10,18,-20.4,909.5,NA,NA,78
1994,10,10,21,-19.6,910.3,NA,NA,78
1994,10,11,0,-19.3,912.8,NA,NA,78
1994,10,11,3,-17.9,913.6,NA,220,78
1994,10,11,6,-18.1,914.6,37,220,79
1994,10,11,9,-18.1,917.6,NA,220,80
1994,10,11,12,-18,919,NA,40,80
1994,10,11,15,-19.6,918.4,NA,360,79
1994,10,11,18,-18.5,917.8,NA,260,75
1994,10,11,21,-16.9,917,NA,260,51
1994,10,12,0,-17.8,915.6,NA,40,62
1994,10,12,3,-18.2,914.7,NA,30,63
1994,10,12,6,-17.9,914.6,NA,10,80
1994,10,12,9,-18.1,915.4,NA,10,80
1994,10,12,12,-19.2,916,NA,200,78
1994,10,12,15,-21.1,916.2,NA,250,76
1994,10,12,18,-20.2,916.4,NA,220,77
1994,10,12,21,-20.2,917,NA,210,78
1994,10,13,0,-20.9,916.8,NA,NA,77
1994,10,13,3,-21.6,917.1,NA,NA,76
1994,10,13,6,-21.8,917.5,37,230,75
1994,10,13,9,-22.2,918.9,NA,230,73
1994,10,13,12,-22.5,916.6,NA,220,72
1994,10,13,15,-22.8,916.8,NA,230,72
1994,10,13,18,-23.7,915.9,NA,220,63
1994,10,13,21,-25.9,915,NA,230,70
1994,10,14,0,-25.6,914,NA,220,70
1994,10,14,3,-25.1,912.2,NA,220,63
1994,10,14,6,-24.9,912.2,43,230,57
1994,10,14,9,-24.8,911.7,NA,220,54
1994,10,14,12,-24,911.1,NA,220,58
1994,10,14,15,-24.4,911.4,NA,230,49
1994,10,14,18,-22.9,909.9,NA,100,51
1994,10,14,21,-23.4,908.9,NA,40,60
1994,10,15,0,-23.1,908.6,6,70,64
1994,10,15,3,-23.3,908.4,NA,10,65
1994,10,15,6,-23.9,907.7,NA,230,60
1994,10,15,9,-23.6,906.2,NA,240,46
1994,10,15,12,-25.2,906.1,NA,250,50
1994,10,15,15,-26.2,904.8,NA,20,51
1994,10,15,18,-25.6,904,NA,10,52
1994,10,15,21,-24.1,903.9,5,20,63
1994,10,16,0,-23.1,904.1,NA,60,72
1994,10,16,3,-23,904.2,NA,240,73
1994,10,16,6,-23.8,904.5,NA,250,72
1994,10,16,9,-23.8,905.1,7,230,72
1994,10,16,12,-24.9,906,NA,210,71
1994,10,16,15,-25.2,906.6,10,220,70
1994,10,16,18,-24.9,907.3,10,250,70
1994,10,16,21,-25.1,908.7,10,250,70
1994,10,17,0,-27.4,910.2,13,250,68
1994,10,17,3,-26.4,912,NA,230,68
1994,10,17,6,-26.4,914.2,NA,240,69
1994,10,17,9,-26.3,916.1,22,230,69
1994,10,17,12,-25.7,917.8,NA,240,69
1994,10,17,15,-25.8,919,NA,260,69
1994,10,17,18,-23.4,919.5,NA,270,73
1994,10,17,21,-22.7,920,NA,10,73
1994,10,18,0,-22.4,920.3,1,260,74
1994,10,18,3,-22.6,920.3,3,230,74
1994,10,18,6,-23.7,920.4,NA,230,73
1994,10,18,9,-23,920.7,NA,220,45
1994,10,18,12,-22.5,920.5,NA,230,40
1994,10,18,15,-21.6,919.6,NA,240,45
1994,10,18,18,-20.6,917.6,NA,220,69
1994,10,18,21,-20,915.3,NA,230,76
1994,10,19,0,-20,914.7,NA,230,77
1994,10,19,3,-19.8,908.3,NA,230,77
1994,10,19,6,-20.3,907.1,58,NA,77
1994,10,19,9,-21,908.8,NA,NA,76
1994,10,19,12,-21.6,908,NA,220,75
1994,10,19,15,-22.4,907.7,NA,230,74
1994,10,19,18,-22.7,906,NA,240,73
1994,10,19,21,-19.5,904.5,NA,270,77
1994,10,20,0,-18.7,903.6,5,60,63
1994,10,20,3,-17.8,901.8,NA,10,31
1994,10,20,6,-18.6,901,NA,350,36
1994,10,20,9,-20.1,901.4,NA,260,38
1994,10,20,12,-18.7,902.7,NA,180,33
1994,10,20,15,-20.3,904.6,5,230,32
1994,10,20,18,-20,906.8,4,250,41
1994,10,20,21,-19.3,909.3,4,240,41
1994,10,21,0,-18.9,911.5,3,250,73
1994,10,21,3,-18.6,913.1,1,200,75
1994,10,21,6,-18.4,914.3,NA,NA,71
1994,10,21,9,-18.5,915.4,NA,NA,69
1994,10,21,12,-18.6,915.8,NA,240,49
1994,10,21,15,-18.9,915.5,NA,230,55
1994,10,21,18,-20.4,915.6,NA,230,45
1994,10,21,21,-20.9,914.9,NA,230,74
1994,10,22,0,-20.1,914.5,NA,220,76
1994,10,22,3,-19,912.9,NA,210,78
1994,10,22,6,-18.2,910.1,NA,NA,79
1994,10,22,9,-17.9,910.7,NA,NA,79
1994,10,22,12,-18.3,910.9,NA,NA,74
1994,10,22,15,-17.9,910.5,NA,NA,77
1994,10,22,18,-17.8,911.1,NA,220,75
1994,10,22,21,-17.3,911.9,NA,NA,80
1994,10,23,0,-16.7,912.2,21,NA,81
1994,10,23,3,-16.7,912.2,NA,NA,81
1994,10,23,6,-15.9,912.4,NA,NA,82
1994,10,23,9,-16.3,911.8,NA,NA,78
1994,10,23,12,-16.5,910.9,NA,NA,80
1994,10,23,15,-16.8,910.3,NA,230,81
1994,10,23,18,-16.6,911.9,NA,NA,82
1994,10,23,21,-16.6,910.8,42,NA,82
1994,10,24,0,-16.3,911.2,NA,NA,82
1994,10,24,3,-16,912.9,45,NA,82
1994,10,24,6,-16.6,915.1,44,220,82
1994,10,24,9,-17.2,914.9,NA,230,81
1994,10,24,12,-15.4,915.8,NA,220,82
1994,10,24,15,-16,917.3,NA,230,77
1994,10,24,18,-17,918,NA,NA,78
1994,10,24,21,-15.7,918.8,NA,NA,73
1994,10,25,0,-14,920.7,NA,230,63
1994,10,25,3,-12.5,920.9,NA,20,47
1994,10,25,6,-12.8,919.4,NA,10,49
1994,10,25,9,-12.8,917.8,NA,330,50
1994,10,25,12,-11.5,915.7,NA,30,41
1994,10,25,15,-11.8,913.7,NA,230,40
1994,10,25,18,-11.2,911.9,NA,190,29
1994,10,25,21,-13,910.6,NA,260,42
1994,10,26,0,NA,910.4,NA,230,42
1994,10,26,3,NA,910.9,NA,220,78
1994,10,26,6,-19.4,912,NA,220,70
1994,10,26,9,-19.9,913.4,23,230,75
1994,10,26,12,-18.7,914,NA,230,58
1994,10,26,15,-19.3,913.9,NA,230,75
1994,10,26,18,-20,914.1,NA,NA,72
1994,10,26,21,-19.9,914.6,NA,NA,70
1994,10,27,0,-20.6,912.5,NA,NA,74
1994,10,27,3,-20.7,913.1,NA,NA,76
1994,10,27,6,-20.7,911.8,NA,NA,76
1994,10,27,9,-20.9,915.5,NA,230,76
1994,10,27,12,-21.7,912.8,NA,220,75
1994,10,27,15,-21.7,915.9,NA,230,75
1994,10,27,18,-20.2,915.3,NA,220,50
1994,10,27,21,-20.8,913.7,NA,230,61
1994,10,28,0,-20.3,915.4,NA,220,66
1994,10,28,3,-19.6,914,NA,230,59
1994,10,28,6,-18.5,914.5,NA,NA,50
1994,10,28,9,-18.2,914.2,NA,NA,44
1994,10,28,12,-18.4,914.6,31,NA,46
1994,10,28,15,-19.6,915.2,NA,220,55
1994,10,28,18,-20.1,915.7,NA,230,63
1994,10,28,21,-20.5,916,NA,230,71
1994,10,29,0,-20.4,917,NA,220,72
1994,10,29,3,-20.5,917.5,NA,240,71
1994,10,29,6,-19.9,917.6,NA,250,67
1994,10,29,9,-19.8,918,NA,190,71
1994,10,29,12,-19.6,918.2,4,340,58
1994,10,29,15,-19.7,918.4,1,30,65
1994,10,29,18,-19.9,918.5,3,220,70
1994,10,29,21,-19.4,918.9,NA,NA,77
1994,10,30,0,-18.7,919.4,6,NA,70
1994,10,30,3,-18.5,919.4,NA,NA,71
1994,10,30,6,-18.3,918.9,NA,210,68
1994,10,30,9,-17.7,919.5,NA,220,64
1994,10,30,12,-18.3,921.5,NA,220,74
1994,10,30,15,-17.4,921.9,NA,240,64
1994,10,30,18,-16.3,922.3,NA,230,51
1994,10,30,21,-16,922.9,NA,230,57
1994,10,31,0,-14.8,923.8,NA,210,48
1994,10,31,3,-13.5,924.3,NA,310,47
1994,10,31,6,-13.8,924.3,NA,220,48
1994,10,31,9,-14.2,924.1,4,240,54
1994,10,31,12,-15,924,NA,240,51
1994,10,31,15,-15,923.3,NA,230,44
1994,10,31,18,-13.8,922.9,NA,220,49
1994,10,31,21,-13.7,922.8,NA,210,48
1994,11,1,0,-11.4,921.5,NA,220,45
1994,11,1,3,-11.7,920.7,2,20,49
1994,11,1,6,-13.3,919.6,4,260,41
1994,11,1,9,-16,918.5,NA,20,49
1994,11,1,12,-16.1,917.3,NA,360,63
1994,11,1,15,-14,915.5,NA,10,44
1994,11,1,18,-13.7,914.2,4,230,44
1994,11,1,21,-12.4,913.3,NA,250,42
1994,11,2,0,-11.7,912.6,NA,250,44
1994,11,2,3,-11,911.4,2,210,39
1994,11,2,6,-11.3,910.8,4,280,37
1994,11,2,9,-14.2,910.3,NA,290,33
1994,11,2,12,-13.3,909.7,7,260,31
1994,11,2,15,-13.3,908.9,NA,250,30
1994,11,2,18,-13.5,908,NA,220,45
1994,11,2,21,-12.3,908.3,NA,230,65
1994,11,3,0,-11.4,906.1,NA,230,75
1994,11,3,3,-12,904,NA,240,83
1994,11,3,6,-11.8,905.9,NA,NA,85
1994,11,3,9,-10.3,907,NA,NA,84
1994,11,3,12,-9.3,906.4,45,NA,85
1994,11,3,15,-9.5,907.3,NA,230,88
1994,11,3,18,-9.5,909.9,NA,NA,86
1994,11,3,21,-8.5,907.9,NA,NA,87
1994,11,4,0,-8.9,909,NA,NA,89
1994,11,4,3,-10.2,909.1,NA,220,90
1994,11,4,6,-11.4,912.7,NA,230,88
1994,11,4,9,-10.2,912.8,NA,240,85
1994,11,4,12,-10.2,917.7,NA,220,87
1994,11,4,15,-8.3,915.2,NA,230,NA
1994,11,4,18,-8.2,914.2,NA,230,90
1994,11,4,21,-8.6,914.7,NA,230,91
1994,11,5,0,-10.8,916.1,NA,210,90
1994,11,5,3,-10.1,914.6,NA,220,89
1994,11,5,6,-11.1,917.1,NA,220,89
1994,11,5,9,-12.2,922.9,NA,220,87
1994,11,5,12,-13.3,923.8,NA,240,86
1994,11,5,15,-13.3,925.7,NA,230,87
1994,11,5,18,-13.2,926.6,NA,240,86
1994,11,5,21,-12.2,925.2,NA,340,77
1994,11,6,0,-10.3,923.5,NA,20,58
1994,11,6,3,-9.4,921.5,NA,10,32
1994,11,6,6,-8.9,919.9,NA,210,32
1994,11,6,9,-12.3,918.9,3,20,34
1994,11,6,12,-11.8,918.6,NA,10,38
1994,11,6,15,-13.9,918.3,NA,10,47
1994,11,6,18,-13,919.4,NA,60,52
1994,11,6,21,-14.2,921.1,NA,200,79
1994,11,7,0,-13.3,922.3,3,110,78
1994,11,7,3,-13.7,922.8,NA,210,78
1994,11,7,6,-14,923,NA,230,78
1994,11,7,9,-14.5,923.5,NA,230,77
1994,11,7,12,-14.6,922.6,NA,230,77
1994,11,7,15,-14.5,923.8,NA,240,78
1994,11,7,18,-14.7,922.6,NA,230,77
1994,11,7,21,-15.5,921.9,NA,240,76
1994,11,8,0,-15.1,921.5,NA,230,76
1994,11,8,3,-14.8,922.4,NA,NA,77
1994,11,8,6,-14.7,921.1,NA,NA,77
1994,11,8,9,-14.4,920.9,NA,NA,77
1994,11,8,12,-14.1,919.3,NA,240,76
1994,11,8,15,-13.9,919.1,NA,230,71
1994,11,8,18,-13.3,916.5,NA,230,61
1994,11,8,21,-12.9,914.2,NA,240,72
1994,11,9,0,-12.7,914.8,NA,NA,73
1994,11,9,3,-13.1,916.7,NA,NA,79
1994,11,9,6,-12.3,914.8,53,240,71
1994,11,9,9,-12.4,912.5,NA,230,78
1994,11,9,12,-11.5,915,NA,230,69
1994,11,9,15,-11.2,910.8,NA,NA,71
1994,11,9,18,-11.7,911.9,NA,NA,79
1994,11,9,21,-11.6,914.2,57,NA,80
1994,11,10,0,-11.7,912.6,NA,NA,81
1994,11,10,3,-11.1,913,NA,230,78
1994,11,10,6,-10.7,912.8,NA,230,70
1994,11,10,9,-10.2,915.4,58,230,64
1994,11,10,12,-10.6,912.3,NA,240,75
1994,11,10,15,-10.4,914.6,57,240,73
1994,11,10,18,-10.4,916.3,NA,250,79
1994,11,10,21,-10.9,916,56,NA,81
1994,11,11,0,-10.8,915.1,56,NA,82
1994,11,11,3,-10.2,914.8,NA,NA,83
1994,11,11,6,-10.6,915.9,NA,230,83
1994,11,11,9,-10.2,914.8,NA,230,83
1994,11,11,12,-10.5,916.9,NA,230,83
1994,11,11,15,-10.3,917.3,NA,240,83
1994,11,11,18,-10.2,917,NA,230,76
1994,11,11,21,-10.6,920.2,NA,240,77
1994,11,12,0,-10,921.2,NA,240,74
1994,11,12,3,-10.1,922.5,NA,220,73
1994,11,12,6,-10.2,924.3,NA,220,69
1994,11,12,9,-11.3,924.2,NA,230,82
1994,11,12,12,-11.3,925.4,NA,270,82
1994,11,12,15,-11.4,925.4,NA,30,82
1994,11,12,18,-10.1,925.6,2,70,80
1994,11,12,21,-9.4,925.6,NA,70,79
1994,11,13,0,-9.8,925.7,6,50,84
1994,11,13,3,-10.5,925.3,9,50,83
1994,11,13,6,-10.6,925.2,NA,50,83
1994,11,13,9,-10.5,925.2,10,40,83
1994,11,13,12,-11,925.1,12,10,83
1994,11,13,15,-10.9,924.8,9,40,83
1994,11,13,18,-11.4,924.7,11,20,82
1994,11,13,21,-11,925.4,NA,60,83
1994,11,14,0,-12.5,925.6,NA,260,82
1994,11,14,3,-11.5,925.5,3,230,82
1994,11,14,6,-12.8,925.8,2,260,81
1994,11,14,9,-13.1,926,4,260,81
1994,11,14,12,-12.5,926.6,NA,NA,81
1994,11,14,15,-13.2,926.7,1,270,80
1994,11,14,18,-12.9,927,NA,NA,81
1994,11,14,21,-11.2,927.4,NA,NA,82
1994,11,15,0,-10.5,927.9,NA,NA,83
1994,11,15,3,-10.4,928.4,NA,NA,83
1994,11,15,6,-12.2,928.9,NA,NA,82
1994,11,15,9,-12.5,929.5,NA,NA,81
1994,11,15,12,-13.1,930.3,NA,NA,81
1994,11,15,15,-12.2,930.7,NA,NA,81
1994,11,15,18,-12.5,931.1,NA,NA,81
1994,11,15,21,-12.3,932,NA,NA,81
1994,11,16,0,-11.4,932.8,NA,NA,82
1994,11,16,3,-12.3,932.7,11,240,82
1994,11,16,6,-11.5,932.5,NA,240,82
1994,11,16,9,-12,932.6,NA,230,82
1994,11,16,12,-12.6,932.2,NA,230,81
1994,11,16,15,-13,932.4,NA,240,81
1994,11,16,18,-12.2,932.5,NA,240,82
1994,11,16,21,-12.9,932.6,12,250,81
1994,11,17,0,-11.7,932.6,11,250,83
1994,11,17,3,-11,932.3,10,250,83
1994,11,17,6,-11.2,931.8,12,240,82
1994,11,17,9,-12.8,931.8,NA,230,81
1994,11,17,12,-12.7,931.5,11,220,81
1994,11,17,15,-12,930.9,NA,230,82
1994,11,17,18,-12.3,930.3,NA,230,82
1994,11,17,21,-11.5,930,NA,220,82
1994,11,18,0,-11.3,929.2,NA,220,83
1994,11,18,3,-11.3,928.7,31,230,83
1994,11,18,6,-11.1,928.4,31,NA,82
1994,11,18,9,-11,929.1,34,NA,75
1994,11,18,12,-11.6,929.4,35,240,71
1994,11,18,15,-11.7,928.9,NA,240,82
1994,11,18,18,-11.7,930.4,NA,240,82
1994,11,18,21,-11.7,931.1,40,NA,82
1994,11,19,0,-11.4,932.2,41,NA,83
1994,11,19,3,-11.5,931.7,40,NA,83
1994,11,19,6,-11.9,932.1,38,230,82
1994,11,19,9,-11.9,933,41,240,82
1994,11,19,12,-12.8,933,NA,230,81
1994,11,19,15,-12.9,933.7,NA,230,81
1994,11,19,18,-13,932.2,NA,220,81
1994,11,19,21,-12.6,930.4,NA,240,81
1994,11,20,0,-13,932.8,NA,220,81
1994,11,20,3,-12.2,932.9,NA,230,73
1994,11,20,6,-12.8,932.3,NA,220,81
1994,11,20,9,-12.8,930.7,NA,230,76
1994,11,20,12,-13.6,930.9,27,NA,73
1994,11,20,15,-13.8,930.5,25,NA,76
1994,11,20,18,-13.5,930.5,NA,220,74
1994,11,20,21,-14,930.8,NA,220,78
1994,11,21,0,-11.8,929.7,NA,70,74
1994,11,21,3,-12.4,928.8,4,190,69
1994,11,21,6,-12.9,927.8,4,240,80
1994,11,21,9,-14.3,926.8,NA,240,80
1994,11,21,12,-14.7,926.2,NA,190,79
1994,11,21,15,-15.4,925.1,NA,260,78
1994,11,21,18,-15.1,924.4,NA,250,79
1994,11,21,21,-14.6,924.2,8,240,79
1994,11,22,0,-13.6,923.8,4,270,80
1994,11,22,3,-13.4,923.4,NA,250,80
1994,11,22,6,-13.9,923.3,3,270,80
1994,11,22,9,-13.9,923.5,2,100,79
1994,11,22,12,-13.7,923.8,1,140,80
1994,11,22,15,-14.2,923.8,NA,NA,79
1994,11,22,18,-13.9,924,1,90,80
1994,11,22,21,-13.4,924.3,3,90,80
1994,11,23,0,-13.4,924.8,2,220,80
1994,11,23,3,-13.6,925,NA,250,77
1994,11,23,6,-14.4,924.9,NA,250,80
1994,11,23,9,-14.3,925.2,NA,230,79
1994,11,23,12,-14,925.3,NA,250,79
1994,11,23,15,-13.6,925.1,NA,240,80
1994,11,23,18,-13.5,925.4,8,240,80
1994,11,23,21,-13.3,925.3,6,230,80
1994,11,24,0,-11.7,925.3,6,230,82
1994,11,24,3,-12,924.5,NA,80,81
1994,11,24,6,-13.4,924.2,4,40,80
1994,11,24,9,-12.9,923.5,NA,260,35
1994,11,24,12,-10.9,923.1,7,260,32
1994,11,24,15,-9.2,922.5,NA,340,19
1994,11,24,18,-9.5,921.8,NA,0,20
1994,11,24,21,-7.6,920.9,7,50,26
1994,11,25,0,-8,NA,NA,10,31
1994,11,25,3,-10.4,918.6,NA,10,70
1994,11,25,6,-10,918.2,NA,10,83
1994,11,25,9,-9.2,918.3,NA,60,85
1994,11,25,12,-9.8,918.1,NA,260,84
1994,11,25,15,-10.1,917.8,NA,240,83
1994,11,25,18,-11.4,917.9,NA,240,83
1994,11,25,21,-10.2,918.1,NA,220,84
1994,11,26,0,-10.4,917.8,NA,220,83
1994,11,26,3,-10.4,919.1,NA,240,83
1994,11,26,6,-10.9,921.1,34,NA,83
1994,11,26,9,-11,922.7,NA,NA,83
1994,11,26,12,-10.8,924.1,NA,NA,83
1994,11,26,15,-11.3,924.3,NA,230,79
1994,11,26,18,-11.6,924.4,NA,220,83
1994,11,26,21,-11.8,924,NA,230,83
1994,11,27,0,-10.9,923,NA,220,83
1994,11,27,3,-10.9,921.8,4,100,84
1994,11,27,6,-10.7,920.7,5,80,84
1994,11,27,9,-11.2,920.2,7,70,83
1994,11,27,12,-12.1,919.8,3,20,82
1994,11,27,15,-12,918.6,7,50,82
1994,11,27,18,-11.8,918.1,5,40,82
1994,11,27,21,-12.2,917.4,NA,50,82
1994,11,28,0,-12.2,916.6,5,30,82
1994,11,28,3,-13.3,916.1,NA,250,81
1994,11,28,6,-13.5,915.2,5,270,81
1994,11,28,9,-13.2,915.2,7,250,81
1994,11,28,12,-13.1,915.3,5,260,81
1994,11,28,15,-13.7,915.2,6,230,81
1994,11,28,18,-13.7,916,6,230,82
1994,11,28,21,NA,916.6,NA,0,NA
1994,11,29,0,-9.8,916.9,NA,230,84
1994,11,29,3,NA,917.6,2,60,83
1994,11,29,6,-10.6,918.2,NA,310,83
1994,11,29,9,-13.8,919.2,NA,220,80
1994,11,29,12,-13.9,920.3,NA,260,80
1994,11,29,15,-14,921.1,NA,220,80
1994,11,29,18,-12.9,922.3,2,70,81
1994,11,29,21,-12.7,923.4,3,30,81
1994,11,30,0,-11.8,924.3,3,10,82
1994,11,30,3,-11.4,925.3,1,40,81
1994,11,30,6,-11.3,926.7,2,230,80
1994,11,30,9,-11.7,927.5,2,210,73
1994,11,30,12,-12.3,928.4,NA,NA,66
1994,11,30,15,-12.6,928.8,2,20,59
1994,11,30,18,-11.9,929.4,NA,50,61
1994,11,30,21,-11.7,929.2,NA,50,63
1994,12,1,0,-11.4,928.8,3,80,71
1994,12,1,3,-10.9,927.9,NA,20,74
1994,12,1,6,NA,927.2,1,120,68
1994,12,1,9,-11.8,926.5,2,250,71
1994,12,1,12,-13.1,925.5,NA,240,80
1994,12,1,15,-13.1,924.7,NA,250,80
1994,12,1,18,-13.5,924.1,NA,240,80
1994,12,1,21,-12.4,924.2,NA,230,82
1994,12,2,0,-11.9,924.3,14,240,82
1994,12,2,3,-12.1,924.1,14,240,82
1994,12,2,6,-12.3,924.1,16,250,82
1994,12,2,9,-12,924.3,14,230,82
1994,12,2,12,-11.7,924.2,15,240,82
1994,12,2,15,-11.3,924.5,NA,230,83
1994,12,2,18,-11.6,924.7,NA,230,83
1994,12,2,21,-11.6,925.2,NA,230,83
1994,12,3,0,-10.9,925.5,18,220,83
1994,12,3,3,-10.7,925.8,NA,240,83
1994,12,3,6,-9.9,926.1,NA,240,72
1994,12,3,9,-10.2,926.5,NA,240,72
1994,12,3,12,-10.3,927.4,27,250,75
1994,12,3,15,-10.7,927.8,28,230,84
1994,12,3,18,-11,928.1,NA,220,83
1994,12,3,21,-10.7,928.1,NA,230,84
1994,12,4,0,-10.5,927.7,33,230,84
1994,12,4,3,-9.8,928.3,NA,230,69
1994,12,4,6,-9.9,927.5,NA,250,70
1994,12,4,9,-10.1,927.2,NA,230,69
1994,12,4,12,-10.6,925.3,NA,240,80
1994,12,4,15,-10.4,923.8,NA,NA,83
1994,12,4,18,-10.5,922.6,NA,NA,84
1994,12,4,21,-10.1,924,48,NA,84
1994,12,5,0,-10.2,924.6,NA,NA,84
1994,12,5,3,-8.9,921.2,NA,NA,84
1994,12,5,6,-8.8,923.3,NA,230,85
1994,12,5,9,-8.2,920.7,NA,240,86
1994,12,5,12,-9,921.7,NA,NA,85
1994,12,5,15,-9.3,921,NA,NA,85
1994,12,5,18,-9,922.4,NA,NA,85
1994,12,5,21,-7.3,922,39,230,69
1994,12,6,0,-7.5,921.3,NA,240,66
1994,12,6,3,-7.4,920.6,NA,250,66
1994,12,6,6,-8.2,921.2,NA,230,76
1994,12,6,9,-8.8,921.7,NA,NA,83
1994,12,6,12,-8.7,922.7,NA,NA,79
1994,12,6,15,-9,922.1,NA,NA,73
1994,12,6,18,-7.3,921.9,NA,220,65
1994,12,6,21,-8.6,921.4,NA,240,74
1994,12,7,0,-8.7,921.3,NA,250,78
1994,12,7,3,-8.8,920.8,19,NA,86
1994,12,7,6,-8.8,919.5,NA,NA,68
1994,12,7,9,-8.7,920.1,NA,NA,56
1994,12,7,12,-7.9,919.3,NA,230,42
1994,12,7,15,-8.2,918,NA,240,46
1994,12,7,18,-9.7,917.4,NA,NA,71
1994,12,7,21,-9.1,918.4,NA,NA,81
1994,12,8,0,-9,918.2,NA,NA,72
1994,12,8,3,-8.7,917.8,47,230,56
1994,12,8,6,-8.9,917.8,44,240,54
1994,12,8,9,-9,917.3,NA,NA,65
1994,12,8,12,-9.2,918.3,NA,NA,78
1994,12,8,15,-9,917.9,NA,230,75
1994,12,8,18,-8.5,918.8,NA,NA,62
1994,12,8,21,-8.1,919.6,NA,NA,60
1994,12,9,0,-7.2,919.5,NA,NA,47
1994,12,9,3,-7.1,919.3,NA,NA,47
1994,12,9,6,-6.7,919.7,NA,NA,51
1994,12,9,9,-7.1,919.1,NA,NA,58
1994,12,9,12,-7.5,918.8,NA,NA,43
1994,12,9,15,-7.1,918.3,NA,220,43
1994,12,9,18,-7,917.7,NA,230,41
1994,12,9,21,-7.1,917.5,NA,230,41
1994,12,10,0,-6.2,917.8,11,220,51
1994,12,10,3,-7.7,916.9,NA,220,54
1994,12,10,6,-6.3,917.3,NA,240,48
1994,12,10,9,-8.1,918.4,NA,220,48
1994,12,10,12,-8.1,919.4,NA,240,50
1994,12,10,15,-6.8,919.4,NA,240,39
1994,12,10,18,-6.5,920.5,NA,230,38
1994,12,10,21,-5.9,921,NA,230,37
1994,12,11,0,-6.2,921.4,NA,220,37
1994,12,11,3,-5.4,921.2,6,220,39
1994,12,11,6,-5.4,920.8,NA,110,39
1994,12,11,9,-4.3,919.9,3,290,39
1994,12,11,12,-6.4,918.9,NA,10,29
1994,12,11,15,-6.4,917.3,NA,20,32
1994,12,11,18,-3.8,916,NA,100,37
1994,12,11,21,-3.9,915.1,NA,0,42
1994,12,12,0,-3.7,914.7,2,20,52
1994,12,12,3,NA,914.1,1,80,60
1994,12,12,6,-5.8,914.5,2,360,79
1994,12,12,9,-4.6,915,NA,240,NA
1994,12,12,12,-5.3,916,NA,250,43
1994,12,12,15,-4.9,916.4,NA,270,32
1994,12,12,18,-4,917.5,NA,70,65
1994,12,12,21,NA,918.4,1,180,51
1994,12,13,0,-4.2,919.4,2,220,43
1994,12,13,3,-5,919.7,NA,230,45
1994,12,13,6,-6,919.8,NA,180,80
1994,12,13,9,-8.1,920,5,220,85
1994,12,13,12,-7.4,920.5,5,220,83
1994,12,13,15,-8.3,920.5,3,10,84
1994,12,13,18,-9.3,920.9,NA,220,86
1994,12,13,21,-8.4,921.9,NA,220,72
1994,12,14,0,-6.1,922.9,NA,230,60
1994,12,14,3,-5.6,923.2,NA,230,49
1994,12,14,6,-6.3,923.3,NA,70,55
1994,12,14,9,-7.1,923.5,3,270,64
1994,12,14,12,NA,923.6,1,260,52
1994,12,14,15,-6.4,922.9,3,200,49
1994,12,14,18,-5.7,922.5,4,270,47
1994,12,14,21,-3.6,921.7,2,180,42
1994,12,15,0,-4,921.5,4,220,54
1994,12,15,3,-3.4,920.2,3,110,56
1994,12,15,6,-3.8,919.7,3,260,57
1994,12,15,9,-6,919.3,5,250,59
1994,12,15,12,-6.2,918.7,2,250,70
1994,12,15,15,NA,917.8,1,220,70
1994,12,15,18,-4.9,917.4,NA,160,61
1994,12,15,21,-4.6,917.3,NA,110,71
1994,12,16,0,-3.3,917.3,NA,60,62
1994,12,16,3,-3.8,917,4,50,76
1994,12,16,6,-3.5,917.3,2,40,82
1994,12,16,9,NA,917.4,1,200,67
1994,12,16,12,-6.2,918,2,280,71
1994,12,16,15,-6.4,917.9,NA,240,82
1994,12,16,18,-6.7,918.6,NA,230,88
1994,12,16,21,-6.2,919.5,6,230,88
1994,12,17,0,-5.9,920.6,7,220,88
1994,12,17,3,-5.6,921.4,10,200,89
1994,12,17,6,-5.8,922.4,9,190,89
1994,12,17,9,-5.9,923.3,8,180,89
1994,12,17,12,-6.3,924.3,NA,210,89
1994,12,17,15,-6.7,924.7,7,230,88
1994,12,17,18,-6.6,925.5,6,220,88
1994,12,17,21,-5.6,925.9,8,220,89
1994,12,18,0,-6.4,926.5,NA,200,88
1994,12,18,3,-6.3,926.2,NA,210,88
1994,12,18,6,-6.3,926.8,15,210,89
1994,12,18,9,-6.4,926.5,16,200,89
1994,12,18,12,-7.2,926.2,NA,220,87
1994,12,18,15,-6.4,925.8,20,230,70
1994,12,18,18,-6.6,925,22,220,88
1994,12,18,21,-6.7,925,NA,230,88
1994,12,19,0,-6,923.5,19,220,89
1994,12,19,3,-6.3,922.3,17,220,88
1994,12,19,6,-5.8,921.4,16,230,87
1994,12,19,9,-7.7,920.1,16,240,88
1994,12,19,12,-8.3,919.2,16,250,87
1994,12,19,15,-8.6,918.3,NA,240,87
1994,12,19,18,-8.1,917.5,NA,220,85
1994,12,19,21,-7.8,917.3,NA,220,73
1994,12,20,0,-8.7,916.3,NA,240,85
1994,12,20,3,-7.7,914.6,NA,220,61
1994,12,20,6,-7.7,915.7,NA,230,79
1994,12,20,9,-8.3,915.9,NA,230,86
1994,12,20,12,-8.6,915.4,NA,230,57
1994,12,20,15,-9.4,915.7,NA,250,72
1994,12,20,18,-6.7,916,NA,NA,50
1994,12,20,21,-7.6,916.6,13,NA,61
1994,12,21,0,-9,916.7,11,250,80
1994,12,21,3,-9.2,916.3,14,250,86
1994,12,21,6,-9,916.7,15,240,86
1994,12,21,9,-9.3,917,18,230,86
1994,12,21,12,-8.9,918.1,NA,240,84
1994,12,21,15,-8.1,918.9,NA,230,78
1994,12,21,18,-8.7,919.1,NA,240,86
1994,12,21,21,-8.2,919.3,NA,230,83
1994,12,22,0,-7.7,920,30,NA,71
1994,12,22,3,-7.7,920.8,NA,NA,70
1994,12,22,6,-7.2,922.3,NA,NA,67
1994,12,22,9,-7.9,923,NA,NA,73
1994,12,22,12,-8.2,923.8,NA,NA,79
1994,12,22,15,-8.5,924.5,15,NA,77
1994,12,22,18,-8.6,924.9,15,NA,78
1994,12,22,21,-8.2,925.8,NA,240,79
1994,12,23,0,-8,926.3,NA,240,80
1994,12,23,3,-7,926.4,NA,230,88
1994,12,23,6,-7.5,926.5,NA,220,88
1994,12,23,9,-8,926.4,NA,220,87
1994,12,23,12,-8.2,926.7,NA,220,87
1994,12,23,15,-7.3,926.4,16,230,78
1994,12,23,18,-8,926.8,NA,230,69
1994,12,23,21,-6.9,926.5,NA,210,67
1994,12,24,0,-5.5,925.8,NA,230,61
1994,12,24,3,-6.1,924.9,NA,130,67
1994,12,24,6,-5.6,923.9,2,20,61
1994,12,24,9,-7.3,923,5,40,57
1994,12,24,12,-8,921.9,NA,10,55
1994,12,24,15,-7.8,920.7,6,20,63
1994,12,24,18,-7.2,920.1,9,60,88
1994,12,24,21,-6.8,919.6,7,50,86
1994,12,25,0,-6.1,918.9,NA,80,82
1994,12,25,3,-7,918.4,NA,80,86
1994,12,25,6,-6.9,917.7,2,240,80
1994,12,25,9,-7.7,917,NA,240,88
1994,12,25,12,-8.8,916.5,NA,230,87
1994,12,25,15,-8.5,916.2,9,230,87
1994,12,25,18,-8.9,915.6,NA,220,87
1994,12,25,21,-9,915.5,NA,230,86
1994,12,26,0,-9,915.7,NA,220,86
1994,12,26,3,-7.8,915.5,NA,230,82
1994,12,26,6,-7.4,914.9,NA,220,73
1994,12,26,9,-8.4,913.9,NA,230,82
1994,12,26,12,-8.9,913.4,NA,240,85
1994,12,26,15,-9,912.6,NA,240,84
1994,12,26,18,-8.8,912.3,NA,230,86
1994,12,26,21,-9.2,912.5,NA,230,86
1994,12,27,0,-8.9,913.3,12,240,86
1994,12,27,3,-7.5,913.9,NA,260,88
1994,12,27,6,-6.3,914.3,NA,70,89
1994,12,27,9,-8.3,914.7,6,40,87
1994,12,27,12,-9.6,915.1,NA,20,82
1994,12,27,15,-9,914.8,NA,360,82
1994,12,27,18,-7.6,914.8,NA,230,77
1994,12,27,21,-5.5,915.1,3,210,48
1994,12,28,0,-5.7,915.6,NA,270,45
1994,12,28,3,-3.3,916.1,4,240,32
1994,12,28,6,-3.4,916.4,NA,240,24
1994,12,28,9,-5,917,6,300,27
1994,12,28,12,-6,917.8,NA,270,32
1994,12,28,15,-6.2,918.2,7,250,33
1994,12,28,18,-6.6,918.7,10,230,43
1994,12,28,21,-6,918.9,NA,230,70
1994,12,29,0,-5.2,919.2,NA,180,76
1994,12,29,3,-4,918.9,NA,210,83
1994,12,29,6,-6.7,917.9,NA,10,69
1994,12,29,9,-6.9,917.4,NA,360,59
1994,12,29,12,-5.7,917.5,NA,240,59
1994,12,29,15,-7,917.2,NA,250,77
1994,12,29,18,-4.9,917.8,NA,180,56
1994,12,29,21,-5.3,917.9,NA,360,72
1994,12,30,0,-6.1,918,3,260,76
1994,12,30,3,-5.6,917.9,3,70,68
1994,12,30,6,-7.3,917.6,6,240,76
1994,12,30,9,-7.9,918.3,NA,220,87
1994,12,30,12,-7.6,919,NA,230,87
1994,12,30,15,-7.6,920.3,NA,220,84
1994,12,30,18,-7.1,922.2,19,220,88
1994,12,30,21,-6.7,924,18,230,88
1994,12,31,0,-6.4,925.4,NA,220,89
1994,12,31,3,-5.9,926.2,NA,240,88
1994,12,31,6,-5.9,927.2,NA,220,89
1994,12,31,9,-6,928,NA,240,89
1994,12,31,12,-6.1,929.2,NA,240,89
1994,12,31,15,-5.8,930.1,34,250,88
1994,12,31,18,-5.3,931.3,NA,240,81
1994,12,31,21,-5.5,932.7,NA,220,89
1995,1,1,0,-5.5,933.7,NA,230,90
1995,1,1,3,-4.4,934,NA,220,90
1995,1,1,6,-5.4,933.5,NA,10,90
1995,1,1,9,-5,932.9,NA,350,71
1995,1,1,12,-4.5,932.4,NA,360,60
1995,1,1,15,-4.7,931.1,NA,30,64
1995,1,1,18,-3.9,929.8,3,350,66
1995,1,1,21,-4.5,928.6,NA,20,74
1995,1,2,0,-4.7,927.7,NA,20,90
1995,1,2,3,-5.2,926.3,NA,20,90
1995,1,2,6,-5.2,925.1,5,10,90
1995,1,2,9,-6,924.7,5,350,90
1995,1,2,12,-6.1,924,NA,250,89
1995,1,2,15,-6.5,923.6,4,220,89
1995,1,2,18,-6.8,923.4,NA,240,89
1995,1,2,21,-6.6,923.6,NA,220,84
1995,1,3,0,-6.5,923.3,NA,220,87
1995,1,3,3,-6.2,923.4,NA,230,85
1995,1,3,6,-6.4,922.7,31,240,88
1995,1,3,9,-6.6,923.3,NA,240,89
1995,1,3,12,-7.4,923.2,NA,230,88
1995,1,3,15,-7.4,923.1,NA,240,83
1995,1,3,18,-7.7,922.2,NA,NA,88
1995,1,3,21,-7.5,923.7,NA,NA,88
1995,1,4,0,-7.4,922,NA,NA,88
1995,1,4,3,-7.1,922.1,NA,230,87
1995,1,4,6,-7.3,921.6,26,220,88
1995,1,4,9,-7.6,920.8,26,220,87
1995,1,4,12,-7.9,920.8,24,230,88
1995,1,4,15,-8,919.9,NA,220,88
1995,1,4,18,-8,920.1,NA,220,88
1995,1,4,21,-7.8,920.1,NA,NA,88
1995,1,5,0,-7.7,920.4,22,NA,88
1995,1,5,3,-7.7,919.3,23,NA,87
1995,1,5,6,-7.8,919.4,23,NA,88
1995,1,5,9,-8.3,919.2,22,220,83
1995,1,5,12,-7.2,919,NA,230,72
1995,1,5,15,-7.1,917.7,NA,230,53
1995,1,5,18,-7.6,916.8,NA,240,69
1995,1,5,21,-7.7,917.5,NA,NA,87
1995,1,6,0,-7.6,916.9,NA,NA,87
1995,1,6,3,-7.7,917.2,NA,NA,88
1995,1,6,6,-7.9,917.1,NA,230,87
1995,1,6,9,-7.6,917.6,NA,240,88
1995,1,6,12,-7.7,917.2,NA,240,88
1995,1,6,15,-8.1,917.7,NA,240,87
1995,1,6,18,-8.3,917.8,NA,NA,87
1995,1,6,21,-8.1,919.5,NA,NA,88
1995,1,7,0,-7.9,NA,NA,NA,88
1995,1,7,3,-8.1,922,NA,220,88
1995,1,7,6,-8.1,923,NA,230,88
1995,1,7,9,-8.4,922,44,NA,87
1995,1,7,12,-7.7,922.4,NA,NA,86
1995,1,7,15,-7.7,922.3,NA,NA,81
1995,1,7,18,-6.9,921.7,NA,NA,74
1995,1,7,21,-6.1,922,NA,NA,65
1995,1,8,0,-6.4,920.4,NA,220,65
1995,1,8,3,-5.9,919.5,NA,NA,66
1995,1,8,6,-6.2,919.3,NA,NA,65
1995,1,8,9,-5.5,920.1,NA,NA,53
1995,1,8,12,-6.8,921.3,NA,230,53
1995,1,8,15,-6.4,922.2,NA,220,55
1995,1,8,18,-5.9,922.9,NA,230,52
1995,1,8,21,-4,923.2,NA,230,50
1995,1,9,0,-2,923.1,NA,340,47
1995,1,9,3,-2.9,922,NA,360,64
1995,1,9,6,-4.3,921.2,NA,10,52
1995,1,9,9,-4.9,920.2,NA,360,49
1995,1,9,12,-4.8,919,6,20,55
1995,1,9,15,-4.6,917.5,NA,280,52
1995,1,9,18,-3.6,916.6,NA,120,70
1995,1,9,21,-6.6,915.5,NA,240,89
1995,1,10,0,-6.5,914.8,NA,220,89
1995,1,10,3,-6.2,914,NA,220,89
1995,1,10,6,-6.1,915.4,NA,210,89
1995,1,10,9,-5.9,915.9,NA,240,84
1995,1,10,12,-5.6,915.5,NA,230,58
1995,1,10,15,-5.4,914.7,NA,230,52
1995,1,10,18,-5.5,914.2,NA,240,49
1995,1,10,21,-6.3,915.1,NA,230,68
1995,1,11,0,-5.7,915.5,NA,230,69
1995,1,11,3,-5.9,916,NA,230,78
1995,1,11,6,-5.3,915.8,NA,210,80
1995,1,11,9,-6.4,915.7,NA,30,77
1995,1,11,12,-6.8,915.4,NA,360,75
1995,1,11,15,-5.9,915.2,NA,10,60
1995,1,11,18,-5.8,915.3,NA,240,62
1995,1,11,21,-3.7,915.5,2,100,54
1995,1,12,0,-3.9,915.8,6,220,48
1995,1,12,3,-4.4,915.8,5,90,67
1995,1,12,6,-5.6,915.7,7,10,76
1995,1,12,9,-6.2,915.2,NA,20,73
1995,1,12,12,-6.1,915.5,NA,40,84
1995,1,12,15,-6.4,915.4,NA,260,77
1995,1,12,18,-7.5,915.2,NA,240,87
1995,1,12,21,-6.1,915.5,NA,240,81
1995,1,13,0,-6.2,916.1,NA,220,NA
1995,1,13,3,-5.9,916.4,NA,120,90
1995,1,13,6,-6.4,916.8,NA,140,90
1995,1,13,9,-6.7,917.2,NA,230,89
1995,1,13,12,-7.1,917.7,NA,220,89
1995,1,13,15,-7.4,917.4,NA,230,88
1995,1,13,18,-7.3,917.1,NA,230,88
1995,1,13,21,-7.4,917.8,NA,240,88
1995,1,14,0,-7.4,919,NA,230,88
1995,1,14,3,-7.5,919.8,NA,240,88
1995,1,14,6,-7.6,920.3,NA,230,87
1995,1,14,9,-8.2,920.9,NA,230,88
1995,1,14,12,-8.1,921.1,NA,240,81
1995,1,14,15,-8.2,921,11,240,76
1995,1,14,18,-7.6,921,NA,220,73
1995,1,14,21,-8.5,920.4,NA,230,66
1995,1,15,0,-6.8,921,NA,210,77
1995,1,15,3,-6.8,920.4,NA,230,75
1995,1,15,6,-6.8,920.6,NA,230,74
1995,1,15,9,-5.7,920.2,NA,240,53
1995,1,15,12,-7,920.4,6,260,50
1995,1,15,15,-7.4,919.9,NA,240,47
1995,1,15,18,-6,919.6,NA,290,46
1995,1,15,21,-5.6,919.6,NA,270,48
1995,1,16,0,-5.3,919.6,3,210,49
1995,1,16,3,-5.7,919.4,5,230,48
1995,1,16,6,-5.7,919.3,7,230,52
1995,1,16,9,-7.1,919.5,8,220,72
1995,1,16,12,-8.9,919.5,9,250,74
1995,1,16,15,-8.1,919.7,NA,250,57
1995,1,16,18,-8,919.7,NA,240,64
1995,1,16,21,-7.4,919.9,NA,230,62
1995,1,17,0,-6.3,920,NA,200,62
1995,1,17,3,-6.2,919.9,NA,230,68
1995,1,17,6,-7.2,919.9,NA,230,69
1995,1,17,9,-7.7,920.1,6,240,71
1995,1,17,12,-7.4,920.1,NA,240,53
1995,1,17,15,-7.9,920.2,5,230,49
1995,1,17,18,-7.3,920.4,6,230,45
1995,1,17,21,-6.4,920.5,4,230,44
1995,1,18,0,-6.4,920.6,NA,200,51
1995,1,18,3,-6.4,920.5,NA,240,53
1995,1,18,6,-6.1,920.2,8,240,57
1995,1,18,9,-7.4,919.8,NA,230,58
1995,1,18,12,-7.9,919.4,NA,250,65
1995,1,18,15,-7.4,919.3,17,240,71
1995,1,18,18,-7,919.4,17,240,64
1995,1,18,21,-6.8,920,NA,240,70
1995,1,19,0,-6.4,920.1,NA,220,69
1995,1,19,3,-6.5,920.1,10,230,76
1995,1,19,6,-4.8,920.5,NA,210,64
1995,1,19,9,-6,920.5,NA,230,46
1995,1,19,12,-6.5,920.5,NA,230,42
1995,1,19,15,-6.7,920.4,14,240,43
1995,1,19,18,-6.4,920.5,NA,250,46
1995,1,19,21,-4.9,920.2,NA,200,43
1995,1,20,0,-5.1,919.7,NA,220,45
1995,1,20,3,-5.7,919,NA,210,61
1995,1,20,6,-7,918.6,NA,230,82
1995,1,20,9,-7.6,918.9,NA,230,83
1995,1,20,12,-7.9,919.1,11,240,65
1995,1,20,15,-7.8,919.8,NA,260,63
1995,1,20,18,-6.3,919.9,NA,210,53
1995,1,20,21,-5.3,920.4,3,150,56
1995,1,21,0,-5.2,921.3,2,80,59
1995,1,21,3,-5.3,921.6,3,60,65
1995,1,21,6,-5.7,922.7,3,30,45
1995,1,21,9,-6.5,923.1,NA,260,52
1995,1,21,12,-7.2,924.1,3,350,52
1995,1,21,15,-8.1,924.4,5,10,66
1995,1,21,18,-7.9,924.8,3,270,73
1995,1,21,21,-7.9,925.2,NA,260,80
1995,1,22,0,-7.2,925.3,7,240,73
1995,1,22,3,-7.5,925.2,NA,230,75
1995,1,22,6,-8.4,924.4,NA,250,86
1995,1,22,9,-8.7,924.3,12,250,86
1995,1,22,12,-8.9,923.7,NA,250,86
1995,1,22,15,-8.8,922.6,8,240,86
1995,1,22,18,-8.7,922,8,230,87
1995,1,22,21,-8.6,921.2,10,240,87
1995,1,23,0,-8.2,920.8,9,250,87
1995,1,23,3,-7.8,919.3,10,240,87
1995,1,23,6,-8,918.1,NA,230,87
1995,1,23,9,-9.1,917,NA,240,87
1995,1,23,12,-7.7,916,NA,250,68
1995,1,23,15,-7.8,915.8,26,250,62
1995,1,23,18,-7.3,916.1,23,250,58
1995,1,23,21,-7.5,916.2,NA,220,56
1995,1,24,0,-7.4,915.3,NA,230,52
1995,1,24,3,-6.4,915.4,NA,NA,53
1995,1,24,6,-7.7,916.1,NA,NA,70
1995,1,24,9,-8.5,916,NA,NA,71
1995,1,24,12,-8.4,916.6,18,240,62
1995,1,24,15,-8.3,917.6,NA,240,60
1995,1,24,18,-9.1,917.9,14,230,75
1995,1,24,21,-8.4,918.4,NA,250,70
1995,1,25,0,-7.7,919.2,NA,220,75
1995,1,25,3,-6.8,919.1,NA,230,68
1995,1,25,6,-7.8,919.1,NA,240,86
1995,1,25,9,-7.8,919.9,NA,230,78
1995,1,25,12,-8.4,919.9,NA,250,75
1995,1,25,15,-9.1,919.7,NA,240,70
1995,1,25,18,-7.8,919.8,NA,0,65
1995,1,25,21,-8.4,919.8,NA,230,55
1995,1,26,0,-7.4,919.9,NA,220,54
1995,1,26,3,-6.6,920.2,NA,210,70
1995,1,26,6,-6.8,920.4,NA,250,72
1995,1,26,9,-6.5,920.8,NA,240,57
1995,1,26,12,-7.2,920.8,NA,260,47
1995,1,26,15,-6.9,920.7,NA,260,44
1995,1,26,18,-6.2,920.9,5,240,42
1995,1,26,21,-4.4,921.1,NA,260,34
1995,1,27,0,-4,920.9,2,50,42
1995,1,27,3,-6.1,920.3,NA,10,48
1995,1,27,6,-6.3,919.7,6,40,38
1995,1,27,9,-7.5,919.3,NA,10,44
1995,1,27,12,-7.2,918.9,NA,350,47
1995,1,27,15,-8.6,918.6,5,30,50
1995,1,27,18,-7.1,918.5,NA,310,49
1995,1,27,21,-5.5,918.5,5,70,70
1995,1,28,0,-5.2,918.5,4,100,63
1995,1,28,3,-6,918.1,6,240,59
1995,1,28,6,-7.3,918,NA,250,74
1995,1,28,9,-9,918,NA,240,78
1995,1,28,12,-8.2,918.6,13,240,71
1995,1,28,15,-8.2,919.2,NA,230,65
1995,1,28,18,-7,920.2,16,250,65
1995,1,28,21,-7.9,921,NA,230,79
1995,1,29,0,-6.5,922.5,NA,210,75
1995,1,29,3,-6.9,923.3,17,230,77
1995,1,29,6,-6.9,924.6,16,230,78
1995,1,29,9,-6.9,925.7,18,240,77
1995,1,29,12,-6.9,926,NA,260,83
1995,1,29,15,-6.4,926.5,NA,270,76
1995,1,29,18,-6.5,927.1,NA,200,71
1995,1,29,21,-6.8,927.4,NA,240,82
1995,1,30,0,-6.7,927.8,NA,230,83
1995,1,30,3,-5.9,928.2,13,210,81
1995,1,30,6,-7.3,928.8,13,220,83
1995,1,30,9,-7.4,929.1,NA,250,87
1995,1,30,12,-7.3,930,NA,250,87
1995,1,30,15,-7.2,930.7,8,250,83
1995,1,30,18,-7.1,931.9,8,240,85
1995,1,30,21,-6.8,933,5,250,84
1995,1,31,0,-5.7,933.6,NA,120,80
1995,1,31,3,NA,934.6,1,30,77
1995,1,31,6,-5.7,935.5,4,20,62
1995,1,31,9,-6.5,936.5,3,290,60
1995,1,31,12,-7.2,937.2,4,250,64
1995,1,31,15,-8.2,937.5,5,270,57
1995,1,31,18,-6.7,938.1,2,320,53
1995,1,31,21,-7.1,937.6,NA,10,69
1995,2,1,0,-6.9,937.8,NA,50,67
1995,2,1,3,-7.2,937.3,10,50,71
1995,2,1,6,-7.6,936.5,NA,10,60
1995,2,1,9,-7.3,935.6,NA,340,59
1995,2,1,12,-5.7,935.4,NA,360,21
1995,2,1,15,-6.1,934.3,NA,10,29
1995,2,1,18,-4.4,933.7,11,310,28
1995,2,1,21,-4,933.3,NA,230,35
1995,2,2,0,-3.8,932.4,NA,50,39
1995,2,2,3,-4.7,930.9,NA,360,35
1995,2,2,6,-5.2,929.6,NA,350,33
1995,2,2,9,-5.2,928.5,NA,10,33
1995,2,2,12,-5.8,927.3,NA,360,32
1995,2,2,15,-5.6,925.9,8,20,29
1995,2,2,18,-5.4,924,NA,230,31
1995,2,2,21,-2.5,923,NA,240,24
1995,2,3,0,NA,921.8,NA,200,35
1995,2,3,3,-1,920.5,3,30,18
1995,2,3,6,-0.7,919.5,3,230,20
1995,2,3,9,-2.6,918.5,5,10,21
1995,2,3,12,-4.3,918.2,4,110,52
1995,2,3,15,-5.4,916.4,4,230,48
1995,2,3,18,-6.3,914.9,NA,240,61
1995,2,3,21,-3.1,915.4,NA,80,49
1995,2,4,0,-4.5,915.4,NA,80,54
1995,2,4,3,-6.8,915.5,NA,240,73
1995,2,4,6,-5.9,915.7,NA,240,74
1995,2,4,9,-7.3,915.9,NA,240,71
1995,2,4,12,-7.2,916.1,NA,230,51
1995,2,4,15,-7.9,916.8,NA,10,54
1995,2,4,18,-7.2,917.4,NA,20,65
1995,2,4,21,-5.9,917.8,2,130,62
1995,2,5,0,-5.8,918.8,3,110,68
1995,2,5,3,-6.4,920.1,3,120,71
1995,2,5,6,-5.9,921.9,5,230,69
1995,2,5,9,-7,923.1,NA,270,88
1995,2,5,12,-7.4,922,NA,40,82
1995,2,5,15,-4.1,921.9,NA,250,38
1995,2,5,18,-6.7,923.4,NA,240,50
1995,2,5,21,-4,924.5,NA,210,42
1995,2,6,0,-6,924.4,NA,30,62
1995,2,6,3,-5.8,923.7,NA,40,66
1995,2,6,6,-7.3,921.9,NA,20,88
1995,2,6,9,-6.8,920.7,NA,60,48
1995,2,6,12,-7.4,920,NA,240,69
1995,2,6,15,-7.7,917.8,NA,240,74
1995,2,6,18,-7.8,918.4,NA,250,87
1995,2,6,21,-7.8,919.2,NA,230,82
1995,2,7,0,-8.1,NA,NA,240,87
1995,2,7,3,-7.6,925,NA,220,83
1995,2,7,6,-6.4,926.2,NA,70,74
1995,2,7,9,-7.4,926.1,NA,40,88
1995,2,7,12,-7.4,925.6,7,20,88
1995,2,7,15,-7.4,925.5,NA,270,88
1995,2,7,18,-5.9,925.7,NA,250,89
1995,2,7,21,NA,926,1,160,90
1995,2,8,0,-5.2,925.7,2,30,90
1995,2,8,3,NA,924.7,1,100,90
1995,2,8,6,-5.2,924,3,70,90
1995,2,8,9,-5.8,923.3,5,20,90
1995,2,8,12,-6.5,923.1,3,290,89
1995,2,8,15,-6.5,922.9,NA,300,89
1995,2,8,18,-6.2,922.6,4,150,90
1995,2,8,21,-6.5,922.2,2,80,89
1995,2,9,0,-6.2,921.1,NA,60,90
1995,2,9,3,-6.6,920,NA,40,83
1995,2,9,6,-6.6,920.4,NA,120,88
1995,2,9,9,-8.1,920.6,NA,250,88
1995,2,9,12,-8.6,918.2,NA,230,88
1995,2,9,15,-9.3,916.6,NA,230,71
1995,2,9,18,-10.3,920.1,NA,220,78
1995,2,9,21,-9,922.2,NA,230,71
1995,2,10,0,-9.1,922.7,NA,230,84
1995,2,10,3,-9,922.6,NA,270,86
1995,2,10,6,-8.1,921.9,NA,70,75
1995,2,10,9,-8.5,920.5,NA,50,83
1995,2,10,12,-8.8,919.3,NA,20,86
1995,2,10,15,-8.9,918.1,NA,10,87
1995,2,10,18,-9.7,917.2,NA,240,86
1995,2,10,21,-6.6,916.2,4,10,79
1995,2,11,0,-5.4,915.1,4,220,82
1995,2,11,3,-6.4,914.7,NA,240,79
1995,2,11,6,-5.2,914.8,NA,270,74
1995,2,11,9,-6.7,915.4,NA,250,80
1995,2,11,12,-7.1,915.4,4,170,82
1995,2,11,15,-8.1,915.6,4,200,88
1995,2,11,18,-8.7,916.2,5,180,87
1995,2,11,21,-8.8,916.8,5,200,87
1995,2,12,0,-8.5,917.5,4,190,85
1995,2,12,3,-9.4,918.1,5,190,87
1995,2,12,6,-9.6,918.5,NA,220,86
1995,2,12,9,-10,919.3,NA,230,86
1995,2,12,12,-10.1,919.8,NA,240,86
1995,2,12,15,-10.4,919.9,8,240,86
1995,2,12,18,-10.9,920,8,250,85
1995,2,12,21,-10.7,920.6,5,250,85
1995,2,13,0,-10.7,921,5,230,86
1995,2,13,3,-10.6,921.2,5,240,86
1995,2,13,6,-10.9,921.3,8,230,85
1995,2,13,9,-11.1,921.5,8,240,85
1995,2,13,12,-11.4,921.2,NA,250,84
1995,2,13,15,-10.4,920.8,12,240,54
1995,2,13,18,-10.1,919.6,NA,250,57
1995,2,13,21,-10.8,918.7,NA,230,65
1995,2,14,0,NA,917.1,NA,0,74
1995,2,14,3,-10.7,915.9,NA,250,85
1995,2,14,6,-10.4,915.3,NA,240,85
1995,2,14,9,-10.6,915.3,12,230,85
1995,2,14,12,-10.5,915.6,14,220,85
1995,2,14,15,-10.7,915.4,NA,260,85
1995,2,14,18,-10.4,915.7,NA,250,78
1995,2,14,21,-11.3,916.6,NA,NA,84
1995,2,15,0,-12.1,916.7,NA,NA,83
1995,2,15,3,-12.1,914.4,NA,250,83
1995,2,15,6,-12,916.1,NA,250,83
1995,2,15,9,-12.1,916.9,NA,NA,84
1995,2,15,12,-12.3,918.6,NA,NA,83
1995,2,15,15,-12.9,919,NA,250,83
1995,2,15,18,-12.6,917.7,NA,240,82
1995,2,15,21,-12.9,919.6,59,240,82
1995,2,16,0,-11.6,923.3,NA,250,61
1995,2,16,3,-11.7,925.5,NA,230,66
1995,2,16,6,-11.4,927.1,NA,240,70
1995,2,16,9,-11.7,927.7,NA,250,70
1995,2,16,12,-11.6,927.1,NA,250,70
1995,2,16,15,-11.8,926,24,250,68
1995,2,16,18,-12.2,925.7,NA,240,73
1995,2,16,21,-12.4,925.8,26,240,79
1995,2,17,0,-11.9,925.4,26,230,76
1995,2,17,3,-12.2,925.4,NA,230,75
1995,2,17,6,-12.2,925.2,NA,240,79
1995,2,17,9,-12.2,924.8,NA,240,73
1995,2,17,12,-12.5,923.9,NA,230,83
1995,2,17,15,-12.5,923,NA,NA,83
1995,2,17,18,-13.1,922.5,NA,NA,82
1995,2,17,21,-13.5,922.1,NA,NA,79
1995,2,18,0,-13.4,923,NA,240,78
1995,2,18,3,-12.7,923.5,NA,250,63
1995,2,18,6,-13,924.2,NA,240,56
1995,2,18,9,-14.1,924.5,NA,240,54
1995,2,18,12,-14.4,924.7,19,250,56
1995,2,18,15,-13.4,924.1,NA,240,58
1995,2,18,18,-13.2,924.4,NA,240,53
1995,2,18,21,-13,925,NA,230,66
1995,2,19,0,-12.9,926.4,NA,230,70
1995,2,19,3,-12.3,927.2,NA,220,77
1995,2,19,6,-12.4,928,25,220,82
1995,2,19,9,-12.6,928.6,NA,230,83
1995,2,19,12,-12.6,928.7,NA,220,83
1995,2,19,15,-13.3,928.5,NA,230,83
1995,2,19,18,-13.5,927.7,NA,230,82
1995,2,19,21,-13.6,927.1,11,250,82
1995,2,20,0,-11.8,925.9,13,240,NA
1995,2,20,3,-10.4,923.2,NA,230,46
1995,2,20,6,-10.1,921.4,NA,230,37
1995,2,20,9,-10.5,920.1,NA,240,32
1995,2,20,12,-9.5,917.9,NA,260,29
1995,2,20,15,-10,915.8,NA,270,33
1995,2,20,18,-8.6,914.2,NA,300,30
1995,2,20,21,-7.5,913.3,NA,110,35
1995,2,21,0,-5.2,913.5,NA,0,31
1995,2,21,3,NA,913.6,1,210,27
1995,2,21,6,-6.6,913.4,2,290,28
1995,2,21,9,NA,913.3,1,340,30
1995,2,21,12,-6.8,913.2,NA,20,30
1995,2,21,15,-7.5,912.9,NA,340,33
1995,2,21,18,-5.1,913,NA,290,31
1995,2,21,21,-4.4,913.9,2,280,31
1995,2,22,0,-2.9,915.2,NA,NA,28
1995,2,22,3,-3,916.1,3,250,29
1995,2,22,6,-3.1,917.1,2,240,28
1995,2,22,9,-5.8,918.3,4,280,31
1995,2,22,12,-5.8,919.7,6,230,49
1995,2,22,15,-5.7,920.9,NA,220,72
1995,2,22,18,-7.2,921.9,NA,220,80
1995,2,22,21,-5,923.1,NA,240,67
1995,2,23,0,-4.6,923.9,NA,310,74
1995,2,23,3,-5.8,924.1,2,60,79
1995,2,23,6,-6.1,923.9,3,200,88
1995,2,23,9,NA,923.8,1,40,90
1995,2,23,12,-6.4,922.6,NA,20,85
1995,2,23,15,-6.3,921.3,NA,20,85
1995,2,23,18,-6.6,919.9,NA,240,65
1995,2,23,21,-6.7,919.3,NA,110,58
1995,2,24,0,-6.9,919.2,NA,150,69
1995,2,24,3,-8.4,918.9,NA,240,80
1995,2,24,6,-6.8,919.8,NA,250,58
1995,2,24,9,-7.5,920.5,NA,240,76
1995,2,24,12,-9.9,921.7,NA,NA,84
1995,2,24,15,-8.4,922,NA,NA,76
1995,2,24,18,-8.1,922.4,NA,NA,73
1995,2,24,21,-8.1,923.8,17,250,83
1995,2,25,0,-9,924.5,NA,230,87
1995,2,25,3,-9.3,924.9,17,220,86
1995,2,25,6,-9.8,925.7,NA,230,86
1995,2,25,9,-10.5,926.6,NA,NA,85
1995,2,25,12,-10.3,926.5,NA,NA,71
1995,2,25,15,-10.3,926.1,NA,NA,55
1995,2,25,18,-10.8,926.4,NA,NA,63
1995,2,25,21,-10.2,926.8,NA,NA,84
1995,2,26,0,-8.8,926.2,NA,70,85
1995,2,26,3,-9,925.2,NA,60,80
1995,2,26,6,-9.8,924.6,6,40,77
1995,2,26,9,-9.9,923.7,NA,20,66
1995,2,26,12,-9.8,922.5,NA,10,76
1995,2,26,15,-9.9,921.2,NA,40,80
1995,2,26,18,-9.4,920.7,NA,40,80
1995,2,26,21,-7.8,920.2,6,40,74
1995,2,27,0,-8.2,919.7,NA,240,80
1995,2,27,3,-9.5,919.4,NA,250,86
1995,2,27,6,-10.2,919.5,NA,230,85
1995,2,27,9,-11.1,920,NA,220,84
1995,2,27,12,-11.7,921.5,NA,230,84
1995,2,27,15,-12.4,922,12,NA,83
1995,2,27,18,-12.7,923,NA,NA,83
1995,2,27,21,-12.5,924.7,NA,NA,83
1995,2,28,0,-11.1,925.8,NA,240,81
1995,2,28,3,-10.6,926.6,NA,230,75
1995,2,28,6,-11,927.8,NA,230,78
1995,2,28,9,-10.6,928.4,NA,230,77
1995,2,28,12,-11.3,928.6,17,240,81
1995,2,28,15,-10.7,929,NA,230,85
1995,2,28,18,-10.7,929.2,NA,230,85
1995,2,28,21,-10.6,929.2,NA,270,85
1995,3,1,0,-10.5,928.8,7,240,85
1995,3,1,3,-10.5,928.7,NA,270,85
1995,3,1,6,-10.9,928,5,350,81
1995,3,1,9,-10.9,927,NA,30,73
1995,3,1,12,-10.6,925.9,7,50,85
1995,3,1,15,-10.2,924.8,NA,50,85
1995,3,1,18,-11.2,924.2,5,270,85
1995,3,1,21,-11.9,923.8,NA,260,84
1995,3,2,0,-11.4,923.7,NA,240,84
1995,3,2,3,-11.4,924.4,NA,220,84
1995,3,2,6,-12.6,924.4,17,220,83
1995,3,2,9,-12.7,924.9,14,220,83
1995,3,2,12,-13.3,924.5,NA,210,82
1995,3,2,15,-13.5,924.4,15,230,82
1995,3,2,18,-13.6,924.3,NA,220,82
1995,3,2,21,-13.8,923.9,14,220,82
1995,3,3,0,-14.2,923.7,NA,230,81
1995,3,3,3,-14.1,923.4,18,250,81
1995,3,3,6,-14.6,922.8,18,240,81
1995,3,3,9,-14.1,922.6,22,230,80
1995,3,3,12,-14.2,922.8,22,230,81
1995,3,3,15,-14.5,923,20,230,81
1995,3,3,18,-14.7,923.2,18,240,81
1995,3,3,21,-14.7,923.1,19,230,81
1995,3,4,0,-14.7,922.8,19,240,81
1995,3,4,3,-14.4,922.4,22,240,81
1995,3,4,6,-14.3,922.9,NA,250,81
1995,3,4,9,-13.6,923.2,NA,250,82
1995,3,4,12,-13.4,922.9,15,260,82
1995,3,4,15,-13.6,922.8,NA,260,82
1995,3,4,18,-13.3,922.7,13,260,82
1995,3,4,21,-13.2,923.2,12,230,82
1995,3,5,0,-13.3,923.3,12,240,82
1995,3,5,3,-13.6,922.7,16,230,82
1995,3,5,6,-13.9,922.4,15,230,82
1995,3,5,9,-13.8,922.2,NA,210,82
1995,3,5,12,-13.9,921.4,NA,260,81
1995,3,5,15,-14.6,920.3,NA,260,81
1995,3,5,18,-14.4,920,NA,230,81
1995,3,5,21,-14.8,919.8,NA,220,81
1995,3,6,0,-14.5,919.2,8,230,81
1995,3,6,3,-13.3,918.9,NA,260,82
1995,3,6,6,-15.9,918.8,NA,270,80
1995,3,6,9,-17.2,919,4,270,71
1995,3,6,12,-17.4,919.3,5,270,59
1995,3,6,15,-16.6,919.8,4,260,36
1995,3,6,18,-15.5,920.5,5,290,27
1995,3,6,21,-14,921.1,3,290,24
1995,3,7,0,-14.3,921.9,3,250,26
1995,3,7,3,-13.4,922.3,NA,250,24
1995,3,7,6,-13.4,922,NA,240,32
1995,3,7,9,-12.7,921.1,NA,240,40
1995,3,7,12,-12.3,919.4,NA,250,58
1995,3,7,15,-11.9,917.1,NA,240,73
1995,3,7,18,-11.4,917.9,NA,240,79
1995,3,7,21,-11.4,917.4,NA,240,83
1995,3,8,0,-11.2,917.5,49,NA,83
1995,3,8,3,-11.5,917.8,NA,NA,83
1995,3,8,6,-11.7,918.8,NA,250,83
1995,3,8,9,-11.9,920,NA,NA,83
1995,3,8,12,-12.6,919.9,NA,NA,83
1995,3,8,15,-12.2,919.4,46,NA,83
1995,3,8,18,-12.7,920.8,43,230,82
1995,3,8,21,-13.1,922.4,NA,NA,82
1995,3,9,0,-13,924.4,NA,NA,77
1995,3,9,3,-13.1,925.2,NA,NA,81
1995,3,9,6,-13.6,926.8,NA,220,78
1995,3,9,9,-14.3,927.8,NA,230,77
1995,3,9,12,-14,927.4,NA,230,79
1995,3,9,15,-14.9,929.1,NA,230,80
1995,3,9,18,-15.8,930.5,NA,220,80
1995,3,9,21,-14.8,931.6,NA,200,80
1995,3,10,0,-14.8,932,NA,190,80
1995,3,10,3,-14.2,931.3,NA,60,81
1995,3,10,6,-14.6,930.9,NA,10,81
1995,3,10,9,-14.9,930.1,NA,10,81
1995,3,10,12,NA,929.6,NA,260,32
1995,3,10,15,-12.2,929.4,NA,270,52
1995,3,10,18,-10.4,929.2,NA,260,28
1995,3,10,21,-9.9,929,9,250,27
1995,3,11,0,-10.4,929.5,8,210,NA
1995,3,11,3,-10.1,929.3,5,100,85
1995,3,11,6,-10.5,928.5,NA,50,84
1995,3,11,9,-9.8,927.9,NA,50,86
1995,3,11,12,-9.5,927.3,NA,30,86
1995,3,11,15,-9.1,926.5,4,70,87
1995,3,11,18,-8.6,926.7,3,40,87
1995,3,11,21,-8.9,927,2,360,87
1995,3,12,0,-10.3,927.6,4,140,86
1995,3,12,3,-11.4,927.8,3,130,85
1995,3,12,6,-12.1,928.1,NA,NA,84
1995,3,12,9,-12.6,928.4,NA,NA,83
1995,3,12,12,-12.7,929,NA,NA,83
1995,3,12,15,-14,929.7,NA,NA,82
1995,3,12,18,-15.3,929.6,NA,NA,80
1995,3,12,21,-15.2,929.7,4,250,80
1995,3,13,0,-15.4,929.3,3,260,80
1995,3,13,3,-15.3,927.6,4,260,80
1995,3,13,6,-15.1,925.5,6,250,80
1995,3,13,9,-16.5,922.7,NA,230,79
1995,3,13,12,-17.2,920,NA,240,78
1995,3,13,15,-18.5,918,NA,230,76
1995,3,13,18,-18.7,915.8,NA,240,76
1995,3,13,21,-18.4,915.5,NA,240,76
1995,3,14,0,-18.3,916.9,NA,250,74
1995,3,14,3,-19,917.8,NA,230,75
1995,3,14,6,-19.4,919.8,NA,NA,65
1995,3,14,9,-18.8,921.8,NA,NA,71
1995,3,14,12,-19.5,922.4,NA,NA,76
1995,3,14,15,-19.4,921.6,NA,70,75
1995,3,14,18,-18.6,919.9,NA,30,75
1995,3,14,21,-18.5,918.3,NA,270,77
1995,3,15,0,-18.3,916.7,NA,250,76
1995,3,15,3,-18.7,916.1,NA,250,76
1995,3,15,6,-18.9,916.5,NA,240,76
1995,3,15,9,-18.8,917.8,NA,230,76
1995,3,15,12,-18.5,919,2,200,76
1995,3,15,15,-19.4,919.4,6,200,75
1995,3,15,18,-19.9,921.1,NA,210,75
1995,3,15,21,-20.9,922.1,NA,220,74
1995,3,16,0,-21.4,924.3,NA,230,73
1995,3,16,3,-21.2,926.4,NA,230,72
1995,3,16,6,-20.1,929,NA,230,74
1995,3,16,9,-19.9,929.5,NA,240,70
1995,3,16,12,-19.5,933.2,NA,240,73
1995,3,16,15,-19.5,937.6,NA,250,60
1995,3,16,18,-20.1,938.8,NA,10,55
1995,3,16,21,-18.7,938.5,NA,360,64
1995,3,17,0,-18.2,937.5,NA,30,70
1995,3,17,3,-16.7,934.7,NA,120,63
1995,3,17,6,-16.2,932.1,NA,170,67
1995,3,17,9,NA,929.2,NA,110,44
1995,3,17,12,NA,927.3,NA,230,23
1995,3,17,15,-6.8,927.6,NA,250,23
1995,3,17,18,-6.9,928.1,NA,40,32
1995,3,17,21,-5.6,929.2,6,50,33
1995,3,18,0,-7.6,931.2,4,230,37
1995,3,18,3,-8.8,932.7,NA,20,87
1995,3,18,6,-8.9,934,NA,40,85
1995,3,18,9,-10.2,935.6,NA,60,83
1995,3,18,12,-11.2,936.6,NA,80,85
1995,3,18,15,-12.7,936.7,NA,190,83
1995,3,18,18,-13.7,937.3,NA,260,82
1995,3,18,21,-13.4,937.8,4,200,82
1995,3,19,0,-15.1,936.7,NA,240,80
1995,3,19,3,-16,936.5,NA,210,79
1995,3,19,6,-16.6,934.4,NA,220,79
1995,3,19,9,-16.9,932.6,NA,220,78
1995,3,19,12,-16,933.5,NA,220,78
1995,3,19,15,-17.4,933.2,NA,230,78
1995,3,19,18,-18.1,933,NA,230,77
1995,3,19,21,-18.2,932.2,NA,230,77
1995,3,20,0,-18.9,933.7,57,NA,76
1995,3,20,3,-19.1,935,NA,NA,75
1995,3,20,6,-19.3,936.3,NA,NA,69
1995,3,20,9,-20.1,937.5,NA,220,67
1995,3,20,12,-20.5,937.3,NA,220,66
1995,3,20,15,-20.1,936.3,NA,220,62
1995,3,20,18,-20.5,935.7,NA,230,73
1995,3,20,21,-20.3,934.1,NA,220,73
1995,3,21,0,-20.3,932.8,NA,220,74
1995,3,21,3,-20.4,931.1,NA,240,74
1995,3,21,6,-20,930.1,4,230,74
1995,3,21,9,-19.9,929.1,NA,320,74
1995,3,21,12,-20.2,928,NA,240,74
1995,3,21,15,-19.8,927.8,NA,220,74
1995,3,21,18,-20.3,926.8,NA,210,73
1995,3,21,21,-20.4,926.1,NA,230,74
1995,3,22,0,-20.9,925.3,NA,220,73
1995,3,22,3,-21.3,923.5,NA,NA,72
1995,3,22,6,-21.6,923.8,NA,NA,72
1995,3,22,9,-22.5,923.9,NA,NA,71
1995,3,22,12,-22.6,923.6,NA,NA,70
1995,3,22,15,-23.4,921.9,NA,NA,69
1995,3,22,18,-23.9,920.1,NA,NA,69
1995,3,22,21,-24.1,920,NA,NA,68
1995,3,23,0,-24.8,920.9,NA,NA,68
1995,3,23,3,-24.7,923.7,NA,NA,67
1995,3,23,6,-24.7,922.8,NA,NA,64
1995,3,23,9,-24.7,923.7,47,NA,60
1995,3,23,12,-23.8,923.4,NA,NA,55
1995,3,23,15,-23.4,924.6,NA,NA,50
1995,3,23,18,-23.2,925.6,NA,230,50
1995,3,23,21,-23.2,924.6,NA,220,67
1995,3,24,0,-23.1,924.3,NA,210,69
1995,3,24,3,-23.1,923.3,NA,210,70
1995,3,24,6,-23,922.3,NA,270,70
1995,3,24,9,-21.9,921.3,NA,60,71
1995,3,24,12,-22.1,920.8,NA,360,71
1995,3,24,15,-21.6,920.1,NA,10,71
1995,3,24,18,-20.3,919.7,NA,50,73
1995,3,24,21,-18.8,920,NA,70,75
1995,3,25,0,-18.9,919.9,NA,270,74
1995,3,25,3,-20.5,919.3,4,270,73
1995,3,25,6,-20.6,918.4,NA,240,73
1995,3,25,9,-20.1,918.2,7,220,74
1995,3,25,12,-20.3,918.6,8,230,74
1995,3,25,15,-20.5,919.3,6,240,74
1995,3,25,18,-19.7,920.3,6,230,74
1995,3,25,21,-19.5,921.5,8,220,74
1995,3,26,0,-19.2,923.5,6,220,75
1995,3,26,3,-19.1,924.8,8,210,75
1995,3,26,6,-19.2,926.6,10,210,75
1995,3,26,9,-19.1,928.9,10,220,75
1995,3,26,12,-18.8,930.5,11,NA,75
1995,3,26,15,-18,930.7,NA,NA,76
1995,3,26,18,-17.7,933.3,NA,NA,77
1995,3,26,21,-17,935.1,19,230,77
1995,3,27,0,-17,936.2,18,NA,77
1995,3,27,3,-17.4,937.4,21,NA,77
1995,3,27,6,-17,939.3,20,NA,78
1995,3,27,9,-17.2,939.9,18,NA,77
1995,3,27,12,-17.2,941,NA,230,77
1995,3,27,15,-17.4,940.7,14,NA,77
1995,3,27,18,-17.2,940,13,NA,77
1995,3,27,21,-16.9,939.1,12,NA,78
1995,3,28,0,-16.8,937.8,10,220,78
1995,3,28,3,-16.3,936.1,11,NA,78
1995,3,28,6,-16.8,934.4,12,NA,78
1995,3,28,9,-17.1,933.2,11,NA,78
1995,3,28,12,-17,932.1,NA,230,78
1995,3,28,15,-17.3,931,7,220,77
1995,3,28,18,-17.3,930.4,6,210,77
1995,3,28,21,-17.4,931.2,4,260,77
1995,3,29,0,-16.5,931.7,3,260,79
1995,3,29,3,-16,932.2,3,220,78
1995,3,29,6,-16.4,931,NA,230,78
1995,3,29,9,-16.8,932.7,NA,230,78
1995,3,29,12,-17.6,934,NA,220,77
1995,3,29,15,-18.7,934.9,NA,230,76
1995,3,29,18,-20,936,21,NA,74
1995,3,29,21,-20.7,937.2,22,NA,73
1995,3,30,0,-21.2,939.8,20,NA,73
1995,3,30,3,-21.6,941.6,NA,220,72
1995,3,30,6,-22,943.1,16,210,71
1995,3,30,9,-21.9,945,NA,200,67
1995,3,30,12,-22.5,946,NA,200,68
1995,3,30,15,-23,945.8,10,210,70
1995,3,30,18,-23.3,945.6,10,210,70
1995,3,30,21,-23.5,945.2,NA,220,69
1995,3,31,0,-23.3,945.3,14,220,69
1995,3,31,3,-24.4,944.7,12,210,68
1995,3,31,6,-24.7,944.1,10,230,68
1995,3,31,9,-24.9,943,NA,230,67
1995,3,31,12,-25,941.6,NA,0,67
1995,3,31,15,-23.9,939.3,NA,260,69
1995,3,31,18,-23.5,937.9,NA,0,69
1995,3,31,21,-22.9,936.1,NA,0,67
1995,4,1,0,-21.2,934.3,2,50,62
1995,4,1,3,-21.7,932.8,6,20,59
1995,4,1,6,-21.1,932,NA,40,57
1995,4,1,9,-20.7,931.1,NA,350,61
1995,4,1,12,-20.2,931.2,NA,0,57
1995,4,1,15,-22,931.8,NA,0,50
1995,4,1,18,-23,932.7,NA,NA,56
1995,4,1,21,-22.9,933.4,1,280,63
1995,4,2,0,-23.4,934,NA,260,68
1995,4,2,3,-24.6,934.6,NA,220,67
1995,4,2,6,-24.3,935.5,NA,240,67
1995,4,2,9,-23.7,936,NA,230,67
1995,4,2,12,-21.2,937.3,NA,290,53
1995,4,2,15,-21.2,937.3,NA,30,56
1995,4,2,18,-18.7,937,NA,360,58
1995,4,2,21,-17.6,937,NA,20,43
1995,4,3,0,-19.4,936.9,NA,360,38
1995,4,3,3,-20.8,935.2,NA,260,38
1995,4,3,6,-20.3,934.7,NA,10,42
1995,4,3,9,-20.2,934.3,3,250,44
1995,4,3,12,-21.6,933.7,NA,260,69
1995,4,3,15,-22.5,933,NA,240,70
1995,4,3,18,-21,933.9,NA,0,72
1995,4,3,21,-20.7,934.5,NA,0,70
1995,4,4,0,-20.2,935.1,2,60,73
1995,4,4,3,-20.6,935.8,1,350,73
1995,4,4,6,-20.2,937.7,2,10,73
1995,4,4,9,-20,937.9,2,350,74
1995,4,4,12,-20,939,NA,NA,74
1995,4,4,15,-20,939.6,2,250,73
1995,4,4,18,-22,941.2,NA,250,71
1995,4,4,21,-21.1,942.6,NA,240,73
1995,4,5,0,-21.1,943.1,5,240,72
1995,4,5,3,-21.1,943.5,3,240,72
1995,4,5,6,-21.9,942.5,3,210,71
1995,4,5,9,-22.4,941.4,2,250,71
1995,4,5,12,-22.6,938.8,NA,NA,70
1995,4,5,15,-23,935.7,NA,NA,70
1995,4,5,18,-22.9,932.5,NA,NA,70
1995,4,5,21,-22.9,929.9,NA,NA,70
1995,4,6,0,-22.1,928.9,NA,NA,71
1995,4,6,3,-22.9,928.1,3,230,71
1995,4,6,6,-23.2,927.3,5,240,69
1995,4,6,9,-24.1,926.9,1,270,68
1995,4,6,12,-24.3,925.7,1,270,68
1995,4,6,15,-24.3,924.8,NA,240,68
1995,4,6,18,-25.5,924.8,NA,250,67
1995,4,6,21,-25.6,925.2,NA,230,67
1995,4,7,0,-25.6,927.5,NA,230,66
1995,4,7,3,-26,928.8,NA,200,66
1995,4,7,6,-26.1,927.9,NA,320,65
1995,4,7,9,-26.7,927,2,10,65
1995,4,7,12,-26.4,925.1,NA,10,64
1995,4,7,15,-26.8,922,NA,0,50
1995,4,7,18,-24,919.6,NA,20,55
1995,4,7,21,-23.8,918,NA,30,50
1995,4,8,0,-23.5,917.2,NA,110,44
1995,4,8,3,-22.6,916.3,NA,NA,43
1995,4,8,6,-24.9,915.6,1,280,45
1995,4,8,9,-25.7,915,3,250,47
1995,4,8,12,-27.1,915,NA,250,53
1995,4,8,15,-25.3,916.2,NA,230,64
1995,4,8,18,-26,917.8,NA,280,65
1995,4,8,21,-25.5,918.6,NA,270,48
1995,4,9,0,-26.3,920.1,NA,250,57
1995,4,9,3,-26.1,921.6,NA,270,61
1995,4,9,6,-25.2,921.9,NA,340,49
1995,4,9,9,-23,922.7,2,330,32
1995,4,9,12,-23.5,923.6,3,260,31
1995,4,9,15,-21,923.8,3,340,24
1995,4,9,18,-19.8,924.3,NA,NA,19
1995,4,9,21,-18.7,925.3,4,230,20
1995,4,10,0,-16.2,926.5,NA,250,22
1995,4,10,3,-16.6,927.6,NA,230,25
1995,4,10,6,-16.9,928.1,NA,240,40
1995,4,10,9,-19.5,928.5,NA,240,40
1995,4,10,12,-18.6,928.7,NA,230,56
1995,4,10,15,-18.7,927.8,NA,NA,60
1995,4,10,18,-18.8,926,NA,NA,64
1995,4,10,21,-17.6,924.6,NA,NA,59
1995,4,11,0,-17.2,922.8,NA,NA,62
1995,4,11,3,-16.4,920.1,NA,250,75
1995,4,11,6,-18.1,918.6,NA,220,66
1995,4,11,9,-15.9,914.9,NA,230,62
1995,4,11,12,-17.4,912.5,NA,220,63
1995,4,11,15,-19.1,911.6,NA,220,69
1995,4,11,18,-18.5,909.9,NA,230,75
1995,4,11,21,-15.7,907.4,28,NA,58
1995,4,12,0,-17.3,905.5,NA,NA,76
1995,4,12,3,-15.4,905.4,NA,NA,54
1995,4,12,6,-13.7,905.4,NA,230,54
1995,4,12,9,-13.8,904.7,NA,NA,58
1995,4,12,12,-15.2,902.6,NA,NA,78
1995,4,12,15,-16.7,905.7,NA,NA,77
1995,4,12,18,-17.2,905.7,NA,220,77
1995,4,12,21,-17.9,904.5,NA,230,76
1995,4,13,0,-18.3,906.9,NA,230,76
1995,4,13,3,-19,909,59,240,75
1995,4,13,6,-19,909.8,NA,230,75
1995,4,13,9,-17.9,911.4,NA,240,76
1995,4,13,12,-16.8,908.5,NA,NA,77
1995,4,13,15,-16.1,909.3,NA,NA,78
1995,4,13,18,-15.1,909.8,NA,NA,79
1995,4,13,21,-14.5,911.4,NA,NA,80
1995,4,14,0,-13.8,914.3,NA,230,81
1995,4,14,3,-13.2,917.4,57,230,82
1995,4,14,6,-12.8,920.3,NA,240,81
1995,4,14,9,-11.8,924.3,NA,230,68
1995,4,14,12,-12.9,926.4,NA,230,78
1995,4,14,15,-12.7,926.4,NA,210,78
1995,4,14,18,-13.3,925.1,NA,0,82
1995,4,14,21,-13,923,NA,50,82
1995,4,15,0,-13.8,921.2,NA,30,81
1995,4,15,3,-13.3,918.9,NA,30,82
1995,4,15,6,-13.1,917.5,NA,60,82
1995,4,15,9,-13.1,916.1,NA,10,82
1995,4,15,12,-13.4,915.6,NA,0,82
1995,4,15,15,-16.9,914.9,3,270,78
1995,4,15,18,-15.7,915.1,3,230,80
1995,4,15,21,-18,915.4,4,240,77
1995,4,16,0,-18.8,916,3,260,76
1995,4,16,3,-18.1,915.1,NA,NA,77
1995,4,16,6,-18.8,915,NA,NA,76
1995,4,16,9,-20.4,915.5,NA,NA,74
1995,4,16,12,-21.1,915.9,NA,NA,73
1995,4,16,15,-21.6,915.8,2,50,72
1995,4,16,18,-22,916.2,NA,NA,72
1995,4,16,21,-22,918.1,NA,NA,71
1995,4,17,0,-18.6,919.4,NA,NA,74
1995,4,17,3,-17.2,920.8,NA,NA,77
1995,4,17,6,-15.1,920.8,1,360,76
1995,4,17,9,-16.7,917.4,NA,20,40
1995,4,17,12,-18.6,914.4,NA,350,75
1995,4,17,15,-19,911.7,NA,200,75
1995,4,17,18,NA,912.4,NA,220,44
1995,4,17,21,NA,914.5,NA,230,73
1995,4,18,0,NA,915.8,NA,100,75
1995,4,18,3,-20.3,915.1,NA,80,73
1995,4,18,6,-20.6,915.1,NA,NA,73
1995,4,18,9,-21.4,913.8,NA,NA,72
1995,4,18,12,-21.9,912.3,NA,NA,71
1995,4,18,15,-22.9,911.4,1,240,70
1995,4,18,18,-22.6,910.8,NA,NA,70
1995,4,18,21,-24.3,911.6,1,270,68
1995,4,19,0,-24.8,912.1,NA,NA,67
1995,4,19,3,-26.3,912.8,3,240,65
1995,4,19,6,-25.7,913.9,NA,NA,66
1995,4,19,9,-25.4,913,NA,50,66
1995,4,19,12,-24.5,909.9,NA,40,67
1995,4,19,15,-24.4,910.3,NA,220,68
1995,4,19,18,-27.8,916,NA,200,66
1995,4,19,21,-27.5,917.9,NA,0,63
1995,4,20,0,-25.7,917.7,NA,360,63
1995,4,20,3,-24.3,917.4,NA,360,49
1995,4,20,6,NA,917.7,NA,350,58
1995,4,20,9,NA,919,NA,250,29
1995,4,20,12,NA,919.4,3,230,21
1995,4,20,15,-16.8,919.7,5,250,23
1995,4,20,18,-19.9,919.1,NA,340,73
1995,4,20,21,-19.7,918.6,NA,0,74
1995,4,21,0,-17.9,917.4,NA,210,72
1995,4,21,3,-20,916.1,NA,220,66
1995,4,21,6,-19.8,913,NA,230,74
1995,4,21,9,-18.9,908.5,NA,230,75
1995,4,21,12,-21.1,910.5,NA,240,72
1995,4,21,15,-23.5,914.5,NA,NA,69
1995,4,21,18,-24.8,915.6,NA,NA,67
1995,4,21,21,-25.3,919.7,NA,NA,66
1995,4,22,0,-25.4,921.9,43,230,66
1995,4,22,3,-25.5,923.4,42,230,66
1995,4,22,6,-25.3,925.5,NA,230,66
1995,4,22,9,-25.1,926.8,NA,220,66
1995,4,22,12,-25.7,928.5,NA,230,66
1995,4,22,15,-25,928.7,NA,210,67
1995,4,22,18,-24.8,927.6,NA,60,67
1995,4,22,21,-25.1,925.3,NA,50,67
1995,4,23,0,-26.3,922.3,NA,10,66
1995,4,23,3,-25.8,919.3,8,30,66
1995,4,23,6,-27,917.3,NA,0,64
1995,4,23,9,-26.5,916,NA,0,65
1995,4,23,12,-25.8,913.6,3,350,65
1995,4,23,15,-24,910.9,NA,350,68
1995,4,23,18,-24.5,910,NA,NA,67
1995,4,23,21,NA,910.6,NA,260,70
1995,4,24,0,NA,912.8,NA,230,66
1995,4,24,3,-24.9,915.7,NA,230,67
1995,4,24,6,-27.8,913.6,NA,230,63
1995,4,24,9,-27.8,911.1,NA,220,63
1995,4,24,12,-29.2,906.8,NA,220,61
1995,4,24,15,-31.5,904.1,NA,230,58
1995,4,24,18,-32.2,906.2,NA,220,57
1995,4,24,21,-32.7,908.7,NA,220,56
1995,4,25,0,-32.8,911.1,NA,200,56
1995,4,25,3,-33.8,912.1,NA,210,55
1995,4,25,6,-33.9,914.1,NA,0,55
1995,4,25,9,-34,914,NA,30,55
1995,4,25,12,-33.8,915.9,3,50,55
1995,4,25,15,-34.8,915.9,NA,10,54
1995,4,25,18,NA,913.8,NA,10,60
1995,4,25,21,NA,912.4,NA,300,35
1995,4,26,0,NA,910.9,NA,240,16
1995,4,26,3,NA,910.4,NA,260,25
1995,4,26,6,NA,912.2,NA,250,60
1995,4,26,9,-25.8,912.8,NA,260,65
1995,4,26,12,-25.7,912.6,NA,240,65
1995,4,26,15,-25.2,912.8,3,240,58
1995,4,26,18,-24.6,913.8,NA,230,65
1995,4,26,21,-22.1,915.9,NA,230,51
1995,4,27,0,-22.6,916.6,NA,40,51
1995,4,27,3,-22.7,917.8,NA,310,68
1995,4,27,6,-25.7,920.7,NA,0,65
1995,4,27,9,-25.5,922.3,NA,240,66
1995,4,27,12,-26.7,922.6,NA,20,59
1995,4,27,15,-26.2,920.9,NA,20,64
1995,4,27,18,-25.8,921.2,NA,20,60
1995,4,27,21,-23.9,921.9,NA,0,42
1995,4,28,0,-21.8,922.1,NA,350,42
1995,4,28,3,NA,921.1,NA,360,18
1995,4,28,6,-19,921.1,NA,20,13
1995,4,28,9,-19.2,921.9,NA,10,27
1995,4,28,12,-20.2,922.4,NA,20,24
1995,4,28,15,NA,922.7,NA,270,54
1995,4,28,18,NA,923,NA,270,63
1995,4,28,21,-28.1,921.6,NA,220,61
1995,4,29,0,-28.5,921.2,NA,220,61
1995,4,29,3,-29.4,921.7,NA,220,60
1995,4,29,6,-30.6,922.4,27,230,58
1995,4,29,9,-31.1,924.5,NA,240,58
1995,4,29,12,-31.6,926.4,NA,240,57
1995,4,29,15,-31.1,926.1,NA,350,58
1995,4,29,18,-31.9,925.5,NA,360,56
1995,4,29,21,-31.4,924.8,NA,30,57
1995,4,30,0,NA,925.3,NA,270,69
1995,4,30,3,NA,926,NA,290,28
1995,4,30,6,NA,927.5,NA,360,19
1995,4,30,9,-21.2,931.8,NA,50,18
1995,4,30,12,-22.5,934.7,3,50,38
1995,4,30,15,-21.2,935.2,NA,40,35
1995,4,30,18,-21.5,936.2,NA,60,38
1995,4,30,21,-21.4,936.5,NA,70,54
1995,5,1,0,-22.8,934.5,NA,240,70
1995,5,1,3,-23,933.8,NA,220,69
1995,5,1,6,-23.1,933.1,NA,220,68
1995,5,1,9,-22.9,934.1,NA,230,69
1995,5,1,12,-23,937,NA,240,69
1995,5,1,15,-25.1,941.1,NA,220,66
1995,5,1,18,-26.2,943.1,NA,120,65
1995,5,1,21,-27,941.5,NA,0,63
1995,5,2,0,-25.9,940.3,NA,20,64
1995,5,2,3,-27.1,937.4,NA,10,63
1995,5,2,6,-27.7,935.6,NA,0,63
1995,5,2,9,-27.6,934.2,NA,220,62
1995,5,2,12,-28.1,932,NA,NA,63
1995,5,2,15,-28.3,929.5,NA,NA,62
1995,5,2,18,-27.9,926.8,NA,NA,62
1995,5,2,21,-28.7,924.3,6,240,61
1995,5,3,0,-29.2,922.3,NA,250,60
1995,5,3,3,-28.1,921.5,NA,220,62
1995,5,3,6,-29.9,919.4,NA,230,59
1995,5,3,9,-28.5,914.8,NA,NA,61
1995,5,3,12,-27.7,909.6,NA,NA,62
1995,5,3,15,-27.5,907.7,NA,NA,62
1995,5,3,18,-27.2,908,NA,NA,62
1995,5,3,21,-27.6,906.3,NA,220,62
1995,5,4,0,-28.8,907.7,NA,220,61
1995,5,4,3,-29.8,906.6,NA,230,60
1995,5,4,6,-30,907.4,NA,240,59
1995,5,4,9,-30.7,908.5,NA,220,58
1995,5,4,12,-30.2,909.3,NA,230,58
1995,5,4,15,-28.9,908.1,NA,200,41
1995,5,4,18,-28.3,906.9,NA,240,46
1995,5,4,21,-27.7,905.3,NA,300,29
1995,5,5,0,-26.5,903.4,3,350,19
1995,5,5,3,-25.6,900.7,3,270,16
1995,5,5,6,-24.1,898.7,NA,320,15
1995,5,5,9,-23.4,897.1,NA,330,16
1995,5,5,12,-23.2,895.9,NA,0,16
1995,5,5,15,-23.6,895.5,4,270,16
1995,5,5,18,-23.1,896.7,NA,NA,15
1995,5,5,21,-22.4,898.2,4,240,15
1995,5,6,0,-23.4,899.5,3,NA,18
1995,5,6,3,-22.8,902,NA,NA,15
1995,5,6,6,-22.8,904.7,NA,NA,18
1995,5,6,9,-22.7,907,NA,230,19
1995,5,6,12,-23.1,909.6,NA,230,50
1995,5,6,15,-23.1,913.2,NA,210,68
1995,5,6,18,-22.6,917.7,NA,250,69
1995,5,6,21,-23.1,919.7,NA,220,69
1995,5,7,0,-22.5,918.3,NA,220,68
1995,5,7,3,-22.7,915.3,NA,240,69
1995,5,7,6,-22.9,913.9,NA,230,69
1995,5,7,9,-23.2,913.9,NA,230,69
1995,5,7,12,-23.2,918,60,240,69
1995,5,7,15,-23.4,918.6,NA,240,68
1995,5,7,18,-23.3,917.7,NA,240,68
1995,5,7,21,-22.7,914.6,NA,230,69
1995,5,8,0,-22.1,916.4,NA,230,70
1995,5,8,3,-20.8,915.4,NA,240,68
1995,5,8,6,-21,916,NA,240,71
1995,5,8,9,-20.7,913.9,NA,240,72
1995,5,8,12,-19.7,915,NA,230,73
1995,5,8,15,-19.3,911,NA,240,73
1995,5,8,18,-18.6,912.7,NA,240,72
1995,5,8,21,-18,914.9,NA,230,75
1995,5,9,0,-17.8,914.2,NA,NA,76
1995,5,9,3,-17.6,914.4,NA,NA,76
1995,5,9,6,-17.1,917.7,58,NA,77
1995,5,9,9,-17.2,919.4,NA,NA,76
1995,5,9,12,-16.3,918.3,NA,NA,62
1995,5,9,15,-17.3,919.5,NA,NA,76
1995,5,9,18,-16.7,918.4,NA,NA,64
1995,5,9,21,-16.3,918.5,NA,NA,75
1995,5,10,0,-17,919.4,NA,240,75
1995,5,10,3,-17.8,917.7,NA,230,74
1995,5,10,6,-18.3,919.3,NA,240,70
1995,5,10,9,-18.5,919.9,NA,230,75
1995,5,10,12,-18.7,920.4,NA,220,76
1995,5,10,15,-19.1,918.8,NA,220,74
1995,5,10,18,-19.9,917.3,NA,230,73
1995,5,10,21,-21.8,916.1,NA,NA,72
1995,5,11,0,-22.3,915.7,NA,NA,70
1995,5,11,3,-22.3,917.4,NA,NA,70
1995,5,11,6,-23.2,913.4,NA,NA,69
1995,5,11,9,-23.5,914.5,NA,230,65
1995,5,11,12,-22.4,911.7,NA,230,69
1995,5,11,15,-21.7,906.1,NA,240,68
1995,5,11,18,-21.4,908,NA,240,70
1995,5,11,21,-21.8,907.2,NA,230,71
1995,5,12,0,-20.5,910.7,NA,NA,72
1995,5,12,3,-19,912.9,57,NA,72
1995,5,12,6,-17,914.8,NA,240,55
1995,5,12,9,-16.9,915.4,NA,240,66
1995,5,12,12,-17.2,917.5,NA,240,61
1995,5,12,15,-15.9,919,NA,230,53
1995,5,12,18,-15.6,920.1,NA,230,56
1995,5,12,21,-16.3,920.6,NA,220,61
1995,5,13,0,-17.3,923.8,NA,230,68
1995,5,13,3,-16.7,925.2,NA,130,77
1995,5,13,6,-18.2,925.2,NA,20,76
1995,5,13,9,-17.8,925,NA,350,69
1995,5,13,12,-18.5,926.1,NA,10,56
1995,5,13,15,-19,926.1,NA,10,65
1995,5,13,18,-18.8,926.5,NA,20,67
1995,5,13,21,-18.8,926.9,NA,0,74
1995,5,14,0,-19,927.8,NA,30,63
1995,5,14,3,-19.3,928.3,4,280,74
1995,5,14,6,-19,929.4,NA,0,74
1995,5,14,9,-18.5,930.7,NA,NA,75
1995,5,14,12,-18.3,931,NA,NA,75
1995,5,14,15,-18.3,929.9,3,70,75
1995,5,14,18,-18,928.8,1,30,76
1995,5,14,21,-19.4,927.3,3,250,75
1995,5,15,0,-20.4,925.7,NA,260,73
1995,5,15,3,-20.1,922.8,NA,230,73
1995,5,15,6,-19.7,919.3,NA,230,74
1995,5,15,9,-19.3,919.5,NA,NA,74
1995,5,15,12,-20.8,920.1,NA,NA,72
1995,5,15,15,-20.8,922.7,NA,240,72
1995,5,15,18,-21.2,924.8,NA,230,72
1995,5,15,21,-20,926.4,NA,240,73
1995,5,16,0,-19.9,928,NA,310,74
1995,5,16,3,-19.8,928.9,NA,0,71
1995,5,16,6,-20.2,929.7,NA,240,57
1995,5,16,9,-20.4,930.2,NA,50,55
1995,5,16,12,-19.1,930.8,NA,10,51
1995,5,16,15,-23.9,931.4,NA,240,60
1995,5,16,18,-23.3,931.5,NA,320,69
1995,5,16,21,-23.7,930.1,NA,20,68
1995,5,17,0,-21.1,928.7,NA,20,72
1995,5,17,3,-23.3,927.7,NA,360,70
1995,5,17,6,-23.2,926,NA,10,69
1995,5,17,9,-23.4,925.5,NA,30,69
1995,5,17,12,-21.2,923.8,14,20,52
1995,5,17,15,-19.5,922.3,NA,30,43
1995,5,17,18,-20,921.4,16,10,39
1995,5,17,21,-18.9,920.4,16,30,36
1995,5,18,0,-18.6,920.6,NA,10,33
1995,5,18,3,-18.7,920.9,NA,10,32
1995,5,18,6,-19.1,921.9,NA,350,32
1995,5,18,9,NA,922.9,NA,270,68
1995,5,18,12,-23.2,923.6,4,260,69
1995,5,18,15,-23.6,924.6,NA,0,68
1995,5,18,18,-23.5,923.8,NA,60,64
1995,5,18,21,-22.6,922.7,NA,30,58
1995,5,19,0,-24.5,923.5,NA,30,66
1995,5,19,3,-24.7,924.8,NA,0,66
1995,5,19,6,-26.3,924.6,NA,NA,64
1995,5,19,9,-26.7,923.4,NA,50,64
1995,5,19,12,-23.5,921.9,NA,0,67
1995,5,19,15,NA,920.7,NA,10,69
1995,5,19,18,NA,918.9,NA,0,25
1995,5,19,21,-16.3,917,3,270,25
1995,5,20,0,-16.4,915.9,NA,260,24
1995,5,20,3,-19.3,914.9,NA,220,30
1995,5,20,6,NA,912.8,NA,20,52
1995,5,20,9,-24.2,910.8,NA,10,59
1995,5,20,12,-24.9,909,NA,20,55
1995,5,20,15,-25.4,907.6,NA,360,62
1995,5,20,18,-26.2,906.8,NA,70,64
1995,5,20,21,-26.7,906.5,2,70,63
1995,5,21,0,-27.4,906.2,NA,20,62
1995,5,21,3,-27.2,906.3,NA,30,62
1995,5,21,6,-27.3,907.7,NA,50,62
1995,5,21,9,-28.8,908.8,NA,310,61
1995,5,21,12,-30,909.6,NA,10,59
1995,5,21,15,-32.5,909.5,NA,220,56
1995,5,21,18,-32.8,910.8,NA,230,55
1995,5,21,21,-32.8,911.8,NA,0,55
1995,5,22,0,-32.8,911.6,NA,NA,56
1995,5,22,3,-32.7,911,NA,NA,56
1995,5,22,6,-31.1,910.9,NA,NA,53
1995,5,22,9,-28.2,911,NA,230,53
1995,5,22,12,-26.6,910.8,NA,220,36
1995,5,22,15,-25.1,911.1,NA,220,32
1995,5,22,18,NA,911,NA,240,59
1995,5,22,21,-23.8,911.8,NA,240,56
1995,5,23,0,-23.4,912.2,NA,0,49
1995,5,23,3,-23.7,911.3,NA,230,58
1995,5,23,6,-25.8,911.2,NA,230,55
1995,5,23,9,-26.7,910.6,NA,220,60
1995,5,23,12,-27.7,909.8,NA,280,61
1995,5,23,15,-26.1,907.1,NA,270,64
1995,5,23,18,-24.6,904,NA,0,56
1995,5,23,21,-24,901.8,NA,NA,43
1995,5,24,0,-26.8,900.3,NA,250,55
1995,5,24,3,-27.4,899.2,NA,250,52
1995,5,24,6,-28.5,898.2,NA,260,59
1995,5,24,9,-28.8,897.5,NA,70,59
1995,5,24,12,-28.4,896.5,NA,10,59
1995,5,24,15,-28.4,895.8,NA,30,60
1995,5,24,18,-30.1,896.4,NA,30,59
1995,5,24,21,-30.1,898.1,NA,NA,58
1995,5,25,0,-30.1,899.5,NA,NA,59
1995,5,25,3,-30.3,900.3,NA,NA,59
1995,5,25,6,-26.9,901.1,5,10,61
1995,5,25,9,NA,903,NA,310,26
1995,5,25,12,NA,905.7,NA,260,19
1995,5,25,15,-19.3,908,4,240,17
1995,5,25,18,-18.5,910.9,NA,230,29
1995,5,25,21,-19,913.5,NA,230,60
1995,5,26,0,-18.6,914.7,NA,250,74
1995,5,26,3,-19.3,919.8,NA,250,73
1995,5,26,6,-19.9,922.1,NA,320,52
1995,5,26,9,-18.6,921.8,NA,340,44
1995,5,26,12,-18.3,921,NA,10,43
1995,5,26,15,-18.8,919.7,NA,270,44
1995,5,26,18,-19.6,918.7,NA,0,44
1995,5,26,21,-19.1,917.5,3,0,38
1995,5,27,0,-20.2,916.5,NA,360,45
1995,5,27,3,-20.1,916,NA,360,47
1995,5,27,6,-21.7,915.5,NA,250,70
1995,5,27,9,-23.2,914.2,NA,240,68
1995,5,27,12,-23.7,912.4,NA,230,68
1995,5,27,15,-23.8,909,NA,240,67
1995,5,27,18,-26.6,910,NA,NA,64
1995,5,27,21,-27.3,911.8,NA,NA,63
1995,5,28,0,-27.9,914.1,NA,NA,62
1995,5,28,3,-27.3,919.1,NA,NA,58
1995,5,28,6,-28,920.7,NA,NA,61
1995,5,28,9,-28.2,920,NA,0,62
1995,5,28,12,-28.3,918.1,NA,40,61
1995,5,28,15,-28.1,915.7,NA,40,61
1995,5,28,18,-29,913,NA,40,60
1995,5,28,21,-29.1,911.5,NA,0,60
1995,5,29,0,-29.9,911.1,1,310,60
1995,5,29,3,-29.1,911.5,1,320,60
1995,5,29,6,-30.4,912.1,NA,NA,59
1995,5,29,9,-29.9,913.2,2,240,59
1995,5,29,12,-31.5,914.2,NA,230,57
1995,5,29,15,-31.5,915.9,NA,240,57
1995,5,29,18,-31.9,916.3,11,250,56
1995,5,29,21,-32.3,916.9,NA,230,56
1995,5,30,0,-32.9,917.6,NA,260,55
1995,5,30,3,-32.5,918,NA,240,56
1995,5,30,6,-32.3,918.1,9,240,56
1995,5,30,9,-31.6,918.1,NA,220,57
1995,5,30,12,-30.5,918.1,NA,0,58
1995,5,30,15,-31.3,917.1,NA,0,57
1995,5,30,18,-32.4,915.9,NA,230,56
1995,5,30,21,-33.3,915.9,NA,240,55
1995,5,31,0,-30.1,917.7,NA,240,57
1995,5,31,3,-31.4,918.9,NA,0,56
1995,5,31,6,-31.1,918.7,NA,20,55
1995,5,31,9,-32.5,918.2,NA,40,54
1995,5,31,12,-34,917.1,NA,300,54
1995,5,31,15,-34.2,915,NA,240,54
1995,5,31,18,-34.2,912.9,NA,220,53
1995,5,31,21,-33.9,912.1,15,230,54
1995,6,1,0,-34.2,911.9,18,230,53
1995,6,1,3,-34.9,912.5,NA,270,52
1995,6,1,6,-34.3,911.9,NA,30,53
1995,6,1,9,-34.6,911.8,NA,50,53
1995,6,1,12,-35.1,911.5,NA,40,52
1995,6,1,15,-35.5,911.1,NA,250,53
1995,6,1,18,-36,911.1,NA,260,52
1995,6,1,21,-35.5,911.3,NA,230,51
1995,6,2,0,-34.9,911.5,NA,240,52
1995,6,2,3,-34.7,912.8,NA,250,53
1995,6,2,6,-32.2,914.4,NA,250,54
1995,6,2,9,-31.7,914.5,NA,0,56
1995,6,2,12,-32.1,914,NA,0,56
1995,6,2,15,-31.9,913,4,10,56
1995,6,2,18,-32,912.2,4,10,57
1995,6,2,21,-30.9,911.8,NA,NA,56
1995,6,3,0,-30.2,911.1,NA,NA,54
1995,6,3,3,-30.6,910,NA,NA,52
1995,6,3,6,-31.1,909.3,6,230,45
1995,6,3,9,-33,908.7,NA,220,55
1995,6,3,12,-32.6,907.6,NA,220,55
1995,6,3,15,-33.1,907.2,NA,230,55
1995,6,3,18,-32.7,907.5,NA,0,55
1995,6,3,21,-33.9,906.2,NA,20,54
1995,6,4,0,-33.6,905.6,4,20,54
1995,6,4,3,-33.8,905.1,NA,NA,54
1995,6,4,6,-34.2,904.8,NA,NA,53
1995,6,4,9,-33.8,904.4,NA,NA,54
1995,6,4,12,-33,904.4,NA,NA,55
1995,6,4,15,-31.5,904.4,NA,NA,57
1995,6,4,18,-31.5,904.7,NA,NA,57
1995,6,4,21,-32.3,905.2,NA,240,55
1995,6,5,0,-30.7,906.1,3,NA,47
1995,6,5,3,-30.5,906.7,NA,NA,43
1995,6,5,6,-29.4,907.8,7,NA,38
1995,6,5,9,-26.7,909.1,NA,230,30
1995,6,5,12,-25.8,911.2,NA,NA,26
1995,6,5,15,-25.8,912.5,16,NA,30
1995,6,5,18,-22.8,911.6,NA,NA,56
1995,6,5,21,-24.9,914.1,NA,NA,67
1995,6,6,0,-26.3,915.1,NA,NA,64
1995,6,6,3,-23.5,914.1,NA,NA,67
1995,6,6,6,-23.8,911.9,NA,240,67
1995,6,6,9,-23,913.9,NA,230,68
1995,6,6,12,-22.4,913.5,NA,240,69
1995,6,6,15,-21.4,917.5,59,NA,70
1995,6,6,18,-21.3,920.2,55,NA,70
1995,6,6,21,-21.4,929.4,NA,240,70
1995,6,7,0,-21.4,934.7,NA,220,63
1995,6,7,3,-22.3,938.7,NA,210,70
1995,6,7,6,-22.6,942.4,NA,260,69
1995,6,7,9,-23.1,943.6,NA,0,68
1995,6,7,12,-23.3,944.2,2,30,68
1995,6,7,15,-20.7,943.3,NA,20,48
1995,6,7,18,-23.1,943.4,NA,20,57
1995,6,7,21,-22.4,943.6,NA,330,50
1995,6,8,0,-22.2,943.5,NA,270,47
1995,6,8,3,-19.9,942.1,NA,240,46
1995,6,8,6,-20.9,942.2,NA,240,37
1995,6,8,9,-21.2,943,NA,NA,48
1995,6,8,12,-23.8,944.9,NA,NA,67
1995,6,8,15,NA,944.2,NA,NA,65
1995,6,8,18,-26.5,945.1,NA,240,64
1995,6,8,21,-26,948.7,NA,230,64
1995,6,9,0,-27.6,952.2,NA,270,62
1995,6,9,3,-24.9,953.5,NA,0,66
1995,6,9,6,-26.9,954.6,NA,0,64
1995,6,9,9,-24.1,954.3,NA,20,55
1995,6,9,12,NA,952.8,NA,20,34
1995,6,9,15,NA,951.7,NA,10,26
1995,6,9,18,NA,948.8,NA,10,21
1995,6,9,21,NA,945.3,NA,230,18
1995,6,10,0,NA,941.7,6,240,9
1995,6,10,3,NA,938.1,NA,240,14
1995,6,10,6,NA,935.2,NA,230,28
1995,6,10,9,-1.4,929.9,NA,270,37
1995,6,10,12,NA,923,NA,250,34
1995,6,10,15,NA,920.8,NA,240,59
1995,6,10,18,NA,924.2,NA,230,72
1995,6,10,21,-17.2,924.9,NA,240,76
1995,6,11,0,-17.5,928.4,NA,230,47
1995,6,11,3,-16.8,932.3,NA,240,46
1995,6,11,6,-17.7,934.2,NA,350,37
1995,6,11,9,-20.4,935.9,NA,270,54
1995,6,11,12,-19.3,936.3,NA,340,49
1995,6,11,15,-20.9,933.9,NA,350,68
1995,6,11,18,-20.4,930.5,NA,50,64
1995,6,11,21,-21,927.7,NA,50,70
1995,6,12,0,-22.4,925.8,NA,0,70
1995,6,12,3,-22.9,925.2,NA,220,69
1995,6,12,6,-23.1,924.7,NA,230,68
1995,6,12,9,-22.8,924.3,NA,230,69
1995,6,12,12,-22.7,924.9,NA,210,69
1995,6,12,15,-22.2,924.2,NA,350,68
1995,6,12,18,-20.3,922.6,NA,360,40
1995,6,12,21,NA,921.4,NA,270,27
1995,6,13,0,-18.6,921,NA,240,32
1995,6,13,3,NA,922.1,NA,260,21
1995,6,13,6,NA,921.3,NA,340,21
1995,6,13,9,NA,921.8,NA,300,33
1995,6,13,12,NA,922.4,NA,20,64
1995,6,13,15,-22.3,925.3,NA,360,68
1995,6,13,18,-19.5,927.2,NA,360,51
1995,6,13,21,-20,928.2,NA,20,53
1995,6,14,0,-19.2,928.8,NA,30,52
1995,6,14,3,-21.6,928.7,NA,70,66
1995,6,14,6,-21.3,929.4,NA,350,65
1995,6,14,9,-21.2,929.6,NA,250,55
1995,6,14,12,-21.5,930.5,NA,240,56
1995,6,14,15,-23.1,931.6,11,250,61
1995,6,14,18,-22.1,932.2,NA,230,66
1995,6,14,21,-22.4,933,NA,220,70
1995,6,15,0,-21.8,934.3,NA,260,70
1995,6,15,3,-22.2,935.1,NA,10,70
1995,6,15,6,-22.7,935.8,NA,10,70
1995,6,15,9,-22.3,936.5,NA,0,70
1995,6,15,12,-22.4,937.3,12,340,60
1995,6,15,15,-21.3,937.8,NA,0,59
1995,6,15,18,-19.8,938,NA,0,44
1995,6,15,21,-17.8,937.8,NA,NA,42
1995,6,16,0,-18.2,937.6,3,360,40
1995,6,16,3,-20.2,936.3,NA,30,50
1995,6,16,6,-20.8,935.4,NA,10,71
1995,6,16,9,-20.1,934.2,NA,10,72
1995,6,16,12,-20.4,932.9,NA,240,72
1995,6,16,15,-19.3,931.8,1,270,73
1995,6,16,18,-19.9,930.2,2,240,73
1995,6,16,21,-21.4,929.8,2,230,71
1995,6,17,0,-21.1,928.8,NA,230,71
1995,6,17,3,-20,928.8,NA,230,72
1995,6,17,6,-21,929.5,NA,0,72
1995,6,17,9,-21,929.2,NA,220,72
1995,6,17,12,-21,930.6,NA,230,71
1995,6,17,15,-21.8,930.7,NA,0,71
1995,6,17,18,-23.1,930.1,NA,0,69
1995,6,17,21,-22.7,929.6,3,330,69
1995,6,18,0,-23.4,929.3,NA,NA,68
1995,6,18,3,-25,928.1,3,250,66
1995,6,18,6,-25.1,926.1,2,270,67
1995,6,18,9,-24.1,923.3,NA,240,67
1995,6,18,12,-22.9,920.6,4,240,69
1995,6,18,15,-22.7,918.3,2,240,67
1995,6,18,18,-22.4,916.5,NA,NA,69
1995,6,18,21,-26.1,916.7,NA,220,64
1995,6,19,0,-26.9,915.7,NA,220,64
1995,6,19,3,-27.3,915.4,NA,230,63
1995,6,19,6,-28.1,916.9,NA,230,62
1995,6,19,9,-28.9,919.5,NA,240,60
1995,6,19,12,-29.7,923.4,NA,230,59
1995,6,19,15,-29.1,926.1,NA,230,60
1995,6,19,18,-29.6,926.9,NA,240,60
1995,6,19,21,-30.4,926.9,NA,250,59
1995,6,20,0,-30.9,926.4,NA,220,58
1995,6,20,3,-31.9,925.4,NA,0,57
1995,6,20,6,-31.8,924.5,NA,0,57
1995,6,20,9,-31.7,924.1,NA,NA,57
1995,6,20,12,-32.2,924.4,NA,240,56
1995,6,20,15,-32.4,923.9,NA,240,56
1995,6,20,18,-32.7,922.7,NA,230,56
1995,6,20,21,-33.7,922.4,NA,240,55
1995,6,21,0,-30.3,920.4,NA,220,58
1995,6,21,3,NA,918,NA,230,62
1995,6,21,6,NA,915.7,NA,NA,49
1995,6,21,9,-23.4,915.4,NA,NA,39
1995,6,21,12,-23,917,NA,NA,40
1995,6,21,15,-21.6,919.9,NA,230,35
1995,6,21,18,-20.2,922.5,NA,NA,45
1995,6,21,21,-21.4,924.2,NA,NA,50
1995,6,22,0,-24.1,925.7,NA,NA,67
1995,6,22,3,-25.4,925.5,NA,320,64
1995,6,22,6,-25.5,924.6,NA,0,65
1995,6,22,9,-25.8,923.7,1,50,64
1995,6,22,12,-26.3,922.4,NA,NA,64
1995,6,22,15,-25.7,920.3,NA,10,64
1995,6,22,18,-26.7,919.2,NA,NA,63
1995,6,22,21,-27.1,919.1,NA,NA,63
1995,6,23,0,-28.1,919.5,4,260,61
1995,6,23,3,-28.7,920.8,NA,260,61
1995,6,23,6,-27.8,922.5,NA,220,61
1995,6,23,9,-26.6,922.6,NA,230,62
1995,6,23,12,-26,924.1,NA,240,64
1995,6,23,15,-25.7,922,NA,230,62
1995,6,23,18,-25.7,924.1,NA,NA,48
1995,6,23,21,-25,927.4,NA,NA,39
1995,6,24,0,-24.5,931.4,NA,NA,38
1995,6,24,3,-24.6,932.3,NA,NA,36
1995,6,24,6,-24.5,932.7,NA,250,39
1995,6,24,9,-22.9,933.5,NA,240,31
1995,6,24,12,-22.9,932,NA,10,28
1995,6,24,15,-23,930.6,NA,70,28
1995,6,24,18,-24.6,930.2,NA,310,31
1995,6,24,21,-26.3,930.8,NA,250,39
1995,6,25,0,-26.7,931.3,NA,240,61
1995,6,25,3,-26.9,932.7,NA,0,63
1995,6,25,6,-27.8,934.9,NA,240,61
1995,6,25,9,-25.2,937.2,NA,0,63
1995,6,25,12,-27.6,939.3,NA,240,62
1995,6,25,15,-26.6,940.1,NA,0,62
1995,6,25,18,-24.6,940.2,NA,320,66
1995,6,25,21,-22.2,940.7,NA,NA,62
1995,6,26,0,-19.7,940.2,NA,NA,34
1995,6,26,3,-19.1,939.6,3,350,27
1995,6,26,6,-18.6,938.6,NA,NA,23
1995,6,26,9,-18.5,935.7,NA,360,21
1995,6,26,12,-15.1,929.9,NA,360,21
1995,6,26,15,-15.3,925,NA,20,20
1995,6,26,18,NA,925.3,NA,230,54
1995,6,26,21,NA,925.5,NA,240,66
1995,6,27,0,-23.7,928.7,NA,230,67
1995,6,27,3,-23,930,NA,260,54
1995,6,27,6,-24.7,931.4,NA,210,51
1995,6,27,9,-24.7,931.3,NA,10,65
1995,6,27,12,-25.3,930.5,NA,360,65
1995,6,27,15,-26.1,930,NA,350,55
1995,6,27,18,-25.9,929.2,9,10,53
1995,6,27,21,-26.1,929.3,NA,20,58
1995,6,28,0,-27.2,930.3,NA,50,63
1995,6,28,3,-26.8,930.5,NA,0,63
1995,6,28,6,-26.9,931.1,NA,NA,62
1995,6,28,9,-27.5,932,1,270,61
1995,6,28,12,-27.5,932.7,NA,240,61
1995,6,28,15,-26.9,933.4,NA,240,62
1995,6,28,18,-24.8,934.1,5,260,56
1995,6,28,21,-23.8,934.8,NA,280,25
1995,6,29,0,-24.2,934.8,NA,250,28
1995,6,29,3,-23,934,NA,240,32
1995,6,29,6,-22.6,932.2,NA,230,44
1995,6,29,9,NA,929.1,NA,240,35
1995,6,29,12,NA,922.6,NA,240,47
1995,6,29,15,-14.6,922.1,NA,240,77
1995,6,29,18,-13.3,922.5,NA,230,79
1995,6,29,21,-13.7,922.5,57,230,80
1995,6,30,0,-14.1,925,NA,220,80
1995,6,30,3,-16.2,924.7,NA,230,79
1995,6,30,6,-13.4,921.2,NA,240,80
1995,6,30,9,-11.9,924,NA,230,76
1995,6,30,12,-12.1,925,NA,230,75
1995,6,30,15,-11.5,925.1,NA,230,57
1995,6,30,18,-13.4,922,NA,220,71
1995,6,30,21,-13.9,921.3,NA,230,70
1995,7,1,0,-15.5,922.9,NA,230,54
1995,7,1,3,-17.6,922.6,NA,230,76
1995,7,1,6,-16.9,922.8,NA,220,77
1995,7,1,9,-18.8,923,NA,250,72
1995,7,1,12,-19.9,923.7,NA,230,61
1995,7,1,15,-20.3,925,NA,250,70
1995,7,1,18,-22.1,924.3,NA,220,69
1995,7,1,21,-22.6,925.6,NA,230,70
1995,7,2,0,-24.7,928.4,NA,240,67
1995,7,2,3,-25.1,928.7,NA,360,66
1995,7,2,6,-25.3,929.3,NA,20,66
1995,7,2,9,-25.2,929.6,NA,20,66
1995,7,2,12,-25,930.5,12,10,66
1995,7,2,15,-25.5,930.9,10,20,65
1995,7,2,18,-25.5,931.7,NA,30,65
1995,7,2,21,-24.9,932.3,NA,70,67
1995,7,3,0,-25,933.8,NA,320,66
1995,7,3,3,-25.3,934,NA,NA,66
1995,7,3,6,-26.3,934.2,1,350,65
1995,7,3,9,-26.4,934,NA,NA,64
1995,7,3,12,-26.1,934.9,NA,NA,64
1995,7,3,15,-22.5,934.7,NA,NA,68
1995,7,3,18,NA,934.2,1,10,74
1995,7,3,21,NA,934.4,2,260,77
1995,7,4,0,-13.7,934.2,2,340,39
1995,7,4,3,-11,934.1,3,260,11
1995,7,4,6,-13,933.9,NA,250,13
1995,7,4,9,-11.8,933.2,NA,0,10
1995,7,4,12,-13.2,931.8,NA,10,12
1995,7,4,15,NA,930.8,4,250,23
1995,7,4,18,NA,931.1,NA,240,40
1995,7,4,21,-24.2,933.7,NA,250,66
1995,7,5,0,-22.9,934.3,NA,140,68
1995,7,5,3,-26.8,933.2,NA,230,63
1995,7,5,6,-26,933.5,NA,220,64
1995,7,5,9,-24.7,932.8,NA,230,64
1995,7,5,12,-25,935.3,NA,240,66
1995,7,5,15,-24.6,940.7,NA,230,62
1995,7,5,18,-23.6,944.6,NA,230,64
1995,7,5,21,-23.4,947.7,NA,230,56
1995,7,6,0,-23.3,950.1,NA,240,68
1995,7,6,3,-22.9,951.9,NA,250,68
1995,7,6,6,-21.8,952.2,NA,20,68
1995,7,6,9,-21.6,951.2,NA,20,58
1995,7,6,12,-21.8,949.8,NA,10,56
1995,7,6,15,-17.6,946.5,NA,10,51
1995,7,6,18,NA,943.8,NA,20,9
1995,7,6,21,NA,941.2,NA,10,7
1995,7,7,0,-7,938,NA,0,8
1995,7,7,3,NA,935.5,NA,240,30
1995,7,7,6,NA,934.7,NA,250,25
1995,7,7,9,NA,935.1,NA,230,44
1995,7,7,12,NA,937.4,NA,80,63
1995,7,7,15,NA,937.2,NA,230,68
1995,7,7,18,-19,936.3,NA,240,66
1995,7,7,21,-22.4,937.5,NA,230,51
1995,7,8,0,NA,944,NA,220,69
1995,7,8,3,-22.6,945.4,NA,250,67
1995,7,8,6,-25.3,946.3,NA,240,66
1995,7,8,9,-23.8,945.6,NA,230,67
1995,7,8,12,-24.3,945.3,NA,230,66
1995,7,8,15,-25.2,944.8,NA,360,66
1995,7,8,18,-24.9,943.8,NA,20,65
1995,7,8,21,-24.6,942.7,NA,360,62
1995,7,9,0,-25.6,941.5,NA,30,64
1995,7,9,3,-25.4,939.9,NA,350,59
1995,7,9,6,-25.5,938.2,NA,20,52
1995,7,9,9,-25.6,936.8,NA,230,52
1995,7,9,12,-24.7,935,NA,260,45
1995,7,9,15,-24.1,932.2,NA,10,39
1995,7,9,18,-23.1,928.7,NA,30,32
1995,7,9,21,-21.9,926,NA,0,23
1995,7,10,0,-23.4,923.8,2,230,23
1995,7,10,3,-23.8,922.2,4,250,24
1995,7,10,6,-24.1,922.3,NA,0,23
1995,7,10,9,-26.6,924.4,NA,0,35
1995,7,10,12,-26.8,926.9,4,240,47
1995,7,10,15,-26.8,928.1,NA,240,51
1995,7,10,18,-28.8,928.7,NA,230,59
1995,7,10,21,-28.3,928.8,NA,NA,60
1995,7,11,0,-29.1,931.6,NA,NA,54
1995,7,11,3,-29.5,933,NA,230,51
1995,7,11,6,-29.2,933.7,NA,230,58
1995,7,11,9,-29.6,934,NA,240,59
1995,7,11,12,-29.8,933.4,NA,0,58
1995,7,11,15,-29.9,930.6,NA,20,58
1995,7,11,18,-30.1,928.5,NA,60,58
1995,7,11,21,-30.9,926.1,NA,20,57
1995,7,12,0,-29.7,925.2,NA,40,58
1995,7,12,3,-31.6,924.8,NA,0,56
1995,7,12,6,-32.4,925.1,NA,NA,55
1995,7,12,9,-32.9,925,NA,240,54
1995,7,12,12,-30.6,925.5,NA,240,56
1995,7,12,15,-31.8,925.3,NA,230,56
1995,7,12,18,-32.1,924.4,NA,240,55
1995,7,12,21,-32.4,920.7,NA,230,55
1995,7,13,0,-31.9,920.6,NA,230,55
1995,7,13,3,-31.4,916.8,NA,NA,56
1995,7,13,6,-30.4,912.9,NA,NA,57
1995,7,13,9,-29.5,912.3,NA,240,58
1995,7,13,12,-27.9,916.3,NA,230,60
1995,7,13,15,-26.8,919.1,NA,NA,62
1995,7,13,18,-26.2,923.1,NA,NA,62
1995,7,13,21,-25.2,927.4,NA,NA,64
1995,7,14,0,-24.7,934.3,NA,240,65
1995,7,14,3,-23.6,938,NA,250,42
1995,7,14,6,-23.2,938.6,NA,240,30
1995,7,14,9,-22.9,938,NA,0,36
1995,7,14,12,-24.2,935.4,NA,20,29
1995,7,14,15,-23.5,931.5,NA,0,43
1995,7,14,18,-23.3,926.5,NA,0,45
1995,7,14,21,-25,922.8,NA,250,63
1995,7,15,0,-23.2,921,NA,280,66
1995,7,15,3,-23.9,918.9,NA,0,65
1995,7,15,6,-27.8,919.2,4,40,61
1995,7,15,9,-28,921.1,NA,210,61
1995,7,15,12,-28,924.3,NA,230,61
1995,7,15,15,-28,927.8,NA,220,61
1995,7,15,18,-27.9,929.6,NA,230,61
1995,7,15,21,-27.7,932.3,NA,240,61
1995,7,16,0,-27,931.7,NA,230,61
1995,7,16,3,-27.9,930.1,NA,240,59
1995,7,16,6,-28.1,935.7,NA,NA,61
1995,7,16,9,-28.3,935.1,59,NA,60
1995,7,16,12,-28,939.8,NA,NA,60
1995,7,16,15,-27.7,940.2,NA,230,50
1995,7,16,18,-26.9,943,NA,230,51
1995,7,16,21,-26.4,946.4,NA,220,48
1995,7,17,0,-26.7,945.6,NA,230,NA
1995,7,17,3,-27.2,943.8,NA,220,61
1995,7,17,6,-26.9,940.3,NA,230,62
1995,7,17,9,-28.1,934.8,NA,230,61
1995,7,17,12,-27.6,934.1,NA,230,61
1995,7,17,15,-28,932.5,NA,NA,60
1995,7,17,18,-27.3,930,NA,NA,61
1995,7,17,21,-26.3,932.1,NA,NA,62
1995,7,18,0,-24.8,927.7,NA,240,65
1995,7,18,3,-22.6,929.2,NA,230,68
1995,7,18,6,-21,927.9,NA,240,70
1995,7,18,9,-18.9,920.4,NA,NA,73
1995,7,18,12,-18.3,923.2,NA,NA,74
1995,7,18,15,-18.2,919,NA,NA,75
1995,7,18,18,-17.6,922.6,NA,NA,76
1995,7,18,21,-17.4,922.3,NA,NA,76
1995,7,19,0,-17.4,925.3,NA,NA,76
1995,7,19,3,-18.8,926.3,NA,NA,75
1995,7,19,6,-17.8,927.7,NA,230,76
1995,7,19,9,-18.7,929.2,NA,230,75
1995,7,19,12,-18.5,936.1,NA,240,75
1995,7,19,15,-18.4,942.2,NA,230,68
1995,7,19,18,-17.6,940.8,NA,0,62
1995,7,19,21,-17.8,938.6,NA,NA,53
1995,7,20,0,-14.8,935.8,NA,NA,42
1995,7,20,3,-13.5,933.3,NA,NA,46
1995,7,20,6,-15.4,931.5,NA,300,47
1995,7,20,9,-17.3,929.6,NA,0,66
1995,7,20,12,-18,927.9,NA,NA,41
1995,7,20,15,-19.6,927.9,NA,NA,46
1995,7,20,18,NA,929.1,NA,NA,66
1995,7,20,21,-22.6,932.2,NA,120,67
1995,7,21,0,-23,930.8,NA,NA,66
1995,7,21,3,-22.9,931.5,NA,230,57
1995,7,21,6,-22.8,933.1,NA,240,60
1995,7,21,9,-22.5,934.3,34,220,53
1995,7,21,12,-23,936.4,33,220,55
1995,7,21,15,-23.3,938.9,NA,220,56
1995,7,21,18,-23.7,939.1,NA,240,66
1995,7,21,21,-24.2,940.7,NA,230,67
1995,7,22,0,-24.1,941.1,NA,220,58
1995,7,22,3,-24.2,943.3,NA,230,42
1995,7,22,6,-23.8,943.9,NA,NA,39
1995,7,22,9,-24.2,947.7,NA,NA,44
1995,7,22,12,-24,948.7,NA,NA,36
1995,7,22,15,-23.3,948.5,NA,250,47
1995,7,22,18,-22,947,NA,NA,25
1995,7,22,21,-19.2,945,NA,NA,24
1995,7,23,0,-19.4,942.4,NA,NA,26
1995,7,23,3,-18.6,939.6,NA,0,26
1995,7,23,6,-16.4,937.5,NA,30,21
1995,7,23,9,-15,934.6,NA,350,17
1995,7,23,12,-15.4,934.3,NA,30,17
1995,7,23,15,-17.7,934,4,360,22
1995,7,23,18,-15.9,934.1,NA,0,18
1995,7,23,21,-16.4,934.7,3,260,19
1995,7,24,0,NA,935.2,NA,230,NA
1995,7,24,3,NA,932,NA,NA,57
1995,7,24,6,-26,933.1,NA,NA,63
1995,7,24,9,-26.6,934.2,NA,NA,62
1995,7,24,12,-27.8,938.1,NA,230,59
1995,7,24,15,-27.5,940.5,NA,220,51
1995,7,24,18,-27.8,944,NA,230,61
1995,7,24,21,-28.1,945.1,NA,220,60
1995,7,25,0,-27.3,945.9,NA,230,61
1995,7,25,3,-26.9,945.3,NA,240,48
1995,7,25,6,-26.3,943.8,NA,230,47
1995,7,25,9,-27.6,941.5,NA,NA,60
1995,7,25,12,-27.8,943.7,NA,NA,60
1995,7,25,15,-26.4,944.4,NA,NA,46
1995,7,25,18,-26.6,943.9,NA,NA,60
1995,7,25,21,-24.4,942,NA,NA,49
1995,7,26,0,-26.9,942,NA,NA,54
1995,7,26,3,-26.3,941.1,37,NA,49
1995,7,26,6,-26.5,942.5,NA,230,53
1995,7,26,9,-23.9,942.3,NA,NA,61
1995,7,26,12,-23,940.8,NA,NA,33
1995,7,26,15,-26.4,940.3,NA,NA,56
1995,7,26,18,-26.9,938.3,NA,220,46
1995,7,26,21,-26.2,939.7,NA,230,43
1995,7,27,0,-26.7,940.4,NA,230,45
1995,7,27,3,-24.2,940.1,NA,290,32
1995,7,27,6,-24.7,939.2,NA,330,22
1995,7,27,9,-23.9,937.3,4,350,20
1995,7,27,12,-25.2,935.5,NA,320,22
1995,7,27,15,-27.2,934.5,NA,0,32
1995,7,27,18,-26.4,934,NA,250,31
1995,7,27,21,-28.5,930.8,NA,230,50
1995,7,28,0,-28.4,932.2,NA,240,47
1995,7,28,3,-29.3,933.3,NA,220,57
1995,7,28,6,-29.3,933.3,NA,250,58
1995,7,28,9,-27.2,932.6,NA,0,55
1995,7,28,12,-26.7,931.6,NA,0,26
1995,7,28,15,-25.1,930.2,4,310,21
1995,7,28,18,-24.9,929.2,NA,340,20
1995,7,28,21,-24.3,929.5,NA,20,19
1995,7,29,0,-24.8,930.7,NA,10,19
1995,7,29,3,-24.3,931.7,NA,300,19
1995,7,29,6,-24.3,933.4,NA,10,19
1995,7,29,9,-26.4,934.2,NA,240,26
1995,7,29,12,-25.6,935.2,NA,240,55
1995,7,29,15,-28,935,NA,240,60
1995,7,29,18,-25.6,935.5,NA,230,64
1995,7,29,21,-25.1,935.4,NA,NA,65
1995,7,30,0,-25.1,933.5,NA,NA,65
1995,7,30,3,-23.7,933.8,NA,NA,67
1995,7,30,6,-22.8,933.5,NA,240,68
1995,7,30,9,-21.9,936,NA,230,67
1995,7,30,12,-20.5,934.6,58,240,67
1995,7,30,15,-20,935.9,59,NA,71
1995,7,30,18,-18.7,937.3,NA,NA,72
1995,7,30,21,-17.4,940,60,NA,57
1995,7,31,0,-17.3,945.5,NA,240,55
1995,7,31,3,-16.9,950.7,NA,230,64
1995,7,31,6,-16.6,955,NA,240,54
1995,7,31,9,-18.5,957.6,NA,210,61
1995,7,31,12,-15.9,958,NA,340,49
1995,7,31,15,NA,957.4,NA,350,42
1995,7,31,18,NA,956.3,NA,10,41
1995,7,31,21,-9.3,955,NA,10,36
1995,8,1,0,-7.7,951.3,NA,20,28
1995,8,1,3,NA,946.4,NA,10,24
1995,8,1,6,NA,945.3,NA,230,55
1995,8,1,9,NA,947.7,NA,230,40
1995,8,1,12,-9.5,947.4,NA,170,42
1995,8,1,15,-10.6,946.4,NA,250,42
1995,8,1,18,-11.4,945.4,7,270,37
1995,8,1,21,-10.1,943.8,NA,340,32
1995,8,2,0,-9.1,942.3,NA,260,34
1995,8,2,3,NA,941.4,4,250,50
1995,8,2,6,-10.7,939.5,5,270,39
1995,8,2,9,-10.9,937.8,NA,230,33
1995,8,2,12,-13.6,937.9,NA,0,54
1995,8,2,15,NA,938.6,NA,260,50
1995,8,2,18,-16.8,937.5,NA,240,41
1995,8,2,21,-18.2,939.3,NA,220,48
1995,8,3,0,-20.2,940.6,NA,NA,58
1995,8,3,3,-21.3,941.8,NA,NA,45
1995,8,3,6,-20.5,942,NA,NA,46
1995,8,3,9,-19.4,941.7,NA,240,46
1995,8,3,12,-18.2,940.7,NA,300,32
1995,8,3,15,-18.2,940.7,NA,0,27
1995,8,3,18,-18,940.5,NA,20,25
1995,8,3,21,-20.1,940.1,NA,350,39
1995,8,4,0,-19.7,939.7,13,320,41
1995,8,4,3,-18.9,939.6,NA,230,35
1995,8,4,6,-21.1,939.4,NA,250,43
1995,8,4,9,NA,940.2,NA,230,52
1995,8,4,12,-23.6,940,NA,240,54
1995,8,4,15,-22.9,940.4,NA,230,40
1995,8,4,18,-23.4,938.4,NA,220,40
1995,8,4,21,-23.8,937.1,NA,240,36
1995,8,5,0,-24.3,933,NA,230,42
1995,8,5,3,-24,933.4,NA,250,37
1995,8,5,6,-21.4,933.9,NA,230,25
1995,8,5,9,-21.5,933.1,NA,240,41
1995,8,5,12,-20.5,931.5,NA,230,24
1995,8,5,15,-21.6,930.5,NA,230,36
1995,8,5,18,-20.4,928.3,NA,240,22
1995,8,5,21,-20,929.8,NA,230,29
1995,8,6,0,-19.7,933.4,NA,230,30
1995,8,6,3,-19.7,935.5,NA,220,24
1995,8,6,6,-22.5,937,NA,220,37
1995,8,6,9,-22.4,935.5,NA,230,36
1995,8,6,12,-20.4,935.6,NA,230,29
1995,8,6,15,-21.9,936.7,NA,240,45
1995,8,6,18,-19.6,935.7,NA,230,25
1995,8,6,21,-19.7,935,NA,230,22
1995,8,7,0,-19.2,933.7,NA,0,25
1995,8,7,3,-19.2,932,NA,250,23
1995,8,7,6,-18.5,930.3,4,10,24
1995,8,7,9,-19.1,928.7,3,290,26
1995,8,7,12,-19.6,927.9,3,240,24
1995,8,7,15,-19.9,926.4,NA,20,24
1995,8,7,18,-18.9,925.1,1,320,22
1995,8,7,21,-18.6,923.7,2,290,22
1995,8,8,0,-17.9,923.1,NA,NA,19
1995,8,8,3,-19,922.6,2,280,19
1995,8,8,6,NA,921.4,NA,250,37
1995,8,8,9,-23.3,920.9,NA,240,38
1995,8,8,12,-23.7,921.5,NA,210,32
1995,8,8,15,-24.4,921.4,NA,200,51
1995,8,8,18,-26,922.2,NA,230,62
1995,8,8,21,-27.5,923.2,NA,250,60
1995,8,9,0,-26.2,923.9,NA,0,61
1995,8,9,3,-26.4,923.5,NA,10,61
1995,8,9,6,-27,923.4,NA,10,61
1995,8,9,9,-26.7,923.8,7,340,62
1995,8,9,12,-25.5,924.2,11,360,61
1995,8,9,15,-25.1,924.7,NA,270,48
1995,8,9,18,-22.5,924.4,NA,0,31
1995,8,9,21,-21.2,925.1,NA,0,25
1995,8,10,0,-21.6,924.5,NA,0,23
1995,8,10,3,-23.3,923.7,NA,40,29
1995,8,10,6,-22.2,924.1,NA,0,28
1995,8,10,9,-24.7,926.5,NA,240,41
1995,8,10,12,NA,929.4,NA,210,60
1995,8,10,15,-26.7,931.9,NA,240,61
1995,8,10,18,-28.1,933.3,NA,240,59
1995,8,10,21,-28.2,934.9,NA,220,56
1995,8,11,0,-28,936.2,NA,230,48
1995,8,11,3,-27.5,935.7,NA,230,48
1995,8,11,6,-27.9,937.9,NA,240,54
1995,8,11,9,-28.8,938.7,NA,230,50
1995,8,11,12,-28.8,938.7,NA,220,49
1995,8,11,15,-28.9,937,NA,230,57
1995,8,11,18,-25.9,934.8,NA,230,29
1995,8,11,21,-26.1,935.4,NA,240,37
1995,8,12,0,-25.9,933.6,NA,230,36
1995,8,12,3,-26.1,932.6,NA,230,35
1995,8,12,6,-27.5,931.2,NA,220,48
1995,8,12,9,-27.6,929,NA,270,50
1995,8,12,12,-26.8,927,NA,230,36
1995,8,12,15,-25.8,925.1,NA,NA,25
1995,8,12,18,-25.3,923.7,NA,NA,28
1995,8,12,21,-26.6,922.6,NA,NA,30
1995,8,13,0,-26.6,921.9,NA,240,30
1995,8,13,3,-26.7,921.9,NA,230,39
1995,8,13,6,-26,920.8,NA,240,36
1995,8,13,9,-26.8,921,NA,230,36
1995,8,13,12,-26.9,921.4,NA,230,41
1995,8,13,15,-24.7,921,NA,250,22
1995,8,13,18,-25.7,920.3,NA,240,36
1995,8,13,21,-26.5,918.9,NA,230,44
1995,8,14,0,-25.4,920.2,NA,100,38
1995,8,14,3,-25.9,918.9,NA,0,35
1995,8,14,6,-26.3,917.4,NA,NA,34
1995,8,14,9,-25.6,915.8,1,290,23
1995,8,14,12,-24.7,914.4,NA,230,21
1995,8,14,15,-23.9,912.3,NA,230,21
1995,8,14,18,-22.7,910.1,NA,230,20
1995,8,14,21,-23.4,907.8,NA,240,49
1995,8,15,0,NA,904.4,NA,230,61
1995,8,15,3,NA,903.4,NA,220,68
1995,8,15,6,-14.6,902.6,NA,260,65
1995,8,15,9,-12.9,899.9,NA,230,59
1995,8,15,12,-12.6,901,NA,230,73
1995,8,15,15,-11.3,899.9,NA,220,56
1995,8,15,18,-12,898.1,NA,280,46
1995,8,15,21,-11.5,894.8,NA,240,50
1995,8,16,0,-9.9,892.7,NA,330,29
1995,8,16,3,-11.3,891.8,NA,250,31
1995,8,16,6,-13.3,891.8,NA,250,53
1995,8,16,9,NA,892.1,NA,220,66
1995,8,16,12,-17.4,893.2,NA,220,54
1995,8,16,15,-19.8,894.9,NA,230,55
1995,8,16,18,-21.2,897.5,NA,230,66
1995,8,16,21,-21.6,900.3,NA,220,67
1995,8,17,0,-21.7,902.8,NA,230,69
1995,8,17,3,-21.9,904.7,NA,230,69
1995,8,17,6,-21.9,906.7,NA,270,69
1995,8,17,9,-21.3,908.1,NA,0,70
1995,8,17,12,-21.7,908.9,3,50,70
1995,8,17,15,-21.2,909.6,NA,40,70
1995,8,17,18,-21.6,909.4,7,10,70
1995,8,17,21,-22,909.9,NA,360,69
1995,8,18,0,-22.6,910.4,NA,240,69
1995,8,18,3,-23,911,NA,220,68
1995,8,18,6,-22.1,913,NA,270,69
1995,8,18,9,-22.7,914.8,NA,200,69
1995,8,18,12,-22.3,916.1,NA,0,69
1995,8,18,15,-22.9,917.1,NA,NA,68
1995,8,18,18,-23.3,917.9,NA,NA,68
1995,8,18,21,-23.2,919.1,1,280,68
1995,8,19,0,-23.6,919.9,2,250,68
1995,8,19,3,-23.8,920.4,NA,NA,67
1995,8,19,6,-24,920.4,NA,210,67
1995,8,19,9,-22.9,918.8,NA,220,68
1995,8,19,12,-21.6,916.8,NA,NA,69
1995,8,19,15,-21,915.9,NA,NA,68
1995,8,19,18,-21.8,914.1,NA,NA,70
1995,8,19,21,-21.5,913.8,NA,NA,70
1995,8,20,0,-21.2,912.7,NA,240,70
1995,8,20,3,-21.2,910.5,NA,NA,70
1995,8,20,6,-21.1,909.2,NA,NA,70
1995,8,20,9,-22.6,909.9,NA,230,69
1995,8,20,12,-23.5,909,NA,230,66
1995,8,20,15,-24.2,907.2,NA,240,66
1995,8,20,18,-25.3,910.9,NA,230,65
1995,8,20,21,-24.5,910,NA,230,65
1995,8,21,0,-25.6,913.3,NA,230,65
1995,8,21,3,-24.4,913.2,59,240,65
1995,8,21,6,-23.2,916.7,NA,240,55
1995,8,21,9,-23.7,917,NA,230,61
1995,8,21,12,-24.4,918.7,NA,230,65
1995,8,21,15,-23.2,919.4,NA,230,67
1995,8,21,18,-22.6,918.5,NA,0,68
1995,8,21,21,-22.4,916.4,NA,350,40
1995,8,22,0,-20.3,913.9,NA,330,32
1995,8,22,3,-20.5,911.6,NA,250,28
1995,8,22,6,-22.6,910,7,270,45
1995,8,22,9,NA,909.4,NA,20,50
1995,8,22,12,-24.2,908.7,NA,260,57
1995,8,22,15,-25.8,908.1,NA,240,65
1995,8,22,18,-27.1,908.5,NA,250,62
1995,8,22,21,-27,908.7,NA,260,62
1995,8,23,0,-26.5,908.9,7,230,63
1995,8,23,3,-25.5,909.1,8,230,64
1995,8,23,6,NA,NA,NA,NA,NA
1995,8,23,9,-24.3,909,NA,230,65
1995,8,23,12,-24.5,909.3,NA,NA,65
1995,8,23,15,-23.4,912.1,48,NA,59
1995,8,23,18,-22.7,914.9,NA,NA,61
1995,8,23,21,-22,917.1,47,NA,59
1995,8,24,0,-21.2,918.9,45,NA,68
1995,8,24,3,-21.1,920.9,45,NA,63
1995,8,24,6,-20.6,922.9,44,230,55
1995,8,24,9,-21,924.8,NA,240,56
1995,8,24,12,-21.9,926.2,NA,230,56
1995,8,24,15,-22.5,927.6,NA,NA,55
1995,8,24,18,-22.9,928.6,NA,NA,58
1995,8,24,21,-23,929.5,NA,NA,65
1995,8,25,0,-22.8,928.6,NA,260,67
1995,8,25,3,-23.3,927.6,NA,20,67
1995,8,25,6,-23.3,926.8,NA,20,67
1995,8,25,9,-24,927.4,12,340,61
1995,8,25,12,-24.3,927,NA,350,65
1995,8,25,15,-21.2,926.6,NA,340,54
1995,8,25,18,-21.8,926.2,NA,260,33
1995,8,25,21,-23.5,925.1,NA,30,51
1995,8,26,0,-23.7,922.8,NA,40,66
1995,8,26,3,-25.8,921.7,NA,240,63
1995,8,26,6,-25.3,921.9,NA,250,64
1995,8,26,9,-26.5,922.9,10,240,63
1995,8,26,12,-25.8,922.9,NA,0,63
1995,8,26,15,-25.4,922.7,NA,20,64
1995,8,26,18,-24.1,922.3,NA,20,66
1995,8,26,21,-24.9,922.4,NA,30,65
1995,8,27,0,-22.6,922.2,NA,20,67
1995,8,27,3,NA,921.1,NA,350,60
1995,8,27,6,NA,920.5,6,360,26
1995,8,27,9,-11.5,920,3,290,14
1995,8,27,12,NA,NA,NA,NA,NA
1995,8,27,15,NA,920.1,10,230,39
1995,8,27,18,NA,919.1,NA,230,40
1995,8,27,21,-23.3,919.8,NA,250,42
1995,8,28,0,-24.6,919.4,NA,220,44
1995,8,28,3,-27.4,918.8,NA,0,50
1995,8,28,6,-27.5,918,1,310,59
1995,8,28,9,-28.9,916.8,1,20,59
1995,8,28,12,-29.1,915.5,NA,NA,59
1995,8,28,15,-29.4,914.2,4,360,59
1995,8,28,18,-28.4,913.4,NA,40,60
1995,8,28,21,-28.6,913.6,5,20,59
1995,8,29,0,-29.2,914,4,20,59
1995,8,29,3,-30.2,915.1,1,260,59
1995,8,29,6,-29.5,917,NA,0,57
1995,8,29,9,-28.2,919.1,2,250,58
1995,8,29,12,-29.3,922,1,280,59
1995,8,29,15,-29.1,925,NA,NA,58
1995,8,29,18,-29.6,926.7,NA,240,56
1995,8,29,21,-30.5,928.9,NA,240,56
1995,8,30,0,-31.1,930.3,NA,230,56
1995,8,30,3,-32,933.5,NA,220,56
1995,8,30,6,-31.7,935.9,NA,260,55
1995,8,30,9,-30.4,936.7,NA,30,57
1995,8,30,12,-30.5,937,NA,30,57
1995,8,30,15,-30.9,938.4,8,40,56
1995,8,30,18,-31,939,9,30,56
1995,8,30,21,-31.1,939.6,NA,20,56
1995,8,31,0,-29.6,939.5,9,30,58
1995,8,31,3,-29.8,938.3,10,40,58
1995,8,31,6,-29.7,938,NA,40,55
1995,8,31,9,-29.2,936.7,NA,30,55
1995,8,31,12,NA,934.9,NA,40,52
1995,8,31,15,NA,933.9,NA,270,32
1995,8,31,18,-20.6,933.9,NA,240,26
1995,8,31,21,-21,933.6,NA,NA,27
1995,9,1,0,-22,932.5,NA,230,NA
1995,9,1,3,-25.4,929.7,NA,NA,63
1995,9,1,6,-23.6,929.5,NA,NA,67
1995,9,1,9,-25.5,929.1,NA,NA,64
1995,9,1,12,-25.7,929.7,43,NA,64
1995,9,1,15,-24.3,933.4,NA,NA,65
1995,9,1,18,-24.1,935.9,NA,NA,66
1995,9,1,21,-24.3,940.7,NA,260,66
1995,9,2,0,-24.8,941.9,11,270,65
1995,9,2,3,-22.3,942.5,NA,260,68
1995,9,2,6,-22.3,942,NA,270,68
1995,9,2,9,-22.5,940.5,NA,0,69
1995,9,2,12,-25.3,938.3,2,260,65
1995,9,2,15,-24.8,935.7,NA,250,65
1995,9,2,18,-23.7,932.7,NA,250,67
1995,9,2,21,-23.9,930.3,NA,NA,66
1995,9,3,0,-24.8,928.9,NA,260,66
1995,9,3,3,-24,928.4,NA,230,66
1995,9,3,6,-24.8,926.9,NA,220,65
1995,9,3,9,-24.1,926.8,NA,220,66
1995,9,3,12,-24.8,926.2,NA,230,66
1995,9,3,15,-25.4,923.1,NA,220,64
1995,9,3,18,-26.8,923.6,NA,230,63
1995,9,3,21,-27.7,920,NA,230,61
1995,9,4,0,-28.6,922.5,58,240,60
1995,9,4,3,-30.1,922.8,NA,230,58
1995,9,4,6,-29.5,924.8,NA,220,59
1995,9,4,9,-30.2,926.2,NA,210,58
1995,9,4,12,-29.5,925.1,NA,220,59
1995,9,4,15,-29.6,924.5,NA,10,58
1995,9,4,18,-30.2,923.9,NA,60,58
1995,9,4,21,-30.3,923.3,1,320,58
1995,9,5,0,-33.2,NA,NA,270,NA
1995,9,5,3,-33.4,919,NA,220,54
1995,9,5,6,-33.1,918.2,NA,210,54
1995,9,5,9,-34,919.2,NA,210,53
1995,9,5,12,-34,919.7,NA,0,53
1995,9,5,15,-33.4,919,NA,50,54
1995,9,5,18,-33.5,918.8,NA,10,54
1995,9,5,21,-34.2,919.3,10,350,53
1995,9,6,0,-33,919.6,12,60,54
1995,9,6,3,-33,919.6,NA,130,54
1995,9,6,6,-34.8,919.3,NA,NA,52
1995,9,6,9,-35.8,918.8,NA,NA,50
1995,9,6,12,-36.2,919,NA,240,50
1995,9,6,15,-36.3,919.3,17,NA,50
1995,9,6,18,-36.6,919.7,NA,NA,50
1995,9,6,21,-35.9,920.7,NA,NA,50
1995,9,7,0,-36.5,921,NA,230,51
1995,9,7,3,-36.2,922.3,NA,250,50
1995,9,7,6,-35.5,922.9,NA,250,50
1995,9,7,9,-35,923.7,NA,0,51
1995,9,7,12,-35.4,923.6,NA,0,51
1995,9,7,15,-35.4,924.1,NA,NA,51
1995,9,7,18,-35.1,925.4,NA,240,52
1995,9,7,21,-32.7,926.2,NA,220,54
1995,9,8,0,NA,925.7,7,230,59
1995,9,8,3,NA,924.7,NA,340,55
1995,9,8,6,-25.1,923.5,NA,20,32
1995,9,8,9,-27.9,922.7,NA,360,24
1995,9,8,12,-28.4,921.9,NA,360,34
1995,9,8,15,-29.9,921.3,NA,340,57
1995,9,8,18,-29.6,922.7,NA,330,58
1995,9,8,21,-29.9,924.6,NA,300,58
1995,9,9,0,-29.9,926.1,2,220,58
1995,9,9,3,-30.1,927.6,NA,210,58
1995,9,9,6,-28.6,929,NA,220,59
1995,9,9,9,-31,930.5,NA,NA,57
1995,9,9,12,-30.1,931.1,NA,NA,58
1995,9,9,15,-28.5,931.6,NA,NA,60
1995,9,9,18,-29,931.5,NA,NA,59
1995,9,9,21,-27.5,929.2,NA,230,61
1995,9,10,0,-26.9,926.5,NA,230,62
1995,9,10,3,-27.3,924.6,NA,230,62
1995,9,10,6,-27.5,923.4,NA,NA,62
1995,9,10,9,-27.1,922.6,NA,NA,62
1995,9,10,12,-26.6,922.7,NA,230,62
1995,9,10,15,-26.2,923.7,NA,230,62
1995,9,10,18,-26.1,924.7,NA,220,63
1995,9,10,21,-28,925.1,NA,240,61
1995,9,11,0,-27.9,926.7,NA,230,61
1995,9,11,3,-28.6,927.9,NA,220,60
1995,9,11,6,-29.4,928.7,NA,220,59
1995,9,11,9,-30.1,928.2,NA,250,58
1995,9,11,12,-30.6,927.8,NA,0,57
1995,9,11,15,-30.5,927.1,3,40,57
1995,9,11,18,-31.1,927,2,30,57
1995,9,11,21,-30.7,926.4,6,30,57
1995,9,12,0,-30.5,926,NA,20,57
1995,9,12,3,-30.6,925.5,5,50,57
1995,9,12,6,-29.8,924.9,NA,30,57
1995,9,12,9,-30,923.1,NA,0,58
1995,9,12,12,-32.7,921.2,3,260,55
1995,9,12,15,-32.5,918.2,NA,220,55
1995,9,12,18,-31.8,914.7,NA,220,56
1995,9,12,21,-31.2,910.2,NA,NA,56
1995,9,13,0,-31.2,907.1,NA,NA,56
1995,9,13,3,-31.6,901.7,NA,NA,56
1995,9,13,6,-30.6,903,NA,NA,55
1995,9,13,9,-30.4,903.1,57,NA,56
1995,9,13,12,-29.1,905.1,NA,NA,50
1995,9,13,15,-30.9,907.7,NA,NA,57
1995,9,13,18,-27.5,906.2,NA,240,51
1995,9,13,21,-26.1,908.2,NA,230,44
1995,9,14,0,-25,910.1,NA,230,42
1995,9,14,3,-24.3,909.4,NA,220,40
1995,9,14,6,-24.2,908.9,NA,280,61
1995,9,14,9,-24,908.4,NA,0,66
1995,9,14,12,-24.1,906.9,NA,300,58
1995,9,14,15,-23.5,905,3,310,45
1995,9,14,18,-23,902.8,3,350,39
1995,9,14,21,-23.3,901,4,230,35
1995,9,15,0,-23.6,899.6,NA,120,NA
1995,9,15,3,-24.1,900,NA,250,65
1995,9,15,6,-25.4,901.1,NA,250,63
1995,9,15,9,-26.3,903,NA,240,62
1995,9,15,12,-26.4,903.9,NA,0,62
1995,9,15,15,-26.9,904.8,NA,10,62
1995,9,15,18,-26.6,905.9,NA,NA,62
1995,9,15,21,-25.4,906.6,NA,NA,65
1995,9,16,0,-24.4,906.1,2,20,66
1995,9,16,3,-25.2,905.5,NA,0,65
1995,9,16,6,-24.7,904.1,4,320,51
1995,9,16,9,-26.2,903.4,NA,270,51
1995,9,16,12,-25.8,901.6,NA,230,49
1995,9,16,15,-26,898.6,NA,220,59
1995,9,16,18,NA,894.5,NA,230,37
1995,9,16,21,NA,889.2,NA,240,64
1995,9,17,0,-18.3,890.3,NA,230,71
1995,9,17,3,-17.1,891.6,NA,240,75
1995,9,17,6,-16.2,890.9,NA,230,77
1995,9,17,9,-15.4,890.9,NA,230,78
1995,9,17,12,-15.1,894.1,NA,230,78
1995,9,17,15,-15.8,895.8,NA,240,78
1995,9,17,18,-13.1,897.2,NA,240,75
1995,9,17,21,-13.5,899.3,52,230,76
1995,9,18,0,-14.2,901,NA,230,68
1995,9,18,3,-14.8,902.9,NA,220,57
1995,9,18,6,-13.8,904.9,NA,220,54
1995,9,18,9,-11,906.6,37,230,37
1995,9,18,12,-13,910.1,NA,220,47
1995,9,18,15,-14.4,912,NA,250,53
1995,9,18,18,-14.1,912.7,NA,20,46
1995,9,18,21,-14.5,912.8,NA,10,54
1995,9,19,0,-16.5,913.7,NA,250,72
1995,9,19,3,-16.5,915.1,NA,230,75
1995,9,19,6,-19.5,916.2,NA,240,74
1995,9,19,9,-20.1,917.1,NA,240,72
1995,9,19,12,-20.5,916.5,NA,10,60
1995,9,19,15,-20,915.6,NA,30,52
1995,9,19,18,-20.6,913.7,11,50,71
1995,9,19,21,-19.8,912.1,11,50,68
1995,9,20,0,-19.8,910.9,NA,50,73
1995,9,20,3,-20.3,909.6,NA,240,NA
1995,9,20,6,-20.7,909.7,NA,250,72
1995,9,20,9,-21.4,909.6,NA,250,71
1995,9,20,12,-21.5,909.6,NA,230,71
1995,9,20,15,-20.7,910.6,14,220,71
1995,9,20,18,-22.1,911.6,13,230,70
1995,9,20,21,-21.6,912.1,NA,230,70
1995,9,21,0,-21.4,912.3,NA,240,71
1995,9,21,3,-21.2,911.5,NA,0,70
1995,9,21,6,-22.4,911,NA,NA,69
1995,9,21,9,NA,NA,NA,NA,NA
1995,9,21,12,NA,NA,NA,NA,NA
1995,9,21,15,NA,NA,NA,NA,NA
1995,9,21,18,NA,NA,NA,NA,NA
1995,9,21,21,NA,NA,NA,NA,NA
1995,9,22,0,NA,NA,NA,NA,NA
1995,9,22,3,NA,NA,NA,NA,NA
1995,9,22,6,NA,NA,NA,NA,NA
1995,9,22,9,NA,NA,NA,NA,NA
1995,9,22,12,NA,NA,NA,NA,NA
1995,9,22,15,NA,NA,NA,NA,NA
1995,9,22,18,NA,NA,NA,NA,NA
1995,9,22,21,NA,NA,NA,NA,NA
1995,9,23,0,NA,NA,NA,NA,NA
1995,9,23,3,NA,NA,NA,NA,NA
1995,9,23,6,NA,NA,NA,NA,NA
1995,9,23,9,NA,NA,NA,NA,NA
1995,9,23,12,NA,NA,NA,NA,NA
1995,9,23,15,NA,NA,NA,NA,NA
1995,9,23,18,NA,NA,NA,NA,NA
1995,9,23,21,NA,NA,NA,NA,NA
1995,9,24,0,NA,NA,NA,NA,NA
1995,9,24,3,NA,NA,NA,NA,NA
1995,9,24,6,NA,NA,NA,NA,NA
1995,9,24,9,NA,NA,NA,NA,NA
1995,9,24,12,NA,NA,NA,NA,NA
1995,9,24,15,NA,NA,NA,NA,NA
1995,9,24,18,NA,NA,NA,NA,NA
1995,9,24,21,NA,NA,NA,NA,NA
1995,9,25,0,NA,NA,NA,NA,NA
1995,9,25,3,NA,NA,NA,NA,NA
1995,9,25,6,NA,NA,NA,NA,NA
1995,9,25,9,NA,NA,NA,NA,NA
1995,9,25,12,NA,NA,NA,NA,NA
1995,9,25,15,NA,NA,NA,NA,NA
1995,9,25,18,NA,NA,NA,NA,NA
1995,9,25,21,NA,NA,NA,NA,NA
1995,9,26,0,NA,NA,NA,NA,NA
1995,9,26,3,NA,NA,NA,NA,NA
1995,9,26,6,NA,NA,NA,NA,NA
1995,9,26,9,NA,NA,NA,NA,NA
1995,9,26,12,NA,NA,NA,NA,NA
1995,9,26,15,NA,NA,NA,NA,NA
1995,9,26,18,NA,NA,NA,NA,NA
1995,9,26,21,NA,NA,NA,NA,NA
1995,9,27,0,NA,NA,NA,NA,NA
1995,9,27,3,NA,NA,NA,NA,NA
1995,9,27,6,NA,NA,NA,NA,NA
1995,9,27,9,NA,NA,NA,NA,NA
1995,9,27,12,NA,NA,NA,NA,NA
1995,9,27,15,NA,NA,NA,NA,NA
1995,9,27,18,NA,NA,NA,NA,NA
1995,9,27,21,NA,NA,NA,NA,NA
1995,9,28,0,NA,NA,NA,NA,NA
1995,9,28,3,NA,NA,NA,NA,NA
1995,9,28,6,NA,NA,NA,NA,NA
1995,9,28,9,NA,NA,NA,NA,NA
1995,9,28,12,NA,NA,NA,NA,NA
1995,9,28,15,NA,NA,NA,NA,NA
1995,9,28,18,NA,NA,NA,NA,NA
1995,9,28,21,NA,NA,NA,NA,NA
1995,9,29,0,NA,NA,NA,NA,NA
1995,9,29,3,NA,NA,NA,NA,NA
1995,9,29,6,NA,NA,NA,NA,NA
1995,9,29,9,NA,NA,NA,NA,NA
1995,9,29,12,NA,NA,NA,NA,NA
1995,9,29,15,NA,NA,NA,NA,NA
1995,9,29,18,NA,NA,NA,NA,NA
1995,9,29,21,NA,NA,NA,NA,NA
1995,9,30,0,NA,NA,NA,NA,NA
1995,9,30,3,NA,NA,NA,NA,NA
1995,9,30,6,NA,NA,NA,NA,NA
1995,9,30,9,NA,NA,NA,NA,NA
1995,9,30,12,NA,NA,NA,NA,NA
1995,9,30,15,NA,NA,NA,NA,NA
1995,9,30,18,NA,NA,NA,NA,NA
1995,9,30,21,NA,NA,NA,NA,NA
1995,10,1,0,NA,NA,NA,NA,NA
1995,10,1,3,NA,NA,NA,NA,NA
1995,10,1,6,NA,NA,NA,NA,NA
1995,10,1,9,NA,NA,NA,NA,NA
1995,10,1,12,NA,NA,NA,NA,NA
1995,10,1,15,NA,NA,NA,NA,NA
1995,10,1,18,NA,NA,NA,NA,NA
1995,10,1,21,NA,NA,NA,NA,NA
1995,10,2,0,NA,NA,NA,NA,NA
1995,10,2,3,NA,NA,NA,NA,NA
1995,10,2,6,NA,NA,NA,NA,NA
1995,10,2,9,NA,NA,NA,NA,NA
1995,10,2,12,NA,NA,NA,NA,NA
1995,10,2,15,NA,NA,NA,NA,NA
1995,10,2,18,NA,NA,NA,NA,NA
1995,10,2,21,NA,NA,NA,NA,NA
1995,10,3,0,NA,NA,NA,NA,NA
1995,10,3,3,NA,NA,NA,NA,NA
1995,10,3,6,NA,NA,NA,NA,NA
1995,10,3,9,NA,NA,NA,NA,NA
1995,10,3,12,NA,NA,NA,NA,NA
1995,10,3,15,NA,NA,NA,NA,NA
1995,10,3,18,NA,NA,NA,NA,NA
1995,10,3,21,NA,NA,NA,NA,NA
1995,10,4,0,NA,NA,NA,NA,NA
1995,10,4,3,NA,NA,NA,NA,NA
1995,10,4,6,NA,NA,NA,NA,NA
1995,10,4,9,NA,NA,NA,NA,NA
1995,10,4,12,NA,NA,NA,NA,NA
1995,10,4,15,NA,NA,NA,NA,NA
1995,10,4,18,NA,NA,NA,NA,NA
1995,10,4,21,NA,NA,NA,NA,NA
1995,10,5,0,NA,NA,NA,NA,NA
1995,10,5,3,NA,NA,NA,NA,NA
1995,10,5,6,NA,NA,NA,NA,NA
1995,10,5,9,NA,NA,NA,NA,NA
1995,10,5,12,NA,NA,NA,NA,NA
1995,10,5,15,NA,NA,NA,NA,NA
1995,10,5,18,NA,NA,NA,NA,NA
1995,10,5,21,NA,NA,NA,NA,NA
1995,10,6,0,NA,NA,NA,NA,NA
1995,10,6,3,NA,NA,NA,NA,NA
1995,10,6,6,NA,NA,NA,NA,NA
1995,10,6,9,NA,NA,NA,NA,NA
1995,10,6,12,NA,NA,NA,NA,NA
1995,10,6,15,NA,NA,NA,NA,NA
1995,10,6,18,NA,NA,NA,NA,NA
1995,10,6,21,NA,NA,NA,NA,NA
1995,10,7,0,NA,NA,NA,NA,NA
1995,10,7,3,NA,NA,NA,NA,NA
1995,10,7,6,NA,NA,NA,NA,NA
1995,10,7,9,NA,NA,NA,NA,NA
1995,10,7,12,NA,NA,NA,NA,NA
1995,10,7,15,NA,NA,NA,NA,NA
1995,10,7,18,NA,NA,NA,NA,NA
1995,10,7,21,NA,NA,NA,NA,NA
1995,10,8,0,NA,NA,NA,NA,NA
1995,10,8,3,NA,NA,NA,NA,NA
1995,10,8,6,NA,NA,NA,NA,NA
1995,10,8,9,NA,NA,NA,NA,NA
1995,10,8,12,NA,NA,NA,NA,NA
1995,10,8,15,NA,NA,NA,NA,NA
1995,10,8,18,NA,NA,NA,NA,NA
1995,10,8,21,NA,NA,NA,NA,NA
1995,10,9,0,NA,NA,NA,NA,NA
1995,10,9,3,NA,NA,NA,NA,NA
1995,10,9,6,NA,NA,NA,NA,NA
1995,10,9,9,NA,NA,NA,NA,NA
1995,10,9,12,NA,NA,NA,NA,NA
1995,10,9,15,NA,NA,NA,NA,NA
1995,10,9,18,NA,NA,NA,NA,NA
1995,10,9,21,NA,NA,NA,NA,NA
1995,10,10,0,NA,NA,NA,NA,NA
1995,10,10,3,NA,NA,NA,NA,NA
1995,10,10,6,NA,NA,NA,NA,NA
1995,10,10,9,NA,NA,NA,NA,NA
1995,10,10,12,NA,NA,NA,NA,NA
1995,10,10,15,NA,NA,NA,NA,NA
1995,10,10,18,NA,NA,NA,NA,NA
1995,10,10,21,NA,NA,NA,NA,NA
1995,10,11,0,NA,NA,NA,NA,NA
1995,10,11,3,NA,NA,NA,NA,NA
1995,10,11,6,NA,NA,NA,NA,NA
1995,10,11,9,NA,NA,NA,NA,NA
1995,10,11,12,NA,NA,NA,NA,NA
1995,10,11,15,NA,NA,NA,NA,NA
1995,10,11,18,NA,NA,NA,NA,NA
1995,10,11,21,NA,NA,NA,NA,NA
1995,10,12,0,NA,NA,NA,NA,NA
1995,10,12,3,NA,NA,NA,NA,NA
1995,10,12,6,NA,NA,NA,NA,NA
1995,10,12,9,NA,NA,NA,NA,NA
1995,10,12,12,NA,NA,NA,NA,NA
1995,10,12,15,NA,NA,NA,NA,NA
1995,10,12,18,NA,NA,NA,NA,NA
1995,10,12,21,NA,NA,NA,NA,NA
1995,10,13,0,NA,NA,NA,NA,NA
1995,10,13,3,NA,NA,NA,NA,NA
1995,10,13,6,NA,NA,NA,NA,NA
1995,10,13,9,NA,NA,NA,NA,NA
1995,10,13,12,NA,NA,NA,NA,NA
1995,10,13,15,NA,NA,NA,NA,NA
1995,10,13,18,NA,NA,NA,NA,NA
1995,10,13,21,NA,NA,NA,NA,NA
1995,10,14,0,NA,NA,NA,NA,NA
1995,10,14,3,NA,NA,NA,NA,NA
1995,10,14,6,NA,NA,NA,NA,NA
1995,10,14,9,NA,NA,NA,NA,NA
1995,10,14,12,NA,NA,NA,NA,NA
1995,10,14,15,NA,NA,NA,NA,NA
1995,10,14,18,NA,NA,NA,NA,NA
1995,10,14,21,NA,NA,NA,NA,NA
1995,10,15,0,NA,NA,NA,NA,NA
1995,10,15,3,NA,NA,NA,NA,NA
1995,10,15,6,NA,NA,NA,NA,NA
1995,10,15,9,NA,NA,NA,NA,NA
1995,10,15,12,NA,NA,NA,NA,NA
1995,10,15,15,NA,NA,NA,NA,NA
1995,10,15,18,NA,NA,NA,NA,NA
1995,10,15,21,NA,NA,NA,NA,NA
1995,10,16,0,NA,NA,NA,NA,NA
1995,10,16,3,NA,NA,NA,NA,NA
1995,10,16,6,NA,NA,NA,NA,NA
1995,10,16,9,NA,NA,NA,NA,NA
1995,10,16,12,NA,NA,NA,NA,NA
1995,10,16,15,NA,NA,NA,NA,NA
1995,10,16,18,NA,NA,NA,NA,NA
1995,10,16,21,NA,NA,NA,NA,NA
1995,10,17,0,NA,NA,NA,NA,NA
1995,10,17,3,NA,NA,NA,NA,NA
1995,10,17,6,NA,NA,NA,NA,NA
1995,10,17,9,NA,NA,NA,NA,NA
1995,10,17,12,NA,NA,NA,NA,NA
1995,10,17,15,NA,NA,NA,NA,NA
1995,10,17,18,NA,NA,NA,NA,NA
1995,10,17,21,NA,NA,NA,NA,NA
1995,10,18,0,NA,NA,NA,NA,NA
1995,10,18,3,NA,NA,NA,NA,NA
1995,10,18,6,NA,NA,NA,NA,NA
1995,10,18,9,NA,NA,NA,NA,NA
1995,10,18,12,NA,NA,NA,NA,NA
1995,10,18,15,NA,NA,NA,NA,NA
1995,10,18,18,NA,NA,NA,NA,NA
1995,10,18,21,NA,NA,NA,NA,NA
1995,10,19,0,NA,NA,NA,NA,NA
1995,10,19,3,NA,NA,NA,NA,NA
1995,10,19,6,NA,NA,NA,NA,NA
1995,10,19,9,NA,NA,NA,NA,NA
1995,10,19,12,NA,NA,NA,NA,NA
1995,10,19,15,NA,NA,NA,NA,NA
1995,10,19,18,NA,NA,NA,NA,NA
1995,10,19,21,NA,NA,NA,NA,NA
1995,10,20,0,NA,NA,NA,NA,NA
1995,10,20,3,NA,NA,NA,NA,NA
1995,10,20,6,NA,NA,NA,NA,NA
1995,10,20,9,NA,NA,NA,NA,NA
1995,10,20,12,NA,NA,NA,NA,NA
1995,10,20,15,NA,NA,NA,NA,NA
1995,10,20,18,NA,NA,NA,NA,NA
1995,10,20,21,NA,NA,NA,NA,NA
1995,10,21,0,NA,NA,NA,NA,NA
1995,10,21,3,NA,NA,NA,NA,NA
1995,10,21,6,NA,NA,NA,NA,NA
1995,10,21,9,NA,NA,NA,NA,NA
1995,10,21,12,NA,NA,NA,NA,NA
1995,10,21,15,NA,NA,NA,NA,NA
1995,10,21,18,NA,NA,NA,NA,NA
1995,10,21,21,NA,NA,NA,NA,NA
1995,10,22,0,NA,NA,NA,NA,NA
1995,10,22,3,NA,NA,NA,NA,NA
1995,10,22,6,NA,NA,NA,NA,NA
1995,10,22,9,NA,NA,NA,NA,NA
1995,10,22,12,NA,NA,NA,NA,NA
1995,10,22,15,NA,NA,NA,NA,NA
1995,10,22,18,NA,NA,NA,NA,NA
1995,10,22,21,NA,NA,NA,NA,NA
1995,10,23,0,NA,NA,NA,NA,NA
1995,10,23,3,NA,NA,NA,NA,NA
1995,10,23,6,NA,NA,NA,NA,NA
1995,10,23,9,NA,NA,NA,NA,NA
1995,10,23,12,NA,NA,NA,NA,NA
1995,10,23,15,NA,NA,NA,NA,NA
1995,10,23,18,NA,NA,NA,NA,NA
1995,10,23,21,NA,NA,NA,NA,NA
1995,10,24,0,NA,NA,NA,NA,NA
1995,10,24,3,NA,NA,NA,NA,NA
1995,10,24,6,NA,NA,NA,NA,NA
1995,10,24,9,NA,NA,NA,NA,NA
1995,10,24,12,NA,NA,NA,NA,NA
1995,10,24,15,NA,NA,NA,NA,NA
1995,10,24,18,NA,NA,NA,NA,NA
1995,10,24,21,NA,NA,NA,NA,NA
1995,10,25,0,NA,NA,NA,NA,NA
1995,10,25,3,NA,NA,NA,NA,NA
1995,10,25,6,NA,NA,NA,NA,NA
1995,10,25,9,NA,NA,NA,NA,NA
1995,10,25,12,NA,NA,NA,NA,NA
1995,10,25,15,NA,NA,NA,NA,NA
1995,10,25,18,NA,NA,NA,NA,NA
1995,10,25,21,NA,NA,NA,NA,NA
1995,10,26,0,NA,NA,NA,NA,NA
1995,10,26,3,NA,NA,NA,NA,NA
1995,10,26,6,NA,NA,NA,NA,NA
1995,10,26,9,NA,NA,NA,NA,NA
1995,10,26,12,NA,NA,NA,NA,NA
1995,10,26,15,NA,NA,NA,NA,NA
1995,10,26,18,NA,NA,NA,NA,NA
1995,10,26,21,NA,NA,NA,NA,NA
1995,10,27,0,NA,NA,NA,NA,NA
1995,10,27,3,NA,NA,NA,NA,NA
1995,10,27,6,NA,NA,NA,NA,NA
1995,10,27,9,NA,NA,NA,NA,NA
1995,10,27,12,NA,NA,NA,NA,NA
1995,10,27,15,NA,NA,NA,NA,NA
1995,10,27,18,NA,NA,NA,NA,NA
1995,10,27,21,NA,NA,NA,NA,NA
1995,10,28,0,NA,NA,NA,NA,NA
1995,10,28,3,NA,NA,NA,NA,NA
1995,10,28,6,NA,NA,NA,NA,NA
1995,10,28,9,NA,NA,NA,NA,NA
1995,10,28,12,NA,NA,NA,NA,NA
1995,10,28,15,NA,NA,NA,NA,NA
1995,10,28,18,NA,NA,NA,NA,NA
1995,10,28,21,NA,NA,NA,NA,NA
1995,10,29,0,NA,NA,NA,NA,NA
1995,10,29,3,NA,NA,NA,NA,NA
1995,10,29,6,NA,NA,NA,NA,NA
1995,10,29,9,NA,NA,NA,NA,NA
1995,10,29,12,NA,NA,NA,NA,NA
1995,10,29,15,NA,NA,NA,NA,NA
1995,10,29,18,NA,NA,NA,NA,NA
1995,10,29,21,NA,NA,NA,NA,NA
1995,10,30,0,NA,NA,NA,NA,NA
1995,10,30,3,NA,NA,NA,NA,NA
1995,10,30,6,NA,NA,NA,NA,NA
1995,10,30,9,NA,NA,NA,NA,NA
1995,10,30,12,NA,NA,NA,NA,NA
1995,10,30,15,NA,NA,NA,NA,NA
1995,10,30,18,NA,NA,NA,NA,NA
1995,10,30,21,NA,NA,NA,NA,NA
1995,10,31,0,NA,NA,NA,NA,NA
1995,10,31,3,NA,NA,NA,NA,NA
1995,10,31,6,NA,NA,NA,NA,NA
1995,10,31,9,NA,NA,NA,NA,NA
1995,10,31,12,NA,NA,NA,NA,NA
1995,10,31,15,NA,NA,NA,NA,NA
1995,10,31,18,NA,NA,NA,NA,NA
1995,10,31,21,NA,NA,NA,NA,NA
1995,11,1,0,NA,NA,NA,NA,NA
1995,11,1,3,NA,NA,NA,NA,NA
1995,11,1,6,NA,NA,NA,NA,NA
1995,11,1,9,NA,NA,NA,NA,NA
1995,11,1,12,NA,NA,NA,NA,NA
1995,11,1,15,NA,NA,NA,NA,NA
1995,11,1,18,NA,NA,NA,NA,NA
1995,11,1,21,NA,NA,NA,NA,NA
1995,11,2,0,NA,NA,NA,NA,NA
1995,11,2,3,NA,NA,NA,NA,NA
1995,11,2,6,NA,NA,NA,NA,NA
1995,11,2,9,NA,NA,NA,NA,NA
1995,11,2,12,NA,NA,NA,NA,NA
1995,11,2,15,NA,NA,NA,NA,NA
1995,11,2,18,NA,NA,NA,NA,NA
1995,11,2,21,NA,NA,NA,NA,NA
1995,11,3,0,NA,NA,NA,NA,NA
1995,11,3,3,NA,NA,NA,NA,NA
1995,11,3,6,NA,NA,NA,NA,NA
1995,11,3,9,NA,NA,NA,NA,NA
1995,11,3,12,NA,NA,NA,NA,NA
1995,11,3,15,NA,NA,NA,NA,NA
1995,11,3,18,NA,NA,NA,NA,NA
1995,11,3,21,NA,NA,NA,NA,NA
1995,11,4,0,NA,NA,NA,NA,NA
1995,11,4,3,NA,NA,NA,NA,NA
1995,11,4,6,NA,NA,NA,NA,NA
1995,11,4,9,NA,NA,NA,NA,NA
1995,11,4,12,NA,NA,NA,NA,NA
1995,11,4,15,NA,NA,NA,NA,NA
1995,11,4,18,NA,NA,NA,NA,NA
1995,11,4,21,NA,NA,NA,NA,NA
1995,11,5,0,NA,NA,NA,NA,NA
1995,11,5,3,NA,NA,NA,NA,NA
1995,11,5,6,NA,NA,NA,NA,NA
1995,11,5,9,NA,NA,NA,NA,NA
1995,11,5,12,NA,NA,NA,NA,NA
1995,11,5,15,NA,NA,NA,NA,NA
1995,11,5,18,NA,NA,NA,NA,NA
1995,11,5,21,NA,NA,NA,NA,NA
1995,11,6,0,NA,NA,NA,NA,NA
1995,11,6,3,NA,NA,NA,NA,NA
1995,11,6,6,NA,NA,NA,NA,NA
1995,11,6,9,NA,NA,NA,NA,NA
1995,11,6,12,NA,NA,NA,NA,NA
1995,11,6,15,NA,NA,NA,NA,NA
1995,11,6,18,NA,NA,NA,NA,NA
1995,11,6,21,NA,NA,NA,NA,NA
1995,11,7,0,NA,NA,NA,NA,NA
1995,11,7,3,NA,NA,NA,NA,NA
1995,11,7,6,NA,NA,NA,NA,NA
1995,11,7,9,NA,NA,NA,NA,NA
1995,11,7,12,NA,NA,NA,NA,NA
1995,11,7,15,NA,NA,NA,NA,NA
1995,11,7,18,NA,NA,NA,NA,NA
1995,11,7,21,NA,NA,NA,NA,NA
1995,11,8,0,NA,NA,NA,NA,NA
1995,11,8,3,NA,NA,NA,NA,NA
1995,11,8,6,NA,NA,NA,NA,NA
1995,11,8,9,NA,NA,NA,NA,NA
1995,11,8,12,NA,NA,NA,NA,NA
1995,11,8,15,NA,NA,NA,NA,NA
1995,11,8,18,NA,NA,NA,NA,NA
1995,11,8,21,NA,NA,NA,NA,NA
1995,11,9,0,NA,NA,NA,NA,NA
1995,11,9,3,NA,NA,NA,NA,NA
1995,11,9,6,NA,NA,NA,NA,NA
1995,11,9,9,NA,NA,NA,NA,NA
1995,11,9,12,NA,NA,NA,NA,NA
1995,11,9,15,NA,NA,NA,NA,NA
1995,11,9,18,NA,NA,NA,NA,NA
1995,11,9,21,NA,NA,NA,NA,NA
1995,11,10,0,NA,NA,NA,NA,NA
1995,11,10,3,NA,NA,NA,NA,NA
1995,11,10,6,NA,NA,NA,NA,NA
1995,11,10,9,NA,NA,NA,NA,NA
1995,11,10,12,NA,NA,NA,NA,NA
1995,11,10,15,NA,NA,NA,NA,NA
1995,11,10,18,NA,NA,NA,NA,NA
1995,11,10,21,NA,NA,NA,NA,NA
1995,11,11,0,NA,NA,NA,NA,NA
1995,11,11,3,NA,NA,NA,NA,NA
1995,11,11,6,NA,NA,NA,NA,NA
1995,11,11,9,NA,NA,NA,NA,NA
1995,11,11,12,NA,NA,NA,NA,NA
1995,11,11,15,NA,NA,NA,NA,NA
1995,11,11,18,NA,NA,NA,NA,NA
1995,11,11,21,NA,NA,NA,NA,NA
1995,11,12,0,NA,NA,NA,NA,NA
1995,11,12,3,NA,NA,NA,NA,NA
1995,11,12,6,NA,NA,NA,NA,NA
1995,11,12,9,NA,NA,NA,NA,NA
1995,11,12,12,NA,NA,NA,NA,NA
1995,11,12,15,NA,NA,NA,NA,NA
1995,11,12,18,NA,NA,NA,NA,NA
1995,11,12,21,NA,NA,NA,NA,NA
1995,11,13,0,NA,NA,NA,NA,NA
1995,11,13,3,NA,NA,NA,NA,NA
1995,11,13,6,NA,NA,NA,NA,NA
1995,11,13,9,NA,NA,NA,NA,NA
1995,11,13,12,NA,NA,NA,NA,NA
1995,11,13,15,NA,NA,NA,NA,NA
1995,11,13,18,NA,NA,NA,NA,NA
1995,11,13,21,NA,NA,NA,NA,NA
1995,11,14,0,NA,NA,NA,NA,NA
1995,11,14,3,NA,NA,NA,NA,NA
1995,11,14,6,NA,NA,NA,NA,NA
1995,11,14,9,NA,NA,NA,NA,NA
1995,11,14,12,NA,NA,NA,NA,NA
1995,11,14,15,NA,NA,NA,NA,NA
1995,11,14,18,NA,NA,NA,NA,NA
1995,11,14,21,NA,NA,NA,NA,NA
1995,11,15,0,NA,NA,NA,NA,NA
1995,11,15,3,NA,NA,NA,NA,NA
1995,11,15,6,NA,NA,NA,NA,NA
1995,11,15,9,NA,NA,NA,NA,NA
1995,11,15,12,NA,NA,NA,NA,NA
1995,11,15,15,NA,NA,NA,NA,NA
1995,11,15,18,NA,NA,NA,NA,NA
1995,11,15,21,NA,NA,NA,NA,NA
1995,11,16,0,NA,NA,NA,NA,NA
1995,11,16,3,NA,NA,NA,NA,NA
1995,11,16,6,NA,NA,NA,NA,NA
1995,11,16,9,NA,NA,NA,NA,NA
1995,11,16,12,NA,NA,NA,NA,NA
1995,11,16,15,NA,NA,NA,NA,NA
1995,11,16,18,NA,NA,NA,NA,NA
1995,11,16,21,NA,NA,NA,NA,NA
1995,11,17,0,NA,NA,NA,NA,NA
1995,11,17,3,NA,NA,NA,NA,NA
1995,11,17,6,NA,NA,NA,NA,NA
1995,11,17,9,NA,NA,NA,NA,NA
1995,11,17,12,NA,NA,NA,NA,NA
1995,11,17,15,NA,NA,NA,NA,NA
1995,11,17,18,NA,NA,NA,NA,NA
1995,11,17,21,NA,NA,NA,NA,NA
1995,11,18,0,NA,NA,NA,NA,NA
1995,11,18,3,NA,NA,NA,NA,NA
1995,11,18,6,NA,NA,NA,NA,NA
1995,11,18,9,NA,NA,NA,NA,NA
1995,11,18,12,NA,NA,NA,NA,NA
1995,11,18,15,NA,NA,NA,NA,NA
1995,11,18,18,NA,NA,NA,NA,NA
1995,11,18,21,NA,NA,NA,NA,NA
1995,11,19,0,NA,NA,NA,NA,NA
1995,11,19,3,NA,NA,NA,NA,NA
1995,11,19,6,NA,NA,NA,NA,NA
1995,11,19,9,NA,NA,NA,NA,NA
1995,11,19,12,NA,NA,NA,NA,NA
1995,11,19,15,NA,NA,NA,NA,NA
1995,11,19,18,NA,NA,NA,NA,NA
1995,11,19,21,NA,NA,NA,NA,NA
1995,11,20,0,NA,NA,NA,NA,NA
1995,11,20,3,NA,NA,NA,NA,NA
1995,11,20,6,NA,NA,NA,NA,NA
1995,11,20,9,NA,NA,NA,NA,NA
1995,11,20,12,NA,NA,NA,NA,NA
1995,11,20,15,NA,NA,NA,NA,NA
1995,11,20,18,NA,NA,NA,NA,NA
1995,11,20,21,NA,NA,NA,NA,NA
1995,11,21,0,NA,NA,NA,NA,NA
1995,11,21,3,NA,NA,NA,NA,NA
1995,11,21,6,NA,NA,NA,NA,NA
1995,11,21,9,NA,NA,NA,NA,NA
1995,11,21,12,NA,NA,NA,NA,NA
1995,11,21,15,NA,NA,NA,NA,NA
1995,11,21,18,NA,NA,NA,NA,NA
1995,11,21,21,NA,NA,NA,NA,NA
1995,11,22,0,NA,NA,NA,NA,NA
1995,11,22,3,NA,NA,NA,NA,NA
1995,11,22,6,NA,NA,NA,NA,NA
1995,11,22,9,NA,NA,NA,NA,NA
1995,11,22,12,NA,NA,NA,NA,NA
1995,11,22,15,NA,NA,NA,NA,NA
1995,11,22,18,NA,NA,NA,NA,NA
1995,11,22,21,NA,NA,NA,NA,NA
1995,11,23,0,NA,NA,NA,NA,NA
1995,11,23,3,NA,NA,NA,NA,NA
1995,11,23,6,NA,NA,NA,NA,NA
1995,11,23,9,NA,NA,NA,NA,NA
1995,11,23,12,NA,NA,NA,NA,NA
1995,11,23,15,NA,NA,NA,NA,NA
1995,11,23,18,NA,NA,NA,NA,NA
1995,11,23,21,NA,NA,NA,NA,NA
1995,11,24,0,NA,NA,NA,NA,NA
1995,11,24,3,NA,NA,NA,NA,NA
1995,11,24,6,NA,NA,NA,NA,NA
1995,11,24,9,NA,NA,NA,NA,NA
1995,11,24,12,NA,NA,NA,NA,NA
1995,11,24,15,NA,NA,NA,NA,NA
1995,11,24,18,NA,NA,NA,NA,NA
1995,11,24,21,NA,NA,NA,NA,NA
1995,11,25,0,-2.6,928.4,2,230,44
1995,11,25,3,-2.5,928.1,NA,220,41
1995,11,25,6,-5,927.1,NA,230,52
1995,11,25,9,-5.4,927.6,NA,230,45
1995,11,25,12,-5.5,928.1,NA,220,44
1995,11,25,15,-5,927.7,NA,220,39
1995,11,25,18,-4,927.1,NA,240,36
1995,11,25,21,-2.3,926.5,2,220,26
1995,11,26,0,NA,NA,NA,NA,NA
1995,11,26,3,-3.9,923.7,2,130,49
1995,11,26,6,-4.7,922.8,5,360,45
1995,11,26,9,-4.1,922.3,1,240,65
1995,11,26,12,-7.9,922.6,4,220,66
1995,11,26,15,-8.9,923,NA,230,87
1995,11,26,18,-8.5,923.3,NA,220,83
1995,11,26,21,-8.1,923.7,NA,220,81
1995,11,27,0,NA,NA,NA,NA,NA
1995,11,27,3,-8.1,924.8,NA,230,72
1995,11,27,6,-8.5,925.6,NA,230,82
1995,11,27,9,-9.2,926.4,NA,230,86
1995,11,27,12,-8.2,927,NA,270,67
1995,11,27,15,-10.1,927.2,NA,250,83
1995,11,27,18,-9.5,928,4,240,77
1995,11,27,21,-7.9,928.7,1,70,83
1995,11,28,0,-7,929.5,2,180,83
1995,11,28,3,NA,NA,NA,NA,NA
1995,11,28,6,-7.4,930.5,2,200,80
1995,11,28,9,-7.8,930.7,1,220,82
1995,11,28,12,-8.1,930.6,1,230,78
1995,11,28,15,NA,NA,NA,NA,NA
1995,11,28,18,-8.2,929.6,3,10,68
1995,11,28,21,-7.1,929.3,5,350,64
1995,11,29,0,-6.5,929.3,3,80,72
1995,11,29,3,NA,NA,NA,NA,NA
1995,11,29,6,-5.6,929.1,2,240,78
1995,11,29,9,-8.5,929.2,2,10,86
1995,11,29,12,-8.3,928.8,NA,70,59
1995,11,29,15,-8.3,928.2,2,320,61
1995,11,29,18,NA,NA,NA,NA,NA
1995,11,29,21,-8.1,927.7,2,130,69
1995,11,30,0,-8.1,927.6,NA,250,NA
1995,11,30,3,-9.1,927.7,8,240,86
1995,11,30,6,NA,NA,NA,NA,NA
1995,11,30,9,-9.8,928,10,230,86
1995,11,30,12,-9.4,928.3,8,240,86
1995,11,30,15,-9.2,928.1,8,230,86
1995,11,30,18,-9,928.4,10,240,87
1995,11,30,21,NA,NA,NA,NA,NA
1995,12,1,0,-9.2,928.6,10,240,87
1995,12,1,3,-8.8,928.6,NA,220,84
1995,12,1,6,-8.6,928.2,11,240,80
1995,12,1,9,NA,NA,NA,NA,NA
1995,12,1,12,-8.4,927.9,13,240,45
1995,12,1,15,-8.4,927.7,12,240,42
1995,12,1,18,-7.9,927.8,15,230,41
1995,12,1,21,-6.8,927.5,NA,240,46
1995,12,2,0,-8.7,927.6,NA,230,52
1995,12,2,3,-8.1,927,23,230,61
1995,12,2,6,-6.8,926.1,NA,240,48
1995,12,2,9,-6.1,925.4,NA,240,38
1995,12,2,12,-6.8,925.2,NA,230,42
1995,12,2,15,-6.6,923.1,NA,NA,48
1995,12,2,18,-7.1,922.5,NA,NA,42
1995,12,2,21,-7.2,924.2,NA,NA,58
1995,12,3,0,-6.9,925.5,NA,NA,54
1995,12,3,3,-6.8,924.1,NA,240,48
1995,12,3,6,-6.3,923.5,NA,240,51
1995,12,3,9,-6.9,924.8,NA,230,45
1995,12,3,12,-7.2,925,NA,240,41
1995,12,3,15,-6.6,924.9,NA,230,37
1995,12,3,18,-5.9,924.8,NA,240,32
1995,12,3,21,-6.3,924.8,7,230,36
1995,12,4,0,-5.2,924.8,NA,210,36
1995,12,4,3,NA,NA,NA,NA,NA
1995,12,4,6,-4.4,923.7,2,260,58
1995,12,4,9,-6.9,923.3,4,350,58
1995,12,4,12,-7.1,922.7,NA,NA,50
1995,12,4,15,NA,921.7,1,240,62
1995,12,4,18,NA,920.8,1,210,70
1995,12,4,21,-7.5,920.3,4,130,66
1995,12,5,0,-6.5,920.1,2,230,56
1995,12,5,3,-6.7,919.5,2,220,60
1995,12,5,6,-6.9,919.3,3,240,61
1995,12,5,9,NA,918.9,1,260,65
1995,12,5,12,-9.3,918.7,NA,10,68
1995,12,5,15,-9.2,917.9,NA,10,65
1995,12,5,18,-7.3,917.3,9,60,71
1995,12,5,21,-8.4,917.3,NA,230,66
1995,12,6,0,NA,NA,NA,NA,NA
1995,12,6,3,-8.3,917.3,10,240,68
1995,12,6,6,-7.4,917.8,7,240,63
1995,12,6,9,-8.3,918.4,NA,240,71
1995,12,6,12,-8,919.2,NA,220,60
1995,12,6,15,-8.9,919.3,NA,230,51
1995,12,6,18,-7.9,919.6,11,220,46
1995,12,6,21,-8.6,920.2,NA,230,52
1995,12,7,0,-7.3,921.3,NA,200,65
1995,12,7,3,-6.9,921,NA,230,58
1995,12,7,6,-7,921.1,NA,240,55
1995,12,7,9,-8.2,921.6,NA,230,52
1995,12,7,12,-8.9,921.9,21,240,NA
1995,12,7,15,NA,NA,NA,NA,NA
1995,12,7,18,-7.7,921.7,18,230,55
1995,12,7,21,-8,922,NA,220,60
1995,12,8,0,-7.2,921.6,NA,230,65
1995,12,8,3,NA,NA,NA,NA,NA
1995,12,8,6,-7.2,919.6,3,10,82
1995,12,8,9,-7.1,918.4,4,330,69
1995,12,8,12,-7.6,917.4,6,340,50
1995,12,8,15,NA,916.2,NA,210,49
1995,12,8,18,NA,NA,NA,NA,NA
1995,12,8,21,-7.1,915,5,220,42
1995,12,9,0,-7.3,914.5,9,230,42
1995,12,9,3,-8.1,914.1,NA,230,64
1995,12,9,6,NA,NA,NA,NA,NA
1995,12,9,9,-7.2,913.8,13,230,48
1995,12,9,12,-7.1,913.9,11,230,42
1995,12,9,15,-6.1,913.8,12,220,37
1995,12,9,18,-4.9,914.1,NA,220,34
1995,12,9,21,-4.9,914.6,8,230,33
1995,12,10,0,-3.4,915,NA,110,35
1995,12,10,3,-3.1,915,6,10,41
1995,12,10,6,-3.2,914.9,6,10,27
1995,12,10,9,NA,NA,NA,NA,NA
1995,12,10,12,-3.8,916.1,NA,NA,28
1995,12,10,15,-4.4,916.3,3,10,26
1995,12,10,18,-4.3,917,2,250,37
1995,12,10,21,NA,NA,NA,NA,NA
1995,12,11,0,-6.1,918,3,180,58
1995,12,11,3,-5.5,917.6,7,240,51
1995,12,11,6,-5.7,917.3,NA,220,55
1995,12,11,9,-6.3,916.3,NA,220,74
1995,12,11,12,-6,914.8,NA,230,83
1995,12,11,15,-5.8,912.6,NA,220,89
1995,12,11,18,-6,912.5,25,230,89
1995,12,11,21,-6.1,909.4,NA,240,89
1995,12,12,0,-5.5,911.7,NA,220,90
1995,12,12,3,-5.7,912.5,NA,230,90
1995,12,12,6,-5,913.1,NA,210,90
1995,12,12,9,-5,912.8,NA,330,85
1995,12,12,12,-5.1,912.3,NA,250,76
1995,12,12,15,-4.2,911.6,NA,290,53
1995,12,12,18,-3,911.3,NA,80,60
1995,12,12,21,NA,910.9,1,240,58
1995,12,13,0,-4,910.3,NA,250,59
1995,12,13,3,NA,NA,NA,NA,NA
1995,12,13,6,-4.7,909.9,2,210,85
1995,12,13,9,-6.2,910.3,5,240,90
1995,12,13,12,-6.9,910.9,6,270,90
1995,12,13,15,-7.2,911.5,5,250,90
1995,12,13,18,-6.4,912.4,5,230,89
1995,12,13,21,-6.2,913.6,3,220,89
1995,12,14,0,-5.8,914.2,2,230,87
1995,12,14,3,-4.5,914.7,2,110,83
1995,12,14,6,-5.3,915.1,3,110,88
1995,12,14,9,NA,915.9,1,110,87
1995,12,14,12,NA,916.5,1,260,86
1995,12,14,15,-6.5,916.7,NA,120,91
1995,12,14,18,-5.7,917.3,NA,140,90
1995,12,14,21,-5.3,917.9,7,190,91
1995,12,15,0,NA,NA,NA,NA,NA
1995,12,15,3,-5.4,918.5,12,200,84
1995,12,15,6,-5.6,919,12,220,83
1995,12,15,9,-5.8,919.9,16,190,90
1995,12,15,12,-6.2,920.9,14,190,90
1995,12,15,15,-6.8,921.1,17,250,87
1995,12,15,18,-6.3,921.6,NA,190,90
1995,12,15,21,-6.1,920.3,NA,220,90
1995,12,16,0,NA,NA,NA,NA,NA
1995,12,16,3,-6.1,919.6,28,220,90
1995,12,16,6,-7.1,919,30,220,90
1995,12,16,9,-8,918.8,32,220,89
1995,12,16,12,-8.1,919.1,32,230,88
1995,12,16,15,NA,NA,NA,NA,NA
1995,12,16,18,NA,NA,NA,NA,NA
1995,12,16,21,NA,NA,NA,NA,NA
1995,12,17,0,NA,NA,NA,NA,NA
1995,12,17,3,NA,NA,NA,NA,NA
1995,12,17,6,NA,NA,NA,NA,NA
1995,12,17,9,NA,NA,NA,NA,NA
1995,12,17,12,NA,NA,NA,NA,NA
1995,12,17,15,NA,NA,NA,NA,NA
1995,12,17,18,NA,NA,NA,NA,NA
1995,12,17,21,NA,NA,NA,NA,NA
1995,12,18,0,NA,NA,NA,NA,NA
1995,12,18,3,NA,NA,NA,NA,NA
1995,12,18,6,NA,NA,NA,NA,NA
1995,12,18,9,NA,NA,NA,NA,NA
1995,12,18,12,NA,NA,NA,NA,NA
1995,12,18,15,NA,NA,NA,NA,NA
1995,12,18,18,NA,NA,NA,NA,NA
1995,12,18,21,NA,NA,NA,NA,NA
1995,12,19,0,NA,NA,NA,NA,NA
1995,12,19,3,NA,NA,NA,NA,NA
1995,12,19,6,NA,NA,NA,NA,NA
1995,12,19,9,NA,NA,NA,NA,NA
1995,12,19,12,NA,NA,NA,NA,NA
1995,12,19,15,NA,NA,NA,NA,NA
1995,12,19,18,NA,NA,NA,NA,NA
1995,12,19,21,NA,NA,NA,NA,NA
1995,12,20,0,NA,NA,NA,NA,NA
1995,12,20,3,NA,NA,NA,NA,NA
1995,12,20,6,NA,NA,NA,NA,NA
1995,12,20,9,NA,NA,NA,NA,NA
1995,12,20,12,NA,NA,NA,NA,NA
1995,12,20,15,NA,NA,NA,NA,NA
1995,12,20,18,NA,NA,NA,NA,NA
1995,12,20,21,NA,NA,NA,NA,NA
1995,12,21,0,NA,NA,NA,NA,NA
1995,12,21,3,NA,NA,NA,NA,NA
1995,12,21,6,NA,NA,NA,NA,NA
1995,12,21,9,-7.2,916.6,NA,230,82
1995,12,21,12,NA,NA,NA,NA,NA
1995,12,21,15,NA,NA,NA,NA,NA
1995,12,21,18,NA,NA,NA,NA,NA
1995,12,21,21,-4.7,911.9,NA,240,59
1995,12,22,0,-2.7,915.5,NA,230,53
1995,12,22,3,-1.4,916.9,17,220,47
1995,12,22,6,-2.7,917.3,NA,230,52
1995,12,22,9,-4.1,919.2,NA,220,60
1995,12,22,12,-3.8,919.4,NA,290,60
1995,12,22,15,-1.7,918.5,NA,110,50
1995,12,22,18,-3.1,917.8,NA,230,60
1995,12,22,21,-3.7,918.8,NA,230,67
1995,12,23,0,-3.9,918.8,NA,230,75
1995,12,23,3,-2.5,918.4,NA,220,63
1995,12,23,6,-2.2,918.8,NA,230,50
1995,12,23,9,-2.6,919,NA,220,49
1995,12,23,12,-2.2,919,NA,230,45
1995,12,23,15,-1.7,919.4,NA,240,42
1995,12,23,18,-1.5,920.3,NA,220,42
1995,12,23,21,-2.1,920.5,NA,230,47
1995,12,24,0,-0.8,921.8,NA,230,47
1995,12,24,3,NA,NA,NA,NA,NA
1995,12,24,6,NA,NA,NA,NA,NA
1995,12,24,9,0,922.3,5,260,33
1995,12,24,12,-0.8,922.6,2,220,33
1995,12,24,15,-0.6,922.3,4,240,32
1995,12,24,18,-3,922.8,2,240,42
1995,12,24,21,-1.7,923.7,NA,210,48
1995,12,25,0,NA,NA,NA,NA,NA
1995,12,25,3,NA,NA,NA,NA,NA
1995,12,25,6,-3.3,924.5,7,250,82
1995,12,25,9,-3.5,924.4,4,220,83
1995,12,25,12,-5,924.2,5,240,50
1995,12,25,15,-4,923.9,4,230,57
1995,12,25,18,-3.9,923.7,2,200,64
1995,12,25,21,-3.4,924,5,200,64
1995,12,26,0,NA,NA,NA,NA,NA
1995,12,26,3,NA,NA,NA,NA,NA
1995,12,26,6,-2.5,922.6,3,30,42
1995,12,26,9,-3.2,922.5,3,40,29
1995,12,26,12,-3.6,922.5,7,10,25
1995,12,26,15,NA,NA,NA,NA,NA
1995,12,26,18,NA,NA,NA,NA,NA
1995,12,26,21,-2.1,923.3,5,80,43
1995,12,27,0,-2.3,923.3,4,70,55
1995,12,27,3,NA,NA,NA,NA,NA
1995,12,27,6,NA,NA,NA,NA,NA
1995,12,27,9,-6.4,923,10,10,90
1995,12,27,12,-7,922.8,NA,350,89
1995,12,27,15,-6.6,922,NA,70,89
1995,12,27,18,NA,NA,NA,NA,NA
1995,12,27,21,-6.1,922.2,6,60,90
1995,12,28,0,-5.5,922,3,210,91
1995,12,28,3,-4.9,921.8,2,110,91
1995,12,28,6,NA,NA,NA,NA,NA
1995,12,28,9,-5.5,921.8,2,180,90
1995,12,28,12,-5.8,921.7,3,100,89
1995,12,28,15,-6.3,921.1,3,230,86
1995,12,28,18,-5,920.7,3,110,86
1995,12,28,21,NA,NA,NA,NA,NA
1995,12,29,0,-5,919,5,50,86
1995,12,29,3,-5.6,917.5,NA,360,89
1995,12,29,6,-5.8,916.8,10,10,86
1995,12,29,9,NA,NA,NA,NA,NA
1995,12,29,12,-6.7,916.6,3,10,69
1995,12,29,15,-6.4,916.3,6,250,69
1995,12,29,18,-6,917,NA,230,77
1995,12,29,21,-5.8,917.7,10,230,74
1995,12,30,0,-5.5,917.9,NA,210,74
1995,12,30,3,-5.3,918,NA,210,82
1995,12,30,6,-5.5,918.7,22,220,85
1995,12,30,9,-5.5,918.7,24,210,78
1995,12,30,12,-6.2,919.6,NA,220,90
1995,12,30,15,-6.3,920.2,NA,220,90
1995,12,30,18,-5.9,921.5,NA,210,90
1995,12,30,21,-5.1,921.9,NA,240,91
1995,12,31,0,-3.8,921.8,NA,70,92
1995,12,31,3,-5.1,920.8,4,60,91
1995,12,31,6,-5.6,920.1,3,10,91
1995,12,31,9,NA,919.3,1,350,91
1995,12,31,12,-5.4,918.3,NA,NA,91
1995,12,31,15,-7.5,917.2,NA,NA,90
1995,12,31,18,NA,916.7,1,200,90
1995,12,31,21,NA,916,1,230,90
1996,1,1,0,NA,916,1,230,92
1996,1,1,3,-5.8,916.3,4,210,91
1996,1,1,6,-5.7,916.9,NA,230,90
1996,1,1,9,-5.9,917.7,NA,240,84
1996,1,1,12,-6,919,NA,240,80
1996,1,1,15,-6.3,919.5,NA,240,69
1996,1,1,18,-5.8,920.2,NA,230,64
1996,1,1,21,-5.4,920.7,NA,240,62
1996,1,2,0,-4.5,921.3,NA,240,65
1996,1,2,3,-5.7,921.7,NA,220,85
1996,1,2,6,-6.6,921.6,NA,220,90
1996,1,2,9,-6.7,922,NA,230,90
1996,1,2,12,-7.1,921.8,NA,240,89
1996,1,2,15,-7.2,921.1,NA,250,87
1996,1,2,18,-7.4,921.9,NA,240,89
1996,1,2,21,-7.4,921.8,36,250,89
1996,1,3,0,-7.8,921,NA,240,89
1996,1,3,3,-7,920.8,39,NA,89
1996,1,3,6,-7,920.8,NA,NA,86
1996,1,3,9,-6.8,921.8,NA,NA,77
1996,1,3,12,-6.7,923.1,NA,NA,80
1996,1,3,15,-7,923.3,NA,NA,82
1996,1,3,18,-7.2,923.3,18,220,83
1996,1,3,21,-7.3,923.8,NA,220,87
1996,1,4,0,-7.1,923.6,NA,220,84
1996,1,4,3,-6.8,923.3,NA,230,76
1996,1,4,6,-6.7,923.2,NA,230,69
1996,1,4,9,-7.9,922.9,NA,230,82
1996,1,4,12,-8.3,922.9,NA,240,84
1996,1,4,15,-8.4,922.9,12,240,79
1996,1,4,18,-8.4,922.6,NA,220,72
1996,1,4,21,-7.6,923.2,NA,240,67
1996,1,5,0,-7.7,924.1,21,240,67
1996,1,5,3,-7.3,924.2,NA,230,67
1996,1,5,6,-7.3,925.3,NA,230,63
1996,1,5,9,-7.3,927,NA,240,71
1996,1,5,12,-7.8,928.2,NA,230,73
1996,1,5,15,-7.6,929.4,NA,230,72
1996,1,5,18,-7,930.7,NA,230,63
1996,1,5,21,-5.8,931.6,NA,190,62
1996,1,6,0,-5.8,932.1,NA,210,71
1996,1,6,3,-5.4,932.2,5,210,76
1996,1,6,6,-5.8,931.8,NA,90,80
1996,1,6,9,NA,931.4,1,80,83
1996,1,6,12,-7.7,931,NA,220,87
1996,1,6,15,-7.1,930.6,NA,240,75
1996,1,6,18,-7.5,930.7,NA,240,68
1996,1,6,21,-6.7,930.7,3,220,47
1996,1,7,0,-5.6,929.9,NA,80,72
1996,1,7,3,-7,929,5,30,83
1996,1,7,6,-6.5,928.5,5,30,56
1996,1,7,9,NA,927.9,1,0,45
1996,1,7,12,-7.3,927.8,NA,240,45
1996,1,7,15,-8.3,927.4,NA,260,72
1996,1,7,18,-6.9,927.4,NA,220,54
1996,1,7,21,-6.4,927.6,NA,210,47
1996,1,8,0,-6.5,928,5,210,44
1996,1,8,3,-6.6,928.2,NA,230,65
1996,1,8,6,-5.5,928.8,NA,260,48
1996,1,8,9,-7,929,NA,360,40
1996,1,8,12,-7.4,929.5,NA,270,40
1996,1,8,15,-7.6,929.6,NA,270,57
1996,1,8,18,NA,930.5,1,240,59
1996,1,8,21,-7.6,931.3,NA,220,49
1996,1,9,0,-5.8,932.9,NA,220,47
1996,1,9,3,-5.6,933.8,NA,230,46
1996,1,9,6,-5.8,935,NA,230,53
1996,1,9,9,-5.8,936.3,NA,250,41
1996,1,9,12,-6.7,937.4,NA,240,43
1996,1,9,15,-6.7,937.7,NA,230,50
1996,1,9,18,-6.9,937.7,11,NA,57
1996,1,9,21,-6.6,937.7,NA,NA,62
1996,1,10,0,-5.6,937.5,13,NA,54
1996,1,10,3,-5.5,936.6,13,NA,63
1996,1,10,6,-5,935.9,NA,220,60
1996,1,10,9,-5.8,935.7,NA,220,56
1996,1,10,12,-6.3,935.2,18,220,58
1996,1,10,15,-6.2,935.2,NA,230,61
1996,1,10,18,-4.3,935.7,NA,200,55
1996,1,10,21,-3.1,936,NA,200,47
1996,1,11,0,-1.4,935.8,NA,100,46
1996,1,11,3,-0.8,935.3,2,40,47
1996,1,11,6,-1.3,935,5,340,52
1996,1,11,9,-3.4,934.6,NA,360,49
1996,1,11,12,-4,934.2,NA,10,49
1996,1,11,15,-3.5,933.4,6,350,46
1996,1,11,18,-3.5,932.8,NA,30,48
1996,1,11,21,-2.1,932.1,NA,240,46
1996,1,12,0,-2.1,931.4,3,40,53
1996,1,12,3,-4.4,930.3,5,40,67
1996,1,12,6,-4.8,929,3,50,76
1996,1,12,9,-5.9,928.1,2,10,89
1996,1,12,12,-6.9,927.4,5,20,90
1996,1,12,15,NA,926.7,1,70,89
1996,1,12,18,-8.1,926.9,2,30,88
1996,1,12,21,NA,927.4,1,220,89
1996,1,13,0,-5.8,928,2,140,89
1996,1,13,3,-4.8,928.2,3,200,87
1996,1,13,6,-4.8,928.6,3,240,83
1996,1,13,9,-6.1,928.9,2,230,90
1996,1,13,12,-6.6,928.6,NA,0,90
1996,1,13,15,-6.9,927.9,NA,350,65
1996,1,13,18,-6.6,926.6,NA,350,80
1996,1,13,21,-5.2,925.6,NA,50,82
1996,1,14,0,-5.5,924.5,NA,150,86
1996,1,14,3,-3.6,923,NA,160,77
1996,1,14,6,-3.7,921.7,2,240,74
1996,1,14,9,-4.8,921,2,240,64
1996,1,14,12,NA,920.6,1,260,78
1996,1,14,15,-7.3,919.7,NA,240,89
1996,1,14,18,-7.2,919.6,NA,230,90
1996,1,14,21,-6.9,919.4,8,230,89
1996,1,15,0,-6.6,918.5,NA,210,90
1996,1,15,3,-6.3,918.3,NA,250,89
1996,1,15,6,-6.5,917.6,NA,220,90
1996,1,15,9,-7.2,918.3,NA,230,90
1996,1,15,12,-7.2,919.2,22,240,88
1996,1,15,15,-7.2,920.2,21,230,88
1996,1,15,18,-7,921.7,19,240,87
1996,1,15,21,-6.4,923.1,NA,240,81
1996,1,16,0,-5.8,923.7,NA,260,80
1996,1,16,3,-4.8,923.4,NA,20,77
1996,1,16,6,-6.5,923,NA,0,73
1996,1,16,9,-6.4,922.8,NA,20,90
1996,1,16,12,-6,922.8,NA,30,90
1996,1,16,15,-5.8,922.2,10,40,90
1996,1,16,18,-6.3,921.8,9,50,90
1996,1,16,21,-6,921.8,NA,40,91
1996,1,17,0,-5,921.8,NA,60,91
1996,1,17,3,-6.8,921.5,NA,NA,91
1996,1,17,6,-6.8,921.3,NA,NA,90
1996,1,17,9,-7.1,921.2,NA,NA,90
1996,1,17,12,-7.3,920.8,NA,NA,90
1996,1,17,15,-7.3,920.3,NA,NA,90
1996,1,17,18,-7.1,920.4,NA,NA,90
1996,1,17,21,-7.3,920.5,NA,NA,90
1996,1,18,0,-6.5,920.5,NA,NA,90
1996,1,18,3,-6.5,920.5,NA,NA,90
1996,1,18,6,-6.8,920.7,NA,NA,90
1996,1,18,9,-7.1,920.6,NA,NA,90
1996,1,18,12,-7.3,920.1,NA,NA,90
1996,1,18,15,NA,920,1,240,NA
1996,1,18,18,-7.2,920.3,NA,NA,90
1996,1,18,21,-7.1,920.5,NA,NA,90
1996,1,19,0,-6.9,921.1,NA,NA,90
1996,1,19,3,NA,921.5,1,220,90
1996,1,19,6,-7.1,921.6,NA,NA,89
1996,1,19,9,-7.3,921.7,NA,NA,90
1996,1,19,12,-8.3,922,NA,NA,87
1996,1,19,15,-8.4,921.9,NA,NA,85
1996,1,19,18,-7.2,921.7,NA,NA,85
1996,1,19,21,-6.4,921.5,NA,NA,81
1996,1,20,0,-6.5,921.4,2,30,86
1996,1,20,3,-6.7,920.4,NA,20,88
1996,1,20,6,-5.2,919.1,4,60,89
1996,1,20,9,-6.3,918,NA,30,90
1996,1,20,12,-7.2,916.2,3,290,82
1996,1,20,15,-8.1,913.7,5,250,80
1996,1,20,18,-8,911.2,NA,240,89
1996,1,20,21,-7.7,910,NA,220,89
1996,1,21,0,-7.4,908.2,NA,220,90
1996,1,21,3,-7.6,908.1,NA,230,90
1996,1,21,6,-7.9,909.3,28,NA,89
1996,1,21,9,-8.1,910,NA,NA,89
1996,1,21,12,-8.1,913.5,NA,NA,89
1996,1,21,15,-8.7,915.5,NA,NA,86
1996,1,21,18,-7.3,917.3,NA,190,84
1996,1,21,21,-6.2,919.2,NA,240,77
1996,1,22,0,-5.3,920.2,2,210,66
1996,1,22,3,-6.9,920.9,NA,240,69
1996,1,22,6,-6.8,921.1,NA,230,66
1996,1,22,9,-7.1,921.7,NA,240,53
1996,1,22,12,-7.4,922.2,NA,230,52
1996,1,22,15,-5.7,922,13,250,56
1996,1,22,18,-5.1,922.1,NA,250,54
1996,1,22,21,-5.7,922.4,NA,240,51
1996,1,23,0,-5.2,923.6,NA,220,76
1996,1,23,3,-5.7,923.8,NA,220,84
1996,1,23,6,-6.9,924.6,NA,220,86
1996,1,23,9,-6.4,925.6,NA,150,76
1996,1,23,12,-6.6,926.3,NA,320,69
1996,1,23,15,-7.5,926.5,NA,260,58
1996,1,23,18,-6.4,926.1,NA,360,58
1996,1,23,21,NA,926,1,230,58
1996,1,24,0,NA,925.9,1,250,57
1996,1,24,3,NA,925.1,1,270,59
1996,1,24,6,-6.3,924.2,5,30,71
1996,1,24,9,-7,923.8,NA,10,82
1996,1,24,12,-7.3,923.5,NA,250,74
1996,1,24,15,-8.2,922.7,NA,NA,82
1996,1,24,18,-8.7,922.4,NA,240,88
1996,1,24,21,-7.3,922.1,NA,230,73
1996,1,25,0,-7.8,923,NA,240,NA
1996,1,25,3,-7.8,922.8,NA,240,88
1996,1,25,6,-8.3,922.9,NA,230,89
1996,1,25,9,-8.5,923.5,NA,250,88
1996,1,25,12,-8.5,923.6,NA,240,88
1996,1,25,15,-8.7,923.4,11,NA,88
1996,1,25,18,-8.9,923.5,NA,NA,88
1996,1,25,21,-8.3,924.1,NA,NA,88
1996,1,26,0,-7.7,925.2,13,240,84
1996,1,26,3,-7.9,926,NA,250,83
1996,1,26,6,-7.2,927.1,10,220,70
1996,1,26,9,-6.7,928.2,NA,240,56
1996,1,26,12,-8,929.1,NA,290,51
1996,1,26,15,-8.1,929.6,NA,240,54
1996,1,26,18,-7,929.7,NA,230,51
1996,1,26,21,-6.5,931.1,NA,230,42
1996,1,27,0,-5.4,931.8,NA,200,43
1996,1,27,3,-7.8,930,NA,230,74
1996,1,27,6,-7.2,930.2,NA,240,83
1996,1,27,9,-6.5,932.5,NA,230,64
1996,1,27,12,-5.8,933.1,NA,240,56
1996,1,27,15,-5.2,931.9,NA,230,52
1996,1,27,18,-6.5,932.2,NA,230,55
1996,1,27,21,-6.2,933.1,NA,230,61
1996,1,28,0,-6.1,931.8,NA,240,65
1996,1,28,3,-5.2,933.1,NA,220,74
1996,1,28,6,-3.9,929.8,NA,240,78
1996,1,28,9,-4.4,935,NA,240,54
1996,1,28,12,-3.9,934,NA,230,48
1996,1,28,15,-3.8,932.7,NA,240,44
1996,1,28,18,-5.4,932.8,NA,220,58
1996,1,28,21,-5.4,930.6,NA,230,64
1996,1,29,0,-5.9,932.4,NA,250,62
1996,1,29,3,-5.6,930.3,NA,240,55
1996,1,29,6,-5,930.4,NA,240,47
1996,1,29,9,-5.2,926.3,NA,240,60
1996,1,29,12,-5.8,932.8,NA,220,83
1996,1,29,15,-5.9,930.1,NA,NA,81
1996,1,29,18,-5.4,929.7,NA,NA,78
1996,1,29,21,-5.8,931.2,NA,NA,77
1996,1,30,0,-6,929.7,NA,230,76
1996,1,30,3,-6.4,931.4,NA,220,90
1996,1,30,6,-6.3,932.2,NA,230,90
1996,1,30,9,-5.8,934.1,41,240,86
1996,1,30,12,-5.2,934.5,NA,240,78
1996,1,30,15,-4.1,933.4,NA,240,63
1996,1,30,18,-3.4,932.5,NA,NA,51
1996,1,30,21,-3.5,933.1,41,NA,52
1996,1,31,0,-3.4,932.9,NA,230,53
1996,1,31,3,-4.1,932,NA,230,58
1996,1,31,6,-3.6,932.9,NA,230,54
1996,1,31,9,-3.1,932.9,NA,240,45
1996,1,31,12,-3.5,932,NA,240,45
1996,1,31,15,-3.5,933.3,NA,230,49
1996,1,31,18,-3.9,930,NA,230,56
1996,1,31,21,-5.4,931.7,NA,230,84
1996,2,1,0,-4.7,933.3,NA,240,84
1996,2,1,3,-5.9,936.4,NA,230,90
1996,2,1,6,-4.6,936.7,NA,220,75
1996,2,1,9,-4.9,933.2,NA,240,85
1996,2,1,12,-5.7,934.9,NA,230,91
1996,2,1,15,-5.5,933.5,NA,NA,86
1996,2,1,18,-4.5,933.5,NA,NA,72
1996,2,1,21,-4.1,933.9,NA,NA,65
1996,2,2,0,-4.5,935.2,NA,220,66
1996,2,2,3,-4,934.8,NA,220,68
1996,2,2,6,-5.2,934.9,NA,200,91
1996,2,2,9,-5.6,935,NA,70,91
1996,2,2,12,-6.2,935,NA,30,81
1996,2,2,15,-6.8,935.2,NA,350,83
1996,2,2,18,-5.3,935.9,NA,360,81
1996,2,2,21,-4.7,937.1,NA,170,81
1996,2,3,0,NA,938.6,1,200,84
1996,2,3,3,-4.2,939.6,3,210,80
1996,2,3,6,-3.3,940.4,2,250,70
1996,2,3,9,-6.5,940.9,NA,220,89
1996,2,3,12,-7.6,941.5,NA,40,89
1996,2,3,15,-7.6,941,NA,0,89
1996,2,3,18,-7.9,940.3,NA,240,89
1996,2,3,21,-7.3,940.2,NA,230,89
1996,2,4,0,-5,939.1,NA,60,86
1996,2,4,3,-5.9,938.1,NA,40,90
1996,2,4,6,-6.1,937.2,NA,10,71
1996,2,4,9,-6.5,937.4,NA,40,91
1996,2,4,12,-8.1,937.6,NA,260,89
1996,2,4,15,-8.1,937.6,2,40,87
1996,2,4,18,NA,937.7,1,200,71
1996,2,4,21,-4.4,938.2,3,230,55
1996,2,5,0,-2.7,938.7,3,180,45
1996,2,5,3,-2.3,938.3,3,250,37
1996,2,5,6,-3.5,938,NA,250,52
1996,2,5,9,-6.4,937.9,NA,230,68
1996,2,5,12,-6.6,938.7,NA,250,81
1996,2,5,15,-7,938,NA,250,81
1996,2,5,18,-6.3,937.8,NA,240,60
1996,2,5,21,-4.5,937.2,NA,260,50
1996,2,6,0,-3.2,936.4,NA,260,48
1996,2,6,3,-3.7,935.4,NA,230,49
1996,2,6,6,-4.6,934.4,NA,230,48
1996,2,6,9,-6,933.3,NA,240,57
1996,2,6,12,-6.1,932.1,NA,220,49
1996,2,6,15,-5.8,930.6,NA,260,54
1996,2,6,18,-4.5,930,NA,250,49
1996,2,6,21,-6.2,929.9,NA,240,57
1996,2,7,0,-6.6,929.9,NA,230,89
1996,2,7,3,-6.5,929.9,9,250,90
1996,2,7,6,-6,929.6,NA,110,89
1996,2,7,9,-7.1,929,6,40,82
1996,2,7,12,-8,928.8,5,10,82
1996,2,7,15,-7.3,928.6,4,290,82
1996,2,7,18,-6.7,929.4,4,330,80
1996,2,7,21,NA,930.4,1,250,77
1996,2,8,0,NA,931.2,1,120,79
1996,2,8,3,-5.4,931.8,2,70,79
1996,2,8,6,-6.1,932.9,3,110,77
1996,2,8,9,-7.5,933.8,NA,240,89
1996,2,8,12,-7.3,935,NA,240,89
1996,2,8,15,-7.1,935.8,9,240,90
1996,2,8,18,-7.1,936.6,NA,NA,90
1996,2,8,21,-7.1,937.8,12,NA,88
1996,2,9,0,-5.9,937.6,NA,240,85
1996,2,9,3,-6.7,937.2,NA,230,86
1996,2,9,6,-6.6,938.2,NA,220,90
1996,2,9,9,-7.3,940.4,NA,240,90
1996,2,9,12,-7.3,940.4,NA,230,87
1996,2,9,15,-7.5,940.3,22,220,84
1996,2,9,18,-6.9,941.1,NA,220,79
1996,2,9,21,-5.9,940.4,NA,70,77
1996,2,10,0,-6.1,939.5,NA,70,85
1996,2,10,3,-6.7,938.8,5,50,78
1996,2,10,6,-6.2,938.1,2,0,82
1996,2,10,9,-7.8,937.4,NA,360,76
1996,2,10,12,-8.1,936.7,NA,360,76
1996,2,10,15,-7.6,936,NA,190,69
1996,2,10,18,-7.9,935.6,NA,240,85
1996,2,10,21,-8.4,935.5,NA,250,87
1996,2,11,0,-8.1,935.3,7,250,86
1996,2,11,3,-8.1,934.9,NA,240,87
1996,2,11,6,-8.2,934.6,7,240,86
1996,2,11,9,-8.5,934.6,5,260,85
1996,2,11,12,-8.6,934.3,5,250,87
1996,2,11,15,-8.7,933.6,3,270,82
1996,2,11,18,-9.1,932.8,6,240,88
1996,2,11,21,-8.9,932.1,NA,NA,88
1996,2,12,0,-8.8,931.3,NA,NA,88
1996,2,12,3,-9,930.6,8,NA,88
1996,2,12,6,-9,930,7,230,88
1996,2,12,9,-9.3,929.5,7,240,88
1996,2,12,12,-9.3,929.3,6,250,88
1996,2,12,15,-9.6,928.9,NA,240,87
1996,2,12,18,-10.1,929.4,10,230,87
1996,2,12,21,-9.6,930,10,210,84
1996,2,13,0,-9.6,930.4,12,230,81
1996,2,13,3,-9.6,930.9,NA,240,63
1996,2,13,6,-9.6,931.4,NA,240,67
1996,2,13,9,-9.8,931.8,NA,250,56
1996,2,13,12,-10.4,931.5,NA,10,62
1996,2,13,15,-10.9,931.3,4,10,74
1996,2,13,18,-10.3,931.1,2,330,71
1996,2,13,21,-11.4,931.3,NA,260,75
1996,2,14,0,-10.3,931.2,NA,250,86
1996,2,14,3,-10.1,930.5,NA,240,87
1996,2,14,6,-9.7,929.6,NA,NA,87
1996,2,14,9,-9.2,929.6,17,NA,NA
1996,2,14,12,-9.7,928.8,16,230,87
1996,2,14,15,-10.2,927.2,17,220,83
1996,2,14,18,-10.3,926.3,NA,260,87
1996,2,14,21,-10.5,924.8,NA,260,87
1996,2,15,0,-10.2,922.6,9,240,87
1996,2,15,3,-10.1,920.4,11,250,87
1996,2,15,6,-9.7,918.7,NA,260,82
1996,2,15,9,-10.9,916.9,NA,10,80
1996,2,15,12,-10.9,915,NA,0,72
1996,2,15,15,-11.1,913.9,NA,10,86
1996,2,15,18,-9.7,913.5,NA,60,85
1996,2,15,21,-8.9,913.6,NA,50,79
1996,2,16,0,-9.3,914.2,3,20,81
1996,2,16,3,-9.1,914.8,4,60,75
1996,2,16,6,-9.5,915.8,4,260,74
1996,2,16,9,-9.4,916.9,2,210,87
1996,2,16,12,-9.5,917.7,NA,250,87
1996,2,16,15,-9.6,918.6,NA,250,87
1996,2,16,18,-9.7,919.5,9,240,87
1996,2,16,21,-9.9,920.7,10,240,87
1996,2,17,0,-9.4,921.9,NA,220,88
1996,2,17,3,-9.5,923.2,NA,220,85
1996,2,17,6,-8.9,924.1,NA,220,79
1996,2,17,9,-9,925.6,NA,230,75
1996,2,17,12,-9.6,926.5,16,230,84
1996,2,17,15,-9.4,926.7,NA,220,82
1996,2,17,18,-9,927.6,NA,220,88
1996,2,17,21,-9,927.9,NA,230,88
1996,2,18,0,-9.4,927.9,NA,240,88
1996,2,18,3,-8.9,927.7,NA,250,88
1996,2,18,6,-9.9,927.1,7,260,87
1996,2,18,9,-9.7,926.5,4,260,65
1996,2,18,12,-10.3,926,3,310,60
1996,2,18,15,-10.3,925.5,4,290,58
1996,2,18,18,-9.3,924.8,2,300,68
1996,2,18,21,-8.9,924.4,2,40,78
1996,2,19,0,NA,924,1,40,79
1996,2,19,3,-8.6,923.6,NA,60,85
1996,2,19,6,-8.8,923.5,NA,70,87
1996,2,19,9,-10.3,923.8,NA,340,87
1996,2,19,12,-12,924.2,4,270,52
1996,2,19,15,-11.5,924.5,3,270,64
1996,2,19,18,-10.7,925,NA,320,67
1996,2,19,21,-11.5,925.4,NA,260,66
1996,2,20,0,-10,926,2,280,61
1996,2,20,3,-10.9,926.1,4,260,70
1996,2,20,6,-10.8,925.8,NA,250,69
1996,2,20,9,-10.1,925.5,NA,260,58
1996,2,20,12,-10.5,926,NA,240,74
1996,2,20,15,-10.6,925.6,NA,240,80
1996,2,20,18,-10.4,925.6,NA,230,84
1996,2,20,21,-10.4,926.6,NA,230,86
1996,2,21,0,-10.1,927,NA,240,87
1996,2,21,3,-10,927.3,12,240,87
1996,2,21,6,-9.9,927.7,NA,230,87
1996,2,21,9,-10,927.7,NA,250,87
1996,2,21,12,-10.5,927.5,NA,240,87
1996,2,21,15,-10.5,926.5,NA,230,87
1996,2,21,18,-10.9,925.2,NA,240,86
1996,2,21,21,-10.4,924.4,NA,230,83
1996,2,22,0,-9.1,922.6,NA,230,83
1996,2,22,3,-8.8,920.6,NA,240,87
1996,2,22,6,-9.2,918.1,NA,NA,87
1996,2,22,9,-10.4,916.4,NA,NA,86
1996,2,22,12,-10.5,915.9,60,NA,85
1996,2,22,15,-10.6,916.8,58,NA,85
1996,2,22,18,-11,917.4,NA,NA,85
1996,2,22,21,-11,918.4,NA,230,85
1996,2,23,0,-10.6,918.2,49,NA,85
1996,2,23,3,-10,918.1,46,NA,85
1996,2,23,6,-9.2,919.6,NA,NA,83
1996,2,23,9,-8.1,919.2,46,NA,76
1996,2,23,12,-9.2,919.9,NA,240,86
1996,2,23,15,-9.1,920.9,NA,230,88
1996,2,23,18,-9.7,921.7,49,240,87
1996,2,23,21,-9.9,923.2,46,230,87
1996,2,24,0,-9.7,927.2,NA,220,87
1996,2,24,3,-9.8,927.4,NA,240,82
1996,2,24,6,-9.9,928,NA,220,83
1996,2,24,9,-10.3,927.5,NA,230,85
1996,2,24,12,-10,927,NA,220,67
1996,2,24,15,-10.9,926.6,NA,230,74
1996,2,24,18,-10.9,926.4,9,230,86
1996,2,24,21,-10.7,926.6,NA,240,73
1996,2,25,0,-10.5,926.6,NA,250,75
1996,2,25,3,-11,926.2,NA,240,80
1996,2,25,6,-11.1,926.2,NA,220,82
1996,2,25,9,-11.4,926.5,NA,250,86
1996,2,25,12,-11.5,926.4,7,250,86
1996,2,25,15,-11.6,926.3,3,250,86
1996,2,25,18,-11.5,926.4,4,260,86
1996,2,25,21,-11.4,926.6,3,270,86
1996,2,26,0,-11.4,926.7,3,230,86
1996,2,26,3,-11.1,926.7,NA,240,86
1996,2,26,6,-11.7,926.5,NA,250,85
1996,2,26,9,-12.2,926.6,6,240,85
1996,2,26,12,-12.4,926.5,NA,260,85
1996,2,26,15,-12,926.4,NA,250,85
1996,2,26,18,-12.1,926.4,7,270,85
1996,2,26,21,-11.4,926.7,9,240,86
1996,2,27,0,-10.8,926.3,NA,250,NA
1996,2,27,3,-10.2,926.5,9,230,87
1996,2,27,6,-10.3,926.9,9,230,87
1996,2,27,9,-10.3,927.4,NA,0,87
1996,2,27,12,-10.6,927.5,NA,340,87
1996,2,27,15,-10.3,927,NA,20,87
1996,2,27,18,-10.5,926.7,4,70,87
1996,2,27,21,-10.2,926.4,2,90,87
1996,2,28,0,-9.9,925.9,2,360,87
1996,2,28,3,-9.8,925.5,3,70,87
1996,2,28,6,-10.2,925.3,3,40,87
1996,2,28,9,NA,925.1,1,260,86
1996,2,28,12,-12,925,NA,250,85
1996,2,28,15,-12.1,924.8,NA,250,85
1996,2,28,18,-12.4,924.6,NA,250,85
1996,2,28,21,-11.9,925.2,8,240,85
1996,2,29,0,-10.6,925.7,NA,260,85
1996,2,29,3,-11.1,925.2,NA,250,84
1996,2,29,6,-10.8,924.8,NA,240,86
1996,2,29,9,-10.1,923.4,NA,230,87
1996,2,29,12,-11.1,920.7,NA,240,86
1996,2,29,15,-12.4,915.7,NA,240,85
1996,2,29,18,-11.4,916.1,NA,250,84
1996,2,29,21,-11.6,915.3,NA,240,84
1996,3,1,0,-11.5,916.1,59,NA,85
1996,3,1,3,-11.4,918.5,NA,NA,86
1996,3,1,6,-11.8,922.1,NA,NA,85
1996,3,1,9,-12.1,923.7,NA,NA,77
1996,3,1,12,-11.6,927.8,NA,NA,61
1996,3,1,15,-11.6,928.6,NA,230,54
1996,3,1,18,-11.4,929.8,NA,240,46
1996,3,1,21,-10.6,929.9,NA,240,60
1996,3,2,0,-10.4,929,NA,230,NA
1996,3,2,3,-10,926.7,NA,250,86
1996,3,2,6,-10.2,923.9,16,240,87
1996,3,2,9,-9.1,921.7,NA,220,88
1996,3,2,12,-8.8,919.3,NA,230,88
1996,3,2,15,-8.9,916,NA,NA,86
1996,3,2,18,-9,915.3,NA,NA,87
1996,3,2,21,-9.2,913.7,NA,NA,88
1996,3,3,0,-9.6,914.2,NA,240,88
1996,3,3,3,-10,913.5,NA,240,87
1996,3,3,6,-10.4,912.7,NA,230,87
1996,3,3,9,-10.9,914,NA,240,86
1996,3,3,12,-11.1,916.5,NA,230,86
1996,3,3,15,-11.1,916.7,NA,NA,86
1996,3,3,18,-11.1,918.4,NA,NA,86
1996,3,3,21,-10.7,919,NA,NA,81
1996,3,4,0,-10.7,920.4,NA,240,78
1996,3,4,3,-10,920.9,NA,230,71
1996,3,4,6,-9.6,921.3,NA,220,60
1996,3,4,9,-11.1,921,NA,220,75
1996,3,4,12,-11.8,920.1,NA,310,83
1996,3,4,15,-11.1,919.1,7,20,76
1996,3,4,18,-11.2,918.5,5,320,74
1996,3,4,21,-11.6,918.1,6,270,85
1996,3,5,0,-11.5,917.8,8,230,85
1996,3,5,3,-10.9,917.1,7,230,86
1996,3,5,6,-11.2,917.1,NA,0,86
1996,3,5,9,-12.1,917,4,310,58
1996,3,5,12,-11.4,916.8,NA,300,63
1996,3,5,15,-12,916.6,NA,250,57
1996,3,5,18,-11.4,916.2,NA,240,72
1996,3,5,21,-11,916.1,10,220,83
1996,3,6,0,-11,915.3,NA,230,86
1996,3,6,3,-11.9,914.7,NA,240,85
1996,3,6,6,-11.8,915.6,NA,240,85
1996,3,6,9,-12,916.8,20,240,80
1996,3,6,12,-11.2,917.7,20,230,69
1996,3,6,15,-11.7,918.2,22,220,70
1996,3,6,18,-12,919.9,21,220,80
1996,3,6,21,-11.9,921.3,21,230,76
1996,3,7,0,-11.7,922.8,NA,220,NA
1996,3,7,3,-11.7,923.6,NA,240,85
1996,3,7,6,-11.6,923.1,14,240,85
1996,3,7,9,-11.9,922.4,15,250,85
1996,3,7,12,-11.8,921.7,NA,240,85
1996,3,7,15,-11.8,921,18,240,85
1996,3,7,18,-12,921.4,16,240,85
1996,3,7,21,-12.4,921.5,NA,230,85
1996,3,8,0,-12.6,921.6,18,220,84
1996,3,8,3,-13.4,921.8,NA,230,84
1996,3,8,6,-13.2,922,NA,220,84
1996,3,8,9,-13.6,921.8,NA,230,83
1996,3,8,12,-13.8,920.9,NA,230,83
1996,3,8,15,-14.4,920.4,NA,220,83
1996,3,8,18,-14.2,919.5,NA,190,83
1996,3,8,21,-14.1,918.8,NA,220,83
1996,3,9,0,-14.3,918.3,4,270,83
1996,3,9,3,-14.6,917.8,NA,260,83
1996,3,9,6,-15,918.2,6,270,82
1996,3,9,9,-14.4,918.7,7,230,82
1996,3,9,12,-14.3,919.1,NA,220,83
1996,3,9,15,-15.7,920,9,250,81
1996,3,9,18,-14.7,919.9,NA,240,81
1996,3,9,21,-12.1,921,NA,240,52
1996,3,10,0,-12.8,921.8,NA,250,56
1996,3,10,3,-12.2,921.8,NA,10,45
1996,3,10,6,-12.1,923.1,NA,360,43
1996,3,10,9,-13.9,925,NA,250,49
1996,3,10,12,-13.2,926.7,NA,240,70
1996,3,10,15,-14.6,928.7,NA,250,76
1996,3,10,18,-13.2,929.7,NA,240,57
1996,3,10,21,-13.5,931.3,NA,230,72
1996,3,11,0,-13,932.1,NA,260,83
1996,3,11,3,-13.4,932.1,NA,260,83
1996,3,11,6,-12.2,932.1,NA,70,81
1996,3,11,9,-11.9,932.2,NA,0,85
1996,3,11,12,-13.2,932,NA,260,84
1996,3,11,15,-13.5,931.7,NA,240,83
1996,3,11,18,-13.1,932,NA,250,84
1996,3,11,21,-13.4,932.3,NA,230,83
1996,3,12,0,-13.4,931.7,NA,220,83
1996,3,12,3,-13.4,930.9,20,NA,84
1996,3,12,6,-13.2,929.7,NA,NA,84
1996,3,12,9,-13.4,928.5,NA,NA,84
1996,3,12,12,-13.9,927.1,16,230,83
1996,3,12,15,-14.3,925.9,NA,230,83
1996,3,12,18,-14.5,924.3,NA,240,82
1996,3,12,21,-14.1,922.8,14,NA,83
1996,3,13,0,-14.1,921.5,12,NA,83
1996,3,13,3,-14,919.6,11,NA,83
1996,3,13,6,-14,918.4,8,220,83
1996,3,13,9,-15.2,917.8,NA,230,82
1996,3,13,12,-16,916.9,6,260,81
1996,3,13,15,-16.3,916.2,NA,250,78
1996,3,13,18,-15.5,915.3,NA,230,81
1996,3,13,21,-15.5,916,NA,NA,77
1996,3,14,0,-15.6,917.7,24,NA,72
1996,3,14,3,-16.2,918.7,26,NA,80
1996,3,14,6,-16.6,921,24,NA,80
1996,3,14,9,-17.2,923.5,23,240,79
1996,3,14,12,-16.8,926.2,NA,NA,80
1996,3,14,15,-16.8,928.7,NA,NA,80
1996,3,14,18,-16.6,931.3,NA,NA,80
1996,3,14,21,-16,934.1,28,230,80
1996,3,15,0,-15.9,936.8,NA,220,81
1996,3,15,3,-15.7,938.3,NA,250,81
1996,3,15,6,-14.8,938.3,NA,30,82
1996,3,15,9,-15.2,938.1,8,340,82
1996,3,15,12,-15,937.4,7,50,81
1996,3,15,15,-14.6,936.5,NA,260,79
1996,3,15,18,-13,936.8,NA,240,74
1996,3,15,21,NA,936.3,NA,250,28
1996,3,16,0,NA,935,3,240,22
1996,3,16,3,-10.1,934.1,NA,260,23
1996,3,16,6,-6.7,935.2,NA,210,25
1996,3,16,9,-7,937,NA,60,27
1996,3,16,12,-2.8,938.8,NA,90,30
1996,3,16,15,NA,940.3,2,290,25
1996,3,16,18,-0.6,941.3,NA,250,26
1996,3,16,21,1.1,940.4,NA,320,20
1996,3,17,0,-1.4,939.6,NA,240,23
1996,3,17,3,-1.5,939.2,NA,160,27
1996,3,17,6,-0.5,937.3,NA,360,29
1996,3,17,9,NA,935.1,NA,240,36
1996,3,17,12,0.3,933.3,NA,160,36
1996,3,17,15,0.8,932.5,NA,70,34
1996,3,17,18,NA,929.7,NA,50,36
1996,3,17,21,-1,924.7,NA,280,42
1996,3,18,0,NA,919.9,NA,170,38
1996,3,18,3,NA,915.8,NA,230,56
1996,3,18,6,NA,915.6,NA,130,67
1996,3,18,9,NA,914,NA,240,84
1996,3,18,12,NA,917.3,NA,230,76
1996,3,18,15,-13,920.4,NA,230,68
1996,3,18,18,-13.1,921.7,NA,70,74
1996,3,18,21,-12.8,922.3,NA,20,79
1996,3,19,0,-11.2,922,NA,320,62
1996,3,19,3,-8.8,920.6,NA,250,33
1996,3,19,6,-8.7,922.1,NA,240,32
1996,3,19,9,-8.9,924,NA,230,42
1996,3,19,12,-11.2,925.4,NA,230,44
1996,3,19,15,-12.1,926.5,NA,240,53
1996,3,19,18,-11.9,926.9,NA,250,54
1996,3,19,21,-12.4,928,NA,40,76
1996,3,20,0,-12.5,928.6,NA,100,NA
1996,3,20,3,-12.8,928.4,NA,80,83
1996,3,20,6,-12.6,927.8,NA,40,83
1996,3,20,9,-11.9,927.2,10,50,84
1996,3,20,12,-11.6,926.9,NA,200,85
1996,3,20,15,-11.4,926.8,NA,260,85
1996,3,20,18,-10.6,926,NA,240,86
1996,3,20,21,-10,925.5,NA,250,87
1996,3,21,0,-10.1,924.7,NA,190,87
1996,3,21,3,-10.5,923.3,5,220,86
1996,3,21,6,-10.6,922.4,4,250,86
1996,3,21,9,-12.3,921.7,5,230,85
1996,3,21,12,-13,921.8,5,240,84
1996,3,21,15,-12.6,921.7,NA,160,84
1996,3,21,18,-12.5,921.4,1,150,85
1996,3,21,21,-11.9,920.4,2,40,85
1996,3,22,0,-11.5,919.6,NA,20,85
1996,3,22,3,-10.8,919.1,6,50,86
1996,3,22,6,-10.9,919.4,4,80,86
1996,3,22,9,-11.5,920.1,2,90,86
1996,3,22,12,-12.1,920.7,3,250,85
1996,3,22,15,-12.1,920.9,4,240,85
1996,3,22,18,-12.7,921.8,4,230,85
1996,3,22,21,-14.3,922.2,NA,NA,84
1996,3,23,0,-15,922.4,NA,NA,82
1996,3,23,3,-15.6,923,10,NA,81
1996,3,23,6,-16.2,923.1,10,240,81
1996,3,23,9,-16.4,923.5,8,210,80
1996,3,23,12,-16.6,922.7,9,230,80
1996,3,23,15,-17.9,922,NA,220,79
1996,3,23,18,-18.1,922.4,NA,230,78
1996,3,23,21,-18.2,923.4,NA,240,76
1996,3,24,0,-19.1,923.8,NA,240,73
1996,3,24,3,-18.1,923.7,NA,250,63
1996,3,24,6,-18.1,924.1,NA,10,67
1996,3,24,9,-16.9,924.2,NA,10,63
1996,3,24,12,-14.9,923.9,8,20,39
1996,3,24,15,-13.4,923.6,NA,20,24
1996,3,24,18,-11.9,922,NA,20,29
1996,3,24,21,-11.3,920.9,NA,30,53
1996,3,25,0,-12.2,919.9,NA,260,48
1996,3,25,3,-9.5,917.9,NA,50,36
1996,3,25,6,NA,915.7,NA,230,77
1996,3,25,9,NA,914.4,NA,250,72
1996,3,25,12,-12.7,913.4,NA,230,83
1996,3,25,15,-12.6,911.5,NA,230,82
1996,3,25,18,-13.4,912,NA,NA,83
1996,3,25,21,-15.4,909.8,NA,NA,81
1996,3,26,0,-15.9,909.6,NA,NA,80
1996,3,26,3,-16.6,909.5,50,NA,80
1996,3,26,6,-17,910.9,47,NA,79
1996,3,26,9,-16.8,910.4,49,NA,78
1996,3,26,12,-17.5,912.9,48,NA,77
1996,3,26,15,-18,913.9,48,230,78
1996,3,26,18,-17.6,914.1,NA,230,77
1996,3,26,21,-17.9,915,50,240,78
1996,3,27,0,-17.7,913,NA,240,78
1996,3,27,3,-17.7,914.7,60,250,77
1996,3,27,6,-18.4,911.8,NA,240,77
1996,3,27,9,-18.5,913,NA,240,77
1996,3,27,12,-18.4,916.2,NA,240,77
1996,3,27,15,-18.3,918.1,59,230,77
1996,3,27,18,-18.6,921.5,NA,230,77
1996,3,27,21,-18.3,926,NA,230,77
1996,3,28,0,-18.3,928.1,NA,240,77
1996,3,28,3,-18.6,928.3,NA,220,71
1996,3,28,6,-19.1,927.5,NA,230,72
1996,3,28,9,-20,926.5,NA,230,76
1996,3,28,12,-19.9,925.6,NA,220,75
1996,3,28,15,-20.2,925.6,NA,230,75
1996,3,28,18,-20.9,924.6,NA,250,64
1996,3,28,21,-21.1,924.2,10,250,63
1996,3,29,0,-22,923.8,14,230,72
1996,3,29,3,-22,923.2,NA,230,73
1996,3,29,6,-22.2,922,NA,220,72
1996,3,29,9,-21,920.2,NA,230,54
1996,3,29,12,-20.3,918.1,NA,230,55
1996,3,29,15,-17.7,915.5,NA,NA,57
1996,3,29,18,-16.8,912.7,NA,NA,59
1996,3,29,21,-15.8,907,NA,NA,69
1996,3,30,0,-15,903.4,NA,240,79
1996,3,30,3,-14.3,902.1,NA,240,80
1996,3,30,6,-13.7,901.9,NA,240,82
1996,3,30,9,-14.9,902,NA,230,81
1996,3,30,12,-14.5,905.4,59,230,82
1996,3,30,15,-15.1,906.7,NA,240,81
1996,3,30,18,-15.3,910.9,NA,230,81
1996,3,30,21,-14.2,911.6,NA,240,78
1996,3,31,0,-13.7,913.2,NA,240,81
1996,3,31,3,-14.7,918.7,NA,220,78
1996,3,31,6,-12.4,919.8,NA,240,59
1996,3,31,9,-13.5,922.5,NA,230,64
1996,3,31,12,-13.4,924.7,NA,220,63
1996,3,31,15,-12.9,924.8,NA,190,80
1996,3,31,18,-13.4,925.6,NA,220,81
1996,3,31,21,-13.6,926.3,NA,360,83
1996,4,1,0,-11.5,926.6,NA,320,49
1996,4,1,3,-12.5,926.9,NA,20,56
1996,4,1,6,-12.1,926.3,9,20,42
1996,4,1,9,-14.6,925.6,NA,260,64
1996,4,1,12,-15.1,924.1,NA,240,80
1996,4,1,15,-14.9,923.3,NA,230,69
1996,4,1,18,-18.2,924,NA,220,78
1996,4,1,21,NA,924.7,NA,200,75
1996,4,2,0,-20.9,926.5,17,200,74
1996,4,2,3,-22.6,926.7,NA,220,72
1996,4,2,6,-22.9,927.2,NA,230,72
1996,4,2,9,-21.9,928.6,NA,220,69
1996,4,2,12,-19.2,929.3,NA,230,52
1996,4,2,15,-20.5,930.1,NA,220,45
1996,4,2,18,-16.6,929.2,NA,230,44
1996,4,2,21,-16.5,929.9,NA,260,26
1996,4,3,0,-19.3,930.6,NA,240,55
1996,4,3,3,-18.7,927.8,NA,250,68
1996,4,3,6,-18.6,928.3,NA,220,52
1996,4,3,9,-17.3,927,NA,230,47
1996,4,3,12,-17.1,924.8,NA,230,54
1996,4,3,15,-16.8,922,NA,360,44
1996,4,3,18,-16.8,919.5,NA,350,36
1996,4,3,21,-15.1,916.4,NA,70,35
1996,4,4,0,-16.1,913.5,NA,360,35
1996,4,4,3,-15.3,911.8,NA,280,33
1996,4,4,6,-17.7,909.3,NA,0,42
1996,4,4,9,-17.1,906.9,NA,20,75
1996,4,4,12,-16.4,903.8,NA,30,79
1996,4,4,15,-16,903.5,NA,50,80
1996,4,4,18,-17.7,902.6,NA,260,77
1996,4,4,21,-17.9,902,NA,240,77
1996,4,5,0,-17.3,902.5,NA,230,78
1996,4,5,3,-19,902.1,NA,220,77
1996,4,5,6,-20.4,902.4,NA,230,75
1996,4,5,9,-20.6,904.3,23,230,74
1996,4,5,12,-21.7,906.1,24,NA,73
1996,4,5,15,-21.5,907.9,22,NA,73
1996,4,5,18,-21.2,910,22,220,73
1996,4,5,21,-21,911.4,NA,230,74
1996,4,6,0,-21,912.5,20,220,74
1996,4,6,3,-21,913.4,18,220,74
1996,4,6,6,-21.3,914,20,220,73
1996,4,6,9,-21.4,915.1,NA,230,73
1996,4,6,12,-21.5,916.2,NA,240,73
1996,4,6,15,-21.5,917.4,NA,230,73
1996,4,6,18,-21.4,918.8,NA,240,73
1996,4,6,21,-20.7,920.7,NA,230,74
1996,4,7,0,-20,922.3,NA,90,75
1996,4,7,3,-18.9,923.9,5,360,77
1996,4,7,6,-18,924.6,1,320,77
1996,4,7,9,-18.2,923.8,5,360,76
1996,4,7,12,-19.2,922.8,NA,230,70
1996,4,7,15,-19.6,921.6,5,250,71
1996,4,7,18,-20.7,921.3,NA,230,72
1996,4,7,21,-20.7,921.8,NA,210,74
1996,4,8,0,-20.9,921.7,NA,240,74
1996,4,8,3,-20.2,921.7,14,210,75
1996,4,8,6,-21.1,922,14,210,74
1996,4,8,9,-21.2,922.2,12,220,73
1996,4,8,12,-21.5,923.5,NA,210,73
1996,4,8,15,-23,923.1,NA,230,72
1996,4,8,18,-21.9,922,NA,240,70
1996,4,8,21,NA,925.6,NA,230,43
1996,4,9,0,-17.7,925.6,NA,200,43
1996,4,9,3,-15.1,923.5,NA,210,34
1996,4,9,6,-18.7,922.7,NA,240,64
1996,4,9,9,-18.8,919.2,NA,360,57
1996,4,9,12,-19,915.1,NA,350,59
1996,4,9,15,-17.6,912.4,NA,20,41
1996,4,9,18,-17.8,911.3,NA,230,42
1996,4,9,21,-20.7,910.1,NA,250,71
1996,4,10,0,-20.6,908.7,NA,210,65
1996,4,10,3,-21.3,907.1,NA,230,62
1996,4,10,6,-21.6,905.5,NA,240,63
1996,4,10,9,-22.1,904.9,13,240,66
1996,4,10,12,-22.9,903.6,14,240,63
1996,4,10,15,-22.5,902.7,NA,220,70
1996,4,10,18,-23.2,902.1,NA,300,63
1996,4,10,21,-22.9,901.6,4,330,65
1996,4,11,0,-22.8,901.8,NA,60,71
1996,4,11,3,-22.8,901.4,NA,50,71
1996,4,11,6,-24.5,901.7,7,350,69
1996,4,11,9,-23.8,901.2,NA,290,69
1996,4,11,12,-22.5,901,NA,0,65
1996,4,11,15,-22,901.3,1,250,36
1996,4,11,18,-20.4,901.7,NA,240,25
1996,4,11,21,-18.8,901.7,NA,230,21
1996,4,12,0,-16,902,NA,240,42
1996,4,12,3,-14.9,901.8,NA,240,46
1996,4,12,6,-14.5,903.6,NA,210,43
1996,4,12,9,-14.3,905,NA,230,42
1996,4,12,12,-15,908.2,NA,220,41
1996,4,12,15,-15.2,910.5,NA,240,50
1996,4,12,18,-15.8,912.7,NA,260,44
1996,4,12,21,-13.9,915.1,7,250,40
1996,4,13,0,-12.7,917.2,8,230,31
1996,4,13,3,-12.8,919.5,NA,280,32
1996,4,13,6,-12.4,921.2,NA,260,35
1996,4,13,9,-11.4,923,NA,280,32
1996,4,13,12,-13.8,923.1,NA,240,46
1996,4,13,15,-15.1,922.4,NA,250,78
1996,4,13,18,-15.5,923.5,NA,230,80
1996,4,13,21,-15.4,923,NA,300,79
1996,4,14,0,-15.8,921.4,NA,340,79
1996,4,14,3,-16.3,919.3,NA,10,80
1996,4,14,6,-16.7,919.1,NA,10,79
1996,4,14,9,-17.1,918.5,9,340,79
1996,4,14,12,-16.9,918.1,NA,50,78
1996,4,14,15,-16.5,917.5,NA,0,79
1996,4,14,18,-14.4,917,3,220,53
1996,4,14,21,-14.1,916.9,NA,220,37
1996,4,15,0,-13.2,916.7,6,180,75
1996,4,15,3,-10.7,912.1,NA,230,85
1996,4,15,6,-10.6,909.8,NA,230,85
1996,4,15,9,-12.3,910.9,NA,230,84
1996,4,15,12,-15.3,909.6,NA,NA,80
1996,4,15,15,-15.4,911.5,58,NA,80
1996,4,15,18,-14.6,913.7,NA,NA,75
1996,4,15,21,-14.5,916.2,NA,220,77
1996,4,16,0,-14.4,916.9,NA,130,81
1996,4,16,3,-13.9,914.2,NA,350,59
1996,4,16,6,-12.2,911.9,NA,340,44
1996,4,16,9,-12.7,910.1,NA,10,46
1996,4,16,12,-13.3,907.8,NA,40,45
1996,4,16,15,-13.4,906.2,NA,360,47
1996,4,16,18,NA,906.4,4,280,76
1996,4,16,21,-18.3,906.3,NA,240,77
1996,4,17,0,-19.8,906.5,NA,220,75
1996,4,17,3,-19.6,906.3,5,220,75
1996,4,17,6,-19.8,907,NA,230,75
1996,4,17,9,-17.8,907.5,NA,NA,77
1996,4,17,12,-17.9,908,NA,NA,77
1996,4,17,15,-17.6,908.7,0,360,78
1996,4,17,18,-18.2,909.5,NA,NA,77
1996,4,17,21,-18,910.6,NA,NA,77
1996,4,18,0,-17.7,911.2,2,230,78
1996,4,18,3,-17.5,912.4,3,210,78
1996,4,18,6,-18.6,913.6,4,230,78
1996,4,18,9,-17.8,913.9,1,250,77
1996,4,18,12,-17.4,914,1,250,78
1996,4,18,15,-16.9,914.4,NA,NA,78
1996,4,18,18,-17.1,914.9,NA,NA,79
1996,4,18,21,-17.4,915.6,NA,NA,78
1996,4,19,0,-18.3,915.9,2,360,73
1996,4,19,3,-18.2,915.8,4,20,72
1996,4,19,6,-18.2,915.7,NA,NA,63
1996,4,19,9,-16.1,915.9,1,270,56
1996,4,19,12,-16,916.9,3,250,38
1996,4,19,15,-16.1,918,NA,260,38
1996,4,19,18,-15.3,919.1,3,250,33
1996,4,19,21,-14.7,919.8,NA,240,34
1996,4,20,0,-14.1,920.5,5,260,34
1996,4,20,3,-12.9,920.7,NA,240,33
1996,4,20,6,-13.8,918.9,NA,240,82
1996,4,20,9,-14.6,920.8,NA,230,76
1996,4,20,12,-14.8,921.8,NA,230,80
1996,4,20,15,-15.1,923.1,NA,220,78
1996,4,20,18,-13.2,923.7,NA,220,73
1996,4,20,21,-12.7,925.2,NA,210,70
1996,4,21,0,-12.4,927,NA,220,77
1996,4,21,3,-12.9,929.3,NA,220,83
1996,4,21,6,-12.3,929.9,NA,230,84
1996,4,21,9,-11.6,932.1,NA,230,73
1996,4,21,12,-12.9,934.4,NA,220,83
1996,4,21,15,-13.1,933.4,NA,220,78
1996,4,21,18,-13.5,934.3,NA,230,79
1996,4,21,21,-14.3,933.3,NA,NA,82
1996,4,22,0,-14,932.2,NA,NA,82
1996,4,22,3,-13.9,930.6,NA,240,62
1996,4,22,6,-13.9,928.7,NA,340,51
1996,4,22,9,-13.4,926.2,NA,10,57
1996,4,22,12,-13.5,923,NA,350,50
1996,4,22,15,-15.2,919.8,7,240,70
1996,4,22,18,-15.1,917.5,4,30,59
1996,4,22,21,-16,916.3,6,240,80
1996,4,23,0,-13.9,916.1,NA,290,55
1996,4,23,3,-15.7,916.5,NA,260,67
1996,4,23,6,-16.8,917.8,NA,10,78
1996,4,23,9,-17.4,919.6,NA,200,78
1996,4,23,12,-19,921.5,NA,230,76
1996,4,23,15,-19.1,922.7,NA,220,76
1996,4,23,18,-19.2,923.5,NA,260,76
1996,4,23,21,-19.2,924.2,2,120,76
1996,4,24,0,-19.4,924.9,2,100,76
1996,4,24,3,-19.6,925,1,90,75
1996,4,24,6,-20.2,925.2,NA,NA,75
1996,4,24,9,-20.6,924.9,2,150,74
1996,4,24,12,-21.1,923.8,NA,210,73
1996,4,24,15,-21.9,921.7,NA,220,73
1996,4,24,18,-22,921,NA,230,72
1996,4,24,21,-22.1,921.4,NA,220,72
1996,4,25,0,-21.8,921.7,NA,NA,73
1996,4,25,3,-20.2,923.1,NA,NA,74
1996,4,25,6,-19.4,925.5,NA,NA,62
1996,4,25,9,-18.8,927.4,NA,200,54
1996,4,25,12,-18.8,928.5,7,210,51
1996,4,25,15,-18.1,929.4,3,260,49
1996,4,25,18,-17.3,930,NA,270,46
1996,4,25,21,-17.5,930.6,NA,340,44
1996,4,26,0,-16.4,930.8,NA,20,45
1996,4,26,3,-17.4,930,6,NA,42
1996,4,26,6,-17.7,929.4,6,NA,42
1996,4,26,9,-17.6,929.1,NA,NA,45
1996,4,26,12,-17.4,928.6,NA,NA,70
1996,4,26,15,-17.3,929.4,NA,NA,78
1996,4,26,18,-17.8,931.1,NA,30,77
1996,4,26,21,-17.7,933.1,NA,20,77
1996,4,27,0,-18.6,934.8,NA,NA,77
1996,4,27,3,-19.9,935.3,3,260,75
1996,4,27,6,-19.8,935.4,NA,230,75
1996,4,27,9,-20,935.3,5,220,75
1996,4,27,12,-20.2,934.5,2,260,75
1996,4,27,15,-20.4,933,2,NA,74
1996,4,27,18,-20.1,931.5,1,40,75
1996,4,27,21,-19.8,930.4,3,60,75
1996,4,28,0,-20.1,928.7,4,50,75
1996,4,28,3,-18.9,926.8,4,10,76
1996,4,28,6,-18,925.3,4,10,77
1996,4,28,9,-16.4,923.5,3,360,80
1996,4,28,12,-14.5,921.5,2,240,80
1996,4,28,15,-17,920,NA,230,74
1996,4,28,18,-16.9,918.5,NA,230,57
1996,4,28,21,-21.3,918.3,NA,240,72
1996,4,29,0,NA,920.4,NA,190,70
1996,4,29,3,-24.3,918.7,NA,220,69
1996,4,29,6,-25.4,920.2,NA,220,68
1996,4,29,9,-25.4,920.3,NA,210,67
1996,4,29,12,-23.4,920,NA,230,65
1996,4,29,15,-24.4,919,5,260,49
1996,4,29,18,-24.4,917,NA,230,58
1996,4,29,21,-23.4,919.2,NA,230,44
1996,4,30,0,-23.4,919.5,NA,220,48
1996,4,30,3,-24.8,919.7,NA,220,56
1996,4,30,6,-23.2,920.6,NA,300,49
1996,4,30,9,-24.2,920.4,NA,10,56
1996,4,30,12,-25.6,919.7,3,10,62
1996,4,30,15,-25.5,919.5,NA,360,66
1996,4,30,18,-25.5,919.1,5,330,59
1996,4,30,21,-25.6,919.3,NA,290,63
1996,5,1,0,-25.9,919.3,3,260,66
1996,5,1,3,-26.2,919.1,5,220,66
1996,5,1,6,-27.1,918.6,NA,240,65
1996,5,1,9,-28.1,918.7,NA,240,64
1996,5,1,12,-28.9,918.6,NA,NA,62
1996,5,1,15,-28.9,919.3,17,NA,62
1996,5,1,18,-29.7,919.4,18,NA,61
1996,5,1,21,-30.1,920.1,NA,250,60
1996,5,2,0,-28.5,920.2,NA,NA,62
1996,5,2,3,-28.8,919.8,3,360,62
1996,5,2,6,-27,919.5,3,250,65
1996,5,2,9,-26.5,919.3,4,240,64
1996,5,2,12,-25.6,919.8,1,240,59
1996,5,2,15,-24.7,919.5,1,210,53
1996,5,2,18,-24.7,919.3,3,240,47
1996,5,2,21,-24.7,919.6,3,250,41
1996,5,3,0,-24.9,919.9,5,240,41
1996,5,3,3,-23.8,920.1,NA,240,35
1996,5,3,6,-22.7,921.2,NA,270,30
1996,5,3,9,-23.5,921.9,NA,200,42
1996,5,3,12,-24.2,922.3,NA,NA,59
1996,5,3,15,-23.7,922.1,NA,NA,49
1996,5,3,18,-25.6,922.2,3,260,62
1996,5,3,21,-25.1,922.6,NA,NA,67
1996,5,4,0,-25.6,922.8,1,350,67
1996,5,4,3,-25.3,922.9,3,240,66
1996,5,4,6,-26.3,923.5,3,10,66
1996,5,4,9,-26.8,923.7,NA,NA,65
1996,5,4,12,-26.9,923.9,1,20,65
1996,5,4,15,-26.8,924,3,20,65
1996,5,4,18,-26.2,924,3,10,58
1996,5,4,21,-26.8,924,6,10,54
1996,5,5,0,-25.9,923.5,2,250,53
1996,5,5,3,-24.8,922.2,3,360,48
1996,5,5,6,-28,921.9,NA,250,61
1996,5,5,9,-28.7,921.4,NA,250,62
1996,5,5,12,NA,922.4,NA,240,41
1996,5,5,15,-24.8,923,NA,NA,35
1996,5,5,18,-25.7,923.4,3,20,36
1996,5,5,21,-26,923.9,NA,220,42
1996,5,6,0,-25.2,923.2,NA,230,37
1996,5,6,3,-23.9,922.6,NA,250,33
1996,5,6,6,-22.1,921.6,6,260,25
1996,5,6,9,-21.8,920.3,5,240,23
1996,5,6,12,-21.7,919.7,2,330,20
1996,5,6,15,-22.1,918.3,1,250,20
1996,5,6,18,-23.1,916.4,NA,240,26
1996,5,6,21,-24.5,915.6,NA,230,42
1996,5,7,0,-24.9,915.7,NA,240,62
1996,5,7,3,-25,915.4,NA,240,49
1996,5,7,6,-25.5,915.2,NA,240,64
1996,5,7,9,-26,915.1,NA,220,65
1996,5,7,12,-25.1,915.3,NA,230,59
1996,5,7,15,-24.2,915.5,NA,220,49
1996,5,7,18,-23.9,916,NA,220,50
1996,5,7,21,-23.2,916.3,NA,220,51
1996,5,8,0,-22.5,915.2,NA,230,59
1996,5,8,3,-23.6,915,NA,NA,68
1996,5,8,6,-23.9,916.6,NA,NA,68
1996,5,8,9,-23.8,917,NA,NA,69
1996,5,8,12,-22.6,916.2,NA,240,65
1996,5,8,15,-21.4,914.7,NA,220,60
1996,5,8,18,-20.7,913.3,NA,230,64
1996,5,8,21,-20.7,912.9,NA,230,57
1996,5,9,0,-20.5,912,23,230,65
1996,5,9,3,-20.4,910.9,23,240,63
1996,5,9,6,-19.5,910.5,NA,240,51
1996,5,9,9,-18.2,910.2,NA,230,51
1996,5,9,12,-16.4,909.4,NA,230,40
1996,5,9,15,-16.4,909.1,NA,230,54
1996,5,9,18,-16.8,907.4,NA,240,58
1996,5,9,21,-16.8,907.7,NA,240,76
1996,5,10,0,-16.3,912.2,NA,230,67
1996,5,10,3,-15.7,911.3,NA,230,66
1996,5,10,6,-15.3,912.3,NA,230,73
1996,5,10,9,-15.8,915,NA,220,75
1996,5,10,12,-15,915.5,NA,230,79
1996,5,10,15,-15.5,916.5,NA,230,62
1996,5,10,18,-16,916.9,NA,240,78
1996,5,10,21,-15.9,917.8,NA,230,79
1996,5,11,0,-16,919.1,NA,200,79
1996,5,11,3,-16.4,919.4,NA,60,79
1996,5,11,6,-15.9,920.4,NA,NA,79
1996,5,11,9,-16,920.9,4,230,79
1996,5,11,12,-17.4,921.5,NA,230,79
1996,5,11,15,-17.8,921.9,NA,230,78
1996,5,11,18,-18.6,922.2,NA,210,77
1996,5,11,21,-18.7,921.4,NA,230,76
1996,5,12,0,-19,921.4,NA,220,76
1996,5,12,3,-18.7,919.9,NA,230,77
1996,5,12,6,-19,918.5,NA,220,76
1996,5,12,9,-21.4,918.6,NA,230,73
1996,5,12,12,-20.2,917.3,NA,NA,74
1996,5,12,15,-21.3,918.4,NA,NA,73
1996,5,12,18,-20.3,916.6,NA,NA,73
1996,5,12,21,-20,914.6,NA,230,71
1996,5,13,0,-21.2,913.4,NA,220,71
1996,5,13,3,-19.1,913.4,NA,230,59
1996,5,13,6,-19.1,912.8,NA,220,61
1996,5,13,9,-18.9,911,NA,210,59
1996,5,13,12,-18.6,908.8,NA,230,56
1996,5,13,15,-19.3,906,NA,0,48
1996,5,13,18,-19.1,902.9,NA,10,49
1996,5,13,21,-19.7,899.7,NA,20,40
1996,5,14,0,-19.3,897.1,NA,320,53
1996,5,14,3,-22.2,894.7,NA,240,44
1996,5,14,6,-23.4,893.7,NA,240,69
1996,5,14,9,-21.7,894.4,NA,250,70
1996,5,14,12,-21.1,896.4,NA,30,49
1996,5,14,15,-21.4,899.1,NA,40,44
1996,5,14,18,-22.3,901.7,NA,20,51
1996,5,14,21,-23.6,904.5,NA,120,69
1996,5,15,0,-23.1,907.1,NA,250,70
1996,5,15,3,-22.8,909.7,NA,240,71
1996,5,15,6,-22.4,912.1,NA,230,71
1996,5,15,9,-22,914.2,15,250,71
1996,5,15,12,-21.6,915.6,15,240,72
1996,5,15,15,-20.9,916.2,NA,240,73
1996,5,15,18,-20.7,917.4,15,240,73
1996,5,15,21,-20.3,918.9,NA,270,74
1996,5,16,0,-21.1,918.8,NA,240,73
1996,5,16,3,-20.2,918.8,11,240,74
1996,5,16,6,-19.1,918.9,NA,260,75
1996,5,16,9,-19.7,918.6,2,40,75
1996,5,16,12,-19.4,917.5,5,20,75
1996,5,16,15,-20.1,916.9,4,30,70
1996,5,16,18,-19.5,916.2,8,30,65
1996,5,16,21,-20.7,916.1,8,20,73
1996,5,17,0,-19.7,915.5,NA,10,66
1996,5,17,3,-20.4,914.6,NA,30,68
1996,5,17,6,-21.3,913.8,12,20,72
1996,5,17,9,-21.8,912.2,NA,350,72
1996,5,17,12,-21.5,911.7,NA,0,72
1996,5,17,15,-20.6,911.7,NA,NA,74
1996,5,17,18,-21.3,911.7,NA,NA,73
1996,5,17,21,-22.8,912.5,1,340,71
1996,5,18,0,-21.9,913.5,NA,220,72
1996,5,18,3,-23.1,915.1,NA,230,71
1996,5,18,6,-22.8,916.9,9,NA,71
1996,5,18,9,-22.9,919.1,7,NA,71
1996,5,18,12,-23.7,921,7,NA,70
1996,5,18,15,-23.7,922.3,5,240,70
1996,5,18,18,-24.2,923.6,4,230,69
1996,5,18,21,-24.9,925,4,260,69
1996,5,19,0,-24.6,926.6,3,220,68
1996,5,19,3,-25.7,928.5,2,250,67
1996,5,19,6,-25.7,929.2,5,230,67
1996,5,19,9,-25.5,930.1,5,240,67
1996,5,19,12,-26,930,7,230,66
1996,5,19,15,-26.1,929.6,NA,240,66
1996,5,19,18,-25.5,929.9,NA,230,67
1996,5,19,21,-25.4,929.8,NA,230,67
1996,5,20,0,-24.9,930.1,NA,220,68
1996,5,20,3,-24.4,929.3,NA,220,63
1996,5,20,6,-24.5,929.4,NA,230,64
1996,5,20,9,-24,929.5,39,220,64
1996,5,20,12,-24.3,929.2,NA,230,65
1996,5,20,15,-24.7,928.8,NA,220,67
1996,5,20,18,-24.8,929.4,NA,230,68
1996,5,20,21,-25.2,928.2,NA,230,68
1996,5,21,0,-26.1,927.2,20,230,66
1996,5,21,3,-26.5,926.9,NA,220,65
1996,5,21,6,-27.5,926.5,17,220,64
1996,5,21,9,-28.6,926,NA,230,63
1996,5,21,12,-28.6,925.9,18,240,62
1996,5,21,15,-29.5,926.5,19,240,61
1996,5,21,18,-30.2,927,18,NA,61
1996,5,21,21,-30.6,927.7,17,NA,60
1996,5,22,0,-31.5,929.4,NA,220,59
1996,5,22,3,-32.4,929.7,NA,230,58
1996,5,22,6,-32.8,929.9,NA,250,57
1996,5,22,9,-33.6,929.3,10,220,56
1996,5,22,12,-35,929.3,7,240,55
1996,5,22,15,-35.6,929.5,6,250,55
1996,5,22,18,-33.3,929.2,NA,NA,56
1996,5,22,21,-33,929.6,2,30,57
1996,5,23,0,-34,929.7,NA,NA,55
1996,5,23,3,-33.8,930.3,NA,NA,56
1996,5,23,6,-33.4,931.3,NA,NA,56
1996,5,23,9,-32.9,932.5,1,150,57
1996,5,23,12,-32.9,933.6,1,250,57
1996,5,23,15,-32.8,934.9,2,200,57
1996,5,23,18,-33.7,935.6,NA,240,56
1996,5,23,21,-32.9,936.4,NA,240,57
1996,5,24,0,-32.4,936.7,NA,240,57
1996,5,24,3,-31.9,936.2,NA,230,58
1996,5,24,6,-30.5,935.7,NA,220,59
1996,5,24,9,-30.3,936.2,NA,220,60
1996,5,24,12,-30,935,NA,230,60
1996,5,24,15,-29.8,934.6,NA,NA,61
1996,5,24,18,-28.9,936.2,47,NA,62
1996,5,24,21,-28.2,938.4,NA,NA,63
1996,5,25,0,-26.9,939,43,NA,64
1996,5,25,3,-26.4,938.7,NA,NA,63
1996,5,25,6,-26,938.5,NA,NA,65
1996,5,25,9,-26,936.9,NA,NA,66
1996,5,25,12,-25.6,934.8,NA,NA,67
1996,5,25,15,-25.4,938.4,NA,NA,67
1996,5,25,18,-25.3,938.4,NA,220,67
1996,5,25,21,-25,940.3,56,230,67
1996,5,26,0,-24.4,941.2,NA,230,69
1996,5,26,3,-23.8,944.2,NA,230,69
1996,5,26,6,-24.2,945.3,NA,220,69
1996,5,26,9,-25,947.1,NA,230,68
1996,5,26,12,-24.7,947.1,NA,230,68
1996,5,26,15,-24.6,947.3,NA,240,68
1996,5,26,18,-25.1,946.7,NA,230,68
1996,5,26,21,-25.7,945.5,22,230,67
1996,5,27,0,-24.4,944.8,NA,240,67
1996,5,27,3,-24.2,943.2,NA,230,69
1996,5,27,6,-23.7,942.2,NA,240,69
1996,5,27,9,-23.3,940.5,NA,NA,70
1996,5,27,12,-23.4,939.1,1,NA,70
1996,5,27,15,-23,936.7,NA,NA,70
1996,5,27,18,-23.4,934.9,NA,NA,70
1996,5,27,21,-23.1,933,NA,NA,70
1996,5,28,0,-22.3,930.8,NA,NA,72
1996,5,28,3,-21.6,928.2,NA,NA,70
1996,5,28,6,-22.8,926.1,NA,NA,62
1996,5,28,9,-23.4,924,NA,NA,63
1996,5,28,12,-21.1,922.4,NA,NA,61
1996,5,28,15,-22.1,920.9,NA,NA,58
1996,5,28,18,-23.3,920.4,NA,NA,70
1996,5,28,21,-23.9,920.2,NA,NA,69
1996,5,29,0,-23.5,920.3,NA,NA,69
1996,5,29,3,-24.8,920.6,NA,NA,68
1996,5,29,6,-24.9,920.9,NA,NA,68
1996,5,29,9,-25.4,920.7,NA,NA,67
1996,5,29,12,-27.6,918.5,NA,NA,65
1996,5,29,15,-27.1,919.3,NA,NA,65
1996,5,29,18,-28.1,919.7,NA,NA,64
1996,5,29,21,-27.3,921.1,NA,NA,64
1996,5,30,0,-28.3,920.9,NA,NA,63
1996,5,30,3,-29,920.8,NA,NA,62
1996,5,30,6,-28.9,921.7,NA,NA,62
1996,5,30,9,-29.3,922.3,NA,NA,62
1996,5,30,12,-30.7,923.3,NA,NA,60
1996,5,30,15,-32.3,924,NA,NA,58
1996,5,30,18,-33,924.5,NA,NA,57
1996,5,30,21,-33.4,924.9,NA,NA,56
1996,5,31,0,-33.8,925.2,NA,NA,56
1996,5,31,3,-35.4,923.9,NA,NA,54
1996,5,31,6,-35.2,923.5,NA,NA,54
1996,5,31,9,-34,923.3,NA,NA,55
1996,5,31,12,-33.1,922.1,NA,NA,56
1996,5,31,15,-32.2,919.9,NA,NA,58
1996,5,31,18,-31.3,918.2,53,220,59
1996,5,31,21,-30.8,918.6,53,NA,59
1996,6,1,0,-30.2,915.5,NA,NA,60
1996,6,1,3,-30,913.9,NA,NA,60
1996,6,1,6,-29.5,917.5,60,240,60
1996,6,1,9,-28.5,919.5,60,240,62
1996,6,1,12,-27.3,920.6,NA,230,62
1996,6,1,15,-27.4,924.9,NA,240,62
1996,6,1,18,-27.9,930.2,NA,230,58
1996,6,1,21,-27.9,933.1,NA,300,51
1996,6,2,0,-28.1,934.5,NA,270,53
1996,6,2,3,-27.2,934.1,NA,0,53
1996,6,2,6,-27.2,932.9,NA,10,64
1996,6,2,9,-26.4,930.7,NA,40,60
1996,6,2,12,-25.9,928.3,NA,0,43
1996,6,2,15,-26,925.4,NA,360,65
1996,6,2,18,-25.9,922.5,NA,0,66
1996,6,2,21,-26.7,920.5,20,20,65
1996,6,3,0,-26.5,918.7,NA,10,65
1996,6,3,3,-26.1,916.8,NA,10,61
1996,6,3,6,-26.1,914.9,NA,30,58
1996,6,3,9,-24.1,914.3,9,20,64
1996,6,3,12,-22.2,913.2,NA,10,47
1996,6,3,15,-22.1,912.9,NA,NA,48
1996,6,3,18,-22.8,912.6,5,20,55
1996,6,3,21,-24.8,912.7,6,30,65
1996,6,4,0,-24.7,911.9,5,20,67
1996,6,4,3,-25.3,912,NA,30,67
1996,6,4,6,-25,912,5,30,67
1996,6,4,9,-24.3,912.5,2,20,68
1996,6,4,12,-24.5,914,1,250,68
1996,6,4,15,-23.9,915.4,1,230,69
1996,6,4,18,-26,915.7,NA,260,66
1996,6,4,21,-26,914.9,NA,230,67
1996,6,5,0,-27.5,912.4,NA,230,64
1996,6,5,3,-28.1,908.5,NA,240,63
1996,6,5,6,-28.1,904.2,NA,230,63
1996,6,5,9,-28.7,901.4,NA,240,62
1996,6,5,12,-27.9,905,NA,240,63
1996,6,5,15,-27,908.7,NA,230,64
1996,6,5,18,-26.9,913.5,NA,240,64
1996,6,5,21,-25.9,920.8,NA,240,NA
1996,6,6,0,-25.8,925,NA,40,65
1996,6,6,3,-25.2,926.3,NA,0,59
1996,6,6,6,-25.4,925.9,NA,10,60
1996,6,6,9,-24.9,923.9,NA,50,62
1996,6,6,12,-22.8,921,3,270,69
1996,6,6,15,NA,918.6,NA,250,39
1996,6,6,18,NA,916.3,NA,200,29
1996,6,6,21,NA,914.8,NA,230,59
1996,6,7,0,NA,912.9,NA,230,57
1996,6,7,3,NA,914.1,NA,240,70
1996,6,7,6,NA,914,NA,230,65
1996,6,7,9,-27.2,917.6,NA,240,64
1996,6,7,12,-30,919.7,NA,230,61
1996,6,7,15,-30.5,924.2,NA,230,60
1996,6,7,18,-31.1,927.2,NA,240,59
1996,6,7,21,-31.5,929.1,NA,260,58
1996,6,8,0,-32.2,930.1,NA,220,58
1996,6,8,3,-32.5,930.4,NA,260,57
1996,6,8,6,-32.3,930.2,NA,230,57
1996,6,8,9,-33.4,928.5,5,250,57
1996,6,8,12,-32,925.6,NA,250,58
1996,6,8,15,-31.2,923.1,NA,230,58
1996,6,8,18,-31.5,919.3,NA,230,57
1996,6,8,21,-29.5,918.2,NA,220,61
1996,6,9,0,-30,913.2,NA,220,60
1996,6,9,3,-29.5,910.5,NA,230,61
1996,6,9,6,-29.6,915.4,NA,230,61
1996,6,9,9,-29.6,918.2,NA,230,60
1996,6,9,12,-30.1,919.3,NA,220,60
1996,6,9,15,-29,921.7,NA,230,57
1996,6,9,18,-27.6,923.7,NA,NA,37
1996,6,9,21,-27.2,924.8,NA,NA,39
1996,6,10,0,-27.6,928.1,NA,220,38
1996,6,10,3,-26.3,928.4,NA,40,46
1996,6,10,6,-28.4,926.7,NA,340,61
1996,6,10,9,-28.4,926.3,NA,30,62
1996,6,10,12,-28.8,926.1,NA,10,61
1996,6,10,15,-29.7,925.2,NA,NA,61
1996,6,10,18,-29.8,924.4,NA,NA,60
1996,6,10,21,-30,923.5,16,NA,60
1996,6,11,0,-29.4,922.1,15,20,61
1996,6,11,3,-28.7,922,NA,20,62
1996,6,11,6,-29.5,922.2,NA,260,61
1996,6,11,9,-32.6,922.7,NA,260,58
1996,6,11,12,-31.2,923.6,NA,240,58
1996,6,11,15,-30.2,924.4,6,250,58
1996,6,11,18,-32.4,925.5,NA,250,57
1996,6,11,21,-30.5,927,NA,NA,59
1996,6,12,0,-28.5,924.4,NA,220,62
1996,6,12,3,NA,924.7,NA,200,49
1996,6,12,6,NA,924.5,NA,330,55
1996,6,12,9,-24.9,922.8,NA,350,38
1996,6,12,12,-24.4,921.2,NA,20,35
1996,6,12,15,-25.5,920.6,NA,30,32
1996,6,12,18,-26.4,921.4,NA,270,47
1996,6,12,21,-27.3,920.7,3,230,45
1996,6,13,0,-29,920.7,6,240,59
1996,6,13,3,-29.3,920.6,NA,240,60
1996,6,13,6,-28.7,920.9,NA,230,60
1996,6,13,9,-29.5,920.4,NA,240,61
1996,6,13,12,-27.8,919.6,NA,230,61
1996,6,13,15,-27.3,919.7,NA,230,42
1996,6,13,18,-25.2,918.6,NA,220,47
1996,6,13,21,-22.4,917.2,NA,230,51
1996,6,14,0,-21.6,913.5,NA,230,69
1996,6,14,3,-23.5,912.9,NA,240,70
1996,6,14,6,-23.3,909.7,NA,240,68
1996,6,14,9,-24.2,915,NA,230,66
1996,6,14,12,-23.1,917.7,NA,220,55
1996,6,14,15,-20.9,917.3,NA,220,52
1996,6,14,18,-21.8,916.3,NA,220,68
1996,6,14,21,-22.9,916.9,NA,210,70
1996,6,15,0,-23.2,916.4,NA,230,69
1996,6,15,3,-25.2,914.4,NA,230,67
1996,6,15,6,-26.9,916,NA,230,65
1996,6,15,9,-28,915.1,20,240,63
1996,6,15,12,-24.7,913.3,NA,220,68
1996,6,15,15,-23.7,915.4,NA,230,69
1996,6,15,18,-24.3,917.7,NA,220,68
1996,6,15,21,-24,917.8,NA,230,69
1996,6,16,0,-23.1,918.5,NA,230,69
1996,6,16,3,-20.9,916.9,NA,240,53
1996,6,16,6,-20.6,915.4,NA,230,66
1996,6,16,9,-21.1,913.3,NA,230,71
1996,6,16,12,-22.1,914.7,NA,220,70
1996,6,16,15,-22.8,914.1,NA,210,71
1996,6,16,18,-23.8,912.5,NA,240,69
1996,6,16,21,-22.9,911.7,NA,100,71
1996,6,17,0,-21.8,909.4,NA,320,69
1996,6,17,3,-21.7,908.2,NA,20,48
1996,6,17,6,-23.1,908,NA,250,58
1996,6,17,9,-23.3,909,3,250,49
1996,6,17,12,-26.6,910.7,4,260,68
1996,6,17,15,-24,912.1,4,230,68
1996,6,17,18,-26.9,913.6,NA,180,66
1996,6,17,21,-26.6,913.6,NA,240,65
1996,6,18,0,-26.5,911.9,4,70,65
1996,6,18,3,-27,909.4,NA,20,64
1996,6,18,6,-27.4,907,7,30,64
1996,6,18,9,-28.2,905,NA,10,63
1996,6,18,12,-28.4,903.2,3,350,63
1996,6,18,15,-27.6,901.2,1,260,63
1996,6,18,18,-27.1,899.9,NA,NA,64
1996,6,18,21,-26.8,899.2,1,230,65
1996,6,19,0,-27.8,898.5,NA,240,63
1996,6,19,3,-27.5,898.2,NA,220,64
1996,6,19,6,-27,901,NA,120,64
1996,6,19,9,-26,902.3,NA,230,65
1996,6,19,12,-26.1,905.5,NA,230,66
1996,6,19,15,-26,908.9,NA,220,66
1996,6,19,18,-26,910.8,NA,230,66
1996,6,19,21,-25.7,912.8,NA,230,66
1996,6,20,0,-25.8,913.6,NA,250,66
1996,6,20,3,-24.8,912.4,NA,NA,66
1996,6,20,6,-25,911.4,NA,20,66
1996,6,20,9,-25,910.1,2,190,67
1996,6,20,12,-24.1,908.1,NA,230,67
1996,6,20,15,-24.3,906.8,NA,230,68
1996,6,20,18,-25.3,903.6,NA,230,66
1996,6,20,21,-24.4,901.6,NA,NA,69
1996,6,21,0,-23.6,900.6,NA,NA,69
1996,6,21,3,-25,902,NA,NA,68
1996,6,21,6,-25.7,903,NA,NA,66
1996,6,21,9,-26,903.8,NA,NA,66
1996,6,21,12,-26.4,910.7,59,NA,65
1996,6,21,15,-28.3,916.9,NA,220,63
1996,6,21,18,-28,919.4,NA,220,63
1996,6,21,21,-28,923.1,NA,220,63
1996,6,22,0,-25.5,925.6,NA,230,66
1996,6,22,3,-24,929.7,NA,230,49
1996,6,22,6,-22.9,931.6,NA,NA,45
1996,6,22,9,-22.8,931.3,NA,30,33
1996,6,22,12,-22.9,929.5,NA,30,44
1996,6,22,15,-24.8,929.1,NA,240,56
1996,6,22,18,-23.6,927.2,NA,10,69
1996,6,22,21,-23.8,925,NA,230,69
1996,6,23,0,-23,924.1,NA,220,70
1996,6,23,3,-22.9,924.1,NA,240,70
1996,6,23,6,-25,924.4,NA,220,68
1996,6,23,9,-26.6,923.8,NA,NA,65
1996,6,23,12,-27.1,923.7,NA,NA,64
1996,6,23,15,-28,924.1,NA,NA,63
1996,6,23,18,-29.1,925.7,NA,240,62
1996,6,23,21,-29.8,924.9,NA,240,61
1996,6,24,0,-30.6,926.9,41,220,60
1996,6,24,3,-29.8,927.8,NA,220,60
1996,6,24,6,-29.5,926.4,NA,230,61
1996,6,24,9,-29.2,924.7,NA,230,61
1996,6,24,12,-28.7,922.4,NA,230,42
1996,6,24,15,-28,918.9,NA,220,40
1996,6,24,18,-27.3,918,NA,230,37
1996,6,24,21,-26.6,915.5,NA,220,37
1996,6,25,0,-24.7,912.7,NA,230,NA
1996,6,25,3,NA,911.4,NA,230,62
1996,6,25,6,-20.7,910.5,47,220,72
1996,6,25,9,-16.7,906.7,NA,230,64
1996,6,25,12,-16.3,902.9,NA,240,76
1996,6,25,15,-14.8,902.2,NA,230,79
1996,6,25,18,-16.5,905.6,53,220,79
1996,6,25,21,-17.2,911.2,NA,220,78
1996,6,26,0,-16.8,909.6,NA,NA,78
1996,6,26,3,-16,911.5,NA,NA,79
1996,6,26,6,-14.4,909.9,NA,NA,81
1996,6,26,9,-15.2,908.7,60,220,80
1996,6,26,12,-14.2,908.8,NA,230,82
1996,6,26,15,-14.4,911,55,230,81
1996,6,26,18,-15.1,912.6,NA,220,79
1996,6,26,21,-16.3,914.3,NA,220,76
1996,6,27,0,-15.9,915,NA,220,70
1996,6,27,3,-17.4,915.9,NA,250,78
1996,6,27,6,-16.8,918.3,NA,240,68
1996,6,27,9,-19.5,916.2,NA,230,75
1996,6,27,12,-18.3,918.5,NA,220,73
1996,6,27,15,-17.7,918.2,NA,230,67
1996,6,27,18,-20.1,916.8,NA,220,70
1996,6,27,21,-20.4,918.8,NA,NA,64
1996,6,28,0,-20.8,915.5,NA,NA,68
1996,6,28,3,-20.5,918.5,52,NA,72
1996,6,28,6,-21.1,917.3,NA,NA,73
1996,6,28,9,-19.6,919.5,58,230,75
1996,6,28,12,-19.7,914.3,NA,NA,74
1996,6,28,15,-18.8,916.1,NA,NA,76
1996,6,28,18,-18.1,915.8,NA,NA,77
1996,6,28,21,-17.6,922.4,NA,NA,77
1996,6,29,0,-17.6,924.3,NA,NA,78
1996,6,29,3,-16.7,922.1,NA,240,79
1996,6,29,6,-16.8,920.5,NA,230,78
1996,6,29,9,-17.6,920.4,NA,NA,78
1996,6,29,12,-17.4,919.9,NA,NA,77
1996,6,29,15,-17.9,919.5,55,NA,75
1996,6,29,18,-20.8,919.3,NA,220,65
1996,6,29,21,-21.3,918.5,NA,230,73
1996,6,30,0,-21.3,918.8,NA,220,73
1996,6,30,3,-21.7,916.2,NA,230,63
1996,6,30,6,-23.1,914.3,NA,220,59
1996,6,30,9,-22.7,912.6,NA,230,50
1996,6,30,12,-24,910.6,NA,220,46
1996,6,30,15,-24.8,908.5,NA,230,64
1996,6,30,18,-25.5,906.8,NA,230,64
1996,6,30,21,-25.2,906.9,NA,230,50
1996,7,1,0,-26.7,907.2,NA,210,43
1996,7,1,3,-27.4,906.6,NA,250,64
1996,7,1,6,-28.4,905.5,NA,270,63
1996,7,1,9,-28.5,904.7,3,70,63
1996,7,1,12,-29.3,904.7,7,10,62
1996,7,1,15,-29,905.3,4,20,62
1996,7,1,18,-27.3,907.4,NA,NA,64
1996,7,1,21,-24.9,909.7,NA,NA,40
1996,7,2,0,NA,911.4,10,240,24
1996,7,2,3,-20,912.6,13,230,22
1996,7,2,6,-18.5,913.7,NA,240,21
1996,7,2,9,-16,914.3,NA,NA,25
1996,7,2,12,-14.8,913.7,NA,NA,28
1996,7,2,15,-17.3,913.7,NA,NA,31
1996,7,2,18,NA,917.7,NA,NA,70
1996,7,2,21,NA,922.9,NA,NA,70
1996,7,3,0,-22.3,925.3,1,310,71
1996,7,3,3,-19.1,925.9,NA,NA,52
1996,7,3,6,-19.4,927.6,NA,NA,40
1996,7,3,9,-18.7,926.5,NA,0,38
1996,7,3,12,-19.9,924.1,NA,10,48
1996,7,3,15,-19.2,921.7,NA,20,47
1996,7,3,18,-20.5,920.1,NA,350,73
1996,7,3,21,-20.2,920.4,NA,10,74
1996,7,4,0,-20.1,920.6,NA,NA,74
1996,7,4,3,-20.9,920.7,NA,NA,73
1996,7,4,6,-22.1,921.3,1,240,71
1996,7,4,9,-20.5,923.1,NA,230,73
1996,7,4,12,-22,922.6,2,290,71
1996,7,4,15,-21.7,921.9,NA,NA,72
1996,7,4,18,-22.6,920.5,6,240,71
1996,7,4,21,-22.7,919.8,6,240,72
1996,7,5,0,-21.8,918.8,NA,230,71
1996,7,5,3,-20.1,917.9,NA,NA,43
1996,7,5,6,-19.1,916,10,10,25
1996,7,5,9,-19.3,913.3,NA,10,27
1996,7,5,12,-17,909.1,NA,0,26
1996,7,5,15,-17.6,908.4,NA,260,25
1996,7,5,18,-20.4,909.8,NA,250,29
1996,7,5,21,NA,911.3,NA,220,69
1996,7,6,0,-23.8,911,NA,230,66
1996,7,6,3,-25.2,911.1,NA,230,66
1996,7,6,6,-25.6,913.7,NA,220,66
1996,7,6,9,-25.9,913.9,NA,220,66
1996,7,6,12,-25.9,914.6,NA,220,66
1996,7,6,15,-25.9,915.3,NA,230,66
1996,7,6,18,-25.8,915.2,1,300,58
1996,7,6,21,-25.7,914.5,NA,NA,52
1996,7,7,0,-26.5,914.4,NA,NA,57
1996,7,7,3,-29.5,914.4,9,240,61
1996,7,7,6,-29.7,914.9,NA,230,61
1996,7,7,9,-29.1,917.5,NA,220,61
1996,7,7,12,-29.2,920.3,NA,230,61
1996,7,7,15,-29.1,922,NA,NA,61
1996,7,7,18,-28.4,921.1,11,40,62
1996,7,7,21,-25.9,919.9,NA,NA,65
1996,7,8,0,NA,918.8,NA,NA,48
1996,7,8,3,-22.3,919,NA,NA,42
1996,7,8,6,-26.2,918.2,NA,240,36
1996,7,8,9,NA,916.4,8,250,60
1996,7,8,12,-30.6,917.5,NA,250,56
1996,7,8,15,-28.3,915.5,NA,230,62
1996,7,8,18,-29.8,918.5,NA,240,54
1996,7,8,21,-30.9,920.9,NA,220,58
1996,7,9,0,-31.1,921.4,NA,180,59
1996,7,9,3,-31.4,921.3,NA,210,59
1996,7,9,6,-30.6,920.7,NA,220,42
1996,7,9,9,-31,921.3,NA,220,47
1996,7,9,12,-31.5,921,NA,220,58
1996,7,9,15,-30.1,920.2,NA,230,41
1996,7,9,18,-30.4,918.7,NA,240,38
1996,7,9,21,-29.6,917.2,NA,NA,34
1996,7,10,0,-30.7,916.5,NA,NA,31
1996,7,10,3,-28.2,915.7,1,20,25
1996,7,10,6,-28.1,914.7,NA,NA,25
1996,7,10,9,-28.1,914.5,3,260,25
1996,7,10,12,-26.1,914.6,NA,NA,26
1996,7,10,15,-24.8,914.7,NA,NA,18
1996,7,10,18,-25.3,916,7,240,18
1996,7,10,21,-25.4,917.1,NA,240,22
1996,7,11,0,-25,918.1,NA,230,20
1996,7,11,3,-24,918,6,220,16
1996,7,11,6,-23.5,918.5,NA,230,21
1996,7,11,9,-24.4,919.4,NA,230,24
1996,7,11,12,-23,919.3,NA,230,22
1996,7,11,15,-21.4,919.1,NA,220,31
1996,7,11,18,-20.3,918.1,NA,230,31
1996,7,11,21,-18.4,917.3,NA,230,32
1996,7,12,0,NA,915.8,13,240,32
1996,7,12,3,NA,913.7,NA,240,26
1996,7,12,6,NA,912.8,NA,230,22
1996,7,12,9,-12.5,912.9,NA,260,24
1996,7,12,12,NA,913.7,6,50,37
1996,7,12,15,NA,913.3,NA,220,59
1996,7,12,18,-19.5,914.2,NA,220,66
1996,7,12,21,-17.4,915.5,NA,230,61
1996,7,13,0,-20.1,917,NA,230,65
1996,7,13,3,-21.2,918.1,NA,220,71
1996,7,13,6,-21.3,917.5,NA,230,71
1996,7,13,9,-20.9,918.9,NA,220,56
1996,7,13,12,-21.2,919.4,NA,230,56
1996,7,13,15,-19.9,921.6,NA,230,50
1996,7,13,18,-21.6,922.5,NA,240,60
1996,7,13,21,-21.9,924.7,NA,230,71
1996,7,14,0,-23,925.6,NA,240,71
1996,7,14,3,-23.7,926.3,NA,240,69
1996,7,14,6,-23.2,926.8,NA,NA,70
1996,7,14,9,-24,927.7,4,240,68
1996,7,14,12,-25.8,927.6,NA,230,67
1996,7,14,15,-25.9,929.8,NA,250,66
1996,7,14,18,-26.4,928.7,NA,NA,64
1996,7,14,21,-27.1,928.4,5,40,64
1996,7,15,0,-28.1,928.1,NA,20,63
1996,7,15,3,-28.8,927.9,6,360,62
1996,7,15,6,-29.4,928.1,NA,NA,62
1996,7,15,9,-28.2,927.9,NA,NA,62
1996,7,15,12,-28.6,928.2,NA,NA,62
1996,7,15,15,-28.7,928.3,NA,NA,62
1996,7,15,18,-28.9,928,NA,NA,62
1996,7,15,21,-27.6,929.1,NA,NA,64
1996,7,16,0,-26.4,929.7,NA,NA,65
1996,7,16,3,-24.3,929.9,NA,NA,68
1996,7,16,6,-24.4,929.5,NA,NA,67
1996,7,16,9,-24.8,929,NA,NA,67
1996,7,16,12,-25.3,928.8,NA,NA,61
1996,7,16,15,-25.4,928.3,8,20,50
1996,7,16,18,-24.6,927.7,NA,NA,40
1996,7,16,21,-24.2,926.9,4,260,41
1996,7,17,0,-25.1,926.4,4,260,35
1996,7,17,3,-24,925.4,NA,230,31
1996,7,17,6,-24.5,924.8,NA,220,34
1996,7,17,9,-25.5,924.3,NA,220,37
1996,7,17,12,-24.8,924.4,NA,NA,43
1996,7,17,15,-22.8,924.1,3,360,29
1996,7,17,18,-23.7,924.1,NA,NA,37
1996,7,17,21,-22.8,923.8,2,30,34
1996,7,18,0,-23.7,924.1,NA,NA,36
1996,7,18,3,-25.1,924.3,NA,NA,35
1996,7,18,6,-25.6,925,NA,NA,40
1996,7,18,9,-26.2,926,2,220,46
1996,7,18,12,-26.9,926.8,NA,210,63
1996,7,18,15,-26.9,928.2,NA,340,62
1996,7,18,18,-29.1,928.7,NA,90,60
1996,7,18,21,-28.7,929.5,NA,NA,61
1996,7,19,0,-30.7,929.4,1,240,59
1996,7,19,3,-30,928.8,NA,NA,60
1996,7,19,6,-32.6,928.7,NA,250,57
1996,7,19,9,-33.1,929.2,NA,NA,56
1996,7,19,12,-32.5,929.1,NA,NA,56
1996,7,19,15,-33.5,928.5,1,230,55
1996,7,19,18,-33.4,927.3,NA,220,55
1996,7,19,21,-33.5,925.2,NA,220,55
1996,7,20,0,-34.4,922.2,NA,NA,54
1996,7,20,3,-35,920.5,NA,NA,53
1996,7,20,6,-36,918.2,36,NA,52
1996,7,20,9,-36.2,917.4,NA,230,52
1996,7,20,12,-34.7,917.5,35,220,54
1996,7,20,15,-33,917.2,32,230,56
1996,7,20,18,-30.6,919.1,NA,240,44
1996,7,20,21,-30.7,920.7,NA,250,34
1996,7,21,0,-30.5,921.4,2,300,27
1996,7,21,3,-28.8,920.1,4,350,24
1996,7,21,6,-26.7,919,5,340,20
1996,7,21,9,-27.2,917.2,5,310,18
1996,7,21,12,-25.8,915.1,NA,350,16
1996,7,21,15,-25.2,913.4,9,340,16
1996,7,21,18,-25.8,912,NA,360,18
1996,7,21,21,-27.1,911.5,NA,360,19
1996,7,22,0,-26.6,912,5,320,18
1996,7,22,3,-27.3,912.9,1,10,17
1996,7,22,6,-26.4,913.7,NA,NA,19
1996,7,22,9,-26.1,915,NA,NA,19
1996,7,22,12,-26.9,916.7,NA,NA,19
1996,7,22,15,-28.5,918.5,NA,NA,26
1996,7,22,18,-24.4,919.9,NA,NA,16
1996,7,22,21,-23.6,921.4,NA,NA,16
1996,7,23,0,NA,922.5,NA,230,16
1996,7,23,3,-21.1,924.4,9,240,18
1996,7,23,6,-19.4,925.6,10,230,22
1996,7,23,9,-18.8,927.2,NA,300,28
1996,7,23,12,-18,926.6,NA,260,30
1996,7,23,15,-17.8,925.7,NA,290,24
1996,7,23,18,-17.1,923.9,7,10,21
1996,7,23,21,-17.5,921.2,NA,10,23
1996,7,24,0,-18.2,918.1,NA,NA,21
1996,7,24,3,-21.2,916.8,NA,NA,32
1996,7,24,6,-22,915.6,6,30,42
1996,7,24,9,-22.7,914.9,NA,NA,42
1996,7,24,12,-26.4,914.2,9,160,62
1996,7,24,15,-27.3,913.8,6,260,63
1996,7,24,18,-27.8,913.1,NA,230,63
1996,7,24,21,-27.2,915,2,170,63
1996,7,25,0,-28.2,917.2,NA,NA,62
1996,7,25,3,-28.7,920.3,1,250,61
1996,7,25,6,-24.6,924.5,NA,230,65
1996,7,25,9,-25.4,927.8,NA,230,53
1996,7,25,12,-25,933.3,NA,NA,45
1996,7,25,15,-25.6,937.5,NA,NA,57
1996,7,25,18,-25.4,940.7,NA,240,48
1996,7,25,21,-24.9,941.8,NA,30,41
1996,7,26,0,-25.8,941.2,NA,NA,41
1996,7,26,3,-25.9,939.1,NA,280,43
1996,7,26,6,-27,937.5,NA,360,60
1996,7,26,9,-26.1,935.8,NA,NA,63
1996,7,26,12,-26.7,934.1,3,20,64
1996,7,26,15,-26.8,933.4,NA,NA,64
1996,7,26,18,-27.3,933.1,NA,NA,63
1996,7,26,21,-26.4,933.4,NA,NA,64
1996,7,27,0,-26.2,934.4,NA,230,62
1996,7,27,3,-26.5,935.1,NA,240,58
1996,7,27,6,-25.9,936,NA,NA,51
1996,7,27,9,NA,936.1,5,30,51
1996,7,27,12,-25.1,936.7,NA,240,63
1996,7,27,15,-26.1,937,NA,230,48
1996,7,27,18,-26.3,937,NA,230,45
1996,7,27,21,-26.4,936.6,NA,230,44
1996,7,28,0,-25.6,936.5,NA,210,38
1996,7,28,3,-25.1,936.3,NA,210,35
1996,7,28,6,-26.8,935.7,10,230,43
1996,7,28,9,-26.4,935.9,NA,240,40
1996,7,28,12,-23.5,935,11,230,27
1996,7,28,15,-23.7,934,NA,NA,30
1996,7,28,18,-22.3,933,4,350,25
1996,7,28,21,-20.7,931.8,NA,NA,20
1996,7,29,0,-20.5,929.4,16,10,18
1996,7,29,3,-19.9,925.5,NA,360,20
1996,7,29,6,-18.4,924.5,NA,10,22
1996,7,29,9,NA,926.1,NA,260,31
1996,7,29,12,NA,926.5,NA,220,45
1996,7,29,15,NA,925.6,NA,210,36
1996,7,29,18,-22,924.3,NA,350,35
1996,7,29,21,-20.7,923.4,NA,40,36
1996,7,30,0,-23.5,921.8,NA,230,51
1996,7,30,3,NA,919.5,NA,230,63
1996,7,30,6,-26.8,917.8,NA,240,63
1996,7,30,9,-24.5,917.3,35,230,49
1996,7,30,12,-23.9,917.7,NA,240,37
1996,7,30,15,-25.6,909.7,NA,230,49
1996,7,30,18,-27.5,911.2,NA,230,61
1996,7,30,21,-28,916.3,NA,220,57
1996,7,31,0,NA,917,NA,230,24
1996,7,31,3,NA,916.1,NA,220,33
1996,7,31,6,-24,915.6,NA,230,32
1996,7,31,9,-24.6,915,NA,NA,34
1996,7,31,12,-20.7,912.9,NA,NA,19
1996,7,31,15,-19.9,911.4,NA,NA,22
1996,7,31,18,-21,908.1,NA,NA,33
1996,7,31,21,NA,908.1,NA,NA,33
1996,8,1,0,NA,907.8,NA,NA,25
1996,8,1,3,-14.3,908.7,NA,NA,49
1996,8,1,6,-14.1,913.1,NA,NA,60
1996,8,1,9,-14.5,915.8,55,220,28
1996,8,1,12,-14.5,921.8,NA,230,26
1996,8,1,15,-15.9,921,NA,220,41
1996,8,1,18,-17.4,924.1,NA,230,32
1996,8,1,21,-18.5,925.6,NA,240,38
1996,8,2,0,-19.1,926.2,NA,240,42
1996,8,2,3,-16.9,924.8,NA,350,36
1996,8,2,6,-18.3,925.2,NA,10,31
1996,8,2,9,-17.5,924.9,NA,NA,24
1996,8,2,12,-17.3,925,5,230,25
1996,8,2,15,-17.5,925,3,10,25
1996,8,2,18,-19.2,924,6,30,30
1996,8,2,21,-19.9,922.3,6,360,36
1996,8,3,0,-21.1,920.3,5,10,39
1996,8,3,3,-21.7,918.9,NA,40,41
1996,8,3,6,-21.6,919,2,30,44
1996,8,3,9,-21.6,919,4,20,43
1996,8,3,12,-21,919.7,3,100,42
1996,8,3,15,-22.3,919.4,NA,NA,55
1996,8,3,18,-24.2,917.5,16,240,57
1996,8,3,21,-24.2,916,13,230,50
1996,8,4,0,-25,914.4,NA,240,64
1996,8,4,3,-24.5,912.7,NA,250,52
1996,8,4,6,-27.3,911.2,NA,240,62
1996,8,4,9,-27.1,911.5,NA,230,63
1996,8,4,12,-28.2,911.6,11,240,62
1996,8,4,15,-26.9,912.5,NA,250,63
1996,8,4,18,-28.4,912,5,240,62
1996,8,4,21,-28.4,911.3,5,250,62
1996,8,5,0,-26.2,910.9,5,210,64
1996,8,5,3,-24.2,910.1,NA,220,66
1996,8,5,6,-22.3,909.5,NA,220,29
1996,8,5,9,-20.6,908.9,7,240,32
1996,8,5,12,-20,909,10,250,33
1996,8,5,15,-19,908.6,NA,230,35
1996,8,5,18,-18.7,908.5,NA,220,45
1996,8,5,21,-17.8,908.7,NA,230,71
1996,8,6,0,-18.7,911.2,NA,240,75
1996,8,6,3,NA,910.7,NA,230,53
1996,8,6,6,-14.7,913.8,NA,200,66
1996,8,6,9,-14.1,914.7,NA,320,52
1996,8,6,12,-12.6,914,NA,350,39
1996,8,6,15,-11.2,912.7,NA,360,28
1996,8,6,18,-9.6,912.4,NA,NA,22
1996,8,6,21,-10.3,913.5,NA,NA,23
1996,8,7,0,NA,913.9,NA,10,24
1996,8,7,3,-14.8,914.1,7,240,40
1996,8,7,6,NA,913.5,9,240,46
1996,8,7,9,-15.7,912.4,7,240,46
1996,8,7,12,-16.2,911.6,NA,220,55
1996,8,7,15,-15.6,911.4,NA,60,53
1996,8,7,18,-14.5,910.9,1,110,44
1996,8,7,21,-14.2,911,NA,NA,41
1996,8,8,0,-14.9,911.5,2,160,42
1996,8,8,3,-14.5,911.5,NA,NA,38
1996,8,8,6,-14,911.6,4,360,39
1996,8,8,9,-13.4,911.5,3,20,39
1996,8,8,12,-16,911.1,NA,NA,46
1996,8,8,15,-15.9,909.6,1,50,46
1996,8,8,18,-17,907.6,NA,NA,48
1996,8,8,21,-17.7,905.4,3,10,51
1996,8,9,0,-18.3,903.1,4,50,60
1996,8,9,3,-18.3,901.6,NA,NA,53
1996,8,9,6,-19.9,901,NA,270,70
1996,8,9,9,-19.2,901,NA,230,73
1996,8,9,12,-21.1,901.6,10,250,68
1996,8,9,15,-20.4,903,NA,230,68
1996,8,9,18,-20.4,905,NA,260,72
1996,8,9,21,-23.5,906,NA,240,70
1996,8,10,0,-23.7,908.4,NA,NA,68
1996,8,10,3,-24.7,909,NA,NA,67
1996,8,10,6,-25.7,908.9,NA,NA,66
1996,8,10,9,-25.2,911.9,NA,230,66
1996,8,10,12,-25,914,NA,220,51
1996,8,10,15,-24.2,914.6,NA,240,50
1996,8,10,18,-24.7,916,NA,230,57
1996,8,10,21,-23.6,917.1,NA,230,51
1996,8,11,0,-23.3,920.5,NA,230,NA
1996,8,11,3,-24.1,922.7,NA,NA,59
1996,8,11,6,-24.3,923.8,NA,NA,61
1996,8,11,9,-24.9,924.8,17,NA,66
1996,8,11,12,-24.6,926.4,14,NA,67
1996,8,11,15,-24.6,927.4,NA,240,66
1996,8,11,18,-25.6,927.9,NA,240,66
1996,8,11,21,-27.8,929.1,NA,250,64
1996,8,12,0,NA,930.6,NA,260,63
1996,8,12,3,-29.4,931.2,NA,240,61
1996,8,12,6,-29.2,932,NA,NA,61
1996,8,12,9,-28.3,932.9,NA,NA,61
1996,8,12,12,-28.6,933.3,NA,NA,61
1996,8,12,15,-28.6,932.6,NA,NA,61
1996,8,12,18,-27.8,932.4,NA,NA,62
1996,8,12,21,-27.5,932.3,NA,NA,63
1996,8,13,0,-26.8,932.3,NA,NA,64
1996,8,13,3,-25.4,932.2,NA,NA,65
1996,8,13,6,-25.4,932.1,NA,NA,66
1996,8,13,9,-22.5,932.1,1,250,69
1996,8,13,12,-23.8,931.9,NA,230,69
1996,8,13,15,NA,931.7,NA,250,63
1996,8,13,18,NA,931.5,NA,230,37
1996,8,13,21,NA,933.8,NA,240,30
1996,8,14,0,-22.6,935.9,NA,240,30
1996,8,14,3,-22.7,938,NA,220,23
1996,8,14,6,-23,939.8,NA,240,32
1996,8,14,9,-23.3,940.8,NA,220,55
1996,8,14,12,-22.3,941.1,NA,230,44
1996,8,14,15,-22.8,940.2,4,10,61
1996,8,14,18,-24.3,939.5,6,40,67
1996,8,14,21,-24.5,938.2,NA,80,67
1996,8,15,0,-24.8,937.9,NA,NA,67
1996,8,15,3,-23.3,938.6,6,240,68
1996,8,15,6,-22.5,939.3,NA,270,69
1996,8,15,9,-23.3,939.6,NA,NA,67
1996,8,15,12,-23.9,940.6,3,20,69
1996,8,15,15,-22.5,940.8,NA,NA,69
1996,8,15,18,-21.8,941.8,NA,NA,71
1996,8,15,21,-20.8,942.4,NA,350,57
1996,8,16,0,-21.4,942.8,NA,10,60
1996,8,16,3,-21.2,942.2,NA,NA,57
1996,8,16,6,-21.6,942.1,NA,NA,62
1996,8,16,9,-22.3,940.7,NA,NA,70
1996,8,16,12,-21.5,939.2,12,NA,71
1996,8,16,15,-21.9,937.6,NA,NA,71
1996,8,16,18,-22,934.5,11,240,71
1996,8,16,21,-22.6,931.6,NA,230,70
1996,8,17,0,-22.2,928.3,NA,230,70
1996,8,17,3,-21.6,927.1,NA,190,71
1996,8,17,6,-20.6,927.1,NA,230,72
1996,8,17,9,-19.2,929.2,6,NA,73
1996,8,17,12,-20.5,930.3,NA,NA,64
1996,8,17,15,-20.7,931.4,NA,NA,71
1996,8,17,18,-20.4,931.5,NA,260,71
1996,8,17,21,-21.1,931,8,250,70
1996,8,18,0,-22,931,NA,240,71
1996,8,18,3,-21,929.5,10,220,72
1996,8,18,6,-24.3,925.7,NA,250,70
1996,8,18,9,NA,921.5,NA,230,66
1996,8,18,12,-26.2,917.7,NA,220,66
1996,8,18,15,-24.3,917,NA,220,67
1996,8,18,18,-25.6,914.7,NA,220,67
1996,8,18,21,-25.9,913.9,NA,230,66
1996,8,19,0,-26.5,914,NA,240,64
1996,8,19,3,-27.9,913.4,NA,230,63
1996,8,19,6,-29.2,912.4,NA,230,60
1996,8,19,9,-29.3,911.3,NA,230,61
1996,8,19,12,-28.8,909.3,NA,220,61
1996,8,19,15,-29.3,910.1,NA,NA,61
1996,8,19,18,-29.4,911.6,NA,NA,61
1996,8,19,21,-28.8,911.8,NA,NA,61
1996,8,20,0,-28.1,913.6,NA,230,62
1996,8,20,3,-28.5,913,NA,220,62
1996,8,20,6,-29.3,912.3,NA,220,61
1996,8,20,9,-27.6,911.8,NA,230,63
1996,8,20,12,-28.3,914.5,NA,230,63
1996,8,20,15,-28.6,916.4,NA,220,62
1996,8,20,18,-26.9,917.8,NA,230,64
1996,8,20,21,-26.2,919,3,360,64
1996,8,21,0,-27.6,919.9,NA,230,60
1996,8,21,3,-28.4,920.1,NA,230,57
1996,8,21,6,-29.1,920.6,NA,240,57
1996,8,21,9,-25,923.3,NA,230,55
1996,8,21,12,-25.5,923.6,NA,NA,54
1996,8,21,15,-24.6,923.7,NA,NA,50
1996,8,21,18,-25,924,NA,NA,47
1996,8,21,21,-26.1,924.9,NA,NA,49
1996,8,22,0,-26.4,926.6,NA,240,51
1996,8,22,3,-24.9,926.8,NA,290,44
1996,8,22,6,-25.5,926.8,NA,230,40
1996,8,22,9,-24.2,927,NA,220,34
1996,8,22,12,-21.9,925.5,NA,NA,28
1996,8,22,15,-22.1,923.5,11,20,28
1996,8,22,18,-22.2,922.8,NA,NA,26
1996,8,22,21,NA,923.8,NA,70,58
1996,8,23,0,-24.8,923.5,7,340,47
1996,8,23,3,-23,923.3,NA,300,34
1996,8,23,6,-23.7,922.2,NA,230,34
1996,8,23,9,-24,919.2,NA,240,55
1996,8,23,12,-26.7,922.6,NA,230,63
1996,8,23,15,-24.8,919.3,NA,230,63
1996,8,23,18,-23.3,916.3,NA,230,56
1996,8,23,21,-21.6,911.9,NA,240,56
1996,8,24,0,-21.8,910.1,NA,220,67
1996,8,24,3,-23.6,911.5,NA,220,69
1996,8,24,6,-21.7,910.6,NA,230,71
1996,8,24,9,-19.7,910.9,NA,240,73
1996,8,24,12,-18.4,909.9,NA,240,75
1996,8,24,15,-17.1,908.5,NA,230,77
1996,8,24,18,-15.7,907.6,NA,NA,79
1996,8,24,21,-15,912.3,NA,NA,80
1996,8,25,0,-14.1,914,NA,NA,81
1996,8,25,3,-12,915.5,NA,220,83
1996,8,25,6,-12.6,918.5,NA,NA,84
1996,8,25,9,-11.6,917.8,NA,NA,84
1996,8,25,12,-11.1,921.7,NA,NA,85
1996,8,25,15,-10.9,918.2,NA,230,85
1996,8,25,18,-11.1,917.1,NA,NA,83
1996,8,25,21,-11.2,920.3,NA,NA,85
1996,8,26,0,-12.4,923.6,56,NA,84
1996,8,26,3,-14.7,928.3,NA,220,82
1996,8,26,6,-14.5,932.9,NA,200,82
1996,8,26,9,-17.7,939.8,NA,180,80
1996,8,26,12,-18.4,941.9,NA,220,77
1996,8,26,15,-17.7,944.7,NA,220,78
1996,8,26,18,-16.4,944.4,NA,230,79
1996,8,26,21,-14.5,944.3,NA,NA,81
1996,8,27,0,-14.6,942.4,NA,NA,82
1996,8,27,3,-12.3,941.7,NA,NA,83
1996,8,27,6,-10.9,938.2,NA,250,74
1996,8,27,9,-11.7,942.3,NA,230,71
1996,8,27,12,-10.1,943.6,NA,230,47
1996,8,27,15,-9.9,941.6,NA,230,44
1996,8,27,18,-12,943.9,NA,220,56
1996,8,27,21,NA,944.5,NA,240,65
1996,8,28,0,-12.6,943.8,NA,30,42
1996,8,28,3,-12.8,940.9,NA,20,50
1996,8,28,6,NA,938.5,3,10,28
1996,8,28,9,-8.4,937.5,3,300,27
1996,8,28,12,-9.7,936.9,NA,260,30
1996,8,28,15,NA,935.7,NA,220,37
1996,8,28,18,-13.6,935.5,NA,230,44
1996,8,28,21,-13.6,935.6,NA,230,43
1996,8,29,0,-12.2,934,NA,10,35
1996,8,29,3,-14.1,932,NA,360,42
1996,8,29,6,-14.3,931,NA,20,39
1996,8,29,9,-14.8,930.3,10,10,40
1996,8,29,12,-17.4,930.7,NA,20,57
1996,8,29,15,-19.4,931,NA,250,73
1996,8,29,18,-20.2,930.7,NA,230,74
1996,8,29,21,-21.7,932.4,NA,230,72
1996,8,30,0,-22.8,933.2,NA,250,71
1996,8,30,3,-22.7,934.1,NA,260,70
1996,8,30,6,-21.6,935.2,NA,230,72
1996,8,30,9,-21.1,935.2,11,240,73
1996,8,30,12,-19.2,935.2,11,240,55
1996,8,30,15,-17.4,934.9,NA,240,47
1996,8,30,18,-17.6,934.9,NA,230,55
1996,8,30,21,-16.4,934.7,17,230,58
1996,8,31,0,-17.6,935.3,NA,230,70
1996,8,31,3,-17.4,935.2,NA,NA,66
1996,8,31,6,-16.1,934.6,NA,NA,56
1996,8,31,9,-18.1,935.2,NA,NA,71
1996,8,31,12,-15.4,934.7,NA,230,68
1996,8,31,15,-16.4,932.6,NA,230,73
1996,8,31,18,-16.4,934.2,NA,240,76
1996,8,31,21,-18.1,938.3,NA,210,71
1996,9,1,0,-17.1,938.9,NA,220,77
1996,9,1,3,-15.5,938.8,NA,230,65
1996,9,1,6,-15,939,NA,240,59
1996,9,1,9,-15.8,938.9,NA,NA,56
1996,9,1,12,-16.8,938.8,8,240,55
1996,9,1,15,-18.5,939.4,NA,220,70
1996,9,1,18,-19.8,939.9,NA,220,74
1996,9,1,21,-19.5,940.1,NA,220,75
1996,9,2,0,-20.2,941.3,NA,240,75
1996,9,2,3,-20.9,941.1,NA,NA,74
1996,9,2,6,-20.9,941.1,NA,NA,73
1996,9,2,9,-20.5,941,NA,NA,74
1996,9,2,12,-20.6,940.6,NA,NA,74
1996,9,2,15,-21.6,940.6,4,20,72
1996,9,2,18,-22.8,940.3,NA,NA,71
1996,9,2,21,-23.9,940.1,5,270,70
1996,9,3,0,-22.2,940,NA,NA,72
1996,9,3,3,-23.7,939.6,NA,NA,70
1996,9,3,6,-24,939.5,NA,NA,69
1996,9,3,9,-24.3,939.6,NA,NA,69
1996,9,3,12,-25.2,939.3,NA,NA,68
1996,9,3,15,-23.2,939.2,NA,NA,69
1996,9,3,18,-22.8,939.1,NA,NA,71
1996,9,3,21,-23.3,939.4,6,220,70
1996,9,4,0,-23.6,939.8,8,220,70
1996,9,4,3,-23.3,939.6,NA,NA,69
1996,9,4,6,-22.1,939.6,NA,NA,60
1996,9,4,9,-21.6,939.5,NA,NA,56
1996,9,4,12,-21.4,939.2,NA,350,49
1996,9,4,15,-21.7,938.5,NA,20,51
1996,9,4,18,-21.2,938.2,NA,NA,45
1996,9,4,21,-24.9,938.4,NA,NA,62
1996,9,5,0,-25.2,939,NA,NA,58
1996,9,5,3,-25.1,939.1,3,240,59
1996,9,5,6,-25.9,939.8,3,270,59
1996,9,5,9,-26.4,940.6,5,250,65
1996,9,5,12,-25.3,941.4,2,260,66
1996,9,5,15,-25,941.9,NA,NA,67
1996,9,5,18,-24.4,942.5,NA,NA,50
1996,9,5,21,-26.8,942.6,NA,230,64
1996,9,6,0,-26.6,944.2,NA,250,64
1996,9,6,3,-25.5,944.7,NA,250,65
1996,9,6,6,-25.5,944.9,NA,260,54
1996,9,6,9,-25,944.6,NA,250,45
1996,9,6,12,-25.2,944.6,1,350,48
1996,9,6,15,-26.4,944,NA,360,50
1996,9,6,18,-28.8,943.7,3,50,62
1996,9,6,21,-26.7,943.6,3,270,64
1996,9,7,0,-27.5,943.5,NA,NA,63
1996,9,7,3,-27.1,942.8,NA,260,63
1996,9,7,6,-25,942.1,3,350,49
1996,9,7,9,-24.5,942.4,2,140,38
1996,9,7,12,-24.7,941.9,NA,NA,32
1996,9,7,15,-23.8,940.9,NA,NA,37
1996,9,7,18,-23.8,939.8,3,30,36
1996,9,7,21,-22.9,939.3,NA,240,37
1996,9,8,0,-21.4,939.4,NA,230,34
1996,9,8,3,-23.4,936.8,NA,230,43
1996,9,8,6,-23.5,938.3,NA,230,41
1996,9,8,9,-22.1,938.4,NA,240,33
1996,9,8,12,-19.8,938.9,NA,210,30
1996,9,8,15,-20.8,938.6,NA,220,30
1996,9,8,18,-21,938.6,NA,230,31
1996,9,8,21,-21.7,939.9,NA,220,41
1996,9,9,0,-23.8,940.6,NA,240,48
1996,9,9,3,-23.1,943.6,NA,230,49
1996,9,9,6,-20.2,946,NA,210,43
1996,9,9,9,-20.2,947.1,NA,290,48
1996,9,9,12,-19.2,946.5,NA,360,39
1996,9,9,15,-18.7,945.5,NA,360,45
1996,9,9,18,-22,944.3,10,10,47
1996,9,9,21,-21.8,942.3,NA,20,38
1996,9,10,0,-20.2,940,NA,40,37
1996,9,10,3,-22.4,937.1,NA,20,44
1996,9,10,6,-18.7,935.6,NA,20,50
1996,9,10,9,-18.4,934.2,13,20,46
1996,9,10,12,-16,933.6,NA,340,39
1996,9,10,15,NA,933.3,11,250,46
1996,9,10,18,-18.5,933.1,NA,230,43
1996,9,10,21,NA,933.3,NA,230,68
1996,9,11,0,-23.1,933.2,NA,270,70
1996,9,11,3,-24.3,931.5,NA,230,68
1996,9,11,6,-25.8,929.9,NA,230,66
1996,9,11,9,-26.1,929.7,NA,220,65
1996,9,11,12,-26.6,927,NA,230,65
1996,9,11,15,-27.5,927.9,NA,230,63
1996,9,11,18,-26.7,929,NA,230,57
1996,9,11,21,-27.5,929.7,NA,220,46
1996,9,12,0,-27.8,930.8,NA,240,59
1996,9,12,3,-27.2,930.6,NA,40,53
1996,9,12,6,-26.6,929.8,NA,10,57
1996,9,12,9,-27.4,929.4,NA,100,53
1996,9,12,12,-28.2,929.1,NA,110,62
1996,9,12,15,-28.8,928.9,3,50,61
1996,9,12,18,-29,928.3,3,100,61
1996,9,12,21,-29.5,928.5,NA,NA,60
1996,9,13,0,-29.6,929,NA,NA,60
1996,9,13,3,-30.2,929.5,2,50,59
1996,9,13,6,-31.8,929.9,5,30,58
1996,9,13,9,-31.4,930,NA,10,58
1996,9,13,12,-30.9,930.3,NA,20,58
1996,9,13,15,-31.5,931,9,20,58
1996,9,13,18,-30.7,930.5,11,10,59
1996,9,13,21,-29.8,930.2,NA,10,59
1996,9,14,0,-29.1,930.3,14,10,50
1996,9,14,3,-28.3,930.6,14,20,54
1996,9,14,6,-29.6,931.4,NA,20,54
1996,9,14,9,-30.4,931.6,NA,40,56
1996,9,14,12,-30.1,932,NA,NA,54
1996,9,14,15,-30.7,932.3,NA,NA,54
1996,9,14,18,-30.9,931.7,4,20,55
1996,9,14,21,-29.2,931.5,NA,10,45
1996,9,15,0,-27.4,930.8,NA,NA,43
1996,9,15,3,-26.4,930.5,NA,NA,42
1996,9,15,6,-26,929.9,NA,NA,60
1996,9,15,9,-26.6,929.1,NA,NA,64
1996,9,15,12,-26.7,927.9,NA,NA,64
1996,9,15,15,-28.3,926.8,4,240,63
1996,9,15,18,-27.5,925.5,8,240,62
1996,9,15,21,-27.1,924.9,8,230,63
1996,9,16,0,-26.1,923.6,NA,220,65
1996,9,16,3,-25.9,922.5,NA,220,65
1996,9,16,6,-24.3,921.1,NA,230,67
1996,9,16,9,-23,919,NA,230,69
1996,9,16,12,-20.6,916.9,NA,230,51
1996,9,16,15,-21,915.3,NA,240,47
1996,9,16,18,-21.2,914.7,9,240,41
1996,9,16,21,-22.4,913,NA,240,55
1996,9,17,0,-22.9,915.2,NA,230,69
1996,9,17,3,-24.3,917.3,NA,210,68
1996,9,17,6,-25.4,918.4,NA,250,66
1996,9,17,9,-26.3,919.7,NA,250,65
1996,9,17,12,-25.7,921,NA,NA,65
1996,9,17,15,-24.6,920.9,3,210,67
1996,9,17,18,-23.7,921.7,NA,NA,68
1996,9,17,21,-19.8,922.3,4,330,30
1996,9,18,0,-23.7,922.5,5,50,53
1996,9,18,3,-23.1,922.7,NA,NA,57
1996,9,18,6,-25.4,922.7,NA,NA,67
1996,9,18,9,-24.8,923.4,NA,40,67
1996,9,18,12,-25.2,924.4,NA,10,66
1996,9,18,15,-24.8,924.1,NA,360,57
1996,9,18,18,-24.9,924.1,14,350,58
1996,9,18,21,-24,924.4,14,330,57
1996,9,19,0,NA,924.2,NA,340,39
1996,9,19,3,NA,923.5,NA,20,28
1996,9,19,6,-17,923.9,NA,NA,20
1996,9,19,9,-20.9,924,16,250,28
1996,9,19,12,-18.9,925.7,NA,250,22
1996,9,19,15,-20.9,925.7,NA,50,45
1996,9,19,18,-22.6,924.9,NA,360,58
1996,9,19,21,-22.7,924.9,8,240,54
1996,9,20,0,-21.8,925.3,8,30,56
1996,9,20,3,-21.6,925.4,NA,350,47
1996,9,20,6,-22.7,925.1,NA,240,55
1996,9,20,9,-22.8,925.5,7,350,52
1996,9,20,12,-22.3,925.3,NA,350,51
1996,9,20,15,-22.5,926,NA,350,55
1996,9,20,18,-22.7,926.5,NA,0,59
1996,9,20,21,-22.4,926.5,17,350,62
1996,9,21,0,-21.6,926.6,15,360,61
1996,9,21,3,-20.5,925.7,NA,30,48
1996,9,21,6,-21.2,925,NA,350,43
1996,9,21,9,-21.6,924.4,NA,0,38
1996,9,21,12,-19.4,924.7,NA,0,30
1996,9,21,15,-20.4,924.9,NA,20,38
1996,9,21,18,-20.7,925.2,NA,10,38
1996,9,21,21,-22.8,926,3,230,49
1996,9,22,0,-23.1,926.6,6,230,63
1996,9,22,3,-21.6,927,NA,NA,53
1996,9,22,6,-23.4,927.4,4,70,61
1996,9,22,9,-24.2,928.6,2,50,68
1996,9,22,12,-25.1,929,NA,20,67
1996,9,22,15,-24,929.4,NA,10,63
1996,9,22,18,-24.3,928.7,NA,20,55
1996,9,22,21,-23.9,928.1,NA,20,59
1996,9,23,0,-24.1,926.7,NA,50,NA
1996,9,23,3,-24.8,924.6,NA,30,67
1996,9,23,6,-24.6,922.1,NA,NA,67
1996,9,23,9,-25.6,919.5,17,240,65
1996,9,23,12,-23.8,915.7,NA,220,68
1996,9,23,15,-24,913.9,NA,230,68
1996,9,23,18,-23.3,915.2,36,220,69
1996,9,23,21,-23.3,916.8,NA,220,68
1996,9,24,0,-24,918.5,NA,220,68
1996,9,24,3,-23.8,918.5,NA,270,68
1996,9,24,6,-24.2,916.8,NA,20,68
1996,9,24,9,-23.4,914.9,NA,10,67
1996,9,24,12,-24.4,913.1,NA,10,68
1996,9,24,15,-23.5,910.9,NA,20,68
1996,9,24,18,-22.4,909.6,NA,20,71
1996,9,24,21,-22,907.2,NA,NA,71
1996,9,25,0,-22,905.8,4,40,71
1996,9,25,3,-21.6,904.5,3,60,72
1996,9,25,6,-21.8,904.1,NA,NA,72
1996,9,25,9,-24.6,903.6,NA,NA,71
1996,9,25,12,-24.8,903.7,NA,NA,69
1996,9,25,15,-23.9,903.8,1,220,69
1996,9,25,18,-25.3,903.5,NA,NA,67
1996,9,25,21,-23.9,904,NA,NA,68
1996,9,26,0,-24,903.7,23,230,68
1996,9,26,3,-24,905.8,NA,220,69
1996,9,26,6,-24.4,907.3,NA,250,68
1996,9,26,9,-24.6,908.4,1,20,67
1996,9,26,12,-24.1,909.3,NA,NA,63
1996,9,26,15,-24.7,910.7,NA,NA,65
1996,9,26,18,-24.1,912.1,NA,NA,65
1996,9,26,21,-24.3,913.9,3,270,64
1996,9,27,0,-25.2,915.6,7,230,66
1996,9,27,3,-24.1,916.5,NA,190,69
1996,9,27,6,-25.8,917.7,NA,240,66
1996,9,27,9,-25.2,918.5,NA,240,67
1996,9,27,12,-25.6,919.2,3,240,66
1996,9,27,15,-25.1,919.9,3,230,67
1996,9,27,18,-24.6,920,5,230,64
1996,9,27,21,-24,920.3,NA,220,62
1996,9,28,0,-24,920.6,NA,230,65
1996,9,28,3,-24.4,920.8,2,250,62
1996,9,28,6,-24.8,920.3,NA,250,66
1996,9,28,9,-24,920.1,NA,NA,61
1996,9,28,12,-24.3,920.1,NA,NA,54
1996,9,28,15,-23.8,919.6,3,330,55
1996,9,28,18,-23.3,918.8,7,340,56
1996,9,28,21,-23.7,918.8,3,270,44
1996,9,29,0,-23.5,918.6,NA,NA,43
1996,9,29,3,-23.3,917.9,5,250,40
1996,9,29,6,-24.3,917.3,7,240,36
1996,9,29,9,-24.7,916.8,NA,NA,38
1996,9,29,12,-24.6,916,NA,NA,39
1996,9,29,15,-24.1,915.2,13,250,43
1996,9,29,18,-24.8,915.4,15,230,50
1996,9,29,21,-26.9,915.6,NA,230,58
1996,9,30,0,-26.9,914.3,NA,230,63
1996,9,30,3,-27,916.2,NA,220,64
1996,9,30,6,-26.6,921.5,NA,220,64
1996,9,30,9,-26.5,923.2,NA,230,64
1996,9,30,12,-26.8,925.6,24,230,62
1996,9,30,15,-26.7,928.2,NA,230,49
1996,9,30,18,-25.2,930,NA,NA,42
1996,9,30,21,-25.6,931.5,2,30,53
1996,10,1,0,-26.9,932.7,NA,80,64
1996,10,1,3,-27.5,933,NA,50,63
1996,10,1,6,-27.4,933.6,8,40,63
1996,10,1,9,-27.3,933.2,NA,10,63
1996,10,1,12,-26.8,932.5,NA,350,61
1996,10,1,15,-25.2,930.6,NA,330,48
1996,10,1,18,-24.8,928.8,NA,340,38
1996,10,1,21,-24.6,927.1,NA,360,39
1996,10,2,0,-22.3,925.8,NA,20,30
1996,10,2,3,-22.6,925,NA,10,37
1996,10,2,6,-25.6,924.3,NA,NA,55
1996,10,2,9,-24.9,923.1,NA,NA,39
1996,10,2,12,-25.2,921.6,NA,NA,36
1996,10,2,15,-26.1,921.6,NA,230,44
1996,10,2,18,-23.9,921.2,NA,230,49
1996,10,2,21,-24.7,919.9,NA,220,57
1996,10,3,0,-25.3,920,22,230,59
1996,10,3,3,-24.9,919,NA,220,52
1996,10,3,6,-25.6,917.5,NA,130,57
1996,10,3,9,-23.7,915.4,3,240,31
1996,10,3,12,-23.5,912.9,NA,230,27
1996,10,3,15,-19.8,910.5,NA,230,23
1996,10,3,18,-19.1,907.9,NA,220,31
1996,10,3,21,-16.9,902.6,NA,240,71
1996,10,4,0,-20.2,904.3,NA,220,74
1996,10,4,3,-21.4,902.1,NA,NA,72
1996,10,4,6,-20.8,901.5,NA,NA,73
1996,10,4,9,-20.3,900.5,NA,NA,73
1996,10,4,12,-20,899.5,NA,NA,74
1996,10,4,15,-20.6,899.5,NA,NA,73
1996,10,4,18,-19,899.4,NA,230,74
1996,10,4,21,-20.7,901.3,NA,220,73
1996,10,5,0,-20.3,903.1,NA,220,74
1996,10,5,3,-21.9,903.7,NA,230,72
1996,10,5,6,-22.9,906.3,NA,240,70
1996,10,5,9,-22.9,905.5,NA,240,70
1996,10,5,12,-22.9,910.4,NA,240,70
1996,10,5,15,-22.4,910.8,NA,220,69
1996,10,5,18,-21.3,911.8,NA,220,62
1996,10,5,21,-20.4,913.1,NA,230,61
1996,10,6,0,-18.8,912.9,NA,NA,49
1996,10,6,3,-17.7,914.4,NA,NA,44
1996,10,6,6,-16.6,914.8,NA,NA,45
1996,10,6,9,-18,917.6,NA,220,51
1996,10,6,12,-15.4,917.9,NA,240,50
1996,10,6,15,-18.5,918.7,NA,220,58
1996,10,6,18,-19.1,921.2,NA,230,74
1996,10,6,21,-17.9,920.4,NA,240,60
1996,10,7,0,-16.7,920.5,NA,230,55
1996,10,7,3,-14.4,919.4,NA,230,56
1996,10,7,6,-13.9,918.7,NA,240,52
1996,10,7,9,-15.9,918.5,NA,230,61
1996,10,7,12,-15.7,919.7,NA,230,53
1996,10,7,15,-17,919.4,NA,230,50
1996,10,7,18,-14.5,919.5,NA,240,37
1996,10,7,21,-13.3,918.5,NA,NA,32
1996,10,8,0,-16.3,917.1,9,60,58
1996,10,8,3,-15.3,916.4,NA,230,41
1996,10,8,6,-17.2,915.8,5,240,57
1996,10,8,9,-18.6,915.5,6,260,56
1996,10,8,12,-19.1,915.5,4,110,53
1996,10,8,15,-19.9,915.4,7,240,58
1996,10,8,18,-20.5,915.3,NA,240,55
1996,10,8,21,-20.4,915.2,4,40,51
1996,10,9,0,-21.1,915.4,5,40,60
1996,10,9,3,-20.7,915.4,5,20,67
1996,10,9,6,-19.3,915,7,350,40
1996,10,9,9,-20.7,915.1,NA,NA,55
1996,10,9,12,-21.5,914.8,NA,NA,54
1996,10,9,15,-20,914,NA,320,45
1996,10,9,18,-18.7,913.1,NA,NA,39
1996,10,9,21,-17,912.3,NA,NA,38
1996,10,10,0,-16.5,911.6,NA,NA,36
1996,10,10,3,-16.1,910.1,NA,NA,40
1996,10,10,6,-16.2,908.8,1,280,37
1996,10,10,9,-17.8,908.2,NA,NA,35
1996,10,10,12,-20.4,907.7,NA,NA,39
1996,10,10,15,-20,906.9,7,230,42
1996,10,10,18,-23.5,907.3,6,270,66
1996,10,10,21,-22.6,908.5,3,240,70
1996,10,11,0,-23.8,909.8,NA,230,68
1996,10,11,3,-23.9,911,NA,220,69
1996,10,11,6,-23.8,912.9,NA,240,68
1996,10,11,9,-23,914.5,NA,240,69
1996,10,11,12,-23,915.7,5,220,69
1996,10,11,15,-22.8,916.3,NA,260,69
1996,10,11,18,-23,917.6,NA,230,69
1996,10,11,21,-24,919.1,12,230,68
1996,10,12,0,-23.7,920.2,NA,250,70
1996,10,12,3,-24.5,920.8,NA,240,68
1996,10,12,6,-25.3,921.5,NA,230,66
1996,10,12,9,-25.7,922.3,12,230,66
1996,10,12,12,-25.8,922.8,11,230,65
1996,10,12,15,-25.8,923.1,NA,240,65
1996,10,12,18,-26.1,923.6,12,230,65
1996,10,12,21,-25.9,924.3,13,NA,65
1996,10,13,0,-25.3,925.1,12,NA,66
1996,10,13,3,-25,925.5,11,NA,67
1996,10,13,6,-25,926.2,NA,250,67
1996,10,13,9,-23.8,927,NA,260,68
1996,10,13,12,-22.8,926.9,NA,230,70
1996,10,13,15,-22.6,926.5,NA,NA,70
1996,10,13,18,-22.3,925.8,NA,NA,70
1996,10,13,21,-21.9,925.2,6,20,71
1996,10,14,0,-22.1,924.7,2,30,71
1996,10,14,3,-20.6,923.7,NA,NA,73
1996,10,14,6,-21.9,922.6,NA,NA,72
1996,10,14,9,-22.1,921.3,NA,NA,71
1996,10,14,12,-22.5,919.7,NA,230,71
1996,10,14,15,-23.5,917.7,NA,NA,69
1996,10,14,18,-22.8,915.6,NA,NA,70
1996,10,14,21,-22.2,915,NA,NA,71
1996,10,15,0,-22.1,913.3,NA,240,71
1996,10,15,3,-22.1,913.2,NA,240,71
1996,10,15,6,-22.4,914.6,NA,230,71
1996,10,15,9,-22.3,915,NA,240,71
1996,10,15,12,-22.9,913.9,NA,230,70
1996,10,15,15,-22.3,915.8,NA,240,65
1996,10,15,18,-22.4,916.3,NA,230,68
1996,10,15,21,-22.7,918.6,NA,220,69
1996,10,16,0,-21.9,919.4,NA,230,70
1996,10,16,3,-20.7,917.2,NA,230,60
1996,10,16,6,-21.8,918.8,NA,230,71
1996,10,16,9,-21.5,918.6,NA,NA,65
1996,10,16,12,-20.7,917.2,NA,NA,49
1996,10,16,15,-21.8,916.2,NA,NA,55
1996,10,16,18,-22.2,915,4,20,53
1996,10,16,21,-23.1,914.3,3,120,69
1996,10,17,0,-23.6,912.9,2,90,69
1996,10,17,3,-23.7,911.5,1,70,69
1996,10,17,6,-24.3,910.2,1,80,68
1996,10,17,9,-25.4,908.6,3,40,66
1996,10,17,12,-25.4,906.4,NA,40,67
1996,10,17,15,-25.7,904,5,20,66
1996,10,17,18,-26.3,901.9,4,50,65
1996,10,17,21,-25.3,900,NA,NA,67
1996,10,18,0,-24.7,899.3,NA,60,68
1996,10,18,3,-22.7,898.6,NA,60,69
1996,10,18,6,-23.4,899.1,NA,NA,69
1996,10,18,9,-23.1,900.1,NA,250,69
1996,10,18,12,-27.2,901.2,10,260,67
1996,10,18,15,-26.3,902.6,9,240,65
1996,10,18,18,-24.3,904.5,NA,210,68
1996,10,18,21,-24.6,906.5,NA,230,68
1996,10,19,0,-22.9,907.8,NA,230,70
1996,10,19,3,-22.4,908.9,NA,190,71
1996,10,19,6,-21.5,909.7,NA,210,70
1996,10,19,9,-22.6,910.3,6,10,70
1996,10,19,12,-23.4,910.5,NA,NA,69
1996,10,19,15,-23.2,910.4,2,240,70
1996,10,19,18,-22.9,910.2,NA,NA,70
1996,10,19,21,-20.2,910.4,NA,NA,72
1996,10,20,0,-20.2,910.7,3,30,73
1996,10,20,3,-19.8,909.7,7,230,71
1996,10,20,6,-21.8,908.4,NA,240,69
1996,10,20,9,-22.4,907,NA,230,71
1996,10,20,12,-22.5,905,NA,230,71
1996,10,20,15,-22.8,901.4,NA,240,70
1996,10,20,18,-23.4,901.4,NA,230,70
1996,10,20,21,-24.7,902.3,NA,230,67
1996,10,21,0,-24.6,901.7,NA,220,68
1996,10,21,3,-24.4,900.7,NA,230,68
1996,10,21,6,-24.5,901,NA,230,68
1996,10,21,9,-24.9,900.7,NA,230,67
1996,10,21,12,-25.1,900.5,NA,220,67
1996,10,21,15,-25.8,900.2,NA,240,67
1996,10,21,18,-25,899.8,NA,280,67
1996,10,21,21,-24,898.7,NA,50,65
1996,10,22,0,-23.8,897.3,NA,70,68
1996,10,22,3,-24.3,895.5,5,40,68
1996,10,22,6,-23.9,894.4,2,60,68
1996,10,22,9,-25.1,893.4,4,190,67
1996,10,22,12,-26,892.3,2,120,66
1996,10,22,15,-26.6,891,6,50,65
1996,10,22,18,-25.9,889.9,NA,50,66
1996,10,22,21,-25.4,889.2,NA,60,66
1996,10,23,0,-25.9,888.9,11,50,66
1996,10,23,3,-25.2,888.3,11,40,67
1996,10,23,6,-23.8,887.7,NA,50,68
1996,10,23,9,-23.9,887.5,NA,40,68
1996,10,23,12,-23.9,887,NA,20,68
1996,10,23,15,-25.6,886.6,5,270,66
1996,10,23,18,-27.5,886.5,NA,230,64
1996,10,23,21,-26.5,887.3,NA,230,65
1996,10,24,0,-27.1,888.6,NA,240,64
1996,10,24,3,-27.8,889.8,NA,240,63
1996,10,24,6,-27.8,891.1,16,230,63
1996,10,24,9,-28.2,892.2,NA,240,63
1996,10,24,12,-29.3,893,13,230,61
1996,10,24,15,-29.1,894.2,NA,260,62
1996,10,24,18,-28.6,894.8,NA,250,62
1996,10,24,21,-27.8,895.8,6,240,63
1996,10,25,0,-27.3,896.5,NA,220,64
1996,10,25,3,-25.5,896.6,NA,200,55
1996,10,25,6,-25.3,897.2,NA,180,49
1996,10,25,9,-24.5,897.4,NA,200,46
1996,10,25,12,-23.1,896.9,NA,350,42
1996,10,25,15,-20.7,896.1,NA,240,43
1996,10,25,18,-18.4,895.5,NA,230,37
1996,10,25,21,-16,895,NA,10,29
1996,10,26,0,-15.4,896,NA,NA,30
1996,10,26,3,-16.7,897.5,2,90,43
1996,10,26,6,-19.5,898.4,NA,250,66
1996,10,26,9,-17.6,901,NA,200,52
1996,10,26,12,-19.9,901.1,NA,20,49
1996,10,26,15,-19.7,901.4,NA,20,57
1996,10,26,18,-20.1,901.1,NA,NA,66
1996,10,26,21,-21.9,901.4,9,250,71
1996,10,27,0,-22.1,902.5,5,230,71
1996,10,27,3,-20.4,904.1,8,200,73
1996,10,27,6,-19.6,905.4,NA,330,74
1996,10,27,9,-20.3,906.6,NA,NA,67
1996,10,27,12,-19,907.4,NA,NA,45
1996,10,27,15,-17.5,907.6,NA,NA,33
1996,10,27,18,-17.3,907.2,5,340,30
1996,10,27,21,-16,907.2,4,30,37
1996,10,28,0,-15.3,906.6,7,20,37
1996,10,28,3,-15.9,905.9,NA,20,38
1996,10,28,6,-15.6,905.8,11,350,38
1996,10,28,9,-16.7,905.8,NA,350,34
1996,10,28,12,-17.1,906.3,NA,10,33
1996,10,28,15,-18.1,907.3,10,250,34
1996,10,28,18,-19.7,910.4,9,240,61
1996,10,28,21,-18.6,913.8,NA,NA,65
1996,10,29,0,-17.8,916.5,NA,250,74
1996,10,29,3,-17.8,917.8,NA,110,76
1996,10,29,6,-18.3,918.2,NA,50,76
1996,10,29,9,-18.7,918.3,6,40,76
1996,10,29,12,-18.5,917.5,NA,10,76
1996,10,29,15,-17.6,917.5,NA,30,77
1996,10,29,18,-17.9,917.6,NA,50,77
1996,10,29,21,-17.3,918.2,NA,NA,77
1996,10,30,0,-17.1,918.8,NA,NA,78
1996,10,30,3,-18.2,919.4,8,220,77
1996,10,30,6,-18.9,920.1,7,230,75
1996,10,30,9,-19.6,921.3,NA,NA,75
1996,10,30,12,-18.8,922.1,NA,NA,75
1996,10,30,15,-19.1,923,15,NA,76
1996,10,30,18,-19,923.3,16,240,75
1996,10,30,21,-18.5,922.2,NA,220,76
1996,10,31,0,-18.2,920.1,NA,230,77
1996,10,31,3,-17.6,920.4,NA,240,75
1996,10,31,6,-17.8,919.5,NA,NA,67
1996,10,31,9,-16.7,920.5,NA,NA,69
1996,10,31,12,-17.2,920.5,NA,NA,76
1996,10,31,15,-17.9,923.2,NA,230,75
1996,10,31,18,-17.9,922.9,NA,230,65
1996,10,31,21,-19.5,926.7,NA,240,73
1996,11,1,0,-17.9,927.2,NA,220,76
1996,11,1,3,-18.2,925.1,NA,50,77
1996,11,1,6,-17.5,924.1,NA,60,77
1996,11,1,9,-18.2,923.3,2,280,77
1996,11,1,12,-19.3,921.7,NA,NA,75
1996,11,1,15,-19.5,918.9,6,40,75
1996,11,1,18,-19.4,917.2,4,40,75
1996,11,1,21,-19,916.1,8,10,76
1996,11,2,0,-17.3,917.1,NA,50,77
1996,11,2,3,-17.4,918.5,NA,230,78
1996,11,2,6,-17.7,919.8,NA,230,78
1996,11,2,9,-18.8,920.9,NA,NA,76
1996,11,2,12,-19,920.8,4,50,76
1996,11,2,15,-18.6,920.2,6,40,76
1996,11,2,18,-18.6,919.8,8,50,76
1996,11,2,21,-17.8,920.3,7,50,77
1996,11,3,0,-17.2,920.7,5,50,78
1996,11,3,3,-16.7,920.8,NA,40,79
1996,11,3,6,-20.1,920.8,NA,NA,75
1996,11,3,9,-20.5,921.1,9,250,74
1996,11,3,12,-20.2,921,6,250,74
1996,11,3,15,-19.9,920.5,NA,NA,75
1996,11,3,18,-19.6,919.6,NA,NA,76
1996,11,3,21,-15.9,919.2,2,30,80
1996,11,4,0,-15.8,918.9,5,10,81
1996,11,4,3,-14.3,918.5,3,300,82
1996,11,4,6,-14.5,918.3,2,340,77
1996,11,4,9,-12.4,917.8,NA,220,25
1996,11,4,12,-15.3,917.3,NA,250,36
1996,11,4,15,NA,918.6,NA,220,76
1996,11,4,18,-19.4,918.3,NA,220,75
1996,11,4,21,-18.5,917.8,NA,220,76
1996,11,5,0,-18.2,915.8,NA,230,77
1996,11,5,3,-17.5,914.7,13,NA,78
1996,11,5,6,-17.1,914.3,14,NA,78
1996,11,5,9,-17.6,914.2,NA,NA,78
1996,11,5,12,-17.5,914.5,11,NA,78
1996,11,5,15,-17.6,914.4,NA,NA,78
1996,11,5,18,-15.3,913.3,11,230,80
1996,11,5,21,-13.2,913.2,NA,240,82
1996,11,6,0,-10.6,910,NA,230,84
1996,11,6,3,-12,910.6,NA,220,77
1996,11,6,6,-11,910.7,NA,230,65
1996,11,6,9,-12,912.8,NA,200,56
1996,11,6,12,-13,915.2,NA,230,62
1996,11,6,15,-14.1,915.7,NA,240,69
1996,11,6,18,-11.9,917.3,NA,110,62
1996,11,6,21,-11.5,918.2,NA,10,45
1996,11,7,0,-9.9,919.6,NA,NA,49
1996,11,7,3,-11.7,920.7,NA,240,44
1996,11,7,6,-10,922.6,NA,260,41
1996,11,7,9,-13.2,924.2,6,260,59
1996,11,7,12,-12.2,925.8,NA,NA,46
1996,11,7,15,-12.7,926.5,6,250,43
1996,11,7,18,-13,927.1,7,230,49
1996,11,7,21,-11.7,927.5,NA,290,47
1996,11,8,0,-10.8,927.8,3,70,51
1996,11,8,3,-11.9,928.4,2,50,55
1996,11,8,6,-11.3,929.1,1,230,52
1996,11,8,9,-12.2,930.4,NA,NA,54
1996,11,8,12,-12.8,931.6,NA,NA,57
1996,11,8,15,-12.1,932.2,NA,NA,43
1996,11,8,18,-11.6,933.9,NA,NA,50
1996,11,8,21,-8.6,935.1,NA,NA,46
1996,11,9,0,NA,937,1,10,33
1996,11,9,3,-6.7,938,NA,NA,35
1996,11,9,6,-3.7,939,1,300,28
1996,11,9,9,-4.4,940.3,1,280,18
1996,11,9,12,-5.5,941,NA,NA,19
1996,11,9,15,-4.6,941,NA,NA,13
1996,11,9,18,-3.9,940.9,2,40,17
1996,11,9,21,-3.3,941,3,270,24
1996,11,10,0,-2.5,940.7,NA,NA,18
1996,11,10,3,0.7,938.8,2,20,22
1996,11,10,6,1.7,936.8,NA,340,17
1996,11,10,9,1.2,935.1,3,300,13
1996,11,10,12,NA,935,NA,240,14
1996,11,10,15,NA,934.9,NA,230,28
1996,11,10,18,-5.6,934.2,NA,30,34
1996,11,10,21,-4.1,932.4,NA,40,39
1996,11,11,0,-5.1,929.3,NA,10,36
1996,11,11,3,-4.9,926,NA,10,31
1996,11,11,6,-4.8,922.2,NA,240,42
1996,11,11,9,-2.5,920.6,NA,220,47
1996,11,11,12,-3.2,919.3,NA,250,39
1996,11,11,15,-6,919.2,NA,240,38
1996,11,11,18,NA,919.7,NA,250,56
1996,11,11,21,NA,918.8,NA,220,65
1996,11,12,0,-10.5,918.9,NA,220,65
1996,11,12,3,-10.3,919.2,NA,220,65
1996,11,12,6,-10.5,920,NA,250,62
1996,11,12,9,-10.5,921.3,NA,20,65
1996,11,12,12,-11.6,922,NA,NA,65
1996,11,12,15,-11.5,922.5,3,50,63
1996,11,12,18,-11.1,923.2,NA,10,70
1996,11,12,21,-9.1,924.2,NA,30,70
1996,11,13,0,-8.5,925.4,1,60,63
1996,11,13,3,-11.2,927.1,NA,240,74
1996,11,13,6,-11.9,928.6,NA,220,84
1996,11,13,9,-11.9,930.4,NA,230,71
1996,11,13,12,-12,931.9,11,260,56
1996,11,13,15,-12.3,933.4,9,250,50
1996,11,13,18,-12.6,935.4,12,220,57
1996,11,13,21,-11.9,938.3,NA,220,59
1996,11,14,0,-10.9,941.2,NA,230,55
1996,11,14,3,-10.1,943.2,NA,190,51
1996,11,14,6,-10.6,943.9,NA,240,56
1996,11,14,9,-10.7,943.7,NA,270,56
1996,11,14,12,-11.6,942.3,NA,350,35
1996,11,14,15,-12.6,940.5,NA,60,57
1996,11,14,18,-10.7,938.6,NA,NA,54
1996,11,14,21,-10.2,936.5,4,80,60
1996,11,15,0,-10.8,934.5,4,70,60
1996,11,15,3,-11.5,932.8,NA,30,69
1996,11,15,6,-11.2,931.2,NA,10,81
1996,11,15,9,-11.5,930.1,NA,10,80
1996,11,15,12,-11.6,929.3,NA,NA,80
1996,11,15,15,-11.9,928.7,NA,NA,81
1996,11,15,18,-11.9,928.7,4,240,77
1996,11,15,21,-11.2,929.2,NA,230,78
1996,11,16,0,-10.7,930.2,NA,230,52
1996,11,16,3,-14,930.4,NA,240,56
1996,11,16,6,-11.6,930.4,NA,240,63
1996,11,16,9,-10.5,929.6,NA,220,59
1996,11,16,12,-11.1,932.4,NA,230,80
1996,11,16,15,-9.6,933.4,NA,230,69
1996,11,16,18,-10.6,935.5,41,NA,78
1996,11,16,21,-9,937.9,NA,NA,73
1996,11,17,0,-8.2,940.9,NA,NA,69
1996,11,17,3,-8.5,942.3,NA,NA,76
1996,11,17,6,-8.1,943.7,NA,240,80
1996,11,17,9,-9,946.1,NA,230,85
1996,11,17,12,-10,947.9,NA,240,86
1996,11,17,15,-10.1,947.8,NA,60,86
1996,11,17,18,-9.5,947,NA,10,87
1996,11,17,21,-8.1,945.6,NA,20,78
1996,11,18,0,-6.4,943.8,NA,350,81
1996,11,18,3,-6.9,942,NA,250,76
1996,11,18,6,-6.6,940.5,NA,80,78
1996,11,18,9,-7.7,939.1,NA,NA,88
1996,11,18,12,-9,937.6,NA,NA,88
1996,11,18,15,-8.9,935.5,NA,NA,88
1996,11,18,18,-7.6,934.4,8,250,57
1996,11,18,21,-6.7,933.6,NA,160,62
1996,11,19,0,-7,932.9,4,80,85
1996,11,19,3,-7.6,932.6,2,90,74
1996,11,19,6,-7.9,931.8,3,70,69
1996,11,19,9,-8.8,931.1,4,60,74
1996,11,19,12,-8.4,931.4,4,70,58
1996,11,19,15,-8.8,930.9,4,60,60
1996,11,19,18,-9.4,930.5,3,260,71
1996,11,19,21,-9.6,930.7,NA,240,61
1996,11,20,0,-10.1,929.6,NA,220,57
1996,11,20,3,-9.8,928.8,NA,220,63
1996,11,20,6,-9.9,928.4,NA,230,60
1996,11,20,9,-10.3,928.9,NA,240,59
1996,11,20,12,-11.5,929.1,NA,240,67
1996,11,20,15,-11.8,928.9,NA,240,52
1996,11,20,18,-11.1,929,NA,220,60
1996,11,20,21,-10.5,929.1,NA,220,56
1996,11,21,0,-9.8,929.5,14,230,61
1996,11,21,3,-9.6,930,NA,220,63
1996,11,21,6,-9.3,930.6,NA,260,68
1996,11,21,9,-9.9,931,NA,NA,50
1996,11,21,12,-11.2,931,7,20,54
1996,11,21,15,-11,931.3,8,360,49
1996,11,21,18,-10.6,932,NA,50,73
1996,11,21,21,-8.8,933.2,NA,160,72
1996,11,22,0,-8.1,933.9,2,110,73
1996,11,22,3,-8.4,934.1,2,50,83
1996,11,22,6,-9.2,934.1,1,20,69
1996,11,22,9,-10.8,933.9,2,20,82
1996,11,22,12,-11.5,933.2,NA,340,83
1996,11,22,15,-11.5,932.1,4,320,83
1996,11,22,18,-11.4,931.4,3,350,82
1996,11,22,21,-9.7,930.8,2,20,79
1996,11,23,0,-9.1,929.7,3,80,74
1996,11,23,3,-10.1,928.3,3,50,74
1996,11,23,6,-9.8,927.2,1,240,76
1996,11,23,9,-10.3,926.4,NA,NA,71
1996,11,23,12,-11.2,925.3,4,240,84
1996,11,23,15,-11.9,924,NA,250,85
1996,11,23,18,-11.5,923.4,NA,230,85
1996,11,23,21,-11.3,922.6,NA,NA,85
1996,11,24,0,-10.8,922.3,17,NA,86
1996,11,24,3,-10.5,921,NA,NA,86
1996,11,24,6,-10.7,919.3,NA,NA,84
1996,11,24,9,-9.6,918.3,NA,NA,80
1996,11,24,12,-10.2,916.9,NA,240,86
1996,11,24,15,-10.2,916,NA,230,86
1996,11,24,18,-9.5,915.8,NA,230,87
1996,11,24,21,-9.3,916.5,NA,240,87
1996,11,25,0,-9,917.6,NA,240,87
1996,11,25,3,-8.8,917.3,49,NA,88
1996,11,25,6,-8.8,918.9,46,NA,88
1996,11,25,9,-8.8,919.6,46,NA,88
1996,11,25,12,-8.8,919.2,49,NA,88
1996,11,25,15,-8.6,918.5,NA,NA,88
1996,11,25,18,-8.7,918.2,51,NA,88
1996,11,25,21,-8.4,916.2,NA,NA,88
1996,11,26,0,-8.2,914.6,NA,NA,89
1996,11,26,3,-7.8,913,NA,240,89
1996,11,26,6,-8.1,914.5,NA,230,89
1996,11,26,9,-8,913.7,60,230,89
1996,11,26,12,-8.1,913.7,NA,NA,89
1996,11,26,15,-8.1,913.2,NA,NA,89
1996,11,26,18,-8,916,53,NA,89
1996,11,26,21,-7.5,916.3,55,240,89
1996,11,27,0,-7.3,919.6,NA,240,90
1996,11,27,3,-7,918.5,NA,230,87
1996,11,27,6,-6.3,919.1,NA,240,85
1996,11,27,9,-5.8,919.9,NA,240,89
1996,11,27,12,-6.7,922.8,NA,240,90
1996,11,27,15,-6.8,922.2,NA,230,86
1996,11,27,18,-7.1,922,NA,230,89
1996,11,27,21,-6.8,921.5,40,NA,88
1996,11,28,0,-7.4,921.8,NA,NA,88
1996,11,28,3,-6.9,921.6,NA,NA,86
1996,11,28,6,-6.9,921.3,NA,230,87
1996,11,28,9,-7.4,920.3,NA,220,90
1996,11,28,12,-7.1,919.2,34,240,82
1996,11,28,15,-7.4,919,NA,230,79
1996,11,28,18,-7.8,918.8,NA,230,86
1996,11,28,21,-8.6,919.4,NA,220,88
1996,11,29,0,-8.7,920.2,NA,NA,88
1996,11,29,3,-8,920.8,NA,NA,86
1996,11,29,6,-8.2,920.4,NA,NA,80
1996,11,29,9,-8.2,920.7,NA,NA,84
1996,11,29,12,-9.3,920.4,22,230,73
1996,11,29,15,-9.7,920.5,NA,220,77
1996,11,29,18,-9.3,920.6,NA,220,81
1996,11,29,21,-8.6,920.6,NA,230,76
1996,11,30,0,-9.1,920,NA,220,82
1996,11,30,3,-9.5,920.1,NA,220,88
1996,11,30,6,-9.9,920.6,NA,220,88
1996,11,30,9,-10.7,920.2,NA,240,87
1996,11,30,12,-10.2,921,19,220,63
1996,11,30,15,-9.7,921.7,NA,240,55
1996,11,30,18,-9.2,922,18,240,54
1996,11,30,21,-9.1,922.4,14,NA,54
1996,12,1,0,-8.6,922.8,NA,NA,59
1996,12,1,3,-8.5,922.9,11,NA,60
1996,12,1,6,-6.9,923.2,NA,230,51
1996,12,1,9,-8,923.5,NA,NA,58
1996,12,1,12,-7.8,923.9,2,220,48
1996,12,1,15,NA,923.6,1,60,47
1996,12,1,18,-6.9,923.7,2,110,47
1996,12,1,21,-6.2,923.5,NA,NA,47
1996,12,2,0,NA,923.3,1,230,47
1996,12,2,3,NA,922.8,1,270,73
1996,12,2,6,-8.3,922.4,NA,250,89
1996,12,2,9,-9.1,921.9,NA,250,88
1996,12,2,12,-8.2,922.1,NA,230,89
1996,12,2,15,-8.3,921.6,NA,230,89
1996,12,2,18,-7.5,919.5,NA,240,84
1996,12,2,21,-7.6,919.7,NA,230,89
1996,12,3,0,-7.6,921.8,NA,230,89
1996,12,3,3,-7.5,921,NA,NA,90
1996,12,3,6,-7.5,922.5,NA,NA,90
1996,12,3,9,-7.2,926.8,NA,240,90
1996,12,3,12,-6.7,929.2,NA,240,87
1996,12,3,15,-6,929.4,NA,230,73
1996,12,3,18,-5.3,930.5,NA,240,68
1996,12,3,21,-6.1,930.7,NA,220,49
1996,12,4,0,-6.3,930.3,NA,220,59
1996,12,4,3,-6.6,929,NA,240,74
1996,12,4,6,-6.9,927.2,17,230,85
1996,12,4,9,-6.9,926.4,NA,220,62
1996,12,4,12,-7.6,926.2,NA,230,71
1996,12,4,15,-8,925.1,NA,240,80
1996,12,4,18,-5.8,925.1,NA,220,62
1996,12,4,21,-3.7,924.5,NA,220,55
1996,12,5,0,-4.1,923.9,NA,70,68
1996,12,5,3,-4.6,922.9,5,60,60
1996,12,5,6,-5.5,922.1,NA,40,73
1996,12,5,9,-5.9,921.5,6,330,89
1996,12,5,12,-6.3,920.7,8,30,70
1996,12,5,15,-6.3,919.8,NA,360,56
1996,12,5,18,-4.4,920.2,NA,0,68
1996,12,5,21,-6.6,921.3,NA,220,68
1996,12,6,0,-5.8,922,NA,120,67
1996,12,6,3,-7.9,921.5,NA,230,66
1996,12,6,6,-7.8,923.5,NA,220,61
1996,12,6,9,-8,924.1,NA,230,54
1996,12,6,12,-7.7,925.2,NA,240,47
1996,12,6,15,-6.5,925.5,NA,230,39
1996,12,6,18,-6.7,926.4,NA,240,42
1996,12,6,21,-6.1,927,NA,230,44
1996,12,7,0,-4.5,928.1,NA,210,50
1996,12,7,3,-5,927.9,NA,200,59
1996,12,7,6,-5.4,927.3,3,210,49
1996,12,7,9,-6.5,926.6,3,50,68
1996,12,7,12,-6.3,926.1,NA,230,56
1996,12,7,15,-6.2,925.4,NA,240,60
1996,12,7,18,-5,925.1,NA,210,52
1996,12,7,21,-6.8,924.9,NA,230,67
1996,12,8,0,-5,924.4,NA,100,72
1996,12,8,3,-4.2,923.1,NA,80,84
1996,12,8,6,-3.8,922.3,3,260,53
1996,12,8,9,-5.7,921.9,3,260,59
1996,12,8,12,-6.3,921.6,NA,130,62
1996,12,8,15,-5.7,921.1,2,180,61
1996,12,8,18,-5.5,921.5,2,230,54
1996,12,8,21,NA,NA,1,220,44
1996,12,9,0,-5.4,923,5,230,51
1996,12,9,3,-4.6,924.1,3,230,43
1996,12,9,6,-4.3,924.9,3,210,44
1996,12,9,9,-6.9,925.7,NA,230,61
1996,12,9,12,-6.5,926.7,NA,230,56
1996,12,9,15,-6.4,926.4,NA,230,50
1996,12,9,18,-6.4,928.6,NA,240,59
1996,12,9,21,-5.7,928.3,NA,230,58
1996,12,10,0,-6.3,929,19,240,61
1996,12,10,3,-6,929.8,NA,220,62
1996,12,10,6,-6,930,NA,240,61
1996,12,10,9,-5.1,930.1,NA,250,53
1996,12,10,12,-5.1,929.8,NA,270,43
1996,12,10,15,NA,929.7,1,30,43
1996,12,10,18,-6.1,929.6,4,30,52
1996,12,10,21,-3.7,930.1,3,240,44
1996,12,11,0,-3.3,930.5,3,220,41
1996,12,11,3,-5.6,930.5,NA,220,45
1996,12,11,6,-6.5,930.6,NA,220,68
1996,12,11,9,-7.8,931.6,17,230,84
1996,12,11,12,-7.9,932.4,NA,NA,80
1996,12,11,15,-7.5,932.4,NA,NA,76
1996,12,11,18,-7.9,932.6,11,NA,78
1996,12,11,21,-5.8,932.6,NA,240,71
1996,12,12,0,-5.5,932.6,NA,220,55
1996,12,12,3,-6.4,932.1,NA,230,72
1996,12,12,6,-6.6,931.8,NA,230,61
1996,12,12,9,-7.6,931.9,NA,230,61
1996,12,12,12,-7.7,931.8,NA,250,64
1996,12,12,15,-6.8,931.6,NA,230,57
1996,12,12,18,-7.1,931.1,NA,240,53
1996,12,12,21,-6.7,931.4,NA,230,58
1996,12,13,0,-6.3,930.6,NA,240,71
1996,12,13,3,-6.2,930.5,NA,240,51
1996,12,13,6,-6.6,929.8,NA,NA,51
1996,12,13,9,-7,931,NA,NA,70
1996,12,13,12,-7.3,931.3,40,NA,81
1996,12,13,15,-6.9,931.7,40,230,74
1996,12,13,18,-6.5,933.1,NA,240,71
1996,12,13,21,-6.5,933.3,NA,230,76
1996,12,14,0,-6.5,933.4,NA,NA,83
1996,12,14,3,-6.5,933.6,NA,NA,90
1996,12,14,6,-6.5,933.6,NA,240,90
1996,12,14,9,-6.9,933.3,NA,250,86
1996,12,14,12,-7.3,932.9,NA,270,89
1996,12,14,15,-7.3,932.3,NA,250,90
1996,12,14,18,-5.9,932,8,240,82
1996,12,14,21,-4.5,931.6,7,NA,67
1996,12,15,0,-5,931.4,7,NA,74
1996,12,15,3,-6.4,930.7,NA,NA,76
1996,12,15,6,-6.6,930.3,NA,230,90
1996,12,15,9,-7.4,929.9,NA,NA,90
1996,12,15,12,-7.6,929.2,NA,NA,89
1996,12,15,15,-5.7,928.2,NA,NA,73
1996,12,15,18,-6.2,927.8,NA,NA,62
1996,12,15,21,-6.4,927.2,34,220,65
1996,12,16,0,-5.8,926.7,NA,220,68
1996,12,16,3,-6.3,927.6,NA,230,77
1996,12,16,6,-6.8,928.6,NA,220,81
1996,12,16,9,-7.3,928.6,NA,240,86
1996,12,16,12,-5.5,929,NA,230,55
1996,12,16,15,-6.1,928.9,NA,NA,54
1996,12,16,18,-5.8,929.9,NA,NA,57
1996,12,16,21,-5.6,930.8,13,NA,54
1996,12,17,0,-6.3,931.2,NA,NA,61
1996,12,17,3,-6.2,930.1,NA,220,79
1996,12,17,6,-5.6,931,NA,230,69
1996,12,17,9,-5.3,932.2,NA,NA,63
1996,12,17,12,-6.5,931.5,28,NA,74
1996,12,17,15,-7.5,932,NA,NA,70
1996,12,17,18,-5.9,931.6,NA,210,64
1996,12,17,21,-5,930.5,NA,190,72
1996,12,18,0,-5.3,929.4,4,110,76
1996,12,18,3,-5.6,928,6,60,85
1996,12,18,6,-5.4,926.8,NA,40,52
1996,12,18,9,-4.1,925.4,NA,330,35
1996,12,18,12,-4.8,925.2,NA,360,31
1996,12,18,15,-4.8,924.4,NA,30,32
1996,12,18,18,-3.9,925,10,360,33
1996,12,18,21,-5,925.6,9,230,38
1996,12,19,0,-6.2,926.3,NA,230,55
1996,12,19,3,-4.6,927.1,NA,230,51
1996,12,19,6,-3.4,927,NA,220,42
1996,12,19,9,-4.6,927.4,10,220,43
1996,12,19,12,-5.8,928,NA,200,63
1996,12,19,15,-5,927.8,NA,330,65
1996,12,19,18,-5.3,928.3,NA,230,51
1996,12,19,21,-5.5,929,NA,230,63
1996,12,20,0,-6.7,930,NA,190,84
1996,12,20,3,-5,929.6,NA,220,85
1996,12,20,6,-6.5,929.1,3,20,90
1996,12,20,9,-4.1,928.3,4,210,72
1996,12,20,12,-4.8,927.5,3,220,60
1996,12,20,15,-6.8,926.2,NA,230,74
1996,12,20,18,-5.2,925.9,6,220,57
1996,12,20,21,-4.5,925.4,NA,230,46
1996,12,21,0,-2.9,925,NA,220,48
1996,12,21,3,-3.5,924.9,NA,230,52
1996,12,21,6,-6,923.7,NA,230,89
1996,12,21,9,-6.4,925.3,NA,220,90
1996,12,21,12,-7.5,924.6,NA,230,90
1996,12,21,15,-7.7,924.9,18,240,89
1996,12,21,18,-8.1,925.9,NA,250,89
1996,12,21,21,-6.4,926.3,NA,110,90
1996,12,22,0,-5.9,926.4,NA,100,90
1996,12,22,3,NA,927,1,100,90
1996,12,22,6,-6,928.2,2,130,90
1996,12,22,9,-6.4,929.6,2,10,91
1996,12,22,12,-7.1,931.3,NA,350,86
1996,12,22,15,-5.5,932.6,NA,150,83
1996,12,22,18,-6.7,934.2,NA,260,83
1996,12,22,21,NA,935.3,1,250,86
1996,12,23,0,NA,936,1,230,81
1996,12,23,3,NA,935.8,1,90,82
1996,12,23,6,-6.2,935.3,5,30,85
1996,12,23,9,-6.8,934.3,NA,350,79
1996,12,23,12,-5.9,933.1,NA,250,63
1996,12,23,15,-4.9,932,NA,280,60
1996,12,23,18,NA,931.4,1,220,42
1996,12,23,21,-0.9,930.8,3,100,45
1996,12,24,0,-0.3,930.2,2,200,36
1996,12,24,3,-1.5,929.4,4,260,37
1996,12,24,6,-1.3,928.8,5,230,32
1996,12,24,9,-2.5,927.3,NA,230,37
1996,12,24,12,-3.2,927.1,NA,230,37
1996,12,24,15,-2.4,926.6,NA,210,32
1996,12,24,18,-1.1,925.7,NA,230,28
1996,12,24,21,0.5,925.2,3,50,28
1996,12,25,0,0.5,924.6,2,30,29
1996,12,25,3,0.2,923.8,2,20,30
1996,12,25,6,0.1,922.9,NA,350,34
1996,12,25,9,0.2,921.9,NA,360,22
1996,12,25,12,-0.8,921.3,4,270,24
1996,12,25,15,-1.9,920.7,NA,250,32
1996,12,25,18,-1.3,920.8,6,250,31
1996,12,25,21,-2.1,921.4,NA,230,36
1996,12,26,0,-1.4,922.1,9,200,34
1996,12,26,3,-3,922.4,NA,230,44
1996,12,26,6,-3.6,922.1,13,240,55
1996,12,26,9,-4.3,920.4,NA,NA,61
1996,12,26,12,-4.8,918.7,NA,NA,66
1996,12,26,15,-5.7,917.2,NA,NA,72
1996,12,26,18,-6,916.7,NA,230,90
1996,12,26,21,-5.8,917.3,NA,220,85
1996,12,27,0,-6.4,918.7,NA,240,91
1996,12,27,3,-5.6,918.3,NA,230,91
1996,12,27,6,-5.1,917.6,NA,240,69
1996,12,27,9,-5.9,914.9,NA,240,79
1996,12,27,12,-6.9,915.2,NA,220,90
1996,12,27,15,-6.9,914.5,NA,230,90
1996,12,27,18,-6.8,913.1,NA,230,86
1996,12,27,21,-5.3,913.4,33,240,73
1996,12,28,0,-4.9,913.5,NA,NA,83
1996,12,28,3,-5.1,911.1,NA,NA,77
1996,12,28,6,-6.5,913.2,NA,NA,91
1996,12,28,9,-7.2,914.5,NA,230,90
1996,12,28,12,-7.7,915.5,NA,240,90
1996,12,28,15,-7.6,916.3,NA,240,86
1996,12,28,18,-8.3,916.9,NA,230,82
1996,12,28,21,-7.2,917,NA,230,82
1996,12,29,0,-6.3,917.7,NA,240,72
1996,12,29,3,-6.1,917.3,18,230,68
1996,12,29,6,-6.2,918.3,16,230,75
1996,12,29,9,-5.4,918.7,NA,240,66
1996,12,29,12,-5.6,919.2,NA,240,62
1996,12,29,15,-5.3,919.6,NA,230,49
1996,12,29,18,-4.9,920.4,2,20,48
1996,12,29,21,-3.4,920.8,4,60,60
1996,12,30,0,-3.4,921.5,6,60,53
1996,12,30,3,-3.6,922.1,5,60,60
1996,12,30,6,-2.4,922.8,NA,210,68
1996,12,30,9,-4.9,923,NA,20,70
1996,12,30,12,-4.6,923.4,NA,40,63
1996,12,30,15,-6.4,923.1,NA,250,73
1996,12,30,18,-4.2,923.4,NA,90,70
1996,12,30,21,-5,923.7,NA,70,91
1996,12,31,0,-5.1,924.1,2,20,90
1996,12,31,3,-4.8,924.1,2,240,85
1996,12,31,6,-5.8,924.4,4,250,87
1996,12,31,9,-6.1,924.8,NA,220,90
1996,12,31,12,-6.8,925.4,NA,230,87
1996,12,31,15,-6.1,925.5,NA,230,75
1996,12,31,18,-4.6,926.8,NA,240,71
1996,12,31,21,-3.7,927.9,NA,220,63
1997,1,1,0,-3.9,928.9,NA,220,57
1997,1,1,3,-3.4,929.4,NA,230,64
1997,1,1,6,-1.2,929.8,NA,230,58
1997,1,1,9,-2.5,929.5,NA,320,46
1997,1,1,12,-4.5,928.8,NA,0,55
1997,1,1,15,-4.1,927.9,NA,10,48
1997,1,1,18,-4.1,927.2,11,10,58
1997,1,1,21,-4.1,926.9,10,20,64
1997,1,2,0,-3.9,926.6,12,10,72
1997,1,2,3,-4.5,926.2,9,20,80
1997,1,2,6,-3.8,925.9,NA,60,70
1997,1,2,9,-3.8,925.8,NA,0,73
1997,1,2,12,-4.9,925.7,NA,250,81
1997,1,2,15,-5.8,925.1,NA,260,88
1997,1,2,18,-5.5,924.9,NA,230,83
1997,1,2,21,-4.4,924.9,NA,230,81
1997,1,3,0,-4.9,924.2,NA,240,76
1997,1,3,3,-5.1,923.6,NA,230,82
1997,1,3,6,-5.6,922.7,NA,220,89
1997,1,3,9,-6.2,923,29,230,91
1997,1,3,12,-6.1,924.9,NA,220,86
1997,1,3,15,-6.2,924.9,NA,220,85
1997,1,3,18,-4.5,925,NA,170,87
1997,1,3,21,-2.6,925.1,4,200,73
1997,1,4,0,-1.8,924.9,2,170,NA
1997,1,4,3,-1.7,924.8,3,120,45
1997,1,4,6,NA,924.9,1,290,43
1997,1,4,9,-3.3,924.7,NA,360,43
1997,1,4,12,-3.8,924.5,NA,10,45
1997,1,4,15,-2.8,924.1,4,260,41
1997,1,4,18,-4.1,924,NA,240,50
1997,1,4,21,-1.5,924.5,NA,260,42
1997,1,5,0,-1.9,924.9,4,210,39
1997,1,5,3,-2.6,925.2,NA,170,40
1997,1,5,6,-1.9,925.4,6,330,45
1997,1,5,9,-3.4,926.1,2,240,54
1997,1,5,12,-4,926.5,NA,260,56
1997,1,5,15,-5.8,926.5,NA,10,69
1997,1,5,18,-4,926.8,4,110,82
1997,1,5,21,-3.2,927.3,3,50,NA
1997,1,6,0,-2.8,927.6,3,40,83
1997,1,6,3,-5.3,927.8,NA,40,84
1997,1,6,6,-5.9,927.6,NA,30,89
1997,1,6,9,-5.2,927.6,NA,20,73
1997,1,6,12,-6.2,927.5,10,40,88
1997,1,6,15,-7.2,926.9,NA,130,90
1997,1,6,18,-6.9,926.3,NA,120,90
1997,1,6,21,-5.6,926.1,NA,60,91
1997,1,7,0,-5.5,925.7,5,40,92
1997,1,7,3,-4.2,924.8,NA,70,88
1997,1,7,6,-4.9,924.1,3,80,89
1997,1,7,9,-5.9,923.6,2,60,87
1997,1,7,12,-6.9,923.2,2,70,89
1997,1,7,15,NA,922.7,1,290,86
1997,1,7,18,-5.9,922.5,NA,30,77
1997,1,7,21,-5.2,922.7,5,60,88
1997,1,8,0,-4.7,923,NA,40,NA
1997,1,8,3,-5.6,923.2,7,50,89
1997,1,8,6,-5.5,923.5,NA,80,91
1997,1,8,9,-5.6,923.7,NA,70,92
1997,1,8,12,NA,924,1,60,92
1997,1,8,15,-6.5,923.4,NA,250,91
1997,1,8,18,-6.9,923.1,NA,230,91
1997,1,8,21,-6.4,923.2,NA,240,91
1997,1,9,0,-6.4,923.6,11,240,91
1997,1,9,3,-6.8,923.7,12,230,91
1997,1,9,6,-6.7,924.1,12,230,91
1997,1,9,9,-6.2,924.9,NA,230,82
1997,1,9,12,-6.3,925.6,10,220,84
1997,1,9,15,-6.9,925.8,8,250,90
1997,1,9,18,-6.7,926.5,NA,220,91
1997,1,9,21,NA,NA,NA,NA,NA
1997,1,10,0,-4.6,927.7,5,210,74
1997,1,10,3,-5.7,927.9,NA,240,87
1997,1,10,6,-6.2,928,NA,240,91
1997,1,10,9,-6.7,928.5,10,230,83
1997,1,10,12,-7.1,928.8,12,250,87
1997,1,10,15,-7,929,12,230,82
1997,1,10,18,-6.2,929.2,13,230,78
1997,1,10,21,-4.7,929.7,NA,200,69
1997,1,11,0,-3.9,929.9,NA,250,67
1997,1,11,3,-4.4,929.6,4,110,69
1997,1,11,6,-4.2,929.4,2,60,78
1997,1,11,9,-5.6,929.7,4,20,82
1997,1,11,12,-5.8,929.6,4,50,87
1997,1,11,15,-5.6,929,NA,350,87
1997,1,11,18,NA,928.5,1,210,91
1997,1,11,21,-6,928,NA,240,91
1997,1,12,0,-6.2,927.5,NA,240,91
1997,1,12,3,-6,926.7,NA,240,91
1997,1,12,6,-6.5,925.8,16,230,91
1997,1,12,9,-6.9,925.6,17,230,91
1997,1,12,12,-6.6,925.4,NA,230,89
1997,1,12,15,-6.8,924.4,NA,250,85
1997,1,12,18,-6.9,924.7,NA,240,84
1997,1,12,21,-6.6,924.7,NA,NA,85
1997,1,13,0,-7.8,925.3,38,NA,90
1997,1,13,3,-7.7,925.5,39,NA,90
1997,1,13,6,-7.5,925.9,38,NA,88
1997,1,13,9,-7.8,925.4,36,NA,81
1997,1,13,12,-7.6,926.4,NA,NA,78
1997,1,13,15,-7.1,926.5,NA,NA,70
1997,1,13,18,-6.9,926.3,NA,230,67
1997,1,13,21,-7.5,925.5,NA,230,71
1997,1,14,0,-7.1,926.3,NA,250,83
1997,1,14,3,-6.6,925.8,NA,250,72
1997,1,14,6,-7.1,925.8,25,230,76
1997,1,14,9,-7.2,926.3,23,230,87
1997,1,14,12,-6.7,927.3,NA,230,77
1997,1,14,15,-6.1,928.2,NA,200,68
1997,1,14,18,-5.7,928.2,NA,220,64
1997,1,14,21,-4.6,928,NA,250,51
1997,1,15,0,-3.3,927.8,NA,260,40
1997,1,15,3,-1.7,927.2,3,280,36
1997,1,15,6,-2.2,927.2,4,270,33
1997,1,15,9,-4.1,927.6,NA,270,36
1997,1,15,12,-5,927.5,NA,240,40
1997,1,15,15,-4.9,927.9,NA,240,66
1997,1,15,18,-4.8,928.9,NA,230,62
1997,1,15,21,-4.6,930.8,NA,240,65
1997,1,16,0,-3.2,931.1,NA,220,74
1997,1,16,3,-2.5,931,NA,80,65
1997,1,16,6,-1.9,930.9,4,230,55
1997,1,16,9,-4,930.4,NA,240,44
1997,1,16,12,-3.3,930.2,NA,230,43
1997,1,16,15,-3.9,929.4,NA,210,53
1997,1,16,18,-6.5,930.3,NA,220,65
1997,1,16,21,-6.3,930.2,NA,NA,90
1997,1,17,0,-5.7,931.9,NA,NA,91
1997,1,17,3,-6.2,933.1,NA,NA,91
1997,1,17,6,-5,933.6,NA,160,92
1997,1,17,9,-5.5,934.2,NA,220,88
1997,1,17,12,-5.9,934.4,NA,260,81
1997,1,17,15,-4.9,934.4,3,140,72
1997,1,17,18,NA,934.6,3,220,60
1997,1,17,21,-3.9,935,2,130,73
1997,1,18,0,-4.3,935,2,100,81
1997,1,18,3,-4.9,934.9,4,60,84
1997,1,18,6,-5.1,935,5,20,79
1997,1,18,9,-6,935.1,5,20,89
1997,1,18,12,-6.7,935.2,6,360,86
1997,1,18,15,-6.6,935.2,3,350,83
1997,1,18,18,-5.8,935.3,NA,350,78
1997,1,18,21,-5.2,935.7,NA,350,75
1997,1,19,0,-6.2,935.9,3,260,81
1997,1,19,3,-5.4,935.5,5,240,83
1997,1,19,6,-5.5,935.1,NA,NA,80
1997,1,19,9,-6.2,934.8,NA,NA,82
1997,1,19,12,-7.2,934,NA,NA,77
1997,1,19,15,-7,933.2,NA,NA,70
1997,1,19,18,-6.5,932.2,15,NA,67
1997,1,19,21,-5.9,929.2,NA,NA,61
1997,1,20,0,-6.8,928,NA,230,NA
1997,1,20,3,-7.4,925.4,NA,240,87
1997,1,20,6,-7.3,925.8,NA,250,89
1997,1,20,9,-7,925,NA,250,88
1997,1,20,12,-6.5,927.1,NA,240,90
1997,1,20,15,-5.8,928.5,NA,240,87
1997,1,20,18,-5.7,928.4,27,250,84
1997,1,20,21,-6.1,929.6,28,230,91
1997,1,21,0,-6.4,930,NA,220,91
1997,1,21,3,-6.4,929.9,25,230,91
1997,1,21,6,-6.2,931.4,NA,230,91
1997,1,21,9,-6.3,931.4,NA,230,91
1997,1,21,12,-6.3,931.6,NA,200,91
1997,1,21,15,-6.8,931.5,6,200,91
1997,1,21,18,-7.1,931.4,NA,220,NA
1997,1,21,21,-6.8,931.9,10,220,91
1997,1,22,0,-6.7,932.1,12,230,91
1997,1,22,3,-6.6,932.3,NA,220,91
1997,1,22,6,-6.4,932.8,11,230,88
1997,1,22,9,-6.5,933.1,NA,230,90
1997,1,22,12,-6.2,934.1,NA,220,79
1997,1,22,15,-6.8,934.7,17,230,83
1997,1,22,18,-7.6,935.9,15,230,86
1997,1,22,21,-6.8,936.7,14,230,91
1997,1,23,0,-7,937.3,11,240,89
1997,1,23,3,-5.1,937.5,NA,230,82
1997,1,23,6,-4,937.2,NA,100,78
1997,1,23,9,-6.7,936.5,NA,10,81
1997,1,23,12,-6.6,935.8,NA,360,78
1997,1,23,15,-6.7,934.9,9,20,78
1997,1,23,18,-6,934,7,50,81
1997,1,23,21,-5.5,933.7,7,70,85
1997,1,24,0,-5.2,933.2,5,90,87
1997,1,24,3,-5.7,932.7,5,110,75
1997,1,24,6,-5.4,932.2,5,120,82
1997,1,24,9,-6.3,932,4,250,89
1997,1,24,12,-6.6,931.8,4,270,91
1997,1,24,15,-7,931.3,3,320,90
1997,1,24,18,-7,931,4,230,90
1997,1,24,21,-6.7,930.7,NA,210,86
1997,1,25,0,-5.9,930.5,NA,220,77
1997,1,25,3,-5.2,929.7,4,250,68
1997,1,25,6,-4.6,929,2,260,51
1997,1,25,9,-7.3,927.9,NA,360,57
1997,1,25,12,-7.9,927.3,NA,360,57
1997,1,25,15,-7.5,926.3,NA,10,81
1997,1,25,18,-6.2,925.5,NA,250,73
1997,1,25,21,-7.7,925.2,NA,270,81
1997,1,26,0,-6,924.6,NA,250,70
1997,1,26,3,-5.5,923.8,3,190,81
1997,1,26,6,-5.7,923.6,2,210,90
1997,1,26,9,-7.3,923.4,NA,250,84
1997,1,26,12,-6.9,924,NA,250,84
1997,1,26,15,-9.1,923.9,9,270,80
1997,1,26,18,-8.1,924.2,9,230,78
1997,1,26,21,-7.5,924.6,NA,240,73
1997,1,27,0,-6,925.3,NA,230,NA
1997,1,27,3,-6.5,925.5,NA,220,82
1997,1,27,6,-7,926.5,NA,230,90
1997,1,27,9,-7.6,927.2,NA,230,90
1997,1,27,12,-7.6,928.4,NA,230,90
1997,1,27,15,-7.6,929,10,240,90
1997,1,27,18,-7.5,929.8,NA,270,90
1997,1,27,21,-7.6,930.3,NA,250,90
1997,1,28,0,-7.3,930.9,6,240,NA
1997,1,28,3,-6.7,930.7,NA,240,90
1997,1,28,6,-7.2,930.3,NA,240,90
1997,1,28,9,-7.6,930,7,230,90
1997,1,28,12,-7.5,929.3,NA,240,90
1997,1,28,15,-7.2,928.2,NA,240,91
1997,1,28,18,-7.4,927.7,15,240,91
1997,1,28,21,-7.1,928.3,NA,230,91
1997,1,29,0,-7.3,928,12,240,91
1997,1,29,3,-8.1,927.1,NA,250,81
1997,1,29,6,-7.8,927.1,NA,240,87
1997,1,29,9,-8.3,927.2,25,230,83
1997,1,29,12,-8.4,927.9,25,240,81
1997,1,29,15,-8.6,928.1,23,NA,75
1997,1,29,18,-8.2,929.8,NA,NA,77
1997,1,29,21,-7.3,930,NA,NA,79
1997,1,30,0,-7.5,930.4,NA,230,77
1997,1,30,3,-6.9,930.6,NA,230,64
1997,1,30,6,-7.4,931.9,NA,230,63
1997,1,30,9,-7.8,932.2,NA,240,58
1997,1,30,12,-8.4,934.1,NA,230,69
1997,1,30,15,-8.3,936.4,NA,240,70
1997,1,30,18,-7.9,938,NA,230,62
1997,1,30,21,-6.8,938.4,NA,290,57
1997,1,31,0,-6.8,938.2,NA,130,79
1997,1,31,3,-5.5,937.7,3,90,68
1997,1,31,6,-6.5,937.7,2,10,71
1997,1,31,9,-7.5,938.1,2,330,71
1997,1,31,12,-9.1,938.4,4,290,73
1997,1,31,15,-9,938.1,6,280,67
1997,1,31,18,-7.9,937.9,NA,240,64
1997,1,31,21,-7.5,938.1,NA,250,70
1997,2,1,0,-6,937.6,NA,100,72
1997,2,1,3,-5.9,937.5,2,60,69
1997,2,1,6,NA,937.8,1,20,69
1997,2,1,9,-7,938.1,2,280,70
1997,2,1,12,-7.2,938.4,2,360,74
1997,2,1,15,-7.2,938.5,2,10,78
1997,2,1,18,-7.2,938.6,3,10,77
1997,2,1,21,-7.1,938.7,3,260,72
1997,2,2,0,-6.6,938.9,3,240,72
1997,2,2,3,-7.1,938.9,4,120,80
1997,2,2,6,-7.4,939.3,4,100,84
1997,2,2,9,-7.2,939.7,4,70,83
1997,2,2,12,-7.4,939.8,NA,50,86
1997,2,2,15,-8.1,939.7,NA,30,77
1997,2,2,18,-7.7,939.8,NA,90,82
1997,2,2,21,-7.3,940,3,40,87
1997,2,3,0,NA,939.7,1,160,85
1997,2,3,3,-6.2,939.2,3,10,81
1997,2,3,6,-7,938.5,3,40,85
1997,2,3,9,-7.9,938.1,4,270,87
1997,2,3,12,-8,937.5,2,260,89
1997,2,3,15,-8.2,936.5,NA,240,89
1997,2,3,18,-8.1,936.5,NA,240,90
1997,2,3,21,-8.3,936.3,NA,230,89
1997,2,4,0,-7.4,936.1,NA,230,74
1997,2,4,3,-8.1,935.8,NA,220,84
1997,2,4,6,-8.2,936.3,NA,210,89
1997,2,4,9,-8.2,936.3,NA,190,90
1997,2,4,12,-8.2,935.4,NA,10,90
1997,2,4,15,-8.3,934.2,NA,50,83
1997,2,4,18,-8.7,933.6,NA,280,79
1997,2,4,21,-6.9,933.5,NA,250,76
1997,2,5,0,-6.7,933.1,NA,230,69
1997,2,5,3,NA,932.6,1,220,70
1997,2,5,6,-7.4,932.5,3,40,82
1997,2,5,9,-6.5,932.7,2,20,75
1997,2,5,12,-7.7,932.5,2,280,77
1997,2,5,15,-9.2,932,NA,260,84
1997,2,5,18,-8.8,932.9,NA,240,83
1997,2,5,21,-8.4,934,NA,220,81
1997,2,6,0,-8.4,934.4,18,210,89
1997,2,6,3,-8.8,934.7,NA,160,89
1997,2,6,6,-8.5,933.4,NA,20,84
1997,2,6,9,-9,932.5,NA,360,81
1997,2,6,12,-7.9,931.6,NA,10,79
1997,2,6,15,-8.4,931.2,NA,10,76
1997,2,6,18,-7.6,930.9,NA,60,73
1997,2,6,21,-7.1,931.4,NA,70,81
1997,2,7,0,-7.9,931.5,5,270,80
1997,2,7,3,-7.8,930.8,5,230,89
1997,2,7,6,-7.8,930,6,250,88
1997,2,7,9,-7.9,929.1,5,220,80
1997,2,7,12,-8.2,928,7,260,89
1997,2,7,15,-8.7,927,9,250,89
1997,2,7,18,-8.2,926.4,8,240,89
1997,2,7,21,-8.1,925.9,7,260,90
1997,2,8,0,-6.2,925.3,NA,80,91
1997,2,8,3,-5.9,924.6,NA,310,89
1997,2,8,6,-7,925,3,260,89
1997,2,8,9,-7.6,925.4,NA,230,90
1997,2,8,12,-7.7,926.1,NA,240,90
1997,2,8,15,-7.7,926.7,11,250,90
1997,2,8,18,-7.4,927.6,10,240,90
1997,2,8,21,-7.9,928.2,NA,NA,90
1997,2,9,0,-7.9,928.8,NA,NA,90
1997,2,9,3,-8.1,929.3,16,NA,90
1997,2,9,6,-8.2,929.6,13,NA,90
1997,2,9,9,-8.2,929.8,13,NA,90
1997,2,9,12,-8.3,929.6,10,NA,90
1997,2,9,15,-8.5,929.1,11,250,90
1997,2,9,18,-8.4,928.7,12,250,90
1997,2,9,21,-8,928.6,10,260,90
1997,2,10,0,-8,928.5,NA,270,90
1997,2,10,3,-6.4,928.3,NA,220,91
1997,2,10,6,-5.4,928.3,2,250,92
1997,2,10,9,-5.9,928.7,2,110,92
1997,2,10,12,NA,929,1,240,92
1997,2,10,15,-7.3,929.4,NA,250,91
1997,2,10,18,-7.3,929.5,NA,250,91
1997,2,10,21,-7,930,NA,250,91
1997,2,11,0,-6.5,930.5,6,240,91
1997,2,11,3,-7.4,930.8,8,250,91
1997,2,11,6,-7.8,930.6,NA,220,90
1997,2,11,9,-8.3,931.1,NA,NA,90
1997,2,11,12,-8.7,931.6,15,NA,90
1997,2,11,15,-9.1,932.1,NA,NA,89
1997,2,11,18,-9.2,932.4,NA,230,89
1997,2,11,21,-9,932.5,11,230,89
1997,2,12,0,-9.1,932.2,10,230,89
1997,2,12,3,-8.4,931.8,NA,250,89
1997,2,12,6,-8.7,931.3,NA,230,90
1997,2,12,9,-9.5,930.6,NA,230,89
1997,2,12,12,-10,929.7,NA,240,88
1997,2,12,15,-10.2,928.2,14,240,88
1997,2,12,18,-10.5,927,18,240,88
1997,2,12,21,-10.3,925.9,15,250,88
1997,2,13,0,-10.3,924.4,19,240,88
1997,2,13,3,-10.5,923.2,18,250,88
1997,2,13,6,-10.6,921.9,15,240,88
1997,2,13,9,-11.1,921.6,16,230,88
1997,2,13,12,-11.6,920.7,15,NA,87
1997,2,13,15,-11.9,920.3,16,NA,87
1997,2,13,18,-11.7,920.3,NA,NA,87
1997,2,13,21,-11.7,920.6,NA,250,87
1997,2,14,0,-11.3,920.7,9,240,87
1997,2,14,3,-11.9,920.3,NA,230,87
1997,2,14,6,-12.5,921,NA,240,86
1997,2,14,9,-13,920.8,NA,250,86
1997,2,14,12,-12.5,922,NA,230,86
1997,2,14,15,-11.5,922.9,NA,220,86
1997,2,14,18,-11.8,923.7,NA,230,86
1997,2,14,21,-11.7,924.7,NA,250,87
1997,2,15,0,-11.9,925.7,11,260,87
1997,2,15,3,-11.4,926,NA,270,87
1997,2,15,6,-11,926.1,10,260,87
1997,2,15,9,-11.2,926.2,10,230,87
1997,2,15,12,-11.4,926.2,NA,230,87
1997,2,15,15,-10.6,925.9,NA,230,88
1997,2,15,18,-10.8,925.6,14,240,88
1997,2,15,21,-10.5,925.8,18,230,87
1997,2,16,0,-10.1,925.7,17,NA,78
1997,2,16,3,-11.1,925.3,NA,NA,82
1997,2,16,6,-11.2,925.4,NA,NA,76
1997,2,16,9,-11.5,926.1,25,NA,83
1997,2,16,12,-12,927,21,240,73
1997,2,16,15,-12.4,927.7,NA,240,73
1997,2,16,18,-10.7,928.9,17,250,63
1997,2,16,21,-11,930.2,NA,230,71
1997,2,17,0,-10.6,930.7,NA,250,NA
1997,2,17,3,-10.6,931,NA,220,87
1997,2,17,6,-10.6,931.4,NA,100,86
1997,2,17,9,-10.6,931.7,4,70,88
1997,2,17,12,-10.1,932,2,40,88
1997,2,17,15,-10,932,3,20,88
1997,2,17,18,-10,932.6,NA,10,88
1997,2,17,21,-11.3,933.3,NA,250,87
1997,2,18,0,-10.6,933.7,NA,220,88
1997,2,18,3,-10.1,933.8,NA,230,88
1997,2,18,6,-9.9,934,NA,250,88
1997,2,18,9,-9.6,933.3,NA,240,88
1997,2,18,12,-9.4,931.9,NA,40,89
1997,2,18,15,NA,930.4,1,240,88
1997,2,18,18,-9.1,928.2,4,210,89
1997,2,18,21,-8.7,926.1,NA,230,89
1997,2,19,0,-8.2,922.1,NA,240,NA
1997,2,19,3,-10.2,917.9,NA,250,86
1997,2,19,6,-11.5,914.4,NA,240,86
1997,2,19,9,-11.4,909.9,NA,240,86
1997,2,19,12,-11.4,907.3,NA,NA,87
1997,2,19,15,-12,907.4,NA,NA,86
1997,2,19,18,-11.8,908.6,NA,NA,86
1997,2,19,21,-11.7,910.2,NA,NA,86
1997,2,20,0,-11.4,911.9,60,NA,86
1997,2,20,3,-11.1,912.8,56,250,87
1997,2,20,6,-11.2,913.7,NA,240,87
1997,2,20,9,-11.1,916.1,NA,NA,87
1997,2,20,12,-10.3,917,NA,NA,82
1997,2,20,15,-10.4,917.9,45,250,80
1997,2,20,18,-10.1,920.2,NA,240,79
1997,2,20,21,-10.3,921.1,NA,NA,75
1997,2,21,0,-10.2,921.6,NA,NA,76
1997,2,21,3,-10,921.7,NA,NA,70
1997,2,21,6,-10.2,922.2,NA,240,70
1997,2,21,9,-10.5,923,NA,230,68
1997,2,21,12,-10.7,922.8,NA,250,65
1997,2,21,15,-11.6,922.2,11,240,71
1997,2,21,18,-10.5,921.5,NA,230,80
1997,2,21,21,-10.3,921,NA,240,78
1997,2,22,0,-10.1,920.7,19,220,83
1997,2,22,3,-10.4,920.5,20,220,86
1997,2,22,6,-10.5,920.9,16,230,88
1997,2,22,9,-10.4,921.8,NA,230,85
1997,2,22,12,-10.4,922.4,NA,230,88
1997,2,22,15,-10.5,922.8,9,250,88
1997,2,22,18,-10.5,923.3,8,NA,88
1997,2,22,21,-10.4,923.9,6,NA,88
1997,2,23,0,-10.6,924.2,8,NA,88
1997,2,23,3,-10.8,924.3,9,240,88
1997,2,23,6,-10.7,924.6,11,240,88
1997,2,23,9,-10.6,924.8,10,230,88
1997,2,23,12,-10.6,924.2,NA,230,87
1997,2,23,15,-10.7,922.7,NA,240,87
1997,2,23,18,-10.3,922.7,15,240,88
1997,2,23,21,-10.1,923.1,13,250,88
1997,2,24,0,-9.7,922.6,12,240,88
1997,2,24,3,-9.2,922.3,14,240,89
1997,2,24,6,-10.1,922.1,NA,230,88
1997,2,24,9,-10.1,923.3,12,210,88
1997,2,24,12,-10.4,923.5,14,220,88
1997,2,24,15,-10.9,924.3,11,230,87
1997,2,24,18,-11.7,924.9,13,NA,87
1997,2,24,21,-12.1,925.7,14,NA,86
1997,2,25,0,-12.1,926.8,14,NA,86
1997,2,25,3,-11.9,927.3,13,NA,86
1997,2,25,6,-12.2,927.1,16,220,86
1997,2,25,9,-12.4,928,17,230,86
1997,2,25,12,-12.5,927.5,17,230,86
1997,2,25,15,-11.9,926.6,NA,230,86
1997,2,25,18,-11.8,926.5,NA,240,86
1997,2,25,21,-12.1,924,NA,250,86
1997,2,26,0,NA,921.5,NA,250,85
1997,2,26,3,-12.5,918.3,NA,240,84
1997,2,26,6,-12.6,918.4,60,NA,84
1997,2,26,9,-12.9,916.5,NA,NA,85
1997,2,26,12,-13,915.7,NA,NA,85
1997,2,26,15,-13.4,914.3,NA,NA,85
1997,2,26,18,-13.6,915,NA,NA,85
1997,2,26,21,-13.5,915.7,NA,240,84
1997,2,27,0,-13.2,917.7,NA,230,85
1997,2,27,3,-13.1,915.2,NA,240,85
1997,2,27,6,-13.3,912.5,NA,240,84
1997,2,27,9,-12.8,912.8,NA,NA,85
1997,2,27,12,-12.3,910.6,NA,NA,86
1997,2,27,15,-12.2,911.4,NA,NA,86
1997,2,27,18,-12.1,911.1,NA,NA,86
1997,2,27,21,-12.1,913,57,NA,86
1997,2,28,0,-12.5,912.9,54,NA,86
1997,2,28,3,-12.3,914.7,NA,240,86
1997,2,28,6,-11.4,916.8,NA,250,76
1997,2,28,9,-12.1,917.2,NA,230,82
1997,2,28,12,-12.2,917.7,NA,210,80
1997,2,28,15,-12.6,917.5,NA,NA,80
1997,2,28,18,-12.1,917.1,NA,NA,83
1997,2,28,21,-11.6,916.2,14,10,80
1997,3,1,0,-10.2,915.8,NA,NA,85
1997,3,1,3,-10.2,914.7,NA,NA,88
1997,3,1,6,-11,914.7,NA,NA,88
1997,3,1,9,-10.5,915.4,NA,NA,88
1997,3,1,12,-11.4,916.7,NA,NA,87
1997,3,1,15,-11.5,917.2,0,260,87
1997,3,1,18,-12,917.4,NA,30,86
1997,3,1,21,-12.3,918,0,110,86
1997,3,2,0,-13.2,919.7,NA,NA,85
1997,3,2,3,-14.9,920.7,22,230,83
1997,3,2,6,-15.5,923.6,20,250,83
1997,3,2,9,-16.6,926.3,NA,250,82
1997,3,2,12,-16.8,928.1,NA,NA,80
1997,3,2,15,-16.4,930,NA,NA,81
1997,3,2,18,-16,930.3,NA,230,82
1997,3,2,21,-16,932.4,NA,220,81
1997,3,3,0,-15.4,932.5,NA,NA,70
1997,3,3,3,-14.2,931.8,NA,50,72
1997,3,3,6,-13.9,930.6,NA,30,67
1997,3,3,9,-13.8,929,NA,20,83
1997,3,3,12,-13.5,926.5,NA,20,66
1997,3,3,15,-11.1,924.9,NA,270,47
1997,3,3,18,-10.1,923.4,NA,250,37
1997,3,3,21,-10,922.9,NA,NA,84
1997,3,4,0,-9.6,922.5,5,170,83
1997,3,4,3,-11.1,921.7,NA,180,87
1997,3,4,6,-12,920.5,4,200,86
1997,3,4,9,-12,919.4,1,130,86
1997,3,4,12,-12.4,918.9,1,200,86
1997,3,4,15,-12.3,917.8,2,30,77
1997,3,4,18,-13.3,917,1,270,83
1997,3,4,21,-13.2,916.4,4,270,85
1997,3,5,0,-13.2,916.3,NA,250,85
1997,3,5,3,-13.4,916.1,7,260,85
1997,3,5,6,-13.2,916.1,10,240,85
1997,3,5,9,-13.2,916.4,10,220,85
1997,3,5,12,-13.9,916.3,NA,240,85
1997,3,5,15,-13.7,915.8,NA,230,80
1997,3,5,18,-13.7,916.1,NA,240,77
1997,3,5,21,-14.5,916.3,NA,230,80
1997,3,6,0,-13.5,916.7,14,220,82
1997,3,6,3,-13.9,916.9,10,NA,84
1997,3,6,6,-14.1,917.6,NA,NA,84
1997,3,6,9,-14.8,918.2,8,NA,84
1997,3,6,12,-15.5,918.5,NA,210,83
1997,3,6,15,-16.4,918.7,NA,230,82
1997,3,6,18,-16.4,919.1,NA,270,82
1997,3,6,21,-15.2,918.4,NA,90,82
1997,3,7,0,-14.6,917.9,3,90,84
1997,3,7,3,-15,917.4,3,220,83
1997,3,7,6,-15.1,917.1,3,270,83
1997,3,7,9,-16.3,916.2,NA,240,82
1997,3,7,12,-16.9,915.8,NA,240,81
1997,3,7,15,-17,916,17,250,81
1997,3,7,18,-17.3,915.6,NA,270,81
1997,3,7,21,-17,916,NA,280,82
1997,3,8,0,-16.3,916.8,NA,270,83
1997,3,8,3,-16,917.3,4,270,83
1997,3,8,6,-15.4,917.7,1,320,83
1997,3,8,9,-12.9,917.9,NA,NA,85
1997,3,8,12,-12.9,917.9,NA,NA,85
1997,3,8,15,-16.4,917.9,1,280,82
1997,3,8,18,-15.7,918.1,NA,250,83
1997,3,8,21,-14.5,918.8,NA,260,83
1997,3,9,0,-13.1,918.5,NA,240,85
1997,3,9,3,-12.3,918.1,NA,NA,86
1997,3,9,6,-12.8,915.3,NA,NA,85
1997,3,9,9,-14.1,911.8,NA,NA,85
1997,3,9,12,-14.6,907.3,NA,NA,84
1997,3,9,15,-14.7,902.5,NA,NA,83
1997,3,9,18,-13.5,891.2,NA,NA,84
1997,3,9,21,-13,NA,NA,NA,85
1997,3,10,0,-13.8,894.8,NA,NA,83
1997,3,10,3,-14.4,900.4,NA,240,83
1997,3,10,6,-14.5,907,55,240,84
1997,3,10,9,-14.8,906.7,58,230,83
1997,3,10,12,-14.8,909.5,55,240,83
1997,3,10,15,-14.5,911.3,NA,250,83
1997,3,10,18,-14,912,NA,NA,73
1997,3,10,21,-12.6,910.7,NA,NA,62
1997,3,11,0,-13.6,910.9,NA,230,NA
1997,3,11,3,-14,910.6,NA,230,81
1997,3,11,6,-14.4,910.6,NA,230,83
1997,3,11,9,-14.7,910.4,NA,210,83
1997,3,11,12,-14.8,910.3,NA,210,83
1997,3,11,15,-15.5,909.8,NA,220,82
1997,3,11,18,-15.7,909.5,NA,220,82
1997,3,11,21,-15.7,909.6,NA,220,82
1997,3,12,0,-15.3,909.5,NA,230,83
1997,3,12,3,-14.7,908.6,NA,260,83
1997,3,12,6,-14.9,907.1,NA,NA,83
1997,3,12,9,-15.2,905.2,7,NA,83
1997,3,12,12,-15,903.6,NA,NA,83
1997,3,12,15,-14.9,902.1,NA,NA,83
1997,3,12,18,-15,901.7,NA,NA,83
1997,3,12,21,-16.3,900.9,NA,220,82
1997,3,13,0,-16.8,901.2,NA,230,81
1997,3,13,3,-16.7,901.2,NA,230,81
1997,3,13,6,-16.9,902.1,15,240,81
1997,3,13,9,-17.2,903.5,15,230,81
1997,3,13,12,-16.3,906.1,14,240,82
1997,3,13,15,-16.8,907.5,13,220,81
1997,3,13,18,-17.9,908.6,NA,30,80
1997,3,13,21,-16.3,908.9,NA,20,81
1997,3,14,0,-14.4,908.9,NA,20,69
1997,3,14,3,-13.4,909.6,NA,30,59
1997,3,14,6,-12.9,910.7,NA,80,84
1997,3,14,9,-10.5,911.2,NA,30,87
1997,3,14,12,-12.8,911.7,NA,290,86
1997,3,14,15,-14.5,911.7,NA,240,83
1997,3,14,18,-13.6,913.3,NA,230,85
1997,3,14,21,-15.2,914.7,NA,NA,83
1997,3,15,0,-16.3,916.3,NA,NA,82
1997,3,15,3,-17.1,916.9,NA,NA,81
1997,3,15,6,-17.6,917.7,NA,NA,80
1997,3,15,9,-18.2,918.7,NA,NA,80
1997,3,15,12,-17.9,921.2,NA,240,77
1997,3,15,15,-18,921.5,NA,220,75
1997,3,15,18,-18.2,922.2,NA,230,73
1997,3,15,21,-18,922.9,NA,220,67
1997,3,16,0,-17.6,923.2,NA,210,NA
1997,3,16,3,-18.2,922.7,18,220,78
1997,3,16,6,-18.6,922.2,NA,230,79
1997,3,16,9,-18.6,921.8,NA,240,79
1997,3,16,12,-17.6,921.1,NA,310,76
1997,3,16,15,-17.5,920,NA,0,78
1997,3,16,18,-16.5,919.5,NA,20,79
1997,3,16,21,-15.9,919,5,10,81
1997,3,17,0,-14.4,918.6,2,40,81
1997,3,17,3,-14,918.5,3,250,83
1997,3,17,6,-13.8,918.7,NA,260,84
1997,3,17,9,-15.1,918.7,NA,250,83
1997,3,17,12,-15.3,918.6,NA,250,83
1997,3,17,15,-14.7,918.7,NA,260,83
1997,3,17,18,-14.3,918.2,NA,250,84
1997,3,17,21,-13.8,919.1,11,230,84
1997,3,18,0,-13.4,919.1,NA,220,85
1997,3,18,3,-13.8,919.4,NA,220,84
1997,3,18,6,-14,919.7,NA,NA,84
1997,3,18,9,-14.9,920.2,NA,NA,83
1997,3,18,12,-15.5,921.3,NA,NA,82
1997,3,18,15,-15.9,920.7,NA,NA,82
1997,3,18,18,-16,921.3,36,NA,78
1997,3,18,21,-16.8,921.7,NA,NA,76
1997,3,19,0,-17,922.1,NA,230,79
1997,3,19,3,-16.8,921.9,27,220,81
1997,3,19,6,-16.8,922.5,NA,230,81
1997,3,19,9,-16.9,922.4,NA,210,81
1997,3,19,12,-17.9,921.5,NA,210,80
1997,3,19,15,-18.2,921.6,NA,220,80
1997,3,19,18,-18.7,922.7,NA,220,79
1997,3,19,21,-19.6,922.7,NA,230,78
1997,3,20,0,-20,922.4,15,230,77
1997,3,20,3,-21.4,921.8,NA,220,76
1997,3,20,6,-22,922.1,17,210,75
1997,3,20,9,-22.7,922.3,17,220,74
1997,3,20,12,-23.1,921.5,13,220,73
1997,3,20,15,-23.8,920.4,NA,240,73
1997,3,20,18,-24.3,919,NA,260,72
1997,3,20,21,-23.9,918.7,7,260,72
1997,3,21,0,-23.6,918.5,NA,220,73
1997,3,21,3,-23.4,918.6,NA,240,73
1997,3,21,6,-23.1,919,NA,250,73
1997,3,21,9,-23.5,919.3,15,230,73
1997,3,21,12,-23.5,919.7,13,230,73
1997,3,21,15,-23.5,920.2,11,240,73
1997,3,21,18,-23.7,920.6,10,230,73
1997,3,21,21,-23.7,921.7,7,270,72
1997,3,22,0,-22.7,922.7,NA,200,74
1997,3,22,3,-22.5,923.6,NA,160,74
1997,3,22,6,-22.6,924.2,1,270,74
1997,3,22,9,-23,924.6,3,270,73
1997,3,22,12,-23.5,925,NA,260,73
1997,3,22,15,-23.8,925,NA,250,72
1997,3,22,18,-24.1,925,9,220,72
1997,3,22,21,-23.6,925,9,230,73
1997,3,23,0,-22.3,923,NA,230,74
1997,3,23,3,-21.5,925,NA,240,67
1997,3,23,6,-21.1,927.2,27,220,67
1997,3,23,9,-20.7,928.5,NA,220,59
1997,3,23,12,-20.1,930.1,NA,210,52
1997,3,23,15,-20.5,930.9,NA,230,66
1997,3,23,18,-19.6,932,NA,260,60
1997,3,23,21,-18.5,932.7,NA,80,47
1997,3,24,0,-18.9,933.1,NA,40,51
1997,3,24,3,-19.7,933.3,NA,360,61
1997,3,24,6,-19.7,933.6,NA,10,59
1997,3,24,9,-19.7,934,14,10,76
1997,3,24,12,-19,934.5,13,10,78
1997,3,24,15,-17.6,934.8,14,30,78
1997,3,24,18,-15,935.5,NA,10,82
1997,3,24,21,-15.5,936.3,NA,40,82
1997,3,25,0,-13.5,936,NA,20,78
1997,3,25,3,-13.8,935.5,NA,40,84
1997,3,25,6,-14.5,934.6,NA,70,83
1997,3,25,9,-17.8,932.8,NA,240,81
1997,3,25,12,-19.1,930.8,NA,220,78
1997,3,25,15,-17.9,929.3,NA,230,80
1997,3,25,18,-17.2,928.9,NA,230,81
1997,3,25,21,-17.7,930,NA,NA,80
1997,3,26,0,-17.9,932.3,NA,NA,80
1997,3,26,3,-17.6,933.6,NA,NA,79
1997,3,26,6,-18.4,934.1,NA,220,77
1997,3,26,9,-18.4,933.1,NA,20,79
1997,3,26,12,-18.3,932,2,20,79
1997,3,26,15,-19,930.5,5,280,77
1997,3,26,18,-19.3,929.4,3,40,78
1997,3,26,21,-17.3,928.1,6,20,55
1997,3,27,0,-16.8,926,NA,360,52
1997,3,27,3,-17.4,924,NA,280,53
1997,3,27,6,-20.6,922.4,NA,10,77
1997,3,27,9,-19.4,921.1,NA,50,77
1997,3,27,12,-19.5,919.7,7,30,78
1997,3,27,15,-17.9,918.6,8,20,79
1997,3,27,18,-18.2,917.4,NA,40,79
1997,3,27,21,-18.8,916.6,NA,NA,78
1997,3,28,0,-19,916.3,1,210,79
1997,3,28,3,-20.5,915.3,NA,NA,77
1997,3,28,6,-20.6,913.7,1,60,76
1997,3,28,9,-21,911.6,NA,NA,76
1997,3,28,12,-21.8,908.4,NA,NA,75
1997,3,28,15,-22.8,904.7,2,250,74
1997,3,28,18,-25.2,904.1,NA,NA,72
1997,3,28,21,-26.5,902.8,NA,NA,69
1997,3,29,0,-26.1,902.2,NA,NA,69
1997,3,29,3,-26.9,900.8,NA,NA,68
1997,3,29,6,-27.5,898.9,1,340,67
1997,3,29,9,-25.9,897.5,NA,NA,69
1997,3,29,12,-25,896.8,1,30,70
1997,3,29,15,-23.6,897.8,NA,NA,72
1997,3,29,18,-24.8,898.7,NA,NA,72
1997,3,29,21,-23.7,899.6,1,50,72
1997,3,30,0,-22.8,901.1,2,40,73
1997,3,30,3,-20.2,903.6,1,40,76
1997,3,30,6,-19.3,905.3,NA,NA,78
1997,3,30,9,-19.4,906.9,NA,NA,78
1997,3,30,12,-20.2,907.4,NA,NA,76
1997,3,30,15,-23.8,906.7,1,240,72
1997,3,30,18,-22.6,906.9,NA,NA,74
1997,3,30,21,-22.1,908.5,1,230,74
1997,3,31,0,-21.2,910.4,NA,110,75
1997,3,31,3,-21.3,910,NA,NA,76
1997,3,31,6,-21.8,909.7,NA,NA,75
1997,3,31,9,-21.9,909.7,NA,NA,75
1997,3,31,12,-21.3,910.2,NA,NA,75
1997,3,31,15,-21.2,910.9,1,230,75
1997,3,31,18,-20.9,911.2,NA,230,76
1997,3,31,21,-21,912.6,NA,240,75
1997,4,1,0,-21,915,NA,210,75
1997,4,1,3,-21.2,915,NA,360,76
1997,4,1,6,-21.1,912.9,NA,360,65
1997,4,1,9,-21.4,910.2,NA,270,56
1997,4,1,12,NA,908.2,NA,30,23
1997,4,1,15,-16.5,909.2,NA,260,59
1997,4,1,18,NA,911.8,NA,220,76
1997,4,1,21,NA,915.7,NA,230,74
1997,4,2,0,-23.1,917.2,NA,220,74
1997,4,2,3,-23.1,918.6,NA,50,73
1997,4,2,6,-24.1,918.5,NA,10,72
1997,4,2,9,-23,918.2,NA,10,73
1997,4,2,12,-23.2,918.3,NA,340,71
1997,4,2,15,-22.7,919.2,NA,250,67
1997,4,2,18,-23,920.5,NA,220,70
1997,4,2,21,-23.8,921.1,2,80,72
1997,4,3,0,-23.5,921.9,2,80,72
1997,4,3,3,-23.7,922.3,3,60,72
1997,4,3,6,-23.5,923,1,140,72
1997,4,3,9,-24.5,924.8,NA,250,71
1997,4,3,12,-24.8,927.2,3,200,70
1997,4,3,15,-25.6,928.3,3,310,69
1997,4,3,18,-26.4,929.2,1,340,68
1997,4,3,21,-25.2,928.5,NA,200,70
1997,4,4,0,-21.9,928.7,5,350,NA
1997,4,4,3,NA,927.1,NA,350,37
1997,4,4,6,-19.8,926.8,NA,230,29
1997,4,4,9,-22.2,927.3,NA,250,34
1997,4,4,12,-21.7,927.1,NA,280,36
1997,4,4,15,-21.6,925.7,NA,10,42
1997,4,4,18,-20.6,924.8,NA,360,41
1997,4,4,21,-18.1,924,NA,310,25
1997,4,5,0,-18.4,923,NA,250,24
1997,4,5,3,-20.3,922.3,NA,240,27
1997,4,5,6,-19.8,920.4,4,190,34
1997,4,5,9,-18.2,918.2,NA,240,26
1997,4,5,12,-17.2,914.6,NA,10,35
1997,4,5,15,-16,911,3,270,35
1997,4,5,18,-14.5,908.9,2,10,27
1997,4,5,21,-15.5,907.6,4,20,28
1997,4,6,0,-15.5,908.8,NA,250,29
1997,4,6,3,-14.8,910.3,NA,230,26
1997,4,6,6,-16.4,913,NA,220,38
1997,4,6,9,-17.5,914.8,NA,250,76
1997,4,6,12,-18.6,918,NA,220,78
1997,4,6,15,-18.7,918.8,NA,360,78
1997,4,6,18,-18.5,918.8,NA,10,68
1997,4,6,21,-17.2,918.5,NA,20,53
1997,4,7,0,-17.2,918,NA,260,53
1997,4,7,3,-15,916.8,NA,20,34
1997,4,7,6,-15.6,914.9,3,20,36
1997,4,7,9,-15.8,913,2,290,35
1997,4,7,12,NA,911.1,NA,240,48
1997,4,7,15,-15.9,910.4,NA,240,40
1997,4,7,18,-16.1,910.4,NA,300,62
1997,4,7,21,-16.4,911,NA,200,40
1997,4,8,0,-15.4,911.9,4,10,39
1997,4,8,3,-16.6,913.7,4,150,44
1997,4,8,6,-19.1,915.6,NA,250,76
1997,4,8,9,-19.4,918.3,NA,240,77
1997,4,8,12,-18.6,920.6,NA,20,78
1997,4,8,15,-18.2,922.2,3,260,77
1997,4,8,18,-19.1,922.8,NA,240,75
1997,4,8,21,-19.5,922.5,NA,220,77
1997,4,9,0,-19.5,921.4,NA,220,77
1997,4,9,3,-18.8,921.2,NA,230,78
1997,4,9,6,-18.9,921.8,27,220,78
1997,4,9,9,-18.8,921.5,28,230,78
1997,4,9,12,-18.6,921.5,30,230,69
1997,4,9,15,-18.7,921.4,NA,240,65
1997,4,9,18,-18.8,921.6,NA,240,66
1997,4,9,21,-19.7,921.3,NA,230,76
1997,4,10,0,-20.7,921.4,NA,240,76
1997,4,10,3,-21.5,920.4,NA,230,75
1997,4,10,6,-22.1,919.7,NA,0,74
1997,4,10,9,-22.6,919.3,1,270,73
1997,4,10,12,-23.3,918.9,NA,NA,72
1997,4,10,15,-22.8,918.8,NA,NA,73
1997,4,10,18,-22.8,918.6,NA,NA,73
1997,4,10,21,-23.3,918.5,1,240,73
1997,4,11,0,-23.8,918,1,20,72
1997,4,11,3,-23.3,917.1,5,60,72
1997,4,11,6,-23.6,916.2,NA,20,72
1997,4,11,9,-23.8,915.2,3,70,72
1997,4,11,12,-25,914.2,3,230,70
1997,4,11,15,-26.6,912.9,NA,240,68
1997,4,11,18,-27.5,912.2,NA,240,67
1997,4,11,21,-28.8,912.3,NA,230,65
1997,4,12,0,-29.9,912.9,17,NA,63
1997,4,12,3,-30.4,914,NA,NA,62
1997,4,12,6,-31.1,914.7,15,NA,61
1997,4,12,9,-31.3,915.7,14,240,61
1997,4,12,12,-32,917,NA,240,60
1997,4,12,15,-32,918.3,NA,250,60
1997,4,12,18,-30.9,919.1,NA,300,61
1997,4,12,21,-31.9,919.6,2,10,61
1997,4,13,0,-30.2,920,5,350,62
1997,4,13,3,-31.2,920.1,5,20,62
1997,4,13,6,-30.6,919.9,NA,360,62
1997,4,13,9,-29.9,919.4,NA,350,62
1997,4,13,12,-29.3,919,NA,350,63
1997,4,13,15,-29.2,918.4,NA,20,63
1997,4,13,18,-28.7,918.3,NA,270,61
1997,4,13,21,-28.3,918.4,NA,NA,62
1997,4,14,0,-27.9,918.6,3,340,62
1997,4,14,3,-29.3,918.7,4,240,63
1997,4,14,6,-30.1,919,2,280,62
1997,4,14,9,-30.1,919,4,360,62
1997,4,14,12,-30.3,918.8,NA,360,62
1997,4,14,15,-29.6,918.9,NA,320,56
1997,4,14,18,-29.1,919.2,NA,20,57
1997,4,14,21,-28.6,920.1,NA,10,55
1997,4,15,0,-28.5,921.1,NA,250,54
1997,4,15,3,-28.6,922.6,4,240,53
1997,4,15,6,-26.5,923.6,2,310,46
1997,4,15,9,-25.8,924.3,NA,360,36
1997,4,15,12,-26.6,925.9,NA,30,35
1997,4,15,15,-27,928.1,NA,20,37
1997,4,15,18,-26.1,929.4,NA,0,35
1997,4,15,21,-27.8,930.4,NA,10,36
1997,4,16,0,-28,931.2,NA,360,37
1997,4,16,3,-28,932,NA,360,65
1997,4,16,6,-27.2,932.4,NA,310,55
1997,4,16,9,-27.3,933,NA,240,38
1997,4,16,12,-25.1,933.3,NA,280,28
1997,4,16,15,-24.3,933.4,NA,0,25
1997,4,16,18,-24.2,934,1,210,25
1997,4,16,21,-25,934.8,NA,240,26
1997,4,17,0,-23.9,936.1,3,230,30
1997,4,17,3,-23.6,936.5,1,160,26
1997,4,17,6,-23.9,937.1,3,30,64
1997,4,17,9,-22.6,937.6,3,250,51
1997,4,17,12,-23.5,937.6,4,230,67
1997,4,17,15,-23.8,937.7,NA,250,71
1997,4,17,18,-23.4,938.7,7,230,72
1997,4,17,21,-24.8,940.1,NA,290,71
1997,4,18,0,-22.6,941.4,3,260,72
1997,4,18,3,-22.8,942.7,NA,270,72
1997,4,18,6,-21.3,944.4,5,260,73
1997,4,18,9,-21.8,945.7,NA,220,74
1997,4,18,12,-21,946.8,NA,220,75
1997,4,18,15,-21,947.3,NA,220,75
1997,4,18,18,-20.9,947.9,NA,230,75
1997,4,18,21,-21.1,948.8,10,210,75
1997,4,19,0,-20.2,949,12,250,75
1997,4,19,3,-21.7,948.4,NA,230,74
1997,4,19,6,-21.2,947.9,NA,230,75
1997,4,19,9,-21,947.2,NA,240,75
1997,4,19,12,-20.4,946.2,NA,240,76
1997,4,19,15,-20.2,945.5,18,230,76
1997,4,19,18,-20.1,943.7,NA,220,76
1997,4,19,21,-20.4,942.5,NA,230,76
1997,4,20,0,-20.1,942.9,25,230,76
1997,4,20,3,-20.7,942.5,24,240,76
1997,4,20,6,-20.2,943.7,NA,260,75
1997,4,20,9,-16.8,943.4,NA,20,74
1997,4,20,12,-18.1,942.8,NA,300,67
1997,4,20,15,-18,942.4,1,250,66
1997,4,20,18,-17.5,941.8,2,360,63
1997,4,20,21,-17.3,941.3,NA,NA,62
1997,4,21,0,-16.9,941.1,NA,NA,59
1997,4,21,3,-18.2,940.3,2,50,59
1997,4,21,6,-16.9,939.8,NA,360,55
1997,4,21,9,-14.9,938.9,NA,20,49
1997,4,21,12,-16.9,938.5,NA,20,50
1997,4,21,15,-16.7,938,NA,20,49
1997,4,21,18,-16.7,937.8,NA,340,47
1997,4,21,21,-15.8,937.9,NA,220,44
1997,4,22,0,-17.5,937.8,NA,240,45
1997,4,22,3,-16.9,937.5,5,250,46
1997,4,22,6,-17.4,936.9,NA,270,46
1997,4,22,9,-16.8,936.3,1,10,44
1997,4,22,12,-18.9,935.4,NA,270,49
1997,4,22,15,-19.6,933.8,NA,240,49
1997,4,22,18,-21.8,931.2,NA,230,69
1997,4,22,21,-22,929.7,NA,230,73
1997,4,23,0,-21.8,926.2,23,230,74
1997,4,23,3,-24.4,924.1,NA,250,70
1997,4,23,6,-24.3,925,NA,260,70
1997,4,23,9,-26.3,927.1,NA,240,68
1997,4,23,12,-25,929.2,NA,100,69
1997,4,23,15,-25.7,929.4,NA,60,69
1997,4,23,18,-25.7,929.7,NA,60,69
1997,4,23,21,-25.7,929.1,NA,90,68
1997,4,24,0,-25.6,927.4,NA,240,69
1997,4,24,3,-25.5,925.5,NA,240,68
1997,4,24,6,-27,923.7,12,230,66
1997,4,24,9,-29,921.8,NA,220,63
1997,4,24,12,-30.1,919.9,NA,NA,62
1997,4,24,15,-31,919.2,NA,NA,61
1997,4,24,18,-32,918,NA,NA,60
1997,4,24,21,-32,918.8,NA,NA,60
1997,4,25,0,-32.4,921.2,NA,210,59
1997,4,25,3,-32.9,923.2,NA,220,59
1997,4,25,6,-32.8,925.2,NA,230,58
1997,4,25,9,-32.9,927.1,NA,240,58
1997,4,25,12,-32.9,927.5,NA,320,58
1997,4,25,15,-32.8,927,NA,100,59
1997,4,25,18,-33.8,925.3,NA,200,57
1997,4,25,21,-34.3,922.8,NA,0,56
1997,4,26,0,-34.3,920,NA,250,56
1997,4,26,3,-33.7,916.7,3,240,57
1997,4,26,6,-33.2,914.3,NA,230,57
1997,4,26,9,-33.6,912.7,NA,100,57
1997,4,26,12,-33.6,912.2,NA,10,57
1997,4,26,15,-32.8,912.8,NA,10,58
1997,4,26,18,-34,915.2,NA,270,56
1997,4,26,21,-30.8,916.9,NA,230,60
1997,4,27,0,-31.2,917.8,NA,220,60
1997,4,27,3,-29.9,918.4,NA,230,52
1997,4,27,6,-29.2,918.4,NA,280,50
1997,4,27,9,-28.8,918.4,5,20,46
1997,4,27,12,-28.7,917.4,5,30,34
1997,4,27,15,-28.8,916.4,5,240,35
1997,4,27,18,-30.3,916.5,6,40,38
1997,4,27,21,-29.8,917.5,4,10,62
1997,4,28,0,-30.8,918.9,NA,360,61
1997,4,28,3,-31,920,3,290,61
1997,4,28,6,-31.6,921.4,3,250,60
1997,4,28,9,-31.8,922.4,1,350,60
1997,4,28,12,-32.3,922.6,NA,240,59
1997,4,28,15,-31.7,922.7,NA,220,60
1997,4,28,18,-30.6,922,NA,270,61
1997,4,28,21,-28,920.6,NA,230,64
1997,4,29,0,NA,919.1,NA,230,60
1997,4,29,3,NA,918.2,NA,230,60
1997,4,29,6,NA,916.3,NA,250,39
1997,4,29,9,NA,915.3,NA,290,31
1997,4,29,12,-22.6,915.2,NA,250,46
1997,4,29,15,NA,916.4,NA,220,61
1997,4,29,18,-26.7,916.7,NA,240,66
1997,4,29,21,-27.9,917.7,16,230,65
1997,4,30,0,-29.2,918.2,NA,230,63
1997,4,30,3,-29.8,918.1,NA,220,62
1997,4,30,6,-30.4,917.7,NA,250,61
1997,4,30,9,-31.7,916.4,NA,230,60
1997,4,30,12,-32,915.4,NA,230,59
1997,4,30,15,-31,913.8,NA,230,59
1997,4,30,18,-31.7,913.3,NA,220,60
1997,4,30,21,-31.8,913.3,NA,NA,60
1997,5,1,0,-31.2,913.7,NA,NA,59
1997,5,1,3,-30.3,912.8,NA,240,60
1997,5,1,6,-30.7,911.9,NA,NA,60
1997,5,1,9,-30.3,914.1,NA,NA,58
1997,5,1,12,-30.4,915.5,NA,NA,49
1997,5,1,15,-29.3,915.9,NA,230,47
1997,5,1,18,-29.3,914.7,NA,230,49
1997,5,1,21,-27.9,914.2,NA,240,48
1997,5,2,0,-26.3,911.7,NA,240,45
1997,5,2,3,-25.7,909.2,NA,250,54
1997,5,2,6,-22.6,907.6,NA,250,40
1997,5,2,9,-22.5,906.2,NA,260,37
1997,5,2,12,-21.6,904.8,NA,40,34
1997,5,2,15,-24.6,903.4,4,320,36
1997,5,2,18,-23.3,902.5,4,270,34
1997,5,2,21,-24.4,901.9,NA,260,39
1997,5,3,0,-22.4,902.1,NA,240,34
1997,5,3,3,-21,902.7,NA,220,42
1997,5,3,6,-21.3,903.2,NA,240,37
1997,5,3,9,-19.7,903.5,NA,230,38
1997,5,3,12,-19.7,904.9,NA,230,50
1997,5,3,15,-20.4,905.4,NA,240,75
1997,5,3,18,-21.4,905.5,NA,30,74
1997,5,3,21,-21.6,904.6,NA,360,73
1997,5,4,0,-22.3,903.7,NA,350,74
1997,5,4,3,-22.2,902.5,2,50,73
1997,5,4,6,-22.3,901.3,NA,NA,72
1997,5,4,9,-22.5,901.7,3,260,72
1997,5,4,12,-22.4,902.9,4,200,60
1997,5,4,15,-23.7,903.8,NA,180,71
1997,5,4,18,-24.8,904.5,NA,NA,70
1997,5,4,21,-21.3,905.4,1,290,70
1997,5,5,0,NA,906.1,2,170,35
1997,5,5,3,-18.7,906.4,NA,0,27
1997,5,5,6,-18.3,907.4,NA,50,23
1997,5,5,9,-19.1,908.4,NA,360,28
1997,5,5,12,-19.3,908.7,3,10,29
1997,5,5,15,-20.1,909,NA,NA,31
1997,5,5,18,-19.3,908.6,NA,NA,32
1997,5,5,21,-21.8,909.1,NA,30,35
1997,5,6,0,-22.5,909.5,NA,350,38
1997,5,6,3,-24.1,910.1,NA,260,47
1997,5,6,6,-23.7,910.6,NA,240,48
1997,5,6,9,-23.3,911.2,NA,240,60
1997,5,6,12,-23.5,911.6,NA,0,62
1997,5,6,15,-24.1,911.8,NA,240,63
1997,5,6,18,-25,911.8,NA,250,66
1997,5,6,21,-25.2,912.1,NA,240,68
1997,5,7,0,-25.3,912.8,NA,250,68
1997,5,7,3,-24.5,913.1,NA,360,69
1997,5,7,6,-26.1,913.3,NA,20,67
1997,5,7,9,-25.8,915.4,NA,270,68
1997,5,7,12,-26.7,917.6,NA,250,67
1997,5,7,15,-26.1,919.3,NA,20,68
1997,5,7,18,-27,918.8,NA,10,66
1997,5,7,21,-26.4,920.1,NA,30,67
1997,5,8,0,-26.2,922,NA,0,67
1997,5,8,3,-25.7,923,NA,250,67
1997,5,8,6,-26.7,923.7,2,240,66
1997,5,8,9,-28.3,923.5,NA,270,64
1997,5,8,12,-28.2,922.8,NA,20,65
1997,5,8,15,-24.2,922.1,2,270,69
1997,5,8,18,-23.4,920.5,2,20,71
1997,5,8,21,-26.2,917.7,NA,20,68
1997,5,9,0,-26.3,914.6,NA,30,44
1997,5,9,3,-25.3,911.7,NA,240,48
1997,5,9,6,-27.2,909.5,NA,250,60
1997,5,9,9,-24.7,909.4,NA,40,48
1997,5,9,12,-23.8,909.1,NA,10,36
1997,5,9,15,NA,908.9,NA,260,45
1997,5,9,18,-27.2,908.8,6,270,64
1997,5,9,21,-27.8,909.1,NA,250,64
1997,5,10,0,-26.9,909.4,NA,230,66
1997,5,10,3,-26.9,909,6,250,66
1997,5,10,6,-27.3,909.4,4,230,65
1997,5,10,9,-26.7,909.9,3,230,63
1997,5,10,12,-27.3,909.9,4,260,60
1997,5,10,15,-28.1,909.5,NA,250,62
1997,5,10,18,-27.9,910.6,NA,240,65
1997,5,10,21,-28.9,911.1,NA,240,63
1997,5,11,0,-29.5,911.4,NA,230,63
1997,5,11,3,-30.5,911.6,17,240,61
1997,5,11,6,-31.7,911.8,19,240,60
1997,5,11,9,-32.8,912.5,NA,240,59
1997,5,11,12,-33,912.9,15,230,58
1997,5,11,15,-33.4,913.1,NA,250,57
1997,5,11,18,-33.5,913,NA,220,57
1997,5,11,21,-33.9,913.3,8,250,57
1997,5,12,0,-32.3,913.7,NA,0,58
1997,5,12,3,-32.8,913.2,NA,240,57
1997,5,12,6,-31.6,913.2,NA,240,59
1997,5,12,9,-31.5,913.2,NA,230,60
1997,5,12,12,-32.3,913.1,NA,230,59
1997,5,12,15,-31.7,913.4,NA,230,59
1997,5,12,18,-31,913.6,23,240,60
1997,5,12,21,-31.7,914.6,21,230,60
1997,5,13,0,-31.6,915.2,21,230,59
1997,5,13,3,-31.5,915.6,22,240,59
1997,5,13,6,-31.8,917.1,20,230,59
1997,5,13,9,-32.2,918.9,NA,240,59
1997,5,13,12,-32.6,918.8,NA,220,58
1997,5,13,15,-32.6,919.4,13,230,58
1997,5,13,18,-32.4,919.9,14,220,58
1997,5,13,21,-33.3,920.5,14,230,57
1997,5,14,0,-32.1,920.7,NA,220,59
1997,5,14,3,-32.5,921.8,17,220,58
1997,5,14,6,-32.2,922.3,NA,230,58
1997,5,14,9,-31.3,922.3,15,220,58
1997,5,14,12,-30.6,920.9,NA,230,48
1997,5,14,15,-32.9,920.2,NA,220,46
1997,5,14,18,-33.9,918.6,NA,230,55
1997,5,14,21,-33.6,917.6,NA,NA,57
1997,5,15,0,-33.1,913.4,NA,NA,58
1997,5,15,3,-31.4,908.6,NA,NA,59
1997,5,15,6,-29.9,910.8,NA,NA,58
1997,5,15,9,-27.7,905.2,NA,240,56
1997,5,15,12,-27.1,904,NA,240,61
1997,5,15,15,-25.1,905.3,NA,230,60
1997,5,15,18,-23.6,903.2,55,240,56
1997,5,15,21,-21.7,902.6,NA,240,55
1997,5,16,0,-20.7,902.5,NA,250,46
1997,5,16,3,-19.5,902.4,NA,NA,38
1997,5,16,6,-17.8,900.4,NA,NA,33
1997,5,16,9,-17.6,899.8,NA,NA,30
1997,5,16,12,-16.3,899,NA,40,16
1997,5,16,15,-16.2,897.1,NA,290,13
1997,5,16,18,-15.3,895.6,NA,300,11
1997,5,16,21,-17.2,894.8,NA,250,18
1997,5,17,0,-17,895,NA,260,27
1997,5,17,3,-16.4,896.3,NA,230,26
1997,5,17,6,-16,899,NA,130,79
1997,5,17,9,-15.9,901.8,NA,240,81
1997,5,17,12,-18.8,903.8,NA,250,79
1997,5,17,15,-18.1,905.7,NA,250,77
1997,5,17,18,-18,909,NA,240,78
1997,5,17,21,-17.5,912.5,NA,230,77
1997,5,18,0,-18.6,916.1,NA,230,78
1997,5,18,3,-18.9,918.6,NA,220,78
1997,5,18,6,-19.1,917.8,NA,230,75
1997,5,18,9,-20,918.9,NA,230,74
1997,5,18,12,-21.2,916.9,NA,20,75
1997,5,18,15,-20.4,913.2,NA,30,57
1997,5,18,18,NA,910.3,NA,350,24
1997,5,18,21,-16.3,909,6,350,19
1997,5,19,0,-16.7,908.5,4,270,18
1997,5,19,3,-17.1,908.7,NA,270,18
1997,5,19,6,-17.8,909.1,4,260,19
1997,5,19,9,-16.7,910,4,270,18
1997,5,19,12,-15.7,911.6,3,30,14
1997,5,19,15,-16.5,913.6,4,30,14
1997,5,19,18,-16.7,915.1,3,270,17
1997,5,19,21,-21.1,916.2,1,340,46
1997,5,20,0,NA,917.1,NA,170,70
1997,5,20,3,-22.4,917.3,4,240,72
1997,5,20,6,-22.6,917.1,NA,240,72
1997,5,20,9,-22.3,917.2,NA,240,72
1997,5,20,12,-25.7,916.4,NA,250,69
1997,5,20,15,NA,917,NA,240,70
1997,5,20,18,NA,916.8,NA,240,71
1997,5,20,21,-20.1,917.1,NA,240,76
1997,5,21,0,NA,916.4,NA,NA,77
1997,5,21,3,-18.6,914.5,NA,NA,78
1997,5,21,6,-19.8,914,NA,NA,77
1997,5,21,9,-21.2,921.2,NA,NA,75
1997,5,21,12,-21.3,922,NA,NA,75
1997,5,21,15,-21.5,921.8,NA,220,74
1997,5,21,18,-23,920.4,NA,260,73
1997,5,21,21,-23.8,919.2,NA,260,71
1997,5,22,0,-23.8,918,NA,220,71
1997,5,22,3,-25.5,916.7,NA,240,69
1997,5,22,6,-26.6,916.2,11,260,68
1997,5,22,9,-25.4,915.5,NA,30,68
1997,5,22,12,-25.7,914.3,NA,20,69
1997,5,22,15,-24.3,912.6,10,360,64
1997,5,22,18,-25.3,910.3,NA,330,62
1997,5,22,21,-25.2,908.6,NA,340,67
1997,5,23,0,-25.5,906.9,NA,10,66
1997,5,23,3,-27.4,905.9,4,240,66
1997,5,23,6,-27.9,904.8,NA,240,65
1997,5,23,9,-29.1,904.5,NA,230,64
1997,5,23,12,-30.6,904.8,NA,240,62
1997,5,23,15,-31.5,905.9,NA,240,60
1997,5,23,18,-31.8,907.1,NA,NA,60
1997,5,23,21,-31.9,908.3,18,NA,60
1997,5,24,0,-31.8,909.9,17,NA,60
1997,5,24,3,-31.6,911.5,NA,240,60
1997,5,24,6,-31.4,912.7,NA,240,59
1997,5,24,9,-30.2,913.1,NA,220,53
1997,5,24,12,-27.4,913.2,NA,240,41
1997,5,24,15,-26.2,913.9,NA,220,27
1997,5,24,18,-26.8,915.2,NA,200,31
1997,5,24,21,-25.5,916.5,NA,250,36
1997,5,25,0,-24.9,917.4,4,240,38
1997,5,25,3,-24.4,918.4,4,10,36
1997,5,25,6,-25.8,919.2,6,270,43
1997,5,25,9,-26,919.2,NA,30,67
1997,5,25,12,-24,918.9,NA,0,54
1997,5,25,15,-22.9,919.4,3,240,38
1997,5,25,18,-22.1,919.2,1,30,32
1997,5,25,21,-20.6,918.4,NA,350,30
1997,5,26,0,-24,918,NA,10,45
1997,5,26,3,-25.2,917,NA,10,36
1997,5,26,6,NA,916.1,6,260,25
1997,5,26,9,NA,917,5,270,20
1997,5,26,12,-18.6,918,NA,250,25
1997,5,26,15,-20.7,920.3,NA,230,26
1997,5,26,18,-22.3,924,10,210,36
1997,5,26,21,NA,925.5,NA,360,34
1997,5,27,0,-22.3,928.7,NA,250,30
1997,5,27,3,-22.3,930.3,NA,230,41
1997,5,27,6,-21.8,932.4,NA,250,50
1997,5,27,9,-21.1,931.8,NA,350,38
1997,5,27,12,-23.7,930.6,NA,10,52
1997,5,27,15,-22.9,929.8,NA,30,35
1997,5,27,18,-22.8,929.6,NA,250,39
1997,5,27,21,-23.8,929.5,NA,240,52
1997,5,28,0,-21.8,928.7,NA,30,40
1997,5,28,3,-19.5,926.9,NA,30,28
1997,5,28,6,-20.1,924.1,NA,20,27
1997,5,28,9,-18.9,921.7,NA,20,22
1997,5,28,12,-16,918.7,NA,350,15
1997,5,28,15,-17.5,915.1,NA,10,16
1997,5,28,18,-15.6,911,NA,300,14
1997,5,28,21,NA,908.6,NA,240,12
1997,5,29,0,NA,906,NA,240,12
1997,5,29,3,NA,906.8,NA,240,29
1997,5,29,6,NA,907.6,NA,230,34
1997,5,29,9,-14.6,909,NA,210,28
1997,5,29,12,-13.1,907.7,NA,340,21
1997,5,29,15,-13.2,904.5,NA,340,26
1997,5,29,18,NA,901.2,NA,20,10
1997,5,29,21,NA,900.4,NA,20,16
1997,5,30,0,NA,899.8,NA,240,27
1997,5,30,3,NA,899.2,NA,250,58
1997,5,30,6,NA,899.5,NA,NA,52
1997,5,30,9,-17.6,900.9,NA,NA,47
1997,5,30,12,-18.5,898.6,NA,240,71
1997,5,30,15,-19.9,901.7,NA,240,74
1997,5,30,18,-21.7,902.8,NA,230,74
1997,5,30,21,-24.8,906.8,NA,230,68
1997,5,31,0,-24.7,909.3,NA,220,69
1997,5,31,3,-25.9,910.4,NA,240,67
1997,5,31,6,-26.5,911.2,26,230,66
1997,5,31,9,-26.2,913,NA,220,67
1997,5,31,12,-25,914,24,230,67
1997,5,31,15,-23.7,915.3,24,NA,54
1997,5,31,18,-23.5,915.8,24,NA,46
1997,5,31,21,-22.5,917.3,23,NA,50
1997,6,1,0,-21.8,918,25,230,52
1997,6,1,3,-22.5,919.1,NA,230,53
1997,6,1,6,-21.7,920.2,NA,240,59
1997,6,1,9,-22.9,920.4,NA,230,70
1997,6,1,12,-22.9,920.5,NA,230,71
1997,6,1,15,-24,919,NA,220,70
1997,6,1,18,-23.4,916.2,NA,NA,70
1997,6,1,21,-23.8,916.6,NA,NA,70
1997,6,2,0,-23.4,913.6,NA,NA,71
1997,6,2,3,-23.1,915.7,44,230,71
1997,6,2,6,-22.9,914.7,NA,NA,71
1997,6,2,9,-22.4,913,NA,NA,72
1997,6,2,12,-22.1,914.7,NA,240,73
1997,6,2,15,-22.1,916.7,54,240,73
1997,6,2,18,-21.7,916.1,53,240,73
1997,6,2,21,-21.5,917.9,54,NA,74
1997,6,3,0,-21.1,920.5,NA,NA,71
1997,6,3,3,-21.5,922.3,NA,NA,70
1997,6,3,6,-22,924.1,NA,220,70
1997,6,3,9,-21,927.5,NA,220,72
1997,6,3,12,-23.1,928.7,NA,230,72
1997,6,3,15,-22.8,930.5,34,230,72
1997,6,3,18,-23,931.5,36,220,53
1997,6,3,21,-23.9,933.4,NA,240,60
1997,6,4,0,-23.6,934.6,NA,230,62
1997,6,4,3,-23.8,934.9,NA,240,66
1997,6,4,6,-23.7,934.2,NA,210,57
1997,6,4,9,-23.8,933.2,NA,240,54
1997,6,4,12,-23.1,932.6,NA,NA,53
1997,6,4,15,-20.3,930.9,NA,NA,26
1997,6,4,18,-21.5,928.8,NA,NA,32
1997,6,4,21,-21.6,927.4,NA,NA,37
1997,6,5,0,-21,925.6,NA,NA,35
1997,6,5,3,-20.6,924.8,NA,NA,34
1997,6,5,6,-19.3,924.1,NA,NA,23
1997,6,5,9,-18.1,921.3,NA,NA,21
1997,6,5,12,-19.4,919.6,NA,NA,27
1997,6,5,15,-18.7,919.9,NA,NA,26
1997,6,5,18,-20.2,920,NA,NA,30
1997,6,5,21,-20.3,920.3,NA,NA,25
1997,6,6,0,-22.8,921.4,NA,NA,NA
1997,6,6,3,-23.5,921.7,NA,NA,63
1997,6,6,6,-24,922,NA,NA,70
1997,6,6,9,-24.2,922.1,NA,NA,68
1997,6,6,12,-24.6,922.2,NA,NA,69
1997,6,6,15,-25,923.3,NA,NA,68
1997,6,6,18,-25.5,922.8,NA,NA,68
1997,6,6,21,-27.7,925,NA,NA,67
1997,6,7,0,-28.6,925.5,NA,NA,63
1997,6,7,3,-27,922.7,NA,NA,65
1997,6,7,6,-25.9,920.6,NA,NA,66
1997,6,7,9,-24.7,919.1,NA,NA,65
1997,6,7,12,NA,916.7,NA,NA,58
1997,6,7,15,NA,914.6,NA,NA,23
1997,6,7,18,NA,913.1,NA,NA,15
1997,6,7,21,-16.8,911.9,NA,NA,16
1997,6,8,0,NA,912.6,NA,NA,NA
1997,6,8,3,NA,915.1,NA,NA,57
1997,6,8,6,-21.6,917.1,NA,NA,52
1997,6,8,9,-22.3,917.5,NA,NA,55
1997,6,8,12,-20.1,915.7,NA,NA,51
1997,6,8,15,-20,914.4,NA,NA,52
1997,6,8,18,-19.9,914.9,NA,NA,58
1997,6,8,21,-18.1,913.4,NA,NA,54
1997,6,9,0,-19.4,913.8,NA,NA,60
1997,6,9,3,-19.7,912.5,NA,NA,52
1997,6,9,6,-21.2,912.8,NA,NA,67
1997,6,9,9,-22.3,910.5,NA,NA,72
1997,6,9,12,-22.3,909.2,NA,NA,72
1997,6,9,15,-21.8,905.4,NA,NA,73
1997,6,9,18,-22.8,902.9,NA,NA,72
1997,6,9,21,-24.9,901,NA,NA,70
1997,6,10,0,-24.3,900.5,NA,NA,69
1997,6,10,3,-25.7,901.5,NA,NA,68
1997,6,10,6,-24.2,901.8,NA,NA,69
1997,6,10,9,-24.7,903.8,NA,NA,69
1997,6,10,12,-24.9,907.1,NA,NA,69
1997,6,10,15,-24.5,908.6,NA,NA,69
1997,6,10,18,-24.4,910.7,NA,NA,65
1997,6,10,21,-23.9,911.9,NA,NA,59
1997,6,11,0,-23.8,913.6,NA,NA,64
1997,6,11,3,-24.2,914.2,NA,NA,66
1997,6,11,6,-24.5,914.3,NA,NA,62
1997,6,11,9,-23.5,913.9,NA,NA,57
1997,6,11,12,-22.9,913.5,NA,NA,48
1997,6,11,15,-21.4,912.4,NA,NA,62
1997,6,11,18,-20.9,911.7,NA,NA,62
1997,6,11,21,-19.9,911.8,NA,NA,59
1997,6,12,0,-19.5,912.3,NA,NA,66
1997,6,12,3,-19.8,913.7,NA,NA,69
1997,6,12,6,-18.3,914.3,NA,NA,65
1997,6,12,9,-19.3,916.1,NA,NA,61
1997,6,12,12,-19.3,917.3,NA,NA,68
1997,6,12,15,-18.8,917.9,NA,NA,50
1997,6,12,18,-20.4,918.2,NA,NA,58
1997,6,12,21,-22.1,918.2,NA,NA,71
1997,6,13,0,-22.3,918.6,NA,NA,72
1997,6,13,3,-22.1,917.7,NA,NA,60
1997,6,13,6,-20.5,916,NA,NA,45
1997,6,13,9,-20.5,913.8,NA,NA,43
1997,6,13,12,-18,911.3,NA,NA,28
1997,6,13,15,-18,909.8,NA,NA,22
1997,6,13,18,-16.5,908.5,NA,NA,24
1997,6,13,21,-19.3,908.3,NA,NA,26
1997,6,14,0,-18.2,908.8,NA,NA,22
1997,6,14,3,-22.3,910.1,NA,NA,40
1997,6,14,6,NA,912.2,NA,NA,42
1997,6,14,9,-22.3,914.3,NA,NA,69
1997,6,14,12,-22.5,916.9,NA,NA,47
1997,6,14,15,-22.7,917.8,NA,NA,40
1997,6,14,18,-21.9,918.6,NA,NA,36
1997,6,14,21,-21,919.5,NA,NA,30
1997,6,15,0,-20.4,919.9,NA,NA,32
1997,6,15,3,-19.6,920.5,NA,NA,30
1997,6,15,6,-22.2,920.3,NA,NA,42
1997,6,15,9,-23.6,920.1,NA,NA,52
1997,6,15,12,-23.8,919.3,NA,NA,66
1997,6,15,15,NA,916.7,NA,NA,68
1997,6,15,18,-21,913.6,NA,NA,73
1997,6,15,21,-21.8,909.8,NA,NA,73
1997,6,16,0,-23.6,905.9,NA,NA,70
1997,6,16,3,-24.4,911.7,NA,NA,70
1997,6,16,6,-24.5,918.1,NA,NA,69
1997,6,16,9,-24,921.5,NA,NA,69
1997,6,16,12,-22.2,922.2,NA,NA,47
1997,6,16,15,-22.6,921.9,NA,NA,45
1997,6,16,18,-22.6,921.5,NA,NA,47
1997,6,16,21,-22.6,921.5,NA,NA,60
1997,6,17,0,-24.9,921.1,NA,NA,68
1997,6,17,3,-25.9,920.9,NA,NA,58
1997,6,17,6,-26.9,922.2,NA,NA,60
1997,6,17,9,-27,921.7,NA,NA,64
1997,6,17,12,-28,919.2,NA,NA,63
1997,6,17,15,-27.6,917,NA,NA,56
1997,6,17,18,-26.8,915.3,NA,NA,53
1997,6,17,21,-27.5,915.9,NA,NA,57
1997,6,18,0,-28.9,916.1,NA,NA,62
1997,6,18,3,-29.9,913.4,NA,NA,61
1997,6,18,6,-29.8,912.4,NA,NA,61
1997,6,18,9,-29,910.9,NA,NA,58
1997,6,18,12,-27.6,907.8,NA,NA,52
1997,6,18,15,-24.9,898.3,NA,NA,60
1997,6,18,18,NA,NA,NA,NA,NA
1997,6,18,21,NA,NA,NA,NA,NA
1997,6,19,0,NA,NA,NA,NA,NA
1997,6,19,3,NA,NA,NA,NA,NA
1997,6,19,6,NA,NA,NA,NA,NA
1997,6,19,9,NA,NA,NA,NA,NA
1997,6,19,12,NA,NA,NA,NA,NA
1997,6,19,15,NA,NA,NA,NA,NA
1997,6,19,18,NA,NA,NA,NA,NA
1997,6,19,21,NA,NA,NA,NA,NA
1997,6,20,0,NA,NA,NA,NA,NA
1997,6,20,3,NA,NA,NA,NA,NA
1997,6,20,6,NA,NA,NA,NA,NA
1997,6,20,9,NA,NA,NA,NA,NA
1997,6,20,12,NA,NA,NA,NA,NA
1997,6,20,15,NA,NA,NA,NA,NA
1997,6,20,18,NA,NA,NA,NA,NA
1997,6,20,21,NA,NA,NA,NA,NA
1997,6,21,0,NA,NA,NA,NA,NA
1997,6,21,3,NA,NA,NA,NA,NA
1997,6,21,6,NA,NA,NA,NA,NA
1997,6,21,9,NA,NA,NA,NA,NA
1997,6,21,12,NA,NA,NA,NA,NA
1997,6,21,15,NA,NA,NA,NA,NA
1997,6,21,18,NA,NA,NA,NA,NA
1997,6,21,21,NA,NA,NA,NA,NA
1997,6,22,0,NA,NA,NA,NA,NA
1997,6,22,3,NA,NA,NA,NA,NA
1997,6,22,6,NA,NA,NA,NA,NA
1997,6,22,9,NA,NA,NA,NA,NA
1997,6,22,12,NA,NA,NA,NA,NA
1997,6,22,15,NA,NA,NA,NA,NA
1997,6,22,18,NA,NA,NA,NA,NA
1997,6,22,21,NA,NA,NA,NA,NA
1997,6,23,0,NA,NA,NA,NA,NA
1997,6,23,3,NA,NA,NA,NA,NA
1997,6,23,6,NA,NA,NA,NA,NA
1997,6,23,9,NA,NA,NA,NA,NA
1997,6,23,12,NA,NA,NA,NA,NA
1997,6,23,15,NA,NA,NA,NA,NA
1997,6,23,18,NA,NA,NA,NA,NA
1997,6,23,21,NA,NA,NA,NA,NA
1997,6,24,0,NA,NA,NA,NA,NA
1997,6,24,3,NA,NA,NA,NA,NA
1997,6,24,6,NA,NA,NA,NA,NA
1997,6,24,9,NA,NA,NA,NA,NA
1997,6,24,12,NA,NA,NA,NA,NA
1997,6,24,15,NA,NA,NA,NA,NA
1997,6,24,18,NA,NA,NA,NA,NA
1997,6,24,21,NA,NA,NA,NA,NA
1997,6,25,0,NA,NA,NA,NA,NA
1997,6,25,3,NA,NA,NA,NA,NA
1997,6,25,6,NA,NA,NA,NA,NA
1997,6,25,9,NA,NA,NA,NA,NA
1997,6,25,12,NA,NA,NA,NA,NA
1997,6,25,15,NA,NA,NA,NA,NA
1997,6,25,18,NA,NA,NA,NA,NA
1997,6,25,21,NA,NA,NA,NA,NA
1997,6,26,0,NA,NA,NA,NA,NA
1997,6,26,3,NA,NA,NA,NA,NA
1997,6,26,6,NA,NA,NA,NA,NA
1997,6,26,9,NA,NA,NA,NA,NA
1997,6,26,12,NA,NA,NA,NA,NA
1997,6,26,15,NA,NA,NA,NA,NA
1997,6,26,18,NA,NA,NA,NA,NA
1997,6,26,21,NA,NA,NA,NA,NA
1997,6,27,0,NA,NA,NA,NA,NA
1997,6,27,3,NA,NA,NA,NA,NA
1997,6,27,6,NA,NA,NA,NA,NA
1997,6,27,9,NA,NA,NA,NA,NA
1997,6,27,12,NA,NA,NA,NA,NA
1997,6,27,15,NA,NA,NA,NA,NA
1997,6,27,18,NA,NA,NA,NA,NA
1997,6,27,21,NA,NA,NA,NA,NA
1997,6,28,0,NA,NA,NA,NA,NA
1997,6,28,3,NA,NA,NA,NA,NA
1997,6,28,6,NA,NA,NA,NA,NA
1997,6,28,9,NA,NA,NA,NA,NA
1997,6,28,12,NA,NA,NA,NA,NA
1997,6,28,15,NA,NA,NA,NA,NA
1997,6,28,18,NA,NA,NA,NA,NA
1997,6,28,21,NA,NA,NA,NA,NA
1997,6,29,0,NA,NA,NA,NA,NA
1997,6,29,3,NA,NA,NA,NA,NA
1997,6,29,6,NA,NA,NA,NA,NA
1997,6,29,9,NA,NA,NA,NA,NA
1997,6,29,12,NA,NA,NA,NA,NA
1997,6,29,15,NA,NA,NA,NA,NA
1997,6,29,18,NA,NA,NA,NA,NA
1997,6,29,21,NA,NA,NA,NA,NA
1997,6,30,0,NA,NA,NA,NA,NA
1997,6,30,3,NA,NA,NA,NA,NA
1997,6,30,6,NA,NA,NA,NA,NA
1997,6,30,9,NA,NA,NA,NA,NA
1997,6,30,12,NA,NA,NA,NA,NA
1997,6,30,15,NA,NA,NA,NA,NA
1997,6,30,18,NA,NA,NA,NA,NA
1997,6,30,21,NA,NA,NA,NA,NA
1997,7,1,0,NA,NA,NA,NA,NA
1997,7,1,3,NA,NA,NA,NA,NA
1997,7,1,6,NA,NA,NA,NA,NA
1997,7,1,9,NA,NA,NA,NA,NA
1997,7,1,12,NA,NA,NA,NA,NA
1997,7,1,15,NA,NA,NA,NA,NA
1997,7,1,18,NA,NA,NA,NA,NA
1997,7,1,21,NA,NA,NA,NA,NA
1997,7,2,0,NA,NA,NA,NA,NA
1997,7,2,3,NA,NA,NA,NA,NA
1997,7,2,6,NA,NA,NA,NA,NA
1997,7,2,9,NA,NA,NA,NA,NA
1997,7,2,12,NA,NA,NA,NA,NA
1997,7,2,15,NA,NA,NA,NA,NA
1997,7,2,18,NA,NA,NA,NA,NA
1997,7,2,21,NA,NA,NA,NA,NA
1997,7,3,0,NA,NA,NA,NA,NA
1997,7,3,3,NA,NA,NA,NA,NA
1997,7,3,6,NA,NA,NA,NA,NA
1997,7,3,9,NA,NA,NA,NA,NA
1997,7,3,12,NA,NA,NA,NA,NA
1997,7,3,15,NA,NA,NA,NA,NA
1997,7,3,18,NA,NA,NA,NA,NA
1997,7,3,21,NA,NA,NA,NA,NA
1997,7,4,0,NA,NA,NA,NA,NA
1997,7,4,3,NA,NA,NA,NA,NA
1997,7,4,6,NA,NA,NA,NA,NA
1997,7,4,9,NA,NA,NA,NA,NA
1997,7,4,12,NA,NA,NA,NA,NA
1997,7,4,15,NA,NA,NA,NA,NA
1997,7,4,18,NA,NA,NA,NA,NA
1997,7,4,21,NA,NA,NA,NA,NA
1997,7,5,0,NA,NA,NA,NA,NA
1997,7,5,3,NA,NA,NA,NA,NA
1997,7,5,6,NA,NA,NA,NA,NA
1997,7,5,9,NA,NA,NA,NA,NA
1997,7,5,12,NA,NA,NA,NA,NA
1997,7,5,15,NA,NA,NA,NA,NA
1997,7,5,18,NA,NA,NA,NA,NA
1997,7,5,21,NA,NA,NA,NA,NA
1997,7,6,0,NA,NA,NA,NA,NA
1997,7,6,3,NA,NA,NA,NA,NA
1997,7,6,6,NA,NA,NA,NA,NA
1997,7,6,9,NA,NA,NA,NA,NA
1997,7,6,12,NA,NA,NA,NA,NA
1997,7,6,15,NA,NA,NA,NA,NA
1997,7,6,18,NA,NA,NA,NA,NA
1997,7,6,21,NA,NA,NA,NA,NA
1997,7,7,0,NA,NA,NA,NA,NA
1997,7,7,3,NA,NA,NA,NA,NA
1997,7,7,6,NA,NA,NA,NA,NA
1997,7,7,9,NA,NA,NA,NA,NA
1997,7,7,12,NA,NA,NA,NA,NA
1997,7,7,15,NA,NA,NA,NA,NA
1997,7,7,18,NA,NA,NA,NA,NA
1997,7,7,21,NA,NA,NA,NA,NA
1997,7,8,0,NA,NA,NA,NA,NA
1997,7,8,3,NA,NA,NA,NA,NA
1997,7,8,6,NA,NA,NA,NA,NA
1997,7,8,9,NA,NA,NA,NA,NA
1997,7,8,12,NA,NA,NA,NA,NA
1997,7,8,15,NA,NA,NA,NA,NA
1997,7,8,18,NA,NA,NA,NA,NA
1997,7,8,21,NA,NA,NA,NA,NA
1997,7,9,0,NA,NA,NA,NA,NA
1997,7,9,3,NA,NA,NA,NA,NA
1997,7,9,6,NA,NA,NA,NA,NA
1997,7,9,9,NA,NA,NA,NA,NA
1997,7,9,12,NA,NA,NA,NA,NA
1997,7,9,15,NA,NA,NA,NA,NA
1997,7,9,18,NA,NA,NA,NA,NA
1997,7,9,21,NA,NA,NA,NA,NA
1997,7,10,0,NA,NA,NA,NA,NA
1997,7,10,3,NA,NA,NA,NA,NA
1997,7,10,6,NA,NA,NA,NA,NA
1997,7,10,9,NA,NA,NA,NA,NA
1997,7,10,12,NA,NA,NA,NA,NA
1997,7,10,15,NA,NA,NA,NA,NA
1997,7,10,18,NA,NA,NA,NA,NA
1997,7,10,21,NA,NA,NA,NA,NA
1997,7,11,0,NA,NA,NA,NA,NA
1997,7,11,3,NA,NA,NA,NA,NA
1997,7,11,6,NA,NA,NA,NA,NA
1997,7,11,9,NA,NA,NA,NA,NA
1997,7,11,12,NA,NA,NA,NA,NA
1997,7,11,15,NA,NA,NA,NA,NA
1997,7,11,18,NA,NA,NA,NA,NA
1997,7,11,21,NA,NA,NA,NA,NA
1997,7,12,0,NA,NA,NA,NA,NA
1997,7,12,3,NA,NA,NA,NA,NA
1997,7,12,6,NA,NA,NA,NA,NA
1997,7,12,9,NA,NA,NA,NA,NA
1997,7,12,12,NA,NA,NA,NA,NA
1997,7,12,15,NA,NA,NA,NA,NA
1997,7,12,18,NA,NA,NA,NA,NA
1997,7,12,21,NA,NA,NA,NA,NA
1997,7,13,0,NA,NA,NA,NA,NA
1997,7,13,3,NA,NA,NA,NA,NA
1997,7,13,6,NA,NA,NA,NA,NA
1997,7,13,9,NA,NA,NA,NA,NA
1997,7,13,12,NA,NA,NA,NA,NA
1997,7,13,15,NA,NA,NA,NA,NA
1997,7,13,18,NA,NA,NA,NA,NA
1997,7,13,21,NA,NA,NA,NA,NA
1997,7,14,0,NA,NA,NA,NA,NA
1997,7,14,3,NA,NA,NA,NA,NA
1997,7,14,6,NA,NA,NA,NA,NA
1997,7,14,9,NA,NA,NA,NA,NA
1997,7,14,12,NA,NA,NA,NA,NA
1997,7,14,15,NA,NA,NA,NA,NA
1997,7,14,18,NA,NA,NA,NA,NA
1997,7,14,21,NA,NA,NA,NA,NA
1997,7,15,0,NA,NA,NA,NA,NA
1997,7,15,3,NA,NA,NA,NA,NA
1997,7,15,6,NA,NA,NA,NA,NA
1997,7,15,9,NA,NA,NA,NA,NA
1997,7,15,12,NA,NA,NA,NA,NA
1997,7,15,15,NA,NA,NA,NA,NA
1997,7,15,18,NA,NA,NA,NA,NA
1997,7,15,21,NA,NA,NA,NA,NA
1997,7,16,0,NA,NA,NA,NA,NA
1997,7,16,3,NA,NA,NA,NA,NA
1997,7,16,6,NA,NA,NA,NA,NA
1997,7,16,9,NA,NA,NA,NA,NA
1997,7,16,12,NA,NA,NA,NA,NA
1997,7,16,15,NA,NA,NA,NA,NA
1997,7,16,18,NA,NA,NA,NA,NA
1997,7,16,21,NA,NA,NA,NA,NA
1997,7,17,0,NA,NA,NA,NA,NA
1997,7,17,3,NA,NA,NA,NA,NA
1997,7,17,6,NA,NA,NA,NA,NA
1997,7,17,9,NA,NA,NA,NA,NA
1997,7,17,12,NA,NA,NA,NA,NA
1997,7,17,15,NA,NA,NA,NA,NA
1997,7,17,18,NA,NA,NA,NA,NA
1997,7,17,21,NA,NA,NA,NA,NA
1997,7,18,0,NA,NA,NA,NA,NA
1997,7,18,3,NA,NA,NA,NA,NA
1997,7,18,6,NA,NA,NA,NA,NA
1997,7,18,9,NA,NA,NA,NA,NA
1997,7,18,12,NA,NA,NA,NA,NA
1997,7,18,15,NA,NA,NA,NA,NA
1997,7,18,18,NA,NA,NA,NA,NA
1997,7,18,21,NA,NA,NA,NA,NA
1997,7,19,0,NA,NA,NA,NA,NA
1997,7,19,3,NA,NA,NA,NA,NA
1997,7,19,6,NA,NA,NA,NA,NA
1997,7,19,9,NA,NA,NA,NA,NA
1997,7,19,12,NA,NA,NA,NA,NA
1997,7,19,15,NA,NA,NA,NA,NA
1997,7,19,18,NA,NA,NA,NA,NA
1997,7,19,21,NA,NA,NA,NA,NA
1997,7,20,0,NA,NA,NA,NA,NA
1997,7,20,3,NA,NA,NA,NA,NA
1997,7,20,6,NA,NA,NA,NA,NA
1997,7,20,9,NA,NA,NA,NA,NA
1997,7,20,12,NA,NA,NA,NA,NA
1997,7,20,15,NA,NA,NA,NA,NA
1997,7,20,18,NA,NA,NA,NA,NA
1997,7,20,21,NA,NA,NA,NA,NA
1997,7,21,0,NA,NA,NA,NA,NA
1997,7,21,3,NA,NA,NA,NA,NA
1997,7,21,6,NA,NA,NA,NA,NA
1997,7,21,9,NA,NA,NA,NA,NA
1997,7,21,12,NA,NA,NA,NA,NA
1997,7,21,15,NA,NA,NA,NA,NA
1997,7,21,18,NA,NA,NA,NA,NA
1997,7,21,21,NA,NA,NA,NA,NA
1997,7,22,0,NA,NA,NA,NA,NA
1997,7,22,3,NA,NA,NA,NA,NA
1997,7,22,6,NA,NA,NA,NA,NA
1997,7,22,9,NA,NA,NA,NA,NA
1997,7,22,12,NA,NA,NA,NA,NA
1997,7,22,15,NA,NA,NA,NA,NA
1997,7,22,18,NA,NA,NA,NA,NA
1997,7,22,21,NA,NA,NA,NA,NA
1997,7,23,0,NA,NA,NA,NA,NA
1997,7,23,3,NA,NA,NA,NA,NA
1997,7,23,6,NA,NA,NA,NA,NA
1997,7,23,9,NA,NA,NA,NA,NA
1997,7,23,12,NA,NA,NA,NA,NA
1997,7,23,15,NA,NA,NA,NA,NA
1997,7,23,18,NA,NA,NA,NA,NA
1997,7,23,21,NA,NA,NA,NA,NA
1997,7,24,0,NA,NA,NA,NA,NA
1997,7,24,3,NA,NA,NA,NA,NA
1997,7,24,6,NA,NA,NA,NA,NA
1997,7,24,9,NA,NA,NA,NA,NA
1997,7,24,12,NA,NA,NA,NA,NA
1997,7,24,15,NA,NA,NA,NA,NA
1997,7,24,18,NA,NA,NA,NA,NA
1997,7,24,21,NA,NA,NA,NA,NA
1997,7,25,0,NA,NA,NA,NA,NA
1997,7,25,3,NA,NA,NA,NA,NA
1997,7,25,6,NA,NA,NA,NA,NA
1997,7,25,9,NA,NA,NA,NA,NA
1997,7,25,12,NA,NA,NA,NA,NA
1997,7,25,15,NA,NA,NA,NA,NA
1997,7,25,18,NA,NA,NA,NA,NA
1997,7,25,21,NA,NA,NA,NA,NA
1997,7,26,0,NA,NA,NA,NA,NA
1997,7,26,3,NA,NA,NA,NA,NA
1997,7,26,6,NA,NA,NA,NA,NA
1997,7,26,9,NA,NA,NA,NA,NA
1997,7,26,12,NA,NA,NA,NA,NA
1997,7,26,15,NA,NA,NA,NA,NA
1997,7,26,18,NA,NA,NA,NA,NA
1997,7,26,21,NA,NA,NA,NA,NA
1997,7,27,0,NA,NA,NA,NA,NA
1997,7,27,3,NA,NA,NA,NA,NA
1997,7,27,6,NA,NA,NA,NA,NA
1997,7,27,9,NA,NA,NA,NA,NA
1997,7,27,12,NA,NA,NA,NA,NA
1997,7,27,15,NA,NA,NA,NA,NA
1997,7,27,18,NA,NA,NA,NA,NA
1997,7,27,21,NA,NA,NA,NA,NA
1997,7,28,0,NA,NA,NA,NA,NA
1997,7,28,3,NA,NA,NA,NA,NA
1997,7,28,6,NA,NA,NA,NA,NA
1997,7,28,9,NA,NA,NA,NA,NA
1997,7,28,12,NA,NA,NA,NA,NA
1997,7,28,15,NA,NA,NA,NA,NA
1997,7,28,18,NA,NA,NA,NA,NA
1997,7,28,21,NA,NA,NA,NA,NA
1997,7,29,0,NA,NA,NA,NA,NA
1997,7,29,3,NA,NA,NA,NA,NA
1997,7,29,6,NA,NA,NA,NA,NA
1997,7,29,9,NA,NA,NA,NA,NA
1997,7,29,12,NA,NA,NA,NA,NA
1997,7,29,15,NA,NA,NA,NA,NA
1997,7,29,18,NA,NA,NA,NA,NA
1997,7,29,21,NA,NA,NA,NA,NA
1997,7,30,0,NA,NA,NA,NA,NA
1997,7,30,3,NA,NA,NA,NA,NA
1997,7,30,6,NA,NA,NA,NA,NA
1997,7,30,9,NA,NA,NA,NA,NA
1997,7,30,12,NA,NA,NA,NA,NA
1997,7,30,15,NA,NA,NA,NA,NA
1997,7,30,18,NA,NA,NA,NA,NA
1997,7,30,21,NA,NA,NA,NA,NA
1997,7,31,0,NA,NA,NA,NA,NA
1997,7,31,3,NA,NA,NA,NA,NA
1997,7,31,6,NA,NA,NA,NA,NA
1997,7,31,9,NA,NA,NA,NA,NA
1997,7,31,12,NA,NA,NA,NA,NA
1997,7,31,15,NA,NA,NA,NA,NA
1997,7,31,18,NA,NA,NA,NA,NA
1997,7,31,21,NA,NA,NA,NA,NA
1997,8,1,0,NA,NA,NA,NA,NA
1997,8,1,3,NA,NA,NA,NA,NA
1997,8,1,6,NA,NA,NA,NA,NA
1997,8,1,9,NA,NA,NA,NA,NA
1997,8,1,12,NA,NA,NA,NA,NA
1997,8,1,15,NA,NA,NA,NA,NA
1997,8,1,18,NA,NA,NA,NA,NA
1997,8,1,21,NA,NA,NA,NA,NA
1997,8,2,0,NA,NA,NA,NA,NA
1997,8,2,3,NA,NA,NA,NA,NA
1997,8,2,6,NA,NA,NA,NA,NA
1997,8,2,9,NA,NA,NA,NA,NA
1997,8,2,12,NA,NA,NA,NA,NA
1997,8,2,15,NA,NA,NA,NA,NA
1997,8,2,18,NA,NA,NA,NA,NA
1997,8,2,21,NA,NA,NA,NA,NA
1997,8,3,0,NA,NA,NA,NA,NA
1997,8,3,3,NA,NA,NA,NA,NA
1997,8,3,6,NA,NA,NA,NA,NA
1997,8,3,9,NA,NA,NA,NA,NA
1997,8,3,12,NA,NA,NA,NA,NA
1997,8,3,15,NA,NA,NA,NA,NA
1997,8,3,18,NA,NA,NA,NA,NA
1997,8,3,21,NA,NA,NA,NA,NA
1997,8,4,0,NA,NA,NA,NA,NA
1997,8,4,3,NA,NA,NA,NA,NA
1997,8,4,6,NA,NA,NA,NA,NA
1997,8,4,9,NA,NA,NA,NA,NA
1997,8,4,12,NA,NA,NA,NA,NA
1997,8,4,15,NA,NA,NA,NA,NA
1997,8,4,18,NA,NA,NA,NA,NA
1997,8,4,21,NA,NA,NA,NA,NA
1997,8,5,0,NA,NA,NA,NA,NA
1997,8,5,3,NA,NA,NA,NA,NA
1997,8,5,6,NA,NA,NA,NA,NA
1997,8,5,9,NA,NA,NA,NA,NA
1997,8,5,12,NA,NA,NA,NA,NA
1997,8,5,15,NA,NA,NA,NA,NA
1997,8,5,18,NA,NA,NA,NA,NA
1997,8,5,21,NA,NA,NA,NA,NA
1997,8,6,0,NA,NA,NA,NA,NA
1997,8,6,3,NA,NA,NA,NA,NA
1997,8,6,6,NA,NA,NA,NA,NA
1997,8,6,9,NA,NA,NA,NA,NA
1997,8,6,12,NA,NA,NA,NA,NA
1997,8,6,15,NA,NA,NA,NA,NA
1997,8,6,18,NA,NA,NA,NA,NA
1997,8,6,21,NA,NA,NA,NA,NA
1997,8,7,0,NA,NA,NA,NA,NA
1997,8,7,3,NA,NA,NA,NA,NA
1997,8,7,6,NA,NA,NA,NA,NA
1997,8,7,9,NA,NA,NA,NA,NA
1997,8,7,12,NA,NA,NA,NA,NA
1997,8,7,15,NA,NA,NA,NA,NA
1997,8,7,18,NA,NA,NA,NA,NA
1997,8,7,21,NA,NA,NA,NA,NA
1997,8,8,0,NA,NA,NA,NA,NA
1997,8,8,3,NA,NA,NA,NA,NA
1997,8,8,6,NA,NA,NA,NA,NA
1997,8,8,9,NA,NA,NA,NA,NA
1997,8,8,12,NA,NA,NA,NA,NA
1997,8,8,15,NA,NA,NA,NA,NA
1997,8,8,18,NA,NA,NA,NA,NA
1997,8,8,21,NA,NA,NA,NA,NA
1997,8,9,0,NA,NA,NA,NA,NA
1997,8,9,3,NA,NA,NA,NA,NA
1997,8,9,6,NA,NA,NA,NA,NA
1997,8,9,9,NA,NA,NA,NA,NA
1997,8,9,12,NA,NA,NA,NA,NA
1997,8,9,15,NA,NA,NA,NA,NA
1997,8,9,18,NA,NA,NA,NA,NA
1997,8,9,21,NA,NA,NA,NA,NA
1997,8,10,0,NA,NA,NA,NA,NA
1997,8,10,3,NA,NA,NA,NA,NA
1997,8,10,6,NA,NA,NA,NA,NA
1997,8,10,9,NA,NA,NA,NA,NA
1997,8,10,12,NA,NA,NA,NA,NA
1997,8,10,15,NA,NA,NA,NA,NA
1997,8,10,18,NA,NA,NA,NA,NA
1997,8,10,21,NA,NA,NA,NA,NA
1997,8,11,0,NA,NA,NA,NA,NA
1997,8,11,3,NA,NA,NA,NA,NA
1997,8,11,6,NA,NA,NA,NA,NA
1997,8,11,9,NA,NA,NA,NA,NA
1997,8,11,12,NA,NA,NA,NA,NA
1997,8,11,15,NA,NA,NA,NA,NA
1997,8,11,18,NA,NA,NA,NA,NA
1997,8,11,21,NA,NA,NA,NA,NA
1997,8,12,0,NA,NA,NA,NA,NA
1997,8,12,3,NA,NA,NA,NA,NA
1997,8,12,6,NA,NA,NA,NA,NA
1997,8,12,9,NA,NA,NA,NA,NA
1997,8,12,12,NA,NA,NA,NA,NA
1997,8,12,15,NA,NA,NA,NA,NA
1997,8,12,18,NA,NA,NA,NA,NA
1997,8,12,21,NA,NA,NA,NA,NA
1997,8,13,0,NA,NA,NA,NA,NA
1997,8,13,3,NA,NA,NA,NA,NA
1997,8,13,6,NA,NA,NA,NA,NA
1997,8,13,9,NA,NA,NA,NA,NA
1997,8,13,12,NA,NA,NA,NA,NA
1997,8,13,15,NA,NA,NA,NA,NA
1997,8,13,18,NA,NA,NA,NA,NA
1997,8,13,21,NA,NA,NA,NA,NA
1997,8,14,0,NA,NA,NA,NA,NA
1997,8,14,3,NA,NA,NA,NA,NA
1997,8,14,6,NA,NA,NA,NA,NA
1997,8,14,9,NA,NA,NA,NA,NA
1997,8,14,12,NA,NA,NA,NA,NA
1997,8,14,15,NA,NA,NA,NA,NA
1997,8,14,18,NA,NA,NA,NA,NA
1997,8,14,21,NA,NA,NA,NA,NA
1997,8,15,0,NA,NA,NA,NA,NA
1997,8,15,3,NA,NA,NA,NA,NA
1997,8,15,6,NA,NA,NA,NA,NA
1997,8,15,9,NA,NA,NA,NA,NA
1997,8,15,12,NA,NA,NA,NA,NA
1997,8,15,15,NA,NA,NA,NA,NA
1997,8,15,18,NA,NA,NA,NA,NA
1997,8,15,21,NA,NA,NA,NA,NA
1997,8,16,0,NA,NA,NA,NA,NA
1997,8,16,3,NA,NA,NA,NA,NA
1997,8,16,6,NA,NA,NA,NA,NA
1997,8,16,9,NA,NA,NA,NA,NA
1997,8,16,12,NA,NA,NA,NA,NA
1997,8,16,15,NA,NA,NA,NA,NA
1997,8,16,18,NA,NA,NA,NA,NA
1997,8,16,21,NA,NA,NA,NA,NA
1997,8,17,0,NA,NA,NA,NA,NA
1997,8,17,3,NA,NA,NA,NA,NA
1997,8,17,6,NA,NA,NA,NA,NA
1997,8,17,9,NA,NA,NA,NA,NA
1997,8,17,12,NA,NA,NA,NA,NA
1997,8,17,15,NA,NA,NA,NA,NA
1997,8,17,18,NA,NA,NA,NA,NA
1997,8,17,21,NA,NA,NA,NA,NA
1997,8,18,0,NA,NA,NA,NA,NA
1997,8,18,3,NA,NA,NA,NA,NA
1997,8,18,6,NA,NA,NA,NA,NA
1997,8,18,9,NA,NA,NA,NA,NA
1997,8,18,12,NA,NA,NA,NA,NA
1997,8,18,15,NA,NA,NA,NA,NA
1997,8,18,18,NA,NA,NA,NA,NA
1997,8,18,21,NA,NA,NA,NA,NA
1997,8,19,0,NA,NA,NA,NA,NA
1997,8,19,3,NA,NA,NA,NA,NA
1997,8,19,6,NA,NA,NA,NA,NA
1997,8,19,9,NA,NA,NA,NA,NA
1997,8,19,12,NA,NA,NA,NA,NA
1997,8,19,15,NA,NA,NA,NA,NA
1997,8,19,18,NA,NA,NA,NA,NA
1997,8,19,21,NA,NA,NA,NA,NA
1997,8,20,0,NA,NA,NA,NA,NA
1997,8,20,3,NA,NA,NA,NA,NA
1997,8,20,6,NA,NA,NA,NA,NA
1997,8,20,9,NA,NA,NA,NA,NA
1997,8,20,12,NA,NA,NA,NA,NA
1997,8,20,15,NA,NA,NA,NA,NA
1997,8,20,18,NA,NA,NA,NA,NA
1997,8,20,21,NA,NA,NA,NA,NA
1997,8,21,0,NA,NA,NA,NA,NA
1997,8,21,3,NA,NA,NA,NA,NA
1997,8,21,6,NA,NA,NA,NA,NA
1997,8,21,9,NA,NA,NA,NA,NA
1997,8,21,12,NA,NA,NA,NA,NA
1997,8,21,15,NA,NA,NA,NA,NA
1997,8,21,18,NA,NA,NA,NA,NA
1997,8,21,21,NA,NA,NA,NA,NA
1997,8,22,0,NA,NA,NA,NA,NA
1997,8,22,3,NA,NA,NA,NA,NA
1997,8,22,6,NA,NA,NA,NA,NA
1997,8,22,9,NA,NA,NA,NA,NA
1997,8,22,12,NA,NA,NA,NA,NA
1997,8,22,15,NA,NA,NA,NA,NA
1997,8,22,18,NA,NA,NA,NA,NA
1997,8,22,21,NA,NA,NA,NA,NA
1997,8,23,0,NA,NA,NA,NA,NA
1997,8,23,3,NA,NA,NA,NA,NA
1997,8,23,6,NA,NA,NA,NA,NA
1997,8,23,9,NA,NA,NA,NA,NA
1997,8,23,12,NA,NA,NA,NA,NA
1997,8,23,15,NA,NA,NA,NA,NA
1997,8,23,18,NA,NA,NA,NA,NA
1997,8,23,21,NA,NA,NA,NA,NA
1997,8,24,0,NA,NA,NA,NA,NA
1997,8,24,3,NA,NA,NA,NA,NA
1997,8,24,6,NA,NA,NA,NA,NA
1997,8,24,9,NA,NA,NA,NA,NA
1997,8,24,12,NA,NA,NA,NA,NA
1997,8,24,15,NA,NA,NA,NA,NA
1997,8,24,18,NA,NA,NA,NA,NA
1997,8,24,21,NA,NA,NA,NA,NA
1997,8,25,0,NA,NA,NA,NA,NA
1997,8,25,3,NA,NA,NA,NA,NA
1997,8,25,6,NA,NA,NA,NA,NA
1997,8,25,9,NA,NA,NA,NA,NA
1997,8,25,12,NA,NA,NA,NA,NA
1997,8,25,15,NA,NA,NA,NA,NA
1997,8,25,18,NA,NA,NA,NA,NA
1997,8,25,21,NA,NA,NA,NA,NA
1997,8,26,0,NA,NA,NA,NA,NA
1997,8,26,3,NA,NA,NA,NA,NA
1997,8,26,6,NA,NA,NA,NA,NA
1997,8,26,9,NA,NA,NA,NA,NA
1997,8,26,12,NA,NA,NA,NA,NA
1997,8,26,15,NA,NA,NA,NA,NA
1997,8,26,18,NA,NA,NA,NA,NA
1997,8,26,21,NA,NA,NA,NA,NA
1997,8,27,0,NA,NA,NA,NA,NA
1997,8,27,3,NA,NA,NA,NA,NA
1997,8,27,6,NA,NA,NA,NA,NA
1997,8,27,9,NA,NA,NA,NA,NA
1997,8,27,12,NA,NA,NA,NA,NA
1997,8,27,15,NA,NA,NA,NA,NA
1997,8,27,18,NA,NA,NA,NA,NA
1997,8,27,21,NA,NA,NA,NA,NA
1997,8,28,0,NA,NA,NA,NA,NA
1997,8,28,3,NA,NA,NA,NA,NA
1997,8,28,6,NA,NA,NA,NA,NA
1997,8,28,9,NA,NA,NA,NA,NA
1997,8,28,12,NA,NA,NA,NA,NA
1997,8,28,15,NA,NA,NA,NA,NA
1997,8,28,18,NA,NA,NA,NA,NA
1997,8,28,21,NA,NA,NA,NA,NA
1997,8,29,0,NA,NA,NA,NA,NA
1997,8,29,3,NA,NA,NA,NA,NA
1997,8,29,6,NA,NA,NA,NA,NA
1997,8,29,9,NA,NA,NA,NA,NA
1997,8,29,12,NA,NA,NA,NA,NA
1997,8,29,15,NA,NA,NA,NA,NA
1997,8,29,18,NA,NA,NA,NA,NA
1997,8,29,21,NA,NA,NA,NA,NA
1997,8,30,0,NA,NA,NA,NA,NA
1997,8,30,3,NA,NA,NA,NA,NA
1997,8,30,6,NA,NA,NA,NA,NA
1997,8,30,9,NA,NA,NA,NA,NA
1997,8,30,12,NA,NA,NA,NA,NA
1997,8,30,15,NA,NA,NA,NA,NA
1997,8,30,18,NA,NA,NA,NA,NA
1997,8,30,21,NA,NA,NA,NA,NA
1997,8,31,0,NA,NA,NA,NA,NA
1997,8,31,3,NA,NA,NA,NA,NA
1997,8,31,6,NA,NA,NA,NA,NA
1997,8,31,9,NA,NA,NA,NA,NA
1997,8,31,12,NA,NA,NA,NA,NA
1997,8,31,15,NA,NA,NA,NA,NA
1997,8,31,18,NA,NA,NA,NA,NA
1997,8,31,21,NA,NA,NA,NA,NA
1997,9,1,0,NA,NA,NA,NA,NA
1997,9,1,3,NA,NA,NA,NA,NA
1997,9,1,6,NA,NA,NA,NA,NA
1997,9,1,9,NA,NA,NA,NA,NA
1997,9,1,12,NA,NA,NA,NA,NA
1997,9,1,15,NA,NA,NA,NA,NA
1997,9,1,18,NA,NA,NA,NA,NA
1997,9,1,21,NA,NA,NA,NA,NA
1997,9,2,0,NA,NA,NA,NA,NA
1997,9,2,3,NA,NA,NA,NA,NA
1997,9,2,6,NA,NA,NA,NA,NA
1997,9,2,9,NA,NA,NA,NA,NA
1997,9,2,12,NA,NA,NA,NA,NA
1997,9,2,15,NA,NA,NA,NA,NA
1997,9,2,18,NA,NA,NA,NA,NA
1997,9,2,21,NA,NA,NA,NA,NA
1997,9,3,0,NA,NA,NA,NA,NA
1997,9,3,3,NA,NA,NA,NA,NA
1997,9,3,6,NA,NA,NA,NA,NA
1997,9,3,9,NA,NA,NA,NA,NA
1997,9,3,12,NA,NA,NA,NA,NA
1997,9,3,15,NA,NA,NA,NA,NA
1997,9,3,18,NA,NA,NA,NA,NA
1997,9,3,21,NA,NA,NA,NA,NA
1997,9,4,0,NA,NA,NA,NA,NA
1997,9,4,3,NA,NA,NA,NA,NA
1997,9,4,6,NA,NA,NA,NA,NA
1997,9,4,9,NA,NA,NA,NA,NA
1997,9,4,12,NA,NA,NA,NA,NA
1997,9,4,15,NA,NA,NA,NA,NA
1997,9,4,18,NA,NA,NA,NA,NA
1997,9,4,21,NA,NA,NA,NA,NA
1997,9,5,0,NA,NA,NA,NA,NA
1997,9,5,3,NA,NA,NA,NA,NA
1997,9,5,6,NA,NA,NA,NA,NA
1997,9,5,9,NA,NA,NA,NA,NA
1997,9,5,12,NA,NA,NA,NA,NA
1997,9,5,15,NA,NA,NA,NA,NA
1997,9,5,18,NA,NA,NA,NA,NA
1997,9,5,21,NA,NA,NA,NA,NA
1997,9,6,0,NA,NA,NA,NA,NA
1997,9,6,3,NA,NA,NA,NA,NA
1997,9,6,6,NA,NA,NA,NA,NA
1997,9,6,9,NA,NA,NA,NA,NA
1997,9,6,12,NA,NA,NA,NA,NA
1997,9,6,15,NA,NA,NA,NA,NA
1997,9,6,18,NA,NA,NA,NA,NA
1997,9,6,21,NA,NA,NA,NA,NA
1997,9,7,0,NA,NA,NA,NA,NA
1997,9,7,3,NA,NA,NA,NA,NA
1997,9,7,6,NA,NA,NA,NA,NA
1997,9,7,9,NA,NA,NA,NA,NA
1997,9,7,12,NA,NA,NA,NA,NA
1997,9,7,15,NA,NA,NA,NA,NA
1997,9,7,18,NA,NA,NA,NA,NA
1997,9,7,21,NA,NA,NA,NA,NA
1997,9,8,0,NA,NA,NA,NA,NA
1997,9,8,3,NA,NA,NA,NA,NA
1997,9,8,6,NA,NA,NA,NA,NA
1997,9,8,9,NA,NA,NA,NA,NA
1997,9,8,12,NA,NA,NA,NA,NA
1997,9,8,15,NA,NA,NA,NA,NA
1997,9,8,18,NA,NA,NA,NA,NA
1997,9,8,21,NA,NA,NA,NA,NA
1997,9,9,0,NA,NA,NA,NA,NA
1997,9,9,3,NA,NA,NA,NA,NA
1997,9,9,6,NA,NA,NA,NA,NA
1997,9,9,9,NA,NA,NA,NA,NA
1997,9,9,12,NA,NA,NA,NA,NA
1997,9,9,15,NA,NA,NA,NA,NA
1997,9,9,18,NA,NA,NA,NA,NA
1997,9,9,21,NA,NA,NA,NA,NA
1997,9,10,0,NA,NA,NA,NA,NA
1997,9,10,3,NA,NA,NA,NA,NA
1997,9,10,6,NA,NA,NA,NA,NA
1997,9,10,9,NA,NA,NA,NA,NA
1997,9,10,12,NA,NA,NA,NA,NA
1997,9,10,15,NA,NA,NA,NA,NA
1997,9,10,18,NA,NA,NA,NA,NA
1997,9,10,21,NA,NA,NA,NA,NA
1997,9,11,0,NA,NA,NA,NA,NA
1997,9,11,3,NA,NA,NA,NA,NA
1997,9,11,6,NA,NA,NA,NA,NA
1997,9,11,9,NA,NA,NA,NA,NA
1997,9,11,12,NA,NA,NA,NA,NA
1997,9,11,15,NA,NA,NA,NA,NA
1997,9,11,18,NA,NA,NA,NA,NA
1997,9,11,21,NA,NA,NA,NA,NA
1997,9,12,0,NA,NA,NA,NA,NA
1997,9,12,3,NA,NA,NA,NA,NA
1997,9,12,6,NA,NA,NA,NA,NA
1997,9,12,9,NA,NA,NA,NA,NA
1997,9,12,12,NA,NA,NA,NA,NA
1997,9,12,15,NA,NA,NA,NA,NA
1997,9,12,18,NA,NA,NA,NA,NA
1997,9,12,21,NA,NA,NA,NA,NA
1997,9,13,0,NA,NA,NA,NA,NA
1997,9,13,3,NA,NA,NA,NA,NA
1997,9,13,6,NA,NA,NA,NA,NA
1997,9,13,9,NA,NA,NA,NA,NA
1997,9,13,12,NA,NA,NA,NA,NA
1997,9,13,15,NA,NA,NA,NA,NA
1997,9,13,18,NA,NA,NA,NA,NA
1997,9,13,21,NA,NA,NA,NA,NA
1997,9,14,0,NA,NA,NA,NA,NA
1997,9,14,3,NA,NA,NA,NA,NA
1997,9,14,6,NA,NA,NA,NA,NA
1997,9,14,9,NA,NA,NA,NA,NA
1997,9,14,12,NA,NA,NA,NA,NA
1997,9,14,15,NA,NA,NA,NA,NA
1997,9,14,18,NA,NA,NA,NA,NA
1997,9,14,21,NA,NA,NA,NA,NA
1997,9,15,0,NA,NA,NA,NA,NA
1997,9,15,3,NA,NA,NA,NA,NA
1997,9,15,6,NA,NA,NA,NA,NA
1997,9,15,9,NA,NA,NA,NA,NA
1997,9,15,12,NA,NA,NA,NA,NA
1997,9,15,15,NA,NA,NA,NA,NA
1997,9,15,18,NA,NA,NA,NA,NA
1997,9,15,21,NA,NA,NA,NA,NA
1997,9,16,0,NA,NA,NA,NA,NA
1997,9,16,3,NA,NA,NA,NA,NA
1997,9,16,6,NA,NA,NA,NA,NA
1997,9,16,9,NA,NA,NA,NA,NA
1997,9,16,12,NA,NA,NA,NA,NA
1997,9,16,15,NA,NA,NA,NA,NA
1997,9,16,18,NA,NA,NA,NA,NA
1997,9,16,21,NA,NA,NA,NA,NA
1997,9,17,0,NA,NA,NA,NA,NA
1997,9,17,3,NA,NA,NA,NA,NA
1997,9,17,6,NA,NA,NA,NA,NA
1997,9,17,9,NA,NA,NA,NA,NA
1997,9,17,12,NA,NA,NA,NA,NA
1997,9,17,15,NA,NA,NA,NA,NA
1997,9,17,18,NA,NA,NA,NA,NA
1997,9,17,21,NA,NA,NA,NA,NA
1997,9,18,0,NA,NA,NA,NA,NA
1997,9,18,3,NA,NA,NA,NA,NA
1997,9,18,6,NA,NA,NA,NA,NA
1997,9,18,9,NA,NA,NA,NA,NA
1997,9,18,12,NA,NA,NA,NA,NA
1997,9,18,15,NA,NA,NA,NA,NA
1997,9,18,18,NA,NA,NA,NA,NA
1997,9,18,21,NA,NA,NA,NA,NA
1997,9,19,0,NA,NA,NA,NA,NA
1997,9,19,3,NA,NA,NA,NA,NA
1997,9,19,6,NA,NA,NA,NA,NA
1997,9,19,9,NA,NA,NA,NA,NA
1997,9,19,12,NA,NA,NA,NA,NA
1997,9,19,15,NA,NA,NA,NA,NA
1997,9,19,18,NA,NA,NA,NA,NA
1997,9,19,21,NA,NA,NA,NA,NA
1997,9,20,0,NA,NA,NA,NA,NA
1997,9,20,3,NA,NA,NA,NA,NA
1997,9,20,6,NA,NA,NA,NA,NA
1997,9,20,9,NA,NA,NA,NA,NA
1997,9,20,12,NA,NA,NA,NA,NA
1997,9,20,15,NA,NA,NA,NA,NA
1997,9,20,18,NA,NA,NA,NA,NA
1997,9,20,21,NA,NA,NA,NA,NA
1997,9,21,0,NA,NA,NA,NA,NA
1997,9,21,3,NA,NA,NA,NA,NA
1997,9,21,6,NA,NA,NA,NA,NA
1997,9,21,9,NA,NA,NA,NA,NA
1997,9,21,12,NA,NA,NA,NA,NA
1997,9,21,15,NA,NA,NA,NA,NA
1997,9,21,18,NA,NA,NA,NA,NA
1997,9,21,21,NA,NA,NA,NA,NA
1997,9,22,0,NA,NA,NA,NA,NA
1997,9,22,3,NA,NA,NA,NA,NA
1997,9,22,6,NA,NA,NA,NA,NA
1997,9,22,9,NA,NA,NA,NA,NA
1997,9,22,12,NA,NA,NA,NA,NA
1997,9,22,15,NA,NA,NA,NA,NA
1997,9,22,18,NA,NA,NA,NA,NA
1997,9,22,21,NA,NA,NA,NA,NA
1997,9,23,0,NA,NA,NA,NA,NA
1997,9,23,3,NA,NA,NA,NA,NA
1997,9,23,6,NA,NA,NA,NA,NA
1997,9,23,9,NA,NA,NA,NA,NA
1997,9,23,12,NA,NA,NA,NA,NA
1997,9,23,15,NA,NA,NA,NA,NA
1997,9,23,18,NA,NA,NA,NA,NA
1997,9,23,21,NA,NA,NA,NA,NA
1997,9,24,0,NA,NA,NA,NA,NA
1997,9,24,3,NA,NA,NA,NA,NA
1997,9,24,6,NA,NA,NA,NA,NA
1997,9,24,9,NA,NA,NA,NA,NA
1997,9,24,12,NA,NA,NA,NA,NA
1997,9,24,15,NA,NA,NA,NA,NA
1997,9,24,18,NA,NA,NA,NA,NA
1997,9,24,21,NA,NA,NA,NA,NA
1997,9,25,0,NA,NA,NA,NA,NA
1997,9,25,3,NA,NA,NA,NA,NA
1997,9,25,6,NA,NA,NA,NA,NA
1997,9,25,9,NA,NA,NA,NA,NA
1997,9,25,12,NA,NA,NA,NA,NA
1997,9,25,15,NA,NA,NA,NA,NA
1997,9,25,18,NA,NA,NA,NA,NA
1997,9,25,21,NA,NA,NA,NA,NA
1997,9,26,0,NA,NA,NA,NA,NA
1997,9,26,3,NA,NA,NA,NA,NA
1997,9,26,6,NA,NA,NA,NA,NA
1997,9,26,9,NA,NA,NA,NA,NA
1997,9,26,12,NA,NA,NA,NA,NA
1997,9,26,15,NA,NA,NA,NA,NA
1997,9,26,18,NA,NA,NA,NA,NA
1997,9,26,21,NA,NA,NA,NA,NA
1997,9,27,0,NA,NA,NA,NA,NA
1997,9,27,3,NA,NA,NA,NA,NA
1997,9,27,6,NA,NA,NA,NA,NA
1997,9,27,9,NA,NA,NA,NA,NA
1997,9,27,12,NA,NA,NA,NA,NA
1997,9,27,15,NA,NA,NA,NA,NA
1997,9,27,18,NA,NA,NA,NA,NA
1997,9,27,21,NA,NA,NA,NA,NA
1997,9,28,0,NA,NA,NA,NA,NA
1997,9,28,3,NA,NA,NA,NA,NA
1997,9,28,6,NA,NA,NA,NA,NA
1997,9,28,9,NA,NA,NA,NA,NA
1997,9,28,12,NA,NA,NA,NA,NA
1997,9,28,15,NA,NA,NA,NA,NA
1997,9,28,18,NA,NA,NA,NA,NA
1997,9,28,21,NA,NA,NA,NA,NA
1997,9,29,0,NA,NA,NA,NA,NA
1997,9,29,3,NA,NA,NA,NA,NA
1997,9,29,6,NA,NA,NA,NA,NA
1997,9,29,9,NA,NA,NA,NA,NA
1997,9,29,12,NA,NA,NA,NA,NA
1997,9,29,15,NA,NA,NA,NA,NA
1997,9,29,18,NA,NA,NA,NA,NA
1997,9,29,21,NA,NA,NA,NA,NA
1997,9,30,0,NA,NA,NA,NA,NA
1997,9,30,3,NA,NA,NA,NA,NA
1997,9,30,6,NA,NA,NA,NA,NA
1997,9,30,9,NA,NA,NA,NA,NA
1997,9,30,12,NA,NA,NA,NA,NA
1997,9,30,15,NA,NA,NA,NA,NA
1997,9,30,18,NA,NA,NA,NA,NA
1997,9,30,21,NA,NA,NA,NA,NA
1997,10,1,0,NA,NA,NA,NA,NA
1997,10,1,3,NA,NA,NA,NA,NA
1997,10,1,6,NA,NA,NA,NA,NA
1997,10,1,9,NA,NA,NA,NA,NA
1997,10,1,12,NA,NA,NA,NA,NA
1997,10,1,15,NA,NA,NA,NA,NA
1997,10,1,18,NA,NA,NA,NA,NA
1997,10,1,21,NA,NA,NA,NA,NA
1997,10,2,0,NA,NA,NA,NA,NA
1997,10,2,3,NA,NA,NA,NA,NA
1997,10,2,6,NA,NA,NA,NA,NA
1997,10,2,9,NA,NA,NA,NA,NA
1997,10,2,12,NA,NA,NA,NA,NA
1997,10,2,15,NA,NA,NA,NA,NA
1997,10,2,18,NA,NA,NA,NA,NA
1997,10,2,21,NA,NA,NA,NA,NA
1997,10,3,0,NA,NA,NA,NA,NA
1997,10,3,3,NA,NA,NA,NA,NA
1997,10,3,6,NA,NA,NA,NA,NA
1997,10,3,9,NA,NA,NA,NA,NA
1997,10,3,12,NA,NA,NA,NA,NA
1997,10,3,15,NA,NA,NA,NA,NA
1997,10,3,18,NA,NA,NA,NA,NA
1997,10,3,21,NA,NA,NA,NA,NA
1997,10,4,0,NA,NA,NA,NA,NA
1997,10,4,3,NA,NA,NA,NA,NA
1997,10,4,6,NA,NA,NA,NA,NA
1997,10,4,9,NA,NA,NA,NA,NA
1997,10,4,12,NA,NA,NA,NA,NA
1997,10,4,15,NA,NA,NA,NA,NA
1997,10,4,18,NA,NA,NA,NA,NA
1997,10,4,21,NA,NA,NA,NA,NA
1997,10,5,0,NA,NA,NA,NA,NA
1997,10,5,3,NA,NA,NA,NA,NA
1997,10,5,6,NA,NA,NA,NA,NA
1997,10,5,9,NA,NA,NA,NA,NA
1997,10,5,12,NA,NA,NA,NA,NA
1997,10,5,15,NA,NA,NA,NA,NA
1997,10,5,18,NA,NA,NA,NA,NA
1997,10,5,21,NA,NA,NA,NA,NA
1997,10,6,0,NA,NA,NA,NA,NA
1997,10,6,3,NA,NA,NA,NA,NA
1997,10,6,6,NA,NA,NA,NA,NA
1997,10,6,9,NA,NA,NA,NA,NA
1997,10,6,12,NA,NA,NA,NA,NA
1997,10,6,15,NA,NA,NA,NA,NA
1997,10,6,18,NA,NA,NA,NA,NA
1997,10,6,21,NA,NA,NA,NA,NA
1997,10,7,0,NA,NA,NA,NA,NA
1997,10,7,3,NA,NA,NA,NA,NA
1997,10,7,6,NA,NA,NA,NA,NA
1997,10,7,9,NA,NA,NA,NA,NA
1997,10,7,12,NA,NA,NA,NA,NA
1997,10,7,15,NA,NA,NA,NA,NA
1997,10,7,18,NA,NA,NA,NA,NA
1997,10,7,21,NA,NA,NA,NA,NA
1997,10,8,0,NA,NA,NA,NA,NA
1997,10,8,3,NA,NA,NA,NA,NA
1997,10,8,6,NA,NA,NA,NA,NA
1997,10,8,9,NA,NA,NA,NA,NA
1997,10,8,12,NA,NA,NA,NA,NA
1997,10,8,15,NA,NA,NA,NA,NA
1997,10,8,18,NA,NA,NA,NA,NA
1997,10,8,21,NA,NA,NA,NA,NA
1997,10,9,0,NA,NA,NA,NA,NA
1997,10,9,3,NA,NA,NA,NA,NA
1997,10,9,6,NA,NA,NA,NA,NA
1997,10,9,9,NA,NA,NA,NA,NA
1997,10,9,12,NA,NA,NA,NA,NA
1997,10,9,15,NA,NA,NA,NA,NA
1997,10,9,18,NA,NA,NA,NA,NA
1997,10,9,21,NA,NA,NA,NA,NA
1997,10,10,0,NA,NA,NA,NA,NA
1997,10,10,3,NA,NA,NA,NA,NA
1997,10,10,6,NA,NA,NA,NA,NA
1997,10,10,9,NA,NA,NA,NA,NA
1997,10,10,12,NA,NA,NA,NA,NA
1997,10,10,15,NA,NA,NA,NA,NA
1997,10,10,18,NA,NA,NA,NA,NA
1997,10,10,21,NA,NA,NA,NA,NA
1997,10,11,0,NA,NA,NA,NA,NA
1997,10,11,3,NA,NA,NA,NA,NA
1997,10,11,6,NA,NA,NA,NA,NA
1997,10,11,9,NA,NA,NA,NA,NA
1997,10,11,12,NA,NA,NA,NA,NA
1997,10,11,15,NA,NA,NA,NA,NA
1997,10,11,18,NA,NA,NA,NA,NA
1997,10,11,21,NA,NA,NA,NA,NA
1997,10,12,0,NA,NA,NA,NA,NA
1997,10,12,3,NA,NA,NA,NA,NA
1997,10,12,6,NA,NA,NA,NA,NA
1997,10,12,9,NA,NA,NA,NA,NA
1997,10,12,12,NA,NA,NA,NA,NA
1997,10,12,15,NA,NA,NA,NA,NA
1997,10,12,18,NA,NA,NA,NA,NA
1997,10,12,21,NA,NA,NA,NA,NA
1997,10,13,0,NA,NA,NA,NA,NA
1997,10,13,3,NA,NA,NA,NA,NA
1997,10,13,6,NA,NA,NA,NA,NA
1997,10,13,9,NA,NA,NA,NA,NA
1997,10,13,12,NA,NA,NA,NA,NA
1997,10,13,15,NA,NA,NA,NA,NA
1997,10,13,18,NA,NA,NA,NA,NA
1997,10,13,21,NA,NA,NA,NA,NA
1997,10,14,0,NA,NA,NA,NA,NA
1997,10,14,3,NA,NA,NA,NA,NA
1997,10,14,6,NA,NA,NA,NA,NA
1997,10,14,9,NA,NA,NA,NA,NA
1997,10,14,12,NA,NA,NA,NA,NA
1997,10,14,15,NA,NA,NA,NA,NA
1997,10,14,18,NA,NA,NA,NA,NA
1997,10,14,21,NA,NA,NA,NA,NA
1997,10,15,0,NA,NA,NA,NA,NA
1997,10,15,3,NA,NA,NA,NA,NA
1997,10,15,6,NA,NA,NA,NA,NA
1997,10,15,9,NA,NA,NA,NA,NA
1997,10,15,12,NA,NA,NA,NA,NA
1997,10,15,15,NA,NA,NA,NA,NA
1997,10,15,18,NA,NA,NA,NA,NA
1997,10,15,21,NA,NA,NA,NA,NA
1997,10,16,0,NA,NA,NA,NA,NA
1997,10,16,3,NA,NA,NA,NA,NA
1997,10,16,6,NA,NA,NA,NA,NA
1997,10,16,9,NA,NA,NA,NA,NA
1997,10,16,12,NA,NA,NA,NA,NA
1997,10,16,15,NA,NA,NA,NA,NA
1997,10,16,18,NA,NA,NA,NA,NA
1997,10,16,21,NA,NA,NA,NA,NA
1997,10,17,0,NA,NA,NA,NA,NA
1997,10,17,3,NA,NA,NA,NA,NA
1997,10,17,6,NA,NA,NA,NA,NA
1997,10,17,9,NA,NA,NA,NA,NA
1997,10,17,12,NA,NA,NA,NA,NA
1997,10,17,15,NA,NA,NA,NA,NA
1997,10,17,18,NA,NA,NA,NA,NA
1997,10,17,21,NA,NA,NA,NA,NA
1997,10,18,0,NA,NA,NA,NA,NA
1997,10,18,3,NA,NA,NA,NA,NA
1997,10,18,6,NA,NA,NA,NA,NA
1997,10,18,9,NA,NA,NA,NA,NA
1997,10,18,12,NA,NA,NA,NA,NA
1997,10,18,15,NA,NA,NA,NA,NA
1997,10,18,18,NA,NA,NA,NA,NA
1997,10,18,21,NA,NA,NA,NA,NA
1997,10,19,0,NA,NA,NA,NA,NA
1997,10,19,3,NA,NA,NA,NA,NA
1997,10,19,6,NA,NA,NA,NA,NA
1997,10,19,9,NA,NA,NA,NA,NA
1997,10,19,12,NA,NA,NA,NA,NA
1997,10,19,15,NA,NA,NA,NA,NA
1997,10,19,18,NA,NA,NA,NA,NA
1997,10,19,21,NA,NA,NA,NA,NA
1997,10,20,0,NA,NA,NA,NA,NA
1997,10,20,3,NA,NA,NA,NA,NA
1997,10,20,6,NA,NA,NA,NA,NA
1997,10,20,9,NA,NA,NA,NA,NA
1997,10,20,12,NA,NA,NA,NA,NA
1997,10,20,15,NA,NA,NA,NA,NA
1997,10,20,18,NA,NA,NA,NA,NA
1997,10,20,21,NA,NA,NA,NA,NA
1997,10,21,0,NA,NA,NA,NA,NA
1997,10,21,3,NA,NA,NA,NA,NA
1997,10,21,6,NA,NA,NA,NA,NA
1997,10,21,9,NA,NA,NA,NA,NA
1997,10,21,12,NA,NA,NA,NA,NA
1997,10,21,15,NA,NA,NA,NA,NA
1997,10,21,18,NA,NA,NA,NA,NA
1997,10,21,21,NA,NA,NA,NA,NA
1997,10,22,0,NA,NA,NA,NA,NA
1997,10,22,3,NA,NA,NA,NA,NA
1997,10,22,6,NA,NA,NA,NA,NA
1997,10,22,9,NA,NA,NA,NA,NA
1997,10,22,12,NA,NA,NA,NA,NA
1997,10,22,15,NA,NA,NA,NA,NA
1997,10,22,18,NA,NA,NA,NA,NA
1997,10,22,21,NA,NA,NA,NA,NA
1997,10,23,0,NA,NA,NA,NA,NA
1997,10,23,3,NA,NA,NA,NA,NA
1997,10,23,6,NA,NA,NA,NA,NA
1997,10,23,9,NA,NA,NA,NA,NA
1997,10,23,12,NA,NA,NA,NA,NA
1997,10,23,15,NA,NA,NA,NA,NA
1997,10,23,18,NA,NA,NA,NA,NA
1997,10,23,21,NA,NA,NA,NA,NA
1997,10,24,0,NA,NA,NA,NA,NA
1997,10,24,3,NA,NA,NA,NA,NA
1997,10,24,6,NA,NA,NA,NA,NA
1997,10,24,9,NA,NA,NA,NA,NA
1997,10,24,12,NA,NA,NA,NA,NA
1997,10,24,15,NA,NA,NA,NA,NA
1997,10,24,18,NA,NA,NA,NA,NA
1997,10,24,21,NA,NA,NA,NA,NA
1997,10,25,0,NA,NA,NA,NA,NA
1997,10,25,3,NA,NA,NA,NA,NA
1997,10,25,6,NA,NA,NA,NA,NA
1997,10,25,9,NA,NA,NA,NA,NA
1997,10,25,12,NA,NA,NA,NA,NA
1997,10,25,15,NA,NA,NA,NA,NA
1997,10,25,18,NA,NA,NA,NA,NA
1997,10,25,21,NA,NA,NA,NA,NA
1997,10,26,0,NA,NA,NA,NA,NA
1997,10,26,3,NA,NA,NA,NA,NA
1997,10,26,6,NA,NA,NA,NA,NA
1997,10,26,9,NA,NA,NA,NA,NA
1997,10,26,12,NA,NA,NA,NA,NA
1997,10,26,15,NA,NA,NA,NA,NA
1997,10,26,18,NA,NA,NA,NA,NA
1997,10,26,21,NA,NA,NA,NA,NA
1997,10,27,0,NA,NA,NA,NA,NA
1997,10,27,3,NA,NA,NA,NA,NA
1997,10,27,6,NA,NA,NA,NA,NA
1997,10,27,9,NA,NA,NA,NA,NA
1997,10,27,12,NA,NA,NA,NA,NA
1997,10,27,15,NA,NA,NA,NA,NA
1997,10,27,18,NA,NA,NA,NA,NA
1997,10,27,21,NA,NA,NA,NA,NA
1997,10,28,0,NA,NA,NA,NA,NA
1997,10,28,3,NA,NA,NA,NA,NA
1997,10,28,6,NA,NA,NA,NA,NA
1997,10,28,9,NA,NA,NA,NA,NA
1997,10,28,12,NA,NA,NA,NA,NA
1997,10,28,15,NA,NA,NA,NA,NA
1997,10,28,18,NA,NA,NA,NA,NA
1997,10,28,21,NA,NA,NA,NA,NA
1997,10,29,0,NA,NA,NA,NA,NA
1997,10,29,3,NA,NA,NA,NA,NA
1997,10,29,6,NA,NA,NA,NA,NA
1997,10,29,9,NA,NA,NA,NA,NA
1997,10,29,12,NA,NA,NA,NA,NA
1997,10,29,15,NA,NA,NA,NA,NA
1997,10,29,18,NA,NA,NA,NA,NA
1997,10,29,21,NA,NA,NA,NA,NA
1997,10,30,0,NA,NA,NA,NA,NA
1997,10,30,3,NA,NA,NA,NA,NA
1997,10,30,6,NA,NA,NA,NA,NA
1997,10,30,9,NA,NA,NA,NA,NA
1997,10,30,12,NA,NA,NA,NA,NA
1997,10,30,15,NA,NA,NA,NA,NA
1997,10,30,18,NA,NA,NA,NA,NA
1997,10,30,21,NA,NA,NA,NA,NA
1997,10,31,0,NA,NA,NA,NA,NA
1997,10,31,3,NA,NA,NA,NA,NA
1997,10,31,6,NA,NA,NA,NA,NA
1997,10,31,9,NA,NA,NA,NA,NA
1997,10,31,12,NA,NA,NA,NA,NA
1997,10,31,15,NA,NA,NA,NA,NA
1997,10,31,18,NA,NA,NA,NA,NA
1997,10,31,21,NA,NA,NA,NA,NA
1997,11,1,0,NA,NA,NA,NA,NA
1997,11,1,3,NA,NA,NA,NA,NA
1997,11,1,6,NA,NA,NA,NA,NA
1997,11,1,9,NA,NA,NA,NA,NA
1997,11,1,12,NA,NA,NA,NA,NA
1997,11,1,15,NA,NA,NA,NA,NA
1997,11,1,18,NA,NA,NA,NA,NA
1997,11,1,21,NA,NA,NA,NA,NA
1997,11,2,0,NA,NA,NA,NA,NA
1997,11,2,3,NA,NA,NA,NA,NA
1997,11,2,6,NA,NA,NA,NA,NA
1997,11,2,9,NA,NA,NA,NA,NA
1997,11,2,12,NA,NA,NA,NA,NA
1997,11,2,15,NA,NA,NA,NA,NA
1997,11,2,18,NA,NA,NA,NA,NA
1997,11,2,21,NA,NA,NA,NA,NA
1997,11,3,0,NA,NA,NA,NA,NA
1997,11,3,3,NA,NA,NA,NA,NA
1997,11,3,6,NA,NA,NA,NA,NA
1997,11,3,9,NA,NA,NA,NA,NA
1997,11,3,12,NA,NA,NA,NA,NA
1997,11,3,15,NA,NA,NA,NA,NA
1997,11,3,18,NA,NA,NA,NA,NA
1997,11,3,21,NA,NA,NA,NA,NA
1997,11,4,0,NA,NA,NA,NA,NA
1997,11,4,3,NA,NA,NA,NA,NA
1997,11,4,6,NA,NA,NA,NA,NA
1997,11,4,9,NA,NA,NA,NA,NA
1997,11,4,12,NA,NA,NA,NA,NA
1997,11,4,15,NA,NA,NA,NA,NA
1997,11,4,18,NA,NA,NA,NA,NA
1997,11,4,21,NA,NA,NA,NA,NA
1997,11,5,0,NA,NA,NA,NA,NA
1997,11,5,3,NA,NA,NA,NA,NA
1997,11,5,6,NA,NA,NA,NA,NA
1997,11,5,9,NA,NA,NA,NA,NA
1997,11,5,12,NA,NA,NA,NA,NA
1997,11,5,15,NA,NA,NA,NA,NA
1997,11,5,18,NA,NA,NA,NA,NA
1997,11,5,21,NA,NA,NA,NA,NA
1997,11,6,0,NA,NA,NA,NA,NA
1997,11,6,3,NA,NA,NA,NA,NA
1997,11,6,6,NA,NA,NA,NA,NA
1997,11,6,9,NA,NA,NA,NA,NA
1997,11,6,12,NA,NA,NA,NA,NA
1997,11,6,15,NA,NA,NA,NA,NA
1997,11,6,18,NA,NA,NA,NA,NA
1997,11,6,21,NA,NA,NA,NA,NA
1997,11,7,0,NA,NA,NA,NA,NA
1997,11,7,3,NA,NA,NA,NA,NA
1997,11,7,6,NA,NA,NA,NA,NA
1997,11,7,9,NA,NA,NA,NA,NA
1997,11,7,12,NA,NA,NA,NA,NA
1997,11,7,15,NA,NA,NA,NA,NA
1997,11,7,18,NA,NA,NA,NA,NA
1997,11,7,21,NA,NA,NA,NA,NA
1997,11,8,0,NA,NA,NA,NA,NA
1997,11,8,3,NA,NA,NA,NA,NA
1997,11,8,6,NA,NA,NA,NA,NA
1997,11,8,9,NA,NA,NA,NA,NA
1997,11,8,12,NA,NA,NA,NA,NA
1997,11,8,15,NA,NA,NA,NA,NA
1997,11,8,18,NA,NA,NA,NA,NA
1997,11,8,21,NA,NA,NA,NA,NA
1997,11,9,0,NA,NA,NA,NA,NA
1997,11,9,3,NA,NA,NA,NA,NA
1997,11,9,6,NA,NA,NA,NA,NA
1997,11,9,9,NA,NA,NA,NA,NA
1997,11,9,12,NA,NA,NA,NA,NA
1997,11,9,15,NA,NA,NA,NA,NA
1997,11,9,18,NA,NA,NA,NA,NA
1997,11,9,21,NA,NA,NA,NA,NA
1997,11,10,0,NA,NA,NA,NA,NA
1997,11,10,3,NA,NA,NA,NA,NA
1997,11,10,6,NA,NA,NA,NA,NA
1997,11,10,9,NA,NA,NA,NA,NA
1997,11,10,12,NA,NA,NA,NA,NA
1997,11,10,15,NA,NA,NA,NA,NA
1997,11,10,18,NA,NA,NA,NA,NA
1997,11,10,21,NA,NA,NA,NA,NA
1997,11,11,0,NA,NA,NA,NA,NA
1997,11,11,3,NA,NA,NA,NA,NA
1997,11,11,6,NA,NA,NA,NA,NA
1997,11,11,9,NA,NA,NA,NA,NA
1997,11,11,12,NA,NA,NA,NA,NA
1997,11,11,15,NA,NA,NA,NA,NA
1997,11,11,18,NA,NA,NA,NA,NA
1997,11,11,21,NA,NA,NA,NA,NA
1997,11,12,0,NA,NA,NA,NA,NA
1997,11,12,3,NA,NA,NA,NA,NA
1997,11,12,6,NA,NA,NA,NA,NA
1997,11,12,9,NA,NA,NA,NA,NA
1997,11,12,12,NA,NA,NA,NA,NA
1997,11,12,15,NA,NA,NA,NA,NA
1997,11,12,18,NA,NA,NA,NA,NA
1997,11,12,21,NA,NA,NA,NA,NA
1997,11,13,0,NA,NA,NA,NA,NA
1997,11,13,3,NA,NA,NA,NA,NA
1997,11,13,6,NA,NA,NA,NA,NA
1997,11,13,9,NA,NA,NA,NA,NA
1997,11,13,12,NA,NA,NA,NA,NA
1997,11,13,15,NA,NA,NA,NA,NA
1997,11,13,18,NA,NA,NA,NA,NA
1997,11,13,21,NA,NA,NA,NA,NA
1997,11,14,0,NA,NA,NA,NA,NA
1997,11,14,3,NA,NA,NA,NA,NA
1997,11,14,6,NA,NA,NA,NA,NA
1997,11,14,9,NA,NA,NA,NA,NA
1997,11,14,12,NA,NA,NA,NA,NA
1997,11,14,15,NA,NA,NA,NA,NA
1997,11,14,18,NA,NA,NA,NA,NA
1997,11,14,21,NA,NA,NA,NA,NA
1997,11,15,0,NA,NA,NA,NA,NA
1997,11,15,3,NA,NA,NA,NA,NA
1997,11,15,6,NA,NA,NA,NA,NA
1997,11,15,9,NA,NA,NA,NA,NA
1997,11,15,12,NA,NA,NA,NA,NA
1997,11,15,15,NA,NA,NA,NA,NA
1997,11,15,18,NA,NA,NA,NA,NA
1997,11,15,21,NA,NA,NA,NA,NA
1997,11,16,0,NA,NA,NA,NA,NA
1997,11,16,3,NA,NA,NA,NA,NA
1997,11,16,6,NA,NA,NA,NA,NA
1997,11,16,9,NA,NA,NA,NA,NA
1997,11,16,12,NA,NA,NA,NA,NA
1997,11,16,15,NA,NA,NA,NA,NA
1997,11,16,18,NA,NA,NA,NA,NA
1997,11,16,21,NA,NA,NA,NA,NA
1997,11,17,0,NA,NA,NA,NA,NA
1997,11,17,3,NA,NA,NA,NA,NA
1997,11,17,6,NA,NA,NA,NA,NA
1997,11,17,9,NA,NA,NA,NA,NA
1997,11,17,12,NA,NA,NA,NA,NA
1997,11,17,15,NA,NA,NA,NA,NA
1997,11,17,18,NA,NA,NA,NA,NA
1997,11,17,21,NA,NA,NA,NA,NA
1997,11,18,0,NA,NA,NA,NA,NA
1997,11,18,3,NA,NA,NA,NA,NA
1997,11,18,6,NA,NA,NA,NA,NA
1997,11,18,9,NA,NA,NA,NA,NA
1997,11,18,12,NA,NA,NA,NA,NA
1997,11,18,15,NA,NA,NA,NA,NA
1997,11,18,18,NA,NA,NA,NA,NA
1997,11,18,21,NA,NA,NA,NA,NA
1997,11,19,0,NA,NA,NA,NA,NA
1997,11,19,3,NA,NA,NA,NA,NA
1997,11,19,6,NA,NA,NA,NA,NA
1997,11,19,9,NA,NA,NA,NA,NA
1997,11,19,12,NA,NA,NA,NA,NA
1997,11,19,15,NA,NA,NA,NA,NA
1997,11,19,18,NA,NA,NA,NA,NA
1997,11,19,21,NA,NA,NA,NA,NA
1997,11,20,0,NA,NA,NA,NA,NA
1997,11,20,3,NA,NA,NA,NA,NA
1997,11,20,6,NA,NA,NA,NA,NA
1997,11,20,9,NA,NA,NA,NA,NA
1997,11,20,12,NA,NA,NA,NA,NA
1997,11,20,15,NA,NA,NA,NA,NA
1997,11,20,18,NA,NA,NA,NA,NA
1997,11,20,21,NA,NA,NA,NA,NA
1997,11,21,0,NA,NA,NA,NA,NA
1997,11,21,3,NA,NA,NA,NA,NA
1997,11,21,6,NA,NA,NA,NA,NA
1997,11,21,9,NA,NA,NA,NA,NA
1997,11,21,12,NA,NA,NA,NA,NA
1997,11,21,15,NA,NA,NA,NA,NA
1997,11,21,18,NA,NA,NA,NA,NA
1997,11,21,21,NA,NA,NA,NA,NA
1997,11,22,0,NA,NA,NA,NA,NA
1997,11,22,3,NA,NA,NA,NA,NA
1997,11,22,6,NA,NA,NA,NA,NA
1997,11,22,9,NA,NA,NA,NA,NA
1997,11,22,12,NA,NA,NA,NA,NA
1997,11,22,15,NA,NA,NA,NA,NA
1997,11,22,18,NA,NA,NA,NA,NA
1997,11,22,21,NA,NA,NA,NA,NA
1997,11,23,0,NA,NA,NA,NA,NA
1997,11,23,3,NA,NA,NA,NA,NA
1997,11,23,6,NA,NA,NA,NA,NA
1997,11,23,9,NA,NA,NA,NA,NA
1997,11,23,12,NA,NA,NA,NA,NA
1997,11,23,15,NA,NA,NA,NA,NA
1997,11,23,18,NA,NA,NA,NA,NA
1997,11,23,21,NA,NA,NA,NA,NA
1997,11,24,0,NA,NA,NA,NA,NA
1997,11,24,3,NA,NA,NA,NA,NA
1997,11,24,6,NA,NA,NA,NA,NA
1997,11,24,9,NA,NA,NA,NA,NA
1997,11,24,12,NA,NA,NA,NA,NA
1997,11,24,15,NA,NA,NA,NA,NA
1997,11,24,18,NA,NA,NA,NA,NA
1997,11,24,21,NA,NA,NA,NA,NA
1997,11,25,0,NA,NA,NA,NA,NA
1997,11,25,3,NA,NA,NA,NA,NA
1997,11,25,6,NA,NA,NA,NA,NA
1997,11,25,9,NA,NA,NA,NA,NA
1997,11,25,12,NA,NA,NA,NA,NA
1997,11,25,15,NA,NA,NA,NA,NA
1997,11,25,18,NA,NA,NA,NA,NA
1997,11,25,21,NA,NA,NA,NA,NA
1997,11,26,0,NA,NA,NA,NA,NA
1997,11,26,3,NA,NA,NA,NA,NA
1997,11,26,6,NA,NA,NA,NA,NA
1997,11,26,9,NA,NA,NA,NA,NA
1997,11,26,12,NA,NA,NA,NA,NA
1997,11,26,15,NA,NA,NA,NA,NA
1997,11,26,18,NA,NA,NA,NA,NA
1997,11,26,21,NA,NA,NA,NA,NA
1997,11,27,0,NA,NA,NA,NA,NA
1997,11,27,3,NA,NA,NA,NA,NA
1997,11,27,6,NA,NA,NA,NA,NA
1997,11,27,9,NA,NA,NA,NA,NA
1997,11,27,12,NA,NA,NA,NA,NA
1997,11,27,15,NA,NA,NA,NA,NA
1997,11,27,18,NA,NA,NA,NA,NA
1997,11,27,21,NA,NA,NA,NA,NA
1997,11,28,0,NA,NA,NA,NA,NA
1997,11,28,3,NA,NA,NA,NA,NA
1997,11,28,6,NA,NA,NA,NA,NA
1997,11,28,9,NA,NA,NA,NA,NA
1997,11,28,12,NA,NA,NA,NA,NA
1997,11,28,15,NA,NA,NA,NA,NA
1997,11,28,18,NA,NA,NA,NA,NA
1997,11,28,21,NA,NA,NA,NA,NA
1997,11,29,0,NA,NA,NA,NA,NA
1997,11,29,3,NA,NA,NA,NA,NA
1997,11,29,6,NA,NA,NA,NA,NA
1997,11,29,9,NA,NA,NA,NA,NA
1997,11,29,12,NA,NA,NA,NA,NA
1997,11,29,15,NA,NA,NA,NA,NA
1997,11,29,18,NA,NA,NA,NA,NA
1997,11,29,21,NA,NA,NA,NA,NA
1997,11,30,0,NA,NA,NA,NA,NA
1997,11,30,3,NA,NA,NA,NA,NA
1997,11,30,6,NA,NA,NA,NA,NA
1997,11,30,9,NA,NA,NA,NA,NA
1997,11,30,12,NA,NA,NA,NA,NA
1997,11,30,15,NA,NA,NA,NA,NA
1997,11,30,18,NA,NA,NA,NA,NA
1997,11,30,21,NA,NA,NA,NA,NA
1997,12,1,0,NA,NA,NA,NA,NA
1997,12,1,3,NA,NA,NA,NA,NA
1997,12,1,6,NA,NA,NA,NA,NA
1997,12,1,9,NA,NA,NA,NA,NA
1997,12,1,12,NA,NA,NA,NA,NA
1997,12,1,15,NA,NA,NA,NA,NA
1997,12,1,18,NA,NA,NA,NA,NA
1997,12,1,21,NA,NA,NA,NA,NA
1997,12,2,0,NA,NA,NA,NA,NA
1997,12,2,3,NA,NA,NA,NA,NA
1997,12,2,6,NA,NA,NA,NA,NA
1997,12,2,9,NA,NA,NA,NA,NA
1997,12,2,12,NA,NA,NA,NA,NA
1997,12,2,15,NA,NA,NA,NA,NA
1997,12,2,18,NA,NA,NA,NA,NA
1997,12,2,21,NA,NA,NA,NA,NA
1997,12,3,0,NA,NA,NA,NA,NA
1997,12,3,3,NA,NA,NA,NA,NA
1997,12,3,6,NA,NA,NA,NA,NA
1997,12,3,9,NA,NA,NA,NA,NA
1997,12,3,12,NA,NA,NA,NA,NA
1997,12,3,15,NA,NA,NA,NA,NA
1997,12,3,18,NA,NA,NA,NA,NA
1997,12,3,21,NA,NA,NA,NA,NA
1997,12,4,0,NA,NA,NA,NA,NA
1997,12,4,3,NA,NA,NA,NA,NA
1997,12,4,6,NA,NA,NA,NA,NA
1997,12,4,9,NA,NA,NA,NA,NA
1997,12,4,12,NA,NA,NA,NA,NA
1997,12,4,15,NA,NA,NA,NA,NA
1997,12,4,18,NA,NA,NA,NA,NA
1997,12,4,21,NA,NA,NA,NA,NA
1997,12,5,0,NA,NA,NA,NA,NA
1997,12,5,3,NA,NA,NA,NA,NA
1997,12,5,6,NA,NA,NA,NA,NA
1997,12,5,9,NA,NA,NA,NA,NA
1997,12,5,12,NA,NA,NA,NA,NA
1997,12,5,15,NA,NA,NA,NA,NA
1997,12,5,18,NA,NA,NA,NA,NA
1997,12,5,21,NA,NA,NA,NA,NA
1997,12,6,0,NA,NA,NA,NA,NA
1997,12,6,3,NA,NA,NA,NA,NA
1997,12,6,6,NA,NA,NA,NA,NA
1997,12,6,9,NA,NA,NA,NA,NA
1997,12,6,12,NA,NA,NA,NA,NA
1997,12,6,15,NA,NA,NA,NA,NA
1997,12,6,18,NA,NA,NA,NA,NA
1997,12,6,21,NA,NA,NA,NA,NA
1997,12,7,0,NA,NA,NA,NA,NA
1997,12,7,3,NA,NA,NA,NA,NA
1997,12,7,6,NA,NA,NA,NA,NA
1997,12,7,9,NA,NA,NA,NA,NA
1997,12,7,12,NA,NA,NA,NA,NA
1997,12,7,15,NA,NA,NA,NA,NA
1997,12,7,18,NA,NA,NA,NA,NA
1997,12,7,21,NA,NA,NA,NA,NA
1997,12,8,0,NA,NA,NA,NA,NA
1997,12,8,3,NA,NA,NA,NA,NA
1997,12,8,6,NA,NA,NA,NA,NA
1997,12,8,9,NA,NA,NA,NA,NA
1997,12,8,12,NA,NA,NA,NA,NA
1997,12,8,15,NA,NA,NA,NA,NA
1997,12,8,18,NA,NA,NA,NA,NA
1997,12,8,21,NA,NA,NA,NA,NA
1997,12,9,0,NA,NA,NA,NA,NA
1997,12,9,3,NA,NA,NA,NA,NA
1997,12,9,6,NA,NA,NA,NA,NA
1997,12,9,9,NA,NA,NA,NA,NA
1997,12,9,12,NA,NA,NA,NA,NA
1997,12,9,15,NA,NA,NA,NA,NA
1997,12,9,18,NA,NA,NA,NA,NA
1997,12,9,21,NA,NA,NA,NA,NA
1997,12,10,0,NA,NA,NA,NA,NA
1997,12,10,3,NA,NA,NA,NA,NA
1997,12,10,6,NA,NA,NA,NA,NA
1997,12,10,9,NA,NA,NA,NA,NA
1997,12,10,12,NA,NA,NA,NA,NA
1997,12,10,15,NA,NA,NA,NA,NA
1997,12,10,18,NA,NA,NA,NA,NA
1997,12,10,21,NA,NA,NA,NA,NA
1997,12,11,0,NA,NA,NA,NA,NA
1997,12,11,3,NA,NA,NA,NA,NA
1997,12,11,6,NA,NA,NA,NA,NA
1997,12,11,9,NA,NA,NA,NA,NA
1997,12,11,12,NA,NA,NA,NA,NA
1997,12,11,15,NA,NA,NA,NA,NA
1997,12,11,18,NA,NA,NA,NA,NA
1997,12,11,21,NA,NA,NA,NA,NA
1997,12,12,0,NA,NA,NA,NA,NA
1997,12,12,3,NA,NA,NA,NA,NA
1997,12,12,6,NA,NA,NA,NA,NA
1997,12,12,9,NA,NA,NA,NA,NA
1997,12,12,12,NA,NA,NA,NA,NA
1997,12,12,15,NA,NA,NA,NA,NA
1997,12,12,18,NA,NA,NA,NA,NA
1997,12,12,21,NA,NA,NA,NA,NA
1997,12,13,0,NA,NA,NA,NA,NA
1997,12,13,3,NA,NA,NA,NA,NA
1997,12,13,6,NA,NA,NA,NA,NA
1997,12,13,9,NA,NA,NA,NA,NA
1997,12,13,12,NA,NA,NA,NA,NA
1997,12,13,15,NA,NA,NA,NA,NA
1997,12,13,18,NA,NA,NA,NA,NA
1997,12,13,21,NA,NA,NA,NA,NA
1997,12,14,0,NA,NA,NA,NA,NA
1997,12,14,3,NA,NA,NA,NA,NA
1997,12,14,6,NA,NA,NA,NA,NA
1997,12,14,9,NA,NA,NA,NA,NA
1997,12,14,12,NA,NA,NA,NA,NA
1997,12,14,15,NA,NA,NA,NA,NA
1997,12,14,18,NA,NA,NA,NA,NA
1997,12,14,21,NA,NA,NA,NA,NA
1997,12,15,0,NA,NA,NA,NA,NA
1997,12,15,3,NA,NA,NA,NA,NA
1997,12,15,6,NA,NA,NA,NA,NA
1997,12,15,9,NA,NA,NA,NA,NA
1997,12,15,12,NA,NA,NA,NA,NA
1997,12,15,15,NA,NA,NA,NA,NA
1997,12,15,18,NA,NA,NA,NA,NA
1997,12,15,21,NA,NA,NA,NA,NA
1997,12,16,0,NA,NA,NA,NA,NA
1997,12,16,3,NA,NA,NA,NA,NA
1997,12,16,6,NA,NA,NA,NA,NA
1997,12,16,9,NA,NA,NA,NA,NA
1997,12,16,12,NA,NA,NA,NA,NA
1997,12,16,15,NA,NA,NA,NA,NA
1997,12,16,18,NA,NA,NA,NA,NA
1997,12,16,21,NA,NA,NA,NA,NA
1997,12,17,0,NA,NA,NA,NA,NA
1997,12,17,3,NA,NA,NA,NA,NA
1997,12,17,6,NA,NA,NA,NA,NA
1997,12,17,9,NA,NA,NA,NA,NA
1997,12,17,12,NA,NA,NA,NA,NA
1997,12,17,15,NA,NA,NA,NA,NA
1997,12,17,18,NA,NA,NA,NA,NA
1997,12,17,21,NA,NA,NA,NA,NA
1997,12,18,0,NA,NA,NA,NA,NA
1997,12,18,3,NA,NA,NA,NA,NA
1997,12,18,6,NA,NA,NA,NA,NA
1997,12,18,9,NA,NA,NA,NA,NA
1997,12,18,12,NA,NA,NA,NA,NA
1997,12,18,15,NA,NA,NA,NA,NA
1997,12,18,18,NA,NA,NA,NA,NA
1997,12,18,21,NA,NA,NA,NA,NA
1997,12,19,0,NA,NA,NA,NA,NA
1997,12,19,3,NA,NA,NA,NA,NA
1997,12,19,6,NA,NA,NA,NA,NA
1997,12,19,9,NA,NA,NA,NA,NA
1997,12,19,12,NA,NA,NA,NA,NA
1997,12,19,15,NA,NA,NA,NA,NA
1997,12,19,18,NA,NA,NA,NA,NA
1997,12,19,21,NA,NA,NA,NA,NA
1997,12,20,0,NA,NA,NA,NA,NA
1997,12,20,3,NA,NA,NA,NA,NA
1997,12,20,6,NA,NA,NA,NA,NA
1997,12,20,9,NA,NA,NA,NA,NA
1997,12,20,12,NA,NA,NA,NA,NA
1997,12,20,15,NA,NA,NA,NA,NA
1997,12,20,18,NA,NA,NA,NA,NA
1997,12,20,21,NA,NA,NA,NA,NA
1997,12,21,0,NA,NA,NA,NA,NA
1997,12,21,3,NA,NA,NA,NA,NA
1997,12,21,6,NA,NA,NA,NA,NA
1997,12,21,9,NA,NA,NA,NA,NA
1997,12,21,12,NA,NA,NA,NA,NA
1997,12,21,15,NA,NA,NA,NA,NA
1997,12,21,18,NA,NA,NA,NA,NA
1997,12,21,21,NA,NA,NA,NA,NA
1997,12,22,0,NA,NA,NA,NA,NA
1997,12,22,3,NA,NA,NA,NA,NA
1997,12,22,6,NA,NA,NA,NA,NA
1997,12,22,9,NA,NA,NA,NA,NA
1997,12,22,12,NA,NA,NA,NA,NA
1997,12,22,15,NA,NA,NA,NA,NA
1997,12,22,18,NA,NA,NA,NA,NA
1997,12,22,21,NA,NA,NA,NA,NA
1997,12,23,0,NA,NA,NA,NA,NA
1997,12,23,3,NA,NA,NA,NA,NA
1997,12,23,6,NA,NA,NA,NA,NA
1997,12,23,9,NA,NA,NA,NA,NA
1997,12,23,12,NA,NA,NA,NA,NA
1997,12,23,15,NA,NA,NA,NA,NA
1997,12,23,18,NA,NA,NA,NA,NA
1997,12,23,21,NA,NA,NA,NA,NA
1997,12,24,0,NA,NA,NA,NA,NA
1997,12,24,3,NA,NA,NA,NA,NA
1997,12,24,6,NA,NA,NA,NA,NA
1997,12,24,9,NA,NA,NA,NA,NA
1997,12,24,12,NA,NA,NA,NA,NA
1997,12,24,15,NA,NA,NA,NA,NA
1997,12,24,18,NA,NA,NA,NA,NA
1997,12,24,21,NA,NA,NA,NA,NA
1997,12,25,0,NA,NA,NA,NA,NA
1997,12,25,3,NA,NA,NA,NA,NA
1997,12,25,6,NA,NA,NA,NA,NA
1997,12,25,9,NA,NA,NA,NA,NA
1997,12,25,12,NA,NA,NA,NA,NA
1997,12,25,15,NA,NA,NA,NA,NA
1997,12,25,18,NA,NA,NA,NA,NA
1997,12,25,21,NA,NA,NA,NA,NA
1997,12,26,0,NA,NA,NA,NA,NA
1997,12,26,3,NA,NA,NA,NA,NA
1997,12,26,6,NA,NA,NA,NA,NA
1997,12,26,9,NA,NA,NA,NA,NA
1997,12,26,12,NA,NA,NA,NA,NA
1997,12,26,15,NA,NA,NA,NA,NA
1997,12,26,18,NA,NA,NA,NA,NA
1997,12,26,21,NA,NA,NA,NA,NA
1997,12,27,0,NA,NA,NA,NA,NA
1997,12,27,3,NA,NA,NA,NA,NA
1997,12,27,6,NA,NA,NA,NA,NA
1997,12,27,9,NA,NA,NA,NA,NA
1997,12,27,12,NA,NA,NA,NA,NA
1997,12,27,15,NA,NA,NA,NA,NA
1997,12,27,18,NA,NA,NA,NA,NA
1997,12,27,21,NA,NA,NA,NA,NA
1997,12,28,0,NA,NA,NA,NA,NA
1997,12,28,3,NA,NA,NA,NA,NA
1997,12,28,6,NA,NA,NA,NA,NA
1997,12,28,9,NA,NA,NA,NA,NA
1997,12,28,12,NA,NA,NA,NA,NA
1997,12,28,15,NA,NA,NA,NA,NA
1997,12,28,18,NA,NA,NA,NA,NA
1997,12,28,21,NA,NA,NA,NA,NA
1997,12,29,0,NA,NA,NA,NA,NA
1997,12,29,3,NA,NA,NA,NA,NA
1997,12,29,6,NA,NA,NA,NA,NA
1997,12,29,9,NA,NA,NA,NA,NA
1997,12,29,12,NA,NA,NA,NA,NA
1997,12,29,15,NA,NA,NA,NA,NA
1997,12,29,18,NA,NA,NA,NA,NA
1997,12,29,21,NA,NA,NA,NA,NA
1997,12,30,0,NA,NA,NA,NA,NA
1997,12,30,3,NA,NA,NA,NA,NA
1997,12,30,6,NA,NA,NA,NA,NA
1997,12,30,9,NA,NA,NA,NA,NA
1997,12,30,12,NA,NA,NA,NA,NA
1997,12,30,15,NA,NA,NA,NA,NA
1997,12,30,18,NA,NA,NA,NA,NA
1997,12,30,21,NA,NA,NA,NA,NA
1997,12,31,0,NA,NA,NA,NA,NA
1997,12,31,3,NA,NA,NA,NA,NA
1997,12,31,6,NA,NA,NA,NA,NA
1997,12,31,9,NA,NA,NA,NA,NA
1997,12,31,12,NA,NA,NA,NA,NA
1997,12,31,15,NA,NA,NA,NA,NA
1997,12,31,18,NA,NA,NA,NA,NA
1997,12,31,21,NA,NA,NA,NA,NA
1998,1,1,0,NA,NA,NA,NA,NA
1998,1,1,3,NA,NA,NA,NA,NA
1998,1,1,6,NA,NA,NA,NA,NA
1998,1,1,9,NA,NA,NA,NA,NA
1998,1,1,12,NA,NA,NA,NA,NA
1998,1,1,15,NA,NA,NA,NA,NA
1998,1,1,18,NA,NA,NA,NA,NA
1998,1,1,21,NA,NA,NA,NA,NA
1998,1,2,0,-8,919.6,NA,230,83
1998,1,2,3,-8.1,919.7,NA,240,90
1998,1,2,6,-7.1,920.9,NA,220,91
1998,1,2,9,-6.7,921.7,NA,230,71
1998,1,2,12,-6.2,923.1,NA,240,54
1998,1,2,15,-7.3,924.2,NA,230,75
1998,1,2,18,-7.2,925.2,NA,230,69
1998,1,2,21,-7.9,926.2,26,220,73
1998,1,3,0,-7.4,927,NA,220,74
1998,1,3,3,-6.3,928.1,24,230,62
1998,1,3,6,-6.2,929.3,NA,230,68
1998,1,3,9,-5.9,930.4,NA,220,74
1998,1,3,12,-6.2,930.9,NA,280,72
1998,1,3,15,-5.7,930.7,NA,310,59
1998,1,3,18,NA,930.6,1,260,56
1998,1,3,21,-4.3,930.8,4,230,50
1998,1,4,0,-5.7,930.7,NA,220,56
1998,1,4,3,-5.4,929.7,NA,230,66
1998,1,4,6,-5.3,930.5,NA,220,70
1998,1,4,9,-7,930,NA,240,50
1998,1,4,12,-6.2,929.5,16,250,41
1998,1,4,15,-6.3,929.2,NA,340,47
1998,1,4,18,-6,928.7,NA,220,55
1998,1,4,21,-4.7,927.9,3,100,51
1998,1,5,0,-5,927,3,50,75
1998,1,5,3,-6.8,925.4,7,30,67
1998,1,5,6,-7.1,924.3,6,30,81
1998,1,5,9,-7.2,923.4,4,20,82
1998,1,5,12,-7.5,923.1,NA,0,90
1998,1,5,15,-8.2,922.3,NA,260,89
1998,1,5,18,-8.1,921.9,NA,220,90
1998,1,5,21,-8.5,921.9,NA,240,90
1998,1,6,0,-8.4,922.5,NA,230,88
1998,1,6,3,-7.8,922.9,16,220,91
1998,1,6,6,-7.6,924,16,220,91
1998,1,6,9,-8.1,924.8,13,230,90
1998,1,6,12,-8.5,926.1,NA,230,90
1998,1,6,15,-8.3,927,NA,230,90
1998,1,6,18,-8,927.9,7,240,91
1998,1,6,21,-7.4,928.7,4,240,91
1998,1,7,0,-6.7,929.3,NA,220,90
1998,1,7,3,-6.7,929.2,NA,220,91
1998,1,7,6,-6.5,928.6,NA,360,92
1998,1,7,9,-8.3,927.8,2,30,90
1998,1,7,12,-7.7,927,2,60,91
1998,1,7,15,-7.6,925.1,NA,80,91
1998,1,7,18,-6.5,923.6,NA,20,92
1998,1,7,21,-5.5,922.5,3,260,NA
1998,1,8,0,-6.7,921.6,NA,250,84
1998,1,8,3,-6.7,921.2,NA,240,88
1998,1,8,6,-5.8,920.8,NA,230,77
1998,1,8,9,-7.2,920.9,9,230,81
1998,1,8,12,-7.9,920.1,NA,240,64
1998,1,8,15,-7.4,919.3,NA,240,80
1998,1,8,18,-7.2,919.3,NA,NA,82
1998,1,8,21,-8.4,918.6,NA,NA,89
1998,1,9,0,-7.9,918.9,NA,NA,88
1998,1,9,3,-7.8,916.6,NA,NA,89
1998,1,9,6,-7.1,918.3,NA,250,89
1998,1,9,9,-6.8,918.9,48,250,83
1998,1,9,12,-7.3,919.9,NA,240,89
1998,1,9,15,-6.7,922.1,NA,250,89
1998,1,9,18,-7.2,924,NA,250,89
1998,1,9,21,-6.5,925.2,NA,220,79
1998,1,10,0,-5.4,925.4,NA,220,83
1998,1,10,3,-5.1,924.5,NA,340,87
1998,1,10,6,-5.8,923.7,NA,40,89
1998,1,10,9,-6.7,922.6,NA,40,91
1998,1,10,12,-7,921.9,NA,30,89
1998,1,10,15,-7.2,921.3,NA,20,85
1998,1,10,18,-7.3,921.3,NA,20,88
1998,1,10,21,-6.4,921.8,NA,60,80
1998,1,11,0,-6,922.3,4,60,73
1998,1,11,3,-5.5,922.6,4,60,84
1998,1,11,6,-4.8,923.2,2,250,80
1998,1,11,9,-6.3,923,NA,NA,87
1998,1,11,12,-6.6,922.5,4,250,70
1998,1,11,15,-7.7,921.6,NA,240,83
1998,1,11,18,-6.8,923,NA,230,84
1998,1,11,21,-4.6,923.7,NA,80,64
1998,1,12,0,-5.9,923.3,NA,60,87
1998,1,12,3,-6.6,922.2,5,40,79
1998,1,12,6,-6.1,920.5,NA,80,92
1998,1,12,9,-7.2,918.5,NA,230,91
1998,1,12,12,-7.6,916.5,NA,230,91
1998,1,12,15,-7.7,916.9,NA,220,84
1998,1,12,18,-6.8,918.6,NA,240,74
1998,1,12,21,-6.6,920.6,NA,230,88
1998,1,13,0,-5.8,921.4,NA,220,79
1998,1,13,3,-6.9,921.1,NA,220,72
1998,1,13,6,-6.7,921.5,NA,230,79
1998,1,13,9,-7.4,921.5,NA,230,84
1998,1,13,12,-7.4,922.2,NA,230,69
1998,1,13,15,-7.4,922.5,NA,220,64
1998,1,13,18,-6.7,922.1,NA,180,66
1998,1,13,21,-6.9,921.4,NA,70,78
1998,1,14,0,-7.1,920.6,5,60,NA
1998,1,14,3,-6.8,919.1,9,80,91
1998,1,14,6,-7,917.6,5,50,91
1998,1,14,9,-6.2,916.7,NA,90,92
1998,1,14,12,-7.8,916.1,NA,250,91
1998,1,14,15,-7.6,915,NA,240,91
1998,1,14,18,-8,915.1,8,230,91
1998,1,14,21,-8.2,915.6,8,240,91
1998,1,15,0,-8.4,915.8,10,230,91
1998,1,15,3,-9,915.6,NA,220,90
1998,1,15,6,-9,916.8,NA,230,90
1998,1,15,9,-9.3,917.9,20,220,90
1998,1,15,12,-9.7,919.3,20,230,89
1998,1,15,15,-9.5,920.3,22,220,89
1998,1,15,18,-8.4,921.5,NA,230,79
1998,1,15,21,-8.2,922.5,NA,220,82
1998,1,16,0,-7.4,924.1,30,220,87
1998,1,16,3,-6.5,925.4,NA,NA,83
1998,1,16,6,-6.9,927.1,NA,NA,90
1998,1,16,9,-7,928.3,NA,NA,91
1998,1,16,12,-7,929.1,NA,230,91
1998,1,16,15,-7.3,929.3,NA,250,91
1998,1,16,18,-6.2,929.4,NA,0,92
1998,1,16,21,-5.7,928.8,NA,20,90
1998,1,17,0,-5.6,928.4,NA,NA,89
1998,1,17,3,-6.3,927.2,NA,360,92
1998,1,17,6,-6.5,926.3,2,350,88
1998,1,17,9,-7.6,925.1,NA,350,91
1998,1,17,12,-6.6,924.4,3,360,92
1998,1,17,15,-7.7,923.5,6,250,91
1998,1,17,18,-7.8,922.9,NA,240,91
1998,1,17,21,-8.3,923,NA,0,91
1998,1,18,0,-7.2,923,NA,240,92
1998,1,18,3,-7.1,923.3,NA,220,91
1998,1,18,6,-8.5,923.5,NA,220,91
1998,1,18,9,-8.9,924.7,NA,210,90
1998,1,18,12,-9.1,925.7,NA,240,90
1998,1,18,15,-9.5,925.9,NA,230,90
1998,1,18,18,-9.1,926.4,NA,310,90
1998,1,18,21,-8.5,927,NA,0,90
1998,1,19,0,-8.1,927.2,NA,NA,91
1998,1,19,3,-8.7,927.8,NA,300,90
1998,1,19,6,-9.3,928.3,NA,NA,90
1998,1,19,9,-9.8,928.7,NA,NA,90
1998,1,19,12,-10.6,928.8,2,270,89
1998,1,19,15,-11.3,927.9,NA,230,88
1998,1,19,18,-10.9,928.2,NA,230,82
1998,1,19,21,-10.2,928.1,NA,210,73
1998,1,20,0,-10,928.1,NA,220,83
1998,1,20,3,-9.5,927.7,NA,210,73
1998,1,20,6,-9.8,927.8,11,230,76
1998,1,20,9,-10.7,927.6,NA,230,74
1998,1,20,12,-10.6,926.8,NA,240,60
1998,1,20,15,-10.6,926.8,NA,240,60
1998,1,20,18,-10.4,927.2,23,240,60
1998,1,20,21,-10.7,927.2,NA,230,63
1998,1,21,0,-9.4,927,NA,240,57
1998,1,21,3,-10.1,926.6,NA,230,72
1998,1,21,6,-10.6,926.4,15,220,83
1998,1,21,9,-11,926.6,15,240,69
1998,1,21,12,-11.5,926.5,NA,240,80
1998,1,21,15,-11.9,926.2,NA,250,84
1998,1,21,18,-10.3,925.8,NA,70,82
1998,1,21,21,-11,925.5,NA,250,87
1998,1,22,0,-10.8,924.8,NA,240,83
1998,1,22,3,-10.7,923.9,NA,240,84
1998,1,22,6,-10.8,923.6,7,240,87
1998,1,22,9,-10.3,923.3,4,250,88
1998,1,22,12,-10.3,923.8,4,220,89
1998,1,22,15,-10.1,924.2,7,220,88
1998,1,22,18,-11,925.1,7,260,88
1998,1,22,21,-11,926.5,6,250,88
1998,1,23,0,-10.6,927.6,7,250,88
1998,1,23,3,-11.6,928.4,NA,250,88
1998,1,23,6,-11.5,929,NA,220,88
1998,1,23,9,-11.7,929.5,NA,240,87
1998,1,23,12,-11.2,928.8,NA,240,69
1998,1,23,15,-10.1,927.9,NA,360,50
1998,1,23,18,-9.5,926.4,NA,30,42
1998,1,23,21,-8.8,925.2,4,20,48
1998,1,24,0,-8.3,923.8,4,10,52
1998,1,24,3,-8.1,922.6,5,360,52
1998,1,24,6,-7.9,921.2,NA,330,43
1998,1,24,9,-9.6,919.9,NA,350,41
1998,1,24,12,-9.7,918.7,NA,360,29
1998,1,24,15,-9.9,917.2,NA,340,39
1998,1,24,18,-10.2,915.9,8,10,47
1998,1,24,21,-8.2,915.3,7,70,65
1998,1,25,0,-8,914.8,5,80,61
1998,1,25,3,-8.6,914.8,3,80,64
1998,1,25,6,-9.8,914.9,5,360,67
1998,1,25,9,-10,915.3,NA,340,69
1998,1,25,12,-10.1,915.7,9,340,64
1998,1,25,15,-11,915.4,NA,290,48
1998,1,25,18,-9.4,915.2,NA,220,45
1998,1,25,21,-8.2,915.1,NA,0,38
1998,1,26,0,-8.2,915,NA,290,45
1998,1,26,3,-7.4,914.7,NA,0,61
1998,1,26,6,-7.5,913.7,NA,230,59
1998,1,26,9,-7.9,913.5,NA,230,69
1998,1,26,12,-7.2,913.8,NA,240,73
1998,1,26,15,-8.2,913.7,NA,230,82
1998,1,26,18,-7.7,913.2,NA,210,69
1998,1,26,21,-6.5,913,NA,220,64
1998,1,27,0,-7,913.4,NA,230,70
1998,1,27,3,-7.7,913.4,NA,210,72
1998,1,27,6,-8.1,914,NA,220,88
1998,1,27,9,-8.9,914.7,NA,250,90
1998,1,27,12,-8.9,915.2,NA,310,90
1998,1,27,15,-8.9,915.3,NA,0,90
1998,1,27,18,-9,915.5,NA,240,90
1998,1,27,21,-8.9,916.3,NA,230,90
1998,1,28,0,-8.6,917.2,6,230,90
1998,1,28,3,-8.6,917.2,7,240,90
1998,1,28,6,-8.6,917.3,NA,240,90
1998,1,28,9,-8.7,917.1,NA,240,90
1998,1,28,12,-8.7,917,NA,220,89
1998,1,28,15,-9.5,914.1,NA,220,89
1998,1,28,18,-9.4,912.6,NA,240,85
1998,1,28,21,-9.3,910.7,NA,240,89
1998,1,29,0,-8.4,913.9,NA,230,90
1998,1,29,3,-8,913.8,NA,220,91
1998,1,29,6,-8.1,912.8,38,230,91
1998,1,29,9,-8.5,909.4,NA,230,90
1998,1,29,12,-8.7,909.8,NA,230,90
1998,1,29,15,-8.5,906.3,NA,240,87
1998,1,29,18,-7,905.1,NA,200,55
1998,1,29,21,-4.6,901.8,NA,230,48
1998,1,30,0,-4.6,899.5,NA,0,55
1998,1,30,3,-7.3,897.5,NA,250,67
1998,1,30,6,-7.2,896.1,4,30,57
1998,1,30,9,-6.7,896.8,5,250,60
1998,1,30,12,-8.3,898.4,NA,0,68
1998,1,30,15,-8.5,900.3,NA,220,70
1998,1,30,18,-8.1,902.3,NA,230,76
1998,1,30,21,-9.6,904.2,11,240,84
1998,1,31,0,-8.1,905.8,12,230,87
1998,1,31,3,-8.3,907.1,NA,NA,90
1998,1,31,6,-6.2,909.2,NA,NA,68
1998,1,31,9,-7.4,912.1,NA,NA,83
1998,1,31,12,-7.4,914.7,NA,250,63
1998,1,31,15,-7.5,916.6,NA,250,58
1998,1,31,18,-7.7,918.7,NA,230,69
1998,1,31,21,-7.2,920.5,9,230,75
1998,2,1,0,-5.4,922.2,NA,220,65
1998,2,1,3,-5.9,922.7,NA,30,68
1998,2,1,6,NA,923.3,1,330,48
1998,2,1,9,-4.4,923.1,3,340,43
1998,2,1,12,-4.9,922.3,NA,10,33
1998,2,1,15,-4.3,921.4,NA,330,32
1998,2,1,18,-1.8,921.7,NA,0,24
1998,2,1,21,0.5,921.3,NA,NA,24
1998,2,2,0,-1.8,919.6,NA,360,31
1998,2,2,3,-1.5,918,NA,10,29
1998,2,2,6,-2.1,917.2,NA,20,28
1998,2,2,9,-5.5,916.2,NA,250,45
1998,2,2,12,-6.8,915.2,NA,220,91
1998,2,2,15,-7.4,913.8,NA,200,91
1998,2,2,18,-7.2,911.6,NA,240,91
1998,2,2,21,-7.9,910.2,NA,220,91
1998,2,3,0,-8.3,907.7,NA,230,91
1998,2,3,3,-7.4,904.1,NA,NA,91
1998,2,3,6,-7.3,902.1,NA,NA,91
1998,2,3,9,-6.5,903.4,58,NA,92
1998,2,3,12,-6.2,899.9,NA,NA,92
1998,2,3,15,-6.4,898.7,NA,NA,92
1998,2,3,18,-6.6,896.8,NA,NA,92
1998,2,3,21,-7,899.2,NA,NA,92
1998,2,4,0,-7.2,903.1,NA,NA,92
1998,2,4,3,-7.1,905.1,NA,240,92
1998,2,4,6,-7,904.2,NA,240,92
1998,2,4,9,-6.8,907.6,NA,230,92
1998,2,4,12,-7.2,911.9,NA,230,92
1998,2,4,15,-7.4,912,59,240,91
1998,2,4,18,-7.5,914,57,NA,91
1998,2,4,21,-7.5,915.4,56,NA,91
1998,2,5,0,-7.2,917.8,NA,NA,91
1998,2,5,3,-7.2,918.4,NA,NA,92
1998,2,5,6,-7.3,921.9,NA,NA,92
1998,2,5,9,-7.4,922.4,NA,230,92
1998,2,5,12,-7.2,924.3,NA,240,91
1998,2,5,15,-7.1,926.7,NA,230,88
1998,2,5,18,-7.3,928.3,NA,NA,85
1998,2,5,21,-7.5,929.5,NA,NA,89
1998,2,6,0,-6.8,929.6,NA,NA,88
1998,2,6,3,-7.2,929.4,NA,210,91
1998,2,6,6,-7.2,929.3,11,230,91
1998,2,6,9,-7.8,929.1,10,220,91
1998,2,6,12,-8,929.9,8,220,91
1998,2,6,15,-8.2,930,NA,0,89
1998,2,6,18,-8.7,929.5,NA,230,90
1998,2,6,21,-8.5,928.8,NA,240,88
1998,2,7,0,-7.9,929,NA,240,84
1998,2,7,3,-7.9,929.9,NA,230,80
1998,2,7,6,-8.4,930.2,NA,240,86
1998,2,7,9,-9.5,930.4,NA,240,82
1998,2,7,12,-9.4,930.9,9,240,85
1998,2,7,15,-9.8,931,NA,290,80
1998,2,7,18,-9.5,930.2,NA,340,79
1998,2,7,21,-9.4,929.8,NA,290,86
1998,2,8,0,-9,930.1,4,240,89
1998,2,8,3,NA,929.6,1,240,90
1998,2,8,6,-9.1,929.4,NA,40,89
1998,2,8,9,-9.1,929,4,70,89
1998,2,8,12,-8.4,928.8,NA,20,NA
1998,2,8,15,-8.6,928.2,NA,0,90
1998,2,8,18,-9,927.8,NA,0,90
1998,2,8,21,-9,927.6,NA,360,89
1998,2,9,0,-8.5,927.5,NA,NA,87
1998,2,9,3,-7.9,927.1,NA,270,80
1998,2,9,6,-7.1,926.9,NA,NA,83
1998,2,9,9,-8.6,926.6,NA,NA,54
1998,2,9,12,-7,925.7,NA,NA,42
1998,2,9,15,-8.3,924.4,NA,NA,48
1998,2,9,18,-7.3,923.8,NA,NA,62
1998,2,9,21,-8.4,923.5,NA,NA,82
1998,2,10,0,-7.9,923.7,NA,100,90
1998,2,10,3,-6.6,923.8,NA,NA,83
1998,2,10,6,-7.2,923.7,NA,360,73
1998,2,10,9,-6.8,923.9,NA,NA,72
1998,2,10,12,-7.1,923.8,NA,NA,81
1998,2,10,15,-8,923.6,NA,10,82
1998,2,10,18,-7.5,923.7,NA,NA,82
1998,2,10,21,-6.9,923.9,NA,20,75
1998,2,11,0,-6.7,924,NA,NA,NA
1998,2,11,3,-7.2,923.9,NA,NA,89
1998,2,11,6,-7.3,924.2,NA,NA,91
1998,2,11,9,-7,924.7,NA,0,91
1998,2,11,12,-7.1,924.9,NA,300,91
1998,2,11,15,-8,925.4,NA,280,91
1998,2,11,18,-10.7,925.4,NA,NA,89
1998,2,11,21,-9.7,925.7,NA,NA,89
1998,2,12,0,-9.1,924.9,NA,NA,90
1998,2,12,3,-8.9,924.4,NA,NA,90
1998,2,12,6,-9.9,924,NA,NA,88
1998,2,12,9,-9.8,923.6,29,230,83
1998,2,12,12,-10.2,923.2,NA,240,84
1998,2,12,15,-10.3,922.4,NA,230,80
1998,2,12,18,-11,922,NA,220,84
1998,2,12,21,-11.1,922.8,NA,230,83
1998,2,13,0,-11.4,922.6,NA,220,82
1998,2,13,3,-11.5,922,28,NA,87
1998,2,13,6,-12.1,922.3,28,NA,82
1998,2,13,9,-12.4,923.2,NA,NA,77
1998,2,13,12,-12,923.6,NA,240,76
1998,2,13,15,-13.6,924.2,NA,220,81
1998,2,13,18,-13.9,925.5,NA,230,76
1998,2,13,21,-13.4,925.9,NA,240,65
1998,2,14,0,-12.1,926.3,NA,50,64
1998,2,14,3,-12.6,925.8,NA,10,77
1998,2,14,6,-11.7,925.3,NA,20,83
1998,2,14,9,-11.2,925,NA,20,76
1998,2,14,12,-12,925.2,NA,0,84
1998,2,14,15,-12.9,925.2,NA,240,86
1998,2,14,18,-11.5,925.8,NA,190,87
1998,2,14,21,-11.1,925.4,NA,120,88
1998,2,15,0,-9.2,924.4,NA,0,89
1998,2,15,3,-9.1,923.3,3,40,90
1998,2,15,6,-10.3,923,NA,10,89
1998,2,15,9,-10.8,923,NA,NA,77
1998,2,15,12,-9.9,922.8,NA,NA,79
1998,2,15,15,-9.7,922.7,NA,NA,77
1998,2,15,18,-9.9,923.4,NA,NA,64
1998,2,15,21,-10.3,924.4,NA,0,87
1998,2,16,0,-8.4,925.6,NA,270,80
1998,2,16,3,-9,926.7,NA,NA,78
1998,2,16,6,-10.1,927.4,NA,230,84
1998,2,16,9,-9.7,927.7,4,240,89
1998,2,16,12,-9.3,927.6,3,270,89
1998,2,16,15,-10.9,926.8,6,250,88
1998,2,16,18,-10.8,925.9,NA,240,87
1998,2,16,21,-10.5,924.8,NA,230,83
1998,2,17,0,-10.3,923.8,15,250,88
1998,2,17,3,-10,923.3,17,240,89
1998,2,17,6,-11,922.3,NA,230,88
1998,2,17,9,-12.4,920.7,NA,240,82
1998,2,17,12,-13.3,920.1,NA,230,86
1998,2,17,15,-12.3,920.2,NA,230,84
1998,2,17,18,-12.2,920.8,45,230,84
1998,2,17,21,-12.1,922.8,NA,240,85
1998,2,18,0,-12.1,925.9,NA,240,83
1998,2,18,3,-12.1,928.3,NA,230,80
1998,2,18,6,-12.2,931.4,NA,230,78
1998,2,18,9,-12.4,933.2,NA,210,82
1998,2,18,12,-12.5,933.7,NA,220,83
1998,2,18,15,-12.4,933,NA,210,87
1998,2,18,18,-12.5,932.2,4,280,87
1998,2,18,21,-12.2,930.8,2,230,87
1998,2,19,0,-11.7,929.5,2,40,87
1998,2,19,3,-12.3,928.3,NA,260,87
1998,2,19,6,-12.4,926.8,NA,240,87
1998,2,19,9,-13,926,6,260,86
1998,2,19,12,-12.2,924.9,4,310,87
1998,2,19,15,-11.1,923.7,NA,350,80
1998,2,19,18,-11.9,923.5,NA,300,85
1998,2,19,21,-12.9,923.4,NA,250,87
1998,2,20,0,-12.2,923.6,NA,230,87
1998,2,20,3,-13.7,923.6,NA,NA,85
1998,2,20,6,-14.6,924,NA,NA,85
1998,2,20,9,-15.2,924.6,NA,NA,80
1998,2,20,12,-13.8,927.1,NA,250,80
1998,2,20,15,-14.5,928.4,NA,250,65
1998,2,20,18,-15.2,929.1,30,240,81
1998,2,20,21,-15.6,929.2,32,240,83
1998,2,21,0,-15.7,930.3,29,NA,83
1998,2,21,3,-15.7,930,30,NA,77
1998,2,21,6,-16.1,931.1,NA,NA,82
1998,2,21,9,-16.4,931.6,NA,NA,81
1998,2,21,12,-15.3,930.7,NA,300,70
1998,2,21,15,-15.3,929.1,NA,350,78
1998,2,21,18,-15.1,927.6,NA,20,78
1998,2,21,21,-15,926.2,NA,360,82
1998,2,22,0,-15.8,925,7,270,83
1998,2,22,3,-16.3,923.8,NA,250,83
1998,2,22,6,-15.9,923.3,9,250,83
1998,2,22,9,-18.2,922.5,NA,220,81
1998,2,22,12,-18.1,922.6,NA,220,81
1998,2,22,15,-18.3,922.3,23,230,80
1998,2,22,18,-18.8,922.4,NA,230,80
1998,2,22,21,-18.6,923.3,23,240,80
1998,2,23,0,-18.6,923.4,NA,240,78
1998,2,23,3,-18.3,923.7,NA,210,75
1998,2,23,6,-18.5,923.3,NA,230,71
1998,2,23,9,-18.5,922.7,9,250,67
1998,2,23,12,-18.4,922,NA,320,80
1998,2,23,15,-17.4,920.9,NA,60,81
1998,2,23,18,-18.2,920.3,NA,270,81
1998,2,23,21,-18.1,919.6,NA,260,81
1998,2,24,0,-18,918.7,NA,250,81
1998,2,24,3,-17.7,918,NA,230,81
1998,2,24,6,-16.8,917.9,NA,230,82
1998,2,24,9,-17.7,917.5,NA,220,81
1998,2,24,12,-18.3,918.2,NA,230,80
1998,2,24,15,-18.2,918,NA,230,80
1998,2,24,18,-18.6,918.4,NA,220,80
1998,2,24,21,-18.9,918.3,20,220,80
1998,2,25,0,-18.8,918.5,NA,210,80
1998,2,25,3,-19.3,917.7,NA,220,79
1998,2,25,6,-19.6,916.6,9,230,79
1998,2,25,9,-19.9,915.5,6,220,79
1998,2,25,12,-20.1,914.4,NA,220,78
1998,2,25,15,-20.2,913,8,210,78
1998,2,25,18,-20,912.3,8,230,78
1998,2,25,21,-20.2,911.4,NA,210,78
1998,2,26,0,-20.4,911.5,NA,220,78
1998,2,26,3,-20.9,909.9,NA,230,77
1998,2,26,6,-21.3,910.2,NA,220,77
1998,2,26,9,-21.5,910.4,NA,230,75
1998,2,26,12,-20.8,911.6,NA,240,77
1998,2,26,15,-20.3,913.6,NA,230,77
1998,2,26,18,-20,916.5,NA,220,77
1998,2,26,21,-19.9,919.8,NA,220,77
1998,2,27,0,-19.2,921.6,NA,220,69
1998,2,27,3,-18.7,922.2,NA,200,76
1998,2,27,6,-18.9,922.4,15,210,78
1998,2,27,9,-19.4,922,14,230,54
1998,2,27,12,-19.8,921.7,NA,240,78
1998,2,27,15,-17.8,921.7,NA,230,42
1998,2,27,18,-16.4,920.9,NA,240,55
1998,2,27,21,-15.2,921,NA,240,53
1998,2,28,0,-14.6,919.2,NA,NA,50
1998,2,28,3,-14.3,917.3,NA,NA,59
1998,2,28,6,-14.2,917.4,NA,NA,70
1998,2,28,9,-13.6,917.3,46,230,78
1998,2,28,12,-13.4,919.1,43,NA,77
1998,2,28,15,-13.1,919.5,NA,NA,77
1998,2,28,18,-12.9,919.6,44,NA,79
1998,2,28,21,-12.7,922.6,NA,NA,73
1998,3,1,0,-12.4,922.8,NA,220,68
1998,3,1,3,-13.4,923.9,NA,230,83
1998,3,1,6,-13.8,926.3,NA,NA,79
1998,3,1,9,-13.9,927.2,NA,NA,83
1998,3,1,12,-14.7,928.4,22,NA,79
1998,3,1,15,-14.7,929.5,NA,220,74
1998,3,1,18,-15.7,930.7,NA,210,82
1998,3,1,21,-15.2,931,NA,140,82
1998,3,2,0,-15.6,930.9,NA,0,82
1998,3,2,3,-15.6,930.3,NA,280,83
1998,3,2,6,-16.3,929.8,NA,260,82
1998,3,2,9,-17,929.1,NA,210,82
1998,3,2,12,-17.6,928.4,12,230,81
1998,3,2,15,-18,927.2,12,220,81
1998,3,2,18,-18.5,925.9,NA,240,80
1998,3,2,21,-18.2,924.6,15,230,80
1998,3,3,0,-16.9,923.5,14,250,82
1998,3,3,3,-16.2,922.3,NA,210,73
1998,3,3,6,-16.4,921.7,NA,230,56
1998,3,3,9,-17.1,919.3,NA,230,74
1998,3,3,12,-17.4,918.8,NA,220,56
1998,3,3,15,-16.5,917.6,NA,230,49
1998,3,3,18,-17.9,914.2,NA,230,63
1998,3,3,21,-17.9,917.8,NA,240,79
1998,3,4,0,-17.8,919.9,NA,230,65
1998,3,4,3,-16.2,919.8,NA,360,74
1998,3,4,6,-17.7,919.8,NA,340,69
1998,3,4,9,-18.5,920,NA,20,76
1998,3,4,12,-18.4,920,8,360,72
1998,3,4,15,-19,920.8,NA,360,74
1998,3,4,18,-18.4,922,NA,0,81
1998,3,4,21,-18,923.2,NA,30,80
1998,3,5,0,-17.8,924,4,40,80
1998,3,5,3,-17.9,924.3,3,50,81
1998,3,5,6,-18.1,925,2,240,80
1998,3,5,9,-18.3,925.7,3,260,80
1998,3,5,12,-18.7,926.2,4,260,80
1998,3,5,15,-18.9,926.7,4,270,80
1998,3,5,18,-19.1,927.2,5,260,79
1998,3,5,21,-18.8,927.2,4,260,79
1998,3,6,0,-18.1,926.8,2,290,80
1998,3,6,3,-17.7,926.1,1,10,81
1998,3,6,6,-18.3,925.5,NA,NA,80
1998,3,6,9,-18.5,924.1,3,330,80
1998,3,6,12,-19.2,923.2,NA,NA,79
1998,3,6,15,-18.9,923.1,4,220,79
1998,3,6,18,-18.8,922.9,4,230,80
1998,3,6,21,-18.1,922.1,1,10,81
1998,3,7,0,-17.3,921.9,NA,NA,81
1998,3,7,3,-17.6,921.4,2,100,81
1998,3,7,6,-17.8,920,1,50,81
1998,3,7,9,-18.4,919.2,1,90,80
1998,3,7,12,-18.3,918.6,1,70,80
1998,3,7,15,-18.6,918,NA,30,80
1998,3,7,18,-18.7,917.5,1,110,79
1998,3,7,21,-19.1,917,NA,NA,79
1998,3,8,0,-18.2,916.7,NA,NA,80
1998,3,8,3,-19.1,916.3,NA,NA,80
1998,3,8,6,-19.8,916.1,NA,NA,78
1998,3,8,9,-20.3,915.8,NA,NA,78
1998,3,8,12,-21,915.4,NA,NA,77
1998,3,8,15,-20.1,914.7,3,250,78
1998,3,8,18,-20.5,914.4,1,250,78
1998,3,8,21,-18.6,914.2,2,360,NA
1998,3,9,0,NA,913.8,NA,NA,82
1998,3,9,3,-18.9,913.4,4,10,80
1998,3,9,6,-19.1,913.1,NA,10,77
1998,3,9,9,-19,913.3,NA,10,75
1998,3,9,12,-18,913.4,6,20,79
1998,3,9,15,-17.9,913.4,NA,0,80
1998,3,9,18,-18.3,913,NA,230,80
1998,3,9,21,-18.1,912.7,NA,250,80
1998,3,10,0,-19.2,911.7,NA,240,80
1998,3,10,3,-20,910.3,NA,230,78
1998,3,10,6,-19.9,909.3,NA,220,79
1998,3,10,9,-18.2,907.9,NA,220,80
1998,3,10,12,-19,907.4,NA,NA,78
1998,3,10,15,-18.9,907.1,NA,NA,77
1998,3,10,18,-19,908.8,43,NA,76
1998,3,10,21,-18.6,909.7,42,240,76
1998,3,11,0,-18.5,912,NA,230,75
1998,3,11,3,-18.5,913.8,NA,230,72
1998,3,11,6,-19.1,914.8,NA,230,74
1998,3,11,9,-18.7,915.3,NA,220,78
1998,3,11,12,-19.4,914.8,NA,0,79
1998,3,11,15,-18.7,913.3,NA,40,79
1998,3,11,18,-18.4,912,NA,110,80
1998,3,11,21,-18.8,910.7,NA,0,80
1998,3,12,0,-19.6,909.7,4,270,79
1998,3,12,3,-19.8,908.4,4,250,79
1998,3,12,6,-20.2,907.7,NA,250,78
1998,3,12,9,-20.5,907.3,NA,240,78
1998,3,12,12,-21.2,907.2,11,240,77
1998,3,12,15,-21.1,907.1,9,230,77
1998,3,12,18,-21.5,907.2,NA,260,76
1998,3,12,21,-20.4,907.6,NA,0,77
1998,3,13,0,-20.8,908,3,140,77
1998,3,13,3,-21.1,908.8,3,200,77
1998,3,13,6,-21.6,910.2,NA,220,76
1998,3,13,9,-22.3,911.9,7,200,76
1998,3,13,12,-23,912.9,NA,200,74
1998,3,13,15,-23.5,913.7,6,210,74
1998,3,13,18,-24.6,913.9,10,210,73
1998,3,13,21,-25.9,914.3,NA,200,71
1998,3,14,0,-26.3,914.2,NA,220,70
1998,3,14,3,-26.7,914.7,NA,200,69
1998,3,14,6,-27.7,914.9,NA,200,68
1998,3,14,9,-27.9,914.8,NA,240,67
1998,3,14,12,-27.8,915,NA,90,68
1998,3,14,15,-28.9,915,NA,120,66
1998,3,14,18,-29.2,914.9,4,80,66
1998,3,14,21,-30.2,914.8,NA,NA,64
1998,3,15,0,-29.2,914.1,NA,50,66
1998,3,15,3,-29.9,913.1,NA,360,65
1998,3,15,6,-28.4,910.8,NA,50,67
1998,3,15,9,-27.5,908.6,NA,50,68
1998,3,15,12,-27.8,908,NA,60,68
1998,3,15,15,-26.7,907.7,NA,40,69
1998,3,15,18,-24.3,908.6,3,20,72
1998,3,15,21,-24,909.5,NA,0,73
1998,3,16,0,-23.7,910.4,NA,250,73
1998,3,16,3,-22.4,911.5,NA,240,75
1998,3,16,6,-23,912.8,8,260,75
1998,3,16,9,-24.1,913.3,10,250,72
1998,3,16,12,-23.1,913.9,8,250,74
1998,3,16,15,-22.2,914.4,NA,NA,75
1998,3,16,18,-21.8,914.8,NA,NA,75
1998,3,16,21,-21.8,915,NA,NA,76
1998,3,17,0,-20.8,915.4,NA,NA,78
1998,3,17,3,-21,915.8,NA,NA,77
1998,3,17,6,-21,915.9,NA,NA,77
1998,3,17,9,-21.5,916.3,NA,NA,76
1998,3,17,12,-22,916.9,NA,NA,76
1998,3,17,15,-22,916.8,NA,NA,75
1998,3,17,18,-21.3,916,17,30,76
1998,3,17,21,-22.6,916.7,NA,10,76
1998,3,18,0,-22.1,917.6,NA,0,75
1998,3,18,3,-20.7,918.7,NA,240,77
1998,3,18,6,-21.6,919.6,NA,NA,76
1998,3,18,9,-20.7,921.5,NA,NA,77
1998,3,18,12,-22,923.2,NA,NA,75
1998,3,18,15,-22.4,926.2,NA,NA,75
1998,3,18,18,-21.7,928.4,21,NA,76
1998,3,18,21,-21.2,929.9,NA,230,77
1998,3,19,0,-19.3,932.4,NA,230,78
1998,3,19,3,-19.1,932.7,NA,220,79
1998,3,19,6,-18.7,934.1,NA,220,79
1998,3,19,9,-18.2,933.8,NA,230,80
1998,3,19,12,-18.7,931.6,NA,220,80
1998,3,19,15,-18.9,930.2,NA,NA,79
1998,3,19,18,-18.3,930.4,NA,NA,80
1998,3,19,21,-18,928.4,NA,230,80
1998,3,20,0,-18.1,928.3,NA,220,80
1998,3,20,3,-17.4,928,55,220,80
1998,3,20,6,-17.4,930.6,NA,220,81
1998,3,20,9,-17.4,930.5,NA,230,79
1998,3,20,12,-16.7,930.3,50,230,80
1998,3,20,15,-16.7,930.8,NA,NA,81
1998,3,20,18,-16.4,928.4,47,NA,82
1998,3,20,21,-17,927.7,48,NA,82
1998,3,21,0,-16,928.5,NA,NA,83
1998,3,21,3,-15,926,NA,NA,83
1998,3,21,6,-14.9,924.4,40,NA,83
1998,3,21,9,-15.8,923.4,NA,230,83
1998,3,21,12,-16.3,917.7,NA,230,82
1998,3,21,15,-16.8,915.2,NA,NA,81
1998,3,21,18,-17.4,911.7,NA,NA,81
1998,3,21,21,-17.7,911.6,54,NA,81
1998,3,22,0,-18,909.4,NA,NA,80
1998,3,22,3,-18.9,910.3,NA,220,79
1998,3,22,6,-19.6,910.3,NA,230,78
1998,3,22,9,-20.2,910,NA,230,78
1998,3,22,12,-20.6,910.1,52,220,78
1998,3,22,15,-20.9,910.4,NA,230,77
1998,3,22,18,-21.1,910.2,NA,220,77
1998,3,22,21,-21,909.5,NA,230,76
1998,3,23,0,-22.8,911.9,NA,220,75
1998,3,23,3,-23.7,911.8,NA,200,74
1998,3,23,6,-24.6,912.8,NA,210,72
1998,3,23,9,-24.6,911.5,NA,NA,72
1998,3,23,12,-23.8,910.1,NA,360,73
1998,3,23,15,-24.4,908.4,NA,10,73
1998,3,23,18,-24.4,906.8,NA,30,73
1998,3,23,21,-24.8,905.5,NA,360,72
1998,3,24,0,-24.6,905,NA,10,72
1998,3,24,3,-24,904.5,NA,30,73
1998,3,24,6,-23.8,905.1,NA,20,73
1998,3,24,9,-22.9,905.7,NA,0,74
1998,3,24,12,-22.9,905.9,NA,0,74
1998,3,24,15,-26.1,905.5,NA,250,70
1998,3,24,18,-25.2,906.8,NA,230,71
1998,3,24,21,-23.9,908.8,NA,330,73
1998,3,25,0,-24.8,910.9,NA,210,72
1998,3,25,3,-25.4,912.9,NA,0,71
1998,3,25,6,-25.4,914.6,NA,270,71
1998,3,25,9,-26.1,916.3,NA,NA,71
1998,3,25,12,-25.4,917.6,NA,NA,71
1998,3,25,15,-26,919.1,NA,NA,70
1998,3,25,18,-26.5,920.8,NA,NA,70
1998,3,25,21,-25.6,922.3,NA,NA,70
1998,3,26,0,-23,923.2,NA,NA,74
1998,3,26,3,-23.4,923.6,8,230,74
1998,3,26,6,-23.5,924.6,NA,360,72
1998,3,26,9,-23.1,925.2,2,20,66
1998,3,26,12,-23.5,925.4,NA,20,62
1998,3,26,15,-22.9,925.3,NA,20,61
1998,3,26,18,-21.2,924.9,NA,340,54
1998,3,26,21,-20,924.6,NA,20,53
1998,3,27,0,-21.5,924.4,11,30,44
1998,3,27,3,-21.5,924.4,NA,10,44
1998,3,27,6,-23.4,924.1,NA,30,54
1998,3,27,9,-23.4,924.3,NA,NA,56
1998,3,27,12,-24,923.9,NA,NA,65
1998,3,27,15,-24.8,923.2,NA,NA,72
1998,3,27,18,-25.1,922.5,NA,NA,71
1998,3,27,21,-24.2,921.7,4,50,72
1998,3,28,0,-23.2,919.9,5,10,74
1998,3,28,3,-23.4,917.9,NA,60,74
1998,3,28,6,-22.2,916,NA,50,75
1998,3,28,9,-22.8,915.1,4,10,74
1998,3,28,12,-22.5,913.8,NA,0,75
1998,3,28,15,-23.2,913.1,NA,NA,74
1998,3,28,18,-23.7,912.4,4,260,73
1998,3,28,21,-25.5,912.8,NA,230,71
1998,3,29,0,-25.1,913.3,NA,240,72
1998,3,29,3,-24.9,914.3,NA,220,72
1998,3,29,6,-24.2,915.5,14,220,72
1998,3,29,9,-25.3,915.4,NA,220,71
1998,3,29,12,-25.9,916.2,NA,230,70
1998,3,29,15,-27,916.4,NA,230,69
1998,3,29,18,-27.3,918.3,34,230,68
1998,3,29,21,-27.3,919.6,35,220,68
1998,3,30,0,-27.6,920.8,33,220,68
1998,3,30,3,-27.4,921.5,NA,220,68
1998,3,30,6,-28.1,922.8,NA,230,67
1998,3,30,9,-28.6,923.8,NA,240,67
1998,3,30,12,-29.2,924.1,NA,230,66
1998,3,30,15,-29.9,924.2,15,230,65
1998,3,30,18,-30.3,924.1,NA,230,64
1998,3,30,21,-31,924.1,NA,240,63
1998,3,31,0,-31.3,923.9,NA,330,63
1998,3,31,3,-31.5,923.2,NA,360,63
1998,3,31,6,-30.7,922.1,3,80,63
1998,3,31,9,-30.3,920.7,3,50,64
1998,3,31,12,-29.9,919.7,NA,NA,64
1998,3,31,15,-29.2,919.1,NA,NA,65
1998,3,31,18,-28.2,918.1,NA,NA,67
1998,3,31,21,-27.6,917.6,NA,10,67
1998,4,1,0,-27.6,917.1,NA,NA,68
1998,4,1,3,-26.7,915.9,1,50,69
1998,4,1,6,-26.5,914.5,3,40,69
1998,4,1,9,-26.3,913.7,NA,NA,70
1998,4,1,12,-25.7,913.4,NA,NA,70
1998,4,1,15,-25.9,912.9,NA,NA,70
1998,4,1,18,-25.9,912.5,NA,NA,70
1998,4,1,21,-26.3,911.9,NA,NA,70
1998,4,2,0,-26.1,912.1,NA,NA,70
1998,4,2,3,-26.2,912.1,NA,NA,70
1998,4,2,6,-25.4,912.8,NA,NA,70
1998,4,2,9,-25.2,913.8,NA,NA,71
1998,4,2,12,-25.1,914.3,NA,NA,71
1998,4,2,15,-25.5,915.2,NA,NA,71
1998,4,2,18,-25.4,916.1,NA,NA,71
1998,4,2,21,-25.5,916.8,NA,NA,71
1998,4,3,0,-25.6,918.2,NA,NA,70
1998,4,3,3,-26.9,918.8,1,230,69
1998,4,3,6,-26.7,919.1,1,220,69
1998,4,3,9,-28,919,NA,230,68
1998,4,3,12,-29.1,919.5,NA,220,66
1998,4,3,15,-30.5,919.8,7,230,64
1998,4,3,18,-29.9,921.2,NA,0,63
1998,4,3,21,-31.3,922.2,NA,10,62
1998,4,4,0,-32.3,NA,6,230,61
1998,4,4,3,-32.9,926.1,NA,0,61
1998,4,4,6,-33.1,926.5,NA,0,61
1998,4,4,9,-33.3,926.6,NA,NA,61
1998,4,4,12,-32.6,926.6,NA,NA,61
1998,4,4,15,-33.1,926.7,NA,NA,60
1998,4,4,18,-33,926.9,NA,NA,60
1998,4,4,21,-32.5,927.3,1,20,61
1998,4,5,0,-32,927.5,1,20,61
1998,4,5,3,-32.2,926.5,4,30,61
1998,4,5,6,-31.7,925.7,NA,NA,61
1998,4,5,9,-31.9,924.6,NA,NA,61
1998,4,5,12,-31.9,923.4,NA,NA,61
1998,4,5,15,-31.2,922.1,NA,NA,62
1998,4,5,18,-30.1,921.3,8,30,64
1998,4,5,21,-28.8,921.6,NA,20,66
1998,4,6,0,-28.7,921.2,NA,0,66
1998,4,6,3,-28.5,920.1,NA,NA,66
1998,4,6,6,-29,919.7,NA,NA,66
1998,4,6,9,-30,918.5,NA,230,64
1998,4,6,12,-32.9,917.2,NA,230,60
1998,4,6,15,-31.5,915.6,NA,230,60
1998,4,6,18,-30.1,914.9,NA,240,64
1998,4,6,21,-29.9,912.8,NA,230,64
1998,4,7,0,-29.5,910.6,NA,220,64
1998,4,7,3,-27.7,910.3,NA,220,66
1998,4,7,6,-29.9,911,NA,220,64
1998,4,7,9,-29.8,911.3,NA,210,59
1998,4,7,12,-32.2,911.6,NA,240,61
1998,4,7,15,-32.2,911.5,NA,240,62
1998,4,7,18,-32.5,911.5,NA,310,61
1998,4,7,21,-33.5,910.8,NA,210,60
1998,4,8,0,-33.4,909.8,NA,0,60
1998,4,8,3,-33.1,908.2,NA,10,60
1998,4,8,6,-33.4,906.4,NA,NA,60
1998,4,8,9,-34,904.4,NA,10,59
1998,4,8,12,-33.3,902.1,NA,360,59
1998,4,8,15,-33.2,901.5,NA,NA,59
1998,4,8,18,-32.2,902.1,NA,NA,61
1998,4,8,21,-31.1,903.4,NA,NA,62
1998,4,9,0,NA,905.8,NA,260,57
1998,4,9,3,-34,909.7,NA,220,59
1998,4,9,6,-33.2,911,NA,360,60
1998,4,9,9,-31.5,912.2,NA,0,62
1998,4,9,12,-30,913.7,8,360,60
1998,4,9,15,-28.8,913.9,NA,330,42
1998,4,9,18,-28.2,913.8,NA,330,30
1998,4,9,21,-26.7,914.2,18,360,29
1998,4,10,0,-24.2,914.9,NA,360,26
1998,4,10,3,-24,915.6,NA,NA,21
1998,4,10,6,-22.4,914.8,NA,NA,21
1998,4,10,9,-23.6,912.3,NA,NA,22
1998,4,10,12,NA,911.7,NA,250,49
1998,4,10,15,NA,912.9,NA,220,62
1998,4,10,18,-30.3,915.6,NA,220,63
1998,4,10,21,-30.2,915.5,NA,220,63
1998,4,11,0,-30.2,914.3,NA,350,63
1998,4,11,3,-27.5,914.8,NA,230,55
1998,4,11,6,NA,917.1,NA,360,41
1998,4,11,9,-25,919.1,NA,20,42
1998,4,11,12,-21.6,920.1,NA,230,30
1998,4,11,15,NA,922.6,NA,0,32
1998,4,11,18,NA,922.4,NA,0,24
1998,4,11,21,NA,922.9,NA,NA,17
1998,4,12,0,NA,923.6,NA,NA,16
1998,4,12,3,NA,922.4,NA,20,15
1998,4,12,6,-4.9,920.5,NA,250,16
1998,4,12,9,-6.7,919.2,NA,330,18
1998,4,12,12,-5,917,NA,340,19
1998,4,12,15,-4.5,914.8,NA,20,25
1998,4,12,18,NA,912.8,NA,NA,30
1998,4,12,21,NA,909.4,NA,320,49
1998,4,13,0,-14.7,907.3,NA,NA,58
1998,4,13,3,NA,906.2,NA,NA,73
1998,4,13,6,NA,905.9,NA,230,72
1998,4,13,9,-19.9,904.4,NA,290,76
1998,4,13,12,NA,902,NA,240,71
1998,4,13,15,NA,900.9,NA,200,68
1998,4,13,18,-26.7,899.3,NA,200,68
1998,4,13,21,-27.2,897.7,NA,230,65
1998,4,14,0,-27.7,897.7,NA,240,66
1998,4,14,3,-29.1,898.9,NA,230,65
1998,4,14,6,-29.5,898.8,NA,240,64
1998,4,14,9,-29.9,898.1,NA,230,63
1998,4,14,12,-30,898.4,NA,240,63
1998,4,14,15,-29,897.9,NA,0,64
1998,4,14,18,-29.1,896.4,NA,0,63
1998,4,14,21,-28.2,894.6,NA,NA,58
1998,4,15,0,-27.3,893.4,NA,NA,50
1998,4,15,3,-28.3,893.2,NA,NA,41
1998,4,15,6,-28.2,893.7,NA,250,40
1998,4,15,9,-27.6,894.9,NA,230,37
1998,4,15,12,-25.4,896,NA,0,40
1998,4,15,15,-24.1,896.4,NA,320,36
1998,4,15,18,-21.4,896.7,NA,230,45
1998,4,15,21,NA,895.1,NA,230,64
1998,4,16,0,-17.5,893.1,NA,240,79
1998,4,16,3,-17.4,896.6,NA,230,79
1998,4,16,6,-15.9,898.2,NA,230,82
1998,4,16,9,-15.7,903.1,NA,220,82
1998,4,16,12,-15.6,907.6,NA,230,80
1998,4,16,15,-17.8,908.4,NA,280,63
1998,4,16,18,-18,908.3,NA,250,61
1998,4,16,21,-19.9,907.5,NA,70,75
1998,4,17,0,-19,906.1,NA,20,78
1998,4,17,3,-19.3,905.8,NA,40,78
1998,4,17,6,-22.7,906.8,NA,NA,75
1998,4,17,9,-21.7,907.9,NA,0,75
1998,4,17,12,-22.2,909.3,4,NA,75
1998,4,17,15,-22,910.2,NA,0,75
1998,4,17,18,-22.5,910.4,NA,20,74
1998,4,17,21,-22.6,910.7,NA,50,74
1998,4,18,0,-24.1,910.3,NA,NA,72
1998,4,18,3,-24.7,909.8,NA,NA,71
1998,4,18,6,-24.7,908.5,NA,NA,71
1998,4,18,9,-24.5,907.9,9,230,72
1998,4,18,12,-26.1,906.4,NA,220,69
1998,4,18,15,-23.9,909.1,NA,260,71
1998,4,18,18,-21.9,909.7,NA,20,75
1998,4,18,21,-19.6,910.6,NA,360,51
1998,4,19,0,-20,912.3,NA,20,45
1998,4,19,3,-20,914.3,NA,360,42
1998,4,19,6,-21.9,916.9,NA,10,56
1998,4,19,9,-22.2,918.4,NA,0,57
1998,4,19,12,-22.6,921,NA,230,65
1998,4,19,15,-23.2,921.9,NA,350,58
1998,4,19,18,-22.4,922.6,NA,360,73
1998,4,19,21,-21.7,922.3,NA,60,74
1998,4,20,0,-22.6,921.1,NA,0,74
1998,4,20,3,NA,918.2,NA,260,71
1998,4,20,6,-25.5,914.6,NA,230,69
1998,4,20,9,NA,909.5,NA,220,73
1998,4,20,12,-23.3,908.8,NA,230,73
1998,4,20,15,-23.2,914,NA,240,73
1998,4,20,18,-23.1,917.4,NA,240,73
1998,4,20,21,-22.2,919.5,NA,200,73
1998,4,21,0,-22.4,921.7,NA,230,74
1998,4,21,3,-23.1,923.9,NA,240,73
1998,4,21,6,-23.8,926.2,NA,230,72
1998,4,21,9,-24.5,927.8,NA,80,72
1998,4,21,12,-25.3,927.3,NA,0,71
1998,4,21,15,-26.1,925.7,3,30,69
1998,4,21,18,-25.6,923.6,1,10,70
1998,4,21,21,-27.3,920.9,NA,330,68
1998,4,22,0,-24.7,918.5,NA,10,71
1998,4,22,3,-23.8,916.5,NA,10,71
1998,4,22,6,-22.3,915.4,3,260,74
1998,4,22,9,-25.7,914.6,2,10,70
1998,4,22,12,-25.1,914.2,4,250,70
1998,4,22,15,-29.5,914.9,NA,210,65
1998,4,22,18,NA,915.3,NA,210,71
1998,4,22,21,-26.4,917.4,NA,230,69
1998,4,23,0,-28.7,919,NA,NA,66
1998,4,23,3,-29.5,922.4,38,NA,64
1998,4,23,6,-29.9,927.2,NA,NA,63
1998,4,23,9,-30,931.2,NA,NA,62
1998,4,23,12,-29.8,932.9,NA,NA,59
1998,4,23,15,-29.5,933.3,NA,NA,52
1998,4,23,18,-28.8,933,NA,NA,51
1998,4,23,21,-28.6,932.1,NA,NA,51
1998,4,24,0,-28.8,933.1,NA,240,53
1998,4,24,3,-28.1,932.7,NA,230,52
1998,4,24,6,-27.7,932.6,NA,220,53
1998,4,24,9,-28.7,932.9,NA,240,64
1998,4,24,12,-26.1,933,NA,0,39
1998,4,24,15,-28.5,933.2,NA,0,45
1998,4,24,18,-29.4,933.6,NA,40,63
1998,4,24,21,-29.7,933.9,NA,40,63
1998,4,25,0,-29.7,935.9,9,20,63
1998,4,25,3,-29,937,8,10,64
1998,4,25,6,-28.8,937.8,NA,0,64
1998,4,25,9,NA,938.6,NA,350,65
1998,4,25,12,NA,940.2,NA,20,35
1998,4,25,15,NA,940.6,NA,NA,23
1998,4,25,18,NA,940.9,NA,10,16
1998,4,25,21,-13.2,939.9,NA,20,18
1998,4,26,0,-15,936.9,NA,20,22
1998,4,26,3,-15,931.9,NA,30,25
1998,4,26,6,NA,927.8,NA,300,38
1998,4,26,9,NA,923.5,NA,250,35
1998,4,26,12,NA,919.9,NA,260,42
1998,4,26,15,-8.5,915.1,NA,250,62
1998,4,26,18,-10.4,915,NA,240,46
1998,4,26,21,NA,915.2,NA,70,78
1998,4,27,0,NA,915.2,NA,270,70
1998,4,27,3,-18.7,913.3,NA,230,70
1998,4,27,6,-17.4,915.2,NA,220,62
1998,4,27,9,-19.3,918.1,NA,210,63
1998,4,27,12,-18.6,918.4,NA,200,68
1998,4,27,15,-19.5,918,NA,230,77
1998,4,27,18,-19,915.8,NA,NA,75
1998,4,27,21,-18.6,917.1,NA,NA,75
1998,4,28,0,-19.1,918.7,NA,NA,72
1998,4,28,3,-18,919,NA,0,60
1998,4,28,6,-17.9,916.7,NA,360,47
1998,4,28,9,-19,914.4,NA,0,50
1998,4,28,12,-20.6,912.2,2,340,53
1998,4,28,15,-20.3,910.9,2,210,65
1998,4,28,18,-21.4,910,5,10,61
1998,4,28,21,-21.5,909.4,NA,0,53
1998,4,29,0,-21.1,909.4,NA,10,NA
1998,4,29,3,-21.7,909.6,NA,0,69
1998,4,29,6,-20.1,910.1,NA,0,76
1998,4,29,9,-20.4,910.8,NA,250,74
1998,4,29,12,-23.4,912,NA,250,74
1998,4,29,15,-23.3,913,NA,240,72
1998,4,29,18,-22.5,915.6,12,230,73
1998,4,29,21,-21.2,918.3,13,230,75
1998,4,30,0,-20.9,921.7,10,220,75
1998,4,30,3,-20.5,923.6,12,230,76
1998,4,30,6,-20,925.9,9,230,76
1998,4,30,9,-20,926.7,12,220,77
1998,4,30,12,-20.3,928,12,230,77
1998,4,30,15,-20.4,928.9,10,240,76
1998,4,30,18,-20.9,929,NA,240,76
1998,4,30,21,-20,928.6,NA,0,77
1998,5,1,0,-22.1,927.3,NA,0,75
1998,5,1,3,-21.3,925.8,NA,NA,75
1998,5,1,6,-22.4,924.5,4,250,74
1998,5,1,9,-22.5,923.2,NA,230,74
1998,5,1,12,-25.3,922.8,NA,230,72
1998,5,1,15,-26.7,923,NA,220,69
1998,5,1,18,-27.1,921.8,NA,NA,68
1998,5,1,21,-26.7,922.4,NA,NA,68
1998,5,2,0,-25.8,925.2,NA,NA,66
1998,5,2,3,-25.6,926.2,NA,NA,59
1998,5,2,6,-25.9,927.3,NA,230,63
1998,5,2,9,-25.7,928.3,NA,240,64
1998,5,2,12,-26.3,928.7,NA,240,68
1998,5,2,15,-26.3,928.7,NA,230,68
1998,5,2,18,-27.6,927.2,NA,230,67
1998,5,2,21,-28.8,926.8,NA,240,65
1998,5,3,0,-28.4,924.7,NA,240,65
1998,5,3,3,-28.4,921.6,NA,230,65
1998,5,3,6,-28.5,918.6,NA,220,65
1998,5,3,9,-29.3,915.7,NA,230,64
1998,5,3,12,-28.7,912,NA,NA,65
1998,5,3,15,-29.4,910.5,NA,NA,64
1998,5,3,18,-29.2,905.6,NA,NA,64
1998,5,3,21,-29.4,902.7,NA,NA,63
1998,5,4,0,-30.1,905.4,NA,230,63
1998,5,4,3,-30,906.7,NA,NA,63
1998,5,4,6,-29.8,909.5,NA,NA,63
1998,5,4,9,-29.8,907.4,NA,NA,63
1998,5,4,12,-28.6,912.3,54,NA,65
1998,5,4,15,-28,915.6,NA,220,65
1998,5,4,18,-27.7,915.4,NA,230,66
1998,5,4,21,-26.7,915.1,NA,230,64
1998,5,5,0,-26.6,915,NA,220,57
1998,5,5,3,-26.6,914.2,NA,0,60
1998,5,5,6,-25.6,913.2,NA,NA,47
1998,5,5,9,-25.9,911.8,NA,NA,44
1998,5,5,12,-25,910,NA,NA,31
1998,5,5,15,-23.9,908.5,NA,350,29
1998,5,5,18,-25.2,907.5,NA,NA,30
1998,5,5,21,-25.2,907,NA,NA,33
1998,5,6,0,-23.8,906.1,NA,NA,27
1998,5,6,3,-23.3,905.9,NA,NA,27
1998,5,6,6,-22.5,905.7,NA,NA,27
1998,5,6,9,-21.5,904.7,NA,250,25
1998,5,6,12,-21.1,903.5,NA,NA,25
1998,5,6,15,-19.8,902.5,NA,NA,23
1998,5,6,18,-19.6,902,2,290,33
1998,5,6,21,-17.2,902.7,3,320,36
1998,5,7,0,-19,904,NA,260,33
1998,5,7,3,-21.1,906.2,NA,240,48
1998,5,7,6,-20.5,908.6,NA,240,56
1998,5,7,9,-20.2,910.7,NA,0,49
1998,5,7,12,-20.3,914.1,NA,230,65
1998,5,7,15,-20.1,916.9,NA,240,67
1998,5,7,18,-19.1,919.8,NA,230,66
1998,5,7,21,-20.2,919.5,NA,NA,76
1998,5,8,0,-19.7,922.1,NA,NA,65
1998,5,8,3,-20.7,925.8,NA,NA,68
1998,5,8,6,-21,926.7,NA,0,72
1998,5,8,9,-18.1,924.8,NA,290,50
1998,5,8,12,-18.2,922.3,NA,340,30
1998,5,8,15,-15.8,918.2,NA,360,24
1998,5,8,18,NA,914.2,NA,360,14
1998,5,8,21,NA,912.6,NA,0,22
1998,5,9,0,NA,912.6,NA,220,62
1998,5,9,3,NA,911.5,NA,NA,68
1998,5,9,6,-24.4,913.7,NA,NA,60
1998,5,9,9,-25,914.8,NA,NA,62
1998,5,9,12,-25.3,916.4,NA,280,55
1998,5,9,15,-25.1,916.9,NA,0,65
1998,5,9,18,-25.3,917.2,NA,240,57
1998,5,9,21,-26.3,918.3,NA,230,68
1998,5,10,0,-26.3,919.3,NA,230,58
1998,5,10,3,-26.8,919.5,NA,230,63
1998,5,10,6,-26.7,918.9,NA,0,67
1998,5,10,9,-26.8,918.5,NA,30,67
1998,5,10,12,-28.1,919,NA,350,65
1998,5,10,15,-27,919.5,NA,360,61
1998,5,10,18,-26.9,919.3,NA,10,50
1998,5,10,21,-23,920,NA,NA,31
1998,5,11,0,NA,921.3,NA,NA,25
1998,5,11,3,-18.3,923.3,1,340,26
1998,5,11,6,-18.3,924.6,NA,240,23
1998,5,11,9,-17.8,927.8,NA,0,21
1998,5,11,12,-20.1,927.8,NA,10,20
1998,5,11,15,-18.2,926.3,NA,0,21
1998,5,11,18,NA,925.7,NA,240,34
1998,5,11,21,-20.9,926.9,NA,0,42
1998,5,12,0,NA,926.2,NA,0,24
1998,5,12,3,-21.5,925.3,NA,240,36
1998,5,12,6,-22.4,926.9,NA,210,67
1998,5,12,9,-20.2,929.2,NA,230,48
1998,5,12,12,-22.2,929.9,NA,220,71
1998,5,12,15,-24.2,930.1,NA,220,66
1998,5,12,18,-25.3,929.9,NA,220,68
1998,5,12,21,-25.4,932.4,NA,210,66
1998,5,13,0,-26.4,932.1,NA,270,67
1998,5,13,3,-26.7,931.1,NA,NA,67
1998,5,13,6,-27.2,928.7,NA,20,66
1998,5,13,9,-27.2,925.7,NA,20,66
1998,5,13,12,-28.1,922.1,NA,30,65
1998,5,13,15,-28,918.4,NA,10,65
1998,5,13,18,-26.6,915,NA,40,66
1998,5,13,21,-25.7,913.5,NA,30,69
1998,5,14,0,-26.3,912.6,NA,240,67
1998,5,14,3,-27.7,912.4,NA,240,66
1998,5,14,6,-26.8,913.5,NA,220,66
1998,5,14,9,-25.9,915,NA,230,68
1998,5,14,12,-26.3,913.2,NA,NA,68
1998,5,14,15,-26.8,913.1,NA,NA,67
1998,5,14,18,-26.7,913.8,47,NA,67
1998,5,14,21,-27.1,912.9,48,240,66
1998,5,15,0,-27,911.9,NA,240,66
1998,5,15,3,-26.6,912.3,52,NA,67
1998,5,15,6,-26.6,910.8,NA,NA,67
1998,5,15,9,-25.8,911.5,NA,NA,58
1998,5,15,12,-25.8,913.2,53,230,64
1998,5,15,15,-25.6,914.4,NA,NA,66
1998,5,15,18,-25,916.3,49,NA,58
1998,5,15,21,-24.7,918.3,NA,NA,61
1998,5,16,0,-24,918.7,NA,NA,60
1998,5,16,3,-24.3,919.1,NA,220,61
1998,5,16,6,-23.5,917.7,NA,230,60
1998,5,16,9,-23.8,915.4,NA,230,63
1998,5,16,12,-24.4,916.5,NA,230,67
1998,5,16,15,-22.8,914.8,NA,220,71
1998,5,16,18,-21.6,911.9,NA,220,60
1998,5,16,21,-23.2,909.7,NA,220,71
1998,5,17,0,-21.4,908.6,NA,230,73
1998,5,17,3,-20.4,904.5,NA,220,70
1998,5,17,6,-18.3,903,NA,240,67
1998,5,17,9,-17,900.8,NA,240,64
1998,5,17,12,-15.7,896.9,NA,230,69
1998,5,17,15,-14.1,896.1,NA,230,80
1998,5,17,18,-13.6,897.4,NA,240,83
1998,5,17,21,-12.2,896.9,NA,230,78
1998,5,18,0,-10.6,897,NA,230,70
1998,5,18,3,-10.2,899.4,NA,230,66
1998,5,18,6,-11.4,901,NA,0,85
1998,5,18,9,-10.9,902.1,NA,280,87
1998,5,18,12,-12.4,905.2,NA,40,86
1998,5,18,15,-13,907.9,2,320,84
1998,5,18,18,-14.7,909.9,NA,240,85
1998,5,18,21,-14.1,911.1,NA,230,85
1998,5,19,0,-14.6,912.8,NA,230,84
1998,5,19,3,-15.9,915.4,NA,240,82
1998,5,19,6,-16.1,922,NA,NA,82
1998,5,19,9,-16.8,922.8,NA,NA,80
1998,5,19,12,-16.5,926.8,NA,NA,79
1998,5,19,15,-17.7,925.6,NA,NA,81
1998,5,19,18,-17.7,926.3,NA,220,80
1998,5,19,21,-17.5,926.2,NA,230,79
1998,5,20,0,-18.6,925.5,48,NA,79
1998,5,20,3,-18.8,925,NA,NA,79
1998,5,20,6,-18.7,926.1,NA,NA,78
1998,5,20,9,-18.9,925.9,NA,NA,76
1998,5,20,12,-18.9,925.4,NA,220,78
1998,5,20,15,-19.6,922.5,NA,10,78
1998,5,20,18,-19.8,919.2,NA,10,68
1998,5,20,21,-20.6,917.1,NA,0,73
1998,5,21,0,-21.3,915.1,NA,10,75
1998,5,21,3,-21.4,914.2,NA,360,76
1998,5,21,6,-21.9,913.8,NA,360,75
1998,5,21,9,-21.8,914,4,290,75
1998,5,21,12,-23.4,914.5,NA,260,73
1998,5,21,15,-23.4,914.8,7,250,73
1998,5,21,18,-22.5,915.2,6,230,74
1998,5,21,21,-23.1,916.5,NA,330,73
1998,5,22,0,-23,917.4,NA,200,74
1998,5,22,3,-24.2,918.2,NA,210,72
1998,5,22,6,-24.9,918.7,7,240,71
1998,5,22,9,-26.1,919.2,8,230,70
1998,5,22,12,-26.8,919.2,9,NA,68
1998,5,22,15,-26.6,919.6,8,NA,68
1998,5,22,18,-27.6,919.3,9,NA,68
1998,5,22,21,-27.2,919.3,9,NA,68
1998,5,23,0,-28.3,918.7,10,NA,67
1998,5,23,3,-28.6,919.6,8,220,66
1998,5,23,6,-28.7,919.6,6,240,66
1998,5,23,9,-29,919.5,7,230,65
1998,5,23,12,-29.3,918.9,7,240,65
1998,5,23,15,-30.5,919.5,NA,280,64
1998,5,23,18,-27.8,919.7,4,240,66
1998,5,23,21,-27.4,919.8,NA,NA,67
1998,5,24,0,-25.9,919.4,NA,NA,69
1998,5,24,3,-24.8,919.2,NA,NA,71
1998,5,24,6,-24.8,918.8,NA,NA,71
1998,5,24,9,-24.4,918.1,NA,NA,71
1998,5,24,12,-23.5,917.8,NA,NA,72
1998,5,24,15,-23.7,917.6,NA,NA,72
1998,5,24,18,-22.5,918,NA,NA,74
1998,5,24,21,-22,919.3,NA,NA,75
1998,5,25,0,-22,920.1,4,230,75
1998,5,25,3,-20.8,921.3,5,240,76
1998,5,25,6,-18.1,922.7,3,300,78
1998,5,25,9,NA,923,NA,240,42
1998,5,25,12,-13.9,923.7,NA,240,37
1998,5,25,15,-14.9,924.9,NA,0,35
1998,5,25,18,-16.6,925,NA,230,39
1998,5,25,21,-16,925,NA,240,36
1998,5,26,0,-16.9,925,NA,240,39
1998,5,26,3,-17,925.8,NA,230,48
1998,5,26,6,-15.1,927.5,NA,280,42
1998,5,26,9,-14,928.6,NA,0,28
1998,5,26,12,-15.7,928.6,NA,NA,35
1998,5,26,15,-15.2,928.5,NA,230,37
1998,5,26,18,-13.6,929.7,NA,360,33
1998,5,26,21,-13.3,928.9,NA,NA,32
1998,5,27,0,-16.1,926.8,NA,240,49
1998,5,27,3,-16.2,925.5,NA,240,47
1998,5,27,6,-16.3,922.6,NA,230,64
1998,5,27,9,-15.5,923.5,NA,220,82
1998,5,27,12,-14.8,923.9,NA,220,83
1998,5,27,15,-14.3,922.4,NA,230,83
1998,5,27,18,-13.9,923.1,NA,240,84
1998,5,27,21,-13.8,922.5,NA,230,83
1998,5,28,0,-14,922.7,NA,230,84
1998,5,28,3,-14.2,928.1,NA,250,84
1998,5,28,6,-13.6,927.1,NA,220,85
1998,5,28,9,-13.5,924.2,NA,NA,85
1998,5,28,12,-14,924.3,NA,NA,85
1998,5,28,15,-14.7,922.8,NA,NA,84
1998,5,28,18,-14.6,922.3,NA,230,84
1998,5,28,21,-13.9,921.4,NA,230,77
1998,5,29,0,-13.9,920.4,NA,240,54
1998,5,29,3,-14.1,918.7,NA,350,60
1998,5,29,6,-16,916.8,NA,20,64
1998,5,29,9,-17.3,915.4,NA,10,72
1998,5,29,12,-17.3,915.5,NA,360,72
1998,5,29,15,-17.4,913.2,NA,350,68
1998,5,29,18,-17.2,909.6,NA,360,70
1998,5,29,21,-17,908.2,NA,10,65
1998,5,30,0,-17.1,907.6,NA,20,58
1998,5,30,3,-20.6,907.1,NA,220,57
1998,5,30,6,NA,907.6,NA,260,76
1998,5,30,9,-23,907.5,NA,210,73
1998,5,30,12,-23.7,908,NA,250,72
1998,5,30,15,-23.8,909.1,NA,0,72
1998,5,30,18,-23.6,910,NA,240,72
1998,5,30,21,-23.7,911,NA,260,72
1998,5,31,0,-23.7,911.2,NA,0,72
1998,5,31,3,-22.9,910.6,NA,NA,73
1998,5,31,6,-23.2,909.5,NA,NA,74
1998,5,31,9,-21.9,908.5,NA,NA,72
1998,5,31,12,-19.7,907.7,NA,240,73
1998,5,31,15,-20.3,907.4,NA,230,68
1998,5,31,18,-18.6,906.9,NA,230,70
1998,5,31,21,NA,906.5,NA,230,61
1998,6,1,0,-14.6,905.5,NA,240,72
1998,6,1,3,-14.7,903,NA,230,82
1998,6,1,6,-13.2,900.8,NA,NA,71
1998,6,1,9,-11.5,898,NA,NA,71
1998,6,1,12,-11.1,902,NA,NA,60
1998,6,1,15,-10.9,903.3,NA,360,53
1998,6,1,18,-13.1,903.2,NA,20,58
1998,6,1,21,NA,905.2,NA,0,73
1998,6,2,0,-17.7,905.9,NA,0,75
1998,6,2,3,-17.6,905.4,NA,NA,71
1998,6,2,6,-18,904.7,NA,0,58
1998,6,2,9,-18.3,904.6,2,360,63
1998,6,2,12,-17.9,905.9,NA,350,63
1998,6,2,15,-17.4,908.7,NA,0,57
1998,6,2,18,-19.4,911,NA,230,71
1998,6,2,21,-20.2,912.4,NA,220,71
1998,6,3,0,-20.9,914.6,NA,230,76
1998,6,3,3,-21.1,916.3,NA,240,76
1998,6,3,6,-21.1,917.6,NA,270,76
1998,6,3,9,-20.7,918,NA,340,76
1998,6,3,12,-20.7,918.1,NA,240,76
1998,6,3,15,-19.3,918.1,NA,240,77
1998,6,3,18,-18.8,917.7,NA,220,61
1998,6,3,21,-19.4,917.7,NA,250,61
1998,6,4,0,-19.6,917.5,NA,230,70
1998,6,4,3,-20.2,917.1,NA,220,74
1998,6,4,6,-20.1,915.7,NA,0,77
1998,6,4,9,-18.3,914.2,NA,0,48
1998,6,4,12,-16.9,912.8,NA,NA,35
1998,6,4,15,-16.2,911.6,NA,NA,31
1998,6,4,18,-16.9,910.5,NA,NA,32
1998,6,4,21,-16.5,909.2,12,10,34
1998,6,5,0,-17.6,907.9,NA,0,37
1998,6,5,3,-18,906.5,NA,0,38
1998,6,5,6,-19.7,905.8,NA,30,43
1998,6,5,9,-18.6,906.2,NA,NA,36
1998,6,5,12,-19.1,907.5,NA,NA,41
1998,6,5,15,-22.8,909.3,NA,NA,47
1998,6,5,18,-20.7,910.5,NA,320,50
1998,6,5,21,-23,911.8,NA,250,65
1998,6,6,0,-23,912.3,NA,230,72
1998,6,6,3,-23.1,911.7,NA,0,73
1998,6,6,6,-23.3,911.1,NA,0,73
1998,6,6,9,-23.3,910.2,0,NA,72
1998,6,6,12,-23.9,909.6,0,NA,72
1998,6,6,15,-24,908.8,2,360,72
1998,6,6,18,-21.9,908.1,NA,NA,73
1998,6,6,21,-21.4,908,2,320,56
1998,6,7,0,-19.8,909,NA,NA,50
1998,6,7,3,-19.9,910,NA,NA,45
1998,6,7,6,-17.8,910.6,NA,NA,47
1998,6,7,9,-18.1,911.9,NA,NA,48
1998,6,7,12,-18.1,912.8,NA,NA,51
1998,6,7,15,-19.6,913.6,NA,NA,47
1998,6,7,18,-20.6,914.2,NA,240,56
1998,6,7,21,-19.9,916.4,1,320,60
1998,6,8,0,-21.2,917.9,NA,340,67
1998,6,8,3,-20.2,919.3,NA,240,71
1998,6,8,6,-21,919.3,NA,230,72
1998,6,8,9,-20.2,917.7,NA,230,76
1998,6,8,12,-19.7,917.7,NA,240,72
1998,6,8,15,-20.6,918.6,NA,230,71
1998,6,8,18,-20.2,919.5,NA,230,63
1998,6,8,21,-21,920.7,NA,220,74
1998,6,9,0,-21,920.6,NA,0,75
1998,6,9,3,-21.8,919.7,NA,0,70
1998,6,9,6,-20.7,918.4,3,300,67
1998,6,9,9,-23.3,917.2,NA,240,72
1998,6,9,12,-22.4,916.7,NA,230,73
1998,6,9,15,-21.6,915.5,15,220,74
1998,6,9,18,-21.5,915.2,NA,220,73
1998,6,9,21,-22,915.5,NA,210,74
1998,6,10,0,-21.7,915.3,NA,250,75
1998,6,10,3,-21.3,915.1,NA,0,74
1998,6,10,6,-20,914.9,NA,240,65
1998,6,10,9,-20.2,915.6,NA,230,69
1998,6,10,12,-19.9,916.2,NA,230,66
1998,6,10,15,-20.2,916.6,NA,240,56
1998,6,10,18,-19.9,916.8,NA,220,56
1998,6,10,21,-21.8,916.8,NA,230,72
1998,6,11,0,-22.4,916,NA,230,73
1998,6,11,3,-22.6,914.9,NA,0,73
1998,6,11,6,-22.5,913.6,NA,360,73
1998,6,11,9,-20.4,913,NA,0,47
1998,6,11,12,-19.6,912.4,NA,0,41
1998,6,11,15,-18.8,912.8,NA,NA,39
1998,6,11,18,-16.9,913.1,NA,230,40
1998,6,11,21,-15.5,910.3,NA,240,65
1998,6,12,0,-16.5,909.9,NA,230,81
1998,6,12,3,-17.3,912.4,NA,230,80
1998,6,12,6,-16.8,914.9,NA,240,81
1998,6,12,9,-15.7,912.9,NA,230,81
1998,6,12,12,-14.4,916.4,57,240,76
1998,6,12,15,-13.4,917.7,NA,NA,83
1998,6,12,18,-13.9,921.1,NA,NA,83
1998,6,12,21,-13.5,922.7,NA,NA,81
1998,6,13,0,-15.2,923.4,NA,NA,83
1998,6,13,3,-15.6,921.7,NA,250,82
1998,6,13,6,-16.5,920,NA,250,82
1998,6,13,9,-15,918,NA,250,83
1998,6,13,12,-16.2,916.1,NA,NA,83
1998,6,13,15,-16.3,913.6,2,10,82
1998,6,13,18,-17.3,911.7,1,20,81
1998,6,13,21,-17.1,910.1,NA,NA,81
1998,6,14,0,-18.1,909.1,1,270,81
1998,6,14,3,-18.8,908.4,NA,230,79
1998,6,14,6,-19.6,908.2,3,230,78
1998,6,14,9,-20.1,907.9,1,250,77
1998,6,14,12,-23.7,907.5,NA,230,73
1998,6,14,15,-24.6,907.6,NA,NA,72
1998,6,14,18,-25.6,907.8,11,NA,70
1998,6,14,21,-25.6,908.8,10,NA,70
1998,6,15,0,-25.2,909.7,13,230,70
1998,6,15,3,-24.5,911.2,11,230,71
1998,6,15,6,-24.2,912,NA,220,72
1998,6,15,9,-23.8,913,15,230,73
1998,6,15,12,-23.2,914.9,NA,230,73
1998,6,15,15,-22.6,915.9,NA,NA,73
1998,6,15,18,-22.2,916.5,NA,NA,72
1998,6,15,21,-21.9,918.1,47,NA,74
1998,6,16,0,-21.1,919.4,49,NA,71
1998,6,16,3,-20.7,920.8,NA,230,71
1998,6,16,6,-20.7,924,NA,230,75
1998,6,16,9,-20.5,926.5,NA,220,74
1998,6,16,12,-20.5,929.6,NA,220,75
1998,6,16,15,-20.3,930.6,NA,220,77
1998,6,16,18,-19.7,929.8,NA,0,78
1998,6,16,21,-19.7,928.9,NA,30,76
1998,6,17,0,-19.8,927.9,NA,20,77
1998,6,17,3,-20.2,927,7,60,77
1998,6,17,6,-20.9,926.1,NA,20,76
1998,6,17,9,-21,925.5,NA,0,76
1998,6,17,12,-20.8,925.6,NA,NA,77
1998,6,17,15,-21.9,925.7,3,230,75
1998,6,17,18,-21.8,925.9,3,210,75
1998,6,17,21,-22.1,926.2,NA,NA,75
1998,6,18,0,-23,926.2,NA,240,73
1998,6,18,3,-22.4,926.3,NA,230,74
1998,6,18,6,-23.3,926.6,NA,240,73
1998,6,18,9,-23.6,925.9,NA,230,73
1998,6,18,12,-23.1,926.8,23,220,73
1998,6,18,15,-23.4,927.4,NA,240,73
1998,6,18,18,-21.6,926.9,NA,260,74
1998,6,18,21,-24.3,925.6,NA,240,72
1998,6,19,0,-24.4,924.8,NA,230,72
1998,6,19,3,-24.6,923.1,NA,230,72
1998,6,19,6,-24.3,921.7,NA,250,72
1998,6,19,9,-24,920.7,16,230,72
1998,6,19,12,-23.5,919.1,18,NA,72
1998,6,19,15,-23.5,917.2,19,NA,73
1998,6,19,18,-23.5,916.5,21,NA,73
1998,6,19,21,-23,914.7,NA,220,73
1998,6,20,0,-22.8,913.5,NA,220,74
1998,6,20,3,-22.5,911.6,NA,230,74
1998,6,20,6,-22,911.6,NA,220,75
1998,6,20,9,-21.4,910,NA,220,75
1998,6,20,12,-19.4,906.6,NA,240,77
1998,6,20,15,-19.6,905.9,NA,230,76
1998,6,20,18,-18.2,904.5,50,230,77
1998,6,20,21,-18.5,903.4,NA,240,79
1998,6,21,0,-18.2,905.6,NA,NA,79
1998,6,21,3,-17.7,907.2,NA,NA,80
1998,6,21,6,-17.2,907.9,NA,220,77
1998,6,21,9,-16.6,906.3,NA,230,80
1998,6,21,12,-16.9,905.3,NA,230,79
1998,6,21,15,-20,906.6,NA,220,78
1998,6,21,18,-19.5,910.2,NA,220,79
1998,6,21,21,-18.5,911.7,NA,220,79
1998,6,22,0,-18.6,911.3,NA,230,70
1998,6,22,3,-18.5,911.3,NA,230,79
1998,6,22,6,-20.4,910.4,NA,230,77
1998,6,22,9,-21.6,909.7,NA,220,76
1998,6,22,12,-21.5,909.7,NA,220,75
1998,6,22,15,-20.5,911.2,NA,220,65
1998,6,22,18,-18.7,909,NA,230,62
1998,6,22,21,-18.2,910.8,NA,230,54
1998,6,23,0,-16.8,910.7,NA,250,44
1998,6,23,3,-17.3,908.1,NA,230,49
1998,6,23,6,-17.9,909.9,NA,240,79
1998,6,23,9,-17.3,909.5,60,230,80
1998,6,23,12,-15.6,913.2,NA,240,80
1998,6,23,15,-15.2,917.3,NA,230,83
1998,6,23,18,-15,923.8,NA,240,83
1998,6,23,21,-14.8,929,NA,230,69
1998,6,24,0,-14.5,933,NA,220,74
1998,6,24,3,-14.7,935.1,NA,0,77
1998,6,24,6,-14.8,934,NA,10,79
1998,6,24,9,-15.4,932.4,NA,0,81
1998,6,24,12,-13.8,930.3,NA,360,60
1998,6,24,15,-15.5,926.6,NA,250,74
1998,6,24,18,-11,923.7,NA,0,79
1998,6,24,21,-10.9,921.8,NA,240,80
1998,6,25,0,NA,921.2,4,300,75
1998,6,25,3,-12.9,922.1,NA,230,69
1998,6,25,6,-13.6,923.3,NA,20,47
1998,6,25,9,-15.1,923,NA,20,70
1998,6,25,12,-17.5,924.6,NA,60,80
1998,6,25,15,-18.1,925.4,NA,0,79
1998,6,25,18,-18.7,925,NA,0,79
1998,6,25,21,-17.8,925.2,NA,NA,80
1998,6,26,0,-18.3,924.2,NA,60,79
1998,6,26,3,-16.6,922.6,NA,30,81
1998,6,26,6,-17.6,920.4,NA,40,80
1998,6,26,9,-17.6,919.1,NA,NA,80
1998,6,26,12,-18.3,915.7,NA,230,80
1998,6,26,15,-18.1,911.7,NA,220,80
1998,6,26,18,-19.1,909.5,NA,230,78
1998,6,26,21,-20,908.5,NA,NA,77
1998,6,27,0,-20.9,909,NA,NA,76
1998,6,27,3,-21.9,911.4,51,NA,75
1998,6,27,6,-22.2,915.5,NA,240,75
1998,6,27,9,-22.5,921.7,NA,230,71
1998,6,27,12,-23,924,NA,240,73
1998,6,27,15,-22.4,925.2,NA,220,60
1998,6,27,18,-22.8,926.7,NA,220,64
1998,6,27,21,-23.1,928,NA,100,73
1998,6,28,0,-22.6,926.3,NA,20,56
1998,6,28,3,-22.6,924.6,NA,10,63
1998,6,28,6,-23.8,923.8,NA,360,73
1998,6,28,9,-23.8,922.4,NA,10,72
1998,6,28,12,-23.7,920.6,NA,10,73
1998,6,28,15,-23.7,919.2,NA,30,72
1998,6,28,18,-24.1,917.5,NA,0,72
1998,6,28,21,-25.1,915.8,NA,NA,71
1998,6,29,0,-24.7,913.9,NA,NA,71
1998,6,29,3,-26.1,911.3,9,40,69
1998,6,29,6,-26,908.8,12,40,69
1998,6,29,9,-26.4,907.2,10,20,69
1998,6,29,12,-27,906,NA,20,68
1998,6,29,15,-27,905.4,NA,20,68
1998,6,29,18,-27.7,904.5,NA,0,67
1998,6,29,21,-28.4,904.1,NA,NA,66
1998,6,30,0,-28.3,904.2,NA,NA,66
1998,6,30,3,-28.5,904.4,NA,NA,65
1998,6,30,6,-29.8,904.5,NA,NA,64
1998,6,30,9,-29,904.7,NA,NA,65
1998,6,30,12,-29.4,905.5,8,250,64
1998,6,30,15,-31.3,906.6,11,240,62
1998,6,30,18,-31.5,907.6,NA,230,61
1998,6,30,21,-31.3,908.9,NA,230,62
1998,7,1,0,-31.9,910.2,NA,240,61
1998,7,1,3,-31.1,911.1,NA,270,62
1998,7,1,6,-30.9,911.6,NA,0,62
1998,7,1,9,-30.3,911.5,4,10,63
1998,7,1,12,-30.2,911.2,NA,10,63
1998,7,1,15,-30.1,910.9,NA,20,63
1998,7,1,18,-28.6,910.6,9,20,65
1998,7,1,21,-28.2,910.6,11,20,66
1998,7,2,0,-29.2,911,NA,10,62
1998,7,2,3,-29.2,911.5,NA,0,48
1998,7,2,6,-29.7,911.6,NA,NA,46
1998,7,2,9,-29.4,912.3,NA,NA,44
1998,7,2,12,-33.3,912.7,13,270,51
1998,7,2,15,-32.4,913.8,12,230,59
1998,7,2,18,-32.7,914.8,NA,260,60
1998,7,2,21,-32.3,915.7,NA,240,59
1998,7,3,0,-30.4,916.6,NA,270,61
1998,7,3,3,-30.7,917.2,NA,240,47
1998,7,3,6,-30.7,917.5,NA,0,42
1998,7,3,9,-31.5,917.8,NA,340,45
1998,7,3,12,-30.7,918.6,NA,NA,44
1998,7,3,15,-29.7,917.7,NA,240,54
1998,7,3,18,-30.4,917.7,NA,230,56
1998,7,3,21,-31.3,917.3,NA,230,60
1998,7,4,0,-30.8,915.8,NA,220,NA
1998,7,4,3,-28.3,915.5,NA,220,43
1998,7,4,6,-27.8,914.9,NA,230,43
1998,7,4,9,-26.2,913.1,NA,NA,39
1998,7,4,12,-24.8,912.9,NA,NA,38
1998,7,4,15,-24,912.1,NA,NA,38
1998,7,4,18,-25.2,911.5,NA,270,35
1998,7,4,21,-24.5,911.2,NA,0,30
1998,7,5,0,-24.9,910.9,NA,0,28
1998,7,5,3,-24.5,910.8,NA,NA,27
1998,7,5,6,-27.6,911.9,NA,0,63
1998,7,5,9,-26.9,913.1,NA,0,51
1998,7,5,12,-25.8,914.1,NA,NA,38
1998,7,5,15,-25.1,915.3,NA,NA,30
1998,7,5,18,-24.4,917.1,NA,NA,28
1998,7,5,21,-24.6,919.3,NA,NA,28
1998,7,6,0,-23.7,921.8,NA,NA,28
1998,7,6,3,-23.6,923,NA,NA,29
1998,7,6,6,-23.1,924.1,NA,NA,29
1998,7,6,9,-24.1,925.1,NA,NA,26
1998,7,6,12,-25.2,926.1,NA,NA,41
1998,7,6,15,-25.5,926.7,1,340,30
1998,7,6,18,-23.9,927,NA,NA,29
1998,7,6,21,-22.2,926.9,NA,240,36
1998,7,7,0,-20.9,926.8,NA,240,40
1998,7,7,3,-20.7,926.2,NA,0,38
1998,7,7,6,-24,926.6,NA,230,35
1998,7,7,9,-21.8,926.5,NA,240,36
1998,7,7,12,-24.9,925.3,NA,10,39
1998,7,7,15,-24,925.2,NA,10,43
1998,7,7,18,-27.1,925.5,NA,0,66
1998,7,7,21,-27.5,925.3,NA,0,65
1998,7,8,0,-25.9,923.9,NA,20,67
1998,7,8,3,-27.1,924.5,NA,20,59
1998,7,8,6,-27.2,924.5,NA,60,66
1998,7,8,9,-28.7,926.5,NA,280,65
1998,7,8,12,-28.9,926.7,NA,230,65
1998,7,8,15,-28,927.8,NA,0,65
1998,7,8,18,-25.5,927.5,NA,NA,39
1998,7,8,21,NA,928.7,NA,270,25
1998,7,9,0,NA,926.4,15,340,20
1998,7,9,3,NA,925.8,NA,NA,12
1998,7,9,6,NA,923.5,NA,NA,10
1998,7,9,9,-9.5,923.5,14,250,9
1998,7,9,12,-8.3,922.6,12,250,15
1998,7,9,15,-7.8,920,NA,340,13
1998,7,9,18,-10.1,915.9,NA,360,16
1998,7,9,21,-11,912.1,NA,10,17
1998,7,10,0,-11.6,907.3,NA,20,20
1998,7,10,3,-13.5,904,NA,0,23
1998,7,10,6,NA,904.9,NA,160,28
1998,7,10,9,NA,902.1,NA,230,72
1998,7,10,12,-23.3,905.9,NA,260,71
1998,7,10,15,-25,906.1,7,280,70
1998,7,10,18,-26.1,906.6,NA,220,69
1998,7,10,21,-26.5,905.6,NA,0,68
1998,7,11,0,-27.5,906.2,NA,350,67
1998,7,11,3,-29.7,907.5,NA,240,63
1998,7,11,6,-28.6,907.9,NA,230,64
1998,7,11,9,-27.6,909.2,NA,0,65
1998,7,11,12,-25.9,909.9,NA,NA,48
1998,7,11,15,-26.2,909.7,NA,240,64
1998,7,11,18,-26.9,912.1,NA,230,67
1998,7,11,21,-26,914.3,NA,230,48
1998,7,12,0,-25.9,915,NA,0,47
1998,7,12,3,-25.6,914.9,NA,360,44
1998,7,12,6,-22.8,914.3,NA,10,27
1998,7,12,9,-21.6,913.7,NA,NA,24
1998,7,12,12,-21.5,913.7,NA,NA,21
1998,7,12,15,-22.5,913.7,NA,10,20
1998,7,12,18,-22.9,913.1,NA,NA,22
1998,7,12,21,-25.9,913.4,NA,NA,33
1998,7,13,0,-25.5,913.3,NA,NA,33
1998,7,13,3,-26.1,913.4,NA,NA,33
1998,7,13,6,-26.3,914.2,NA,NA,35
1998,7,13,9,-27.8,914.9,NA,NA,41
1998,7,13,12,-26.9,915.3,NA,240,58
1998,7,13,15,-27.2,915.4,NA,220,52
1998,7,13,18,-26.6,916.6,NA,230,41
1998,7,13,21,-25,918.1,NA,210,32
1998,7,14,0,-25.1,918.9,NA,230,33
1998,7,14,3,-23.5,919.8,NA,230,34
1998,7,14,6,-21.9,921.4,NA,240,35
1998,7,14,9,-18.7,922,NA,230,40
1998,7,14,12,-17.6,923.2,NA,250,44
1998,7,14,15,-18.5,924.5,NA,0,46
1998,7,14,18,-18.5,924.9,NA,0,45
1998,7,14,21,-17.5,925.2,NA,NA,42
1998,7,15,0,-20.3,926.2,NA,0,46
1998,7,15,3,-19.8,926.8,NA,NA,46
1998,7,15,6,-19.3,927.3,NA,NA,45
1998,7,15,9,-19.6,928.2,NA,NA,46
1998,7,15,12,-21.2,929.1,NA,280,59
1998,7,15,15,NA,929.5,NA,270,61
1998,7,15,18,-25.2,930.3,NA,250,68
1998,7,15,21,-24.9,931.6,NA,0,69
1998,7,16,0,-26.6,931.9,NA,10,66
1998,7,16,3,-26.3,931.8,4,10,66
1998,7,16,6,-27.7,932.1,NA,360,66
1998,7,16,9,-28.5,931.6,NA,NA,64
1998,7,16,12,-28,931.3,NA,360,64
1998,7,16,15,-27.7,931.6,NA,20,65
1998,7,16,18,-28,931.7,NA,20,65
1998,7,16,21,-28.7,932.3,1,360,63
1998,7,17,0,-28.6,932.3,NA,NA,64
1998,7,17,3,-29.4,932.7,NA,NA,63
1998,7,17,6,-30.5,932.7,NA,NA,61
1998,7,17,9,-30.5,932.7,NA,NA,61
1998,7,17,12,-30.9,932.1,NA,NA,60
1998,7,17,15,-31,931.9,NA,NA,60
1998,7,17,18,-31,931.2,NA,NA,61
1998,7,17,21,-30.6,931.5,NA,NA,61
1998,7,18,0,-31.3,931.1,NA,NA,60
1998,7,18,3,-31.6,931.1,NA,230,60
1998,7,18,6,-31.9,930.9,NA,NA,59
1998,7,18,9,-31.6,932.2,NA,NA,60
1998,7,18,12,-32.3,933,NA,NA,59
1998,7,18,15,-32.3,932.7,NA,0,59
1998,7,18,18,-32.1,930.9,NA,NA,59
1998,7,18,21,-31.5,929.9,NA,NA,60
1998,7,19,0,-32.5,927.9,11,230,59
1998,7,19,3,-33.1,927.8,NA,220,58
1998,7,19,6,-33.7,928,10,230,57
1998,7,19,9,-34.6,927.1,12,230,56
1998,7,19,12,-34.7,927.3,NA,230,56
1998,7,19,15,-34.4,925.4,NA,240,56
1998,7,19,18,-33.9,923.9,NA,250,57
1998,7,19,21,-31.7,921.4,NA,220,59
1998,7,20,0,-30.5,919.4,7,230,60
1998,7,20,3,-30.5,917.3,7,240,55
1998,7,20,6,-27.6,915.8,NA,230,49
1998,7,20,9,-25.9,914.6,NA,NA,38
1998,7,20,12,-26.5,913.6,NA,NA,33
1998,7,20,15,-25.8,912.2,NA,NA,27
1998,7,20,18,-24.8,912.1,NA,NA,24
1998,7,20,21,-24.6,909.9,NA,0,24
1998,7,21,0,-22.5,907.7,NA,NA,21
1998,7,21,3,-23.5,906.3,NA,NA,19
1998,7,21,6,-23.1,904.7,NA,NA,16
1998,7,21,9,-21.6,904.3,NA,NA,16
1998,7,21,12,-22.5,904.3,NA,NA,16
1998,7,21,15,-22.5,905.1,NA,NA,15
1998,7,21,18,-22.5,906.4,NA,NA,18
1998,7,21,21,NA,907,24,240,25
1998,7,22,0,NA,907.6,NA,240,44
1998,7,22,3,-29.5,909.4,20,240,49
1998,7,22,6,-27.6,909.7,NA,250,56
1998,7,22,9,-26.1,909.2,NA,340,27
1998,7,22,12,-28.1,908.2,NA,NA,40
1998,7,22,15,-28,908.1,NA,NA,34
1998,7,22,18,-28.2,907.6,NA,20,36
1998,7,22,21,-29,907.9,NA,360,40
1998,7,23,0,-28.3,908.2,NA,0,44
1998,7,23,3,-29.2,908.9,NA,270,40
1998,7,23,6,-29.9,909.6,NA,0,43
1998,7,23,9,-30.8,910.1,NA,300,55
1998,7,23,12,-32.2,910.1,17,230,57
1998,7,23,15,-32.2,910.6,18,220,57
1998,7,23,18,-32.5,911.1,NA,230,57
1998,7,23,21,-32.8,911.4,NA,0,57
1998,7,24,0,-30.6,910.9,NA,250,54
1998,7,24,3,-28.9,910.4,NA,250,34
1998,7,24,6,-27.4,909.8,NA,230,32
1998,7,24,9,-24.5,910,NA,240,27
1998,7,24,12,-24.4,908.4,NA,230,27
1998,7,24,15,NA,905.5,NA,230,68
1998,7,24,18,-19.5,905.9,NA,220,76
1998,7,24,21,-20.5,906.2,NA,NA,76
1998,7,25,0,-19.4,909.7,NA,NA,77
1998,7,25,3,-18.6,910.8,NA,NA,77
1998,7,25,6,-16.2,910.2,NA,240,56
1998,7,25,9,-16.3,910.8,NA,NA,54
1998,7,25,12,-15.4,909.5,NA,NA,43
1998,7,25,15,-14.6,910.3,NA,NA,37
1998,7,25,18,-15.4,912.3,NA,340,37
1998,7,25,21,-15.1,910.8,NA,20,35
1998,7,26,0,-18,911.1,NA,0,46
1998,7,26,3,-17.8,912.7,NA,240,43
1998,7,26,6,-16.9,912.8,NA,210,37
1998,7,26,9,-16.9,913.3,NA,220,63
1998,7,26,12,-16.4,913.5,55,230,51
1998,7,26,15,-14.7,919.1,NA,0,37
1998,7,26,18,-11.8,919.8,NA,240,28
1998,7,26,21,-11.3,923.7,NA,0,25
1998,7,27,0,-11.3,923.9,NA,NA,23
1998,7,27,3,-10,918.9,NA,NA,18
1998,7,27,6,-10.9,913.7,NA,NA,17
1998,7,27,9,NA,906.5,NA,NA,19
1998,7,27,12,NA,900.8,NA,NA,20
1998,7,27,15,NA,895.6,39,230,59
1998,7,27,18,NA,894.8,NA,230,58
1998,7,27,21,-18.6,894.4,NA,240,78
1998,7,28,0,NA,897.3,NA,240,76
1998,7,28,3,-21.5,899.5,50,230,74
1998,7,28,6,-22,903.1,NA,240,74
1998,7,28,9,-22.4,905.7,NA,NA,73
1998,7,28,12,-22.8,906.8,NA,NA,72
1998,7,28,15,-23.1,907.4,NA,NA,72
1998,7,28,18,-23.5,908.1,NA,NA,72
1998,7,28,21,-22.6,908,NA,NA,73
1998,7,29,0,-22.6,909,NA,NA,73
1998,7,29,3,-22.4,909.8,NA,NA,72
1998,7,29,6,-22.1,910.4,NA,NA,73
1998,7,29,9,-22.2,911,NA,NA,64
1998,7,29,12,-22,911.4,NA,NA,63
1998,7,29,15,-22.7,911.2,NA,NA,67
1998,7,29,18,-21.9,909.6,NA,NA,69
1998,7,29,21,-21,907.6,NA,NA,71
1998,7,30,0,-21.9,903.1,NA,NA,73
1998,7,30,3,-22.1,901.3,NA,230,74
1998,7,30,6,-21,904.5,55,230,74
1998,7,30,9,-20.7,903.1,NA,240,74
1998,7,30,12,-19.7,904.1,58,240,75
1998,7,30,15,-19.4,907.5,NA,230,77
1998,7,30,18,-18.7,907.9,NA,NA,77
1998,7,30,21,-18.8,909.6,NA,NA,78
1998,7,31,0,-18,914.4,NA,NA,66
1998,7,31,3,-19.7,916.7,NA,NA,63
1998,7,31,6,-20.5,917,NA,240,74
1998,7,31,9,-20.1,917.3,NA,230,74
1998,7,31,12,-20,916.7,NA,0,60
1998,7,31,15,-22.3,915.7,NA,240,66
1998,7,31,18,-22.9,915,NA,0,71
1998,7,31,21,-24,913.8,NA,220,71
1998,8,1,0,-23.7,913,NA,250,71
1998,8,1,3,-22.9,912.3,NA,0,72
1998,8,1,6,-20.2,911.3,NA,NA,39
1998,8,1,9,-21.6,910.4,NA,NA,41
1998,8,1,12,-24.4,908.9,NA,NA,61
1998,8,1,15,-25.7,908.4,NA,230,69
1998,8,1,18,-25.9,907.3,NA,220,68
1998,8,1,21,-26.4,907.3,NA,NA,68
1998,8,2,0,-26.1,908.3,NA,NA,67
1998,8,2,3,-25.9,910.2,NA,NA,68
1998,8,2,6,-26.4,910.3,NA,230,68
1998,8,2,9,-25.7,911.8,NA,NA,68
1998,8,2,12,-23.5,910.5,NA,NA,58
1998,8,2,15,-24.4,911,NA,240,57
1998,8,2,18,-26,912.3,NA,NA,66
1998,8,2,21,-24.9,914.5,NA,NA,57
1998,8,3,0,-24.4,915.2,NA,240,62
1998,8,3,3,-24.2,916.9,NA,230,62
1998,8,3,6,-24.4,917.9,NA,230,63
1998,8,3,9,-24.6,919.2,NA,220,70
1998,8,3,12,-22.8,920.2,NA,230,57
1998,8,3,15,-22.4,919.9,NA,230,53
1998,8,3,18,-22.7,919.8,NA,NA,52
1998,8,3,21,-22.4,920.6,37,NA,45
1998,8,4,0,-24.7,922.2,NA,NA,53
1998,8,4,3,-25.3,923.4,NA,230,56
1998,8,4,6,-26.9,923.9,NA,0,64
1998,8,4,9,-24.1,924,NA,0,54
1998,8,4,12,-25.3,923.3,NA,10,56
1998,8,4,15,-24.1,922.6,NA,NA,64
1998,8,4,18,-23.8,922,NA,NA,64
1998,8,4,21,-23.5,922.3,NA,10,40
1998,8,5,0,-24.2,922.1,NA,NA,43
1998,8,5,3,-23.1,922.3,NA,NA,37
1998,8,5,6,-22.6,922.6,NA,NA,33
1998,8,5,9,-22.8,923,NA,NA,32
1998,8,5,12,-21.7,922.8,NA,NA,30
1998,8,5,15,-22.1,923.1,NA,NA,30
1998,8,5,18,-21.1,924.3,NA,NA,31
1998,8,5,21,-21,926.3,NA,NA,32
1998,8,6,0,-21.8,928.7,NA,NA,31
1998,8,6,3,-21.4,931.4,NA,NA,30
1998,8,6,6,-24.2,933.6,NA,NA,47
1998,8,6,9,-24.5,935.5,NA,NA,50
1998,8,6,12,-23.9,936.2,NA,NA,52
1998,8,6,15,-25.5,936.3,NA,NA,57
1998,8,6,18,-24.7,935.2,NA,NA,53
1998,8,6,21,-26.8,934.2,NA,NA,66
1998,8,7,0,-28.5,933.2,NA,NA,64
1998,8,7,3,-27.5,932,NA,NA,65
1998,8,7,6,-27.3,931.2,NA,NA,66
1998,8,7,9,-28.4,930.9,NA,230,64
1998,8,7,12,-29.1,931.4,NA,NA,63
1998,8,7,15,-28.9,931.5,26,NA,63
1998,8,7,18,-28.9,930.9,30,NA,63
1998,8,7,21,-28.4,931.3,26,NA,64
1998,8,8,0,-28.1,930.8,26,220,64
1998,8,8,3,-27.5,928.7,NA,230,65
1998,8,8,6,-27.5,928.5,NA,220,65
1998,8,8,9,-28.6,928.3,NA,220,58
1998,8,8,12,-30.4,927.3,NA,240,61
1998,8,8,15,-30.8,926.6,NA,230,61
1998,8,8,18,-31.6,925.2,NA,0,60
1998,8,8,21,-31.8,923.8,NA,230,59
1998,8,9,0,-31.3,922.1,NA,230,60
1998,8,9,3,-31.5,924.1,NA,0,59
1998,8,9,6,-32,923.6,NA,0,59
1998,8,9,9,-30.7,922.5,NA,220,60
1998,8,9,12,-29.4,920.8,NA,230,51
1998,8,9,15,-31,920.4,NA,230,59
1998,8,9,18,-28.6,920.6,NA,220,45
1998,8,9,21,-26.6,920.2,NA,NA,42
1998,8,10,0,-26,915.7,NA,NA,55
1998,8,10,3,-24.7,916.1,NA,NA,67
1998,8,10,6,-23.6,916.1,NA,0,66
1998,8,10,9,-22.5,916.8,NA,NA,69
1998,8,10,12,-22.8,916.4,NA,NA,69
1998,8,10,15,-21.6,916.9,NA,NA,69
1998,8,10,18,-21,919.3,NA,NA,74
1998,8,10,21,-21.3,921.1,NA,NA,74
1998,8,11,0,-21.1,NA,NA,NA,74
1998,8,11,3,-21.1,923.7,NA,NA,73
1998,8,11,6,-21.6,925,NA,NA,73
1998,8,11,9,-20.2,926.3,NA,NA,50
1998,8,11,12,-18.5,926.1,NA,290,36
1998,8,11,15,-17.3,926,NA,NA,28
1998,8,11,18,-18.7,925.2,NA,NA,33
1998,8,11,21,-19.7,924.7,NA,NA,48
1998,8,12,0,-19.1,924.7,NA,NA,35
1998,8,12,3,-18.7,924.4,NA,NA,37
1998,8,12,6,-19.8,923.9,NA,NA,33
1998,8,12,9,-20.4,923.8,NA,NA,34
1998,8,12,12,-22.4,923.2,NA,NA,66
1998,8,12,15,-22,923.1,NA,NA,50
1998,8,12,18,-22.9,922.6,NA,NA,58
1998,8,12,21,-24,922.2,NA,NA,68
1998,8,13,0,-24.9,922,NA,NA,69
1998,8,13,3,-23.2,923,NA,NA,71
1998,8,13,6,-22.7,923.3,NA,NA,72
1998,8,13,9,-22.7,923.6,NA,NA,71
1998,8,13,12,-22.9,923.4,NA,NA,72
1998,8,13,15,-24.3,923.6,NA,NA,71
1998,8,13,18,-23,923.7,NA,NA,72
1998,8,13,21,-22.9,923.8,NA,NA,72
1998,8,14,0,-23,924,NA,320,72
1998,8,14,3,-22.6,924.2,NA,360,72
1998,8,14,6,-22.1,924.4,NA,290,72
1998,8,14,9,-20.9,924.4,NA,NA,67
1998,8,14,12,-22,924.4,NA,NA,55
1998,8,14,15,-19.9,923.9,NA,NA,29
1998,8,14,18,-19.1,923.7,NA,NA,28
1998,8,14,21,-16.5,923.2,NA,NA,30
1998,8,15,0,-17.5,921.9,NA,NA,27
1998,8,15,3,-19.6,921.4,NA,NA,30
1998,8,15,6,-21.1,919.6,NA,NA,44
1998,8,15,9,-20.1,918.8,NA,NA,49
1998,8,15,12,-22.7,918.3,NA,70,68
1998,8,15,15,-22.9,914.2,NA,NA,71
1998,8,15,18,-25.4,911.1,NA,NA,71
1998,8,15,21,NA,910.3,NA,NA,66
1998,8,16,0,-26.1,908.7,NA,NA,69
1998,8,16,3,-26.6,907.2,NA,NA,67
1998,8,16,6,-26.3,906.1,NA,NA,67
1998,8,16,9,-27,906.5,NA,NA,66
1998,8,16,12,-26.9,904.7,NA,NA,67
1998,8,16,15,-27.6,903,NA,NA,66
1998,8,16,18,-29,903.8,NA,NA,64
1998,8,16,21,-28.8,902.2,NA,NA,64
1998,8,17,0,-29.6,903.3,NA,NA,58
1998,8,17,3,-27.5,904.7,NA,NA,44
1998,8,17,6,-27.6,902.6,NA,NA,36
1998,8,17,9,-27.2,897.9,NA,NA,46
1998,8,17,12,-24.3,901.7,NA,NA,43
1998,8,17,15,-23.9,901.1,NA,NA,34
1998,8,17,18,-26.4,900.1,NA,NA,37
1998,8,17,21,-22.9,900.7,NA,NA,40
1998,8,18,0,-22.9,897.7,NA,NA,35
1998,8,18,3,-22.1,896.2,NA,NA,36
1998,8,18,6,-22.7,893.1,NA,NA,67
1998,8,18,9,-21.2,893.1,NA,330,72
1998,8,18,12,-20.2,892.7,NA,NA,74
1998,8,18,15,-19.8,894.8,NA,NA,76
1998,8,18,18,-19.5,895.2,NA,NA,76
1998,8,18,21,-18.8,898,NA,NA,77
1998,8,19,0,-18.5,898.5,NA,NA,78
1998,8,19,3,-18.6,899,NA,NA,78
1998,8,19,6,-18,899.7,NA,350,78
1998,8,19,9,-18,900.1,NA,NA,79
1998,8,19,12,-17.6,900.8,NA,340,79
1998,8,19,15,-17.1,901.8,NA,NA,80
1998,8,19,18,-17.9,903.2,NA,NA,77
1998,8,19,21,-19.3,905.1,NA,NA,76
1998,8,20,0,-19.6,906.5,NA,NA,77
1998,8,20,3,-21.5,906.6,NA,NA,75
1998,8,20,6,-21.6,907.1,NA,NA,74
1998,8,20,9,-22.9,907.3,NA,NA,73
1998,8,20,12,-24.2,908.2,NA,NA,72
1998,8,20,15,-24.6,909.2,NA,NA,71
1998,8,20,18,-25.5,909.3,NA,320,67
1998,8,20,21,-23.5,909.9,NA,10,54
1998,8,21,0,-25.1,910.1,NA,NA,58
1998,8,21,3,-24.9,910.2,NA,NA,57
1998,8,21,6,-25.9,910.6,NA,NA,68
1998,8,21,9,-26.8,911.2,NA,NA,67
1998,8,21,12,-28.7,911.4,NA,NA,66
1998,8,21,15,-28.5,911.7,NA,NA,64
1998,8,21,18,-29.6,911.8,NA,NA,63
1998,8,21,21,-30.7,912,NA,NA,62
1998,8,22,0,-31.6,912.3,NA,NA,61
1998,8,22,3,-32.2,911.7,NA,NA,60
1998,8,22,6,-32.5,912.5,NA,NA,59
1998,8,22,9,-33.5,913.2,NA,NA,58
1998,8,22,12,-33.4,913.8,NA,NA,58
1998,8,22,15,-33.7,914.2,NA,NA,58
1998,8,22,18,-34.2,914.9,NA,NA,57
1998,8,22,21,-34.2,916.5,NA,NA,57
1998,8,23,0,-34.6,917.8,NA,NA,56
1998,8,23,3,-35.1,918.4,NA,NA,56
1998,8,23,6,-35,918.8,NA,NA,56
1998,8,23,9,-35.1,919.1,NA,NA,56
1998,8,23,12,-35.2,919.9,NA,NA,56
1998,8,23,15,-35,920.1,NA,NA,56
1998,8,23,18,-34.4,920,NA,NA,56
1998,8,23,21,-34.7,919.3,NA,NA,56
1998,8,24,0,-33.7,918.8,NA,NA,57
1998,8,24,3,-33.3,916.4,NA,NA,58
1998,8,24,6,-32.3,916.6,NA,NA,59
1998,8,24,9,-31.9,916.7,NA,NA,60
1998,8,24,12,-31.9,918,NA,NA,60
1998,8,24,15,-32,918,NA,NA,59
1998,8,24,18,-32.1,918,NA,NA,59
1998,8,24,21,-32.3,919.3,NA,NA,59
1998,8,25,0,-32.2,919.8,NA,NA,59
1998,8,25,3,-32.5,919.5,NA,NA,59
1998,8,25,6,-31.5,918.6,NA,NA,56
1998,8,25,9,-30.9,918.4,NA,0,57
1998,8,25,12,-31.1,919,NA,NA,58
1998,8,25,15,-31.9,919,NA,NA,57
1998,8,25,18,-31.7,918.8,NA,NA,60
1998,8,25,21,-30.8,919.2,NA,NA,61
1998,8,26,0,-29.2,918.6,NA,NA,63
1998,8,26,3,-28.6,917.8,NA,NA,64
1998,8,26,6,-28.6,918.7,NA,NA,64
1998,8,26,9,-31.6,919.5,NA,NA,61
1998,8,26,12,-26.9,921.4,NA,NA,66
1998,8,26,15,NA,922.9,NA,NA,68
1998,8,26,18,-26.1,924.1,NA,280,67
1998,8,26,21,-26.7,925.6,NA,330,67
1998,8,27,0,NA,925.9,NA,NA,64
1998,8,27,3,-28.1,926.5,NA,NA,65
1998,8,27,6,-27.2,924.3,NA,NA,66
1998,8,27,9,-27.2,923.5,NA,NA,67
1998,8,27,12,-27.5,922.7,NA,NA,66
1998,8,27,15,-27.7,922.4,NA,NA,65
1998,8,27,18,-27.1,928.2,NA,NA,67
1998,8,27,21,-28.3,924.7,NA,NA,65
1998,8,28,0,-28,926.2,NA,NA,65
1998,8,28,3,-27.6,925.8,NA,NA,65
1998,8,28,6,-28.6,927.6,NA,NA,64
1998,8,28,9,-28.4,931.3,NA,NA,65
1998,8,28,12,-28.7,931.6,NA,NA,64
1998,8,28,15,-29.1,930.7,NA,NA,64
1998,8,28,18,-28.8,931.3,NA,NA,64
1998,8,28,21,-27.5,930.3,NA,NA,65
1998,8,29,0,-27.7,931.7,NA,NA,65
1998,8,29,3,-27.3,932.4,NA,NA,66
1998,8,29,6,-29.1,931.7,NA,NA,64
1998,8,29,9,-28.9,931.8,NA,NA,64
1998,8,29,12,-29.2,930.1,NA,NA,64
1998,8,29,15,-29.4,929.6,NA,NA,63
1998,8,29,18,-29.4,930.5,NA,NA,63
1998,8,29,21,-30.6,930.4,NA,NA,62
1998,8,30,0,-31.2,930.9,NA,NA,61
1998,8,30,3,-31.1,929.5,NA,NA,61
1998,8,30,6,-29.5,926.9,NA,NA,62
1998,8,30,9,-32.3,929.1,NA,NA,59
1998,8,30,12,-31.6,928,NA,NA,60
1998,8,30,15,-30.7,926.4,NA,NA,61
1998,8,30,18,-31.7,924.7,NA,NA,60
1998,8,30,21,-31.5,922,NA,NA,60
1998,8,31,0,-29.3,925.5,NA,NA,63
1998,8,31,3,-29.2,919.9,NA,NA,62
1998,8,31,6,-29.2,920,NA,NA,63
1998,8,31,9,-27.3,915.8,NA,NA,66
1998,8,31,12,-26.8,916.4,NA,NA,67
1998,8,31,15,-24.8,917.5,NA,NA,68
1998,8,31,18,-24.3,922,NA,NA,69
1998,8,31,21,-24.2,923.5,NA,NA,67
1998,9,1,0,-24.1,924,NA,NA,70
1998,9,1,3,-23.3,925,NA,NA,72
1998,9,1,6,-23.1,925.9,NA,NA,72
1998,9,1,9,-26.1,925.5,NA,NA,69
1998,9,1,12,-25.4,924.8,NA,NA,69
1998,9,1,15,-25.3,924.7,NA,NA,69
1998,9,1,18,-25.6,925.1,NA,NA,70
1998,9,1,21,-23.5,925.4,NA,NA,71
1998,9,2,0,-23.5,925.3,NA,NA,69
1998,9,2,3,-22.2,924.9,NA,NA,54
1998,9,2,6,-21.8,924.9,NA,NA,47
1998,9,2,9,-21.8,927.1,NA,NA,51
1998,9,2,12,-22.1,929.6,NA,NA,55
1998,9,2,15,-22.1,931,NA,NA,55
1998,9,2,18,-21.5,931.9,NA,NA,45
1998,9,2,21,-19.5,932.2,NA,NA,32
1998,9,3,0,-19.8,932.8,NA,NA,28
1998,9,3,3,-21.4,935.1,NA,NA,52
1998,9,3,6,-24.4,936.5,NA,NA,67
1998,9,3,9,-24.7,936.7,NA,340,70
1998,9,3,12,-24.4,939.8,NA,NA,61
1998,9,3,15,-24,941.8,NA,NA,57
1998,9,3,18,-24.4,942.4,NA,NA,66
1998,9,3,21,-25.3,943.5,NA,NA,61
1998,9,4,0,-25.6,943.8,NA,NA,68
1998,9,4,3,-23.2,943.5,NA,NA,69
1998,9,4,6,-23.6,943.2,NA,NA,53
1998,9,4,9,-23.3,942.8,NA,NA,50
1998,9,4,12,-22.4,942.4,NA,NA,47
1998,9,4,15,-24,941.7,NA,NA,50
1998,9,4,18,-22.9,940.3,NA,NA,47
1998,9,4,21,-23.1,939.8,NA,NA,56
1998,9,5,0,-23.1,938.6,NA,NA,51
1998,9,5,3,-22.4,936.6,NA,NA,50
1998,9,5,6,-23.9,935.6,NA,NA,59
1998,9,5,9,-23.4,935,NA,NA,70
1998,9,5,12,-22.7,933.4,NA,NA,71
1998,9,5,15,-22.4,931.2,NA,NA,72
1998,9,5,18,-25.9,927.2,NA,NA,68
1998,9,5,21,-23.4,924.3,NA,NA,71
1998,9,6,0,-22.3,921.7,NA,NA,73
1998,9,6,3,-22.1,921,NA,NA,73
1998,9,6,6,-22.3,923,NA,NA,73
1998,9,6,9,-22.5,922.1,NA,NA,70
1998,9,6,12,-21.4,923.3,NA,NA,59
1998,9,6,15,-22.6,923.3,NA,NA,67
1998,9,6,18,-21.9,922.4,NA,NA,62
1998,9,6,21,-20.8,922.9,NA,NA,67
1998,9,7,0,-21.6,922.1,NA,NA,71
1998,9,7,3,-22.6,921.4,NA,NA,73
1998,9,7,6,-23.3,921.4,NA,NA,72
1998,9,7,9,-23.6,922.8,NA,NA,71
1998,9,7,12,-25.7,919.7,NA,NA,69
1998,9,7,15,-25.2,920.3,NA,NA,69
1998,9,7,18,-25,922.6,NA,NA,69
1998,9,7,21,-26.2,923.7,NA,NA,68
1998,9,8,0,-25.3,924.8,NA,NA,69
1998,9,8,3,-26.2,925.9,NA,NA,68
1998,9,8,6,-27.2,927.4,NA,NA,66
1998,9,8,9,-28,927.5,NA,NA,65
1998,9,8,12,-28.1,927.1,NA,NA,65
1998,9,8,15,-26.5,927.7,NA,50,62
1998,9,8,18,-27.7,928.2,NA,NA,65
1998,9,8,21,-27.7,929,NA,10,65
1998,9,9,0,-26.7,928.6,NA,30,67
1998,9,9,3,-24.7,928,NA,NA,62
1998,9,9,6,-24,927.7,NA,NA,37
1998,9,9,9,-23.9,927.3,NA,NA,35
1998,9,9,12,-20.4,927,NA,NA,25
1998,9,9,15,-21.2,926.5,NA,NA,28
1998,9,9,18,-21.4,926.1,NA,10,31
1998,9,9,21,-20.6,925.7,NA,10,35
1998,9,10,0,NA,925.8,NA,NA,39
1998,9,10,3,-23.7,927.1,NA,NA,51
1998,9,10,6,-24.7,928.8,NA,NA,65
1998,9,10,9,-24.9,930,NA,NA,59
1998,9,10,12,-23.4,931.1,NA,NA,53
1998,9,10,15,-24.4,931.4,NA,270,47
1998,9,10,18,-24.7,931.3,NA,NA,48
1998,9,10,21,-23.3,930.9,NA,NA,39
1998,9,11,0,-20.6,929.9,NA,NA,38
1998,9,11,3,-20.2,929,NA,NA,33
1998,9,11,6,-20.3,928.4,NA,NA,29
1998,9,11,9,-21,926.4,NA,NA,34
1998,9,11,12,-19,924.6,NA,20,29
1998,9,11,15,-19.7,922.8,NA,10,29
1998,9,11,18,-19.9,920.2,NA,NA,30
1998,9,11,21,-19.3,917.9,NA,NA,26
1998,9,12,0,-22,915.6,NA,NA,34
1998,9,12,3,-21.6,913.8,NA,NA,41
1998,9,12,6,-24.2,912.8,NA,NA,59
1998,9,12,9,-25.2,912.4,NA,NA,67
1998,9,12,12,-23.8,912.1,NA,NA,51
1998,9,12,15,-26.8,912.2,NA,330,42
1998,9,12,18,-27.9,911.6,NA,NA,63
1998,9,12,21,-28.3,913.6,NA,NA,63
1998,9,13,0,NA,914.6,NA,290,70
1998,9,13,3,NA,914.1,NA,NA,36
1998,9,13,6,NA,913.9,NA,NA,55
1998,9,13,9,NA,914.2,NA,NA,48
1998,9,13,12,-25.7,914.7,NA,NA,43
1998,9,13,15,-26.7,915.8,NA,NA,52
1998,9,13,18,NA,916.8,NA,360,48
1998,9,13,21,-24.3,916,NA,NA,37
1998,9,14,0,-23.5,915.8,NA,NA,42
1998,9,14,3,-23.4,915.6,NA,NA,38
1998,9,14,6,-26.1,915.8,NA,120,55
1998,9,14,9,-25.8,915.7,NA,NA,50
1998,9,14,12,-27.2,915.6,NA,330,40
1998,9,14,15,-28.3,915.9,NA,NA,55
1998,9,14,18,-29.1,916.3,NA,220,62
1998,9,14,21,-27.4,916.9,NA,350,64
1998,9,15,0,-28.8,917.3,NA,NA,64
1998,9,15,3,-28.2,918,NA,NA,64
1998,9,15,6,-29,918.2,NA,NA,63
1998,9,15,9,-29.7,918.1,NA,20,62
1998,9,15,12,-28.2,917.7,NA,NA,63
1998,9,15,15,-27.4,917.7,NA,NA,58
1998,9,15,18,-26.7,917.9,NA,NA,43
1998,9,15,21,-24.7,918.3,NA,290,39
1998,9,16,0,-23,918.5,NA,NA,36
1998,9,16,3,-23.7,919.1,NA,NA,35
1998,9,16,6,-25.2,918.7,NA,NA,39
1998,9,16,9,-24.5,918,NA,10,33
1998,9,16,12,-24.8,917.4,NA,10,34
1998,9,16,15,-23.5,916.6,NA,NA,32
1998,9,16,18,-23.1,916.5,NA,NA,26
1998,9,16,21,-23.7,916.5,NA,NA,30
1998,9,17,0,-23.6,916.8,NA,NA,30
1998,9,17,3,-21.3,916.1,NA,360,34
1998,9,17,6,-24,916,NA,NA,29
1998,9,17,9,-23.4,915.3,NA,NA,29
1998,9,17,12,-23.5,914.8,NA,350,27
1998,9,17,15,-22,913.7,NA,NA,25
1998,9,17,18,-23.4,912.4,NA,NA,31
1998,9,17,21,-21.8,911.8,NA,20,44
1998,9,18,0,-21,910.5,NA,NA,59
1998,9,18,3,-19.1,909.7,NA,NA,71
1998,9,18,6,-16.3,907.7,NA,NA,47
1998,9,18,9,-16.7,905.8,NA,NA,58
1998,9,18,12,-14.7,906.6,NA,NA,67
1998,9,18,15,-12.9,906.3,NA,NA,61
1998,9,18,18,-10.2,905,NA,NA,49
1998,9,18,21,-8.8,904.9,NA,NA,48
1998,9,19,0,-9.1,907.5,NA,NA,46
1998,9,19,3,-9.6,908.1,NA,NA,51
1998,9,19,6,-11.1,912.1,NA,NA,69
1998,9,19,9,-9.2,913,NA,NA,50
1998,9,19,12,-10.7,914.5,NA,330,70
1998,9,19,15,-12.3,908.9,NA,NA,72
1998,9,19,18,-11.7,912,NA,NA,82
1998,9,19,21,-13.7,917.4,NA,NA,84
1998,9,20,0,-12.6,919.3,NA,NA,85
1998,9,20,3,-10.1,918.8,NA,NA,83
1998,9,20,6,-8.8,916.6,NA,NA,65
1998,9,20,9,-8,916.1,NA,NA,60
1998,9,20,12,-9.4,915.2,NA,NA,67
1998,9,20,15,-9.3,918.9,NA,NA,58
1998,9,20,18,-11.2,918.4,NA,NA,74
1998,9,20,21,-9.4,917.9,NA,NA,56
1998,9,21,0,-12.9,916.8,NA,NA,63
1998,9,21,3,-13.3,917.1,NA,NA,66
1998,9,21,6,-11,918.4,NA,NA,49
1998,9,21,9,-10.4,918.6,NA,NA,51
1998,9,21,12,-10.9,919,NA,NA,43
1998,9,21,15,-13.7,918.7,NA,NA,67
1998,9,21,18,-14.3,918.5,NA,NA,70
1998,9,21,21,-13.9,918,NA,40,75
1998,9,22,0,NA,917.4,NA,20,76
1998,9,22,3,-16.8,917.1,NA,50,78
1998,9,22,6,-16.6,917.2,NA,50,80
1998,9,22,9,-16.7,917.1,NA,NA,80
1998,9,22,12,-17.2,916.3,NA,NA,80
1998,9,22,15,-16.8,915.6,NA,NA,80
1998,9,22,18,-16.7,915.7,NA,NA,80
1998,9,22,21,-16.7,915.8,NA,NA,81
1998,9,23,0,-16.6,915.8,NA,NA,81
1998,9,23,3,-17.1,916.2,NA,NA,81
1998,9,23,6,-17.2,916.4,NA,NA,80
1998,9,23,9,-17,916,NA,NA,80
1998,9,23,12,-18.2,916.2,NA,NA,79
1998,9,23,15,-17.7,916.4,NA,10,79
1998,9,23,18,-17.7,916.4,NA,NA,79
1998,9,23,21,-18.4,915.5,NA,NA,79
1998,9,24,0,-18.9,914.9,NA,NA,78
1998,9,24,3,-18.4,915.1,NA,NA,79
1998,9,24,6,-18.8,915.2,NA,NA,79
1998,9,24,9,-18.5,916.1,NA,NA,79
1998,9,24,12,-18.4,917.1,NA,NA,71
1998,9,24,15,-20.1,918.3,NA,NA,73
1998,9,24,18,-18.7,918.7,NA,NA,54
1998,9,24,21,-18,920,NA,NA,51
1998,9,25,0,-19.4,921.3,NA,NA,63
1998,9,25,3,-18.7,921.7,NA,360,56
1998,9,25,6,-16.6,922.1,NA,NA,36
1998,9,25,9,-16.2,922.5,NA,360,28
1998,9,25,12,-15,923.5,NA,360,27
1998,9,25,15,-18.2,924.5,NA,NA,28
1998,9,25,18,-19.8,924.9,NA,270,38
1998,9,25,21,-19,924.7,NA,270,53
1998,9,26,0,-19.3,924.3,NA,NA,54
1998,9,26,3,-21.5,923.4,NA,280,70
1998,9,26,6,-22.7,921.8,NA,NA,61
1998,9,26,9,-23.4,920.2,NA,NA,71
1998,9,26,12,-23.9,918,NA,NA,71
1998,9,26,15,-24.7,916.2,NA,NA,69
1998,9,26,18,-28.6,914.3,NA,NA,64
1998,9,26,21,-25.3,913.1,NA,NA,69
1998,9,27,0,-24,NA,NA,NA,71
1998,9,27,3,-24.3,904.9,NA,NA,70
1998,9,27,6,-23.9,903.9,NA,NA,71
1998,9,27,9,-23.5,903.2,NA,NA,71
1998,9,27,12,-23,903.1,NA,NA,65
1998,9,27,15,-22.4,903.6,NA,NA,62
1998,9,27,18,-22.5,904.2,NA,NA,55
1998,9,27,21,-21.1,903.9,NA,NA,56
1998,9,28,0,-20.4,904.2,NA,NA,51
1998,9,28,3,-20.7,902.4,NA,NA,65
1998,9,28,6,-22,903.6,NA,NA,73
1998,9,28,9,-22.5,904.6,NA,NA,73
1998,9,28,12,-22.8,905.6,NA,350,73
1998,9,28,15,-21.5,904.5,NA,NA,73
1998,9,28,18,-20.3,903.9,NA,NA,62
1998,9,28,21,-20,903.3,NA,40,57
1998,9,29,0,-19.5,902.5,NA,30,57
1998,9,29,3,-21,903.2,NA,NA,69
1998,9,29,6,-22.7,903.4,NA,NA,71
1998,9,29,9,-22.3,904.1,NA,360,72
1998,9,29,12,-22.4,904.3,NA,NA,71
1998,9,29,15,-23.1,904.1,NA,NA,68
1998,9,29,18,-22.4,903.9,NA,NA,67
1998,9,29,21,-21.7,904,NA,NA,70
1998,9,30,0,-21.6,904.2,NA,NA,71
1998,9,30,3,-20.7,904.6,NA,NA,60
1998,9,30,6,-21.1,905.2,NA,NA,66
1998,9,30,9,-22.5,906.1,NA,NA,65
1998,9,30,12,-22.4,906.6,NA,340,50
1998,9,30,15,-21.3,907.1,NA,NA,50
1998,9,30,18,-21,907.6,NA,NA,35
1998,9,30,21,-20.2,906.9,NA,NA,38
1998,10,1,0,-18.9,905.9,NA,NA,61
1998,10,1,3,-18.8,905.2,NA,NA,73
1998,10,1,6,-16.8,901.4,NA,NA,62
1998,10,1,9,-16.3,903.2,NA,NA,68
1998,10,1,12,-16.3,903.3,NA,NA,72
1998,10,1,15,-18.6,907.8,NA,NA,75
1998,10,1,18,-19.2,913.3,NA,NA,67
1998,10,1,21,-18.2,916.4,NA,NA,58
1998,10,2,0,-16.6,917.3,NA,NA,64
1998,10,2,3,-17.4,918.1,NA,NA,69
1998,10,2,6,-19.4,919.7,NA,NA,75
1998,10,2,9,-19.4,920.8,NA,NA,76
1998,10,2,12,-20.5,922.4,NA,NA,75
1998,10,2,15,-20.9,923.3,NA,NA,74
1998,10,2,18,-20.8,924,NA,NA,71
1998,10,2,21,-20.8,924.8,NA,NA,75
1998,10,3,0,-20.5,925.2,NA,360,75
1998,10,3,3,-20,925.3,NA,50,76
1998,10,3,6,-19.4,925.6,NA,NA,73
1998,10,3,9,-20.5,926.2,NA,NA,51
1998,10,3,12,-19.1,926.7,NA,NA,43
1998,10,3,15,-18,926.8,NA,NA,40
1998,10,3,18,-16.3,927,NA,NA,41
1998,10,3,21,-15,927.2,NA,NA,37
1998,10,4,0,-14.6,927.5,NA,NA,43
1998,10,4,3,-13.6,927.8,NA,NA,35
1998,10,4,6,-16.4,928.3,NA,10,59
1998,10,4,9,NA,929.6,NA,NA,72
1998,10,4,12,-18.7,930.4,NA,NA,69
1998,10,4,15,-19.6,929.8,NA,NA,57
1998,10,4,18,-18.3,929.2,NA,NA,57
1998,10,4,21,-16.7,928.7,NA,NA,45
1998,10,5,0,NA,928.5,NA,NA,31
1998,10,5,3,NA,929.1,NA,NA,24
1998,10,5,6,-12.3,930.5,NA,NA,31
1998,10,5,9,-14.1,932,NA,250,31
1998,10,5,12,-13.4,933.2,NA,NA,31
1998,10,5,15,NA,933.7,NA,320,22
1998,10,5,18,-12.1,933.6,NA,NA,21
1998,10,5,21,-11.5,934.1,NA,NA,22
1998,10,6,0,-9.3,934.1,NA,NA,20
1998,10,6,3,-8.5,933,NA,NA,26
1998,10,6,6,-7.3,931.9,NA,NA,35
1998,10,6,9,-8.7,931,NA,330,42
1998,10,6,12,-6.8,929.8,NA,350,36
1998,10,6,15,-7.1,928,NA,NA,38
1998,10,6,18,-6.3,926.4,NA,NA,35
1998,10,6,21,-5.7,925,NA,NA,37
1998,10,7,0,-6.6,923.4,NA,40,40
1998,10,7,3,-5.6,921.9,NA,NA,38
1998,10,7,6,-7.2,921,NA,NA,42
1998,10,7,9,-7.5,921,NA,320,33
1998,10,7,12,-9.7,920.6,NA,NA,39
1998,10,7,15,-11.6,920.1,NA,NA,49
1998,10,7,18,-10.6,919.5,NA,30,44
1998,10,7,21,-10,919.5,NA,80,53
1998,10,8,0,-9.4,919.4,NA,NA,54
1998,10,8,3,-9.8,918.9,NA,40,44
1998,10,8,6,-11.6,918.6,NA,NA,50
1998,10,8,9,-12.6,919.1,NA,NA,55
1998,10,8,12,-13.3,919.4,NA,NA,52
1998,10,8,15,-16.3,919.2,NA,NA,64
1998,10,8,18,-17.2,919.4,NA,NA,77
1998,10,8,21,-16.6,921.2,NA,NA,78
1998,10,9,0,-17.8,922.8,NA,310,78
1998,10,9,3,-17,923,NA,NA,79
1998,10,9,6,-17.6,924.3,NA,NA,79
1998,10,9,9,-17.8,924.9,NA,NA,74
1998,10,9,12,-17.3,924.4,NA,NA,66
1998,10,9,15,-17.7,923.4,NA,NA,59
1998,10,9,18,-16.3,922.2,NA,40,61
1998,10,9,21,-16.5,921,NA,10,61
1998,10,10,0,-16.4,918.6,NA,20,60
1998,10,10,3,-16.3,916.2,NA,10,63
1998,10,10,6,-16,915.3,NA,NA,52
1998,10,10,9,-15.6,915.5,NA,NA,53
1998,10,10,12,-16.1,916.2,NA,NA,55
1998,10,10,15,NA,916.3,NA,NA,71
1998,10,10,18,-18.1,917.3,NA,NA,50
1998,10,10,21,-16.8,918.6,NA,NA,48
1998,10,11,0,-16.4,916.9,NA,NA,46
1998,10,11,3,-17.8,917.1,NA,NA,58
1998,10,11,6,-18.5,920.6,NA,NA,64
1998,10,11,9,-18.9,923.8,NA,NA,74
1998,10,11,12,-18.8,925,NA,NA,75
1998,10,11,15,-19.6,926.8,NA,NA,77
1998,10,11,18,-19.3,928.2,NA,NA,77
1998,10,11,21,-20.5,929.5,NA,NA,76
1998,10,12,0,-19.9,929.2,NA,NA,76
1998,10,12,3,-20.8,929.7,NA,NA,75
1998,10,12,6,-20.7,930.1,NA,NA,75
1998,10,12,9,-22.3,930.4,NA,NA,74
1998,10,12,12,-22.1,930,NA,NA,74
1998,10,12,15,-22.1,929.5,NA,NA,73
1998,10,12,18,-22.2,928.7,NA,NA,73
1998,10,12,21,-21.3,927.9,NA,NA,74
1998,10,13,0,-20.9,926.9,NA,NA,75
1998,10,13,3,-20.7,925.3,NA,NA,75
1998,10,13,6,-21,925.1,NA,NA,73
1998,10,13,9,-21.6,925.1,NA,NA,74
1998,10,13,12,-21.6,924.7,NA,NA,72
1998,10,13,15,-21.5,924.1,NA,NA,73
1998,10,13,18,-21.6,924.3,NA,NA,70
1998,10,13,21,-22.1,923.9,NA,NA,73
1998,10,14,0,-22,923.3,NA,NA,73
1998,10,14,3,-22.1,922.3,NA,NA,56
1998,10,14,6,-22.4,920.9,NA,NA,61
1998,10,14,9,-22.4,921.2,NA,NA,60
1998,10,14,12,-22.8,919.9,NA,NA,60
1998,10,14,15,-23.2,919.6,NA,NA,64
1998,10,14,18,-23.2,919.1,NA,NA,68
1998,10,14,21,-23.5,918.8,NA,NA,69
1998,10,15,0,-23.6,918.6,NA,NA,60
1998,10,15,3,-24.6,918.4,NA,NA,67
1998,10,15,6,-24.2,919,NA,NA,58
1998,10,15,9,-25.5,918.8,NA,NA,57
1998,10,15,12,-25.7,919.1,NA,NA,57
1998,10,15,15,-25.5,919.7,NA,NA,55
1998,10,15,18,-25.7,920.3,NA,NA,55
1998,10,15,21,-25.6,921.2,NA,NA,63
1998,10,16,0,-25.1,921.8,NA,NA,64
1998,10,16,3,-23.6,922.3,NA,160,69
1998,10,16,6,-24.1,922.8,NA,330,58
1998,10,16,9,-24.7,923.2,NA,NA,45
1998,10,16,12,-25.7,923.8,NA,NA,48
1998,10,16,15,-25,924,NA,NA,48
1998,10,16,18,-23.8,924.7,NA,NA,49
1998,10,16,21,-22.2,925.6,NA,NA,50
1998,10,17,0,NA,NA,NA,NA,NA
1998,10,17,3,NA,NA,NA,NA,NA
1998,10,17,6,NA,NA,NA,NA,NA
1998,10,17,9,NA,NA,NA,NA,NA
1998,10,17,12,NA,NA,NA,NA,NA
1998,10,17,15,NA,NA,NA,NA,NA
1998,10,17,18,NA,NA,NA,NA,NA
1998,10,17,21,NA,NA,NA,NA,NA
1998,10,18,0,NA,NA,NA,NA,NA
1998,10,18,3,NA,NA,NA,NA,NA
1998,10,18,6,NA,NA,NA,NA,NA
1998,10,18,9,NA,NA,NA,NA,NA
1998,10,18,12,NA,NA,NA,NA,NA
1998,10,18,15,NA,NA,NA,NA,NA
1998,10,18,18,NA,NA,NA,NA,NA
1998,10,18,21,NA,NA,NA,NA,NA
1998,10,19,0,NA,NA,NA,NA,NA
1998,10,19,3,NA,NA,NA,NA,NA
1998,10,19,6,NA,NA,NA,NA,NA
1998,10,19,9,NA,NA,NA,NA,NA
1998,10,19,12,NA,NA,NA,NA,NA
1998,10,19,15,NA,NA,NA,NA,NA
1998,10,19,18,NA,NA,NA,NA,NA
1998,10,19,21,NA,NA,NA,NA,NA
1998,10,20,0,NA,NA,NA,NA,NA
1998,10,20,3,NA,NA,NA,NA,NA
1998,10,20,6,NA,NA,NA,NA,NA
1998,10,20,9,NA,NA,NA,NA,NA
1998,10,20,12,NA,NA,NA,NA,NA
1998,10,20,15,NA,NA,NA,NA,NA
1998,10,20,18,NA,NA,NA,NA,NA
1998,10,20,21,NA,NA,NA,NA,NA
1998,10,21,0,NA,NA,NA,NA,NA
1998,10,21,3,NA,NA,NA,NA,NA
1998,10,21,6,NA,NA,NA,NA,NA
1998,10,21,9,NA,NA,NA,NA,NA
1998,10,21,12,NA,NA,NA,NA,NA
1998,10,21,15,NA,NA,NA,NA,NA
1998,10,21,18,NA,NA,NA,NA,NA
1998,10,21,21,NA,NA,NA,NA,NA
1998,10,22,0,NA,NA,NA,NA,NA
1998,10,22,3,NA,NA,NA,NA,NA
1998,10,22,6,NA,NA,NA,NA,NA
1998,10,22,9,NA,NA,NA,NA,NA
1998,10,22,12,NA,NA,NA,NA,NA
1998,10,22,15,NA,NA,NA,NA,NA
1998,10,22,18,NA,NA,NA,NA,NA
1998,10,22,21,NA,NA,NA,NA,NA
1998,10,23,0,NA,NA,NA,NA,NA
1998,10,23,3,NA,NA,NA,NA,NA
1998,10,23,6,NA,NA,NA,NA,NA
1998,10,23,9,NA,NA,NA,NA,NA
1998,10,23,12,NA,NA,NA,NA,NA
1998,10,23,15,NA,NA,NA,NA,NA
1998,10,23,18,NA,NA,NA,NA,NA
1998,10,23,21,NA,NA,NA,NA,NA
1998,10,24,0,NA,NA,NA,NA,NA
1998,10,24,3,NA,NA,NA,NA,NA
1998,10,24,6,NA,NA,NA,NA,NA
1998,10,24,9,NA,NA,NA,NA,NA
1998,10,24,12,NA,NA,NA,NA,NA
1998,10,24,15,NA,NA,NA,NA,NA
1998,10,24,18,NA,NA,NA,NA,NA
1998,10,24,21,NA,NA,NA,NA,NA
1998,10,25,0,NA,NA,NA,NA,NA
1998,10,25,3,NA,NA,NA,NA,NA
1998,10,25,6,NA,NA,NA,NA,NA
1998,10,25,9,NA,NA,NA,NA,NA
1998,10,25,12,NA,NA,NA,NA,NA
1998,10,25,15,NA,NA,NA,NA,NA
1998,10,25,18,NA,NA,NA,NA,NA
1998,10,25,21,NA,NA,NA,NA,NA
1998,10,26,0,NA,NA,NA,NA,NA
1998,10,26,3,NA,NA,NA,NA,NA
1998,10,26,6,NA,NA,NA,NA,NA
1998,10,26,9,NA,NA,NA,NA,NA
1998,10,26,12,NA,NA,NA,NA,NA
1998,10,26,15,NA,NA,NA,NA,NA
1998,10,26,18,NA,NA,NA,NA,NA
1998,10,26,21,NA,NA,NA,NA,NA
1998,10,27,0,NA,NA,NA,NA,NA
1998,10,27,3,NA,NA,NA,NA,NA
1998,10,27,6,NA,NA,NA,NA,NA
1998,10,27,9,NA,NA,NA,NA,NA
1998,10,27,12,NA,NA,NA,NA,NA
1998,10,27,15,NA,NA,NA,NA,NA
1998,10,27,18,NA,NA,NA,NA,NA
1998,10,27,21,NA,NA,NA,NA,NA
1998,10,28,0,-21.3,926.6,2,210,45
1998,10,28,3,-20.4,926.8,2,180,41
1998,10,28,6,-19.7,926.6,5,230,42
1998,10,28,9,-20.4,926.1,6,360,37
1998,10,28,12,-21.4,925.1,2,320,36
1998,10,28,15,-20.6,924,NA,10,37
1998,10,28,18,-20.1,923.1,NA,40,40
1998,10,28,21,-18.9,922.7,NA,10,40
1998,10,29,0,-18.8,922.6,3,50,43
1998,10,29,3,-18.2,922.4,NA,340,38
1998,10,29,6,-19.7,921.8,NA,10,36
1998,10,29,9,-21,921.8,NA,360,60
1998,10,29,12,-20,922.1,NA,20,47
1998,10,29,15,-20.1,922.4,NA,40,38
1998,10,29,18,-19.5,923.4,NA,NA,57
1998,10,29,21,-19.8,924.3,4,240,48
1998,10,30,0,-18.6,925.1,1,250,42
1998,10,30,3,-18.2,925.2,3,230,39
1998,10,30,6,-19.3,924.9,3,200,42
1998,10,30,9,-20.9,924.4,NA,260,50
1998,10,30,12,-20.6,924.1,NA,250,54
1998,10,30,15,-20.5,923.4,NA,240,68
1998,10,30,18,-20.3,923.1,12,250,73
1998,10,30,21,-20.2,922.8,12,250,74
1998,10,31,0,-20.3,922.2,NA,250,74
1998,10,31,3,-20,921.3,15,240,75
1998,10,31,6,-20.1,919.7,NA,230,75
1998,10,31,9,-20.1,918.8,16,230,75
1998,10,31,12,-20.7,917.3,18,230,74
1998,10,31,15,-20.8,916.6,NA,240,74
1998,10,31,18,-21.1,915.6,NA,250,73
1998,10,31,21,-20,914.8,NA,200,68
1998,11,1,0,-19.7,914.2,NA,230,69
1998,11,1,3,-20.1,912.9,2,150,74
1998,11,1,6,-20.9,911.8,3,180,74
1998,11,1,9,-22,911.2,3,230,74
1998,11,1,12,-22.8,910.6,NA,250,73
1998,11,1,15,-22.9,910,NA,270,73
1998,11,1,18,-23,909.9,NA,240,72
1998,11,1,21,-22.7,909.7,NA,230,73
1998,11,2,0,-21.8,908.6,NA,230,73
1998,11,2,3,-22,908.2,NA,230,73
1998,11,2,6,-21.2,908.2,NA,240,72
1998,11,2,9,-22.3,908.8,34,230,70
1998,11,2,12,-22.3,908.9,NA,230,72
1998,11,2,15,-22.8,909.8,NA,250,72
1998,11,2,18,-21.2,908.9,NA,70,73
1998,11,2,21,-21.5,907.2,NA,40,74
1998,11,3,0,-21.8,906.4,6,20,70
1998,11,3,3,-21,905.9,NA,30,71
1998,11,3,6,-20.3,906.3,NA,230,73
1998,11,3,9,-22.3,907.2,NA,0,73
1998,11,3,12,-23.8,908.2,3,270,71
1998,11,3,15,-23.7,909,NA,250,66
1998,11,3,18,-23.1,909.1,NA,230,68
1998,11,3,21,-23.4,910.2,NA,240,68
1998,11,4,0,-23,911.3,NA,NA,69
1998,11,4,3,-22.9,913,37,NA,52
1998,11,4,6,-23.3,915.5,NA,NA,63
1998,11,4,9,-23.9,915.9,NA,NA,61
1998,11,4,12,-22.4,915.6,NA,NA,38
1998,11,4,15,-21.6,914.5,NA,230,31
1998,11,4,18,-20,913.7,NA,NA,27
1998,11,4,21,-18.3,912.3,NA,NA,28
1998,11,5,0,-15.4,910.8,NA,NA,31
1998,11,5,3,-14.2,907,NA,240,40
1998,11,5,6,-13.3,904.7,NA,NA,49
1998,11,5,9,-12.5,903.2,NA,NA,59
1998,11,5,12,-11.8,901,NA,NA,65
1998,11,5,15,-11.1,903.8,NA,NA,46
1998,11,5,18,-12.6,903.8,NA,230,48
1998,11,5,21,-12.8,903.3,NA,50,61
1998,11,6,0,-16.3,903,NA,250,64
1998,11,6,3,-15.8,902.9,NA,240,73
1998,11,6,6,-14.9,902.8,17,250,59
1998,11,6,9,-14.8,901.4,NA,NA,44
1998,11,6,12,-14.7,902.7,NA,NA,42
1998,11,6,15,-13.8,902.1,NA,NA,39
1998,11,6,18,-13,902.2,NA,250,39
1998,11,6,21,-11.7,902.4,31,240,47
1998,11,7,0,-10.9,902.4,NA,240,46
1998,11,7,3,-12.9,901.8,NA,240,75
1998,11,7,6,-11.8,905,NA,230,68
1998,11,7,9,-11.3,903.7,NA,20,47
1998,11,7,12,-11.3,901.6,NA,20,46
1998,11,7,15,-12.3,899.9,NA,20,42
1998,11,7,18,-11.8,899.9,NA,60,46
1998,11,7,21,-13.9,901,NA,270,63
1998,11,8,0,-15.2,901.8,NA,240,67
1998,11,8,3,-13.5,902.7,NA,250,74
1998,11,8,6,-15,903.7,NA,110,68
1998,11,8,9,-13.6,904.4,3,230,60
1998,11,8,12,-14,904.8,NA,240,58
1998,11,8,15,-11.7,904.7,NA,240,44
1998,11,8,18,-11.4,905.8,NA,240,45
1998,11,8,21,-10.1,905.4,NA,230,66
1998,11,9,0,-10.3,906.1,NA,230,73
1998,11,9,3,-8.8,905.4,NA,80,77
1998,11,9,6,-11.1,904.4,5,50,60
1998,11,9,9,-12.3,903.5,NA,20,58
1998,11,9,12,-12.6,902.8,NA,250,65
1998,11,9,15,-11.8,902.9,NA,290,63
1998,11,9,18,-13.9,904.4,NA,250,54
1998,11,9,21,-13.6,906.4,NA,80,77
1998,11,10,0,-12.6,908.1,NA,180,82
1998,11,10,3,-12.5,909.5,NA,300,75
1998,11,10,6,-14.2,911.1,NA,240,82
1998,11,10,9,-13.8,912.2,NA,240,83
1998,11,10,12,-14.2,913.1,1,40,83
1998,11,10,15,-14.1,914,5,260,83
1998,11,10,18,-12.3,914.6,4,280,80
1998,11,10,21,-11.4,915.7,6,200,76
1998,11,11,0,NA,915.7,NA,220,66
1998,11,11,3,-11.8,916.2,NA,260,77
1998,11,11,6,-11.2,916.5,NA,180,71
1998,11,11,9,-12.5,916.7,3,20,77
1998,11,11,12,-12.3,916.6,2,80,84
1998,11,11,15,-12.9,916,2,30,85
1998,11,11,18,-12.5,915.4,3,40,85
1998,11,11,21,-11,915,5,60,85
1998,11,12,0,-12.5,914.6,7,50,85
1998,11,12,3,-12,914.1,3,70,86
1998,11,12,6,-12.4,914,NA,80,86
1998,11,12,9,-14,913.9,1,280,85
1998,11,12,12,-14.3,913.3,4,260,84
1998,11,12,15,-14.6,912.8,NA,220,84
1998,11,12,18,-15.3,912.3,NA,230,83
1998,11,12,21,-10.7,912.1,NA,250,86
1998,11,13,0,-14,911.7,NA,140,85
1998,11,13,3,-13.3,911,2,150,86
1998,11,13,6,-14.2,910.8,5,130,85
1998,11,13,9,-15.5,911.5,NA,240,83
1998,11,13,12,-16.4,912.5,6,230,82
1998,11,13,15,-15.8,913.5,NA,250,82
1998,11,13,18,-15.5,913.3,NA,50,81
1998,11,13,21,-15.1,912.5,NA,30,80
1998,11,14,0,-10.9,910.1,NA,20,68
1998,11,14,3,-13.8,908.2,NA,50,51
1998,11,14,6,-13.9,906.1,NA,20,71
1998,11,14,9,-13.9,906.1,NA,60,83
1998,11,14,12,-14.7,906,NA,0,83
1998,11,14,15,-15.8,906.2,NA,0,83
1998,11,14,18,-15.4,907.2,2,270,82
1998,11,14,21,-14.9,907.7,NA,100,83
1998,11,15,0,-15.2,908.5,2,100,83
1998,11,15,3,-15.3,908.4,NA,60,80
1998,11,15,6,-16.3,908.1,NA,20,79
1998,11,15,9,-15.9,908.1,11,20,80
1998,11,15,12,-13.2,908.2,NA,0,66
1998,11,15,15,-13.8,908.6,NA,20,35
1998,11,15,18,-13.3,908.9,3,290,43
1998,11,15,21,-11.5,909.7,NA,NA,42
1998,11,16,0,-11.4,910.2,1,270,40
1998,11,16,3,-11.9,910.7,3,210,38
1998,11,16,6,-10.6,910.9,NA,NA,41
1998,11,16,9,-12.6,911.5,NA,270,43
1998,11,16,12,-12.4,912.2,NA,250,39
1998,11,16,15,-12.6,912.1,3,260,32
1998,11,16,18,-10.5,911.8,NA,160,30
1998,11,16,21,-9.9,911.6,NA,10,39
1998,11,17,0,-7.4,911.4,NA,30,38
1998,11,17,3,-7.9,911.4,NA,350,39
1998,11,17,6,-6.5,911.5,NA,280,36
1998,11,17,9,-7.6,911.9,NA,310,35
1998,11,17,12,-8.4,912.3,6,310,34
1998,11,17,15,-8,912.6,3,290,32
1998,11,17,18,-7.3,913.1,3,260,31
1998,11,17,21,-7.6,914.6,6,250,35
1998,11,18,0,-5.9,915.8,5,240,33
1998,11,18,3,-8.1,916.6,NA,240,41
1998,11,18,6,-10,916.2,NA,240,58
1998,11,18,9,-9.3,916.7,NA,260,64
1998,11,18,12,-9.7,917.4,NA,180,80
1998,11,18,15,-10,916.3,NA,160,81
1998,11,18,18,-8.9,915.8,3,30,75
1998,11,18,21,-6.4,915.6,2,310,60
1998,11,19,0,NA,915.8,1,20,49
1998,11,19,3,-2.7,916,1,360,37
1998,11,19,6,-3.8,916.4,1,10,40
1998,11,19,9,-4.7,916.6,2,20,35
1998,11,19,12,-6.5,917.2,NA,10,38
1998,11,19,15,-6.5,917.4,NA,350,39
1998,11,19,18,-8.7,918.2,7,250,49
1998,11,19,21,-10.4,918.9,NA,240,78
1998,11,20,0,-9.8,920.2,NA,230,87
1998,11,20,3,-9.6,920.8,NA,240,83
1998,11,20,6,-9.6,922,21,NA,83
1998,11,20,9,-9.7,923.3,NA,NA,79
1998,11,20,12,-9.6,924.2,NA,240,61
1998,11,20,15,-10.2,924.6,12,230,63
1998,11,20,18,-9.9,924.8,NA,230,61
1998,11,20,21,-9.5,925,NA,240,60
1998,11,21,0,-10,924.6,3,150,62
1998,11,21,3,-9.6,923.7,NA,220,66
1998,11,21,6,-10.5,923.2,NA,220,76
1998,11,21,9,-10.5,923.4,NA,220,69
1998,11,21,12,-11.4,923.5,NA,310,64
1998,11,21,15,-11.5,922.8,NA,200,65
1998,11,21,18,-11.4,922.4,2,260,73
1998,11,21,21,-11.4,922,NA,80,73
1998,11,22,0,-10.5,922,NA,30,81
1998,11,22,3,-11.1,921.5,NA,20,85
1998,11,22,6,-11.6,921.4,3,60,86
1998,11,22,9,-11.6,921.6,NA,NA,86
1998,11,22,12,-12.4,922,3,230,86
1998,11,22,15,-13,922.2,NA,240,85
1998,11,22,18,-13,923.1,NA,230,85
1998,11,22,21,-12.7,924.3,NA,230,85
1998,11,23,0,-13,925.9,NA,230,85
1998,11,23,3,-12.9,926.7,NA,220,85
1998,11,23,6,-12.8,928.3,21,230,78
1998,11,23,9,-12.3,929.5,NA,250,60
1998,11,23,12,-12.8,930.7,NA,250,52
1998,11,23,15,-13,931.3,NA,250,51
1998,11,23,18,-12.2,932.5,7,240,47
1998,11,23,21,-11.3,933.1,NA,230,45
1998,11,24,0,-10.8,933.5,NA,250,41
1998,11,24,3,-8.9,932.7,NA,60,46
1998,11,24,6,-10,931.6,NA,340,37
1998,11,24,9,-11,930.5,NA,360,36
1998,11,24,12,-10,929.7,NA,20,34
1998,11,24,15,-12,928.7,NA,270,59
1998,11,24,18,-10.5,928,NA,0,40
1998,11,24,21,-12.2,927.5,NA,230,50
1998,11,25,0,-10.5,926.7,2,60,48
1998,11,25,3,-8.2,925.5,2,280,44
1998,11,25,6,-9.8,924.4,3,20,40
1998,11,25,9,-9.2,922.8,2,340,31
1998,11,25,12,-11.5,921.8,4,20,30
1998,11,25,15,-9.9,920.8,NA,0,33
1998,11,25,18,-8.9,920.4,1,290,28
1998,11,25,21,-9.4,920.6,2,60,49
1998,11,26,0,-10.6,920.7,5,60,63
1998,11,26,3,-10.8,920.8,NA,40,69
1998,11,26,6,-11.6,921.3,NA,30,79
1998,11,26,9,-12.1,921.9,6,360,85
1998,11,26,12,-12.4,922.7,NA,30,85
1998,11,26,15,-11.7,922.9,NA,350,84
1998,11,26,18,-10.6,923.2,1,180,78
1998,11,26,21,-8.8,923.5,NA,230,58
1998,11,27,0,-8.9,923.9,NA,170,61
1998,11,27,3,-7,923.8,NA,300,41
1998,11,27,6,-8.8,923.6,NA,30,38
1998,11,27,9,-9.5,923.1,NA,NA,36
1998,11,27,12,-10.1,922,NA,NA,37
1998,11,27,15,-10.9,920.7,NA,NA,54
1998,11,27,18,-9.2,919.2,3,90,61
1998,11,27,21,-11,918.1,NA,20,68
1998,11,28,0,-9.2,916.9,4,90,84
1998,11,28,3,-10.2,915.2,NA,240,81
1998,11,28,6,-11.3,913.7,NA,230,84
1998,11,28,9,-12,911.9,NA,240,85
1998,11,28,12,-11.9,907.5,NA,230,86
1998,11,28,15,-11.6,906.4,NA,240,86
1998,11,28,18,-10.5,907.2,NA,230,87
1998,11,28,21,-10.5,909,50,NA,87
1998,11,29,0,-9.7,912.3,49,NA,88
1998,11,29,3,-11.5,916.4,NA,NA,87
1998,11,29,6,-12,921.1,NA,NA,86
1998,11,29,9,-12.4,925.3,NA,NA,86
1998,11,29,12,-12.3,929,NA,240,86
1998,11,29,15,-12.2,929.2,NA,250,85
1998,11,29,18,-12.1,930.3,NA,240,83
1998,11,29,21,-10.4,929.4,NA,0,85
1998,11,30,0,-10.9,928.4,NA,20,84
1998,11,30,3,-7.6,927,NA,20,54
1998,11,30,6,-7.4,925.7,NA,10,39
1998,11,30,9,-10.7,924.1,6,40,85
1998,11,30,12,-10.9,922.4,8,50,87
1998,11,30,15,-10.5,920.4,NA,90,87
1998,11,30,18,-11.6,918.5,NA,260,87
1998,11,30,21,-13,917.6,NA,250,86
1998,12,1,0,-11.3,917,NA,250,87
1998,12,1,3,-11.1,916.3,NA,240,87
1998,12,1,6,-11.5,916.5,NA,220,87
1998,12,1,9,-11.9,917.3,NA,230,86
1998,12,1,12,-9.9,916.8,NA,240,68
1998,12,1,15,-11,918.1,NA,240,73
1998,12,1,18,-10.5,920.6,NA,230,63
1998,12,1,21,-7.7,922.2,NA,240,46
1998,12,2,0,-7.8,922.9,NA,230,47
1998,12,2,3,-8.2,923.2,NA,230,55
1998,12,2,6,-8.2,923.6,NA,230,61
1998,12,2,9,-9.5,924.2,NA,220,82
1998,12,2,12,-10.5,924.6,NA,240,87
1998,12,2,15,-10.2,925.1,8,230,73
1998,12,2,18,-10,925.6,NA,240,71
1998,12,2,21,-8.4,926.3,NA,270,67
1998,12,3,0,-8.5,926.1,NA,100,77
1998,12,3,3,-5.6,926.3,2,220,47
1998,12,3,6,-4.1,926.1,2,240,37
1998,12,3,9,-5.3,926.2,4,10,33
1998,12,3,12,-3.3,926.5,5,230,28
1998,12,3,15,-3.3,926.1,NA,340,29
1998,12,3,18,-2.5,924.8,NA,10,30
1998,12,3,21,-0.6,923,NA,30,30
1998,12,4,0,NA,921,NA,20,26
1998,12,4,3,NA,918.6,NA,20,64
1998,12,4,6,NA,916.7,NA,250,85
1998,12,4,9,-7.6,915.4,NA,240,79
1998,12,4,12,-4,915.9,NA,240,63
1998,12,4,15,-5.5,915,NA,240,52
1998,12,4,18,-5.5,916.3,NA,230,50
1998,12,4,21,-7.9,917.9,NA,240,70
1998,12,5,0,-7.1,918.9,NA,230,83
1998,12,5,3,-6.7,920,NA,240,71
1998,12,5,6,-3.9,921.6,NA,240,54
1998,12,5,9,-3.9,922.7,NA,270,47
1998,12,5,12,-4.9,922.8,5,330,48
1998,12,5,15,-5.8,922,NA,30,57
1998,12,5,18,-6.6,921.4,NA,10,75
1998,12,5,21,-6,921.1,8,30,76
1998,12,6,0,-6.5,920.1,8,30,NA
1998,12,6,3,-6.2,919.1,NA,10,90
1998,12,6,6,-6.6,918.3,4,20,91
1998,12,6,9,-6.6,917.4,6,60,91
1998,12,6,12,-7.4,916.6,5,30,91
1998,12,6,15,-8.1,915.5,NA,350,91
1998,12,6,18,-6.8,914.8,4,20,91
1998,12,6,21,-6.5,914,6,60,91
1998,12,7,0,-6.3,912.5,6,60,92
1998,12,7,3,-5.9,911.2,NA,220,92
1998,12,7,6,-6.9,910.1,NA,240,92
1998,12,7,9,-7.4,908.9,NA,220,91
1998,12,7,12,-7.3,908.7,NA,230,91
1998,12,7,15,-6.6,909.8,NA,250,91
1998,12,7,18,-6.5,910.1,28,250,81
1998,12,7,21,-6.2,911.2,28,NA,86
1998,12,8,0,-6.9,912.3,NA,NA,89
1998,12,8,3,-7.1,912.5,NA,NA,87
1998,12,8,6,-6.9,913.6,24,NA,81
1998,12,8,9,-7.4,914,24,240,83
1998,12,8,12,-7.6,914.1,24,230,83
1998,12,8,15,-7.7,915,NA,240,87
1998,12,8,18,-7.6,915.5,NA,230,82
1998,12,8,21,-7.5,915.8,NA,230,88
1998,12,9,0,-7.2,916,8,250,91
1998,12,9,3,-6.5,915.9,NA,240,91
1998,12,9,6,-6.6,915.8,NA,130,92
1998,12,9,9,-7.7,915.3,2,30,92
1998,12,9,12,-7.5,914.3,NA,20,60
1998,12,9,15,-7.6,913,NA,360,63
1998,12,9,18,-6.8,911.9,NA,250,83
1998,12,9,21,-6.5,910.7,NA,210,87
1998,12,10,0,-5.2,909.5,3,80,82
1998,12,10,3,-6.4,908.1,NA,50,88
1998,12,10,6,-6,907.2,6,70,86
1998,12,10,9,-6.8,906.4,4,230,86
1998,12,10,12,-7.7,905.5,NA,230,87
1998,12,10,15,-8,905,NA,240,85
1998,12,10,18,-9.6,905.3,NA,240,85
1998,12,10,21,-8.7,905.8,NA,240,89
1998,12,11,0,-7.9,906.3,NA,230,90
1998,12,11,3,-8.2,906,NA,240,90
1998,12,11,6,-8.4,906.3,NA,240,87
1998,12,11,9,-8.4,906.3,NA,240,89
1998,12,11,12,-8.9,907,NA,250,81
1998,12,11,15,-8.4,908.3,29,240,71
1998,12,11,18,-8.3,909.5,NA,230,67
1998,12,11,21,-7.8,910.7,NA,240,70
1998,12,12,0,-7.7,912,NA,230,78
1998,12,12,3,-6.1,913.3,NA,240,67
1998,12,12,6,-6.3,914,NA,180,79
1998,12,12,9,-6.9,914.4,NA,30,69
1998,12,12,12,-7.6,914.8,NA,0,73
1998,12,12,15,-8.6,914.9,4,360,85
1998,12,12,18,-7.9,915.4,NA,220,89
1998,12,12,21,NA,916.2,1,250,87
1998,12,13,0,NA,916.9,1,20,NA
1998,12,13,3,NA,917.3,1,250,90
1998,12,13,6,-8,917.6,NA,240,91
1998,12,13,9,-8.5,918,NA,250,90
1998,12,13,12,-8.3,918,5,240,90
1998,12,13,15,-8.7,917.5,7,240,90
1998,12,13,18,-8.8,917.4,NA,230,90
1998,12,13,21,-8.1,917.7,NA,190,90
1998,12,14,0,-7.6,917.4,NA,90,91
1998,12,14,3,-6.9,917.2,4,120,91
1998,12,14,6,NA,917.1,1,250,91
1998,12,14,9,-7.7,916.8,NA,160,91
1998,12,14,12,-8.1,916.5,NA,230,91
1998,12,14,15,-8.5,916.2,NA,230,91
1998,12,14,18,-8.7,915.7,NA,220,90
1998,12,14,21,-8.6,915.8,15,220,90
1998,12,15,0,-9,915.9,16,230,90
1998,12,15,3,-9.3,914.3,19,240,90
1998,12,15,6,-9.6,914.2,NA,240,90
1998,12,15,9,-9.2,913.6,NA,230,90
1998,12,15,12,-10.3,913.6,NA,240,89
1998,12,15,15,-10.2,912.2,NA,NA,89
1998,12,15,18,-10.1,911.2,NA,NA,89
1998,12,15,21,-10.1,910.9,NA,NA,89
1998,12,16,0,-10.1,912.2,NA,250,89
1998,12,16,3,-10.1,911.4,55,NA,89
1998,12,16,6,-9.6,913.3,NA,NA,89
1998,12,16,9,-9.6,912.6,NA,NA,89
1998,12,16,12,-9.4,915.4,NA,250,90
1998,12,16,15,-9.5,918.2,NA,250,90
1998,12,16,18,-9.4,919.5,NA,240,90
1998,12,16,21,-8.7,921.9,NA,240,89
1998,12,17,0,-8.2,924.3,NA,240,83
1998,12,17,3,-8.1,925.7,NA,220,81
1998,12,17,6,-8.1,927.8,NA,230,88
1998,12,17,9,-7.5,929.1,NA,0,78
1998,12,17,12,-7.1,929.8,NA,NA,69
1998,12,17,15,-5.6,930.3,2,270,54
1998,12,17,18,-5,931.5,2,240,60
1998,12,17,21,-4.3,932.4,2,150,51
1998,12,18,0,NA,933.4,1,310,46
1998,12,18,3,-2.5,933.9,NA,360,49
1998,12,18,6,-2.9,933.7,NA,350,43
1998,12,18,9,-1.8,933.3,NA,10,28
1998,12,18,12,-2.6,932.5,NA,10,27
1998,12,18,15,-1.9,931.1,NA,250,30
1998,12,18,18,-1.8,930.1,NA,260,35
1998,12,18,21,-1.2,928.5,NA,240,46
1998,12,19,0,-3.1,926.4,NA,240,46
1998,12,19,3,-2.5,924.3,NA,260,42
1998,12,19,6,-2.6,922.7,NA,240,39
1998,12,19,9,-5.4,921.5,NA,50,52
1998,12,19,12,-4.8,920.6,2,130,57
1998,12,19,15,-8.4,920.4,NA,260,59
1998,12,19,18,NA,922,NA,230,54
1998,12,19,21,NA,923.7,NA,20,29
1998,12,20,0,1.3,924.6,NA,270,37
1998,12,20,3,2.6,926.2,NA,360,20
1998,12,20,6,0.9,927.4,NA,30,23
1998,12,20,9,1.3,927.9,3,220,25
1998,12,20,12,-0.1,927.9,NA,260,30
1998,12,20,15,1.3,927.6,NA,250,34
1998,12,20,18,0.7,926.5,NA,210,35
1998,12,20,21,1.2,924.1,5,10,38
1998,12,21,0,0.3,921.4,5,250,46
1998,12,21,3,NA,918.1,3,230,34
1998,12,21,6,NA,915.2,NA,240,40
1998,12,21,9,4.8,911.9,NA,240,42
1998,12,21,12,NA,909.2,NA,260,87
1998,12,21,15,NA,915.7,NA,250,91
1998,12,21,18,-4.5,916.4,NA,240,64
1998,12,21,21,-4,921.6,NA,250,56
1998,12,22,0,-4.6,926.8,NA,240,57
1998,12,22,3,-3.9,930.4,NA,240,54
1998,12,22,6,-4.7,930.9,NA,60,56
1998,12,22,9,-4.2,930,NA,330,65
1998,12,22,12,NA,930.3,NA,290,32
1998,12,22,15,0.1,930.6,NA,240,31
1998,12,22,18,0.1,931.4,NA,240,28
1998,12,22,21,-2.5,932.4,NA,60,44
1998,12,23,0,-2.4,933.4,NA,10,50
1998,12,23,3,-1.4,934.6,NA,230,51
1998,12,23,6,-3.4,934.9,NA,230,45
1998,12,23,9,-1.7,935.8,NA,230,33
1998,12,23,12,-2.5,936.6,NA,240,39
1998,12,23,15,-0.7,936.8,NA,190,31
1998,12,23,18,-0.7,937.1,4,40,33
1998,12,23,21,-0.6,937.1,NA,70,40
1998,12,24,0,-0.8,938,NA,210,35
1998,12,24,3,-3.5,936.9,NA,250,46
1998,12,24,6,-2.8,936.4,NA,230,40
1998,12,24,9,-3.1,935.9,NA,240,41
1998,12,24,12,-1.6,933.8,NA,340,23
1998,12,24,15,-1.4,930.3,NA,0,21
1998,12,24,18,0,926.5,NA,360,22
1998,12,24,21,2.4,922.9,NA,40,26
1998,12,25,0,4.5,919.6,NA,20,23
1998,12,25,3,NA,918.1,NA,250,26
1998,12,25,6,3.1,920.1,NA,230,28
1998,12,25,9,-0.3,920.7,NA,240,43
1998,12,25,12,NA,921.2,NA,NA,57
1998,12,25,15,NA,919.8,NA,NA,87
1998,12,25,18,-5.7,925.3,NA,NA,92
1998,12,25,21,-6.3,927.6,NA,NA,92
1998,12,26,0,-6.2,928.7,NA,220,89
1998,12,26,3,-6,928.9,NA,230,91
1998,12,26,6,NA,928.6,NA,200,87
1998,12,26,9,-6,928,NA,230,84
1998,12,26,12,-5.7,927.6,NA,230,69
1998,12,26,15,-6.8,927.2,13,220,70
1998,12,26,18,-6.4,927.2,16,230,73
1998,12,26,21,-5.7,927.3,NA,230,77
1998,12,27,0,-6.2,928.5,NA,230,89
1998,12,27,3,-5.9,929.4,NA,190,92
1998,12,27,6,-7.4,930.7,NA,250,92
1998,12,27,9,-6.3,931.3,NA,0,92
1998,12,27,12,-7.7,931.3,NA,240,90
1998,12,27,15,-7.1,930.3,NA,240,85
1998,12,27,18,-6.5,930.3,NA,250,75
1998,12,27,21,-6,932.2,NA,230,68
1998,12,28,0,-5.4,933.6,NA,230,61
1998,12,28,3,-5.3,935,NA,230,79
1998,12,28,6,-6.1,935.9,NA,240,80
1998,12,28,9,-5.7,936.5,NA,190,83
1998,12,28,12,-5,936.9,NA,260,67
1998,12,28,15,-5.6,937.2,3,20,44
1998,12,28,18,-5.1,937.3,5,30,52
1998,12,28,21,-3.6,937.1,2,140,69
1998,12,29,0,NA,937,1,150,68
1998,12,29,3,NA,936.3,1,50,71
1998,12,29,6,-3.6,935.7,5,260,63
1998,12,29,9,-5.2,935,NA,270,63
1998,12,29,12,-6.4,934.6,3,280,47
1998,12,29,15,-8.1,933.4,6,280,88
1998,12,29,18,-8.4,933.1,5,260,63
1998,12,29,21,-7,933.2,NA,230,75
1998,12,30,0,-5.5,933.1,NA,10,64
1998,12,30,3,-5.2,933,NA,40,60
1998,12,30,6,-5.2,933.3,2,30,59
1998,12,30,9,-7,933.6,2,170,74
1998,12,30,12,-7.7,933.9,NA,220,83
1998,12,30,15,-8.1,933.7,NA,230,81
1998,12,30,18,-7.2,933.9,NA,240,76
1998,12,30,21,-7.3,933.7,NA,230,76
1998,12,31,0,-7.8,933.2,NA,240,NA
1998,12,31,3,-7.2,932.8,NA,230,89
1998,12,31,6,-7.2,932.3,NA,220,83
1998,12,31,9,-7.1,932.1,NA,250,86
1998,12,31,12,-7.8,931.4,NA,230,90
1998,12,31,15,-8,930.5,11,240,90
1998,12,31,18,-8,930.2,10,240,90
1998,12,31,21,-7.9,930,9,230,91
1999,1,1,0,-6.9,929.7,NA,220,91
1999,1,1,3,-6.7,928.9,6,210,92
1999,1,1,6,-7.1,928.7,6,240,92
1999,1,1,9,-7.4,928.5,6,230,91
1999,1,1,12,-7.8,928.2,7,230,91
1999,1,1,15,-8,927.7,8,240,91
1999,1,1,18,-7.9,928,6,250,91
1999,1,1,21,-7,928,4,210,91
1999,1,2,0,-7.3,927.6,3,250,91
1999,1,2,3,-7.5,926.8,3,270,92
1999,1,2,6,-7.2,926,5,260,91
1999,1,2,9,-7.4,925.2,NA,250,73
1999,1,2,12,-7.4,924.3,NA,280,39
1999,1,2,15,-6.4,923,NA,20,36
1999,1,2,18,NA,922.2,1,310,42
1999,1,2,21,-4.7,920.9,3,70,42
1999,1,3,0,NA,919.9,1,10,47
1999,1,3,3,-3.9,918.8,NA,10,39
1999,1,3,6,-3.9,918.1,5,270,28
1999,1,3,9,-4.3,917.9,5,280,29
1999,1,3,12,-5.1,917.7,8,240,28
1999,1,3,15,-3.2,917.2,NA,260,28
1999,1,3,18,-3.2,917.6,NA,250,38
1999,1,3,21,-2.9,918.1,NA,230,44
1999,1,4,0,-2.9,919.1,NA,230,53
1999,1,4,3,-3.3,919.3,NA,250,79
1999,1,4,6,-3.6,920.4,NA,220,81
1999,1,4,9,-3.7,920.7,NA,90,76
1999,1,4,12,-2.7,920.6,NA,220,64
1999,1,4,15,-3.5,920.7,NA,240,71
1999,1,4,18,-2.7,920.4,NA,240,75
1999,1,4,21,-4.2,922.5,NA,230,91
1999,1,5,0,-2.2,922.9,NA,200,90
1999,1,5,3,-1.8,922.7,NA,230,79
1999,1,5,6,-1.4,922.6,NA,240,73
1999,1,5,9,-1.9,922.7,NA,240,72
1999,1,5,12,-2,923.1,11,240,69
1999,1,5,15,-2.4,923.6,10,270,72
1999,1,5,18,-3.9,924.3,NA,240,90
1999,1,5,21,-4.9,925.1,NA,190,93
1999,1,6,0,-5.7,925.6,11,220,93
1999,1,6,3,-5.2,925.7,NA,230,93
1999,1,6,6,-5.5,925.2,NA,240,93
1999,1,6,9,-5.9,924.7,NA,250,92
1999,1,6,12,-5.2,923.6,NA,0,92
1999,1,6,15,-5.7,922.2,2,220,91
1999,1,6,18,-4.4,921.1,4,200,87
1999,1,6,21,-4.6,920.5,NA,170,85
1999,1,7,0,-4.8,919.5,NA,240,NA
1999,1,7,3,-5.6,919.7,NA,220,92
1999,1,7,6,-6.9,919.9,NA,230,92
1999,1,7,9,-6.8,919,NA,240,92
1999,1,7,12,-7.1,919.2,NA,250,92
1999,1,7,15,-7.3,920.4,NA,250,91
1999,1,7,18,-7.3,921.6,NA,240,88
1999,1,7,21,-6.9,922.2,NA,250,91
1999,1,8,0,-7,921.9,NA,NA,87
1999,1,8,3,-6.2,922.1,NA,NA,84
1999,1,8,6,-6.7,922.2,22,NA,88
1999,1,8,9,-6.8,922.7,NA,260,79
1999,1,8,12,-6.3,922.4,NA,240,69
1999,1,8,15,-7,921.8,NA,320,56
1999,1,8,18,-6,921.6,3,330,58
1999,1,8,21,NA,921.3,1,270,63
1999,1,9,0,-4.7,920.9,2,220,60
1999,1,9,3,-4.2,920.3,3,240,55
1999,1,9,6,-3.7,919.6,3,250,52
1999,1,9,9,-5.7,918.8,6,290,55
1999,1,9,12,-6.7,918.1,5,290,57
1999,1,9,15,-6.7,917.6,2,290,55
1999,1,9,18,-5,917.1,3,110,59
1999,1,9,21,-5.1,917.1,2,180,62
1999,1,10,0,-5,917.3,4,50,64
1999,1,10,3,-5.9,917.4,5,70,72
1999,1,10,6,-6,918.1,3,30,76
1999,1,10,9,-6.4,918.8,3,30,67
1999,1,10,12,-6.4,919.9,2,NA,60
1999,1,10,15,-5.7,920.7,NA,NA,70
1999,1,10,18,NA,921.7,1,240,65
1999,1,10,21,-5.2,922.5,3,150,65
1999,1,11,0,-3.2,923.1,2,70,63
1999,1,11,3,-4.4,923.3,3,70,70
1999,1,11,6,-4,923.8,3,240,63
1999,1,11,9,-5.1,924.3,NA,250,66
1999,1,11,12,-6.6,924.7,NA,240,76
1999,1,11,15,-6.5,924.9,9,240,73
1999,1,11,18,-6.2,925.2,7,250,66
1999,1,11,21,-5.4,925.3,6,240,68
1999,1,12,0,-4.8,925.2,3,250,70
1999,1,12,3,-3.7,924.5,NA,80,65
1999,1,12,6,-5,924,2,50,74
1999,1,12,9,-6.8,923.4,NA,0,71
1999,1,12,12,-6.3,923.1,6,340,67
1999,1,12,15,-6.3,922.8,NA,0,77
1999,1,12,18,-6.1,922.9,NA,250,77
1999,1,12,21,-5.5,923.3,NA,230,72
1999,1,13,0,-4.4,923.4,NA,240,64
1999,1,13,3,-5,923.4,7,210,73
1999,1,13,6,-5.3,923.3,4,250,75
1999,1,13,9,-5.8,922.9,3,260,78
1999,1,13,12,NA,922.8,1,340,76
1999,1,13,15,-7.2,921.5,3,10,77
1999,1,13,18,-5.7,920.6,NA,130,80
1999,1,13,21,-5.7,920.1,5,210,76
1999,1,14,0,-6.9,919.4,NA,250,85
1999,1,14,3,-7,919.2,8,250,90
1999,1,14,6,-6,919.2,NA,220,81
1999,1,14,9,-6.9,919.3,5,240,75
1999,1,14,12,-7.7,919.3,NA,240,85
1999,1,14,15,-8.3,919.4,NA,250,84
1999,1,14,18,-7.9,919.9,NA,240,90
1999,1,14,21,-7.7,920.6,10,230,88
1999,1,15,0,-7,921.5,12,240,84
1999,1,15,3,-6.8,921.8,10,240,89
1999,1,15,6,-6.8,922,10,250,91
1999,1,15,9,-6.5,922.2,NA,20,57
1999,1,15,12,-6.2,922.2,NA,260,44
1999,1,15,15,-6.7,922.5,6,260,47
1999,1,15,18,-5.2,922.7,4,230,51
1999,1,15,21,-6,923.2,NA,230,50
1999,1,16,0,-5,924,NA,240,46
1999,1,16,3,-4.5,924,9,210,42
1999,1,16,6,-3.6,924.1,NA,190,38
1999,1,16,9,-5.5,924.5,NA,230,44
1999,1,16,12,-4.8,924.7,NA,240,59
1999,1,16,15,-6.5,926,NA,230,84
1999,1,16,18,-7.1,926.5,NA,230,90
1999,1,16,21,-7.7,927.5,NA,210,91
1999,1,17,0,-6.5,927.6,NA,230,91
1999,1,17,3,-7.6,928.4,NA,200,91
1999,1,17,6,-7.9,928.5,NA,220,91
1999,1,17,9,-8.2,929.8,NA,210,91
1999,1,17,12,-7.9,929.3,NA,240,90
1999,1,17,15,-7.5,929.7,NA,230,89
1999,1,17,18,-7.9,930.5,NA,220,86
1999,1,17,21,-7.3,930.4,23,230,79
1999,1,18,0,-6.8,930.4,NA,240,74
1999,1,18,3,-7,930.3,NA,240,85
1999,1,18,6,-7.1,931.1,NA,220,82
1999,1,18,9,-6.8,931.9,NA,220,82
1999,1,18,12,-7.4,932.3,NA,260,86
1999,1,18,15,-7.7,931.5,NA,360,77
1999,1,18,18,-7.3,931.3,NA,10,77
1999,1,18,21,-5.6,931.2,NA,100,83
1999,1,19,0,-5.3,931.2,5,80,79
1999,1,19,3,-5,931.1,NA,50,73
1999,1,19,6,-6.1,931.2,2,250,75
1999,1,19,9,-6.6,931.2,4,270,73
1999,1,19,12,-7.7,931.3,NA,360,68
1999,1,19,15,-7.6,930.9,NA,360,67
1999,1,19,18,-6.5,930.9,NA,200,71
1999,1,19,21,-6.8,931.1,NA,280,74
1999,1,20,0,NA,931.5,1,230,74
1999,1,20,3,-4.8,932.1,2,240,70
1999,1,20,6,-5.4,932.9,4,260,66
1999,1,20,9,-7.1,933.8,NA,240,68
1999,1,20,12,-7.2,934.8,7,250,74
1999,1,20,15,-9.2,934.6,11,250,76
1999,1,20,18,-8.1,934.4,NA,240,79
1999,1,20,21,-8.1,934.4,NA,250,81
1999,1,21,0,-6.2,933.3,NA,230,66
1999,1,21,3,-5.7,932.2,7,230,75
1999,1,21,6,-7.2,931,NA,240,83
1999,1,21,9,-6.7,930.3,NA,240,80
1999,1,21,12,-6.3,929,NA,270,57
1999,1,21,15,-6.7,927.5,NA,290,53
1999,1,21,18,NA,926.5,1,350,44
1999,1,21,21,-4,925.8,2,110,51
1999,1,22,0,-3.1,925.2,3,60,53
1999,1,22,3,NA,924.4,1,20,40
1999,1,22,6,-0.6,924.2,2,250,35
1999,1,22,9,-2.6,924.2,NA,250,35
1999,1,22,12,-4.1,924.4,NA,260,40
1999,1,22,15,-3.8,924.7,NA,250,35
1999,1,22,18,-4.1,925.2,NA,240,39
1999,1,22,21,-4,925.6,NA,250,47
1999,1,23,0,-3.2,928.7,NA,210,64
1999,1,23,3,-2.7,929.3,NA,240,70
1999,1,23,6,-3,930.3,NA,60,61
1999,1,23,9,-2.6,931.4,NA,230,59
1999,1,23,12,-4,932.2,NA,230,66
1999,1,23,15,-4.8,933.3,NA,190,92
1999,1,23,18,-5.2,933.7,NA,20,93
1999,1,23,21,-4,933.9,5,40,93
1999,1,24,0,-1.6,933.8,NA,230,75
1999,1,24,3,-0.3,933.4,NA,40,62
1999,1,24,6,-2.9,932.6,NA,30,72
1999,1,24,9,-2.8,931.7,NA,10,57
1999,1,24,12,-3,930.8,NA,10,52
1999,1,24,15,-3.3,929.6,NA,10,48
1999,1,24,18,-3.4,928.6,NA,240,49
1999,1,24,21,-3.6,927.8,NA,230,65
1999,1,25,0,-3.1,927.1,5,220,62
1999,1,25,3,-3.8,926.1,7,240,65
1999,1,25,6,-4.9,925.3,3,250,83
1999,1,25,9,-5,924.8,4,350,86
1999,1,25,12,-6,924.9,4,300,86
1999,1,25,15,-6.7,924.5,5,270,75
1999,1,25,18,-5.4,924.2,2,210,79
1999,1,25,21,-5.3,924.4,3,230,88
1999,1,26,0,-5.2,924.8,4,120,87
1999,1,26,3,NA,924.4,1,250,79
1999,1,26,6,NA,924.6,1,110,89
1999,1,26,9,-5.2,924.8,NA,NA,87
1999,1,26,12,-5.2,924.9,2,270,88
1999,1,26,15,-5,924.8,2,200,89
1999,1,26,18,-5.2,924.8,3,270,75
1999,1,26,21,NA,924.9,1,230,70
1999,1,27,0,NA,925,1,230,65
1999,1,27,3,-3.9,924.6,NA,NA,58
1999,1,27,6,-4,923.8,NA,NA,46
1999,1,27,9,-4.4,922.9,NA,230,45
1999,1,27,12,-4.5,922.4,NA,250,50
1999,1,27,15,-5.3,922.9,NA,220,67
1999,1,27,18,-3.6,922,NA,220,56
1999,1,27,21,NA,921.6,1,240,49
1999,1,28,0,-3.9,921.5,NA,230,49
1999,1,28,3,-4.4,921.5,NA,260,70
1999,1,28,6,-2.4,921.4,NA,230,41
1999,1,28,9,-3.9,921.4,NA,240,54
1999,1,28,12,-3.9,921.9,NA,240,47
1999,1,28,15,-4.6,919.9,NA,250,62
1999,1,28,18,-5.5,922.8,NA,230,91
1999,1,28,21,-6,923.6,NA,230,92
1999,1,29,0,-6.3,925,NA,220,92
1999,1,29,3,-6,926,NA,220,92
1999,1,29,6,-5.9,926.8,NA,230,92
1999,1,29,9,-6.1,927.5,NA,250,92
1999,1,29,12,-6.3,927.9,NA,0,92
1999,1,29,15,-6.5,927.6,NA,240,92
1999,1,29,18,-6.7,927.1,NA,240,92
1999,1,29,21,-6.6,927.1,5,240,90
1999,1,30,0,-5.7,927,NA,230,NA
1999,1,30,3,-5.9,926.4,NA,230,91
1999,1,30,6,-5.8,925.9,NA,220,92
1999,1,30,9,-6.3,925.9,NA,220,92
1999,1,30,12,-6.9,925.6,NA,230,92
1999,1,30,15,-7.4,924.7,7,240,92
1999,1,30,18,-7.3,924.4,5,250,91
1999,1,30,21,-5.8,924.1,NA,0,92
1999,1,31,0,-6.5,923.8,NA,230,92
1999,1,31,3,-6.3,923.4,NA,240,92
1999,1,31,6,-6.7,923.1,10,NA,91
1999,1,31,9,-6.9,922.6,NA,NA,89
1999,1,31,12,-7.3,922.7,NA,NA,92
1999,1,31,15,-7.2,922.5,NA,310,92
1999,1,31,18,-7.3,922,3,270,92
1999,1,31,21,-7.2,922.1,3,230,92
1999,2,1,0,-7.3,921.9,NA,240,92
1999,2,1,3,-7.1,921.4,NA,240,92
1999,2,1,6,-7.6,920.4,NA,230,91
1999,2,1,9,-8.1,920.9,NA,240,91
1999,2,1,12,-7.9,920.6,NA,240,88
1999,2,1,15,-8,920.6,NA,230,88
1999,2,1,18,-8.3,920.9,NA,240,85
1999,2,1,21,-7.4,920.9,NA,0,90
1999,2,2,0,NA,920.7,NA,80,90
1999,2,2,3,-7.1,920.2,NA,40,89
1999,2,2,6,-7.7,920.4,5,10,80
1999,2,2,9,-7.6,920.6,NA,50,87
1999,2,2,12,NA,921.4,1,360,87
1999,2,2,15,-7.9,922,3,260,90
1999,2,2,18,-7.9,922.6,4,270,89
1999,2,2,21,-7.6,923.3,2,350,87
1999,2,3,0,-6.6,923.5,2,80,91
1999,2,3,3,-6.4,923.5,2,80,92
1999,2,3,6,NA,923.1,1,360,92
1999,2,3,9,-7.7,922.4,5,340,88
1999,2,3,12,-8.7,921.1,3,20,87
1999,2,3,15,-9,919,2,260,81
1999,2,3,18,-7.8,916.3,3,120,84
1999,2,3,21,-7.3,913.6,NA,60,90
1999,2,4,0,-7.3,911,6,70,NA
1999,2,4,3,-7.6,909.2,5,60,91
1999,2,4,6,-7.8,908.2,3,20,91
1999,2,4,9,-9.1,907.9,NA,250,90
1999,2,4,12,-9.2,908.6,NA,220,90
1999,2,4,15,-8.3,909.6,13,240,91
1999,2,4,18,-7.9,911.5,10,230,91
1999,2,4,21,-7.4,913.7,NA,220,91
1999,2,5,0,-7.6,916.2,NA,240,91
1999,2,5,3,-7.6,919.2,NA,NA,85
1999,2,5,6,-7.2,922.9,NA,NA,91
1999,2,5,9,-6.9,926.5,NA,NA,91
1999,2,5,12,-7.1,930.4,NA,NA,91
1999,2,5,15,-7.3,933.6,NA,250,88
1999,2,5,18,-6.7,936.9,NA,230,91
1999,2,5,21,-6.4,940.1,NA,230,92
1999,2,6,0,-6.3,942.7,NA,270,92
1999,2,6,3,-6.5,943.5,NA,20,93
1999,2,6,6,-6.8,942.8,NA,20,91
1999,2,6,9,-7.5,942,NA,30,78
1999,2,6,12,-5.5,940.6,NA,280,58
1999,2,6,15,-6.3,938,NA,260,85
1999,2,6,18,-5.4,935.5,NA,270,78
1999,2,6,21,-7.2,932.1,NA,240,91
1999,2,7,0,NA,NA,NA,NA,92
1999,2,7,3,-7.6,926.7,NA,NA,92
1999,2,7,6,-8.4,926.3,NA,NA,91
1999,2,7,9,-8.6,925.8,NA,NA,90
1999,2,7,12,-8.4,926,NA,NA,80
1999,2,7,15,-8.4,926.3,NA,NA,86
1999,2,7,18,-8.2,926.4,NA,250,81
1999,2,7,21,-8.4,926.5,NA,240,71
1999,2,8,0,-7,926.7,NA,270,70
1999,2,8,3,-7.5,926.4,5,360,79
1999,2,8,6,-8.3,925.2,NA,360,85
1999,2,8,9,-8.1,924.9,NA,20,85
1999,2,8,12,-8,923.8,NA,30,76
1999,2,8,15,-7.5,922.5,NA,10,71
1999,2,8,18,-7.1,921.7,5,40,71
1999,2,8,21,-5.8,920.7,NA,50,84
1999,2,9,0,-5.8,920,NA,40,NA
1999,2,9,3,-5.5,919.1,NA,70,92
1999,2,9,6,-6.3,919.3,NA,80,92
1999,2,9,9,-7.9,920.5,NA,260,92
1999,2,9,12,-7.5,921.5,NA,250,91
1999,2,9,15,-7.4,922.1,NA,230,91
1999,2,9,18,-7.4,923.8,NA,220,91
1999,2,9,21,-7.6,925.9,NA,230,91
1999,2,10,0,-7.4,926.7,NA,240,90
1999,2,10,3,-6.5,928.7,NA,240,74
1999,2,10,6,-6.8,929.5,NA,20,86
1999,2,10,9,-6.9,929.4,NA,20,78
1999,2,10,12,-6.9,929.5,NA,10,90
1999,2,10,15,-7.4,929.9,NA,270,80
1999,2,10,18,-5.9,930.1,NA,250,80
1999,2,10,21,-4.8,929.8,NA,90,87
1999,2,11,0,-5.8,929.2,NA,30,88
1999,2,11,3,-6.2,928,NA,20,91
1999,2,11,6,-6.2,927.2,NA,40,89
1999,2,11,9,-6.8,927,NA,280,92
1999,2,11,12,-7.4,926.5,NA,240,92
1999,2,11,15,-7.1,926.9,NA,240,92
1999,2,11,18,-7.4,928,14,230,92
1999,2,11,21,-6.7,929.7,10,210,92
1999,2,12,0,-6.8,930.3,NA,230,92
1999,2,12,3,-6.6,930.5,NA,230,88
1999,2,12,6,-7,931.3,17,240,83
1999,2,12,9,-6.9,932.3,NA,250,83
1999,2,12,12,-7.5,931.4,NA,360,84
1999,2,12,15,-8.1,930.7,NA,20,88
1999,2,12,18,-6.9,930.1,NA,60,72
1999,2,12,21,-7.2,929.7,NA,0,81
1999,2,13,0,-7.6,928.7,NA,240,89
1999,2,13,3,-5.9,927.9,3,350,81
1999,2,13,6,-7.8,927.3,NA,250,85
1999,2,13,9,-7.4,927.3,NA,240,89
1999,2,13,12,-7.6,927.3,5,250,91
1999,2,13,15,-8.1,926.9,5,240,91
1999,2,13,18,-8.1,926.7,NA,130,91
1999,2,13,21,-8.5,926.4,NA,190,91
1999,2,14,0,-8.3,926.1,NA,20,90
1999,2,14,3,-7.9,926,NA,NA,89
1999,2,14,6,-8.1,926,NA,200,91
1999,2,14,9,-9,926.2,NA,220,91
1999,2,14,12,-9.4,926.3,NA,250,90
1999,2,14,15,-9.7,926,NA,260,90
1999,2,14,18,-9.9,925.9,3,320,86
1999,2,14,21,-11.1,926.4,NA,280,85
1999,2,15,0,-8.4,926.1,NA,0,62
1999,2,15,3,-8.8,925.7,NA,0,76
1999,2,15,6,-10.3,925.4,NA,10,76
1999,2,15,9,-10.2,925.4,NA,350,81
1999,2,15,12,-10,925.6,NA,360,79
1999,2,15,15,-10.3,925.6,NA,330,53
1999,2,15,18,-10.7,926,4,260,64
1999,2,15,21,-8.8,926.5,2,50,70
1999,2,16,0,NA,927.2,1,300,65
1999,2,16,3,-9.1,927.5,2,300,71
1999,2,16,6,-9.2,927.8,NA,360,70
1999,2,16,9,-9.6,928.3,NA,350,76
1999,2,16,12,-9.8,928.7,6,10,74
1999,2,16,15,-9.5,928.9,5,350,83
1999,2,16,18,-9.2,928.8,NA,360,83
1999,2,16,21,-9.5,929.4,3,260,86
1999,2,17,0,NA,929.3,1,260,86
1999,2,17,3,-9,929.1,4,270,NA
1999,2,17,6,-9.9,928.7,NA,250,89
1999,2,17,9,-10,928.9,NA,NA,89
1999,2,17,12,-10,928.5,9,NA,89
1999,2,17,15,-9.9,928,10,NA,89
1999,2,17,18,-9.8,928,8,230,89
1999,2,17,21,-9.6,927.9,7,260,89
1999,2,18,0,-9.3,927.9,NA,260,90
1999,2,18,3,-7.9,927.6,NA,0,90
1999,2,18,6,-9.1,927,NA,230,90
1999,2,18,9,-9.1,926.3,NA,230,90
1999,2,18,12,-9.5,927.3,NA,240,90
1999,2,18,15,-9.9,925.7,NA,230,89
1999,2,18,18,-10.2,925.5,NA,NA,86
1999,2,18,21,-10.4,925.5,NA,NA,83
1999,2,19,0,-10.9,926.8,NA,NA,88
1999,2,19,3,-10.5,927.8,NA,240,89
1999,2,19,6,-10.2,929.1,NA,250,89
1999,2,19,9,-9.6,930.2,NA,140,89
1999,2,19,12,-9.6,930.4,NA,0,90
1999,2,19,15,-9.7,930.4,NA,30,90
1999,2,19,18,-9.8,930.5,NA,20,89
1999,2,19,21,-9.7,931,NA,70,90
1999,2,20,0,-8.7,930.7,NA,110,90
1999,2,20,3,-9.4,929.9,2,230,90
1999,2,20,6,-10.2,929.7,2,280,90
1999,2,20,9,-11.6,929.5,NA,250,87
1999,2,20,12,-11,929.5,NA,250,88
1999,2,20,15,-10.1,930,NA,240,75
1999,2,20,18,-10.2,930.7,NA,230,89
1999,2,20,21,-10.5,931.2,NA,230,89
1999,2,21,0,-10.3,931.4,NA,220,89
1999,2,21,3,-10.2,931.2,2,130,89
1999,2,21,6,-10.5,931.4,5,220,89
1999,2,21,9,-10.8,931.6,5,230,89
1999,2,21,12,-11.2,931.4,NA,230,88
1999,2,21,15,-11.6,930.9,NA,230,88
1999,2,21,18,-11.9,930.6,12,240,88
1999,2,21,21,-11.6,930.1,NA,230,80
1999,2,22,0,-11.4,928.9,NA,240,75
1999,2,22,3,-11.9,927.7,NA,230,87
1999,2,22,6,-11.6,926.8,25,NA,86
1999,2,22,9,-11.4,925.8,NA,NA,80
1999,2,22,12,-11.4,924.9,27,NA,80
1999,2,22,15,-12,923.3,NA,NA,81
1999,2,22,18,-11.5,923.2,31,NA,80
1999,2,22,21,-11.9,922.5,34,NA,82
1999,2,23,0,-11.6,922.8,NA,240,78
1999,2,23,3,-11.1,921.9,NA,240,74
1999,2,23,6,-10.6,922.4,NA,240,75
1999,2,23,9,-10.3,924,NA,250,81
1999,2,23,12,-10.4,922.7,NA,250,83
1999,2,23,15,-11.1,923.5,NA,250,84
1999,2,23,18,-11.1,925.4,NA,240,84
1999,2,23,21,-11.3,924.6,46,240,85
1999,2,24,0,-11.4,923.6,NA,250,88
1999,2,24,3,-11.5,923.6,48,NA,88
1999,2,24,6,-11.6,924.4,49,NA,87
1999,2,24,9,-11.6,925.8,NA,NA,87
1999,2,24,12,-11.8,926.7,NA,240,86
1999,2,24,15,-11.6,927,NA,250,77
1999,2,24,18,-11,927.7,NA,240,71
1999,2,24,21,-11.1,927.1,NA,250,71
1999,2,25,0,-10.2,926.5,NA,240,64
1999,2,25,3,-10.9,925,NA,250,85
1999,2,25,6,-10.8,923.1,16,250,88
1999,2,25,9,-10.6,922,15,240,88
1999,2,25,12,-10.6,921.4,13,250,89
1999,2,25,15,-11.1,920.6,14,NA,88
1999,2,25,18,-11.6,919.7,NA,240,88
1999,2,25,21,-11.9,920,16,240,88
1999,2,26,0,-11.8,920.3,17,240,88
1999,2,26,3,-11.6,920.4,19,230,88
1999,2,26,6,-12.2,921.9,18,240,87
1999,2,26,9,-12.2,923.2,18,240,87
1999,2,26,12,-11.9,924.4,16,250,87
1999,2,26,15,-11.6,925.2,18,240,88
1999,2,26,18,-11.7,926.7,17,230,88
1999,2,26,21,-11.5,928.2,16,240,88
1999,2,27,0,-10.6,929.7,NA,240,89
1999,2,27,3,-9.8,930.4,NA,250,90
1999,2,27,6,-10,930.7,9,250,89
1999,2,27,9,-9.6,930.4,9,210,89
1999,2,27,12,-9.6,930,NA,240,90
1999,2,27,15,-9.7,929.2,10,240,89
1999,2,27,18,-9.8,928.9,8,240,89
1999,2,27,21,-9.2,929.7,8,190,90
1999,2,28,0,-9.2,930.1,8,220,90
1999,2,28,3,-8.6,930.8,NA,230,91
1999,2,28,6,-9.5,931.2,8,230,90
1999,2,28,9,-10.5,932.3,NA,240,89
1999,2,28,12,-11.3,932.8,NA,250,88
1999,2,28,15,-11.4,932.8,NA,250,88
1999,2,28,18,-11.2,934,NA,230,88
1999,2,28,21,-11.3,934.5,NA,220,88
1999,3,1,0,-11.5,934.3,15,230,88
1999,3,1,3,-11.4,934.2,12,240,88
1999,3,1,6,-11.1,934.2,15,230,88
1999,3,1,9,-11.3,934.1,NA,210,88
1999,3,1,12,-11.3,933.6,18,230,88
1999,3,1,15,-11.5,933,NA,250,88
1999,3,1,18,-11.9,932.5,NA,220,88
1999,3,1,21,-11.4,932.6,15,250,88
1999,3,2,0,-11.2,932.5,NA,240,88
1999,3,2,3,-10.8,932.4,NA,230,89
1999,3,2,6,-11.1,931.7,NA,230,88
1999,3,2,9,-12.2,931.9,NA,240,88
1999,3,2,12,-12.8,931.9,24,230,87
1999,3,2,15,-13.4,932,25,230,86
1999,3,2,18,-13.6,933.1,25,240,86
1999,3,2,21,-13.9,933.5,27,230,86
1999,3,3,0,-13.1,933.4,NA,250,87
1999,3,3,3,-13.1,933.5,NA,NA,87
1999,3,3,6,-12.8,934.2,37,NA,87
1999,3,3,9,-12.6,935.1,NA,NA,87
1999,3,3,12,-12.8,936.5,NA,250,87
1999,3,3,15,-13,937.2,NA,230,87
1999,3,3,18,-12.9,937.2,NA,220,86
1999,3,3,21,-13.7,936.8,NA,230,86
1999,3,4,0,-13.5,936.6,13,250,86
1999,3,4,3,-13.7,936.4,NA,250,86
1999,3,4,6,-12.7,935.8,NA,20,86
1999,3,4,9,-13.2,935.1,NA,10,85
1999,3,4,12,-11.9,933.8,16,30,78
1999,3,4,15,-12.9,931.7,NA,30,73
1999,3,4,18,-10.2,929.4,NA,40,59
1999,3,4,21,-10.5,927.9,5,280,60
1999,3,5,0,-9.8,925.9,NA,270,81
1999,3,5,3,-6.9,924.2,NA,240,66
1999,3,5,6,-6.9,922.7,NA,270,59
1999,3,5,9,NA,922.1,NA,250,60
1999,3,5,12,-10,922.2,NA,250,89
1999,3,5,15,-12.6,921.8,5,230,87
1999,3,5,18,-12.5,921.8,3,270,87
1999,3,5,21,-11.9,922,NA,0,88
1999,3,6,0,-11.2,921.8,NA,NA,88
1999,3,6,3,-11.2,921,NA,NA,88
1999,3,6,6,-11,919.8,NA,40,88
1999,3,6,9,-10.6,918.3,NA,40,89
1999,3,6,12,-10,917,3,40,89
1999,3,6,15,-9.6,915.9,NA,NA,90
1999,3,6,18,-8.8,915,NA,NA,90
1999,3,6,21,-9,914.4,1,270,90
1999,3,7,0,-11.9,913.8,4,260,88
1999,3,7,3,-11.6,911.7,5,250,88
1999,3,7,6,-13.3,909,NA,240,87
1999,3,7,9,-14.1,907.4,NA,240,86
1999,3,7,12,-14.7,910.1,9,230,83
1999,3,7,15,-15.1,911.9,7,230,82
1999,3,7,18,-15.2,913.7,NA,240,84
1999,3,7,21,-14.8,914.8,NA,230,79
1999,3,8,0,-14.3,915.2,NA,230,80
1999,3,8,3,-14.4,915.4,6,230,82
1999,3,8,6,-14.3,916.1,5,220,83
1999,3,8,9,-14.3,916.4,5,230,77
1999,3,8,12,-14.1,916.6,6,240,81
1999,3,8,15,-14,916.5,3,240,85
1999,3,8,18,-14.5,915.9,5,260,83
1999,3,8,21,-14.3,915.3,5,240,79
1999,3,9,0,-13.4,914.1,6,240,82
1999,3,9,3,-12.9,912.1,NA,220,84
1999,3,9,6,-11.7,912.2,NA,240,82
1999,3,9,9,-10.9,913.6,14,240,72
1999,3,9,12,-11,914.9,NA,270,75
1999,3,9,15,-11.4,915.1,NA,360,76
1999,3,9,18,-12.4,914.4,NA,10,71
1999,3,9,21,-12.1,913.5,NA,250,79
1999,3,10,0,-13,912.2,NA,230,86
1999,3,10,3,-13.1,912.1,NA,240,86
1999,3,10,6,-12.8,911.5,27,230,80
1999,3,10,9,-11.1,912,NA,260,75
1999,3,10,12,-11.1,912.7,NA,230,74
1999,3,10,15,-11.9,912.2,NA,250,86
1999,3,10,18,-12,913.2,NA,230,87
1999,3,10,21,-12.4,915,NA,230,81
1999,3,11,0,-12.2,916.7,NA,210,86
1999,3,11,3,-12.4,917.5,NA,240,87
1999,3,11,6,-12.2,917.7,NA,40,87
1999,3,11,9,-12.1,917,NA,50,87
1999,3,11,12,-12,915.9,NA,20,87
1999,3,11,15,-12.6,914,NA,260,86
1999,3,11,18,-13.9,912.1,NA,250,86
1999,3,11,21,-15.2,911.6,NA,240,84
1999,3,12,0,-15.5,912.2,NA,240,84
1999,3,12,3,-15.7,912.2,NA,230,84
1999,3,12,6,-16.5,913.5,NA,240,83
1999,3,12,9,-16.8,914.3,NA,240,83
1999,3,12,12,-16.8,915.1,NA,330,83
1999,3,12,15,-16.4,914.4,NA,0,83
1999,3,12,18,-15.6,914.1,NA,240,84
1999,3,12,21,-14.7,914.7,NA,260,78
1999,3,13,0,-12,914.3,NA,0,42
1999,3,13,3,-11.2,913.5,NA,330,32
1999,3,13,6,-12.5,912.9,NA,20,33
1999,3,13,9,-13.8,912.4,NA,330,35
1999,3,13,12,-14,912.2,NA,250,37
1999,3,13,15,-15.3,912.3,NA,250,61
1999,3,13,18,-15.7,912.8,NA,220,81
1999,3,13,21,-16,913.6,NA,220,83
1999,3,14,0,-16.2,913.8,20,230,82
1999,3,14,3,-15.5,913.9,20,240,68
1999,3,14,6,-13.6,914.3,NA,230,55
1999,3,14,9,-13,914.4,NA,250,52
1999,3,14,12,-11.6,915,NA,230,41
1999,3,14,15,-12.3,916.5,NA,270,41
1999,3,14,18,-12.1,917.1,NA,0,37
1999,3,14,21,-14.5,918.9,NA,260,64
1999,3,15,0,-14.1,920.3,NA,260,58
1999,3,15,3,-13.4,920.9,10,260,52
1999,3,15,6,-13.6,921.8,13,250,50
1999,3,15,9,-13.5,923.3,12,250,56
1999,3,15,12,-14.3,924.9,NA,260,58
1999,3,15,15,-13.6,925.7,NA,270,64
1999,3,15,18,-14.5,925.7,NA,10,57
1999,3,15,21,-13.8,925.6,NA,30,63
1999,3,16,0,-13.6,925.4,NA,300,52
1999,3,16,3,-12.9,925,NA,210,57
1999,3,16,6,-15.9,925.4,NA,260,61
1999,3,16,9,-15.2,925.6,NA,270,73
1999,3,16,12,-15.4,926,12,260,81
1999,3,16,15,-16.2,926.1,13,250,83
1999,3,16,18,-15,927,NA,250,84
1999,3,16,21,-14.8,928.2,10,230,84
1999,3,17,0,-15.3,929.2,9,240,83
1999,3,17,3,-16.2,929.6,8,240,83
1999,3,17,6,-16.7,929.5,9,250,82
1999,3,17,9,-16.8,929.8,7,NA,82
1999,3,17,12,-16.8,929.5,NA,NA,82
1999,3,17,15,-16.6,929,NA,NA,82
1999,3,17,18,-16.4,929.1,4,NA,83
1999,3,17,21,-16.4,927.9,NA,240,83
1999,3,18,0,-16.5,927.4,NA,240,83
1999,3,18,3,-17.2,925.6,14,230,82
1999,3,18,6,-17.1,924.8,11,NA,82
1999,3,18,9,-18,924.9,NA,NA,81
1999,3,18,12,-17.4,924.6,NA,NA,81
1999,3,18,15,-17.5,925.1,NA,NA,81
1999,3,18,18,-17.6,925.2,NA,240,81
1999,3,18,21,-17.6,926.1,30,NA,81
1999,3,19,0,-17.6,926.7,26,NA,81
1999,3,19,3,-17.6,926.7,26,NA,81
1999,3,19,6,-17.7,928,NA,230,81
1999,3,19,9,-17,928.7,NA,180,82
1999,3,19,12,-17.3,928.9,NA,180,81
1999,3,19,15,-17.6,928.4,8,200,81
1999,3,19,18,-17.8,928.5,7,190,81
1999,3,19,21,-18.1,928.7,4,180,81
1999,3,20,0,-18.8,928.9,7,220,80
1999,3,20,3,-19.7,928.8,NA,210,79
1999,3,20,6,-20.3,929.2,NA,220,78
1999,3,20,9,-21.2,929.7,NA,240,77
1999,3,20,12,-21.9,931.3,NA,240,76
1999,3,20,15,-22,931.8,17,230,76
1999,3,20,18,-21.9,932.6,14,220,76
1999,3,20,21,-22,933.2,13,230,75
1999,3,21,0,-22,933.5,14,210,75
1999,3,21,3,-22,933.9,13,220,75
1999,3,21,6,-22,934.6,NA,330,75
1999,3,21,9,-22.2,934.8,NA,260,73
1999,3,21,12,-22.5,934.6,NA,240,75
1999,3,21,15,-22.7,934.8,9,230,75
1999,3,21,18,-23.3,935,10,240,74
1999,3,21,21,-23.9,934.8,NA,220,73
1999,3,22,0,-23.1,934.2,NA,220,75
1999,3,22,3,-22.5,934,NA,220,70
1999,3,22,6,-21.9,933.6,NA,250,67
1999,3,22,9,-20.4,932.7,NA,360,50
1999,3,22,12,-22.1,931.2,NA,20,44
1999,3,22,15,-21.2,929.1,NA,30,52
1999,3,22,18,-22.4,926.9,10,30,52
1999,3,22,21,-22.5,924.6,NA,300,75
1999,3,23,0,-21.2,921.5,NA,280,76
1999,3,23,3,-18.7,918.1,3,260,76
1999,3,23,6,-19,916.3,3,340,75
1999,3,23,9,-19.6,915.1,2,220,78
1999,3,23,12,-21.6,914.7,NA,260,75
1999,3,23,15,-19.7,914.3,NA,230,78
1999,3,23,18,-20.9,914.7,NA,230,77
1999,3,23,21,-21.4,916.4,NA,250,77
1999,3,24,0,-21.2,916.5,NA,230,77
1999,3,24,3,-21.8,916.3,12,230,76
1999,3,24,6,-22,916.4,8,220,76
1999,3,24,9,-22.4,916,NA,230,75
1999,3,24,12,-22.6,915.3,9,210,75
1999,3,24,15,-22.8,913.2,NA,220,75
1999,3,24,18,-22.6,910.9,NA,230,75
1999,3,24,21,-22.8,909.1,NA,230,75
1999,3,25,0,-23.4,907.8,NA,220,74
1999,3,25,3,-23.1,908.5,NA,240,74
1999,3,25,6,-22.6,911.3,55,NA,75
1999,3,25,9,-22.4,913.6,NA,NA,74
1999,3,25,12,-21.7,916,NA,NA,74
1999,3,25,15,-21.3,916.7,47,230,74
1999,3,25,18,-20.6,919.7,NA,NA,67
1999,3,25,21,-20,921.4,NA,NA,66
1999,3,26,0,-19.8,923.2,NA,240,65
1999,3,26,3,-19.4,923.8,NA,230,67
1999,3,26,6,-19.6,924.6,NA,240,71
1999,3,26,9,-19.3,925,NA,230,77
1999,3,26,12,-18.7,925.1,NA,220,80
1999,3,26,15,-18.9,924.8,10,200,79
1999,3,26,18,-18.6,925,7,210,79
1999,3,26,21,-18.8,924.9,7,220,80
1999,3,27,0,-18.7,925.6,NA,240,80
1999,3,27,3,-19.1,925.7,5,220,79
1999,3,27,6,-19.1,926.6,4,200,79
1999,3,27,9,-18.8,927.1,1,30,79
1999,3,27,12,-18.7,926.8,3,20,80
1999,3,27,15,-19,926.2,4,20,80
1999,3,27,18,-18.8,925.9,4,40,80
1999,3,27,21,-18.3,924.8,5,50,80
1999,3,28,0,-18.3,923.6,NA,0,80
1999,3,28,3,-19.9,922.5,NA,270,78
1999,3,28,6,-19.9,921.3,NA,230,78
1999,3,28,9,-19.3,921.5,NA,240,79
1999,3,28,12,-19.1,921.7,NA,240,79
1999,3,28,15,-19.7,922.2,NA,220,79
1999,3,28,18,-19.7,922.8,NA,230,79
1999,3,28,21,-20.2,924.4,14,220,78
1999,3,29,0,-20.4,925.4,NA,250,78
1999,3,29,3,-19.9,926.1,NA,360,79
1999,3,29,6,-20.2,926.1,NA,40,78
1999,3,29,9,-19.9,925.6,2,100,78
1999,3,29,12,-20.5,924.8,NA,NA,78
1999,3,29,15,-20.7,923.9,1,300,77
1999,3,29,18,-20.8,923.5,3,270,77
1999,3,29,21,-21.4,923.8,NA,260,77
1999,3,30,0,-21.5,925,NA,250,76
1999,3,30,3,-20.8,926.2,9,250,77
1999,3,30,6,-20.5,927.1,NA,260,78
1999,3,30,9,-21.6,927.6,12,220,77
1999,3,30,12,-22.2,927.6,12,230,76
1999,3,30,15,-22.9,927,14,230,75
1999,3,30,18,-23.1,925.2,14,220,74
1999,3,30,21,-23.2,923.6,13,230,74
1999,3,31,0,-23.5,921.5,12,230,74
1999,3,31,3,-24,918.7,14,220,73
1999,3,31,6,-24.2,915.7,15,200,73
1999,3,31,9,-24.2,913,17,220,73
1999,3,31,12,-24.1,910.6,18,220,73
1999,3,31,15,-23.8,908.8,NA,240,73
1999,3,31,18,-24.4,906.6,NA,NA,73
1999,3,31,21,-24.5,908.1,NA,NA,72
1999,4,1,0,-22.5,906.8,NA,230,74
1999,4,1,3,-20.8,905.4,NA,240,76
1999,4,1,6,-19.1,906.1,59,240,75
1999,4,1,9,-18.6,905.7,NA,240,79
1999,4,1,12,-17.7,907.1,NA,NA,81
1999,4,1,15,-17,908.1,55,NA,82
1999,4,1,18,-16.7,910,NA,NA,82
1999,4,1,21,-15.8,912.7,NA,NA,82
1999,4,2,0,-15.5,915.1,NA,230,69
1999,4,2,3,-15.4,915.3,NA,220,78
1999,4,2,6,-14.2,913.9,NA,240,78
1999,4,2,9,-13.8,911.6,NA,230,75
1999,4,2,12,-14.2,912.6,NA,240,81
1999,4,2,15,-13.8,909.2,NA,NA,81
1999,4,2,18,-14.3,908.7,NA,NA,84
1999,4,2,21,-14.1,906.6,NA,NA,83
1999,4,3,0,-13.3,905.1,NA,240,83
1999,4,3,3,-12.9,903.4,NA,NA,80
1999,4,3,6,-12.7,903,NA,NA,79
1999,4,3,9,-12.2,903,45,NA,69
1999,4,3,12,-13.4,903.6,NA,250,84
1999,4,3,15,-13.8,905.2,NA,230,75
1999,4,3,18,-14.5,905.5,45,240,71
1999,4,3,21,-13.8,908.9,NA,240,65
1999,4,4,0,-14.7,910.6,NA,220,66
1999,4,4,3,-14.8,910.4,NA,240,80
1999,4,4,6,-14.8,911.5,NA,240,72
1999,4,4,9,-14.5,911.4,NA,230,58
1999,4,4,12,-14.9,913.9,37,220,57
1999,4,4,15,-16.2,916.4,NA,220,70
1999,4,4,18,-17.4,917.4,NA,230,81
1999,4,4,21,-18.4,918.2,NA,230,78
1999,4,5,0,-19.2,919.7,NA,220,79
1999,4,5,3,-19.4,920,NA,240,79
1999,4,5,6,-19.6,920.4,17,240,79
1999,4,5,9,-20,921.3,NA,230,78
1999,4,5,12,-19.8,921.8,NA,220,79
1999,4,5,15,-20.1,921.9,NA,230,78
1999,4,5,18,-20.3,922,NA,240,78
1999,4,5,21,-21.5,921.9,10,240,77
1999,4,6,0,-20.6,921.9,NA,30,77
1999,4,6,3,-20.7,921.2,6,10,77
1999,4,6,6,-21.4,920.4,NA,10,76
1999,4,6,9,-21.4,919.6,NA,10,73
1999,4,6,12,-21.3,918.7,NA,30,76
1999,4,6,15,-21.5,917.3,NA,40,76
1999,4,6,18,-19.9,916.4,10,40,78
1999,4,6,21,-19.6,916.6,NA,20,79
1999,4,7,0,-19,916.9,7,20,79
1999,4,7,3,-21.4,917.6,NA,0,78
1999,4,7,6,-22.4,918.2,NA,260,75
1999,4,7,9,-21.7,918.8,NA,250,76
1999,4,7,12,-21.5,918.7,4,250,76
1999,4,7,15,-21.2,918,2,210,77
1999,4,7,18,-21.6,917,NA,220,76
1999,4,7,21,-22,916.9,NA,230,76
1999,4,8,0,-22.4,916.9,NA,230,75
1999,4,8,3,-22.7,917.5,NA,220,75
1999,4,8,6,-23.4,918.2,9,230,74
1999,4,8,9,-23.7,919.3,9,230,74
1999,4,8,12,-24.1,920,8,250,73
1999,4,8,15,-24.9,920.4,12,NA,72
1999,4,8,18,-25.7,920.5,NA,NA,71
1999,4,8,21,-26.4,920.6,NA,NA,69
1999,4,9,0,-27.8,921,NA,NA,68
1999,4,9,3,-28.5,921.6,23,240,67
1999,4,9,6,-28.3,922.3,27,230,67
1999,4,9,9,-27.9,924.8,26,230,68
1999,4,9,12,-28.3,927.7,NA,240,67
1999,4,9,15,-28.7,929.2,NA,250,67
1999,4,9,18,-28.6,930.3,NA,260,67
1999,4,9,21,-27.5,930.8,NA,50,68
1999,4,10,0,-26.9,930.6,1,120,69
1999,4,10,3,-27.3,929.7,NA,NA,69
1999,4,10,6,-27.7,928.6,1,270,69
1999,4,10,9,-29.4,927.8,NA,270,66
1999,4,10,12,-29,926.1,NA,250,66
1999,4,10,15,-28.4,924.6,NA,230,67
1999,4,10,18,-27.8,924.8,NA,230,67
1999,4,10,21,-27.3,924.7,NA,230,68
1999,4,11,0,-27.2,924.2,NA,220,69
1999,4,11,3,-26.9,924.5,17,230,69
1999,4,11,6,-27,923.1,NA,230,69
1999,4,11,9,-27.2,922.8,NA,220,69
1999,4,11,12,-27.3,921.4,NA,230,69
1999,4,11,15,-27.3,918,NA,NA,68
1999,4,11,18,-26.9,917.1,NA,NA,69
1999,4,11,21,-26,917.8,NA,NA,70
1999,4,12,0,-25.7,918.4,NA,NA,71
1999,4,12,3,-25.1,917.6,NA,NA,69
1999,4,12,6,-25.8,918.9,NA,240,70
1999,4,12,9,-25.7,919.1,NA,250,70
1999,4,12,12,-26.4,919.1,NA,250,70
1999,4,12,15,-26.7,919.3,NA,240,69
1999,4,12,18,-27.5,919.5,NA,NA,68
1999,4,12,21,-27.5,920.1,NA,NA,68
1999,4,13,0,-27.7,920.3,NA,NA,68
1999,4,13,3,-28.1,920.6,NA,NA,67
1999,4,13,6,-29,921.3,NA,250,66
1999,4,13,9,-29.1,921.7,NA,260,66
1999,4,13,12,-29.2,921.7,9,220,66
1999,4,13,15,-29.9,922.1,6,270,65
1999,4,13,18,-30.4,922.8,NA,250,64
1999,4,13,21,-30.1,923.6,NA,0,64
1999,4,14,0,-29.8,924.7,NA,NA,65
1999,4,14,3,-29.4,925.6,NA,NA,66
1999,4,14,6,-31.1,926.1,NA,NA,63
1999,4,14,9,-30.7,927,NA,NA,64
1999,4,14,12,-30.6,927.7,NA,NA,64
1999,4,14,15,-31.1,928,NA,NA,63
1999,4,14,18,-30.7,928.2,NA,NA,63
1999,4,14,21,-30.8,928.6,NA,10,63
1999,4,15,0,-29.4,928.1,NA,40,65
1999,4,15,3,-28.3,928.5,4,40,67
1999,4,15,6,-27.5,928.9,NA,40,68
1999,4,15,9,-25.6,929.4,NA,20,71
1999,4,15,12,-23,929,NA,20,73
1999,4,15,15,-22.3,928.5,2,340,76
1999,4,15,18,NA,928.3,2,270,74
1999,4,15,21,NA,927.5,NA,360,61
1999,4,16,0,-18,926,4,40,50
1999,4,16,3,NA,925.9,NA,NA,65
1999,4,16,6,NA,927.6,NA,240,72
1999,4,16,9,-24.1,928.3,NA,230,72
1999,4,16,12,-28.3,926.7,NA,240,68
1999,4,16,15,-28.9,927.3,NA,240,66
1999,4,16,18,-29.3,927.5,28,230,65
1999,4,16,21,-30.5,926.7,NA,NA,64
1999,4,17,0,-29.4,927,32,NA,65
1999,4,17,3,-30.4,926.9,32,NA,64
1999,4,17,6,-31.3,927.4,NA,NA,63
1999,4,17,9,-31.4,927.9,28,NA,62
1999,4,17,12,-31.5,927.3,28,220,62
1999,4,17,15,-31.1,924.9,27,230,63
1999,4,17,18,-30.9,923.5,28,NA,63
1999,4,17,21,-30.4,921.6,NA,NA,63
1999,4,18,0,-30.8,921.8,NA,240,63
1999,4,18,3,-30.5,921.5,33,220,61
1999,4,18,6,-29.8,922.2,NA,220,55
1999,4,18,9,-29.2,922.6,NA,230,53
1999,4,18,12,-29,921.6,19,230,50
1999,4,18,15,-29.2,921.8,NA,240,42
1999,4,18,18,-29.4,919.8,NA,10,46
1999,4,18,21,-29.8,918.3,NA,10,58
1999,4,19,0,-29.4,917.8,NA,30,NA
1999,4,19,3,-27.7,916.9,NA,30,67
1999,4,19,6,-27.4,917.3,NA,40,68
1999,4,19,9,-27.8,916.8,NA,270,68
1999,4,19,12,-28.8,915.6,NA,240,66
1999,4,19,15,-27.9,912,NA,NA,67
1999,4,19,18,-28.7,912.1,NA,NA,66
1999,4,19,21,-29.1,913,NA,NA,66
1999,4,20,0,-28,915.1,50,NA,67
1999,4,20,3,-27.1,916.3,NA,NA,67
1999,4,20,6,-25.9,915.6,NA,NA,67
1999,4,20,9,-24.5,915.9,NA,230,69
1999,4,20,12,-23.5,914.2,NA,NA,71
1999,4,20,15,-24.4,917.4,NA,NA,72
1999,4,20,18,-23.7,918.6,NA,NA,73
1999,4,20,21,-22.9,916.5,NA,NA,74
1999,4,21,0,-23.2,919.1,NA,NA,74
1999,4,21,3,-23.1,921.7,57,230,75
1999,4,21,6,-23.9,920.4,54,NA,73
1999,4,21,9,-23.5,919.2,NA,NA,74
1999,4,21,12,-22.6,919.2,NA,NA,74
1999,4,21,15,-22.1,918.9,NA,NA,76
1999,4,21,18,-21.1,917.3,NA,NA,76
1999,4,21,21,-21.2,916.8,NA,210,77
1999,4,22,0,-21.2,915.2,NA,NA,77
1999,4,22,3,-21.4,913.3,NA,NA,77
1999,4,22,6,-21.5,911.5,NA,NA,76
1999,4,22,9,-21.4,909.9,NA,20,76
1999,4,22,12,-21.2,909,5,20,77
1999,4,22,15,-22.1,908.7,4,270,76
1999,4,22,18,-22,909.3,3,270,75
1999,4,22,21,-23.9,910.5,4,270,73
1999,4,23,0,-23,912.1,3,260,74
1999,4,23,3,-23.5,913.1,2,170,74
1999,4,23,6,-25.8,913.5,1,240,71
1999,4,23,9,-25.9,913.7,NA,190,71
1999,4,23,12,-26.9,914.4,NA,230,69
1999,4,23,15,-28.2,914.8,9,240,68
1999,4,23,18,-28.6,914.9,5,250,67
1999,4,23,21,-28.3,914.3,NA,0,67
1999,4,24,0,-28.1,913.5,NA,0,67
1999,4,24,3,-27.2,912.1,2,30,69
1999,4,24,6,-27.1,910.2,4,50,69
1999,4,24,9,-26.9,909.2,NA,NA,69
1999,4,24,12,-26,908.2,1,30,70
1999,4,24,15,-25.6,907.1,2,60,71
1999,4,24,18,-24.6,907,1,10,72
1999,4,24,21,-24.6,907.4,2,260,72
1999,4,25,0,-25,908.6,3,230,72
1999,4,25,3,-24.9,910,NA,NA,72
1999,4,25,6,-25.6,911.7,1,30,71
1999,4,25,9,-23.6,912.5,3,350,73
1999,4,25,12,-23.6,913,3,260,73
1999,4,25,15,-22.8,913.8,2,10,74
1999,4,25,18,-22.3,914.4,3,250,74
1999,4,25,21,-23.4,915.9,3,10,73
1999,4,26,0,-22.6,916.8,3,20,75
1999,4,26,3,-22.8,916.8,NA,NA,74
1999,4,26,6,-23.1,917,1,250,74
1999,4,26,9,-24.5,916,NA,230,73
1999,4,26,12,-25.1,913.7,NA,NA,71
1999,4,26,15,-23.5,905.9,NA,NA,73
1999,4,26,18,-24,900.9,NA,NA,73
1999,4,26,21,-23.8,897.5,NA,NA,73
1999,4,27,0,-23.5,900.6,NA,NA,73
1999,4,27,3,-23.7,899.3,NA,NA,73
1999,4,27,6,-22.8,900.4,NA,230,74
1999,4,27,9,-22.8,900.9,57,240,74
1999,4,27,12,-21.9,893.1,NA,240,76
1999,4,27,15,-21.8,898.4,NA,230,76
1999,4,27,18,-20.7,898.2,NA,230,76
1999,4,27,21,-19.9,899.5,NA,240,77
1999,4,28,0,-19.6,900.9,NA,240,78
1999,4,28,3,-19.4,902.1,60,240,79
1999,4,28,6,-20.6,903.5,NA,230,77
1999,4,28,9,-19.6,907.2,NA,230,76
1999,4,28,12,-19.3,906.9,NA,0,78
1999,4,28,15,-17.7,903.5,NA,0,68
1999,4,28,18,-17.9,900.3,NA,NA,46
1999,4,28,21,-17.8,898.6,NA,NA,57
1999,4,29,0,-19.8,897.7,NA,NA,72
1999,4,29,3,-20.8,897.2,NA,NA,77
1999,4,29,6,-21.5,896,NA,NA,76
1999,4,29,9,-22.9,896.6,NA,NA,74
1999,4,29,12,-22.9,898,NA,NA,74
1999,4,29,15,-21.5,900.1,NA,240,67
1999,4,29,18,-23,903.3,NA,210,72
1999,4,29,21,-23.6,905,NA,230,73
1999,4,30,0,-23.8,907.4,NA,250,73
1999,4,30,3,-23.9,909.1,NA,20,73
1999,4,30,6,-23.8,909.6,NA,NA,73
1999,4,30,9,-24.7,910.1,NA,NA,72
1999,4,30,12,-24.4,910.6,NA,NA,72
1999,4,30,15,-24.4,910.4,NA,NA,72
1999,4,30,18,-25.2,910.9,NA,NA,71
1999,4,30,21,-26.1,911.8,NA,NA,70
1999,5,1,0,-26.1,912.3,NA,NA,70
1999,5,1,3,-25.7,913.1,NA,NA,70
1999,5,1,6,-25.4,913.8,NA,NA,71
1999,5,1,9,-26.6,914,10,250,69
1999,5,1,12,-27.1,913.8,NA,250,69
1999,5,1,15,-27.3,913.7,NA,240,68
1999,5,1,18,-26.8,914,19,240,69
1999,5,1,21,-25.7,913.8,20,240,70
1999,5,2,0,-24.1,914,21,220,72
1999,5,2,3,-24.7,915.5,NA,230,72
1999,5,2,6,-22.3,916.4,NA,240,74
1999,5,2,9,-22.1,917.3,0,NA,75
1999,5,2,12,-21.1,918,NA,NA,75
1999,5,2,15,-21.2,918.8,NA,NA,65
1999,5,2,18,-19.9,919.2,NA,NA,58
1999,5,2,21,-22.4,920.1,NA,NA,51
1999,5,3,0,-22.8,922.2,NA,NA,60
1999,5,3,3,-21.9,923.8,NA,10,52
1999,5,3,6,-22.6,923.7,NA,NA,52
1999,5,3,9,-22,922.8,24,30,49
1999,5,3,12,-22.8,922,NA,20,54
1999,5,3,15,-23.3,921.8,NA,20,73
1999,5,3,18,-23.8,921.9,NA,20,73
1999,5,3,21,-24.2,922.2,NA,230,72
1999,5,4,0,-23.7,922.2,NA,250,73
1999,5,4,3,-23.4,922.1,6,250,73
1999,5,4,6,-23.8,921.1,NA,40,73
1999,5,4,9,-23.8,919.9,NA,NA,73
1999,5,4,12,-24.7,918.5,NA,NA,72
1999,5,4,15,-23.1,917.1,3,70,75
1999,5,4,18,-22.9,916,NA,50,74
1999,5,4,21,-22,914.8,NA,40,75
1999,5,5,0,-22.6,913.9,NA,40,75
1999,5,5,3,-23.2,914,NA,280,74
1999,5,5,6,-22.8,913.8,NA,270,74
1999,5,5,9,-26.7,913.9,NA,270,74
1999,5,5,12,-26.6,914.2,NA,240,69
1999,5,5,15,-25.4,914.1,NA,230,71
1999,5,5,18,-25.4,914.7,NA,230,71
1999,5,5,21,-25.1,915.4,NA,220,71
1999,5,6,0,-24.9,915.5,NA,220,72
1999,5,6,3,-26.4,914.4,NA,230,70
1999,5,6,6,-26.3,913.4,NA,220,69
1999,5,6,9,-26.2,911.8,NA,220,70
1999,5,6,12,-26.8,911,NA,230,69
1999,5,6,15,-27.7,909.9,NA,240,68
1999,5,6,18,-28.1,909.4,NA,230,67
1999,5,6,21,-28.3,910.8,NA,240,67
1999,5,7,0,-28.1,910.9,NA,240,67
1999,5,7,3,-29.9,911.2,NA,250,65
1999,5,7,6,-29.7,910.4,NA,230,65
1999,5,7,9,-31.3,909.5,6,250,63
1999,5,7,12,-31.4,908.7,NA,0,62
1999,5,7,15,-32.3,907.5,NA,270,61
1999,5,7,18,-32.5,906.6,NA,250,61
1999,5,7,21,-32.6,905.6,4,270,61
1999,5,8,0,-33.9,905.1,NA,240,59
1999,5,8,3,-34,904.6,NA,230,59
1999,5,8,6,-35.7,904.6,NA,230,57
1999,5,8,9,-35.6,904.9,NA,240,57
1999,5,8,12,-35.2,906.3,NA,230,57
1999,5,8,15,-34.7,908.4,31,240,57
1999,5,8,18,-33.7,911.4,31,230,56
1999,5,8,21,-33,914.9,NA,230,51
1999,5,9,0,-32,917.8,NA,220,60
1999,5,9,3,-32.1,919.8,NA,210,60
1999,5,9,6,-29.1,921.1,NA,290,49
1999,5,9,9,-28.4,921.9,NA,340,39
1999,5,9,12,-28,922.8,NA,20,27
1999,5,9,15,-27.3,923.4,NA,20,21
1999,5,9,18,-25.3,923.5,7,10,20
1999,5,9,21,-24.6,923.9,3,20,19
1999,5,10,0,-22.5,924.1,NA,330,18
1999,5,10,3,-20.2,924.1,3,10,15
1999,5,10,6,-21.6,924.1,NA,30,16
1999,5,10,9,-21.3,924,NA,30,15
1999,5,10,12,-22,923.5,10,30,19
1999,5,10,15,-21.2,923.2,12,20,18
1999,5,10,18,-21.4,923,NA,30,16
1999,5,10,21,-21.1,923,NA,0,13
1999,5,11,0,-21.8,923.2,3,240,19
1999,5,11,3,-21.1,923.2,NA,NA,14
1999,5,11,6,-20.9,922.7,2,340,14
1999,5,11,9,-21.3,922.2,NA,NA,15
1999,5,11,12,-22,921.5,NA,20,19
1999,5,11,15,-22.6,921,NA,10,39
1999,5,11,18,-21,921,NA,0,28
1999,5,11,21,-21.8,920.8,NA,290,30
1999,5,12,0,-23.7,921.1,NA,270,33
1999,5,12,3,-21.9,921.6,NA,250,37
1999,5,12,6,-25,921.8,NA,260,36
1999,5,12,9,-24.7,921.8,3,260,29
1999,5,12,12,-21.9,921.4,NA,20,34
1999,5,12,15,-25.4,921.2,NA,130,35
1999,5,12,18,-23.8,920.1,NA,260,30
1999,5,12,21,-25.9,919.3,3,10,35
1999,5,13,0,-26.2,917.7,3,30,42
1999,5,13,3,-27.3,916,6,250,46
1999,5,13,6,-25.2,915.2,NA,250,52
1999,5,13,9,-25.8,915.4,NA,10,43
1999,5,13,12,-28.1,915.9,NA,250,59
1999,5,13,15,-28.8,915.5,NA,240,63
1999,5,13,18,-26.7,915.9,NA,340,67
1999,5,13,21,-26.3,915.9,NA,300,54
1999,5,14,0,-30.2,916.2,NA,250,61
1999,5,14,3,-29.5,915.1,NA,250,63
1999,5,14,6,-30.5,913.8,NA,230,62
1999,5,14,9,-30.6,915.9,NA,220,60
1999,5,14,12,-30.7,916.9,NA,230,56
1999,5,14,15,-30,917.7,21,240,50
1999,5,14,18,-30,918.4,NA,230,63
1999,5,14,21,-28.6,919.8,NA,NA,50
1999,5,15,0,-29,919.7,NA,NA,64
1999,5,15,3,-27.9,916.8,NA,NA,41
1999,5,15,6,-28.8,914.7,NA,220,49
1999,5,15,9,-29.3,914.9,NA,230,64
1999,5,15,12,-29.7,912.5,NA,230,63
1999,5,15,15,-29.4,910.6,NA,240,64
1999,5,15,18,-29.8,909.2,NA,220,63
1999,5,15,21,-30,910.5,NA,220,61
1999,5,16,0,-30,912.3,NA,230,63
1999,5,16,3,-30.5,914,NA,230,62
1999,5,16,6,-31.2,915,NA,240,62
1999,5,16,9,-31.8,916.4,NA,250,61
1999,5,16,12,-32.3,915.4,NA,20,60
1999,5,16,15,-31.7,913.8,NA,0,61
1999,5,16,18,-31.5,911.5,NA,NA,61
1999,5,16,21,-31.8,910.6,3,240,61
1999,5,17,0,-32.4,908.6,NA,230,60
1999,5,17,3,-32,907.4,NA,230,60
1999,5,17,6,-32.2,906.6,NA,230,61
1999,5,17,9,-31.6,906.3,NA,NA,61
1999,5,17,12,-32,906.6,NA,NA,61
1999,5,17,15,-31.9,907.6,38,NA,61
1999,5,17,18,-32.1,906.9,NA,NA,60
1999,5,17,21,-31,908.5,NA,NA,62
1999,5,18,0,-30.4,908.7,48,NA,62
1999,5,18,3,-29.7,909.4,46,NA,61
1999,5,18,6,-29.9,908.6,49,NA,61
1999,5,18,9,-30.2,908.7,45,NA,62
1999,5,18,12,-30,907.9,NA,240,53
1999,5,18,15,-30.7,908.2,NA,NA,60
1999,5,18,18,-31.1,907.8,NA,NA,62
1999,5,18,21,-31.8,907.3,NA,NA,61
1999,5,19,0,-32,906.7,NA,240,61
1999,5,19,3,-32.8,905.9,NA,240,60
1999,5,19,6,-33.4,905.5,NA,260,59
1999,5,19,9,-33.8,905.7,NA,270,58
1999,5,19,12,-33.9,905.6,NA,NA,58
1999,5,19,15,-34.6,906,8,NA,57
1999,5,19,18,-35.1,906.6,NA,NA,57
1999,5,19,21,-35.5,907.9,12,260,56
1999,5,20,0,-35.8,909,NA,270,56
1999,5,20,3,-35.2,909.7,NA,0,57
1999,5,20,6,-35.7,910.3,2,230,56
1999,5,20,9,-35.9,910.4,NA,0,56
1999,5,20,12,-36.2,910.5,1,30,55
1999,5,20,15,-35.8,911.5,NA,NA,56
1999,5,20,18,-35.6,913.4,NA,250,56
1999,5,20,21,NA,916.1,NA,0,64
1999,5,21,0,NA,918.5,NA,340,66
1999,5,21,3,-25.7,921.3,NA,280,49
1999,5,21,6,-22.9,923.7,NA,250,37
1999,5,21,9,NA,924.9,NA,350,24
1999,5,21,12,-20.3,925.4,NA,340,25
1999,5,21,15,-18.3,925.6,NA,30,27
1999,5,21,18,-15.5,924.8,NA,20,20
1999,5,21,21,-13.4,923.9,NA,10,18
1999,5,22,0,-13.6,922.4,NA,300,18
1999,5,22,3,NA,922.7,NA,250,23
1999,5,22,6,NA,924.4,NA,230,29
1999,5,22,9,-21.3,925.7,NA,230,33
1999,5,22,12,-19.1,925.8,NA,340,31
1999,5,22,15,-19,925.9,NA,250,28
1999,5,22,18,-17.3,925.9,NA,20,28
1999,5,22,21,-19,925.1,NA,10,30
1999,5,23,0,-19.4,924.3,NA,20,30
1999,5,23,3,-19.2,923.4,NA,40,28
1999,5,23,6,-20.2,921.5,NA,20,29
1999,5,23,9,-20,919.9,NA,40,33
1999,5,23,12,-19,918.9,NA,30,33
1999,5,23,15,-20.5,918.7,NA,30,33
1999,5,23,18,-23,917.5,NA,100,47
1999,5,23,21,-23.9,916.1,NA,290,61
1999,5,24,0,-23.5,914.9,4,190,NA
1999,5,24,3,-23.8,914,3,260,50
1999,5,24,6,-23.9,913.1,3,20,46
1999,5,24,9,-24.8,912.7,6,10,43
1999,5,24,12,-24.9,912.7,NA,270,49
1999,5,24,15,-23.5,913.2,6,240,44
1999,5,24,18,-23.9,913.6,NA,240,45
1999,5,24,21,-23.2,914.8,NA,250,39
1999,5,25,0,-26,915.3,NA,270,57
1999,5,25,3,-26.4,915.8,NA,250,57
1999,5,25,6,-25.3,915.8,NA,20,54
1999,5,25,9,-24.8,916,NA,20,59
1999,5,25,12,-27.5,916.2,4,240,66
1999,5,25,15,-27.5,916.4,3,360,65
1999,5,25,18,-27.1,916.6,3,260,65
1999,5,25,21,-26,917.5,NA,290,54
1999,5,26,0,-26,919.1,3,250,49
1999,5,26,3,-24.3,920.7,5,260,42
1999,5,26,6,-23.1,922.3,2,170,38
1999,5,26,9,-23.4,923.3,NA,240,36
1999,5,26,12,-20.8,924.7,NA,260,35
1999,5,26,15,-20.3,924.5,NA,20,36
1999,5,26,18,-22.5,925.2,NA,270,38
1999,5,26,21,-23.1,925.7,NA,250,46
1999,5,27,0,-23.1,926.4,NA,260,38
1999,5,27,3,-23.1,926.6,NA,270,36
1999,5,27,6,-21.1,926.7,NA,250,37
1999,5,27,9,-19.5,927,NA,250,37
1999,5,27,12,-19.3,926.6,11,240,43
1999,5,27,15,-20.1,926.3,NA,240,40
1999,5,27,18,-19.2,925.7,NA,230,41
1999,5,27,21,-18.1,924.6,NA,240,45
1999,5,28,0,-19.5,920.1,NA,230,62
1999,5,28,3,-18,923.8,NA,NA,64
1999,5,28,6,-19.9,922.4,NA,NA,63
1999,5,28,9,-19.3,917.5,NA,230,66
1999,5,28,12,-19.3,919.7,NA,220,63
1999,5,28,15,-17.7,917.2,NA,NA,62
1999,5,28,18,-17.2,918,NA,NA,58
1999,5,28,21,-17.8,919,NA,NA,50
1999,5,29,0,-20,924.3,NA,230,52
1999,5,29,3,-20.4,923.4,NA,250,60
1999,5,29,6,-19.1,923.9,NA,240,54
1999,5,29,9,-20.2,924.4,NA,260,55
1999,5,29,12,-19.9,923.3,NA,120,59
1999,5,29,15,-21.2,921,NA,60,59
1999,5,29,18,-20.5,919,NA,30,54
1999,5,29,21,-20.5,917.6,NA,270,60
1999,5,30,0,-22.2,915.2,NA,250,65
1999,5,30,3,-23,913.1,NA,240,73
1999,5,30,6,-24.9,912.7,NA,210,70
1999,5,30,9,-23.5,912.2,NA,190,72
1999,5,30,12,-22.7,911,NA,10,44
1999,5,30,15,-21.6,909.7,NA,340,42
1999,5,30,18,-22.7,909.4,NA,270,41
1999,5,30,21,-21,910.5,NA,230,41
1999,5,31,0,-18.7,913,NA,240,36
1999,5,31,3,-17.2,914,NA,240,36
1999,5,31,6,-18.6,916.7,NA,230,53
1999,5,31,9,-16.3,918.1,NA,240,76
1999,5,31,12,-16.3,915.6,NA,240,80
1999,5,31,15,-17.5,923.2,NA,240,80
1999,5,31,18,-17.7,927.9,NA,230,75
1999,5,31,21,-18.7,932.6,NA,240,73
1999,6,1,0,-18,932.1,NA,300,67
1999,6,1,3,-20.7,929.5,NA,20,66
1999,6,1,6,-21.3,928.2,NA,260,70
1999,6,1,9,-22,927.1,NA,230,75
1999,6,1,12,-20.2,927.4,NA,220,78
1999,6,1,15,-19.9,927,NA,200,77
1999,6,1,18,-21.3,927.5,NA,230,76
1999,6,1,21,-20.8,928.1,NA,220,74
1999,6,2,0,-20.7,929.2,NA,50,55
1999,6,2,3,-20.5,928.2,NA,20,55
1999,6,2,6,-20.3,927.7,NA,10,45
1999,6,2,9,-20.6,926.1,NA,360,43
1999,6,2,12,-17.4,923.7,NA,360,45
1999,6,2,15,-18.3,921,NA,30,39
1999,6,2,18,-17.5,918.9,NA,40,34
1999,6,2,21,-18.7,916.7,NA,250,39
1999,6,3,0,NA,914.9,NA,20,72
1999,6,3,3,-20.6,912.9,NA,20,75
1999,6,3,6,-21.2,912.4,NA,230,76
1999,6,3,9,-21.2,911.6,NA,NA,75
1999,6,3,12,-23.6,910.6,NA,260,72
1999,6,3,15,-23,911.4,NA,230,73
1999,6,3,18,-22.4,909.9,NA,220,74
1999,6,3,21,-20.8,909.7,NA,NA,76
1999,6,4,0,-20.4,910,NA,NA,69
1999,6,4,3,-19.9,913.4,NA,NA,52
1999,6,4,6,-20.4,913.4,NA,240,57
1999,6,4,9,-19.9,912.6,NA,240,65
1999,6,4,12,-19.8,913.4,NA,230,58
1999,6,4,15,-19.8,913.1,48,240,61
1999,6,4,18,-19.1,911.5,51,240,61
1999,6,4,21,-17.8,909.8,NA,240,54
1999,6,5,0,-16.9,906,NA,230,53
1999,6,5,3,-15.9,907.7,60,240,58
1999,6,5,6,-15.2,906.6,NA,240,66
1999,6,5,9,-16.2,907.4,59,240,81
1999,6,5,12,-15.5,906.9,NA,230,83
1999,6,5,15,-14.7,906.2,NA,240,83
1999,6,5,18,-14.2,908.6,NA,240,84
1999,6,5,21,-14.1,912.5,NA,230,84
1999,6,6,0,-13.9,915.5,NA,230,84
1999,6,6,3,-14.1,919.4,58,240,84
1999,6,6,6,-13.7,919.2,NA,230,85
1999,6,6,9,-13.8,921.6,59,230,85
1999,6,6,12,-13.9,922.9,NA,230,85
1999,6,6,15,-12.8,924.9,57,240,86
1999,6,6,18,-12.6,926.1,NA,230,86
1999,6,6,21,-12.3,927.2,55,230,86
1999,6,7,0,-12.1,929.1,NA,NA,87
1999,6,7,3,-12,927.6,54,NA,87
1999,6,7,6,-11.9,928.9,NA,NA,87
1999,6,7,9,-10.9,928,NA,NA,NA
1999,6,7,12,-11.6,928.4,NA,NA,86
1999,6,7,15,-12.6,927.7,NA,220,87
1999,6,7,18,-13,928.8,NA,230,86
1999,6,7,21,-14.5,928.8,NA,220,85
1999,6,8,0,-14.6,930,NA,230,85
1999,6,8,3,-14.6,930.1,NA,NA,84
1999,6,8,6,-15.6,930.1,NA,0,84
1999,6,8,9,-16.1,929.6,NA,240,83
1999,6,8,12,-17.1,929.6,NA,240,82
1999,6,8,15,-17.5,929.3,8,220,82
1999,6,8,18,-17.7,928.9,5,230,81
1999,6,8,21,-19,928.9,4,250,80
1999,6,9,0,-18.9,930,NA,NA,80
1999,6,9,3,-19.1,930.3,NA,NA,80
1999,6,9,6,-19.3,930.6,NA,NA,79
1999,6,9,9,-20,930.7,NA,NA,78
1999,6,9,12,-21,930.9,NA,NA,78
1999,6,9,15,-21.6,930.9,NA,NA,77
1999,6,9,18,-22.5,931.2,NA,270,76
1999,6,9,21,-23,931.5,NA,NA,75
1999,6,10,0,-22.5,932.3,NA,NA,75
1999,6,10,3,-23.9,933.4,NA,NA,74
1999,6,10,6,-24.3,933.1,NA,NA,73
1999,6,10,9,-24.6,933.2,NA,NA,72
1999,6,10,12,-24.8,935.2,NA,NA,72
1999,6,10,15,-25.1,936.3,NA,NA,72
1999,6,10,18,-26.2,937.3,NA,NA,71
1999,6,10,21,-27.2,937.8,NA,NA,69
1999,6,11,0,-27.8,938.4,NA,NA,68
1999,6,11,3,-27.4,938.1,NA,NA,68
1999,6,11,6,-27.3,938.1,NA,NA,69
1999,6,11,9,-26.1,937,NA,NA,70
1999,6,11,12,-26.6,936.5,NA,NA,70
1999,6,11,15,-25,935.6,NA,NA,70
1999,6,11,18,-24.6,935.1,NA,NA,61
1999,6,11,21,-24.1,935.1,NA,NA,57
1999,6,12,0,-23.7,934.6,NA,NA,63
1999,6,12,3,-23,934.3,NA,NA,49
1999,6,12,6,-22.4,933.5,NA,NA,38
1999,6,12,9,-21.8,932.5,NA,NA,37
1999,6,12,12,-23,931.3,1,240,37
1999,6,12,15,-20.5,930.4,NA,240,30
1999,6,12,18,-22.1,929.7,NA,220,43
1999,6,12,21,-19.7,930,NA,230,31
1999,6,13,0,-19,928.3,NA,230,71
1999,6,13,3,-20,927.5,NA,220,79
1999,6,13,6,-20.9,927.6,NA,220,77
1999,6,13,9,-22.5,927.8,NA,240,75
1999,6,13,12,-22.9,930,NA,NA,73
1999,6,13,15,-23.6,936.3,NA,NA,72
1999,6,13,18,-22.4,936,NA,NA,63
1999,6,13,21,-21.8,937.8,NA,230,60
1999,6,14,0,-22.8,939.8,NA,210,NA
1999,6,14,3,-22.8,939.3,NA,240,74
1999,6,14,6,-21.1,939.7,NA,230,76
1999,6,14,9,-23.2,939.2,NA,240,74
1999,6,14,12,-23.1,940.7,NA,250,74
1999,6,14,15,-23.2,941.4,NA,160,74
1999,6,14,18,-23.7,942,NA,250,74
1999,6,14,21,-24.8,941.6,NA,240,72
1999,6,15,0,-24.1,940.7,NA,220,73
1999,6,15,3,-24.5,942,NA,220,73
1999,6,15,6,-23.2,941.6,NA,230,73
1999,6,15,9,-22.1,942.6,42,230,72
1999,6,15,12,-21.1,942.3,40,230,74
1999,6,15,15,-20.5,942.8,NA,240,67
1999,6,15,18,-19.7,943.2,NA,230,59
1999,6,15,21,-19.8,941.1,NA,NA,58
1999,6,16,0,-19.6,939.2,NA,NA,49
1999,6,16,3,-20.4,940,NA,NA,56
1999,6,16,6,-21.4,940.7,NA,220,55
1999,6,16,9,-19.9,940.5,NA,220,48
1999,6,16,12,-19.9,935.3,NA,230,45
1999,6,16,15,-19.8,933,NA,240,72
1999,6,16,18,-20,931.9,59,NA,65
1999,6,16,21,-21.1,931,NA,NA,76
1999,6,17,0,-20.6,930.4,NA,NA,76
1999,6,17,3,-19.9,931.1,NA,NA,76
1999,6,17,6,-21,930.9,NA,NA,77
1999,6,17,9,-20.6,930.7,NA,NA,77
1999,6,17,12,-19.8,928.8,NA,230,78
1999,6,17,15,-19,926,NA,230,79
1999,6,17,18,-17.7,928.9,NA,NA,80
1999,6,17,21,-17.9,927.6,NA,NA,80
1999,6,18,0,-18.3,927.5,NA,NA,80
1999,6,18,3,-18.5,931.9,NA,NA,80
1999,6,18,6,-18.3,933.5,NA,NA,80
1999,6,18,9,-17.6,934,NA,NA,80
1999,6,18,12,-17.5,937.6,59,NA,81
1999,6,18,15,-15.5,941.8,NA,NA,75
1999,6,18,18,-14.8,943.1,NA,NA,71
1999,6,18,21,-14.9,945.5,NA,NA,80
1999,6,19,0,-14,NA,NA,NA,84
1999,6,19,3,-14.2,948.3,NA,NA,84
1999,6,19,6,-14.1,948.2,NA,230,73
1999,6,19,9,-13.5,949.2,NA,230,66
1999,6,19,12,-13.8,949.1,NA,220,80
1999,6,19,15,-14.3,948.9,NA,NA,85
1999,6,19,18,-13.9,948.3,NA,NA,75
1999,6,19,21,-13.8,948.9,NA,NA,85
1999,6,20,0,NA,949.5,NA,NA,85
1999,6,20,3,-16.6,949.5,NA,NA,83
1999,6,20,6,-17.2,949.8,NA,NA,82
1999,6,20,9,-15.9,949,NA,NA,83
1999,6,20,12,-16.9,947.5,NA,NA,82
1999,6,20,15,-17.2,945.8,NA,NA,81
1999,6,20,18,-17,944.5,NA,NA,82
1999,6,20,21,-17.8,943.4,NA,NA,81
1999,6,21,0,-18.1,943,NA,NA,81
1999,6,21,3,-20.4,943.7,NA,NA,78
1999,6,21,6,-21.4,943.9,NA,NA,77
1999,6,21,9,-21,944.6,NA,NA,77
1999,6,21,12,-19.5,945.1,NA,NA,78
1999,6,21,15,-20.1,944.7,NA,NA,78
1999,6,21,18,-20.1,943.7,NA,NA,78
1999,6,21,21,-20.4,943.1,NA,NA,78
1999,6,22,0,-20.9,942.3,NA,NA,77
1999,6,22,3,-20.3,941.8,NA,NA,75
1999,6,22,6,-21.1,940.9,NA,NA,72
1999,6,22,9,-20.9,940.2,NA,NA,66
1999,6,22,12,-22.7,939.7,NA,NA,74
1999,6,22,15,-21,939.3,NA,NA,76
1999,6,22,18,-24.2,939.3,NA,NA,73
1999,6,22,21,-23.6,939.6,NA,NA,73
1999,6,23,0,-24.8,939.7,NA,NA,72
1999,6,23,3,-25,940,NA,NA,72
1999,6,23,6,-25.8,940,NA,NA,71
1999,6,23,9,-24.7,940.4,NA,NA,71
1999,6,23,12,-24.8,940.7,NA,NA,72
1999,6,23,15,-25.9,940.2,NA,NA,70
1999,6,23,18,-26.3,940.2,NA,NA,70
1999,6,23,21,-25.6,939.9,NA,NA,71
1999,6,24,0,-26.1,939.9,NA,NA,70
1999,6,24,3,-26.4,939.1,NA,NA,69
1999,6,24,6,-26,939.2,NA,NA,70
1999,6,24,9,-26.3,938.6,NA,NA,70
1999,6,24,12,-26.6,938.3,NA,NA,70
1999,6,24,15,-27.1,937.8,NA,NA,68
1999,6,24,18,-28.2,937.3,NA,NA,67
1999,6,24,21,-29.6,937,NA,NA,65
1999,6,25,0,-30.9,936.8,NA,NA,63
1999,6,25,3,-31,935.5,NA,NA,63
1999,6,25,6,-30.9,935.3,NA,NA,63
1999,6,25,9,-31.3,937,NA,NA,60
1999,6,25,12,-31.2,935.7,NA,NA,62
1999,6,25,15,-31.9,936.1,NA,NA,62
1999,6,25,18,-31.4,935.6,NA,NA,63
1999,6,25,21,-31.9,936.4,NA,NA,62
1999,6,26,0,-31.9,936.7,NA,NA,62
1999,6,26,3,-32,936.2,NA,NA,62
1999,6,26,6,-32.7,935.3,NA,NA,61
1999,6,26,9,-33,934.6,NA,NA,61
1999,6,26,12,-32.6,933.7,NA,NA,60
1999,6,26,15,-32.1,932.1,NA,NA,61
1999,6,26,18,-31.8,930.5,NA,NA,62
1999,6,26,21,-31.4,928.8,NA,NA,63
1999,6,27,0,-31,927.4,NA,NA,63
1999,6,27,3,-31.4,926,NA,NA,60
1999,6,27,6,-31.4,925.6,NA,NA,59
1999,6,27,9,-31.6,925.5,NA,NA,57
1999,6,27,12,-32,925.7,NA,NA,58
1999,6,27,15,-31.8,926.1,NA,NA,57
1999,6,27,18,-32.6,927,NA,NA,60
1999,6,27,21,-32.6,928,NA,NA,61
1999,6,28,0,-33.3,928.9,NA,NA,60
1999,6,28,3,-32.2,929.7,NA,NA,60
1999,6,28,6,-31.5,930.3,NA,NA,62
1999,6,28,9,-30.9,930.2,NA,NA,63
1999,6,28,12,-30.5,930.3,NA,NA,63
1999,6,28,15,-29,931.2,NA,NA,62
1999,6,28,18,-27.7,931.1,NA,NA,67
1999,6,28,21,-26.9,931.1,NA,NA,67
1999,6,29,0,-25.5,931.8,NA,NA,68
1999,6,29,3,-24.7,931.5,NA,0,63
1999,6,29,6,-26.6,932,NA,230,69
1999,6,29,9,-26,934.2,NA,NA,69
1999,6,29,12,-26.3,933.1,NA,NA,68
1999,6,29,15,-25.2,931.3,NA,NA,69
1999,6,29,18,-24.2,928,NA,240,70
1999,6,29,21,-24,927,NA,240,68
1999,6,30,0,-23.3,925,NA,230,67
1999,6,30,3,-23.1,922.4,NA,240,66
1999,6,30,6,-22.2,921.1,NA,230,65
1999,6,30,9,-21.3,917.2,NA,NA,75
1999,6,30,12,-20.9,914.1,NA,NA,76
1999,6,30,15,-20.2,912.8,NA,NA,77
1999,6,30,18,-19.3,910.8,NA,NA,76
1999,6,30,21,-18.7,906.8,NA,240,79
1999,7,1,0,-17.3,909.2,NA,NA,80
1999,7,1,3,-17.1,909,NA,NA,81
1999,7,1,6,-16.6,904.4,NA,240,82
1999,7,1,9,-16.5,911.4,NA,230,82
1999,7,1,12,-16.4,911.4,NA,240,82
1999,7,1,15,-17,912.5,NA,240,82
1999,7,1,18,-14.8,912.5,55,NA,67
1999,7,1,21,-15.2,910.3,NA,NA,76
1999,7,2,0,-14.7,912.7,57,230,43
1999,7,2,3,-16.1,910.6,NA,NA,52
1999,7,2,6,-17.4,910.4,NA,NA,79
1999,7,2,9,-16.1,911.6,60,NA,80
1999,7,2,12,-16.1,910.6,NA,NA,82
1999,7,2,15,-14.7,908.5,NA,240,70
1999,7,2,18,-16.2,908.1,NA,NA,67
1999,7,2,21,-15.4,908.3,51,NA,44
1999,7,3,0,-15.9,903.5,NA,NA,50
1999,7,3,3,-15.9,907,55,NA,77
1999,7,3,6,-16.6,906.3,NA,NA,40
1999,7,3,9,-16.5,909.1,NA,NA,40
1999,7,3,12,-18.6,909.9,NA,NA,39
1999,7,3,15,-18.5,911.7,NA,250,42
1999,7,3,18,-19.5,913.1,NA,230,48
1999,7,3,21,-20.1,909.7,NA,240,45
1999,7,4,0,-19.9,913.1,NA,240,46
1999,7,4,3,-20.6,914.7,NA,230,70
1999,7,4,6,-20.4,915,NA,240,71
1999,7,4,9,-19.6,913.1,NA,240,52
1999,7,4,12,-19.7,912.2,NA,230,59
1999,7,4,15,-19.6,910.3,NA,230,65
1999,7,4,18,-19.5,907.5,NA,NA,73
1999,7,4,21,-18.7,908.3,38,NA,64
1999,7,5,0,-18.3,907.6,NA,NA,63
1999,7,5,3,-18.1,907.5,NA,NA,65
1999,7,5,6,-17.8,909.2,NA,240,68
1999,7,5,9,-17.5,909.4,NA,230,69
1999,7,5,12,-17.4,908.8,31,240,75
1999,7,5,15,-16.5,908.7,NA,230,75
1999,7,5,18,-16.4,907.8,NA,NA,80
1999,7,5,21,-16.2,906,NA,NA,75
1999,7,6,0,-15.3,903.8,NA,NA,82
1999,7,6,3,-15.4,899.2,NA,240,83
1999,7,6,6,-17.8,897.3,NA,220,81
1999,7,6,9,-18.2,895,NA,250,81
1999,7,6,12,-18.9,900.2,46,220,78
1999,7,6,15,-15.8,897,NA,240,72
1999,7,6,18,-15.8,894.7,NA,NA,81
1999,7,6,21,-16.7,895.1,55,NA,82
1999,7,7,0,-17.1,890.3,NA,NA,79
1999,7,7,3,-18.2,892.7,55,230,80
1999,7,7,6,-18.6,892.7,NA,240,78
1999,7,7,9,-18.1,894.4,NA,NA,80
1999,7,7,12,-15.1,896.9,NA,NA,63
1999,7,7,15,-14.2,895.6,NA,NA,55
1999,7,7,18,-13.6,897,NA,250,49
1999,7,7,21,-14,898,NA,240,52
1999,7,8,0,-13.6,897.9,NA,250,61
1999,7,8,3,-14.3,896.5,NA,240,68
1999,7,8,6,-13.7,898.7,NA,240,77
1999,7,8,9,-13.7,899.6,NA,240,78
1999,7,8,12,-12.6,900.2,NA,260,58
1999,7,8,15,-13.2,901.5,NA,250,69
1999,7,8,18,-13,902.5,NA,240,54
1999,7,8,21,-14.7,903.4,NA,240,74
1999,7,9,0,-15.3,902.2,NA,230,83
1999,7,9,3,-15.6,901.2,NA,240,82
1999,7,9,6,-14.9,899.2,NA,240,80
1999,7,9,9,-14.5,898.2,NA,240,78
1999,7,9,12,-14.6,898,NA,250,75
1999,7,9,15,-14.9,898.2,48,NA,82
1999,7,9,18,-14.8,899.6,NA,NA,81
1999,7,9,21,-14,900,NA,NA,73
1999,7,10,0,-14.5,901,NA,240,80
1999,7,10,3,-14,903,NA,220,84
1999,7,10,6,-14.2,903.5,NA,240,84
1999,7,10,9,-14.4,902.8,NA,240,84
1999,7,10,12,-16.4,903.8,6,240,83
1999,7,10,15,-16.2,904.8,7,220,82
1999,7,10,18,-15,904,NA,230,83
1999,7,10,21,-17,900.3,NA,230,82
1999,7,11,0,-17.7,NA,NA,230,81
1999,7,11,3,-19,909.2,NA,240,80
1999,7,11,6,-18.4,910.7,NA,250,80
1999,7,11,9,-16.9,910.8,NA,240,63
1999,7,11,12,-18.4,911.1,NA,260,68
1999,7,11,15,-18.8,909.6,NA,240,67
1999,7,11,18,-18.7,909.4,NA,220,71
1999,7,11,21,-17.4,908.2,NA,250,67
1999,7,12,0,-19.2,906.7,NA,250,74
1999,7,12,3,-20.1,906.3,NA,230,65
1999,7,12,6,-20.5,905.9,NA,220,69
1999,7,12,9,-20.4,906,NA,220,62
1999,7,12,12,-20.8,906.3,28,220,68
1999,7,12,15,-20.8,907.2,NA,230,71
1999,7,12,18,-21.2,908.4,NA,NA,69
1999,7,12,21,-22.6,908.3,NA,NA,71
1999,7,13,0,-22.9,910.6,NA,NA,62
1999,7,13,3,-23.6,911.5,NA,250,62
1999,7,13,6,-23.5,912.6,NA,250,73
1999,7,13,9,-23.5,912.9,NA,230,73
1999,7,13,12,-24,913.5,15,240,73
1999,7,13,15,-24.1,913.5,NA,220,73
1999,7,13,18,-24.5,914.1,NA,230,72
1999,7,13,21,-25.2,915.3,16,220,72
1999,7,14,0,-26.6,915.5,17,240,70
1999,7,14,3,-26.8,915.7,17,230,69
1999,7,14,6,-27.4,917.3,15,220,68
1999,7,14,9,-27.5,918.6,NA,230,68
1999,7,14,12,-27.7,918.6,NA,210,68
1999,7,14,15,-27.8,918.6,NA,270,67
1999,7,14,18,-27.5,917.9,1,100,68
1999,7,14,21,-27.8,917,1,NA,67
1999,7,15,0,-28.4,915.9,1,60,67
1999,7,15,3,-28.5,914.8,NA,NA,66
1999,7,15,6,-28.7,914.4,NA,NA,66
1999,7,15,9,-29,913.9,4,260,65
1999,7,15,12,-29.2,914.4,NA,230,65
1999,7,15,15,-29,914.8,NA,240,66
1999,7,15,18,-28.7,916.2,10,240,66
1999,7,15,21,-28.9,917.8,NA,230,66
1999,7,16,0,-29.3,920.4,14,230,65
1999,7,16,3,-29.1,922.5,11,240,65
1999,7,16,6,-29.7,924.2,11,240,65
1999,7,16,9,-29.2,925.3,12,230,65
1999,7,16,12,-29.8,926.4,12,NA,65
1999,7,16,15,-30,927.2,9,NA,64
1999,7,16,18,-29.6,927.6,11,NA,65
1999,7,16,21,-28.3,928.5,10,NA,66
1999,7,17,0,-26.8,928,12,230,69
1999,7,17,3,-26.6,928.5,10,230,69
1999,7,17,6,-26.3,928.8,NA,230,69
1999,7,17,9,-26.1,928.8,NA,220,70
1999,7,17,12,-25.9,929,NA,140,70
1999,7,17,15,-27.3,929.7,NA,250,68
1999,7,17,18,-27.2,930.3,NA,240,68
1999,7,17,21,-27.6,930,NA,240,68
1999,7,18,0,-27.2,932.2,NA,230,68
1999,7,18,3,-27.8,932.4,22,230,67
1999,7,18,6,-27.4,934.2,NA,210,68
1999,7,18,9,-28.2,933.7,NA,250,65
1999,7,18,12,-28.3,933.8,11,210,61
1999,7,18,15,-27.7,933,8,260,61
1999,7,18,18,-27.3,932.5,NA,260,62
1999,7,18,21,-26.8,931.7,NA,NA,49
1999,7,19,0,-24.2,930.5,NA,NA,38
1999,7,19,3,-26.7,930.1,NA,270,41
1999,7,19,6,-25,930.1,3,280,31
1999,7,19,9,-24.9,929.8,5,250,31
1999,7,19,12,-25.3,929.7,5,280,34
1999,7,19,15,-23.4,929.5,3,30,33
1999,7,19,18,-22.7,929.4,4,280,29
1999,7,19,21,-22.2,929.7,NA,0,29
1999,7,20,0,-20.4,930.6,NA,330,27
1999,7,20,3,-20,930.6,3,300,24
1999,7,20,6,-18.9,930.3,NA,340,22
1999,7,20,9,-19.2,929.9,4,20,22
1999,7,20,12,-18.7,928.4,NA,10,25
1999,7,20,15,-20.1,926.9,NA,360,42
1999,7,20,18,-20.5,925,NA,10,76
1999,7,20,21,-20.7,923.7,NA,360,76
1999,7,21,0,-20.5,921.9,NA,0,76
1999,7,21,3,-21.8,919.7,NA,250,76
1999,7,21,6,-21.4,918.9,NA,250,77
1999,7,21,9,-19,921,NA,250,77
1999,7,21,12,-18.6,920.9,NA,20,79
1999,7,21,15,-18.7,919.5,NA,30,77
1999,7,21,18,-19.3,919.1,NA,30,79
1999,7,21,21,-20.4,919.3,NA,NA,78
1999,7,22,0,-21.1,919.3,NA,40,73
1999,7,22,3,-20.5,918.2,NA,10,63
1999,7,22,6,-21,916.6,NA,350,61
1999,7,22,9,-22.4,914.9,8,260,65
1999,7,22,12,-22.9,914.4,NA,250,74
1999,7,22,15,-23,914.7,NA,250,67
1999,7,22,18,-21.5,916.9,NA,250,63
1999,7,22,21,-22.5,919.4,NA,30,63
1999,7,23,0,-23,921.5,NA,40,45
1999,7,23,3,-21.4,922,NA,30,43
1999,7,23,6,-19.1,921.2,NA,30,26
1999,7,23,9,-19.1,919.7,NA,30,23
1999,7,23,12,-21.2,917.7,13,20,33
1999,7,23,15,-20.7,915.7,NA,360,29
1999,7,23,18,NA,913.5,NA,240,48
1999,7,23,21,NA,912,NA,260,48
1999,7,24,0,-25.1,911.5,NA,270,69
1999,7,24,3,-27.3,912.1,NA,360,66
1999,7,24,6,-25.8,914,NA,240,69
1999,7,24,9,-26.3,914.5,NA,230,69
1999,7,24,12,-26.1,915.7,NA,240,69
1999,7,24,15,-26.8,916.5,NA,230,69
1999,7,24,18,-26.5,917.5,NA,220,69
1999,7,24,21,-26.6,915.2,NA,220,69
1999,7,25,0,-26,913.1,NA,230,69
1999,7,25,3,-26.2,913.9,NA,230,69
1999,7,25,6,-26.4,915.4,NA,250,65
1999,7,25,9,-24.2,915.6,NA,30,68
1999,7,25,12,-25.5,914.2,NA,320,68
1999,7,25,15,-24.9,911.3,NA,270,69
1999,7,25,18,NA,911.2,NA,60,43
1999,7,25,21,NA,910,NA,330,32
1999,7,26,0,NA,908.6,NA,240,53
1999,7,26,3,NA,908.7,NA,250,55
1999,7,26,6,-19.7,908.9,NA,250,54
1999,7,26,9,-18.8,910.2,NA,250,49
1999,7,26,12,-17.6,913.2,NA,30,35
1999,7,26,15,NA,916.3,NA,200,35
1999,7,26,18,NA,917,NA,30,70
1999,7,26,21,-22.5,917.5,NA,50,69
1999,7,27,0,-21.8,919.5,NA,40,61
1999,7,27,3,-22.7,922.4,NA,60,57
1999,7,27,6,-20.4,924.7,NA,10,61
1999,7,27,9,-21.4,926.5,NA,260,67
1999,7,27,12,-21.6,927.6,NA,240,61
1999,7,27,15,-21.6,928.6,NA,360,74
1999,7,27,18,-22.5,928,NA,360,74
1999,7,27,21,-19.9,925.6,NA,20,76
1999,7,28,0,-22.1,924.7,NA,250,76
1999,7,28,3,-21.2,925.7,NA,250,75
1999,7,28,6,-18.5,926.4,NA,240,79
1999,7,28,9,-18.9,927.8,NA,220,68
1999,7,28,12,-20.2,927.9,NA,60,70
1999,7,28,15,-20.7,928,NA,40,76
1999,7,28,18,-20.7,928.9,NA,250,77
1999,7,28,21,NA,930.8,NA,260,75
1999,7,29,0,NA,933,NA,300,71
1999,7,29,3,NA,932.1,NA,20,72
1999,7,29,6,-23,931.8,2,20,73
1999,7,29,9,-22.6,930.8,NA,40,74
1999,7,29,12,-23,930.9,2,260,74
1999,7,29,15,-23.1,931.4,3,350,73
1999,7,29,18,-22.7,932.9,2,20,74
1999,7,29,21,-21.4,934,1,20,77
1999,7,30,0,-19.3,933.8,1,10,78
1999,7,30,3,-20.9,931.2,NA,30,78
1999,7,30,6,-21.4,928,2,50,76
1999,7,30,9,-20.4,927.1,NA,0,78
1999,7,30,12,-23.1,926.2,NA,360,76
1999,7,30,15,-21.6,928.1,NA,NA,75
1999,7,30,18,-21.8,929.8,NA,330,76
1999,7,30,21,-23.2,932.3,1,310,75
1999,7,31,0,-24.6,934.1,3,240,72
1999,7,31,3,-25,933.7,2,250,71
1999,7,31,6,-25.9,933.8,3,240,71
1999,7,31,9,-25.8,933.4,4,240,70
1999,7,31,12,-26,932.5,3,240,70
1999,7,31,15,-26.4,931.9,5,230,69
1999,7,31,18,-26.7,931.1,6,230,69
1999,7,31,21,-27.3,930.2,6,220,68
1999,8,1,0,-27.7,929.5,6,230,68
1999,8,1,3,-28,927.8,5,220,67
1999,8,1,6,-27.7,926.7,4,210,68
1999,8,1,9,-27.3,925.3,5,220,68
1999,8,1,12,-28.4,924.1,1,230,67
1999,8,1,15,-28.6,922.6,NA,0,66
1999,8,1,18,-27.7,921.1,2,360,67
1999,8,1,21,-26.3,919.2,2,360,69
1999,8,2,0,-25.4,917.7,1,10,70
1999,8,2,3,-25.8,916.5,1,250,70
1999,8,2,6,-26.8,915.9,1,30,69
1999,8,2,9,-26.6,915.8,NA,NA,70
1999,8,2,12,-26.9,916.9,NA,NA,68
1999,8,2,15,-27.4,918.2,1,250,68
1999,8,2,18,-25.8,919.5,2,240,69
1999,8,2,21,-28.4,919.2,NA,240,67
1999,8,3,0,-27.3,918.3,NA,240,67
1999,8,3,3,-29.4,923.3,NA,220,66
1999,8,3,6,-28.6,924.9,NA,250,66
1999,8,3,9,-25.9,926,NA,250,62
1999,8,3,12,-24.1,926.1,NA,NA,54
1999,8,3,15,-23.7,926.3,NA,NA,45
1999,8,3,18,-21.4,926.4,2,240,39
1999,8,3,21,-18.8,927.3,NA,NA,33
1999,8,4,0,-19.1,928,NA,NA,29
1999,8,4,3,-19.4,928.6,1,250,25
1999,8,4,6,-17.6,927.5,2,320,24
1999,8,4,9,-16.1,926.2,NA,0,24
1999,8,4,12,-15.5,924.9,NA,280,23
1999,8,4,15,-18.6,924.6,NA,250,23
1999,8,4,18,-20,924.9,NA,200,26
1999,8,4,21,-21.7,925.1,NA,290,27
1999,8,5,0,-23.9,925.3,1,NA,41
1999,8,5,3,NA,924.9,NA,250,58
1999,8,5,6,-25.2,923.1,NA,230,67
1999,8,5,9,-25.3,922.6,NA,NA,59
1999,8,5,12,-22.6,920,NA,NA,47
1999,8,5,15,-22.9,919.2,NA,NA,54
1999,8,5,18,-23,918.7,NA,240,51
1999,8,5,21,-21.8,917,NA,230,51
1999,8,6,0,-21.8,915.1,NA,230,57
1999,8,6,3,-22.2,915.3,NA,230,65
1999,8,6,6,-21.5,914.3,51,NA,63
1999,8,6,9,-20.9,919.3,NA,NA,46
1999,8,6,12,-18.2,920.5,NA,240,36
1999,8,6,15,-18.8,920.5,NA,240,43
1999,8,6,18,-16.4,918.8,NA,240,33
1999,8,6,21,-20.8,920.1,NA,220,52
1999,8,7,0,-19.5,921.9,NA,190,68
1999,8,7,3,-21.3,920.8,NA,230,75
1999,8,7,6,-21,919,NA,240,76
1999,8,7,9,-22.7,919.5,NA,210,74
1999,8,7,12,-25.5,918.9,NA,230,71
1999,8,7,15,-26.2,916.4,NA,240,69
1999,8,7,18,-25,914,NA,240,71
1999,8,7,21,-22.8,912.3,NA,230,74
1999,8,8,0,-20.4,910.9,NA,240,59
1999,8,8,3,-19.2,908.7,NA,320,37
1999,8,8,6,-20.1,907.6,NA,NA,39
1999,8,8,9,-20.7,908.3,NA,340,38
1999,8,8,12,-23.9,909.5,NA,270,44
1999,8,8,15,NA,911.9,NA,210,67
1999,8,8,18,-27.9,912.5,NA,230,66
1999,8,8,21,-28.8,914.8,NA,240,65
1999,8,9,0,-28.9,915.7,NA,250,65
1999,8,9,3,-29.6,917.6,NA,340,64
1999,8,9,6,-28.4,918.7,NA,10,60
1999,8,9,9,-27.9,920.3,NA,310,51
1999,8,9,12,-25.8,920.9,NA,240,45
1999,8,9,15,-24.8,921.9,NA,230,50
1999,8,9,18,-24.2,923,NA,230,53
1999,8,9,21,-22.3,924.4,NA,240,61
1999,8,10,0,-21.8,925.3,NA,NA,NA
1999,8,10,3,-19.3,925.7,NA,360,36
1999,8,10,6,-18.2,926.1,1,330,31
1999,8,10,9,-18.1,926.7,NA,0,30
1999,8,10,12,-18.8,928.1,NA,250,28
1999,8,10,15,-19.5,930.4,NA,270,29
1999,8,10,18,-18.3,932.3,4,250,29
1999,8,10,21,-18.6,933.6,NA,30,27
1999,8,11,0,-16.7,933,NA,360,24
1999,8,11,3,-21.5,933.2,NA,350,42
1999,8,11,6,-20.9,933.2,NA,30,38
1999,8,11,9,-22.9,934.3,NA,50,49
1999,8,11,12,-23.9,934.6,10,30,66
1999,8,11,15,-20.7,933.9,NA,20,49
1999,8,11,18,-21.1,931.6,NA,20,35
1999,8,11,21,-19,930.2,NA,350,32
1999,8,12,0,NA,928.8,NA,10,20
1999,8,12,3,NA,926.7,NA,350,12
1999,8,12,6,NA,923.5,NA,260,14
1999,8,12,9,NA,921.2,NA,240,17
1999,8,12,12,NA,921.7,NA,260,20
1999,8,12,15,NA,924.2,NA,220,49
1999,8,12,18,NA,925.7,NA,230,57
1999,8,12,21,-19.6,929.1,NA,250,52
1999,8,13,0,-19.6,930,NA,30,48
1999,8,13,3,-18.5,930,NA,20,41
1999,8,13,6,-18.1,928.8,NA,20,40
1999,8,13,9,-17.6,926.7,NA,30,39
1999,8,13,12,-21.5,924.9,NA,20,71
1999,8,13,15,-20.9,922.7,NA,50,75
1999,8,13,18,-21.3,920.8,NA,250,75
1999,8,13,21,-19.8,917.1,NA,220,76
1999,8,14,0,-20,915,NA,230,77
1999,8,14,3,-22.4,916.4,NA,NA,75
1999,8,14,6,-22.5,916.1,NA,NA,73
1999,8,14,9,-23.3,916.3,NA,NA,73
1999,8,14,12,-23.3,917,NA,230,73
1999,8,14,15,-23,917.3,NA,220,73
1999,8,14,18,-24.3,916.3,NA,250,72
1999,8,14,21,-23,915.3,NA,360,73
1999,8,15,0,-25,913.5,NA,240,71
1999,8,15,3,-26.3,911.8,NA,290,70
1999,8,15,6,-25.5,910.2,NA,190,71
1999,8,15,9,-25.3,908.8,NA,290,70
1999,8,15,12,-25.8,907.6,NA,90,70
1999,8,15,15,-26.5,906.6,3,50,68
1999,8,15,18,-26.9,905.6,NA,50,68
1999,8,15,21,-26.8,905.2,NA,50,68
1999,8,16,0,-26.7,905.5,NA,60,68
1999,8,16,3,-26.9,905.4,NA,230,68
1999,8,16,6,-27.3,906.1,5,240,67
1999,8,16,9,-26.5,907.2,NA,0,68
1999,8,16,12,-26.5,908,2,80,68
1999,8,16,15,-27.2,909.2,3,260,68
1999,8,16,18,-26.5,910.5,5,260,68
1999,8,16,21,-27.9,912.2,6,250,67
1999,8,17,0,-27.1,913.9,7,NA,67
1999,8,17,3,-27.6,915.5,8,NA,67
1999,8,17,6,-27.3,917.3,9,NA,66
1999,8,17,9,-28.3,919.4,9,NA,67
1999,8,17,12,-27,921.7,7,260,67
1999,8,17,15,-27.2,923.4,NA,170,67
1999,8,17,18,-27.1,924.4,3,20,68
1999,8,17,21,-26.8,925.9,2,290,67
1999,8,18,0,-27.1,926.9,NA,250,67
1999,8,18,3,-26.6,927.8,5,240,68
1999,8,18,6,-26.4,928.4,4,260,69
1999,8,18,9,-25.9,928.2,5,240,69
1999,8,18,12,-25.8,927.7,NA,0,69
1999,8,18,15,-26.3,926.7,NA,250,69
1999,8,18,18,-25.8,925.8,3,250,69
1999,8,18,21,-25.6,924.5,4,260,70
1999,8,19,0,-23.5,923.5,2,320,70
1999,8,19,3,-23.1,922.5,2,20,65
1999,8,19,6,-23.7,921.8,NA,NA,62
1999,8,19,9,-23.5,921.5,3,50,57
1999,8,19,12,-25,921.6,2,NA,58
1999,8,19,15,-26.2,920.9,4,260,55
1999,8,19,18,-29.7,919.6,NA,250,60
1999,8,19,21,-27.7,919.1,NA,250,64
1999,8,20,0,-30,917.6,NA,240,60
1999,8,20,3,-28.1,917.2,NA,NA,58
1999,8,20,6,-29.3,917.5,15,NA,53
1999,8,20,9,-29.7,917.4,NA,NA,62
1999,8,20,12,-29.7,917.1,NA,NA,62
1999,8,20,15,-28.7,916.8,NA,220,61
1999,8,20,18,-28.8,915.7,NA,220,59
1999,8,20,21,-30.2,915.9,NA,230,54
1999,8,21,0,-30.1,915.4,NA,240,62
1999,8,21,3,-30.2,914.8,NA,230,62
1999,8,21,6,-29.6,915,NA,230,59
1999,8,21,9,-30.4,915.3,NA,230,60
1999,8,21,12,-28.9,916.2,NA,240,60
1999,8,21,15,-31.5,916.6,NA,240,61
1999,8,21,18,-29.7,916.1,NA,240,62
1999,8,21,21,-30.1,917.1,NA,230,53
1999,8,22,0,-28.8,916.6,NA,230,53
1999,8,22,3,-28.9,918.1,30,230,55
1999,8,22,6,-30.5,918.5,NA,240,54
1999,8,22,9,-32.2,919.5,NA,260,60
1999,8,22,12,-30.9,918.9,NA,360,61
1999,8,22,15,-30.1,917.6,NA,NA,54
1999,8,22,18,-31.1,915.6,NA,30,53
1999,8,22,21,-31,914.2,NA,10,48
1999,8,23,0,-30.4,912.8,NA,20,54
1999,8,23,3,-30.6,911.8,NA,350,53
1999,8,23,6,-31.1,911.2,7,30,56
1999,8,23,9,-31.8,911.1,NA,260,57
1999,8,23,12,-32.2,911.5,4,260,60
1999,8,23,15,-31.2,911.9,1,240,47
1999,8,23,18,-31.1,912.5,1,290,50
1999,8,23,21,-31.6,914.3,2,140,48
1999,8,24,0,NA,916.1,NA,0,46
1999,8,24,3,-33.3,919.1,NA,220,52
1999,8,24,6,-33.8,922.3,NA,240,52
1999,8,24,9,-34.1,924.9,NA,240,55
1999,8,24,12,-34.3,928.3,NA,250,44
1999,8,24,15,-34.1,930.6,NA,240,50
1999,8,24,18,-35.2,932.5,NA,0,55
1999,8,24,21,-34.5,934.4,NA,220,51
1999,8,25,0,-34.9,935.7,NA,240,51
1999,8,25,3,-35.3,937,NA,240,48
1999,8,25,6,-35.7,938.1,NA,230,47
1999,8,25,9,-35.3,938.8,15,240,53
1999,8,25,12,-35.2,939.1,NA,230,53
1999,8,25,15,-35.3,941.3,NA,240,55
1999,8,25,18,-35.1,943.1,NA,260,56
1999,8,25,21,-35.6,943.3,NA,40,56
1999,8,26,0,-35.7,943.8,NA,30,56
1999,8,26,3,-35,944.4,NA,300,56
1999,8,26,6,-33.7,943.9,2,240,57
1999,8,26,9,-30.9,943.1,1,NA,44
1999,8,26,12,-29.9,941.3,NA,30,25
1999,8,26,15,-28.8,938.1,NA,50,22
1999,8,26,18,-28.1,934.8,NA,30,22
1999,8,26,21,-24.7,931.2,NA,20,25
1999,8,27,0,NA,927.4,14,30,23
1999,8,27,3,NA,924.2,13,30,28
1999,8,27,6,-28.2,922.3,NA,30,50
1999,8,27,9,-27.9,920.5,NA,10,65
1999,8,27,12,-27.2,919.3,NA,250,67
1999,8,27,15,-27.2,918.6,NA,20,67
1999,8,27,18,-27.1,918.3,NA,50,67
1999,8,27,21,-27.7,918.9,NA,10,66
1999,8,28,0,-27,918.9,1,40,67
1999,8,28,3,-27.9,917.9,NA,220,66
1999,8,28,6,-27.6,918.7,NA,220,67
1999,8,28,9,-29.2,918.9,NA,240,64
1999,8,28,12,-28.5,919.7,NA,230,65
1999,8,28,15,-27.9,917.5,NA,230,66
1999,8,28,18,-26.8,918,NA,230,67
1999,8,28,21,-27.7,919.7,NA,NA,66
1999,8,29,0,-27.7,920.7,NA,NA,67
1999,8,29,3,-27.9,920.2,NA,NA,67
1999,8,29,6,-27.3,920.7,NA,240,67
1999,8,29,9,-27.6,921.4,NA,220,66
1999,8,29,12,-28.7,921.9,33,230,65
1999,8,29,15,-27.5,922.6,NA,240,64
1999,8,29,18,-29.4,922.9,NA,230,64
1999,8,29,21,-28.6,923.5,NA,NA,65
1999,8,30,0,-28,922.2,NA,30,66
1999,8,30,3,-29.2,921.5,NA,0,65
1999,8,30,6,-31.7,921.8,3,260,62
1999,8,30,9,-31.3,922,NA,220,61
1999,8,30,12,-31.9,921.4,NA,230,61
1999,8,30,15,-32.4,922.4,NA,230,60
1999,8,30,18,-33.2,923.8,NA,230,58
1999,8,30,21,-32.9,924.2,NA,NA,59
1999,8,31,0,-29.5,922.8,NA,10,NA
1999,8,31,3,NA,920.8,NA,350,35
1999,8,31,6,-28.9,918.5,NA,0,34
1999,8,31,9,-28.7,916.9,NA,350,36
1999,8,31,12,-29.1,915.7,21,360,34
1999,8,31,15,-29.7,914.7,NA,20,33
1999,8,31,18,-30.4,914.6,NA,360,34
1999,8,31,21,-29.1,914.4,NA,30,37
1999,9,1,0,-27.2,913.5,NA,20,37
1999,9,1,3,-24.8,913.6,NA,10,32
1999,9,1,6,-23.7,912.6,NA,10,28
1999,9,1,9,-26.2,911.9,NA,20,28
1999,9,1,12,NA,912.2,NA,350,42
1999,9,1,15,NA,913.3,NA,240,55
1999,9,1,18,-30.7,914,NA,360,60
1999,9,1,21,-31.3,914.7,NA,210,59
1999,9,2,0,-31,914.9,NA,220,61
1999,9,2,3,-30.7,917.3,NA,230,61
1999,9,2,6,-30,917.9,NA,230,62
1999,9,2,9,-29.8,918.2,NA,230,63
1999,9,2,12,-29.6,918.4,NA,240,63
1999,9,2,15,-29.1,918.1,NA,240,58
1999,9,2,18,-28.1,916.8,NA,240,56
1999,9,2,21,-28,915.1,NA,360,42
1999,9,3,0,-26.8,912.8,NA,280,40
1999,9,3,3,-26.3,909.9,NA,250,34
1999,9,3,6,-24.7,908,5,240,33
1999,9,3,9,-22.8,908,6,240,32
1999,9,3,12,-23.5,908.8,4,60,31
1999,9,3,15,-23.8,910.3,NA,360,34
1999,9,3,18,-28.2,912.1,NA,40,52
1999,9,3,21,-28.6,915.2,NA,240,58
1999,9,4,0,-26.8,918.1,NA,220,58
1999,9,4,3,-29.4,919.7,NA,250,49
1999,9,4,6,-28,920.1,NA,220,63
1999,9,4,9,-29.3,918.3,NA,230,59
1999,9,4,12,-27.5,916.2,NA,240,65
1999,9,4,15,-26.9,915.1,NA,240,66
1999,9,4,18,-26.5,916.5,NA,230,68
1999,9,4,21,-26.6,919.3,52,230,67
1999,9,5,0,-26,919.5,NA,230,68
1999,9,5,3,-25.4,919.2,NA,250,69
1999,9,5,6,-25.5,919.5,53,240,69
1999,9,5,9,-25.5,918.9,54,230,69
1999,9,5,12,-25.2,918.7,53,230,70
1999,9,5,15,-24.4,916.5,54,NA,70
1999,9,5,18,-25.2,916.1,54,NA,69
1999,9,5,21,-24.2,914,56,NA,68
1999,9,6,0,-24.3,913.6,NA,NA,68
1999,9,6,3,-24.7,913.6,NA,NA,67
1999,9,6,6,-23.9,911.7,NA,NA,65
1999,9,6,9,-24.8,911.9,NA,NA,70
1999,9,6,12,-23.9,913,NA,NA,71
1999,9,6,15,-23,913.3,57,NA,71
1999,9,6,18,-21.9,916.8,56,230,63
1999,9,6,21,-21.9,922.4,NA,230,62
1999,9,7,0,-20.8,925.1,NA,240,62
1999,9,7,3,-20.3,927.8,NA,230,61
1999,9,7,6,-21.3,929,NA,240,64
1999,9,7,9,-20.4,930,NA,350,52
1999,9,7,12,-20.9,929.1,NA,60,70
1999,9,7,15,-21.7,928.1,NA,30,74
1999,9,7,18,-21.9,927,NA,10,74
1999,9,7,21,-21.3,926.8,NA,50,75
1999,9,8,0,-21.9,926.6,NA,250,75
1999,9,8,3,-24.3,925.9,NA,260,73
1999,9,8,6,-25.3,926.2,NA,230,71
1999,9,8,9,-24.7,925.7,NA,240,71
1999,9,8,12,-24.7,925.7,22,220,71
1999,9,8,15,-23.2,925.2,22,230,73
1999,9,8,18,-23,924.3,NA,220,73
1999,9,8,21,-23.6,925.1,NA,230,70
1999,9,9,0,-23.4,925.2,NA,220,66
1999,9,9,3,-23.7,925.9,NA,220,51
1999,9,9,6,-24.1,925.6,NA,230,68
1999,9,9,9,-22.6,924.9,NA,240,72
1999,9,9,12,-22.6,923.9,NA,240,53
1999,9,9,15,-23.3,924,NA,240,53
1999,9,9,18,-23.9,923.5,NA,260,66
1999,9,9,21,-23,922.2,18,250,56
1999,9,10,0,-21.1,921.9,NA,230,42
1999,9,10,3,-20.7,919.6,NA,240,51
1999,9,10,6,-20.4,919.1,NA,230,45
1999,9,10,9,-20.1,917.4,NA,230,45
1999,9,10,12,-20,915.4,NA,250,45
1999,9,10,15,-19.7,913.3,NA,220,44
1999,9,10,18,-18.5,910.5,NA,240,46
1999,9,10,21,-18,910.9,NA,250,49
1999,9,11,0,-17.6,906.6,NA,240,56
1999,9,11,3,-15.8,905.1,NA,240,69
1999,9,11,6,-14.3,902,NA,240,69
1999,9,11,9,-12.6,898.7,NA,250,82
1999,9,11,12,-12.1,901.6,NA,250,86
1999,9,11,15,-11,902.1,NA,240,87
1999,9,11,18,-10.6,905.4,53,240,88
1999,9,11,21,-10.7,909.2,NA,230,88
1999,9,12,0,-11.4,913.1,NA,250,87
1999,9,12,3,-12,916.5,NA,220,87
1999,9,12,6,-15,920.8,NA,170,84
1999,9,12,9,-13.7,920.7,NA,210,84
1999,9,12,12,-13.1,920.7,NA,230,86
1999,9,12,15,-12.9,919.8,NA,250,86
1999,9,12,18,-13.7,918.4,NA,240,86
1999,9,12,21,-12.9,921.2,NA,230,86
1999,9,13,0,-11.9,919.3,NA,240,87
1999,9,13,3,-11,921.6,NA,250,84
1999,9,13,6,-12.4,924.5,NA,220,87
1999,9,13,9,-13.1,925.6,NA,240,86
1999,9,13,12,-12.7,926.3,NA,240,86
1999,9,13,15,-14,927.2,NA,230,85
1999,9,13,18,-15.1,928,NA,230,84
1999,9,13,21,-14.4,927.2,NA,230,80
1999,9,14,0,-13.7,933.5,NA,240,73
1999,9,14,3,-13.9,935.2,NA,220,84
1999,9,14,6,-15.3,938,NA,250,82
1999,9,14,9,-17,940,NA,230,82
1999,9,14,12,-17.2,942,NA,260,82
1999,9,14,15,-16,942.6,NA,10,63
1999,9,14,18,-18.6,943.3,NA,30,76
1999,9,14,21,-17.7,943.5,NA,10,69
1999,9,15,0,-18.9,942.7,NA,0,73
1999,9,15,3,-17.9,941.1,NA,240,72
1999,9,15,6,-16.9,939.4,NA,280,75
1999,9,15,9,-17.9,937.1,NA,40,72
1999,9,15,12,-16.6,934.4,NA,20,58
1999,9,15,15,NA,931.5,NA,10,44
1999,9,15,18,-13.4,928.6,6,30,44
1999,9,15,21,-15.4,927.4,4,250,42
1999,9,16,0,-16.6,926.8,NA,240,77
1999,9,16,3,NA,925.9,NA,250,77
1999,9,16,6,-18.4,926.9,NA,190,79
1999,9,16,9,-19.7,925.4,NA,240,78
1999,9,16,12,-19.9,924.7,NA,240,78
1999,9,16,15,-21,924,NA,270,77
1999,9,16,18,-20.9,922.5,NA,270,77
1999,9,16,21,-21,921,NA,240,77
1999,9,17,0,-22.1,920.7,NA,240,76
1999,9,17,3,-21.4,922.3,NA,230,76
1999,9,17,6,-22.5,923.8,NA,240,75
1999,9,17,9,-22.4,926.1,5,240,75
1999,9,17,12,-22.2,926.4,NA,230,76
1999,9,17,15,-22.1,931.7,NA,250,75
1999,9,17,18,-22.6,933.8,NA,240,75
1999,9,17,21,-23,935.4,NA,270,74
1999,9,18,0,-22.5,936.3,NA,50,75
1999,9,18,3,-23.9,936.6,4,260,73
1999,9,18,6,-24.2,936.9,2,240,72
1999,9,18,9,-23.3,936.6,1,310,73
1999,9,18,12,-24.2,935.5,NA,240,73
1999,9,18,15,-23.8,934.9,NA,NA,73
1999,9,18,18,-24.2,933.9,NA,NA,72
1999,9,18,21,-24.7,933.1,NA,NA,72
1999,9,19,0,-24,932.3,NA,230,73
1999,9,19,3,-23.9,932.5,23,240,73
1999,9,19,6,-23.6,932.3,NA,240,73
1999,9,19,9,-23.9,931.6,NA,240,73
1999,9,19,12,-23.8,931.7,NA,250,73
1999,9,19,15,-23.8,930.9,NA,260,73
1999,9,19,18,-24.2,929.9,NA,260,72
1999,9,19,21,-24.2,928.8,10,260,72
1999,9,20,0,-24.2,927.7,11,270,73
1999,9,20,3,-23.9,926.4,NA,240,73
1999,9,20,6,-23.7,925.1,NA,230,73
1999,9,20,9,-23.9,923.4,NA,240,73
1999,9,20,12,-23.6,922.7,NA,250,73
1999,9,20,15,-23.2,921.8,18,250,74
1999,9,20,18,-23.3,920.8,20,240,74
1999,9,20,21,-23.3,919.1,17,240,74
1999,9,21,0,-22.8,918.2,NA,240,74
1999,9,21,3,-22.8,917.6,NA,250,74
1999,9,21,6,-22.5,916.6,22,220,75
1999,9,21,9,-23.1,916,23,230,74
1999,9,21,12,-22.4,915.8,NA,230,75
1999,9,21,15,-22.4,917.2,NA,230,75
1999,9,21,18,-22.5,916.9,26,240,75
1999,9,21,21,-23.7,918.7,NA,220,74
1999,9,22,0,-23.8,919.8,NA,200,73
1999,9,22,3,-23.5,920.2,NA,190,73
1999,9,22,6,-25.6,920,NA,0,71
1999,9,22,9,-24.3,919.7,4,360,72
1999,9,22,12,-25,919.4,3,330,71
1999,9,22,15,-25.2,918.6,NA,NA,71
1999,9,22,18,-24.6,917.8,4,270,72
1999,9,22,21,-24.2,917.4,3,260,73
1999,9,23,0,-22.9,916.9,NA,NA,74
1999,9,23,3,-23.5,915.9,NA,20,73
1999,9,23,6,-23.8,915.2,NA,240,71
1999,9,23,9,-23.7,914.7,5,270,70
1999,9,23,12,-23.4,914,2,260,67
1999,9,23,15,-23.7,912.3,4,10,65
1999,9,23,18,-24.9,910.6,4,270,61
1999,9,23,21,-23.2,909.6,1,50,65
1999,9,24,0,-23.4,908.7,3,260,59
1999,9,24,3,-23.5,908.3,3,260,55
1999,9,24,6,-23.3,907.4,NA,0,53
1999,9,24,9,-24.8,907,1,30,48
1999,9,24,12,-24.5,906,4,50,46
1999,9,24,15,-24.5,905,NA,30,48
1999,9,24,18,-25.6,904.6,NA,350,46
1999,9,24,21,-25.4,905.4,NA,350,47
1999,9,25,0,-23.9,906.4,NA,260,46
1999,9,25,3,-24.4,907,NA,NA,53
1999,9,25,6,-25.1,907.6,1,NA,49
1999,9,25,9,-25.5,908.2,2,260,51
1999,9,25,12,-24.7,908.6,NA,NA,46
1999,9,25,15,-24.8,908.8,NA,NA,47
1999,9,25,18,-23.8,909.1,3,270,41
1999,9,25,21,-23.8,909.7,3,260,40
1999,9,26,0,-22,910.3,3,100,37
1999,9,26,3,-20.6,909.7,NA,0,35
1999,9,26,6,-22.4,910,3,260,45
1999,9,26,9,-21.3,910.3,2,270,45
1999,9,26,12,-22.3,910.2,NA,220,51
1999,9,26,15,-20.9,909.5,NA,230,69
1999,9,26,18,-21.2,909.9,NA,230,76
1999,9,26,21,-19.8,909.7,NA,240,65
1999,9,27,0,-23.3,911,NA,230,74
1999,9,27,3,-24.1,910.1,NA,NA,72
1999,9,27,6,-22.5,910,NA,NA,74
1999,9,27,9,-22.5,910.2,19,NA,74
1999,9,27,12,-22,909.6,NA,240,75
1999,9,27,15,-22.6,910.5,NA,230,70
1999,9,27,18,-23.8,910.5,NA,220,73
1999,9,27,21,-24.2,911.2,NA,230,72
1999,9,28,0,-24.2,912.1,NA,240,72
1999,9,28,3,-24.1,912.9,NA,250,72
1999,9,28,6,-23.3,913.1,NA,350,73
1999,9,28,9,-22.9,913.5,1,10,73
1999,9,28,12,-22.1,913.8,NA,30,68
1999,9,28,15,-21.9,913.2,2,350,56
1999,9,28,18,-21.8,913.2,5,290,35
1999,9,28,21,-21.4,914.1,2,260,44
1999,9,29,0,-20.9,914.1,1,270,36
1999,9,29,3,-20,914.1,NA,240,43
1999,9,29,6,-21.9,913.7,NA,230,49
1999,9,29,9,-21.3,914.9,NA,250,73
1999,9,29,12,-22.5,915.2,NA,220,73
1999,9,29,15,-21.8,913.1,NA,230,74
1999,9,29,18,-22.9,917.8,NA,220,73
1999,9,29,21,-22.6,918.1,NA,160,74
1999,9,30,0,-21.5,917.7,NA,210,75
1999,9,30,3,-21.2,916.9,NA,50,76
1999,9,30,6,-21.2,916.3,NA,240,76
1999,9,30,9,-19.5,915.8,NA,320,68
1999,9,30,12,-18.7,914.3,NA,340,41
1999,9,30,15,-16.6,913.4,NA,0,34
1999,9,30,18,-17.3,913,NA,20,31
1999,9,30,21,NA,913.6,NA,270,47
1999,10,1,0,NA,914.7,NA,70,73
1999,10,1,3,-23.5,914.6,NA,70,73
1999,10,1,6,-25,914.4,NA,100,72
1999,10,1,9,-25.7,914.4,NA,90,70
1999,10,1,12,-26.1,914.2,NA,NA,69
1999,10,1,15,-25.7,913.2,2,260,70
1999,10,1,18,-26,912.6,NA,NA,70
1999,10,1,21,-23.4,911.7,NA,30,67
1999,10,2,0,-21.9,911.2,NA,0,50
1999,10,2,3,-21.5,910,NA,250,45
1999,10,2,6,-21.7,909,4,320,45
1999,10,2,9,-21.4,908,4,360,54
1999,10,2,12,-21.2,905.9,6,340,53
1999,10,2,15,-21,903.2,3,10,50
1999,10,2,18,-23.1,900.7,NA,20,42
1999,10,2,21,-23,899.4,NA,50,40
1999,10,3,0,-23.3,898.4,NA,40,NA
1999,10,3,3,-22.9,897.9,NA,90,73
1999,10,3,6,-23.6,897.2,NA,240,72
1999,10,3,9,-24,896.8,NA,250,72
1999,10,3,12,-23.8,896,NA,320,72
1999,10,3,15,-24.2,895.4,NA,360,70
1999,10,3,18,-26.1,895.6,NA,270,70
1999,10,3,21,-24.3,895.5,NA,250,71
1999,10,4,0,-23.2,895.3,NA,350,73
1999,10,4,3,-23.5,894.7,5,30,72
1999,10,4,6,-24.3,894,NA,20,72
1999,10,4,9,-26,893.3,NA,0,69
1999,10,4,12,-26.7,892.5,NA,10,69
1999,10,4,15,-24.9,892.6,NA,50,71
1999,10,4,18,-24.8,893.7,NA,350,71
1999,10,4,21,-25.6,895.7,NA,240,70
1999,10,5,0,-28.5,898.3,NA,230,66
1999,10,5,3,-26.1,902.2,NA,220,69
1999,10,5,6,-24.1,906.5,19,230,72
1999,10,5,9,-23.4,909,NA,230,73
1999,10,5,12,-22.5,910.7,NA,270,58
1999,10,5,15,-22.4,912.6,NA,260,58
1999,10,5,18,-22.8,913.4,NA,220,60
1999,10,5,21,-23.7,913.6,NA,220,71
1999,10,6,0,-24.8,912.4,NA,240,71
1999,10,6,3,-24.2,910.9,NA,260,72
1999,10,6,6,-23.9,908,NA,250,72
1999,10,6,9,-25.8,904.2,5,50,63
1999,10,6,12,-25.3,900,4,250,46
1999,10,6,15,-23,896,3,290,35
1999,10,6,18,-23,893.2,2,210,27
1999,10,6,21,-23.5,891.5,2,10,55
1999,10,7,0,-23.8,891.2,1,40,58
1999,10,7,3,-26.6,891.3,NA,270,56
1999,10,7,6,-27.2,892.3,NA,230,67
1999,10,7,9,-26.1,894.1,NA,150,69
1999,10,7,12,-25.4,895.9,NA,80,70
1999,10,7,15,-26.6,897.2,NA,240,69
1999,10,7,18,-27.6,899.4,NA,250,67
1999,10,7,21,-26.8,900.7,18,240,68
1999,10,8,0,-26.5,901.9,15,250,69
1999,10,8,3,-26.4,902.2,NA,230,69
1999,10,8,6,-25.6,903.1,11,NA,70
1999,10,8,9,-25.2,904.4,NA,NA,70
1999,10,8,12,-25.4,905.7,8,NA,70
1999,10,8,15,-24.7,906.7,10,240,71
1999,10,8,18,-24.9,907.9,NA,250,71
1999,10,8,21,-24.1,908.8,NA,280,72
1999,10,9,0,-23.5,908.6,5,340,73
1999,10,9,3,-22.9,907.7,5,340,70
1999,10,9,6,-21.8,906.8,3,230,71
1999,10,9,9,-20.8,906.1,2,270,72
1999,10,9,12,-21,905.2,4,230,76
1999,10,9,15,-20.5,904.5,NA,220,76
1999,10,9,18,-19.1,904,NA,230,78
1999,10,9,21,-19.7,904,NA,220,78
1999,10,10,0,-19,904.1,NA,90,78
1999,10,10,3,-19.7,902.9,NA,230,78
1999,10,10,6,-18.9,902.4,NA,220,78
1999,10,10,9,-18.8,899.3,NA,240,79
1999,10,10,12,-19.7,902.3,NA,200,78
1999,10,10,15,-20.2,901.6,NA,270,78
1999,10,10,18,-18.3,899.9,NA,250,79
1999,10,10,21,-16.6,899,NA,70,53
1999,10,11,0,-18.1,898.4,NA,270,54
1999,10,11,3,-18,897.6,NA,250,58
1999,10,11,6,-16.9,897.8,NA,360,41
1999,10,11,9,-16.8,898,NA,260,36
1999,10,11,12,-16.7,898.5,NA,250,47
1999,10,11,15,-17.6,897.7,NA,240,80
1999,10,11,18,-20,901.1,NA,230,73
1999,10,11,21,-18.5,901.6,NA,240,78
1999,10,12,0,-19.1,904.7,NA,240,78
1999,10,12,3,-17.2,904.6,NA,0,80
1999,10,12,6,-17.4,904.7,NA,230,73
1999,10,12,9,-16.4,905.2,NA,240,69
1999,10,12,12,-16.7,905.5,NA,230,78
1999,10,12,15,-16.3,905.9,NA,160,80
1999,10,12,18,-17.2,906.3,NA,340,81
1999,10,12,21,-17.9,906.6,NA,0,80
1999,10,13,0,-16.7,906.9,1,220,62
1999,10,13,3,-16,906.8,4,10,57
1999,10,13,6,-16,907.1,3,260,58
1999,10,13,9,-19.5,907.9,NA,250,61
1999,10,13,12,NA,907.6,NA,230,73
1999,10,13,15,-23.3,908.2,NA,240,73
1999,10,13,18,-23,910,NA,230,72
1999,10,13,21,-20.8,910.4,NA,350,60
1999,10,14,0,-20.4,911.7,NA,360,54
1999,10,14,3,-19.2,914,NA,290,44
1999,10,14,6,-19.3,914.7,NA,350,44
1999,10,14,9,-18.6,916.7,NA,0,40
1999,10,14,12,-17.4,918.1,NA,310,28
1999,10,14,15,-18.8,918.1,NA,230,43
1999,10,14,18,-16.3,921,NA,320,45
1999,10,14,21,NA,921.9,NA,230,30
1999,10,15,0,NA,923.9,5,270,22
1999,10,15,3,-11.3,925.8,NA,260,22
1999,10,15,6,-11.5,927.8,NA,240,27
1999,10,15,9,-9.6,928.5,NA,260,28
1999,10,15,12,-7.9,927.3,NA,200,25
1999,10,15,15,-5.9,925.2,NA,360,18
1999,10,15,18,-4.9,920,NA,40,16
1999,10,15,21,-3.9,916.6,NA,260,15
1999,10,16,0,-2.3,914.8,8,240,18
1999,10,16,3,-0.6,912.9,NA,200,20
1999,10,16,6,-2.6,911.7,NA,20,24
1999,10,16,9,-4.3,911,3,50,30
1999,10,16,12,-7.5,912,NA,270,36
1999,10,16,15,-8.7,911.5,NA,230,42
1999,10,16,18,NA,910.6,NA,NA,77
1999,10,16,21,NA,910.6,NA,NA,82
1999,10,17,0,-16.7,910.5,NA,NA,81
1999,10,17,3,-17.5,911.3,NA,240,81
1999,10,17,6,-17.7,912.3,NA,230,80
1999,10,17,9,-17.5,914.8,41,240,79
1999,10,17,12,-18.1,917,NA,230,80
1999,10,17,15,-17.1,917.1,NA,230,75
1999,10,17,18,NA,915.7,NA,NA,51
1999,10,17,21,-12.7,914.4,NA,NA,57
1999,10,18,0,-13.3,916.9,NA,NA,60
1999,10,18,3,-13.6,915.6,NA,230,58
1999,10,18,6,-13.8,917.2,NA,220,49
1999,10,18,9,-14.9,917.8,NA,230,59
1999,10,18,12,-12.7,917.5,NA,210,42
1999,10,18,15,-13.3,916.8,NA,240,39
1999,10,18,18,-12.8,916.1,NA,200,38
1999,10,18,21,-12.7,914.7,NA,20,47
1999,10,19,0,-12.6,912.5,NA,30,47
1999,10,19,3,-11.4,910.6,NA,20,36
1999,10,19,6,-13.3,909.3,NA,360,38
1999,10,19,9,-13.5,909.4,NA,260,37
1999,10,19,12,-16.8,908.9,NA,230,51
1999,10,19,15,-16.8,908.8,NA,250,73
1999,10,19,18,-16.3,908.6,NA,350,53
1999,10,19,21,-15.2,909,NA,340,43
1999,10,20,0,-14,910,NA,200,38
1999,10,20,3,-14.1,911.1,NA,220,39
1999,10,20,6,-13.9,912.7,NA,240,36
1999,10,20,9,-12.2,913.7,NA,240,33
1999,10,20,12,-16,916.2,NA,230,57
1999,10,20,15,-16.8,919.2,NA,230,61
1999,10,20,18,-14.9,920.4,NA,210,45
1999,10,20,21,-14.5,921.5,NA,30,51
1999,10,21,0,-12.2,922.1,1,260,46
1999,10,21,3,-10.7,922.2,1,250,36
1999,10,21,6,-12.3,922,NA,20,32
1999,10,21,9,-11,920.9,NA,10,31
1999,10,21,12,-8.4,919.5,NA,360,25
1999,10,21,15,-9.6,917,NA,260,21
1999,10,21,18,-8.3,914.6,NA,330,22
1999,10,21,21,-9.2,912.7,4,280,26
1999,10,22,0,-8,911,3,360,30
1999,10,22,3,-8.1,909.9,4,260,25
1999,10,22,6,-9.1,909.2,NA,240,27
1999,10,22,9,NA,909.1,NA,250,43
1999,10,22,12,NA,908.6,NA,240,59
1999,10,22,15,-16.8,907.1,NA,240,67
1999,10,22,18,-16.7,903.8,NA,230,71
1999,10,22,21,-17,902.3,NA,NA,70
1999,10,23,0,-17.2,901.7,NA,NA,78
1999,10,23,3,-17.7,901.2,NA,NA,78
1999,10,23,6,-16.6,902.9,NA,240,70
1999,10,23,9,-17.5,904.5,NA,230,69
1999,10,23,12,-17.8,906.2,NA,240,73
1999,10,23,15,-17.3,907.1,NA,230,73
1999,10,23,18,-17.9,908.5,NA,230,68
1999,10,23,21,-17.9,909.2,NA,240,70
1999,10,24,0,-17,909.3,NA,240,64
1999,10,24,3,-17.1,909.5,NA,220,67
1999,10,24,6,-18.3,909.4,13,240,71
1999,10,24,9,-19.2,909.2,NA,230,78
1999,10,24,12,-19.6,909.1,NA,230,77
1999,10,24,15,-19.1,909.1,NA,20,66
1999,10,24,18,-19.5,907.3,NA,10,70
1999,10,24,21,-18.3,905.8,NA,60,75
1999,10,25,0,-17.6,905,NA,280,77
1999,10,25,3,-17.3,904.1,NA,70,79
1999,10,25,6,-17.2,903.5,NA,220,80
1999,10,25,9,-17.3,902.9,NA,60,80
1999,10,25,12,-18,901.8,3,60,80
1999,10,25,15,-18.5,900.6,NA,360,79
1999,10,25,18,-18,900.1,3,30,80
1999,10,25,21,-17.3,900.3,NA,240,80
1999,10,26,0,-20.6,901.4,NA,260,77
1999,10,26,3,-19.9,903,NA,240,78
1999,10,26,6,-18.3,905.2,8,250,79
1999,10,26,9,-19.5,907.4,8,230,78
1999,10,26,12,-18.9,909,NA,40,78
1999,10,26,15,-18.3,909.3,4,60,79
1999,10,26,18,-19.2,909.9,NA,NA,78
1999,10,26,21,-18.3,910.2,1,260,80
1999,10,27,0,-15.7,910.3,1,70,82
1999,10,27,3,-17.1,909.7,4,30,81
1999,10,27,6,-17.5,908.7,5,50,81
1999,10,27,9,-16.4,907.3,NA,30,81
1999,10,27,12,-17.7,906.6,NA,240,81
1999,10,27,15,-21,904.8,NA,NA,76
1999,10,27,18,-19,904.9,NA,NA,78
1999,10,27,21,-17.8,904.7,NA,NA,80
1999,10,28,0,-18.4,903.4,NA,220,79
1999,10,28,3,-18.3,901.6,NA,230,80
1999,10,28,6,-18.1,899.3,NA,220,80
1999,10,28,9,-18.1,898.5,NA,230,80
1999,10,28,12,-17.6,898.9,NA,230,77
1999,10,28,15,-17.7,899.8,45,240,78
1999,10,28,18,-17.8,899.9,NA,250,80
1999,10,28,21,-17,902.3,NA,240,74
1999,10,29,0,-16.9,905.5,NA,240,80
1999,10,29,3,-16.8,907.3,NA,230,81
1999,10,29,6,-16.8,908.2,NA,290,76
1999,10,29,9,-17.1,906.8,NA,50,73
1999,10,29,12,-17.4,904.7,NA,20,77
1999,10,29,15,-17.4,902.3,NA,0,73
1999,10,29,18,-17.8,899.9,NA,270,76
1999,10,29,21,-17.5,898,9,240,80
1999,10,30,0,-16.7,896.8,NA,250,81
1999,10,30,3,-15.5,895.5,NA,150,82
1999,10,30,6,-14.9,894.6,NA,200,51
1999,10,30,9,-14.7,893.6,2,340,45
1999,10,30,12,-17.4,892.5,NA,10,45
1999,10,30,15,-16.6,891.6,NA,20,53
1999,10,30,18,-16.3,891.2,NA,270,38
1999,10,30,21,-14.6,891.3,NA,120,54
1999,10,31,0,-15.3,891.9,3,50,58
1999,10,31,3,-14.7,892.8,2,350,51
1999,10,31,6,-14.9,894.3,2,50,67
1999,10,31,9,-15.7,896.3,NA,30,81
1999,10,31,12,-16.3,897.5,4,20,82
1999,10,31,15,-16.2,898.4,NA,30,81
1999,10,31,18,-15.8,899.1,3,30,82
1999,10,31,21,-16.8,898.9,NA,230,82
1999,11,1,0,-18.3,898.7,NA,230,NA
1999,11,1,3,-19.1,898.6,NA,240,78
1999,11,1,6,-17.4,898.6,NA,230,81
1999,11,1,9,-16.1,899.5,NA,220,74
1999,11,1,12,-16.6,897.1,NA,240,81
1999,11,1,15,-17.4,896.6,NA,240,81
1999,11,1,18,-17.3,897.7,50,230,81
1999,11,1,21,-17.9,898.4,NA,230,80
1999,11,2,0,-17.5,897.8,NA,240,81
1999,11,2,3,-17.1,899,NA,230,79
1999,11,2,6,-17.1,896.6,NA,240,70
1999,11,2,9,-17.3,897.6,NA,240,65
1999,11,2,12,-16.8,897.7,NA,250,78
1999,11,2,15,-15.5,895.2,NA,NA,57
1999,11,2,18,-16,896.1,NA,NA,75
1999,11,2,21,-15.9,897.4,NA,NA,68
1999,11,3,0,-15.7,897.7,NA,240,58
1999,11,3,3,-15.1,896.5,NA,60,54
1999,11,3,6,-15.6,893.7,NA,40,60
1999,11,3,9,-16.1,892,NA,20,66
1999,11,3,12,-17.6,891.5,NA,360,73
1999,11,3,15,-15.9,891.2,NA,360,64
1999,11,3,18,-16.1,891.7,NA,250,62
1999,11,3,21,-15.7,892.5,3,210,74
1999,11,4,0,-15.6,894,NA,240,63
1999,11,4,3,-15.9,895.4,4,20,72
1999,11,4,6,-16.7,897.1,NA,50,81
1999,11,4,9,-16.7,898.8,4,110,81
1999,11,4,12,-16.8,900.2,5,200,81
1999,11,4,15,-16.7,901.4,6,270,76
1999,11,4,18,-17.2,902.4,6,260,79
1999,11,4,21,-13.9,903.2,4,30,65
1999,11,5,0,-14.9,904.3,2,50,58
1999,11,5,3,-14.3,905,6,340,57
1999,11,5,6,-12.6,906,NA,0,33
1999,11,5,9,-13,907.2,2,230,23
1999,11,5,12,-12,908.2,NA,260,33
1999,11,5,15,-12.1,909.2,NA,240,27
1999,11,5,18,-9.2,910.5,NA,250,52
1999,11,5,21,-9.9,911.9,17,230,62
1999,11,6,0,-9.8,913.1,NA,230,65
1999,11,6,3,-8.8,915.4,NA,240,77
1999,11,6,6,-9.4,916.2,NA,230,67
1999,11,6,9,-6.9,916.4,4,240,52
1999,11,6,12,-6.8,916.4,5,250,43
1999,11,6,15,-7.1,916.2,7,240,45
1999,11,6,18,-6.5,915.2,NA,230,42
1999,11,6,21,-10.5,913.6,NA,240,79
1999,11,7,0,-9.7,914,NA,240,79
1999,11,7,3,-10.4,913.9,NA,230,79
1999,11,7,6,-9.2,913.8,NA,240,80
1999,11,7,9,-8.8,916.7,NA,230,77
1999,11,7,12,-8.2,919.2,NA,230,81
1999,11,7,15,-9.2,918.9,NA,240,80
1999,11,7,18,-7.5,922.2,NA,250,75
1999,11,7,21,-6.2,923.8,40,240,69
1999,11,8,0,-5.8,926.4,NA,250,64
1999,11,8,3,-5.7,927.8,NA,240,58
1999,11,8,6,-4.6,927.6,NA,240,47
1999,11,8,9,-3.6,927.4,NA,240,37
1999,11,8,12,-4.5,930.8,NA,260,41
1999,11,8,15,-5.5,929.3,NA,260,30
1999,11,8,18,-4.8,927.6,NA,250,30
1999,11,8,21,-6.3,925.6,NA,70,44
1999,11,9,0,-5,924.2,NA,70,36
1999,11,9,3,-4.1,923.5,NA,290,33
1999,11,9,6,-6.8,923.1,NA,230,49
1999,11,9,9,NA,923.3,NA,220,68
1999,11,9,12,-10.9,923.8,NA,240,51
1999,11,9,15,-10.2,923.8,NA,240,49
1999,11,9,18,-9.7,924.1,NA,230,48
1999,11,9,21,-9.1,923.9,10,240,47
1999,11,10,0,-8,923.5,8,240,43
1999,11,10,3,-9.7,922.3,NA,240,51
1999,11,10,6,-9.1,922.3,NA,230,48
1999,11,10,9,-7.8,920.4,NA,NA,37
1999,11,10,12,-9.7,918.6,NA,NA,52
1999,11,10,15,-10.2,920.1,NA,NA,78
1999,11,10,18,-10.3,919.1,NA,NA,78
1999,11,10,21,-10.6,922.4,NA,NA,78
1999,11,11,0,-9.1,920.8,NA,NA,71
1999,11,11,3,-7.8,920.2,NA,NA,60
1999,11,11,6,-8.5,921.6,NA,NA,63
1999,11,11,9,-7.4,920.9,NA,NA,51
1999,11,11,12,-7.6,921.2,NA,260,40
1999,11,11,15,-6.3,919.6,NA,330,32
1999,11,11,18,-7.5,918.3,NA,10,36
1999,11,11,21,-9.7,917.9,NA,260,51
1999,11,12,0,-10.7,917.5,NA,240,54
1999,11,12,3,-10.2,916.2,NA,240,54
1999,11,12,6,-8.8,915.6,NA,250,45
1999,11,12,9,-7.7,915.8,NA,250,43
1999,11,12,12,-6.7,913.3,NA,250,44
1999,11,12,15,-7.1,911.9,NA,240,51
1999,11,12,18,-8.5,913.9,NA,NA,80
1999,11,12,21,-8.5,911.5,NA,NA,80
1999,11,13,0,-8.7,913.4,NA,NA,80
1999,11,13,3,-9.4,915.2,NA,220,80
1999,11,13,6,-10.4,916.2,NA,210,79
1999,11,13,9,-10.9,918.3,NA,210,78
1999,11,13,12,-10.9,918.8,NA,290,78
1999,11,13,15,-10,917.8,NA,NA,79
1999,11,13,18,-9.7,914.7,NA,240,80
1999,11,13,21,-10.6,916.8,NA,210,79
1999,11,14,0,-8.6,916.9,NA,220,80
1999,11,14,3,-8.4,916,NA,200,81
1999,11,14,6,-8.5,915.5,4,200,81
1999,11,14,9,-7.9,913.6,NA,240,81
1999,11,14,12,-8.7,913.9,NA,230,81
1999,11,14,15,-6.9,913.5,NA,240,61
1999,11,14,18,-6.7,913.5,NA,250,65
1999,11,14,21,-6,914.5,NA,240,72
1999,11,15,0,-6.3,914.9,NA,240,55
1999,11,15,3,-6,913.6,NA,240,41
1999,11,15,6,-5.2,914.1,NA,230,39
1999,11,15,9,-9.8,914.3,NA,260,58
1999,11,15,12,-6.1,914.2,NA,250,38
1999,11,15,15,-7.3,913,NA,10,35
1999,11,15,18,-6.6,912.8,NA,40,39
1999,11,15,21,-6,912.3,NA,30,28
1999,11,16,0,NA,912,NA,350,33
1999,11,16,3,-6.4,912.5,NA,80,58
1999,11,16,6,NA,913.1,NA,60,72
1999,11,16,9,-9.1,913.8,NA,60,75
1999,11,16,12,-11.1,913.9,NA,240,79
1999,11,16,15,-12.4,913.9,5,280,67
1999,11,16,18,NA,914.2,3,230,48
1999,11,16,21,NA,915,3,200,36
1999,11,17,0,NA,915,NA,220,46
1999,11,17,3,NA,915.1,NA,230,54
1999,11,17,6,NA,915.1,NA,80,44
1999,11,17,9,NA,914.6,5,230,63
1999,11,17,12,-11.6,914,NA,240,77
1999,11,17,15,-12.6,913.7,NA,240,76
1999,11,17,18,-10.4,914.2,14,230,57
1999,11,17,21,-11.1,914,NA,230,61
1999,11,18,0,-10.5,913,NA,240,60
1999,11,18,3,-10.4,913.1,NA,240,55
1999,11,18,6,-10.2,914.4,NA,230,60
1999,11,18,9,-10.1,915.6,NA,240,64
1999,11,18,12,-12.6,915.9,NA,220,74
1999,11,18,15,-12.8,915,NA,230,75
1999,11,18,18,-12.9,914.9,NA,230,72
1999,11,18,21,-11.4,914.8,NA,220,58
1999,11,19,0,-10.9,914.4,NA,240,57
1999,11,19,3,-11,914.5,NA,240,57
1999,11,19,6,-11.9,914.4,NA,280,64
1999,11,19,9,-12.4,914.4,NA,270,76
1999,11,19,12,-12.7,914.4,3,220,76
1999,11,19,15,-12.2,914,NA,320,72
1999,11,19,18,-10.6,913.7,6,360,51
1999,11,19,21,NA,913.5,4,140,28
1999,11,20,0,-7.5,913.6,3,130,40
1999,11,20,3,-7.5,913.2,3,90,43
1999,11,20,6,-6.2,912.6,3,110,53
1999,11,20,9,NA,912.1,2,20,47
1999,11,20,12,NA,911.3,1,210,74
1999,11,20,15,-13.2,910.1,2,40,75
1999,11,20,18,-10.4,909.2,2,40,49
1999,11,20,21,NA,908.7,1,160,43
1999,11,21,0,-6.6,908.7,2,110,43
1999,11,21,3,NA,908.7,1,110,33
1999,11,21,6,NA,908.8,NA,240,57
1999,11,21,9,NA,908.9,NA,240,75
1999,11,21,12,-13.5,908.9,10,250,67
1999,11,21,15,-11.6,908.6,NA,260,40
1999,11,21,18,-11.2,908.3,NA,10,41
1999,11,21,21,-9.2,908.3,4,40,39
1999,11,22,0,NA,908.6,2,30,37
1999,11,22,3,-5.4,909.1,1,130,28
1999,11,22,6,NA,909.9,4,250,50
1999,11,22,9,NA,910.6,NA,240,67
1999,11,22,12,-12.6,912,NA,220,75
1999,11,22,15,-11.6,912.8,NA,10,77
1999,11,22,18,-12,913.9,NA,230,68
1999,11,22,21,-11.9,915.4,NA,230,60
1999,11,23,0,NA,916.8,NA,130,40
1999,11,23,3,-7.6,917.2,NA,340,34
1999,11,23,6,-7.9,917.6,NA,350,31
1999,11,23,9,-9.1,918.3,NA,300,23
1999,11,23,12,-9.1,919,NA,300,23
1999,11,23,15,-7.5,919.7,NA,250,27
1999,11,23,18,NA,920.3,NA,320,19
1999,11,23,21,-2.8,921,2,240,18
1999,11,24,0,-1.8,921.4,3,240,17
1999,11,24,3,-3.6,921.2,NA,240,23
1999,11,24,6,-6.5,921.4,NA,260,31
1999,11,24,9,NA,920.7,NA,250,72
1999,11,24,12,-10.3,920.6,NA,230,79
1999,11,24,15,-10.1,920.4,NA,210,79
1999,11,24,18,-11.1,920,NA,230,78
1999,11,24,21,-7.2,920.2,NA,230,58
1999,11,25,0,-9.2,919.7,8,260,56
1999,11,25,3,-7.2,919,5,230,52
1999,11,25,6,-7.1,918.4,5,130,45
1999,11,25,9,-8.4,918.2,2,220,64
1999,11,25,12,-10.4,917.9,2,290,68
1999,11,25,15,-10,917.5,1,270,64
1999,11,25,18,-7.1,917.6,3,280,56
1999,11,25,21,-6.6,918,NA,200,34
1999,11,26,0,NA,918.1,4,80,26
1999,11,26,3,-6.2,918.1,NA,230,44
1999,11,26,6,NA,918,NA,250,41
1999,11,26,9,-9.7,917.7,NA,240,44
1999,11,26,12,-9.2,917.2,NA,250,42
1999,11,26,15,-9.5,916.1,5,360,37
1999,11,26,18,-7.1,915.1,3,20,33
1999,11,26,21,-6.2,914.4,3,130,31
1999,11,27,0,NA,913.7,2,150,26
1999,11,27,3,-3.6,912.9,NA,120,26
1999,11,27,6,-3.1,912.4,NA,250,25
1999,11,27,9,NA,911.9,NA,230,49
1999,11,27,12,NA,911.3,3,250,59
1999,11,27,15,-11,910.6,NA,250,55
1999,11,27,18,-10.4,910.4,6,240,56
1999,11,27,21,NA,910.3,NA,170,36
1999,11,28,0,-6.5,910.1,2,150,33
1999,11,28,3,-6.7,909.9,4,220,48
1999,11,28,6,-7.8,909.6,NA,220,44
1999,11,28,9,-9.9,909.4,NA,230,58
1999,11,28,12,-10,908.7,NA,260,60
1999,11,28,15,-10.9,906.7,NA,230,62
1999,11,28,18,-10.6,906.7,NA,220,78
1999,11,28,21,-10.1,908.6,NA,220,77
1999,11,29,0,-9.7,908,NA,240,72
1999,11,29,3,-9.5,906.9,NA,240,77
1999,11,29,6,-10.5,909.1,NA,230,79
1999,11,29,9,-10.5,908.2,NA,230,78
1999,11,29,12,-10.8,908.1,NA,240,78
1999,11,29,15,-11.2,907.5,NA,240,78
1999,11,29,18,-10.9,908.3,NA,240,78
1999,11,29,21,-10.7,909.1,NA,220,77
1999,11,30,0,-9.1,907.3,NA,230,60
1999,11,30,3,-7.7,907.1,NA,230,56
1999,11,30,6,-8.7,906.3,NA,240,59
1999,11,30,9,-10.2,907.2,24,240,76
1999,11,30,12,-10.6,907.4,NA,230,70
1999,11,30,15,-10.3,907.5,NA,230,73
1999,11,30,18,-9,907.8,NA,230,65
1999,11,30,21,-7.8,908.4,7,240,54
1999,12,1,0,NA,908.3,NA,90,37
1999,12,1,3,-5,908.3,3,240,42
1999,12,1,6,NA,908.5,1,70,28
1999,12,1,9,NA,908.6,NA,10,51
1999,12,1,12,NA,908.7,NA,10,48
1999,12,1,15,-9,908.8,7,10,48
1999,12,1,18,NA,909,NA,110,42
1999,12,1,21,-6.4,909.1,4,260,43
1999,12,2,0,-4.5,909.4,3,50,40
1999,12,2,3,-3.1,909.5,3,60,34
1999,12,2,6,-4.9,909.7,3,240,36
1999,12,2,9,NA,909.6,6,230,56
1999,12,2,12,NA,909.5,NA,240,68
1999,12,2,15,-11.7,909.1,NA,230,70
1999,12,2,18,-10.7,909.3,11,240,55
1999,12,2,21,-7.9,909.7,NA,240,43
1999,12,3,0,-6.5,910.1,NA,230,41
1999,12,3,3,-4.4,910.2,NA,230,37
1999,12,3,6,-2.5,910.4,2,80,31
1999,12,3,9,NA,910.5,NA,10,45
1999,12,3,12,NA,910,NA,350,48
1999,12,3,15,-6.3,909.2,NA,300,26
1999,12,3,18,NA,908.7,NA,280,14
1999,12,3,21,-4.3,907.9,3,80,24
1999,12,4,0,NA,906.5,5,40,26
1999,12,4,3,NA,904.9,NA,20,26
1999,12,4,6,NA,903,NA,NA,69
1999,12,4,9,-9.2,901.8,NA,NA,67
1999,12,4,12,-9.7,900.4,NA,NA,79
1999,12,4,15,-10.2,899.2,NA,30,79
1999,12,4,18,-10.1,898.4,NA,240,77
1999,12,4,21,-9.2,896.9,NA,240,70
1999,12,5,0,-8.5,895.3,NA,230,78
1999,12,5,3,-8.8,893.8,NA,240,77
1999,12,5,6,-9,892.6,NA,230,80
1999,12,5,9,-8.6,890.4,NA,NA,81
1999,12,5,12,-8.7,892.1,51,NA,81
1999,12,5,15,-8.4,890.7,53,NA,81
1999,12,5,18,-7.8,891.3,NA,NA,81
1999,12,5,21,-7.3,891.1,59,NA,81
1999,12,6,0,-7.3,895.1,57,NA,81
1999,12,6,3,-8.7,897.4,58,240,81
1999,12,6,6,-8.7,900.5,56,240,80
1999,12,6,9,-9,900.2,58,240,80
1999,12,6,12,-8.9,905.1,NA,250,81
1999,12,6,15,-8.2,908.1,NA,250,77
1999,12,6,18,-7.3,911.2,NA,250,59
1999,12,6,21,-5.7,912.7,NA,260,54
1999,12,7,0,-4.1,911.9,NA,240,40
1999,12,7,3,-5.4,911.3,NA,240,43
1999,12,7,6,-6.3,912.5,NA,230,54
1999,12,7,9,-7.2,912.8,NA,240,55
1999,12,7,12,-6.2,911.8,NA,NA,47
1999,12,7,15,-6.3,911.3,NA,NA,35
1999,12,7,18,-5.7,910.4,31,NA,38
1999,12,7,21,-6.8,912.1,NA,230,49
1999,12,8,0,-3.5,912.1,NA,210,49
1999,12,8,3,NA,911.3,NA,270,38
1999,12,8,6,-1.6,911,3,30,23
1999,12,8,9,NA,909.9,2,350,33
1999,12,8,12,-1.4,908.9,NA,320,22
1999,12,8,15,0.1,907.5,NA,0,21
1999,12,8,18,-2.4,906.5,NA,250,28
1999,12,8,21,-4.3,906,NA,220,28
1999,12,9,0,-2.3,905.9,9,240,30
1999,12,9,3,-4.6,906.1,10,250,44
1999,12,9,6,-2.5,907,NA,210,32
1999,12,9,9,-5.9,908.3,NA,240,33
1999,12,9,12,-3.5,909.6,NA,250,25
1999,12,9,15,-1.8,910.3,NA,360,19
1999,12,9,18,-1.4,911.1,NA,20,21
1999,12,9,21,-0.9,911.8,NA,70,21
1999,12,10,0,1.4,912.4,NA,70,21
1999,12,10,3,0.8,912.6,NA,360,41
1999,12,10,6,-2.6,912.7,NA,30,52
1999,12,10,9,-2.6,912.8,NA,50,46
1999,12,10,12,NA,912.5,NA,160,63
1999,12,10,15,NA,912,4,260,57
1999,12,10,18,-7,911.8,NA,270,74
1999,12,10,21,-5.1,912,7,230,49
1999,12,11,0,-6.1,912.3,NA,230,54
1999,12,11,3,-6.4,912.1,7,240,57
1999,12,11,6,-7.1,911.7,NA,200,70
1999,12,11,9,-6.4,912.5,NA,220,57
1999,12,11,12,-7.2,912.5,NA,220,64
1999,12,11,15,-7.8,912.2,NA,240,66
1999,12,11,18,-6.9,911.4,NA,240,70
1999,12,11,21,-6.6,911.7,NA,230,63
1999,12,12,0,-5.5,912.3,NA,250,53
1999,12,12,3,-3.7,912.8,NA,240,46
1999,12,12,6,NA,913.2,NA,50,33
1999,12,12,9,NA,913.3,5,250,31
1999,12,12,12,NA,913.4,NA,250,42
1999,12,12,15,-6.9,913.2,8,250,46
1999,12,12,18,-6.2,913.2,NA,230,41
1999,12,12,21,-4.4,913.6,6,250,38
1999,12,13,0,-2.5,913.6,NA,190,35
1999,12,13,3,NA,912.9,NA,220,32
1999,12,13,6,NA,910.3,NA,250,49
1999,12,13,9,-7,912.4,NA,260,59
1999,12,13,12,-7.2,913.3,NA,NA,77
1999,12,13,15,-7.9,913.5,NA,NA,81
1999,12,13,18,-7.6,915.4,NA,240,81
1999,12,13,21,-7.3,918,NA,240,80
1999,12,14,0,-7.3,919.3,NA,250,78
1999,12,14,3,-6.8,920.6,NA,230,77
1999,12,14,6,-6.3,921.2,28,250,61
1999,12,14,9,-6.4,922.7,NA,240,61
1999,12,14,12,-6.9,924.3,NA,240,58
1999,12,14,15,-6,925.7,NA,250,59
1999,12,14,18,NA,927,NA,270,54
1999,12,14,21,-3,928.1,NA,210,37
1999,12,15,0,-4.3,929,5,60,45
1999,12,15,3,-4.9,928.9,NA,20,59
1999,12,15,6,-5.6,928.8,NA,10,66
1999,12,15,9,-5.9,928.7,NA,20,72
1999,12,15,12,-6.3,928.2,NA,10,60
1999,12,15,15,-1.9,927.2,NA,60,40
1999,12,15,18,NA,926.5,1,220,32
1999,12,15,21,-1.5,926.3,4,240,23
1999,12,16,0,0.8,926.1,4,240,21
1999,12,16,3,0.4,925.6,5,250,25
1999,12,16,6,-1.7,925.4,6,260,29
1999,12,16,9,NA,925.7,7,260,40
1999,12,16,12,-6.1,926.3,5,250,43
1999,12,16,15,NA,926.5,NA,310,29
1999,12,16,18,NA,927.1,2,180,28
1999,12,16,21,-2.7,928,2,120,27
1999,12,17,0,-1.1,928.6,3,50,26
1999,12,17,3,-2.6,928.8,6,30,38
1999,12,17,6,-3.1,928.9,NA,30,38
1999,12,17,9,-4.3,928.9,8,20,68
1999,12,17,12,-7.3,929.2,7,360,78
1999,12,17,15,-6.7,928.9,NA,250,57
1999,12,17,18,-6.2,929.3,NA,230,71
1999,12,17,21,-3.5,930.3,NA,220,45
1999,12,18,0,-2.5,930.7,6,240,48
1999,12,18,3,NA,930.8,NA,140,31
1999,12,18,6,-2.9,930.8,NA,50,33
1999,12,18,9,NA,930.4,6,50,52
1999,12,18,12,-7.1,929.9,7,40,77
1999,12,18,15,-7,929.1,8,50,76
1999,12,18,18,-5.9,928.7,6,60,73
1999,12,18,21,-5.4,928.8,7,70,65
1999,12,19,0,-4.6,928.9,5,80,69
1999,12,19,3,-5.7,928.7,6,30,70
1999,12,19,6,-5.8,928.6,NA,50,68
1999,12,19,9,-5.5,928.2,NA,80,75
1999,12,19,12,-6.8,927.5,2,120,81
1999,12,19,15,-7.2,926.4,6,240,82
1999,12,19,18,-7.3,925.6,NA,240,81
1999,12,19,21,-6,925.3,9,NA,71
1999,12,20,0,-6,924.6,11,NA,64
1999,12,20,3,-5.5,923.8,NA,220,66
1999,12,20,6,-6.8,922.8,15,240,78
1999,12,20,9,-7.4,922.4,15,NA,81
1999,12,20,12,-7.5,921.6,12,NA,82
1999,12,20,15,-7.5,920.4,13,NA,82
1999,12,20,18,-7.3,919.5,NA,NA,82
1999,12,20,21,-6.7,919.2,16,230,81
1999,12,21,0,-5.8,918.3,NA,220,64
1999,12,21,3,-6.8,916.4,NA,230,71
1999,12,21,6,-7.7,915.8,NA,240,73
1999,12,21,9,-7.4,917.3,NA,240,74
1999,12,21,12,-7.7,916.6,NA,230,74
1999,12,21,15,-7.8,916.7,NA,240,80
1999,12,21,18,-6.9,915.6,NA,240,71
1999,12,21,21,-6.6,916.3,NA,240,72
1999,12,22,0,-6.3,916.5,32,230,77
1999,12,22,3,-6.3,916.6,30,240,74
1999,12,22,6,-5.5,917.5,NA,240,67
1999,12,22,9,-6.8,917.2,NA,240,66
1999,12,22,12,-7.6,918,NA,230,66
1999,12,22,15,-7.9,918,25,240,63
1999,12,22,18,-6.5,919,NA,220,62
1999,12,22,21,-6.1,920.1,NA,240,58
1999,12,23,0,-5.1,920.6,NA,230,59
1999,12,23,3,-2.2,920.8,NA,340,50
1999,12,23,6,-3.8,920.6,NA,40,46
1999,12,23,9,NA,920.3,NA,20,58
1999,12,23,12,-5.8,920.3,9,10,68
1999,12,23,15,-7.1,919.9,NA,260,71
1999,12,23,18,-7.3,919.5,NA,250,79
1999,12,23,21,-7.7,919.4,9,240,80
1999,12,24,0,-6,919.4,10,240,76
1999,12,24,3,-6.8,919.2,NA,240,79
1999,12,24,6,-6.8,919.6,NA,230,74
1999,12,24,9,-6.9,919.8,14,220,51
1999,12,24,12,-6.3,920.1,NA,240,47
1999,12,24,15,-5.2,919.6,NA,250,28
1999,12,24,18,NA,919.5,NA,190,20
1999,12,24,21,-2.9,919.3,3,50,22
1999,12,25,0,NA,918.8,3,90,26
1999,12,25,3,-2.5,918.2,4,100,39
1999,12,25,6,NA,917.9,1,250,60
1999,12,25,9,-6.4,917.6,3,70,62
1999,12,25,12,-7.2,917.8,NA,20,66
1999,12,25,15,-5.7,917.5,4,340,51
1999,12,25,18,-3.5,917.8,NA,220,35
1999,12,25,21,NA,918.1,1,250,27
1999,12,26,0,1.1,918.4,3,80,24
1999,12,26,3,-1.9,918.5,NA,230,25
1999,12,26,6,NA,918.8,NA,180,28
1999,12,26,9,-2,919.2,NA,210,47
1999,12,26,12,NA,919.9,4,280,34
1999,12,26,15,-6.7,920.1,NA,250,53
1999,12,26,18,-6.2,920.7,8,240,44
1999,12,26,21,-6.9,921.7,NA,240,56
1999,12,27,0,-4,922.5,NA,240,45
1999,12,27,3,-4.2,922.7,17,230,48
1999,12,27,6,-4.4,922.9,15,240,38
1999,12,27,9,-7.1,922.1,NA,250,41
1999,12,27,12,-6.6,922.8,NA,250,49
1999,12,27,15,-6.9,923.4,NA,240,48
1999,12,27,18,NA,923.7,NA,220,27
1999,12,27,21,NA,922.5,NA,30,34
1999,12,28,0,-1.8,920.5,NA,60,37
1999,12,28,3,-1.7,918.7,NA,20,37
1999,12,28,6,-1.6,917.1,4,240,36
1999,12,28,9,-3.2,916,4,250,40
1999,12,28,12,-5.8,914.8,NA,250,58
1999,12,28,15,-5.3,913.8,NA,220,43
1999,12,28,18,-4.5,913.3,7,240,31
1999,12,28,21,-7.7,912.9,NA,230,37
1999,12,29,0,-5.6,911.9,NA,230,48
1999,12,29,3,-5.6,910.4,NA,240,52
1999,12,29,6,-7.2,911.1,NA,240,70
1999,12,29,9,-7.6,911.6,NA,240,80
1999,12,29,12,-7.8,912.2,NA,230,81
1999,12,29,15,-7.6,912.3,NA,250,71
1999,12,29,18,-5.4,913.6,NA,240,44
1999,12,29,21,-4.7,913.6,NA,230,43
1999,12,30,0,-3.5,914.6,NA,250,44
1999,12,30,3,-4.7,915.3,NA,230,52
1999,12,30,6,NA,916.3,NA,130,33
1999,12,30,9,-1.7,916.3,NA,240,26
1999,12,30,12,-2.7,916.7,NA,280,32
1999,12,30,15,-1.7,916.4,NA,330,27
1999,12,30,18,0.6,916.2,NA,10,23
1999,12,30,21,-1.4,916.4,5,60,29
1999,12,31,0,1.4,916.5,6,80,24
1999,12,31,3,-0.2,916.7,5,60,32
1999,12,31,6,3.2,916.8,NA,70,26
1999,12,31,9,NA,917,NA,270,48
1999,12,31,12,NA,917,NA,230,79
1999,12,31,15,-6.6,916.2,NA,240,70
1999,12,31,18,-5.5,916,NA,240,56
1999,12,31,21,-5.4,913.9,NA,230,66
2000,1,1,0,-6.6,913.1,NA,220,81
2000,1,1,3,-7.7,912.6,NA,230,80
2000,1,1,6,-7.1,912.5,NA,NA,75
2000,1,1,9,-7.3,911.6,NA,NA,81
2000,1,1,12,-7.5,912.6,40,NA,81
2000,1,1,15,-6.9,911.1,NA,250,81
2000,1,1,18,-5,913.8,NA,240,56
2000,1,1,21,-4.8,915.8,NA,220,44
2000,1,2,0,NA,916.8,NA,240,32
2000,1,2,3,NA,916.2,NA,30,34
2000,1,2,6,NA,914.9,NA,360,41
2000,1,2,9,NA,913.5,NA,360,40
2000,1,2,12,-3.6,912.1,NA,260,33
2000,1,2,15,-5.8,910.4,NA,250,81
2000,1,2,18,NA,909.7,NA,180,40
2000,1,2,21,-4.7,909.3,NA,190,35
2000,1,3,0,-2,908.9,NA,230,41
2000,1,3,3,NA,908.7,NA,50,32
2000,1,3,6,NA,908.4,2,230,32
2000,1,3,9,NA,908.5,3,220,58
2000,1,3,12,NA,908.2,6,240,67
2000,1,3,15,-7.1,907.3,NA,250,60
2000,1,3,18,-7,907,NA,230,61
2000,1,3,21,-6.1,907.5,NA,240,58
2000,1,4,0,-5.7,908.3,NA,210,53
2000,1,4,3,-5.7,908.9,13,240,65
2000,1,4,6,-7,909.5,12,NA,73
2000,1,4,9,-6.9,910.2,13,NA,80
2000,1,4,12,-7.2,911,NA,NA,82
2000,1,4,15,-7.5,911,NA,260,82
2000,1,4,18,-7.1,911.4,6,250,78
2000,1,4,21,-3.6,912.3,3,230,63
2000,1,5,0,NA,913.2,NA,120,40
2000,1,5,3,1.1,913.4,2,190,34
2000,1,5,6,NA,913.6,NA,20,56
2000,1,5,9,-3.8,914.3,NA,20,45
2000,1,5,12,-5,914.6,NA,10,38
2000,1,5,15,-6.1,914.8,NA,0,55
2000,1,5,18,NA,915.4,NA,NA,25
2000,1,5,21,-2.8,916.4,3,200,34
2000,1,6,0,0.6,917.4,2,240,25
2000,1,6,3,NA,917.8,2,80,17
2000,1,6,6,NA,918.3,1,40,18
2000,1,6,9,NA,919,NA,10,30
2000,1,6,12,NA,919.2,NA,10,68
2000,1,6,15,-5.7,919,NA,60,72
2000,1,6,18,-4.3,919.5,NA,90,68
2000,1,6,21,-2,919.9,NA,180,50
2000,1,7,0,-5.4,920,NA,260,70
2000,1,7,3,-5.6,919.8,NA,240,76
2000,1,7,6,-5.6,920.2,12,250,76
2000,1,7,9,-6,920.6,13,250,82
2000,1,7,12,-5.8,920.9,16,NA,80
2000,1,7,15,-6.6,921.1,NA,NA,80
2000,1,7,18,-6,920.9,NA,230,74
2000,1,7,21,-5.1,921.7,NA,220,79
2000,1,8,0,-5.4,920.7,NA,240,82
2000,1,8,3,-5.4,919.6,NA,230,83
2000,1,8,6,-5.4,919.8,NA,240,83
2000,1,8,9,-5.6,920.7,NA,230,84
2000,1,8,12,-6.4,921.6,NA,240,84
2000,1,8,15,-6.5,922,NA,230,83
2000,1,8,18,-6.4,922.4,32,240,81
2000,1,8,21,-6.1,923.2,34,250,76
2000,1,9,0,-5.7,923.6,NA,250,60
2000,1,9,3,-6.3,924.4,NA,240,66
2000,1,9,6,-6.2,925.5,NA,240,58
2000,1,9,9,-6.3,927,NA,240,46
2000,1,9,12,-6.5,928.5,NA,230,45
2000,1,9,15,-5.9,929.3,NA,230,37
2000,1,9,18,-2.9,930,NA,200,28
2000,1,9,21,-4,930.3,NA,190,21
2000,1,10,0,-0.6,930.4,3,260,27
2000,1,10,3,NA,929.9,2,90,17
2000,1,10,6,NA,929.5,NA,10,36
2000,1,10,9,NA,929.2,NA,360,32
2000,1,10,12,-1,929.3,NA,0,24
2000,1,10,15,-2.3,929.2,NA,20,13
2000,1,10,18,-0.6,929.2,3,40,15
2000,1,10,21,-0.9,928.9,2,70,19
2000,1,11,0,NA,928.3,5,70,22
2000,1,11,3,NA,927,3,30,27
2000,1,11,6,-3.1,925.9,NA,30,28
2000,1,11,9,-6.3,925.3,NA,70,76
2000,1,11,12,-7.1,924.3,NA,220,81
2000,1,11,15,NA,923.1,1,220,31
2000,1,11,18,-6.5,922.5,NA,240,41
2000,1,11,21,-5,922,NA,230,52
2000,1,12,0,-3.9,921.5,5,200,27
2000,1,12,3,-3.6,920.7,3,200,32
2000,1,12,6,-4.6,920,4,30,33
2000,1,12,9,-5.5,919.1,5,10,33
2000,1,12,12,-5.7,918.2,8,350,33
2000,1,12,15,-4.7,917.3,NA,10,30
2000,1,12,18,-3.3,917,4,40,21
2000,1,12,21,-2.1,916.8,3,110,30
2000,1,13,0,-3.8,916.9,6,60,37
2000,1,13,3,-4.3,917.2,7,50,34
2000,1,13,6,-3.7,917.5,NA,10,40
2000,1,13,9,-6.4,918.1,3,30,48
2000,1,13,12,-5.9,918.9,NA,60,68
2000,1,13,15,-6.2,918.5,7,60,80
2000,1,13,18,-4.5,918.6,7,60,63
2000,1,13,21,-4.4,918.3,4,80,67
2000,1,14,0,-4.2,917.7,NA,240,65
2000,1,14,3,-6.8,916.8,NA,250,72
2000,1,14,6,-6.3,916.7,NA,240,76
2000,1,14,9,-6.7,917,8,230,83
2000,1,14,12,-7.1,917.2,9,130,83
2000,1,14,15,-7.7,917,NA,70,82
2000,1,14,18,-7.9,916.9,NA,170,82
2000,1,14,21,-8.4,916.9,NA,220,82
2000,1,15,0,-7.7,916.7,NA,200,67
2000,1,15,3,-7.1,916.2,NA,10,63
2000,1,15,6,-7.3,915.7,NA,NA,60
2000,1,15,9,-8.1,915.4,NA,NA,66
2000,1,15,12,-8.1,915.7,11,NA,73
2000,1,15,15,-8.1,915.7,NA,340,64
2000,1,15,18,-8.1,916.5,NA,280,64
2000,1,15,21,-6.7,917.3,2,120,71
2000,1,16,0,NA,917.9,1,170,80
2000,1,16,3,-7.3,918.1,NA,260,73
2000,1,16,6,-6.8,918.6,4,260,63
2000,1,16,9,-6.4,918.7,2,340,49
2000,1,16,12,-7.1,918.9,2,330,42
2000,1,16,15,-8.3,918.9,4,10,47
2000,1,16,18,-7.4,919.1,5,10,49
2000,1,16,21,-6,919.6,2,200,55
2000,1,17,0,-4.9,919.8,4,140,52
2000,1,17,3,-6,919.8,4,250,60
2000,1,17,6,-7.9,919.3,NA,250,62
2000,1,17,9,-7.6,918.6,NA,230,57
2000,1,17,12,-7.9,917.3,NA,230,62
2000,1,17,15,-8.4,916.6,NA,230,77
2000,1,17,18,-8,914.6,NA,220,81
2000,1,17,21,-8.3,912.8,NA,220,81
2000,1,18,0,-8.4,911.3,NA,230,81
2000,1,18,3,-8.6,912,NA,230,81
2000,1,18,6,-8.4,912.4,NA,230,77
2000,1,18,9,-8.7,910.4,NA,240,76
2000,1,18,12,-8.4,909,NA,240,80
2000,1,18,15,-8.7,909.6,NA,220,81
2000,1,18,18,-9.2,911.8,NA,230,78
2000,1,18,21,-9.6,910.9,NA,240,78
2000,1,19,0,-9.3,910,NA,250,74
2000,1,19,3,-9.3,908.7,NA,240,79
2000,1,19,6,-9.3,907.4,NA,250,80
2000,1,19,9,-9.5,910.1,NA,250,80
2000,1,19,12,-9.3,908.6,NA,240,77
2000,1,19,15,-8.2,907.9,46,240,60
2000,1,19,18,-7.9,909.3,NA,250,69
2000,1,19,21,-7.1,910.8,NA,240,51
2000,1,20,0,-7.1,911.7,NA,NA,47
2000,1,20,3,-7.2,913.4,NA,NA,51
2000,1,20,6,-7.4,914.2,31,NA,51
2000,1,20,9,-6.8,916.5,NA,NA,46
2000,1,20,12,-6.7,918.1,NA,NA,43
2000,1,20,15,-6.5,919.1,NA,NA,41
2000,1,20,18,-6.4,918.7,NA,240,40
2000,1,20,21,-6.2,920.6,NA,240,44
2000,1,21,0,-5.1,922.7,NA,240,39
2000,1,21,3,-5,924.1,NA,250,41
2000,1,21,6,-4.3,924.8,NA,350,48
2000,1,21,9,-5,925.4,NA,300,47
2000,1,21,12,-6,926,NA,260,39
2000,1,21,15,-6.7,926.1,5,290,39
2000,1,21,18,-5.4,926,3,90,50
2000,1,21,21,-5.3,926.3,3,170,61
2000,1,22,0,-5.3,926,3,100,56
2000,1,22,3,-5.4,925.1,2,350,74
2000,1,22,6,-4.5,924.1,2,250,52
2000,1,22,9,-5.9,923.4,4,240,53
2000,1,22,12,-7.1,922.5,NA,260,51
2000,1,22,15,-7.1,921.6,NA,50,NA
2000,1,22,18,-5.7,920.9,NA,100,45
2000,1,22,21,-6,920.8,2,160,54
2000,1,23,0,-4.9,921.6,2,70,58
2000,1,23,3,-5.4,922,2,30,57
2000,1,23,6,-5.4,922.6,4,240,47
2000,1,23,9,-6.1,923.2,3,270,51
2000,1,23,12,-6.4,923.6,3,200,69
2000,1,23,15,-7.6,923,NA,250,79
2000,1,23,18,-8.1,923.1,NA,240,81
2000,1,23,21,-7,923.1,NA,230,70
2000,1,24,0,-7.4,923,NA,240,63
2000,1,24,3,-7.1,922.7,NA,240,60
2000,1,24,6,-6.8,923.3,25,230,50
2000,1,24,9,-7.1,924,NA,230,59
2000,1,24,12,-7.1,924.3,NA,240,56
2000,1,24,15,-7.6,924.3,NA,230,71
2000,1,24,18,-7.7,924.1,NA,240,66
2000,1,24,21,-7,924.3,NA,230,68
2000,1,25,0,-7,924.1,NA,240,71
2000,1,25,3,-5.8,923.1,NA,70,71
2000,1,25,6,-7,922.2,NA,360,78
2000,1,25,9,-8.1,921.3,NA,0,62
2000,1,25,12,-8.4,920.5,12,350,68
2000,1,25,15,-7.7,919.3,NA,60,72
2000,1,25,18,-7,918.9,NA,60,76
2000,1,25,21,-7.2,918.8,NA,230,72
2000,1,26,0,-7.7,918.7,2,250,78
2000,1,26,3,-7.3,918.5,4,270,72
2000,1,26,6,-7.9,918.4,5,270,74
2000,1,26,9,-8.5,918.5,NA,230,75
2000,1,26,12,-9,918.5,NA,250,73
2000,1,26,15,-9,918.3,9,250,67
2000,1,26,18,-8,918.3,NA,210,63
2000,1,26,21,-6.5,918.4,NA,250,55
2000,1,27,0,-6.3,918.5,2,220,58
2000,1,27,3,-6.5,918.3,2,100,75
2000,1,27,6,-5.7,918.7,3,210,68
2000,1,27,9,-7.3,919.3,3,240,82
2000,1,27,12,-8.1,919.6,NA,230,82
2000,1,27,15,-8.7,919.8,NA,NA,81
2000,1,27,18,-8.7,920.7,NA,NA,80
2000,1,27,21,-8.1,920.9,NA,NA,63
2000,1,28,0,-7.7,921,11,250,75
2000,1,28,3,-7.7,921,13,230,77
2000,1,28,6,-8,921.2,NA,260,81
2000,1,28,9,-8.2,921.5,NA,310,80
2000,1,28,12,-7.9,921.7,NA,0,71
2000,1,28,15,-8.1,921.6,3,250,76
2000,1,28,18,-8.9,922.3,NA,260,80
2000,1,28,21,-8.3,923.1,7,260,76
2000,1,29,0,-7.7,923.6,5,270,69
2000,1,29,3,-7.1,923.9,4,250,60
2000,1,29,6,-6.8,924.3,NA,220,69
2000,1,29,9,-6.8,924.7,2,340,72
2000,1,29,12,NA,925.2,1,270,67
2000,1,29,15,-7.5,925.2,2,270,65
2000,1,29,18,-6.9,925.7,NA,280,53
2000,1,29,21,-6,926.1,3,340,51
2000,1,30,0,-6.6,926.4,5,50,75
2000,1,30,3,-6.8,926.2,7,10,63
2000,1,30,6,-6.3,926.2,NA,360,59
2000,1,30,9,-6.6,926.5,NA,310,55
2000,1,30,12,-8.2,926.7,5,300,47
2000,1,30,15,-9.3,926.6,NA,240,61
2000,1,30,18,-7.8,927.4,NA,260,63
2000,1,30,21,-8.6,928.3,NA,NA,73
2000,1,31,0,-6.2,929,2,290,71
2000,1,31,3,NA,929.5,1,240,65
2000,1,31,6,-8,930.1,3,270,74
2000,1,31,9,-8.2,930.9,NA,240,81
2000,1,31,12,-8.2,931.7,NA,NA,79
2000,1,31,15,-8.1,932.3,NA,NA,78
2000,1,31,18,-7.6,933.4,NA,NA,72
2000,1,31,21,-7.6,935.1,NA,230,76
2000,2,1,0,-7.2,936.4,16,220,76
2000,2,1,3,-7.5,937.4,NA,240,79
2000,2,1,6,-7.5,938,NA,230,82
2000,2,1,9,-7.6,939,NA,240,82
2000,2,1,12,-9.3,939.7,NA,290,81
2000,2,1,15,-8.2,939.4,5,270,70
2000,2,1,18,-7.5,939.3,NA,0,74
2000,2,1,21,-7.4,939.1,4,260,76
2000,2,2,0,-7.6,938.8,NA,250,82
2000,2,2,3,-8.2,937.7,NA,220,82
2000,2,2,6,-8.2,936.9,NA,230,82
2000,2,2,9,-8.7,936.3,8,250,81
2000,2,2,12,-8.7,935.3,NA,260,81
2000,2,2,15,-9.1,933.9,NA,270,80
2000,2,2,18,-9.2,933,3,270,71
2000,2,2,21,-8.7,931.9,NA,250,81
2000,2,3,0,-8.7,931.9,NA,240,81
2000,2,3,3,-8.6,931.1,NA,NA,81
2000,2,3,6,-8.3,931,11,NA,81
2000,2,3,9,-8.3,931,12,NA,82
2000,2,3,12,-8.4,931.6,11,NA,81
2000,2,3,15,-8.7,931.7,NA,NA,81
2000,2,3,18,-8.7,932.3,NA,250,81
2000,2,3,21,-8.6,933,5,260,81
2000,2,4,0,-8.1,933.9,NA,190,82
2000,2,4,3,-7.4,934.2,NA,290,83
2000,2,4,6,-7.5,935.1,NA,120,83
2000,2,4,9,-7.8,935.3,4,50,82
2000,2,4,12,-8,935.3,NA,20,81
2000,2,4,15,-8.4,935.2,NA,50,82
2000,2,4,18,-7.9,935.2,NA,150,81
2000,2,4,21,-8.4,935.1,2,260,80
2000,2,5,0,-7.2,935,4,80,82
2000,2,5,3,-7.1,934.4,4,40,83
2000,2,5,6,NA,933.8,1,100,82
2000,2,5,9,NA,933.8,1,340,82
2000,2,5,12,-7.1,933.5,2,50,83
2000,2,5,15,NA,932.5,1,270,82
2000,2,5,18,-8,932,4,260,82
2000,2,5,21,-8,931.2,NA,280,82
2000,2,6,0,-6.5,930.4,5,240,84
2000,2,6,3,-7.2,928.9,NA,230,83
2000,2,6,6,-8.2,927.2,NA,250,82
2000,2,6,9,-8.3,925.1,NA,230,82
2000,2,6,12,-7.9,924,NA,230,81
2000,2,6,15,-8.1,920.8,NA,230,82
2000,2,6,18,-8.8,919.5,NA,240,81
2000,2,6,21,-9.1,918.4,NA,NA,81
2000,2,7,0,-9.2,917.8,NA,NA,81
2000,2,7,3,-9,916.6,NA,NA,81
2000,2,7,6,-9.6,914.3,NA,250,81
2000,2,7,9,-9.3,916.2,NA,240,81
2000,2,7,12,-9,915.9,NA,NA,81
2000,2,7,15,-8.8,916.7,NA,NA,81
2000,2,7,18,-8.6,916.2,47,NA,81
2000,2,7,21,-8,918.9,NA,NA,82
2000,2,8,0,-7.5,920.4,NA,NA,71
2000,2,8,3,-7.4,920.8,NA,NA,75
2000,2,8,6,-7.4,921.1,NA,NA,73
2000,2,8,9,-7.9,921.3,20,240,82
2000,2,8,12,-7.9,921.1,NA,230,76
2000,2,8,15,-8.2,921.6,17,220,82
2000,2,8,18,-8.5,921.9,20,220,82
2000,2,8,21,-8.1,922.5,NA,220,82
2000,2,9,0,-7.6,923.1,17,210,71
2000,2,9,3,-7.2,923.2,14,210,74
2000,2,9,6,-7.6,923.6,NA,220,77
2000,2,9,9,-8.3,923.8,12,240,79
2000,2,9,12,-8.2,924.1,NA,230,75
2000,2,9,15,-7.9,923.8,NA,240,79
2000,2,9,18,-8.4,924.4,NA,240,81
2000,2,9,21,-8.3,924.7,NA,NA,74
2000,2,10,0,-8.5,925.3,NA,NA,77
2000,2,10,3,-8.4,926.2,26,NA,81
2000,2,10,6,-8.4,926.4,NA,NA,78
2000,2,10,9,-8.8,926,NA,250,75
2000,2,10,12,-8.9,925.2,NA,250,76
2000,2,10,15,-8.8,925,NA,240,77
2000,2,10,18,-9.3,926.3,40,240,73
2000,2,10,21,-9,925.9,39,250,72
2000,2,11,0,-8.8,926.3,NA,240,70
2000,2,11,3,-9.2,924.6,NA,250,71
2000,2,11,6,-9,924.1,NA,240,76
2000,2,11,9,-9.6,922.4,48,NA,80
2000,2,11,12,-9.1,919.4,NA,NA,80
2000,2,11,15,-9.3,917.2,NA,NA,80
2000,2,11,18,-9.1,913.7,NA,NA,81
2000,2,11,21,-8.8,915.3,NA,NA,81
2000,2,12,0,-8.4,914.6,NA,250,81
2000,2,12,3,-8.5,917.1,60,240,81
2000,2,12,6,-8.1,917.7,59,250,82
2000,2,12,9,-7.6,919.8,57,NA,82
2000,2,12,12,-7.8,924.2,NA,NA,82
2000,2,12,15,-7.8,925.1,NA,NA,80
2000,2,12,18,-7.6,926.5,NA,240,78
2000,2,12,21,-7.8,928.4,NA,240,79
2000,2,13,0,-6.1,928.7,NA,250,80
2000,2,13,3,-6.6,927.6,NA,70,80
2000,2,13,6,-6.6,926,2,30,83
2000,2,13,9,-7.7,924.3,NA,40,79
2000,2,13,12,-7.3,922.8,NA,60,79
2000,2,13,15,-7.6,921.3,NA,50,83
2000,2,13,18,-7.7,920.5,NA,0,83
2000,2,13,21,-8.4,920.4,NA,270,82
2000,2,14,0,-8.6,920.1,NA,260,82
2000,2,14,3,-8.1,920.2,NA,260,82
2000,2,14,6,-7.9,920.6,NA,0,82
2000,2,14,9,-7.7,920.7,NA,50,83
2000,2,14,12,-7.6,920.8,2,120,83
2000,2,14,15,NA,920.9,1,220,82
2000,2,14,18,-8.3,920.7,2,260,82
2000,2,14,21,NA,920.8,1,280,83
2000,2,15,0,-9,920.9,5,250,82
2000,2,15,3,-9.2,920.1,NA,230,81
2000,2,15,6,-9.7,920.1,NA,220,81
2000,2,15,9,-9.8,921.1,NA,230,80
2000,2,15,12,-10.1,921.8,NA,230,80
2000,2,15,15,-10.3,922.6,7,240,80
2000,2,15,18,-10.5,923.6,6,220,80
2000,2,15,21,-10.3,924.7,6,220,80
2000,2,16,0,-10.2,925.8,4,210,80
2000,2,16,3,-10.1,926.4,NA,210,80
2000,2,16,6,-10.2,927.3,NA,200,80
2000,2,16,9,-10.9,928.1,NA,210,80
2000,2,16,12,-10.8,928.9,2,210,79
2000,2,16,15,-11.1,928.9,NA,NA,79
2000,2,16,18,NA,928.5,1,80,79
2000,2,16,21,-10.5,928,3,40,80
2000,2,17,0,-9.7,927.4,4,40,80
2000,2,17,3,-9.5,927,NA,360,81
2000,2,17,6,-8.9,927,NA,NA,78
2000,2,17,9,-11,926.5,NA,NA,73
2000,2,17,12,-11.3,925.8,2,250,75
2000,2,17,15,-11.5,924.9,2,240,73
2000,2,17,18,-11,924,3,40,69
2000,2,17,21,-10,923.1,4,40,80
2000,2,18,0,-8.5,921.9,2,110,78
2000,2,18,3,-8.8,919.3,NA,80,80
2000,2,18,6,-9.2,916.2,NA,290,81
2000,2,18,9,-9.8,912.8,NA,260,80
2000,2,18,12,-10.3,909.8,NA,240,80
2000,2,18,15,-10.7,909.1,NA,230,79
2000,2,18,18,-9.9,907.6,NA,230,NA
2000,2,18,21,-10.4,908.4,NA,220,80
2000,2,19,0,-10.6,908.7,NA,210,76
2000,2,19,3,-10.9,908.4,NA,210,79
2000,2,19,6,-11.2,908.9,11,220,79
2000,2,19,9,-11.7,909.9,12,210,79
2000,2,19,12,-12.2,910.6,NA,220,78
2000,2,19,15,-13.3,911.3,NA,240,77
2000,2,19,18,-13.4,912.3,19,240,76
2000,2,19,21,-13.4,913.6,17,230,73
2000,2,20,0,-12.1,914.8,NA,210,NA
2000,2,20,3,-11.8,915.3,NA,210,78
2000,2,20,6,-11.5,915.1,NA,110,78
2000,2,20,9,-11.5,915,2,40,79
2000,2,20,12,NA,914.4,1,70,78
2000,2,20,15,-12,913.5,5,260,78
2000,2,20,18,-12.1,913.1,2,240,78
2000,2,20,21,-12.3,913.1,NA,250,78
2000,2,21,0,NA,913.2,NA,240,78
2000,2,21,3,-11.5,913.2,NA,240,79
2000,2,21,6,-11.6,913.1,NA,250,79
2000,2,21,9,-11.6,912.7,NA,130,79
2000,2,21,12,-11.5,912.2,5,140,79
2000,2,21,15,-11.5,911.6,7,130,79
2000,2,21,18,-11.6,911.5,6,130,78
2000,2,21,21,-11.6,911.8,5,150,78
2000,2,22,0,-11.7,912.7,8,130,78
2000,2,22,3,-11.6,913.5,4,140,78
2000,2,22,6,-12.8,914.7,7,240,77
2000,2,22,9,-12.7,915.7,NA,250,77
2000,2,22,12,-12.2,917,NA,240,70
2000,2,22,15,-11.8,918.8,NA,240,57
2000,2,22,18,-11.9,920.2,22,240,60
2000,2,22,21,-11.7,921.8,24,250,64
2000,2,23,0,-12.1,923,25,240,57
2000,2,23,3,-12,924.2,NA,240,48
2000,2,23,6,-11.9,925,NA,240,48
2000,2,23,9,-11.9,925.6,23,230,63
2000,2,23,12,-11.3,926.2,NA,240,56
2000,2,23,15,-11.5,925.6,NA,270,73
2000,2,23,18,-11.2,924.6,NA,280,77
2000,2,23,21,-10.6,924.3,NA,340,80
2000,2,24,0,-11.1,924.9,NA,240,79
2000,2,24,3,-13.2,923.7,NA,230,78
2000,2,24,6,-13.9,924.6,NA,240,71
2000,2,24,9,-13.1,924.4,NA,240,64
2000,2,24,12,-13.9,922.9,NA,220,70
2000,2,24,15,-14,920.8,18,230,75
2000,2,24,18,-14.4,919.8,19,230,75
2000,2,24,21,-15.5,918.5,NA,240,66
2000,2,25,0,-15,917.7,NA,250,64
2000,2,25,3,-15.3,916.2,31,250,64
2000,2,25,6,-15.1,915.9,NA,240,58
2000,2,25,9,-15.5,915.9,NA,270,53
2000,2,25,12,-13.7,915.3,NA,20,23
2000,2,25,15,-13.5,914.4,NA,20,20
2000,2,25,18,-13.5,914.2,6,20,36
2000,2,25,21,-11.7,913.1,6,30,44
2000,2,26,0,-9.7,911.5,NA,20,24
2000,2,26,3,-12,909.9,NA,250,29
2000,2,26,6,-12.6,910.5,NA,240,47
2000,2,26,9,-13.9,911,NA,240,58
2000,2,26,12,-13.3,911,NA,250,44
2000,2,26,15,-14.3,910,NA,280,35
2000,2,26,18,-12.5,909.3,NA,20,33
2000,2,26,21,-11.9,909.4,3,250,32
2000,2,27,0,-10.5,909.6,4,90,36
2000,2,27,3,-10.9,909.7,5,360,43
2000,2,27,6,-10.5,910.4,2,360,41
2000,2,27,9,-11.5,911.7,3,270,45
2000,2,27,12,-11.5,913.4,6,280,43
2000,2,27,15,-11.4,914.6,2,300,42
2000,2,27,18,-11.1,915.9,3,320,42
2000,2,27,21,-9.9,917.4,4,20,39
2000,2,28,0,-9.2,918.6,4,50,54
2000,2,28,3,-9.3,919.4,3,40,64
2000,2,28,6,-9.9,920.3,2,270,54
2000,2,28,9,-12,921.7,4,270,64
2000,2,28,12,-12.4,922,NA,250,65
2000,2,28,15,-11.9,921.6,NA,260,75
2000,2,28,18,-12.4,921.4,NA,240,69
2000,2,28,21,-12,921.8,NA,220,72
2000,2,29,0,-12.5,921.5,10,260,74
2000,2,29,3,-11.9,920.6,7,230,77
2000,2,29,6,-12,919.7,8,240,77
2000,2,29,9,-11.9,919,6,NA,77
2000,2,29,12,-12.1,917.9,6,NA,77
2000,2,29,15,-12.6,917.1,7,250,77
2000,2,29,18,-12.5,916.5,7,250,77
2000,2,29,21,-12.4,915.9,10,240,77
2000,3,1,0,-12.5,915.4,8,240,77
2000,3,1,3,-13,914.6,NA,250,76
2000,3,1,6,-13,914.4,NA,240,76
2000,3,1,9,-13.4,915,17,230,76
2000,3,1,12,-13.1,914.8,16,230,76
2000,3,1,15,-12.9,915.3,13,230,76
2000,3,1,18,-13.5,915.7,NA,240,76
2000,3,1,21,-13.1,916.3,NA,230,76
2000,3,2,0,-13,917.3,NA,230,77
2000,3,2,3,-13.2,916.9,NA,230,76
2000,3,2,6,-12.5,918.2,25,240,65
2000,3,2,9,-12.5,918.4,NA,240,73
2000,3,2,12,-11.7,918.9,NA,250,76
2000,3,2,15,-12.1,918.6,38,230,73
2000,3,2,18,-12.5,919.4,NA,230,75
2000,3,2,21,-12.4,921.8,NA,230,77
2000,3,3,0,-12.6,922.1,NA,220,77
2000,3,3,3,-12,921.6,NA,250,78
2000,3,3,6,-11.2,921.5,NA,260,78
2000,3,3,9,-12.5,920.9,NA,240,77
2000,3,3,12,-13.4,920.7,NA,220,76
2000,3,3,15,-14.4,920.2,NA,230,75
2000,3,3,18,-14.9,920.6,NA,220,74
2000,3,3,21,-15.3,920.7,22,NA,74
2000,3,4,0,-15.3,921.5,21,NA,74
2000,3,4,3,-15.1,921.5,22,NA,74
2000,3,4,6,-15.4,922.3,20,NA,74
2000,3,4,9,-15.7,922.8,NA,240,73
2000,3,4,12,-15.2,923.1,18,NA,63
2000,3,4,15,-15.5,922.7,NA,NA,54
2000,3,4,18,-15.4,922.9,22,NA,68
2000,3,4,21,-14.9,922.4,NA,230,74
2000,3,5,0,-15,923.3,NA,240,74
2000,3,5,3,-14.8,923.7,25,240,74
2000,3,5,6,-14.3,924.5,NA,230,75
2000,3,5,9,-14.5,925.7,NA,240,75
2000,3,5,12,-14.6,926.7,20,240,75
2000,3,5,15,-14.4,926.8,21,240,75
2000,3,5,18,-14.4,927.4,23,230,75
2000,3,5,21,-14.9,927.7,24,230,74
2000,3,6,0,-14.8,928.2,24,230,74
2000,3,6,3,-15.2,928.2,20,250,74
2000,3,6,6,-15.5,927.9,NA,250,74
2000,3,6,9,-16.1,927.3,20,240,73
2000,3,6,12,-16.2,926.5,17,230,73
2000,3,6,15,-16.6,925.3,16,220,73
2000,3,6,18,-16.8,924.5,15,230,72
2000,3,6,21,-17.3,924.3,13,NA,72
2000,3,7,0,-17.2,923.6,NA,NA,72
2000,3,7,3,-17,923.3,NA,NA,72
2000,3,7,6,-17.2,922.7,17,240,72
2000,3,7,9,-17.3,922.6,NA,230,71
2000,3,7,12,-17.5,922.2,NA,230,71
2000,3,7,15,-18,921.4,9,270,71
2000,3,7,18,-17.7,920.7,NA,280,71
2000,3,7,21,-16.5,920.5,NA,280,72
2000,3,8,0,-13.6,920.3,2,20,75
2000,3,8,3,-13.7,919.8,6,250,76
2000,3,8,6,-14,918.5,NA,260,76
2000,3,8,9,-15.6,917.9,NA,250,73
2000,3,8,12,-14.9,918.4,NA,250,74
2000,3,8,15,-14.8,918.8,NA,230,74
2000,3,8,18,-15.5,919.6,13,240,74
2000,3,8,21,-15.5,920.8,12,260,74
2000,3,9,0,-15,922,10,240,75
2000,3,9,3,-14.9,923.3,NA,270,74
2000,3,9,6,-14.9,923.9,7,260,74
2000,3,9,9,-15.2,924.7,6,260,74
2000,3,9,12,-15,925.2,7,260,74
2000,3,9,15,-14.7,924.9,10,240,74
2000,3,9,18,-14.9,925.1,NA,250,74
2000,3,9,21,-14.8,924.7,NA,260,74
2000,3,10,0,-14.5,923.7,10,240,75
2000,3,10,3,-14.7,922.2,8,240,75
2000,3,10,6,-15.3,922,NA,230,74
2000,3,10,9,-15.7,920.1,NA,NA,73
2000,3,10,12,-15.8,920.6,NA,NA,74
2000,3,10,15,-14.7,921.9,NA,NA,68
2000,3,10,18,-14.4,923.1,NA,220,69
2000,3,10,21,-14.4,923.3,NA,230,66
2000,3,11,0,-14.8,923.5,25,220,74
2000,3,11,3,-15.7,922.9,NA,230,73
2000,3,11,6,-16.4,922.1,22,240,67
2000,3,11,9,-16.9,922.2,18,230,67
2000,3,11,12,-17.2,921.3,22,240,69
2000,3,11,15,-17.4,921.2,21,240,66
2000,3,11,18,-18.1,921.1,NA,220,70
2000,3,11,21,-18.1,921.5,NA,210,71
2000,3,12,0,-18.3,921.3,18,220,70
2000,3,12,3,-18.4,921.7,19,240,70
2000,3,12,6,-18.5,922.8,19,230,67
2000,3,12,9,-18.4,923.1,NA,260,65
2000,3,12,12,-18.9,923.2,NA,240,57
2000,3,12,15,-17.8,921.8,NA,250,52
2000,3,12,18,-16.9,922,NA,240,50
2000,3,12,21,-16.3,922.9,NA,240,48
2000,3,13,0,-14.8,922.2,NA,240,47
2000,3,13,3,-14.6,920.4,NA,250,58
2000,3,13,6,-14.9,921.2,NA,240,67
2000,3,13,9,-14.6,922.7,NA,240,65
2000,3,13,12,-14.7,923.8,NA,240,63
2000,3,13,15,-14.8,924.5,NA,230,63
2000,3,13,18,-15.2,925.2,NA,240,61
2000,3,13,21,-15.7,925.2,NA,270,70
2000,3,14,0,-14.5,925.4,3,80,71
2000,3,14,3,-14.2,925.3,4,90,74
2000,3,14,6,-14.3,925,4,50,75
2000,3,14,9,-15.3,925,NA,10,69
2000,3,14,12,-16,925,NA,250,73
2000,3,14,15,-15.8,924.7,8,230,73
2000,3,14,18,-16.3,924.1,11,250,73
2000,3,14,21,-17.2,923.7,11,NA,72
2000,3,15,0,-17.8,923.2,NA,NA,71
2000,3,15,3,-18.2,921.7,NA,NA,70
2000,3,15,6,-18.2,920.9,NA,NA,70
2000,3,15,9,-18.3,922.3,NA,220,70
2000,3,15,12,-18.6,923,NA,210,70
2000,3,15,15,-18.7,923.2,NA,210,69
2000,3,15,18,-19.5,923,9,220,69
2000,3,15,21,-19.2,923.8,5,250,69
2000,3,16,0,-19.6,NA,7,260,69
2000,3,16,3,-18.6,924.2,7,260,69
2000,3,16,6,-17.2,924.7,4,250,71
2000,3,16,9,-14.9,924.9,NA,40,72
2000,3,16,12,-15.3,924.9,NA,NA,74
2000,3,16,15,-16.7,925.1,3,280,73
2000,3,16,18,-16.9,925.1,3,260,71
2000,3,16,21,-16.6,924.9,NA,260,72
2000,3,17,0,-16.6,924.8,7,250,73
2000,3,17,3,-16.7,924.6,7,250,72
2000,3,17,6,-16.7,924.6,3,270,72
2000,3,17,9,-15.7,924.1,NA,70,72
2000,3,17,12,-15,923.4,NA,NA,74
2000,3,17,15,-14.1,923.1,1,NA,75
2000,3,17,18,-13.3,922.1,NA,NA,76
2000,3,17,21,-12.6,921.6,1,290,77
2000,3,18,0,NA,921.6,NA,NA,78
2000,3,18,3,-14.6,921.1,NA,270,75
2000,3,18,6,-15.5,921,NA,310,74
2000,3,18,9,-15.4,920.7,NA,240,74
2000,3,18,12,-16.3,920.2,NA,240,73
2000,3,18,15,-16.8,919.5,5,250,72
2000,3,18,18,-16.8,918.9,3,250,72
2000,3,18,21,-16.5,919,3,230,72
2000,3,19,0,-14.3,919.2,NA,NA,75
2000,3,19,3,-15.9,919.6,1,270,75
2000,3,19,6,-17.2,920.5,2,260,72
2000,3,19,9,-17.1,922.3,1,260,71
2000,3,19,12,-17.4,924.2,1,280,71
2000,3,19,15,-17.8,926.6,NA,NA,71
2000,3,19,18,-16.7,929.2,3,250,72
2000,3,19,21,-15.8,932.2,NA,NA,73
2000,3,20,0,-16.3,933.9,NA,NA,73
2000,3,20,3,-14.9,935.1,NA,50,74
2000,3,20,6,-15.1,936.6,NA,100,74
2000,3,20,9,-14.4,937.6,NA,20,75
2000,3,20,12,-13.7,938.6,1,270,76
2000,3,20,15,-14.3,939.2,4,260,76
2000,3,20,18,-11.8,939.8,3,NA,77
2000,3,20,21,-12.2,940.2,1,NA,77
2000,3,21,0,-11.2,939.9,3,NA,79
2000,3,21,3,-11.2,939,NA,250,79
2000,3,21,6,-11.4,937.8,4,250,79
2000,3,21,9,-12.7,936.8,NA,280,78
2000,3,21,12,-11.9,935.3,NA,NA,78
2000,3,21,15,-13.3,933.6,NA,NA,76
2000,3,21,18,-13.9,931.5,NA,NA,75
2000,3,21,21,-11.4,929.6,2,40,78
2000,3,22,0,-10.6,927.7,NA,10,80
2000,3,22,3,-9.9,926.1,NA,10,75
2000,3,22,6,-9.8,924.8,NA,250,70
2000,3,22,9,-10.7,924.1,NA,280,68
2000,3,22,12,-10.5,923.1,NA,260,65
2000,3,22,15,NA,920.9,NA,240,73
2000,3,22,18,NA,919.9,NA,240,73
2000,3,22,21,-16.8,917.6,NA,240,73
2000,3,23,0,-17,915.3,NA,230,72
2000,3,23,3,-16.3,916,NA,250,72
2000,3,23,6,-17.6,910.3,NA,230,71
2000,3,23,9,-18.8,908.9,NA,240,70
2000,3,23,12,-18.7,911.5,NA,NA,70
2000,3,23,15,-18.5,911.5,NA,NA,70
2000,3,23,18,-18.2,913.7,NA,NA,70
2000,3,23,21,-17.6,913.9,NA,NA,71
2000,3,24,0,-17.5,914.4,NA,240,71
2000,3,24,3,-17.1,913.5,NA,NA,71
2000,3,24,6,-16.8,916.5,NA,NA,72
2000,3,24,9,-16.9,916.6,NA,NA,72
2000,3,24,12,-15.9,918.1,NA,240,73
2000,3,24,15,-15.9,918.7,54,250,73
2000,3,24,18,-15.9,922.3,NA,250,64
2000,3,24,21,-15.9,923.5,NA,220,67
2000,3,25,0,-15.9,923.9,NA,270,73
2000,3,25,3,-16,922.4,NA,260,73
2000,3,25,6,-15.2,920.2,5,80,74
2000,3,25,9,-15.2,917.8,NA,30,74
2000,3,25,12,-14.7,916.1,NA,40,74
2000,3,25,15,-15.7,914.3,NA,270,74
2000,3,25,18,-16.7,913.3,5,270,73
2000,3,25,21,-16.5,912.9,NA,270,72
2000,3,26,0,-15.6,913,NA,240,73
2000,3,26,3,-19.3,912.2,NA,250,70
2000,3,26,6,-20,912,NA,240,69
2000,3,26,9,-20.8,911.3,15,250,67
2000,3,26,12,-21.4,910.8,14,240,67
2000,3,26,15,-21.9,909.7,15,NA,66
2000,3,26,18,-21.5,908.4,18,NA,66
2000,3,26,21,-22.3,908.2,NA,NA,65
2000,3,27,0,-22.1,908.9,21,NA,65
2000,3,27,3,-22.1,908.1,NA,230,66
2000,3,27,6,-21.4,907.8,NA,230,66
2000,3,27,9,-20.9,908.1,NA,230,67
2000,3,27,12,-21,910.2,NA,240,67
2000,3,27,15,-20.1,910.6,NA,NA,68
2000,3,27,18,-20,912.3,NA,NA,68
2000,3,27,21,-19.4,916.2,43,NA,69
2000,3,28,0,-18.6,919.6,NA,NA,70
2000,3,28,3,-18.2,922.5,NA,NA,70
2000,3,28,6,-18.1,923.8,NA,250,70
2000,3,28,9,-19.1,924.7,NA,270,70
2000,3,28,12,-18.7,924.5,NA,0,70
2000,3,28,15,-19.2,924.4,4,270,69
2000,3,28,18,-18.9,924.3,NA,90,69
2000,3,28,21,-16.3,923.5,NA,330,72
2000,3,29,0,-15,923.1,NA,240,74
2000,3,29,3,-12.8,922.2,NA,360,49
2000,3,29,6,-13.6,921.3,NA,10,32
2000,3,29,9,-12.6,921.2,NA,20,32
2000,3,29,12,-13.4,921.3,NA,350,32
2000,3,29,15,-15,921.3,12,20,74
2000,3,29,18,-14.4,921.9,9,10,75
2000,3,29,21,-14.3,922.4,13,10,66
2000,3,30,0,-11.7,922.7,NA,20,67
2000,3,30,3,-13.3,923.1,NA,230,64
2000,3,30,6,-12.8,923.8,NA,260,66
2000,3,30,9,-13.6,924.8,NA,260,75
2000,3,30,12,-14.2,924.5,NA,250,73
2000,3,30,15,-13.9,923.6,NA,240,54
2000,3,30,18,-14.3,920.6,NA,NA,65
2000,3,30,21,-14.7,914.7,NA,NA,74
2000,3,31,0,-14.2,916.3,56,NA,74
2000,3,31,3,-13.6,916.6,NA,NA,75
2000,3,31,6,-12.9,917.2,NA,NA,76
2000,3,31,9,-12.1,919.2,NA,230,76
2000,3,31,12,-10.6,919.7,NA,240,59
2000,3,31,15,-10.9,919.2,NA,230,64
2000,3,31,18,-11.6,918.8,NA,240,61
2000,3,31,21,-9.5,918.4,NA,250,52
2000,4,1,0,-12.9,918.8,NA,240,69
2000,4,1,3,-12.6,918,NA,NA,76
2000,4,1,6,-12.4,917.6,NA,NA,77
2000,4,1,9,-12.7,917.8,NA,NA,70
2000,4,1,12,-12.7,917.6,NA,240,68
2000,4,1,15,-11.9,917.5,NA,240,66
2000,4,1,18,-11.8,917.6,NA,220,61
2000,4,1,21,-9.8,916.3,NA,300,43
2000,4,2,0,-9.9,915.4,NA,310,34
2000,4,2,3,-10.8,914.7,NA,260,33
2000,4,2,6,-10.1,915.9,NA,250,35
2000,4,2,9,-12.9,911.9,NA,250,76
2000,4,2,12,-13.8,914.2,NA,240,72
2000,4,2,15,-13.2,917.3,NA,NA,76
2000,4,2,18,-11.1,917.1,NA,NA,52
2000,4,2,21,-11.8,915.9,NA,NA,67
2000,4,3,0,-10.6,919.4,NA,NA,64
2000,4,3,3,-9.8,917.2,NA,250,57
2000,4,3,6,-11.8,913.6,NA,240,77
2000,4,3,9,-12.1,916.2,NA,240,76
2000,4,3,12,-13,915.1,NA,240,74
2000,4,3,15,-13.8,916.5,NA,220,75
2000,4,3,18,-14.5,916.7,NA,210,74
2000,4,3,21,-14.4,915.4,NA,230,75
2000,4,4,0,-14.6,909.6,NA,250,74
2000,4,4,3,-15.7,909,NA,240,73
2000,4,4,6,-15.8,914.2,NA,250,72
2000,4,4,9,-15.7,913,45,250,61
2000,4,4,12,-15.9,911.8,NA,240,66
2000,4,4,15,-17.1,913.3,NA,240,71
2000,4,4,18,-17.6,912.7,NA,230,71
2000,4,4,21,-17.6,912,NA,240,71
2000,4,5,0,-17.7,910.2,36,230,70
2000,4,5,3,-17.2,907.8,NA,230,65
2000,4,5,6,-17.4,905.3,NA,NA,70
2000,4,5,9,-16.8,903.3,NA,NA,71
2000,4,5,12,-16.5,902,NA,NA,71
2000,4,5,15,-18.1,902.4,NA,NA,70
2000,4,5,18,-17.1,906.1,NA,NA,67
2000,4,5,21,-15.8,905.8,NA,250,51
2000,4,6,0,-16.3,905.4,NA,NA,63
2000,4,6,3,-17.4,906.4,NA,NA,71
2000,4,6,6,-17.6,907.5,43,NA,70
2000,4,6,9,-17.4,908,NA,NA,68
2000,4,6,12,-17.7,909.1,NA,230,68
2000,4,6,15,-17.6,911,NA,230,67
2000,4,6,18,-17.3,910.7,NA,260,67
2000,4,6,21,-18.4,910.1,NA,250,69
2000,4,7,0,-17.9,909.9,NA,310,55
2000,4,7,3,-17.4,909.3,6,270,61
2000,4,7,6,-18.2,909.3,NA,220,63
2000,4,7,9,-18.4,908.8,NA,20,68
2000,4,7,12,-18.8,908.4,NA,350,69
2000,4,7,15,-19.4,908.3,NA,20,62
2000,4,7,18,-19.1,908.4,4,360,65
2000,4,7,21,-19.3,908.8,NA,0,68
2000,4,8,0,-20.1,909.4,2,230,68
2000,4,8,3,-20.2,909.5,3,200,67
2000,4,8,6,-21.5,909.7,NA,260,66
2000,4,8,9,-22.3,910.1,NA,280,65
2000,4,8,12,-21.9,910.2,NA,40,65
2000,4,8,15,-21.7,910.1,5,20,65
2000,4,8,18,-21.8,910.3,3,10,65
2000,4,8,21,-21.2,910.5,2,10,66
2000,4,9,0,-21.8,910.7,1,290,66
2000,4,9,3,-20.8,910,3,260,66
2000,4,9,6,-20.6,908.9,NA,260,66
2000,4,9,9,-20.8,908.7,NA,260,67
2000,4,9,12,-22.2,909,NA,240,65
2000,4,9,15,-22.6,909,NA,250,64
2000,4,9,18,-23,909.8,20,240,64
2000,4,9,21,-23.1,910.1,21,220,64
2000,4,10,0,-23.3,911,19,230,64
2000,4,10,3,-23.7,911.4,19,240,63
2000,4,10,6,-23.9,911.3,NA,240,63
2000,4,10,9,-24,911.4,17,240,63
2000,4,10,12,-24.6,911.3,NA,NA,62
2000,4,10,15,-24.8,911.2,17,NA,62
2000,4,10,18,-25.2,910.1,NA,NA,61
2000,4,10,21,-24,910.1,NA,NA,62
2000,4,11,0,-23.5,908.1,NA,NA,63
2000,4,11,3,-22.6,910.5,NA,NA,64
2000,4,11,6,-22.6,911.6,NA,230,63
2000,4,11,9,-22.4,913.6,NA,230,63
2000,4,11,12,-22.4,916.1,NA,230,65
2000,4,11,15,-22.2,917.6,NA,240,64
2000,4,11,18,-21.8,918.6,NA,240,65
2000,4,11,21,-22,919.5,NA,240,65
2000,4,12,0,-21.5,920.3,NA,250,66
2000,4,12,3,-21.8,920.9,NA,270,65
2000,4,12,6,-22.3,921.2,NA,260,65
2000,4,12,9,-22.6,922,2,230,64
2000,4,12,12,-23.2,922,6,230,63
2000,4,12,15,-24.3,922,NA,240,62
2000,4,12,18,-24,922.3,NA,230,63
2000,4,12,21,-24.3,923.4,10,210,62
2000,4,13,0,-24.6,923.5,12,220,62
2000,4,13,3,-25.3,923.4,NA,230,61
2000,4,13,6,-26.3,923.5,NA,230,60
2000,4,13,9,-26.8,923.9,16,230,59
2000,4,13,12,-26.6,925.5,17,220,60
2000,4,13,15,-26.6,926.9,15,220,60
2000,4,13,18,-26.6,929.1,13,240,59
2000,4,13,21,-27,930.4,14,240,59
2000,4,14,0,-26.8,932.4,11,250,59
2000,4,14,3,-27.1,933.3,11,250,59
2000,4,14,6,-27.1,933.9,9,NA,59
2000,4,14,9,-27.3,934.2,8,NA,59
2000,4,14,12,-26.7,934.2,NA,0,59
2000,4,14,15,-27.2,933.3,NA,0,59
2000,4,14,18,-27.5,931.9,NA,NA,59
2000,4,14,21,-27.2,930.3,1,NA,59
2000,4,15,0,-26.8,928.7,NA,NA,59
2000,4,15,3,-25.7,927.3,NA,20,61
2000,4,15,6,-26.8,926.3,NA,10,59
2000,4,15,9,-24.7,925.4,1,10,61
2000,4,15,12,-24.8,924.7,NA,NA,62
2000,4,15,15,-24.9,923.9,2,250,61
2000,4,15,18,-25.4,923.2,3,260,61
2000,4,15,21,-28.3,922.9,NA,260,58
2000,4,16,0,-27.6,921.8,NA,230,58
2000,4,16,3,-26.9,920.4,NA,220,59
2000,4,16,6,-25.8,919.3,NA,230,60
2000,4,16,9,-25.2,919.2,NA,230,61
2000,4,16,12,-25,920.7,21,230,57
2000,4,16,15,-25.6,921.5,20,240,59
2000,4,16,18,-25.7,923.4,NA,240,59
2000,4,16,21,-26.8,924.4,19,240,59
2000,4,17,0,NA,927.7,NA,270,59
2000,4,17,3,-27.7,929.2,NA,250,58
2000,4,17,6,-28.3,931,NA,230,58
2000,4,17,9,-28.3,932,12,240,57
2000,4,17,12,-28.5,933.6,NA,230,57
2000,4,17,15,-28.2,935.4,NA,240,57
2000,4,17,18,-28.1,935.6,NA,250,57
2000,4,17,21,-27.9,936,7,240,58
2000,4,18,0,-27.9,935.5,8,250,57
2000,4,18,3,-27.6,934.5,6,240,58
2000,4,18,6,-27.5,933.7,NA,270,58
2000,4,18,9,-27.1,932.6,NA,240,58
2000,4,18,12,-27.9,932,6,250,58
2000,4,18,15,-27.6,930.7,NA,0,58
2000,4,18,18,-27.5,929.5,NA,30,58
2000,4,18,21,-26.9,928.5,NA,NA,58
2000,4,19,0,-25.7,928.5,NA,NA,60
2000,4,19,3,-25.4,927.9,NA,NA,59
2000,4,19,6,-26.3,927.8,NA,NA,58
2000,4,19,9,-25.9,927.9,NA,NA,56
2000,4,19,12,-26.6,928.6,NA,NA,55
2000,4,19,15,-27.1,928.3,NA,NA,53
2000,4,19,18,-25.8,928.9,NA,NA,49
2000,4,19,21,-25.4,929.5,1,280,42
2000,4,20,0,-24.9,930.3,NA,260,42
2000,4,20,3,-23.9,930.5,2,270,36
2000,4,20,6,-24.3,930.8,NA,0,30
2000,4,20,9,-24,931.2,NA,240,30
2000,4,20,12,-23.6,931.8,NA,230,38
2000,4,20,15,-22.1,929.6,NA,240,50
2000,4,20,18,-22.8,929.5,12,250,50
2000,4,20,21,-19.5,929.5,NA,250,39
2000,4,21,0,-19.9,928.5,NA,240,42
2000,4,21,3,-19,928.4,NA,230,51
2000,4,21,6,-20.9,928.1,22,220,66
2000,4,21,9,-20.4,926.3,NA,240,66
2000,4,21,12,-20.9,926.2,NA,230,65
2000,4,21,15,-21.5,926.4,NA,230,61
2000,4,21,18,-20.9,922.7,NA,240,65
2000,4,21,21,-20.7,921.2,NA,230,65
2000,4,22,0,-20.3,921,NA,230,67
2000,4,22,3,-20.9,920.4,NA,220,66
2000,4,22,6,-22.5,921.3,NA,240,64
2000,4,22,9,-23,922.6,NA,220,63
2000,4,22,12,-22.2,921.3,NA,240,64
2000,4,22,15,-21,922.5,NA,240,64
2000,4,22,18,-21.1,924.9,NA,230,61
2000,4,22,21,-20.7,927.5,NA,230,52
2000,4,23,0,-20.1,928.6,NA,290,43
2000,4,23,3,-20.4,928,NA,280,38
2000,4,23,6,-20.6,927.5,5,270,41
2000,4,23,9,-20.9,927.2,3,250,36
2000,4,23,12,-21.5,926.6,NA,250,58
2000,4,23,15,-23.4,926.2,NA,250,62
2000,4,23,18,-23.5,926.8,NA,50,63
2000,4,23,21,-24,927.1,4,70,63
2000,4,24,0,-21.9,927.2,2,260,62
2000,4,24,3,-20.6,927.4,1,280,43
2000,4,24,6,-19.6,927.7,1,350,36
2000,4,24,9,-22.1,928.3,4,290,36
2000,4,24,12,-21.5,928.5,3,10,39
2000,4,24,15,-20.9,928.2,1,110,37
2000,4,24,18,-21.2,928.3,1,290,58
2000,4,24,21,-22.3,928.4,NA,270,44
2000,4,25,0,-21.2,928.4,5,270,53
2000,4,25,3,-21.4,928.1,NA,260,64
2000,4,25,6,-21.2,928.6,9,230,53
2000,4,25,9,-22.8,927.3,NA,240,60
2000,4,25,12,-20.9,926.3,NA,230,61
2000,4,25,15,-19.7,924.2,NA,250,65
2000,4,25,18,-19.2,923.8,NA,240,66
2000,4,25,21,-19.1,923.9,NA,NA,68
2000,4,26,0,-18.3,925.4,NA,NA,69
2000,4,26,3,-17.9,924.8,NA,NA,69
2000,4,26,6,-18,925.8,NA,NA,70
2000,4,26,9,-16.9,925.5,NA,NA,61
2000,4,26,12,-15.4,923.4,NA,250,55
2000,4,26,15,-14.5,920.1,NA,240,53
2000,4,26,18,-14.8,915.4,NA,250,57
2000,4,26,21,-16.5,909.7,NA,230,65
2000,4,27,0,-17.4,912.5,NA,230,66
2000,4,27,3,-18,910.6,NA,240,69
2000,4,27,6,-16.9,913.7,60,NA,66
2000,4,27,9,-15.9,911.9,NA,NA,55
2000,4,27,12,-17.9,910.4,NA,NA,69
2000,4,27,15,-17.7,913.5,NA,NA,69
2000,4,27,18,-17.7,918.4,60,230,69
2000,4,27,21,-17.4,918.7,NA,230,62
2000,4,28,0,-17.4,918.7,54,NA,58
2000,4,28,3,-17.4,918.3,NA,NA,54
2000,4,28,6,-16.3,916.9,NA,NA,61
2000,4,28,9,-16.4,913.7,NA,230,56
2000,4,28,12,-16.1,916.8,NA,240,48
2000,4,28,15,-15.9,913.8,NA,240,42
2000,4,28,18,-15.6,914,NA,240,39
2000,4,28,21,-17.6,911.8,NA,230,50
2000,4,29,0,-16.6,911.3,NA,240,54
2000,4,29,3,-15.1,908.8,60,240,40
2000,4,29,6,-15.7,905.3,59,230,39
2000,4,29,9,-15.8,907.6,NA,230,36
2000,4,29,12,-12.8,905.8,NA,240,26
2000,4,29,15,-14,905.8,NA,NA,31
2000,4,29,18,-15,906,NA,NA,30
2000,4,29,21,-16.8,906.7,NA,NA,53
2000,4,30,0,-15.9,909.1,NA,230,35
2000,4,30,3,-17.3,909.9,NA,240,61
2000,4,30,6,-18,911.2,NA,270,55
2000,4,30,9,-18.8,911.6,NA,240,63
2000,4,30,12,-17.2,912,NA,40,28
2000,4,30,15,-17.7,912.2,NA,250,28
2000,4,30,18,-18.8,911.8,NA,240,34
2000,4,30,21,-20.7,912.6,NA,230,50
2000,5,1,0,-18.2,914.4,NA,240,48
2000,5,1,3,-20.7,916.1,NA,250,62
2000,5,1,6,-15.9,917.3,NA,290,34
2000,5,1,9,-19.1,917.6,NA,260,42
2000,5,1,12,-20,918.1,NA,260,65
2000,5,1,15,-17.7,917.9,NA,250,65
2000,5,1,18,-17.3,917.4,NA,270,40
2000,5,1,21,-19.3,916.6,NA,250,44
2000,5,2,0,-20.3,916,NA,260,53
2000,5,2,3,-19.1,915.6,NA,260,67
2000,5,2,6,-18.7,915.1,NA,250,63
2000,5,2,9,-18,914.4,3,350,63
2000,5,2,12,-19.2,913.6,NA,240,53
2000,5,2,15,-19.3,912.3,NA,240,45
2000,5,2,18,-17.1,912.9,NA,240,40
2000,5,2,21,-17.3,912.3,NA,230,53
2000,5,3,0,-16.7,912.7,NA,240,49
2000,5,3,3,-17,912.7,NA,230,55
2000,5,3,6,-17.1,912.7,NA,230,51
2000,5,3,9,-18.8,912.5,NA,230,49
2000,5,3,12,-19.3,912.5,NA,250,61
2000,5,3,15,-20.2,912.5,14,250,66
2000,5,3,18,-20.7,912.5,NA,270,66
2000,5,3,21,-21.4,912.2,NA,250,65
2000,5,4,0,-21.8,912,NA,250,65
2000,5,4,3,-22.6,912,NA,260,64
2000,5,4,6,-22.9,911.7,NA,250,63
2000,5,4,9,-22.7,911.8,NA,250,63
2000,5,4,12,-22.5,912,3,240,64
2000,5,4,15,-22,912.2,NA,NA,64
2000,5,4,18,-22.3,912.6,NA,NA,64
2000,5,4,21,-21.9,913.3,NA,NA,64
2000,5,5,0,-21.6,913.8,NA,NA,65
2000,5,5,3,-21,914.7,NA,NA,66
2000,5,5,6,-20.6,915.9,1,260,66
2000,5,5,9,-20.6,917.1,3,270,66
2000,5,5,12,-20.6,918.4,2,260,66
2000,5,5,15,-20.4,919.3,3,240,66
2000,5,5,18,-20.1,919.7,NA,NA,67
2000,5,5,21,-21.3,920.5,1,180,65
2000,5,6,0,-20.1,920.7,3,250,66
2000,5,6,3,-20.5,920.6,NA,250,67
2000,5,6,6,-20.4,920.6,NA,240,67
2000,5,6,9,-20.5,920.1,8,240,67
2000,5,6,12,-21.6,919.3,NA,250,65
2000,5,6,15,-19.6,918.7,NA,240,67
2000,5,6,18,-19.2,917.8,NA,230,68
2000,5,6,21,-19.4,920.2,NA,220,68
2000,5,7,0,-19.9,919.9,NA,230,67
2000,5,7,3,-19.9,919.6,NA,230,67
2000,5,7,6,-19.7,918.1,NA,240,68
2000,5,7,9,-19.9,918,NA,230,67
2000,5,7,12,-20.2,917.4,NA,240,63
2000,5,7,15,-20.4,917.5,NA,220,66
2000,5,7,18,-20.9,918.3,NA,200,66
2000,5,7,21,-21.5,917.9,NA,190,65
2000,5,8,0,-21.9,917.2,NA,350,65
2000,5,8,3,-22.9,916.7,4,360,63
2000,5,8,6,-23.3,916.4,2,40,63
2000,5,8,9,-22.5,916.3,2,90,64
2000,5,8,12,-23.7,916.1,NA,NA,63
2000,5,8,15,-23.8,915.9,2,350,62
2000,5,8,18,-22.8,915.7,NA,70,64
2000,5,8,21,-22.5,915.5,1,30,64
2000,5,9,0,-23.1,915.4,NA,0,63
2000,5,9,3,-24.5,914.7,NA,250,62
2000,5,9,6,-24.1,914.2,NA,240,62
2000,5,9,9,-26.3,913.1,NA,240,60
2000,5,9,12,-25.7,913.1,NA,250,60
2000,5,9,15,-23.7,912.9,14,250,63
2000,5,9,18,-23.6,912.4,14,250,62
2000,5,9,21,-23.5,912.1,NA,230,63
2000,5,10,0,-23,910.7,NA,240,50
2000,5,10,3,-22.1,909,NA,NA,51
2000,5,10,6,-19.4,906.6,NA,330,43
2000,5,10,9,-20.2,904.2,NA,10,36
2000,5,10,12,-17.3,901.4,NA,310,32
2000,5,10,15,-18.8,899.2,2,240,30
2000,5,10,18,-19,897.9,4,260,29
2000,5,10,21,-21.3,897.2,4,0,42
2000,5,11,0,-22.1,898.1,NA,20,64
2000,5,11,3,-22.1,899.2,NA,310,64
2000,5,11,6,-23.3,899.2,NA,40,63
2000,5,11,9,-22.5,899.1,2,270,64
2000,5,11,12,-20.5,899.2,2,60,56
2000,5,11,15,-19.9,899.8,4,200,42
2000,5,11,18,-19.5,899.9,NA,220,48
2000,5,11,21,-16.6,899,NA,230,69
2000,5,12,0,-16.6,901.6,NA,230,71
2000,5,12,3,-18.7,899.9,NA,240,69
2000,5,12,6,-19,899,NA,250,68
2000,5,12,9,-18.6,905.4,NA,240,68
2000,5,12,12,-15.8,908,NA,250,52
2000,5,12,15,-14.7,907.8,NA,230,53
2000,5,12,18,-13.4,908.1,NA,240,49
2000,5,12,21,-14.1,908.1,NA,230,63
2000,5,13,0,-15.3,908.1,NA,230,73
2000,5,13,3,-14.9,908.3,NA,240,70
2000,5,13,6,-15.3,908.5,NA,230,73
2000,5,13,9,-14.6,909.4,NA,230,65
2000,5,13,12,-14.8,910.1,NA,230,69
2000,5,13,15,-14.4,913.7,NA,270,74
2000,5,13,18,-14.5,913.9,NA,10,60
2000,5,13,21,-13.5,914.9,NA,240,48
2000,5,14,0,-12.9,916.1,NA,260,50
2000,5,14,3,-17.8,919.5,NA,180,56
2000,5,14,6,-17.4,919.8,NA,250,55
2000,5,14,9,-18.7,920.4,7,350,56
2000,5,14,12,-19.5,920.4,NA,10,59
2000,5,14,15,-18.7,920.8,NA,40,42
2000,5,14,18,-20.3,920.4,NA,20,45
2000,5,14,21,-19.4,919.6,NA,20,48
2000,5,15,0,-17.5,918.8,14,30,49
2000,5,15,3,-17.8,917.4,NA,30,64
2000,5,15,6,-18.6,916.5,NA,270,53
2000,5,15,9,-18.6,914.5,NA,80,68
2000,5,15,12,-19.6,912.2,NA,250,67
2000,5,15,15,-19.8,910.3,NA,240,67
2000,5,15,18,-20.1,909.7,NA,240,66
2000,5,15,21,-20.7,910.1,NA,240,66
2000,5,16,0,-19.9,910,NA,220,67
2000,5,16,3,-19.9,912.5,NA,250,67
2000,5,16,6,-20.9,913.2,NA,230,66
2000,5,16,9,-21.7,915.3,NA,260,65
2000,5,16,12,-21.8,916.5,NA,240,65
2000,5,16,15,-21.9,917,NA,270,65
2000,5,16,18,-22.1,917.1,NA,70,65
2000,5,16,21,-22,916.9,1,70,65
2000,5,17,0,-22.3,916.7,NA,NA,64
2000,5,17,3,-22.7,916.2,4,250,64
2000,5,17,6,-22.7,915.2,NA,240,64
2000,5,17,9,-23.8,914.3,NA,230,63
2000,5,17,12,-23.7,914,NA,210,63
2000,5,17,15,-23.8,914.1,NA,230,62
2000,5,17,18,-23.9,914.7,NA,230,62
2000,5,17,21,-23.8,915.9,NA,240,62
2000,5,18,0,-22.6,916.9,NA,10,64
2000,5,18,3,-22,916.6,NA,30,64
2000,5,18,6,-22.5,916.6,NA,30,64
2000,5,18,9,-23.5,916.7,NA,10,63
2000,5,18,12,-20.8,916.6,NA,30,66
2000,5,18,15,-20.7,916.3,NA,40,64
2000,5,18,18,-20,917.1,NA,30,56
2000,5,18,21,-21.5,917.7,NA,260,63
2000,5,19,0,-20.7,917.5,NA,260,65
2000,5,19,3,-23,916.7,NA,250,64
2000,5,19,6,-21.6,915.5,NA,220,65
2000,5,19,9,-21.2,915.7,NA,220,66
2000,5,19,12,-20.5,914.8,NA,230,67
2000,5,19,15,-21,915.5,NA,NA,66
2000,5,19,18,-20.1,917,NA,NA,68
2000,5,19,21,-20.7,916.7,NA,NA,66
2000,5,20,0,-21.9,918.2,NA,240,65
2000,5,20,3,-23.2,919.8,54,240,63
2000,5,20,6,-23.4,921.7,NA,NA,63
2000,5,20,9,-23.2,922.8,NA,NA,63
2000,5,20,12,-23.2,924,NA,NA,63
2000,5,20,15,-22.5,927.1,NA,NA,63
2000,5,20,18,-22.9,926.8,NA,230,59
2000,5,20,21,-21.9,926.8,NA,230,56
2000,5,21,0,-22.6,929.9,NA,200,63
2000,5,21,3,-23.1,929.4,NA,240,63
2000,5,21,6,-22.6,928.3,NA,230,64
2000,5,21,9,-22.1,927.5,NA,230,64
2000,5,21,12,-22.5,926.9,34,220,64
2000,5,21,15,-22.4,928.6,NA,220,64
2000,5,21,18,-22.8,930,NA,220,64
2000,5,21,21,-22.4,930.1,NA,230,64
2000,5,22,0,-22.9,929.5,18,230,64
2000,5,22,3,-23.9,929.3,NA,240,62
2000,5,22,6,-21.1,930,NA,260,65
2000,5,22,9,-22.4,929.2,NA,230,64
2000,5,22,12,-21.8,928.2,NA,240,65
2000,5,22,15,-21.5,927,NA,250,65
2000,5,22,18,-20.6,925.9,8,250,61
2000,5,22,21,-22.5,924.3,10,270,59
2000,5,23,0,-21.3,922.9,NA,270,65
2000,5,23,3,-20.3,921,NA,240,67
2000,5,23,6,-22.1,919.3,NA,NA,65
2000,5,23,9,-22.6,917.8,NA,NA,65
2000,5,23,12,-23.3,916.3,NA,NA,63
2000,5,23,15,-20.4,914.2,NA,230,66
2000,5,23,18,-20.4,915.9,NA,230,66
2000,5,23,21,-21.7,916.1,NA,240,65
2000,5,24,0,-23.4,917.5,NA,240,63
2000,5,24,3,-24.6,919.2,53,250,62
2000,5,24,6,-25.8,920.2,NA,230,60
2000,5,24,9,-26.3,921.5,NA,230,59
2000,5,24,12,-26,924.1,NA,230,60
2000,5,24,15,-26.3,924.7,NA,220,59
2000,5,24,18,-27.2,924,NA,220,59
2000,5,24,21,-25.7,925,NA,230,60
2000,5,25,0,-27,922.8,NA,230,59
2000,5,25,3,-26.7,924.1,NA,220,60
2000,5,25,6,-26.7,925.6,NA,220,59
2000,5,25,9,-28.3,926.1,NA,230,57
2000,5,25,12,-28.4,925.5,NA,240,57
2000,5,25,15,-30.2,924,NA,240,56
2000,5,25,18,-30.3,923.2,NA,240,55
2000,5,25,21,-30.7,922.4,NA,230,55
2000,5,26,0,-32,922.3,NA,260,54
2000,5,26,3,-30.9,922.4,NA,30,54
2000,5,26,6,-31.6,922.7,NA,120,53
2000,5,26,9,-32.7,923.8,3,240,52
2000,5,26,12,-33.5,925.6,5,270,51
2000,5,26,15,-33.5,927.1,6,240,51
2000,5,26,18,-32.8,929.1,5,250,52
2000,5,26,21,-31.8,932.2,6,240,53
2000,5,27,0,-30.7,935.3,NA,0,54
2000,5,27,3,-29.5,937.1,NA,360,55
2000,5,27,6,-28.5,938.9,4,40,57
2000,5,27,9,-29,941,NA,40,56
2000,5,27,12,-28.3,941.3,NA,10,57
2000,5,27,15,-27.7,942,NA,270,56
2000,5,27,18,-27.2,942.4,NA,20,55
2000,5,27,21,-25.6,943,NA,20,60
2000,5,28,0,-24.6,945.3,NA,300,61
2000,5,28,3,-24.5,947.7,NA,240,61
2000,5,28,6,-25,949.8,3,210,61
2000,5,28,9,-24.8,951.8,1,240,61
2000,5,28,12,-24.4,953.2,1,250,62
2000,5,28,15,-25,954.1,NA,230,61
2000,5,28,18,-24.9,954.4,3,270,61
2000,5,28,21,-26.1,954.4,NA,240,59
2000,5,29,0,-26.2,952.4,NA,NA,59
2000,5,29,3,-26.2,950,NA,NA,59
2000,5,29,6,-25.6,949.1,NA,NA,60
2000,5,29,9,-25.4,947.7,46,NA,60
2000,5,29,12,-25.9,946.6,NA,NA,60
2000,5,29,15,-26.4,946.7,NA,NA,60
2000,5,29,18,-26.3,946.5,NA,NA,59
2000,5,29,21,-25.3,946.3,NA,220,59
2000,5,30,0,-25.7,946.9,NA,230,60
2000,5,30,3,-26.9,945.2,NA,240,59
2000,5,30,6,-29.4,943.5,NA,230,58
2000,5,30,9,-29.8,939.3,NA,NA,55
2000,5,30,12,-30.4,934.6,NA,NA,55
2000,5,30,15,-30.4,935.8,NA,NA,55
2000,5,30,18,-30,935.4,NA,230,54
2000,5,30,21,-28.7,934.1,NA,NA,43
2000,5,31,0,-28.5,933.8,NA,NA,42
2000,5,31,3,-27.8,930.4,NA,NA,41
2000,5,31,6,-28.4,927.8,NA,240,49
2000,5,31,9,-27.9,928.3,NA,230,55
2000,5,31,12,-28,927.5,NA,230,52
2000,5,31,15,-28.4,927,NA,240,53
2000,5,31,18,-28.7,926.3,NA,230,57
2000,5,31,21,-29.1,925.4,NA,230,53
2000,6,1,0,-28,926.9,NA,250,49
2000,6,1,3,-28.1,927,NA,230,37
2000,6,1,6,-26.4,924.9,NA,330,34
2000,6,1,9,-26.1,923.2,NA,20,33
2000,6,1,12,-26,922.4,NA,40,29
2000,6,1,15,-26.6,919.6,NA,10,28
2000,6,1,18,-25.4,916.2,NA,320,24
2000,6,1,21,-23.3,913.2,3,40,20
2000,6,2,0,-20.7,910.7,2,30,16
2000,6,2,3,-18.9,909.1,3,290,14
2000,6,2,6,-17.6,908.6,NA,290,12
2000,6,2,9,-15.9,908.3,NA,210,19
2000,6,2,12,-16.9,909.4,NA,230,30
2000,6,2,15,-17.5,909.6,NA,230,70
2000,6,2,18,-17.2,909.3,NA,240,71
2000,6,2,21,-18.7,912.4,NA,250,69
2000,6,3,0,-19.6,916.7,NA,240,68
2000,6,3,3,-21.1,918.2,NA,230,66
2000,6,3,6,-21.5,923.4,NA,230,65
2000,6,3,9,-20.7,926.5,NA,260,65
2000,6,3,12,-21.1,928.1,NA,220,65
2000,6,3,15,-21.6,925.2,NA,240,66
2000,6,3,18,-17.6,923.6,NA,240,53
2000,6,3,21,NA,922.2,NA,240,26
2000,6,4,0,-15.3,922.1,7,230,20
2000,6,4,3,-14.1,921.2,NA,230,38
2000,6,4,6,-12,920.2,NA,240,76
2000,6,4,9,-11.7,922.2,NA,NA,77
2000,6,4,12,-10.7,921.1,NA,NA,77
2000,6,4,15,-11,921.5,NA,NA,77
2000,6,4,18,-11.1,921.9,NA,NA,78
2000,6,4,21,-10.5,920.3,NA,230,79
2000,6,5,0,-10.8,921.9,NA,250,79
2000,6,5,3,-10.2,920.5,NA,240,66
2000,6,5,6,-9.6,916.6,NA,240,76
2000,6,5,9,-9.9,914.9,NA,240,77
2000,6,5,12,-11.4,917.9,NA,250,78
2000,6,5,15,-8.6,917.3,NA,250,55
2000,6,5,18,-9.1,918.4,NA,230,49
2000,6,5,21,-10,917.2,NA,250,73
2000,6,6,0,-9.2,916.6,NA,240,65
2000,6,6,3,-10.6,919.8,NA,260,79
2000,6,6,6,-13,919.9,NA,250,76
2000,6,6,9,-14.9,919,NA,220,73
2000,6,6,12,-15.2,923,NA,250,74
2000,6,6,15,-15.3,922.5,NA,50,72
2000,6,6,18,-14.2,922.3,3,40,55
2000,6,6,21,-15.5,922.9,NA,260,67
2000,6,7,0,-14.7,923.8,NA,200,74
2000,6,7,3,-16.3,925,NA,160,70
2000,6,7,6,-17.1,925.6,NA,350,71
2000,6,7,9,-18.1,926.1,4,240,70
2000,6,7,12,-18,926.4,NA,230,70
2000,6,7,15,-18.1,926.2,NA,220,70
2000,6,7,18,-18.5,926.6,8,210,70
2000,6,7,21,-19.8,927.5,NA,210,68
2000,6,8,0,-20.6,927.3,NA,0,67
2000,6,8,3,-20.6,926.8,3,200,67
2000,6,8,6,-21.3,926.5,3,240,66
2000,6,8,9,-22,926.3,3,260,66
2000,6,8,12,-21.6,926.3,2,260,66
2000,6,8,15,-23,926.4,4,270,64
2000,6,8,18,-23.4,926.7,5,240,64
2000,6,8,21,-23.9,927.6,4,220,63
2000,6,9,0,-24,928.6,NA,210,63
2000,6,9,3,-24.2,928.8,NA,230,63
2000,6,9,6,-24.8,929.7,NA,230,62
2000,6,9,9,-25.4,930.6,12,240,61
2000,6,9,12,-26.2,930.8,13,250,60
2000,6,9,15,-26.3,931,11,240,60
2000,6,9,18,-26.4,931.9,NA,250,60
2000,6,9,21,-26.6,932.6,11,240,60
2000,6,10,0,-26.5,933.1,12,240,60
2000,6,10,3,-26.2,934.6,NA,250,60
2000,6,10,6,-25.6,935.2,9,240,61
2000,6,10,9,-25.7,936.1,NA,260,61
2000,6,10,12,-25.5,936.2,5,250,61
2000,6,10,15,-25.6,936.8,3,260,61
2000,6,10,18,-25.8,936.9,1,280,60
2000,6,10,21,-25.1,936.8,NA,NA,61
2000,6,11,0,-25.1,937.1,NA,NA,61
2000,6,11,3,-25,936.7,NA,NA,61
2000,6,11,6,-25.4,936.7,NA,NA,61
2000,6,11,9,-25.8,936.3,NA,NA,60
2000,6,11,12,-25.6,936.3,NA,NA,61
2000,6,11,15,-25,935.7,0,NA,61
2000,6,11,18,-23.2,935.3,NA,NA,63
2000,6,11,21,-22.9,934.9,NA,NA,64
2000,6,12,0,-21.9,934.1,NA,NA,63
2000,6,12,3,-21.3,933.3,1,290,54
2000,6,12,6,-19.5,932.1,NA,NA,48
2000,6,12,9,-20,930.9,1,300,39
2000,6,12,12,-19,929.7,1,330,33
2000,6,12,15,-18.8,928.3,1,300,29
2000,6,12,18,-18.1,926.8,2,360,28
2000,6,12,21,-19.6,925,4,20,31
2000,6,13,0,-18.5,923.4,NA,0,29
2000,6,13,3,-17.7,921.5,3,20,26
2000,6,13,6,-17.2,919.7,3,280,26
2000,6,13,9,-16.9,918.8,2,300,26
2000,6,13,12,-19.8,918,NA,30,26
2000,6,13,15,NA,918.3,NA,270,36
2000,6,13,18,-21.3,918.8,5,240,32
2000,6,13,21,-22.6,919.6,NA,10,35
2000,6,14,0,NA,920.5,NA,240,56
2000,6,14,3,NA,921,NA,240,56
2000,6,14,6,-29.4,920.2,NA,230,55
2000,6,14,9,-29.7,920.3,NA,250,55
2000,6,14,12,-30.1,920.2,NA,240,54
2000,6,14,15,-30.1,920.4,NA,230,54
2000,6,14,18,-31.2,919.8,NA,230,53
2000,6,14,21,-31.6,920.5,NA,230,53
2000,6,15,0,-32.1,921.1,NA,250,52
2000,6,15,3,-32.2,921.5,16,240,52
2000,6,15,6,-32.1,922.2,13,260,52
2000,6,15,9,-32,922.5,NA,260,52
2000,6,15,12,-32.2,923,14,240,52
2000,6,15,15,-32,923.5,12,250,52
2000,6,15,18,-31,923.5,11,270,53
2000,6,15,21,-30.3,924.2,11,250,54
2000,6,16,0,-30.8,924.7,11,260,54
2000,6,16,3,-30.2,924.4,NA,NA,54
2000,6,16,6,-30,924.9,NA,NA,55
2000,6,16,9,-30,925.6,17,NA,54
2000,6,16,12,-29.2,926.3,NA,240,55
2000,6,16,15,-28.2,926.8,NA,NA,56
2000,6,16,18,-27.9,926.7,11,NA,57
2000,6,16,21,-27.7,927,9,230,57
2000,6,17,0,-27.7,926.7,NA,230,58
2000,6,17,3,-27.5,926.2,NA,240,58
2000,6,17,6,-28.1,926.5,NA,NA,57
2000,6,17,9,-27.7,925.9,NA,NA,57
2000,6,17,12,-27.6,925.8,12,NA,58
2000,6,17,15,-27.4,925.9,NA,260,58
2000,6,17,18,-26.9,925.2,NA,100,58
2000,6,17,21,-26.9,924.3,NA,30,58
2000,6,18,0,-27.3,923.4,1,200,58
2000,6,18,3,-27.3,922.3,3,180,58
2000,6,18,6,-29.5,921.2,NA,240,56
2000,6,18,9,-29.6,919.3,2,230,55
2000,6,18,12,-30,917.4,NA,330,55
2000,6,18,15,-30.3,914.8,3,20,54
2000,6,18,18,-30.6,911.7,NA,50,54
2000,6,18,21,-29.9,909.2,6,60,55
2000,6,19,0,NA,906.8,NA,20,59
2000,6,19,3,-27.5,905,8,40,56
2000,6,19,6,-26.5,903.9,NA,30,55
2000,6,19,9,-24.5,903.4,6,20,54
2000,6,19,12,-23.3,904.4,7,20,46
2000,6,19,15,-25.7,906.3,NA,260,61
2000,6,19,18,-25.6,909.2,NA,240,60
2000,6,19,21,-29.9,912.3,NA,250,55
2000,6,20,0,-26.7,915.4,13,250,57
2000,6,20,3,-27.5,918.2,NA,240,58
2000,6,20,6,-26.9,920.5,NA,230,58
2000,6,20,9,-27.8,924.1,21,240,57
2000,6,20,12,-27.7,926.6,NA,230,58
2000,6,20,15,-28.1,929,NA,240,57
2000,6,20,18,-27.8,931.8,26,230,57
2000,6,20,21,-27.8,937,NA,250,57
2000,6,21,0,-27.5,938.8,NA,230,58
2000,6,21,3,-27.6,938.2,NA,NA,57
2000,6,21,6,-24.7,937.6,5,NA,60
2000,6,21,9,-24,937.2,NA,NA,53
2000,6,21,12,-24.1,936.1,NA,NA,51
2000,6,21,15,-22.1,935.5,NA,NA,44
2000,6,21,18,-21.1,935.9,NA,NA,34
2000,6,21,21,NA,935.2,3,NA,46
2000,6,22,0,NA,933.9,NA,NA,57
2000,6,22,3,-27.8,933.8,NA,50,57
2000,6,22,6,-28.1,931.2,NA,40,57
2000,6,22,9,-28.5,929.1,NA,330,56
2000,6,22,12,-28.3,927.2,NA,NA,57
2000,6,22,15,-27.2,926.5,4,NA,59
2000,6,22,18,-25.3,926.2,NA,NA,61
2000,6,22,21,-24.9,926.5,3,180,60
2000,6,23,0,-25.3,926.4,NA,10,60
2000,6,23,3,-25.4,927.3,NA,10,44
2000,6,23,6,-25.6,927.9,NA,360,52
2000,6,23,9,-24.4,927.9,5,10,42
2000,6,23,12,-25,928.3,NA,60,47
2000,6,23,15,-26.5,928.1,5,270,42
2000,6,23,18,-24.8,927.9,3,360,34
2000,6,23,21,-24.5,927.9,NA,360,28
2000,6,24,0,-26.9,928.6,5,50,33
2000,6,24,3,-26.7,929.4,4,20,42
2000,6,24,6,-25.4,929.9,NA,0,36
2000,6,24,9,-24.1,930.2,NA,280,33
2000,6,24,12,-21.8,931.5,4,250,25
2000,6,24,15,NA,932.4,NA,310,14
2000,6,24,18,-19.3,931.8,NA,340,16
2000,6,24,21,-20.1,930.5,NA,10,22
2000,6,25,0,-21.9,929.8,NA,10,27
2000,6,25,3,-21.7,929.1,NA,30,27
2000,6,25,6,-21.5,928.2,NA,0,30
2000,6,25,9,-21.4,927.1,NA,350,29
2000,6,25,12,-20.1,925.8,NA,310,26
2000,6,25,15,-19.1,924.5,NA,130,20
2000,6,25,18,-21,923.3,NA,230,26
2000,6,25,21,-21.8,923.2,NA,210,26
2000,6,26,0,-22.5,923,NA,260,26
2000,6,26,3,-21.5,922.3,NA,0,29
2000,6,26,6,-21,921.1,3,40,24
2000,6,26,9,-21.5,920.3,4,20,28
2000,6,26,12,-22,918.6,NA,10,29
2000,6,26,15,NA,916.7,NA,260,33
2000,6,26,18,-25.8,914.9,NA,50,35
2000,6,26,21,-27.7,914.7,NA,30,41
2000,6,27,0,-28.1,914.7,NA,230,53
2000,6,27,3,-27.6,915.5,NA,240,49
2000,6,27,6,-27.5,917.1,NA,240,52
2000,6,27,9,-24.5,920.1,NA,230,47
2000,6,27,12,-25.6,920.6,NA,240,41
2000,6,27,15,-23.8,921.1,NA,240,34
2000,6,27,18,-25.2,921.5,NA,230,37
2000,6,27,21,-27.2,921.2,NA,230,45
2000,6,28,0,-27.5,923.5,NA,230,55
2000,6,28,3,-27.2,923.8,NA,250,57
2000,6,28,6,-26.7,924.1,NA,70,58
2000,6,28,9,-27.8,924.3,NA,50,56
2000,6,28,12,-28.5,925.1,5,50,56
2000,6,28,15,-28.7,926.5,NA,250,56
2000,6,28,18,-29.1,927.9,1,230,55
2000,6,28,21,-31.9,928.7,NA,260,52
2000,6,29,0,-32.4,929.4,NA,230,52
2000,6,29,3,-32.5,929.3,13,210,51
2000,6,29,6,-33,928.5,NA,260,51
2000,6,29,9,-32.7,926,11,240,52
2000,6,29,12,-31.7,923.5,NA,230,52
2000,6,29,15,-31.6,919.6,NA,220,52
2000,6,29,18,-31.7,916.9,NA,230,52
2000,6,29,21,-32.1,915.1,NA,220,52
2000,6,30,0,-32.5,913.7,NA,230,52
2000,6,30,3,-32.5,912.2,NA,220,52
2000,6,30,6,-32.5,910.5,NA,240,51
2000,6,30,9,-31.9,911.6,NA,230,52
2000,6,30,12,-32,912,NA,230,52
2000,6,30,15,-32.5,913.1,NA,250,51
2000,6,30,18,-33.1,913.5,NA,260,50
2000,6,30,21,-32.6,914.1,NA,190,51
2000,7,1,0,-34.1,914,NA,260,50
2000,7,1,3,-33.9,912.9,1,290,50
2000,7,1,6,-33.8,911.8,NA,NA,50
2000,7,1,9,-32.4,909.8,NA,250,51
2000,7,1,12,-31.3,908.2,4,270,52
2000,7,1,15,-31.6,907,3,180,52
2000,7,1,18,-30.4,906.4,4,230,54
2000,7,1,21,-30.2,906.8,NA,230,51
2000,7,2,0,-28.1,906.9,NA,240,40
2000,7,2,3,-27.5,906.5,4,230,37
2000,7,2,6,-27.2,906.3,NA,240,34
2000,7,2,9,-26.4,906.4,NA,180,32
2000,7,2,12,-25.4,906.8,NA,350,25
2000,7,2,15,-25.3,906.9,NA,360,23
2000,7,2,18,-24.8,907.2,3,40,22
2000,7,2,21,-27.5,907.9,NA,300,25
2000,7,3,0,-27.2,907.9,1,250,33
2000,7,3,3,-29.9,906,NA,30,36
2000,7,3,6,-29,904.3,NA,10,41
2000,7,3,9,-30.6,903.5,NA,350,53
2000,7,3,12,-29.4,902.7,NA,200,36
2000,7,3,15,-28.5,901.7,NA,260,36
2000,7,3,18,-28.7,901.2,4,250,39
2000,7,3,21,-27.2,901.6,6,260,35
2000,7,4,0,-27.5,902.5,NA,260,27
2000,7,4,3,-26.5,903.8,9,250,23
2000,7,4,6,-24.4,905.7,NA,240,22
2000,7,4,9,-23.9,906.8,NA,240,22
2000,7,4,12,-21.3,907.9,NA,230,53
2000,7,4,15,-21.2,904.2,NA,240,64
2000,7,4,18,-22.3,906.6,NA,250,64
2000,7,4,21,-22.4,908.3,NA,240,60
2000,7,5,0,-22.5,909,NA,170,63
2000,7,5,3,-21.9,910,NA,240,42
2000,7,5,6,-23.6,912.1,NA,180,57
2000,7,5,9,-24.2,913.1,NA,240,54
2000,7,5,12,-23.5,914.7,NA,220,45
2000,7,5,15,-21.6,915,NA,250,46
2000,7,5,18,-21.7,914,NA,230,46
2000,7,5,21,-22,917.7,NA,230,58
2000,7,6,0,-22.6,917.6,NA,240,62
2000,7,6,3,-24.3,920.5,NA,250,61
2000,7,6,6,-24.6,923.1,NA,260,61
2000,7,6,9,-24.5,923.4,NA,40,60
2000,7,6,12,-24.1,924.1,NA,10,58
2000,7,6,15,-25,925.2,NA,0,56
2000,7,6,18,-23.9,927.1,NA,340,60
2000,7,6,21,-22.5,929.5,NA,330,50
2000,7,7,0,-21.1,930,NA,240,37
2000,7,7,3,-20.7,930.8,NA,10,32
2000,7,7,6,-19.8,930.6,NA,350,32
2000,7,7,9,-16.4,931,NA,260,22
2000,7,7,12,-15.3,929.5,NA,240,18
2000,7,7,15,-15.8,928.7,NA,240,20
2000,7,7,18,-15.1,928,NA,230,15
2000,7,7,21,-16.4,927.4,NA,260,19
2000,7,8,0,-14.9,926.6,NA,360,18
2000,7,8,3,-16.3,924.1,NA,20,19
2000,7,8,6,-15,920.1,NA,250,14
2000,7,8,9,-12.9,915,NA,60,13
2000,7,8,12,-11.3,909.3,NA,30,11
2000,7,8,15,-12.2,907,NA,230,10
2000,7,8,18,NA,903.8,NA,240,24
2000,7,8,21,NA,901.6,NA,230,57
2000,7,9,0,-19.8,902.7,NA,NA,57
2000,7,9,3,-20.5,903.8,NA,NA,60
2000,7,9,6,-22.1,906.4,NA,NA,62
2000,7,9,9,-22.6,910.5,NA,NA,54
2000,7,9,12,-23.8,913.2,NA,240,57
2000,7,9,15,-23.8,914.1,NA,230,60
2000,7,9,18,-24.4,917.5,NA,240,59
2000,7,9,21,-23.5,920.1,NA,230,43
2000,7,10,0,-23.9,920.9,NA,230,49
2000,7,10,3,-24.6,920.5,NA,NA,50
2000,7,10,6,-24.9,919.9,NA,NA,51
2000,7,10,9,-24.9,920.5,NA,NA,53
2000,7,10,12,-25,919.7,31,240,54
2000,7,10,15,-25,921.7,NA,290,53
2000,7,10,18,-24.9,918.3,NA,20,59
2000,7,10,21,-25.9,913.2,NA,20,59
2000,7,11,0,-27.4,909.3,NA,10,57
2000,7,11,3,-27.3,908.6,NA,20,57
2000,7,11,6,-27.8,910.2,NA,230,57
2000,7,11,9,-28.3,912.6,4,20,56
2000,7,11,12,-28.2,915.8,4,20,56
2000,7,11,15,-26,918,NA,20,57
2000,7,11,18,NA,919.8,NA,310,63
2000,7,11,21,NA,921.6,NA,310,22
2000,7,12,0,NA,922.5,5,300,18
2000,7,12,3,-11.7,922.6,NA,230,16
2000,7,12,6,-13.2,922.9,6,290,11
2000,7,12,9,-12.7,923.7,NA,250,14
2000,7,12,12,NA,924.7,NA,10,35
2000,7,12,15,NA,924.6,NA,240,34
2000,7,12,18,-21.6,922.9,NA,350,60
2000,7,12,21,-21.6,920.9,NA,360,57
2000,7,13,0,-21.8,918,29,360,63
2000,7,13,3,-21.6,916.2,NA,10,64
2000,7,13,6,-21.7,915.9,NA,130,64
2000,7,13,9,-22.5,915.1,NA,230,64
2000,7,13,12,-24.3,914.3,NA,240,61
2000,7,13,15,-25.6,914,NA,240,60
2000,7,13,18,-27.7,914.8,NA,250,57
2000,7,13,21,NA,915.2,NA,240,54
2000,7,14,0,-30.6,916.7,NA,240,53
2000,7,14,3,-30.6,917.3,NA,250,45
2000,7,14,6,-30.1,917.5,NA,10,53
2000,7,14,9,-29.3,917.5,NA,360,34
2000,7,14,12,-28.6,918.4,NA,0,29
2000,7,14,15,-28.7,921.1,8,20,35
2000,7,14,18,-29.1,923.6,8,90,49
2000,7,14,21,-30.1,925.3,8,60,54
2000,7,15,0,-30.8,926.8,9,280,52
2000,7,15,3,-29.1,927.3,NA,340,39
2000,7,15,6,-27,926.4,NA,20,30
2000,7,15,9,NA,926,NA,210,33
2000,7,15,12,-22.5,926.5,NA,240,28
2000,7,15,15,-23.3,925.9,NA,240,40
2000,7,15,18,-22.2,926.1,NA,250,47
2000,7,15,21,-18.5,925.2,NA,250,39
2000,7,16,0,-19.1,926,NA,250,39
2000,7,16,3,-16,926.6,NA,240,36
2000,7,16,6,-16,925.9,NA,250,44
2000,7,16,9,NA,923.3,NA,250,66
2000,7,16,12,-13.5,921.9,NA,230,74
2000,7,16,15,-13,919.8,NA,NA,73
2000,7,16,18,-11.9,922.2,NA,NA,49
2000,7,16,21,-10.5,926.1,NA,NA,38
2000,7,17,0,-12.6,927.6,NA,50,41
2000,7,17,3,NA,925.6,NA,30,50
2000,7,17,6,-15.2,925.2,NA,340,47
2000,7,17,9,-16.6,924,NA,260,45
2000,7,17,12,-18.3,921.3,NA,240,51
2000,7,17,15,-16.6,920.7,NA,230,48
2000,7,17,18,-16.6,918.9,NA,240,44
2000,7,17,21,-15.9,916.1,NA,0,41
2000,7,18,0,-16.6,913.9,NA,10,36
2000,7,18,3,-16.6,911.6,NA,10,34
2000,7,18,6,-17.2,909.9,NA,70,31
2000,7,18,9,-20.2,911.9,NA,210,46
2000,7,18,12,-21.1,913.9,NA,230,47
2000,7,18,15,-23.5,914.7,NA,240,58
2000,7,18,18,-23.1,916.2,NA,250,60
2000,7,18,21,-22.9,917.7,NA,140,52
2000,7,19,0,-22.4,919,NA,360,49
2000,7,19,3,-21.8,920.5,NA,340,48
2000,7,19,6,-22,922.4,NA,230,42
2000,7,19,9,-19.6,923.6,NA,250,32
2000,7,19,12,-18.5,925.5,NA,230,25
2000,7,19,15,-18,927.1,8,220,23
2000,7,19,18,-16.5,929.1,NA,250,23
2000,7,19,21,-15.6,930.4,NA,140,29
2000,7,20,0,-16.2,931,4,230,34
2000,7,20,3,-16.2,930.9,1,280,31
2000,7,20,6,-16,929.6,NA,360,36
2000,7,20,9,-16.9,928.9,NA,30,36
2000,7,20,12,-17,928.1,NA,260,37
2000,7,20,15,-16.7,928.8,NA,180,31
2000,7,20,18,-16.5,929.3,NA,0,33
2000,7,20,21,-15.9,929.5,NA,210,NA
2000,7,21,0,-20.4,930.5,NA,260,51
2000,7,21,3,-17,930.9,NA,260,63
2000,7,21,6,-17,931.4,NA,230,66
2000,7,21,9,-15.4,931.7,NA,250,52
2000,7,21,12,-15.1,932.2,NA,260,50
2000,7,21,15,-15.1,933.6,NA,230,48
2000,7,21,18,-16.9,935.1,NA,220,49
2000,7,21,21,-17.9,936.7,NA,240,53
2000,7,22,0,-17.2,938.1,NA,230,54
2000,7,22,3,-16.9,937.7,NA,10,53
2000,7,22,6,-17.9,937.5,NA,20,52
2000,7,22,9,-18.5,935.6,NA,10,59
2000,7,22,12,-18.1,934.1,NA,10,51
2000,7,22,15,-16.9,932.6,NA,190,45
2000,7,22,18,-18,930.9,NA,30,44
2000,7,22,21,-17.6,930,NA,10,41
2000,7,23,0,-15.5,929.2,NA,30,NA
2000,7,23,3,-17.6,928.3,NA,30,67
2000,7,23,6,-18.7,928.4,NA,50,67
2000,7,23,9,-18.9,928.8,NA,70,68
2000,7,23,12,-18.8,929.4,NA,240,68
2000,7,23,15,-19.1,929.9,NA,240,68
2000,7,23,18,-19.7,928.9,NA,240,67
2000,7,23,21,-19.7,928.2,NA,230,68
2000,7,24,0,-19.5,929.2,NA,240,67
2000,7,24,3,-19.6,932.8,NA,230,67
2000,7,24,6,-19.3,934.9,NA,230,67
2000,7,24,9,-19.1,937.9,43,240,68
2000,7,24,12,-20.3,939.7,41,230,67
2000,7,24,15,-20.1,941,NA,240,67
2000,7,24,18,-20.6,943.1,NA,240,66
2000,7,24,21,-20.9,944.5,NA,260,66
2000,7,25,0,-20.6,943.6,NA,40,66
2000,7,25,3,-20.1,941.9,NA,30,64
2000,7,25,6,-19.3,940.5,NA,30,54
2000,7,25,9,-20.2,938.3,NA,10,57
2000,7,25,12,-18.6,935.6,NA,280,51
2000,7,25,15,-19.7,933.2,NA,360,51
2000,7,25,18,-19.8,931.1,4,240,52
2000,7,25,21,-18.5,929.5,NA,240,49
2000,7,26,0,-17.5,927.9,NA,230,55
2000,7,26,3,-20,925.2,NA,240,56
2000,7,26,6,-22.2,922.7,NA,260,63
2000,7,26,9,-21.8,920.6,NA,220,63
2000,7,26,12,-20.7,918.6,NA,230,65
2000,7,26,15,-21.1,918.1,NA,230,63
2000,7,26,18,-23.4,918.5,NA,230,63
2000,7,26,21,-23.9,919.6,NA,240,61
2000,7,27,0,-25.6,919.1,NA,230,60
2000,7,27,3,-26.4,920.5,NA,230,59
2000,7,27,6,-26.9,921.6,NA,240,58
2000,7,27,9,-27.4,922.4,NA,270,57
2000,7,27,12,-26.3,922.8,NA,50,59
2000,7,27,15,-26.9,922.6,NA,50,58
2000,7,27,18,-27.3,922.3,5,70,57
2000,7,27,21,-26.9,921.3,NA,40,58
2000,7,28,0,-28.3,920.3,9,30,57
2000,7,28,3,-27.2,918.2,NA,20,58
2000,7,28,6,-27.8,918,NA,30,57
2000,7,28,9,-28,917.7,NA,20,56
2000,7,28,12,-28.8,918.1,NA,30,54
2000,7,28,15,-28.3,918.5,NA,40,56
2000,7,28,18,-29.6,919,NA,50,55
2000,7,28,21,-28.7,919.9,NA,30,55
2000,7,29,0,-27.7,921.6,3,250,47
2000,7,29,3,-28.6,922.4,NA,250,51
2000,7,29,6,NA,922.9,NA,240,51
2000,7,29,9,-29.7,920.7,NA,220,54
2000,7,29,12,-28.7,917.9,NA,240,55
2000,7,29,15,-28.8,919,NA,220,53
2000,7,29,18,-29.2,915.3,NA,240,54
2000,7,29,21,-30.1,916.9,NA,230,53
2000,7,30,0,-30.6,915.5,NA,240,54
2000,7,30,3,-31.2,920.1,59,240,52
2000,7,30,6,-30.3,919,57,230,45
2000,7,30,9,-31.6,919,NA,230,45
2000,7,30,12,-32,919.6,NA,230,50
2000,7,30,15,-32.1,919.3,NA,240,51
2000,7,30,18,-32.8,919.7,57,240,50
2000,7,30,21,-32.3,920.2,NA,230,46
2000,7,31,0,-31.6,922.8,NA,240,45
2000,7,31,3,-31,921.4,NA,230,31
2000,7,31,6,-32.2,921.9,NA,230,40
2000,7,31,9,-31.4,921.6,NA,230,46
2000,7,31,12,-31.2,922.5,39,220,43
2000,7,31,15,-31.5,923.7,NA,230,46
2000,7,31,18,-31.6,924,NA,NA,46
2000,7,31,21,-30.8,924.8,NA,NA,36
2000,8,1,0,-29.9,923.4,NA,NA,32
2000,8,1,3,-28.6,921.9,NA,220,28
2000,8,1,6,-29,921.4,NA,240,45
2000,8,1,9,-26.7,919.4,NA,240,26
2000,8,1,12,-26.6,919,NA,230,38
2000,8,1,15,-24.1,917,NA,240,25
2000,8,1,18,-23.4,916.5,NA,240,41
2000,8,1,21,-21.8,915.8,39,230,48
2000,8,2,0,-20.4,915.2,NA,240,51
2000,8,2,3,-18.4,913.8,NA,240,51
2000,8,2,6,-17.5,912.8,NA,NA,67
2000,8,2,9,-16.9,910.4,NA,NA,70
2000,8,2,12,-15.8,912.3,59,NA,71
2000,8,2,15,-14.8,913.2,60,240,73
2000,8,2,18,-13.6,914.8,57,240,74
2000,8,2,21,-13.9,918.7,NA,250,74
2000,8,3,0,-13.7,921.6,NA,250,74
2000,8,3,3,-14.2,921.8,NA,250,73
2000,8,3,6,-14.7,919,NA,240,72
2000,8,3,9,-14.5,916.1,59,NA,73
2000,8,3,12,-13.7,919.3,55,NA,75
2000,8,3,15,-14.7,919.4,NA,NA,74
2000,8,3,18,-14.5,919.7,NA,230,74
2000,8,3,21,-13.9,917.3,NA,240,75
2000,8,4,0,-12.6,913.1,NA,230,76
2000,8,4,3,-13.4,913.1,NA,240,75
2000,8,4,6,-13.8,911.7,NA,230,75
2000,8,4,9,-13.5,916.1,NA,230,75
2000,8,4,12,-13.4,912,NA,NA,75
2000,8,4,15,-13.3,913.8,NA,NA,75
2000,8,4,18,-12.4,911.2,NA,NA,66
2000,8,4,21,-12.7,915.4,NA,NA,55
2000,8,5,0,-12.7,916.6,NA,NA,50
2000,8,5,3,-13.6,919.2,NA,NA,44
2000,8,5,6,-14,921.7,57,NA,48
2000,8,5,9,-14.5,927.1,NA,NA,37
2000,8,5,12,-16.1,931.9,NA,220,46
2000,8,5,15,-17.2,932.9,NA,230,59
2000,8,5,18,-16.2,934.3,22,230,62
2000,8,5,21,-18.3,935.2,24,230,64
2000,8,6,0,-18.6,936.3,25,250,58
2000,8,6,3,-19.4,937.2,NA,230,35
2000,8,6,6,-19.5,936.3,NA,50,41
2000,8,6,9,-19.7,935,4,60,38
2000,8,6,12,-21.7,934.3,4,220,54
2000,8,6,15,-20.1,933.2,1,180,39
2000,8,6,18,-19.9,931.8,NA,NA,45
2000,8,6,21,-22.6,930.5,NA,240,61
2000,8,7,0,-22.6,930.6,NA,230,59
2000,8,7,3,-25.3,930.4,NA,250,57
2000,8,7,6,-24.9,930.1,NA,230,60
2000,8,7,9,-26.2,930.1,NA,NA,59
2000,8,7,12,-25.8,930.2,NA,NA,60
2000,8,7,15,-26.4,930.1,23,NA,59
2000,8,7,18,-27.1,930.2,NA,NA,58
2000,8,7,21,-27.7,930,NA,210,57
2000,8,8,0,-28.3,929.5,NA,220,57
2000,8,8,3,-29.2,928.6,10,220,56
2000,8,8,6,-30.9,927.3,9,230,54
2000,8,8,9,-32.8,926.7,11,230,52
2000,8,8,12,-33.8,926.5,9,240,50
2000,8,8,15,-34,925.9,NA,220,49
2000,8,8,18,-35.3,926.1,NA,230,49
2000,8,8,21,-35.4,926,NA,240,48
2000,8,9,0,-35.7,926.7,NA,230,48
2000,8,9,3,-34.9,927.7,NA,200,49
2000,8,9,6,-33.8,927.2,6,240,50
2000,8,9,9,-32.6,926.8,NA,210,51
2000,8,9,12,-31,926.9,NA,270,53
2000,8,9,15,-29.1,925.8,9,230,55
2000,8,9,18,NA,924.7,7,230,60
2000,8,9,21,NA,922.9,10,240,62
2000,8,10,0,-22.5,921.4,10,240,62
2000,8,10,3,-21.2,919.8,NA,230,57
2000,8,10,6,-21.3,917.7,NA,250,53
2000,8,10,9,-21.4,915.8,4,250,61
2000,8,10,12,-21.3,913.5,4,240,61
2000,8,10,15,-21.3,911.2,NA,0,56
2000,8,10,18,-23.7,909.2,NA,0,62
2000,8,10,21,-23.4,908.1,1,320,62
2000,8,11,0,-25.7,906.8,NA,250,60
2000,8,11,3,-26.2,905.7,NA,240,59
2000,8,11,6,-27.6,904.8,15,260,58
2000,8,11,9,-27.9,904.6,13,250,57
2000,8,11,12,-28.6,904.5,NA,250,56
2000,8,11,15,-29.1,904.6,17,250,56
2000,8,11,18,-29.6,905.2,16,240,55
2000,8,11,21,-29.6,906.2,NA,230,55
2000,8,12,0,-29.6,907.5,18,230,55
2000,8,12,3,-29.7,908.3,18,240,55
2000,8,12,6,-28.9,909.6,22,230,56
2000,8,12,9,-28.5,910.4,NA,230,56
2000,8,12,12,-28.2,911.7,23,240,56
2000,8,12,15,-27.3,912.6,NA,NA,57
2000,8,12,18,-27.6,914.2,NA,NA,57
2000,8,12,21,-28.3,916.6,NA,240,57
2000,8,13,0,-27.8,918,NA,230,57
2000,8,13,3,-27.5,919.2,26,230,57
2000,8,13,6,-28.1,920.4,24,230,57
2000,8,13,9,-28.5,921.8,NA,240,56
2000,8,13,12,-28.7,922.9,NA,240,56
2000,8,13,15,-28.9,922.3,NA,240,56
2000,8,13,18,-27.1,921.3,NA,20,58
2000,8,13,21,-28.3,919.7,NA,10,57
2000,8,14,0,-27.1,918.5,NA,30,57
2000,8,14,3,-28.4,917.4,NA,10,56
2000,8,14,6,-30,916.1,NA,350,55
2000,8,14,9,-29,914.4,5,20,56
2000,8,14,12,-28.2,912.7,NA,350,56
2000,8,14,15,-29.8,910.9,6,360,55
2000,8,14,18,-29.1,909.1,NA,230,56
2000,8,14,21,-29.2,908.1,NA,0,56
2000,8,15,0,-29.3,907.3,NA,250,55
2000,8,15,3,NA,906.7,NA,220,NA
2000,8,15,6,-30.3,907,NA,NA,54
2000,8,15,9,-30.3,908.6,NA,NA,54
2000,8,15,12,-30,911.9,NA,NA,55
2000,8,15,15,-29.7,914.7,NA,220,55
2000,8,15,18,-30.3,917.4,NA,230,55
2000,8,15,21,-30.8,919.2,NA,250,54
2000,8,16,0,-29.9,920.4,NA,240,55
2000,8,16,3,-29.9,921.3,NA,250,53
2000,8,16,6,-31,921.5,NA,240,49
2000,8,16,9,-30.3,921,NA,260,53
2000,8,16,12,-30.9,919.7,NA,240,53
2000,8,16,15,-30.3,920.2,NA,260,54
2000,8,16,18,-31.7,919.9,NA,250,53
2000,8,16,21,-30.7,920.1,NA,250,53
2000,8,17,0,-31.3,920.2,NA,40,53
2000,8,17,3,-31.9,920.4,2,270,53
2000,8,17,6,-32.2,921,4,220,52
2000,8,17,9,-32.4,921.8,NA,240,52
2000,8,17,12,-34.3,922.2,NA,240,50
2000,8,17,15,-34.7,922.9,NA,250,49
2000,8,17,18,-34.2,922,NA,10,50
2000,8,17,21,-33.5,919.7,NA,30,50
2000,8,18,0,-33.5,918.5,NA,50,51
2000,8,18,3,-33,917.7,NA,30,51
2000,8,18,6,-33,919.2,8,30,51
2000,8,18,9,-33,921.2,NA,10,51
2000,8,18,12,-33.4,923,5,260,51
2000,8,18,15,-33.1,924.3,2,260,51
2000,8,18,18,-34.7,924.1,NA,250,51
2000,8,18,21,-32.9,923.9,2,240,51
2000,8,19,0,-31.6,924.9,NA,220,51
2000,8,19,3,-29.5,924.7,NA,240,42
2000,8,19,6,-29.4,924.3,NA,230,40
2000,8,19,9,-28,923.8,NA,240,38
2000,8,19,12,-27.6,923.4,NA,0,35
2000,8,19,15,-25.8,922.5,NA,320,30
2000,8,19,18,-25.6,920.8,NA,10,24
2000,8,19,21,-25.4,918.9,NA,330,20
2000,8,20,0,-22,917.8,NA,20,17
2000,8,20,3,-23.5,917.9,NA,250,18
2000,8,20,6,-22.7,919.1,NA,30,17
2000,8,20,9,-23.4,919.6,NA,360,25
2000,8,20,12,-22.4,919,NA,340,28
2000,8,20,15,-20.9,920.9,NA,30,19
2000,8,20,18,-20.7,923,NA,350,23
2000,8,20,21,-22.5,924.3,8,310,23
2000,8,21,0,-21.2,923.9,NA,340,27
2000,8,21,3,-22.9,922.7,NA,20,25
2000,8,21,6,-22.6,921.3,NA,40,24
2000,8,21,9,-24.3,920.9,NA,240,28
2000,8,21,12,-23,922.9,NA,230,46
2000,8,21,15,-26.1,923.5,NA,230,54
2000,8,21,18,-26.2,924.6,NA,240,45
2000,8,21,21,-27.4,924.5,NA,250,38
2000,8,22,0,-27.3,924.5,NA,250,43
2000,8,22,3,-28.9,925.4,NA,240,51
2000,8,22,6,-29.1,926.3,NA,NA,55
2000,8,22,9,-30.7,926.8,NA,NA,52
2000,8,22,12,-32.8,927.9,NA,NA,51
2000,8,22,15,-32.3,929.4,NA,NA,51
2000,8,22,18,-31,928.6,NA,240,38
2000,8,22,21,-29.8,926.8,NA,230,29
2000,8,23,0,-27.7,924.8,NA,250,28
2000,8,23,3,-28.1,923.3,NA,230,32
2000,8,23,6,-27.3,922.9,NA,230,25
2000,8,23,9,-29.9,921.3,NA,240,53
2000,8,23,12,-30.8,922.8,NA,230,53
2000,8,23,15,-30.7,922.4,NA,230,53
2000,8,23,18,-30.7,920.8,NA,0,51
2000,8,23,21,-27.7,917.7,NA,300,31
2000,8,24,0,-26.9,914,NA,30,21
2000,8,24,3,-23.4,910.2,NA,20,17
2000,8,24,6,NA,908,10,270,17
2000,8,24,9,-23.2,907.9,NA,200,17
2000,8,24,12,-23.9,906.5,NA,130,36
2000,8,24,15,-24.4,906.4,NA,240,39
2000,8,24,18,-23.5,908.9,NA,190,30
2000,8,24,21,-24.9,912.7,NA,180,42
2000,8,25,0,-27.8,913.4,NA,230,52
2000,8,25,3,-26.4,917.9,NA,240,52
2000,8,25,6,-24.6,922.8,43,230,31
2000,8,25,9,-23.1,925.2,42,NA,29
2000,8,25,12,-23.9,921.9,NA,NA,37
2000,8,25,15,-24.6,923.5,NA,NA,58
2000,8,25,18,-25.6,917.1,NA,240,58
2000,8,25,21,-25.5,923.4,NA,240,58
2000,8,26,0,-23.5,924.4,55,250,46
2000,8,26,3,-24.1,922.8,NA,220,53
2000,8,26,6,-23.7,924.8,59,230,33
2000,8,26,9,-21.4,922.4,NA,240,30
2000,8,26,12,-22,923.4,NA,230,32
2000,8,26,15,-21.6,923.8,NA,230,27
2000,8,26,18,-18.6,921.5,NA,240,21
2000,8,26,21,-20.7,921.4,NA,250,25
2000,8,27,0,-19.9,922.1,NA,240,29
2000,8,27,3,-19.8,922,NA,230,24
2000,8,27,6,-18.1,922.5,6,300,24
2000,8,27,9,-19.6,924.7,7,250,31
2000,8,27,12,-18.2,925,NA,230,33
2000,8,27,15,-18,924.3,NA,10,31
2000,8,27,18,NA,921.7,NA,10,18
2000,8,27,21,-14.6,918.6,NA,50,22
2000,8,28,0,NA,916.6,NA,250,25
2000,8,28,3,NA,915.4,NA,310,30
2000,8,28,6,NA,916.2,NA,220,58
2000,8,28,9,NA,916.1,NA,140,54
2000,8,28,12,-21.7,915.5,NA,190,62
2000,8,28,15,-23.1,911.3,NA,230,62
2000,8,28,18,-23.3,909.4,NA,230,62
2000,8,28,21,-23.8,913.6,NA,230,53
2000,8,29,0,-24,915.3,NA,240,51
2000,8,29,3,-21.8,917.9,NA,20,37
2000,8,29,6,-21.1,919.8,NA,350,30
2000,8,29,9,-20.4,921.7,NA,360,25
2000,8,29,12,-23.3,924,NA,240,32
2000,8,29,15,-23,925.9,4,250,38
2000,8,29,18,-21.4,924.7,NA,20,61
2000,8,29,21,-21.7,923,NA,50,63
2000,8,30,0,-20.6,921.7,NA,30,65
2000,8,30,3,-21.9,923.1,3,40,64
2000,8,30,6,-22.9,924.2,3,260,63
2000,8,30,9,-23.5,926.2,2,240,62
2000,8,30,12,-24.5,927.8,NA,NA,61
2000,8,30,15,-24.7,928.4,NA,NA,60
2000,8,30,18,-24.3,927.8,NA,50,61
2000,8,30,21,-23.7,928,2,50,62
2000,8,31,0,-23.8,928.8,3,240,62
2000,8,31,3,-23.6,930.2,2,250,62
2000,8,31,6,-25.1,930.8,3,260,61
2000,8,31,9,-24.5,933.3,5,250,60
2000,8,31,12,-24.8,935.1,6,250,61
2000,8,31,15,-25.1,936.6,3,270,60
2000,8,31,18,-24.6,937.2,NA,220,62
2000,8,31,21,-24.7,938.6,NA,NA,60
2000,9,1,0,-22.3,939.7,1,180,63
2000,9,1,3,-22.8,941,3,230,63
2000,9,1,6,-22.3,942.6,3,220,64
2000,9,1,9,-20.9,944.4,1,230,65
2000,9,1,12,-21.2,945.2,NA,NA,64
2000,9,1,15,-18.1,945.8,2,330,61
2000,9,1,18,-17.7,946,NA,20,54
2000,9,1,21,-16.4,946.9,2,10,41
2000,9,2,0,-15.6,947.2,2,270,41
2000,9,2,3,-17,947.2,2,240,28
2000,9,2,6,-18.3,946.7,NA,30,31
2000,9,2,9,-19,946.8,NA,50,30
2000,9,2,12,-20.4,948.1,6,230,31
2000,9,2,15,-22,949.9,NA,260,32
2000,9,2,18,-21.4,950.7,NA,10,42
2000,9,2,21,-17.7,951.6,NA,320,32
2000,9,3,0,-18.2,953,NA,220,25
2000,9,3,3,-18.5,951.3,NA,240,51
2000,9,3,6,-16.9,953.3,NA,240,30
2000,9,3,9,-15.2,953.4,NA,240,27
2000,9,3,12,-14.9,952.9,NA,230,25
2000,9,3,15,-14.7,954.1,NA,NA,22
2000,9,3,18,-13.6,952.9,NA,NA,20
2000,9,3,21,-13.2,950.6,NA,NA,16
2000,9,4,0,-12.5,948.7,NA,240,17
2000,9,4,3,-13.7,946.7,NA,230,27
2000,9,4,6,-13.6,945.6,NA,210,33
2000,9,4,9,-14.9,944.6,NA,230,28
2000,9,4,12,-16.9,942.4,NA,230,48
2000,9,4,15,-17.6,943.7,NA,230,41
2000,9,4,18,-16.7,943,NA,110,37
2000,9,4,21,-16.3,942.2,NA,60,29
2000,9,5,0,-17.1,940.6,NA,40,32
2000,9,5,3,-17.4,938.6,NA,20,28
2000,9,5,6,-16.4,937.7,NA,0,27
2000,9,5,9,-15.9,938.1,NA,230,25
2000,9,5,12,-17.2,937.9,NA,250,35
2000,9,5,15,-17.3,937.8,NA,220,37
2000,9,5,18,-19.3,938.5,NA,230,46
2000,9,5,21,-19.1,937.7,NA,240,49
2000,9,6,0,-18.6,935.2,NA,240,31
2000,9,6,3,-18,932.9,NA,240,32
2000,9,6,6,-20.5,933.5,NA,230,41
2000,9,6,9,-21.5,931,NA,240,44
2000,9,6,12,-22,929.5,NA,230,40
2000,9,6,15,-22.9,928.3,NA,230,44
2000,9,6,18,-23.6,926.1,NA,240,45
2000,9,6,21,-24.3,922.1,NA,20,45
2000,9,7,0,-24.2,916.2,NA,40,43
2000,9,7,3,-24.7,912.1,NA,40,53
2000,9,7,6,-24.5,910.7,NA,90,59
2000,9,7,9,-25.3,912,NA,250,59
2000,9,7,12,-27.5,913.5,NA,240,57
2000,9,7,15,-25.6,915.1,NA,230,54
2000,9,7,18,-25.7,918.4,NA,230,50
2000,9,7,21,-26.6,923.2,NA,220,56
2000,9,8,0,-26.9,925.6,NA,250,57
2000,9,8,3,-25.5,928.6,NA,240,55
2000,9,8,6,-23.5,930.3,NA,250,32
2000,9,8,9,-24.8,933,NA,230,40
2000,9,8,12,-23.6,937.7,NA,240,45
2000,9,8,15,-23.1,940.2,NA,NA,49
2000,9,8,18,-22.9,942,NA,NA,52
2000,9,8,21,-23.1,944.5,NA,NA,55
2000,9,9,0,-23.2,945.8,NA,NA,60
2000,9,9,3,-23,945,NA,280,52
2000,9,9,6,-24.2,943.2,NA,350,49
2000,9,9,9,-24.2,941.4,NA,10,59
2000,9,9,12,-25.4,939.2,NA,260,37
2000,9,9,15,-25.9,937.4,NA,240,37
2000,9,9,18,-25.1,935.9,6,40,35
2000,9,9,21,-24.9,935.6,5,60,42
2000,9,10,0,-24.8,935.6,7,50,59
2000,9,10,3,-24.6,936.6,NA,20,59
2000,9,10,6,-24.8,938.6,NA,350,59
2000,9,10,9,-26.6,940.6,NA,240,58
2000,9,10,12,-25.2,943.9,NA,NA,59
2000,9,10,15,-27.4,945.3,NA,NA,53
2000,9,10,18,-28,948.5,NA,NA,51
2000,9,10,21,-28.5,951,NA,250,55
2000,9,11,0,-28,952,NA,100,56
2000,9,11,3,-28.1,951,NA,60,56
2000,9,11,6,-28.6,948.6,NA,340,55
2000,9,11,9,-27.2,945.3,NA,70,56
2000,9,11,12,-27.4,942,5,250,57
2000,9,11,15,-29.5,938.7,NA,260,55
2000,9,11,18,-27.4,937.4,NA,270,55
2000,9,11,21,-26.2,937.5,NA,250,58
2000,9,12,0,-25.1,940.4,NA,240,NA
2000,9,12,3,-23.4,943,NA,40,61
2000,9,12,6,-24.3,943.9,NA,50,61
2000,9,12,9,-24.3,944.3,NA,30,61
2000,9,12,12,-24.2,944.2,NA,30,61
2000,9,12,15,-22,941.9,NA,20,62
2000,9,12,18,-23.3,940.4,NA,10,62
2000,9,12,21,-24.3,938.6,NA,250,61
2000,9,13,0,-25,936.9,5,260,60
2000,9,13,3,-21,936,2,200,63
2000,9,13,6,-22.8,936.5,4,240,64
2000,9,13,9,NA,937,3,250,63
2000,9,13,12,-19.4,936.8,NA,40,44
2000,9,13,15,NA,936.2,NA,10,40
2000,9,13,18,-19.1,935.8,NA,10,34
2000,9,13,21,-19.5,936.2,NA,360,34
2000,9,14,0,-17.5,936.3,NA,20,29
2000,9,14,3,-16,936.5,NA,20,32
2000,9,14,6,-15.6,936.6,NA,320,35
2000,9,14,9,-14.7,936.8,NA,250,33
2000,9,14,12,-14.8,936.2,NA,0,29
2000,9,14,15,-12.5,935.4,NA,230,36
2000,9,14,18,-17,936.6,NA,260,31
2000,9,14,21,NA,937.1,NA,250,54
2000,9,15,0,-16.9,936.2,NA,30,47
2000,9,15,3,-17.1,934.9,NA,360,36
2000,9,15,6,-16.6,933.9,9,20,47
2000,9,15,9,-16.7,933.1,8,350,64
2000,9,15,12,-16.8,931.3,NA,40,69
2000,9,15,15,-16.3,929.4,NA,30,71
2000,9,15,18,-14.1,927.9,NA,20,69
2000,9,15,21,-15.6,927.1,NA,10,68
2000,9,16,0,-16.6,926.7,NA,220,67
2000,9,16,3,NA,924.5,NA,230,69
2000,9,16,6,-20.2,924,NA,230,63
2000,9,16,9,NA,925.2,NA,210,58
2000,9,16,12,NA,927,NA,210,56
2000,9,16,15,NA,926.8,NA,230,54
2000,9,16,18,-32.2,926.6,NA,280,52
2000,9,16,21,-33.8,926.6,NA,270,52
2000,9,17,0,-28.9,925.6,5,230,55
2000,9,17,3,-30,924.1,NA,150,55
2000,9,17,6,-29.7,923.1,5,50,55
2000,9,17,9,-29,921.4,NA,20,43
2000,9,17,12,-28.8,919.2,NA,50,33
2000,9,17,15,-29.6,917.8,NA,50,35
2000,9,17,18,-29.4,916.4,NA,70,36
2000,9,17,21,-28.6,915.4,11,350,32
2000,9,18,0,-27.1,914.1,NA,10,29
2000,9,18,3,-27.3,913.1,NA,340,30
2000,9,18,6,-27.9,912.5,NA,240,27
2000,9,18,9,-28,912.8,1,230,26
2000,9,18,12,-26.3,912.5,2,360,22
2000,9,18,15,-28.2,912.1,NA,350,19
2000,9,18,18,-28,911.4,NA,10,32
2000,9,18,21,-29.6,911,NA,20,39
2000,9,19,0,-28.6,910.3,NA,30,46
2000,9,19,3,-29.3,909.9,NA,10,48
2000,9,19,6,-29.4,909.3,NA,360,53
2000,9,19,9,-26.9,908.7,8,30,39
2000,9,19,12,-27.1,908.1,NA,30,35
2000,9,19,15,-26.8,909.4,10,30,29
2000,9,19,18,-28.3,912.9,NA,270,38
2000,9,19,21,-26.5,916,NA,260,30
2000,9,20,0,-26.4,917.8,NA,230,32
2000,9,20,3,-28.9,918.2,NA,240,45
2000,9,20,6,-29.2,919.1,NA,240,43
2000,9,20,9,-28.2,919.7,NA,230,51
2000,9,20,12,-29.4,920.7,NA,230,46
2000,9,20,15,-30.6,923,NA,230,48
2000,9,20,18,-31.4,923.3,NA,250,52
2000,9,20,21,-30.6,921.9,NA,230,47
2000,9,21,0,-29.5,921.1,NA,230,39
2000,9,21,3,-28.6,921.7,NA,230,35
2000,9,21,6,-28.3,922.3,NA,190,35
2000,9,21,9,-26.7,921.3,NA,330,27
2000,9,21,12,-27.7,919.9,NA,40,26
2000,9,21,15,-26.2,918.1,NA,20,22
2000,9,21,18,-23.4,916.2,NA,20,18
2000,9,21,21,-25.9,915,NA,30,27
2000,9,22,0,-26.4,913.7,NA,30,NA
2000,9,22,3,-28.1,913.4,NA,360,49
2000,9,22,6,-29.4,913.4,NA,50,54
2000,9,22,9,-29.2,912.8,NA,240,54
2000,9,22,12,-30,912.7,NA,270,54
2000,9,22,15,-28.5,912.3,NA,80,55
2000,9,22,18,-28.3,912.3,NA,10,55
2000,9,22,21,-29.4,912.9,NA,250,55
2000,9,23,0,-28.3,912.3,NA,240,55
2000,9,23,3,-27.6,912.4,NA,230,56
2000,9,23,6,-27.3,911,NA,230,57
2000,9,23,9,-26.3,908.8,NA,220,57
2000,9,23,12,-26,905,NA,230,58
2000,9,23,15,-25.6,901.1,NA,NA,58
2000,9,23,18,-26.9,899.7,NA,NA,58
2000,9,23,21,-25.2,901.3,NA,NA,59
2000,9,24,0,-25,902.8,NA,NA,59
2000,9,24,3,-24.5,902.2,NA,NA,60
2000,9,24,6,-23.9,901.8,NA,240,61
2000,9,24,9,-22.8,898.3,NA,240,62
2000,9,24,12,-21.3,898.3,NA,240,62
2000,9,24,15,-20.5,897.4,NA,250,63
2000,9,24,18,-20.4,897.3,NA,NA,65
2000,9,24,21,-19.7,900.7,NA,NA,66
2000,9,25,0,-19.2,898.3,NA,NA,67
2000,9,25,3,-17.8,895.1,NA,240,68
2000,9,25,6,-17.6,897.4,NA,240,70
2000,9,25,9,-16.8,899,58,NA,70
2000,9,25,12,-17,899.1,NA,NA,69
2000,9,25,15,-17.8,899.6,NA,NA,69
2000,9,25,18,-17.6,903.1,NA,220,70
2000,9,25,21,-18.1,906.6,NA,210,69
2000,9,26,0,-18.4,908.7,NA,220,69
2000,9,26,3,-17.9,910.2,38,230,69
2000,9,26,6,-17.1,909.1,NA,240,70
2000,9,26,9,-15.3,911.2,NA,250,72
2000,9,26,12,-13.4,910.6,45,250,72
2000,9,26,15,-13.3,910.3,NA,240,74
2000,9,26,18,-13.7,910.7,NA,NA,74
2000,9,26,21,-13.8,914.3,NA,NA,74
2000,9,27,0,-11.6,916.5,NA,NA,68
2000,9,27,3,-11.5,917.8,NA,NA,60
2000,9,27,6,-13.1,916.9,NA,320,72
2000,9,27,9,-15.3,917,NA,110,74
2000,9,27,12,-17.3,915.7,NA,50,71
2000,9,27,15,-16.7,913.4,NA,350,70
2000,9,27,18,-17.9,911.5,NA,40,70
2000,9,27,21,-17.7,909.2,NA,40,68
2000,9,28,0,-18.1,907,NA,20,70
2000,9,28,3,-17.8,905.5,NA,250,70
2000,9,28,6,-18.9,904.5,NA,100,69
2000,9,28,9,-21.4,905.5,NA,90,66
2000,9,28,12,NA,906.9,NA,200,62
2000,9,28,15,-25.2,907.5,NA,230,61
2000,9,28,18,-24.7,909.4,NA,240,61
2000,9,28,21,-23.5,910.6,NA,190,54
2000,9,29,0,-22,911.5,NA,240,NA
2000,9,29,3,-18.7,913.9,NA,240,37
2000,9,29,6,-18.2,915.7,NA,220,32
2000,9,29,9,-18,916,NA,320,31
2000,9,29,12,-15.3,915.3,NA,340,26
2000,9,29,15,-13.8,914.4,NA,10,24
2000,9,29,18,-13,914.3,NA,270,21
2000,9,29,21,-10.9,914.1,NA,340,19
2000,9,30,0,NA,914.8,5,210,NA
2000,9,30,3,NA,915.1,NA,50,44
2000,9,30,6,-19.1,914.9,NA,50,47
2000,9,30,9,-19.9,913.8,NA,10,53
2000,9,30,12,-19.1,913.3,NA,20,55
2000,9,30,15,-19,912.8,NA,20,53
2000,9,30,18,-19.5,912.6,NA,10,60
2000,9,30,21,-19,912.2,NA,20,59
2000,10,1,0,-18.7,913.5,NA,60,65
2000,10,1,3,-21.6,913.4,NA,240,65
2000,10,1,6,-22.2,913.5,NA,220,64
2000,10,1,9,-22.5,913.6,NA,230,64
2000,10,1,12,-21.6,913,NA,240,64
2000,10,1,15,-21.5,913.9,NA,240,65
2000,10,1,18,-20.9,913.7,NA,270,65
2000,10,1,21,-20.4,913.3,19,240,66
2000,10,2,0,-20,912.2,20,250,67
2000,10,2,3,-19.2,911.3,16,250,68
2000,10,2,6,-16.8,908.1,NA,240,70
2000,10,2,9,-16.6,905.3,NA,240,70
2000,10,2,12,-17.3,902.1,NA,230,70
2000,10,2,15,-19.6,901.8,NA,230,67
2000,10,2,18,-18.2,897.7,NA,240,69
2000,10,2,21,-20.1,898.3,NA,230,68
2000,10,3,0,-18.8,893.7,NA,250,68
2000,10,3,3,-19.8,896.6,NA,240,67
2000,10,3,6,-20,895.2,NA,NA,66
2000,10,3,9,-19.6,900.4,NA,NA,66
2000,10,3,12,-19.1,897.6,NA,NA,68
2000,10,3,15,-19.1,896.1,NA,NA,68
2000,10,3,18,-18.8,897.1,NA,230,58
2000,10,3,21,-18.2,896.7,NA,240,56
2000,10,4,0,-20.7,897.7,NA,NA,60
2000,10,4,3,-18.8,897.7,NA,NA,46
2000,10,4,6,-21,900.1,NA,NA,62
2000,10,4,9,-21.6,902.1,NA,240,51
2000,10,4,12,-22.9,902.1,NA,190,63
2000,10,4,15,-22.3,901.3,NA,30,64
2000,10,4,18,-22.2,900.4,4,60,54
2000,10,4,21,-23,899.7,5,70,63
2000,10,5,0,-23,899.1,NA,70,63
2000,10,5,3,-23.7,899.4,NA,250,63
2000,10,5,6,-24.5,899.7,5,240,61
2000,10,5,9,-24.7,901.2,6,260,61
2000,10,5,12,-24.9,902,NA,250,61
2000,10,5,15,-24.5,902.4,8,220,61
2000,10,5,18,-25.6,902.7,NA,260,60
2000,10,5,21,-25.8,902.9,NA,240,59
2000,10,6,0,-25.2,902.2,3,230,60
2000,10,6,3,-22.9,901.6,1,180,63
2000,10,6,6,-24.8,901.7,2,70,60
2000,10,6,9,-25.1,902.5,5,20,60
2000,10,6,12,-23,903.6,1,320,62
2000,10,6,15,-22.6,905.4,NA,0,63
2000,10,6,18,-23.8,907.4,4,280,58
2000,10,6,21,-22.9,909.2,NA,240,60
2000,10,7,0,-25.1,909.6,NA,240,60
2000,10,7,3,-24.5,910.5,NA,230,60
2000,10,7,6,-22.9,911.5,NA,290,61
2000,10,7,9,-21.9,911.8,NA,270,61
2000,10,7,12,-21.1,912.1,NA,220,64
2000,10,7,15,-20.9,912.6,NA,240,65
2000,10,7,18,-21,913.7,NA,230,66
2000,10,7,21,-19.9,914.3,NA,230,67
2000,10,8,0,-18.2,913.8,NA,20,69
2000,10,8,3,-18.4,913.2,NA,350,52
2000,10,8,6,-17.1,912.9,NA,20,43
2000,10,8,9,-16.8,913.3,NA,340,32
2000,10,8,12,-16.6,912.8,NA,300,30
2000,10,8,15,-15.7,913.2,NA,260,27
2000,10,8,18,-17.4,913.8,NA,250,36
2000,10,8,21,-16.4,914.3,NA,30,31
2000,10,9,0,-19.7,914.1,NA,240,45
2000,10,9,3,-19.7,913.6,NA,20,49
2000,10,9,6,-21.1,913.8,NA,360,45
2000,10,9,9,-22,914.4,NA,20,50
2000,10,9,12,-21.3,914.9,NA,20,51
2000,10,9,15,-21.6,916.2,8,30,53
2000,10,9,18,-22.4,918.2,5,20,63
2000,10,9,21,-20.5,920.1,8,50,65
2000,10,10,0,-20.1,922.1,6,60,66
2000,10,10,3,-19.3,924,7,60,67
2000,10,10,6,-19.5,926,7,50,67
2000,10,10,9,-19.1,928.4,7,50,68
2000,10,10,12,-18.5,930.3,NA,20,68
2000,10,10,15,-19,932.4,NA,280,68
2000,10,10,18,-19.7,935.1,1,250,67
2000,10,10,21,-19.9,936.6,3,260,67
2000,10,11,0,-21.6,937.5,NA,260,66
2000,10,11,3,-21,938.1,NA,240,65
2000,10,11,6,-20.5,938.6,NA,250,66
2000,10,11,9,-21.3,938.7,12,250,65
2000,10,11,12,-22.3,938.5,NA,270,64
2000,10,11,15,-21.1,937.8,NA,260,65
2000,10,11,18,-21.2,937.2,NA,250,65
2000,10,11,21,-20.7,936.5,8,260,66
2000,10,12,0,-20.5,935.6,NA,260,67
2000,10,12,3,-19.7,933.7,11,260,68
2000,10,12,6,-21.1,932,NA,250,65
2000,10,12,9,-20.3,930.7,NA,230,66
2000,10,12,12,-20.3,928.7,NA,240,66
2000,10,12,15,-21.2,927,NA,250,65
2000,10,12,18,-20.6,925.6,11,240,66
2000,10,12,21,-20.3,924.4,8,220,67
2000,10,13,0,-21.3,923.2,NA,220,65
2000,10,13,3,-20.2,921.8,NA,230,66
2000,10,13,6,-20.6,920.8,NA,NA,67
2000,10,13,9,-20.7,920,7,NA,66
2000,10,13,12,-18.8,919.1,7,NA,68
2000,10,13,15,-17.5,918.2,NA,320,69
2000,10,13,18,-16.8,917.7,4,10,71
2000,10,13,21,-14.9,917.8,2,270,73
2000,10,14,0,-14.1,917.6,2,30,74
2000,10,14,3,-15.4,917.4,NA,40,70
2000,10,14,6,-14.1,916.4,NA,0,68
2000,10,14,9,-18.2,915.7,NA,30,57
2000,10,14,12,-17.2,915.5,NA,20,70
2000,10,14,15,-20.2,915.6,NA,270,67
2000,10,14,18,-20.1,915.8,NA,240,68
2000,10,14,21,-20.7,915.5,NA,230,66
2000,10,15,0,-21.1,916,10,230,66
2000,10,15,3,-21.4,916.5,NA,220,65
2000,10,15,6,-22.2,917.2,NA,220,65
2000,10,15,9,-22.7,917.9,NA,230,64
2000,10,15,12,-23.1,918.6,12,230,63
2000,10,15,15,-24,919.4,12,230,62
2000,10,15,18,-24.7,920.3,NA,250,61
2000,10,15,21,-23.8,921.5,NA,230,62
2000,10,16,0,-23.5,922.5,NA,360,62
2000,10,16,3,-23.6,923.3,2,70,62
2000,10,16,6,-24.2,923.5,6,80,62
2000,10,16,9,-24.5,923.7,5,40,61
2000,10,16,12,-24.3,923.3,NA,40,62
2000,10,16,15,-24,922.4,NA,70,62
2000,10,16,18,-22.6,922.3,NA,80,63
2000,10,16,21,-21.6,922.2,1,260,65
2000,10,17,0,-22.2,922.3,3,260,65
2000,10,17,3,-23.5,922.2,NA,250,63
2000,10,17,6,-23.4,922,7,240,63
2000,10,17,9,-22.9,921.9,9,230,63
2000,10,17,12,-23.1,919.5,NA,230,63
2000,10,17,15,-24.5,918.3,NA,230,62
2000,10,17,18,-24.5,914.4,NA,NA,61
2000,10,17,21,-24.6,916.1,NA,NA,61
2000,10,18,0,-23.3,917.1,NA,NA,61
2000,10,18,3,-23.5,918.1,NA,230,59
2000,10,18,6,-22.8,919.4,NA,240,52
2000,10,18,9,-22.4,920.6,NA,230,43
2000,10,18,12,-21.6,922.3,NA,250,35
2000,10,18,15,-23.1,922.8,NA,250,44
2000,10,18,18,-23.1,922.4,NA,210,46
2000,10,18,21,-22.3,920.9,NA,120,58
2000,10,19,0,-21,918.9,5,70,48
2000,10,19,3,-21.6,916.7,5,360,50
2000,10,19,6,-21.8,915.7,7,20,60
2000,10,19,9,-22.2,915.2,NA,10,64
2000,10,19,12,-21.9,914.4,NA,40,64
2000,10,19,15,-21.8,913.5,NA,40,64
2000,10,19,18,-22.1,913.5,NA,60,64
2000,10,19,21,-21.9,913.9,NA,70,63
2000,10,20,0,-24.4,914.2,NA,260,62
2000,10,20,3,-23.4,914.6,NA,220,63
2000,10,20,6,-24.4,915.2,NA,230,61
2000,10,20,9,-24.9,915.9,NA,NA,61
2000,10,20,12,-25.3,916.6,22,NA,60
2000,10,20,15,-25.3,916.3,23,NA,60
2000,10,20,18,-25.5,917,NA,NA,60
2000,10,20,21,-25.5,916.9,NA,240,60
2000,10,21,0,-26,916.4,NA,230,59
2000,10,21,3,-25.9,915.2,14,230,59
2000,10,21,6,-26.1,913.9,17,240,59
2000,10,21,9,-26.3,913.4,18,230,59
2000,10,21,12,-26.5,912.8,19,240,59
2000,10,21,15,-26.3,913,17,240,59
2000,10,21,18,-27.4,913.2,NA,240,59
2000,10,21,21,-26.8,913.7,NA,230,58
2000,10,22,0,-25.8,913.2,NA,230,59
2000,10,22,3,-25.2,915.1,NA,220,55
2000,10,22,6,-24.8,916.7,NA,230,55
2000,10,22,9,-24.8,917.3,NA,230,46
2000,10,22,12,-25.5,917.8,NA,230,38
2000,10,22,15,-26.8,917.9,NA,240,43
2000,10,22,18,-26.6,917.8,NA,240,40
2000,10,22,21,-25.5,916.7,8,60,54
2000,10,23,0,-25,915.7,8,70,44
2000,10,23,3,-26.3,914,NA,50,44
2000,10,23,6,-25.6,913.3,10,50,57
2000,10,23,9,-25.2,913.1,NA,60,60
2000,10,23,12,-26.5,914,NA,270,59
2000,10,23,15,-27.1,914.3,NA,270,58
2000,10,23,18,-26.4,914.7,6,250,58
2000,10,23,21,-26.1,914.1,NA,180,58
2000,10,24,0,-26,913,4,80,59
2000,10,24,3,-25.5,911.8,NA,90,59
2000,10,24,6,-25.6,911,3,90,59
2000,10,24,9,-26.8,910.1,3,170,59
2000,10,24,12,-26.8,907.4,NA,20,58
2000,10,24,15,-24.6,904.8,NA,30,42
2000,10,24,18,-23.9,903.3,NA,50,33
2000,10,24,21,-23.8,902.1,NA,60,39
2000,10,25,0,-25.4,900.9,NA,60,51
2000,10,25,3,-25.2,899.5,NA,270,59
2000,10,25,6,-27,897.6,NA,20,58
2000,10,25,9,-27.2,896.6,NA,30,57
2000,10,25,12,-26.1,895.4,NA,260,54
2000,10,25,15,-25.8,895.6,2,300,32
2000,10,25,18,-26.2,897.3,NA,240,37
2000,10,25,21,-25.8,899.4,NA,240,41
2000,10,26,0,-24.5,901.4,NA,180,35
2000,10,26,3,-23.8,903.1,6,210,37
2000,10,26,6,-21.5,904.8,NA,240,52
2000,10,26,9,-20.2,907.3,NA,230,54
2000,10,26,12,-17.8,909.5,NA,230,54
2000,10,26,15,-16.1,912.8,NA,230,56
2000,10,26,18,NA,914.5,NA,240,53
2000,10,26,21,-11.4,916.3,NA,270,47
2000,10,27,0,-11.2,917.3,NA,350,46
2000,10,27,3,-11.4,917.6,NA,10,48
2000,10,27,6,-11.6,917.2,NA,30,36
2000,10,27,9,-12,916.4,NA,40,29
2000,10,27,12,-13.2,915.6,NA,40,21
2000,10,27,15,NA,913.9,NA,230,59
2000,10,27,18,-17.5,913.1,NA,240,68
2000,10,27,21,-16,913.2,NA,130,71
2000,10,28,0,-16.3,913.2,NA,200,NA
2000,10,28,3,-15.8,913.6,NA,220,69
2000,10,28,6,-14.6,915.3,NA,190,73
2000,10,28,9,-16.2,916.9,NA,60,69
2000,10,28,12,-16.9,918.1,NA,110,71
2000,10,28,15,-17,918.8,2,240,71
2000,10,28,18,-16.8,918.8,3,220,71
2000,10,28,21,-17.1,918.6,NA,250,71
2000,10,29,0,-15.5,917.5,NA,230,72
2000,10,29,3,-15.1,917.4,NA,NA,67
2000,10,29,6,-16.3,918.8,NA,NA,71
2000,10,29,9,-16.7,920.5,38,NA,71
2000,10,29,12,-17.1,922.9,NA,NA,71
2000,10,29,15,-18.6,925.2,NA,240,69
2000,10,29,18,-17.1,925,NA,30,70
2000,10,29,21,-16.6,924.1,NA,20,69
2000,10,30,0,-16,922.9,NA,230,71
2000,10,30,3,-14.8,921.2,NA,230,58
2000,10,30,6,-12.5,919.5,NA,250,40
2000,10,30,9,-14.3,917.6,1,10,38
2000,10,30,12,-15.4,915.1,NA,10,41
2000,10,30,15,-16.5,913,NA,20,59
2000,10,30,18,-17.6,911.7,NA,250,53
2000,10,30,21,-19.3,911.1,NA,240,67
2000,10,31,0,-18.2,910.7,NA,220,68
2000,10,31,3,-17.5,910.5,NA,220,70
2000,10,31,6,-19.2,910.1,NA,240,68
2000,10,31,9,-21.1,909.5,NA,250,66
2000,10,31,12,-21,909.1,NA,270,65
2000,10,31,15,-20.6,908.2,NA,50,66
2000,10,31,18,-21.6,907,NA,230,65
2000,10,31,21,-21.8,905.4,NA,240,65
2000,11,1,0,-22.4,903.9,9,250,64
2000,11,1,3,-22.6,902.5,NA,240,63
2000,11,1,6,-22.6,901.1,NA,240,63
2000,11,1,9,-22.6,900.5,19,240,63
2000,11,1,12,-22.6,899.6,19,230,63
2000,11,1,15,-22.5,899.8,NA,250,63
2000,11,1,18,-23.4,900.2,NA,230,63
2000,11,1,21,-23.8,901.2,17,240,63
2000,11,2,0,-21.4,902.5,NA,230,65
2000,11,2,3,-21.6,904.7,NA,220,58
2000,11,2,6,-21,908,23,240,62
2000,11,2,9,-20.3,911.3,23,230,50
2000,11,2,12,-20.8,914.1,NA,230,49
2000,11,2,15,-19.8,916,NA,NA,43
2000,11,2,18,-18.6,918.3,NA,NA,41
2000,11,2,21,-20.4,920.1,NA,220,55
2000,11,3,0,-20.4,920.3,NA,230,66
2000,11,3,3,-19.1,920.1,NA,200,66
2000,11,3,6,-18,918.7,NA,230,47
2000,11,3,9,-17.7,917.7,NA,230,47
2000,11,3,12,-19.4,917.4,NA,230,55
2000,11,3,15,-18.2,916.8,NA,240,58
2000,11,3,18,-16.8,918.4,NA,240,49
2000,11,3,21,-15,918.7,NA,NA,43
2000,11,4,0,-14.2,919.7,NA,NA,33
2000,11,4,3,-13.1,919.4,NA,230,35
2000,11,4,6,-12.7,918.2,NA,270,40
2000,11,4,9,-13.5,917.6,5,250,31
2000,11,4,12,-15.3,917,NA,240,39
2000,11,4,15,-15,916.4,NA,240,31
2000,11,4,18,-13.6,914.5,NA,240,29
2000,11,4,21,-14.4,914.2,NA,250,39
2000,11,5,0,-11.2,912.2,NA,240,31
2000,11,5,3,-9.9,910.4,NA,240,35
2000,11,5,6,-9.8,908.4,NA,250,41
2000,11,5,9,-10.9,907,NA,240,77
2000,11,5,12,-14,909.5,NA,240,74
2000,11,5,15,-13.5,908.8,NA,NA,74
2000,11,5,18,-10,905.6,NA,NA,61
2000,11,5,21,-8.9,901.2,58,NA,78
2000,11,6,0,-7.2,897.9,NA,NA,81
2000,11,6,3,-7.6,902.9,54,230,82
2000,11,6,6,-10.2,907.5,NA,230,80
2000,11,6,9,-10.3,910.5,NA,220,79
2000,11,6,12,-10.5,911.3,NA,220,79
2000,11,6,15,-12.2,914.6,NA,230,78
2000,11,6,18,-12.2,915.5,NA,240,77
2000,11,6,21,-12.1,916.4,NA,220,77
2000,11,7,0,-12.5,916.6,NA,NA,77
2000,11,7,3,-12.3,919,21,NA,77
2000,11,7,6,-13.4,922.4,NA,NA,76
2000,11,7,9,-13.5,925.3,NA,230,76
2000,11,7,12,-14.4,925.9,NA,230,75
2000,11,7,15,-14.2,925,NA,260,74
2000,11,7,18,-12.7,924.6,NA,0,63
2000,11,7,21,-11.1,923.9,2,70,67
2000,11,8,0,-12.3,923.5,1,70,77
2000,11,8,3,-12.4,923.5,1,220,75
2000,11,8,6,-13.3,923.4,3,200,74
2000,11,8,9,-14,923.3,2,180,75
2000,11,8,12,-14.2,922.9,1,170,75
2000,11,8,15,-15,922.8,2,210,73
2000,11,8,18,-14.6,923,NA,NA,66
2000,11,8,21,-14.5,923.1,NA,230,73
2000,11,9,0,-14.3,922.7,NA,240,73
2000,11,9,3,-14,925.1,NA,250,66
2000,11,9,6,-12.4,927.5,NA,240,60
2000,11,9,9,-11.9,927.7,NA,270,49
2000,11,9,12,-12.8,927.4,NA,360,35
2000,11,9,15,-11.5,926.7,NA,10,32
2000,11,9,18,-11.2,925.9,NA,10,31
2000,11,9,21,-11.1,925.2,3,250,36
2000,11,10,0,-12.4,925.1,2,240,43
2000,11,10,3,-14.5,924.5,NA,190,44
2000,11,10,6,-13,923.4,NA,250,53
2000,11,10,9,-14.9,921.8,NA,10,41
2000,11,10,12,-14.4,920.1,NA,280,41
2000,11,10,15,-13.4,918.5,NA,360,31
2000,11,10,18,-12.3,917.1,2,40,37
2000,11,10,21,-9.7,916.1,2,60,36
2000,11,11,0,-9.9,915.2,4,50,36
2000,11,11,3,-9.6,914.2,1,90,26
2000,11,11,6,-10.1,913.8,NA,250,33
2000,11,11,9,-10.6,914,4,240,31
2000,11,11,12,-11.4,914.1,7,260,33
2000,11,11,15,-12.2,914.2,NA,240,43
2000,11,11,18,-12.8,913.7,NA,NA,75
2000,11,11,21,-11.6,914.7,18,NA,77
2000,11,12,0,-11.5,914.8,NA,NA,77
2000,11,12,3,-9.5,913.8,NA,230,50
2000,11,12,6,-8.4,913.1,NA,250,46
2000,11,12,9,-7.6,913,NA,250,40
2000,11,12,12,-8.1,912.1,NA,240,40
2000,11,12,15,-8.5,909.1,NA,NA,56
2000,11,12,18,-9.9,907.3,NA,NA,76
2000,11,12,21,-11,910.6,NA,NA,78
2000,11,13,0,-11.4,912.6,NA,NA,78
2000,11,13,3,-10.8,912.4,NA,NA,78
2000,11,13,6,-10.8,913.2,NA,NA,78
2000,11,13,9,-10.6,912.1,NA,250,79
2000,11,13,12,-10.2,914.1,NA,250,79
2000,11,13,15,-9.4,913.8,NA,240,56
2000,11,13,18,-8.8,913,NA,200,51
2000,11,13,21,-7.9,911,NA,30,58
2000,11,14,0,-8.7,908.7,NA,40,56
2000,11,14,3,-7.4,907.2,NA,250,50
2000,11,14,6,-9.9,905.7,NA,260,62
2000,11,14,9,-10.7,905.6,NA,250,78
2000,11,14,12,-10.7,906.3,NA,230,78
2000,11,14,15,-11.3,907.2,NA,260,78
2000,11,14,18,-11.1,908.9,5,270,78
2000,11,14,21,-10.6,911,7,260,79
2000,11,15,0,-11.2,912.9,9,210,79
2000,11,15,3,-11.2,914.1,NA,220,79
2000,11,15,6,-11,915.3,NA,210,78
2000,11,15,9,-11.7,916.9,NA,240,78
2000,11,15,12,-11.5,918.1,20,230,67
2000,11,15,15,-11.6,919.4,NA,240,69
2000,11,15,18,-12,920.2,18,230,72
2000,11,15,21,-11.6,920.1,NA,240,68
2000,11,16,0,-11.9,920.3,NA,230,73
2000,11,16,3,-11.7,920.4,NA,200,74
2000,11,16,6,-10.7,919.9,NA,240,67
2000,11,16,9,-11.2,919.5,NA,200,54
2000,11,16,12,-11,919,NA,250,42
2000,11,16,15,-10.3,918.6,NA,250,41
2000,11,16,18,-11.1,918.3,NA,240,48
2000,11,16,21,-10.6,918.5,NA,250,64
2000,11,17,0,-11,918.5,NA,240,67
2000,11,17,3,-10.4,917.8,NA,NA,66
2000,11,17,6,-9.9,916.6,NA,NA,64
2000,11,17,9,-10.6,917,NA,NA,78
2000,11,17,12,-12.1,920,NA,220,77
2000,11,17,15,-12.4,921.4,NA,230,77
2000,11,17,18,-12,921.8,NA,NA,77
2000,11,17,21,-11,924,23,NA,78
2000,11,18,0,-10.2,924.1,NA,NA,79
2000,11,18,3,-10.6,924.7,NA,220,79
2000,11,18,6,-11.2,923.8,NA,240,78
2000,11,18,9,-11.4,925.2,NA,NA,78
2000,11,18,12,-11.3,925.4,37,NA,78
2000,11,18,15,-11.5,925,35,NA,78
2000,11,18,18,-11.4,924.6,NA,NA,78
2000,11,18,21,-11.2,924.8,35,240,78
2000,11,19,0,-11,923.4,38,NA,78
2000,11,19,3,-10.7,923.1,NA,NA,79
2000,11,19,6,-10.5,922.5,NA,NA,79
2000,11,19,9,-10.6,921.6,44,240,75
2000,11,19,12,-10.8,920.1,46,240,76
2000,11,19,15,-11.5,920.5,NA,240,78
2000,11,19,18,-11.1,918.3,NA,230,72
2000,11,19,21,-12.3,917.4,NA,230,77
2000,11,20,0,-12.8,916.9,43,230,77
2000,11,20,3,-11.5,916.7,NA,240,66
2000,11,20,6,-12,915.2,NA,230,67
2000,11,20,9,-12.2,915.6,42,NA,64
2000,11,20,12,-12.2,916.1,44,NA,72
2000,11,20,15,-12.1,917.7,43,NA,72
2000,11,20,18,-11.9,919.5,NA,NA,71
2000,11,20,21,-11.5,920.4,NA,230,60
2000,11,21,0,-11.2,919.6,NA,230,62
2000,11,21,3,-10.7,918.8,NA,250,57
2000,11,21,6,-11.2,918.9,NA,NA,59
2000,11,21,9,-10.9,916.2,NA,NA,75
2000,11,21,12,-11,918.3,NA,NA,77
2000,11,21,15,-10.9,918.3,NA,NA,78
2000,11,21,18,-10.6,920.2,58,NA,79
2000,11,21,21,-10.2,922.9,NA,NA,79
2000,11,22,0,-10.3,922.4,NA,NA,79
2000,11,22,3,-9.6,924,NA,250,64
2000,11,22,6,-9,924.1,NA,240,57
2000,11,22,9,-9.2,924,NA,250,59
2000,11,22,12,-9.9,924.6,NA,240,48
2000,11,22,15,-9.4,922.2,NA,240,51
2000,11,22,18,-9.3,922.4,NA,250,52
2000,11,22,21,-7.5,921.8,NA,220,50
2000,11,23,0,-6.3,920.4,NA,240,42
2000,11,23,3,-5.6,919.5,NA,240,35
2000,11,23,6,-6.5,918.8,6,200,37
2000,11,23,9,-7.4,918,NA,240,39
2000,11,23,12,-6.8,918,NA,240,34
2000,11,23,15,-6.7,916.8,NA,250,30
2000,11,23,18,-7.2,914.5,NA,NA,47
2000,11,23,21,-6.8,916.5,NA,NA,64
2000,11,24,0,-6.5,918.1,NA,NA,75
2000,11,24,3,-6.7,918.9,NA,240,73
2000,11,24,6,-6.2,920.1,NA,240,71
2000,11,24,9,-6.4,921.9,NA,230,78
2000,11,24,12,-5.7,923.4,NA,230,80
2000,11,24,15,-6.4,924,NA,220,78
2000,11,24,18,-5.5,924.1,NA,210,80
2000,11,24,21,-5.1,924.4,NA,230,77
2000,11,25,0,-5,924.6,NA,NA,76
2000,11,25,3,-4.9,925.3,NA,NA,79
2000,11,25,6,-5.7,925.1,NA,NA,84
2000,11,25,9,-6.6,927.3,NA,220,84
2000,11,25,12,-6.9,928.7,NA,NA,83
2000,11,25,15,-8.1,928.1,NA,NA,82
2000,11,25,18,-8.3,928.3,11,NA,82
2000,11,25,21,-8.1,926.6,11,230,82
2000,11,26,0,-7.9,926.4,NA,200,82
2000,11,26,3,-7.8,924.6,NA,220,82
2000,11,26,6,-8.4,923,5,230,82
2000,11,26,9,-8.9,921.2,6,230,82
2000,11,26,12,-8.9,922.2,4,240,82
2000,11,26,15,-9.2,920,5,220,81
2000,11,26,18,-9.1,919.3,4,NA,81
2000,11,26,21,-9.1,918,5,NA,81
2000,11,27,0,-8.4,914.6,NA,NA,82
2000,11,27,3,-8.6,912.3,NA,230,81
2000,11,27,6,-8.2,914.2,60,230,82
2000,11,27,9,-8.5,917,56,230,82
2000,11,27,12,-8.4,916.9,NA,240,82
2000,11,27,15,-8.7,913.8,NA,250,82
2000,11,27,18,-8.3,917,53,NA,82
2000,11,27,21,-7.5,921.1,NA,NA,83
2000,11,28,0,-7.1,922.7,NA,NA,NA
2000,11,28,3,-6.5,926.9,NA,NA,84
2000,11,28,6,-6.1,928.9,NA,NA,84
2000,11,28,9,-6.1,931.8,NA,250,84
2000,11,28,12,-6.3,934.1,37,NA,84
2000,11,28,15,-6.3,937.3,35,NA,84
2000,11,28,18,-6.7,938.7,33,NA,84
2000,11,28,21,-6.4,941,NA,NA,84
2000,11,29,0,-5.6,942.1,NA,240,85
2000,11,29,3,-5.3,942.8,NA,230,83
2000,11,29,6,-5.3,942.9,NA,270,85
2000,11,29,9,-4.6,941.6,NA,320,67
2000,11,29,12,-4.3,939.9,NA,320,62
2000,11,29,15,-4.3,937.8,NA,30,59
2000,11,29,18,-2.8,936.1,1,300,55
2000,11,29,21,-3.1,934.6,3,30,59
2000,11,30,0,-3.1,933,NA,30,56
2000,11,30,3,-1.5,931.3,NA,350,56
2000,11,30,6,NA,930.8,5,20,81
2000,11,30,9,NA,930.6,3,50,83
2000,11,30,12,-7.6,930.7,4,250,83
2000,11,30,15,-7.9,930,3,70,83
2000,11,30,18,-8.3,930,4,210,82
2000,11,30,21,-8.4,929.4,NA,220,82
2000,12,1,0,-8.2,929.9,5,200,82
2000,12,1,3,-8.3,929.8,NA,220,82
2000,12,1,6,-7.4,930.6,NA,220,76
2000,12,1,9,-8,931,NA,240,75
2000,12,1,12,-8.5,931.5,NA,240,66
2000,12,1,15,-7.3,931.7,NA,230,65
2000,12,1,18,-7.5,932,NA,230,65
2000,12,1,21,-6.8,931.9,2,170,62
2000,12,2,0,-6.6,931.9,4,100,74
2000,12,2,3,-7.5,931.6,5,70,78
2000,12,2,6,-7.3,931.4,3,60,83
2000,12,2,9,-7.6,931.5,NA,0,80
2000,12,2,12,-7.8,931.5,NA,NA,77
2000,12,2,15,-8,931.5,2,180,79
2000,12,2,18,-8.5,931.6,NA,240,82
2000,12,2,21,-7.8,932.2,5,230,76
2000,12,3,0,-7,932.3,NA,190,81
2000,12,3,3,-7.1,932.4,4,250,81
2000,12,3,6,-6.1,932,NA,140,66
2000,12,3,9,-7.5,932.2,4,220,64
2000,12,3,12,NA,931.7,1,260,55
2000,12,3,15,NA,931.1,1,200,51
2000,12,3,18,-6.8,930.8,3,230,50
2000,12,3,21,-6.7,930.5,NA,230,52
2000,12,4,0,-6.7,930.1,NA,210,61
2000,12,4,3,-7.1,928.6,NA,230,63
2000,12,4,6,-8,928.7,NA,230,76
2000,12,4,9,-8.1,928.9,NA,200,82
2000,12,4,12,-8.7,928.6,NA,220,82
2000,12,4,15,-9.3,927.7,NA,220,81
2000,12,4,18,-9.4,926.8,NA,250,81
2000,12,4,21,-8.6,926.4,NA,220,82
2000,12,5,0,-8.3,927.3,NA,230,82
2000,12,5,3,-8,927.5,NA,230,83
2000,12,5,6,-8.5,927.2,NA,230,82
2000,12,5,9,-8.8,926.9,NA,240,80
2000,12,5,12,-8.6,926,NA,240,75
2000,12,5,15,-8.8,926.4,NA,230,81
2000,12,5,18,-8.4,927.5,NA,240,79
2000,12,5,21,-8.1,928,29,250,73
2000,12,6,0,-6.5,929.5,NA,230,72
2000,12,6,3,-7.5,929.6,NA,240,72
2000,12,6,6,-7.8,929.9,NA,NA,74
2000,12,6,9,-7.8,930.1,NA,NA,65
2000,12,6,12,-7.6,930.7,NA,NA,65
2000,12,6,15,-8.1,931.3,NA,250,78
2000,12,6,18,-7.8,933.1,NA,240,82
2000,12,6,21,-7.7,934.3,NA,220,77
2000,12,7,0,-7.3,934.2,NA,230,83
2000,12,7,3,-7.4,934.7,NA,220,83
2000,12,7,6,-7.6,935.1,NA,230,82
2000,12,7,9,-7.8,935.3,NA,220,83
2000,12,7,12,-7.9,935.1,NA,320,83
2000,12,7,15,-8.1,934.5,NA,20,83
2000,12,7,18,-6.6,934.1,2,60,83
2000,12,7,21,-6.5,934.2,4,20,84
2000,12,8,0,-5.4,934,2,90,85
2000,12,8,3,NA,933.9,1,360,84
2000,12,8,6,-4.6,933.6,2,220,71
2000,12,8,9,-4,933.7,2,250,39
2000,12,8,12,-5.7,933.5,3,270,40
2000,12,8,15,NA,933.2,1,30,41
2000,12,8,18,-6,933.2,2,200,58
2000,12,8,21,-5.8,933.3,NA,140,60
2000,12,9,0,-4.2,933.2,NA,30,55
2000,12,9,3,-3.8,933.2,NA,10,45
2000,12,9,6,NA,933.2,1,10,35
2000,12,9,9,-4.9,933.2,3,260,38
2000,12,9,12,NA,933.4,1,10,37
2000,12,9,15,-5.8,933.2,3,0,38
2000,12,9,18,NA,933.4,1,230,45
2000,12,9,21,-4.6,933.7,NA,230,52
2000,12,10,0,-3.5,933.8,NA,80,56
2000,12,10,3,-3.4,933.8,NA,130,44
2000,12,10,6,-4.1,933.9,3,270,37
2000,12,10,9,NA,934,1,240,38
2000,12,10,12,NA,934.2,1,140,44
2000,12,10,15,-7.8,934.2,5,220,68
2000,12,10,18,-7.9,934.4,NA,200,64
2000,12,10,21,-6.9,935,NA,200,58
2000,12,11,0,NA,935.3,6,210,NA
2000,12,11,3,-9.7,935.5,NA,260,80
2000,12,11,6,-9.5,936.3,NA,240,80
2000,12,11,9,-9.4,936.8,NA,0,80
2000,12,11,12,-10.2,937.4,3,130,80
2000,12,11,15,-10.1,937.4,2,20,80
2000,12,11,18,-9.7,937.5,3,210,80
2000,12,11,21,-8.9,937.9,5,110,81
2000,12,12,0,-8.1,937.9,4,70,81
2000,12,12,3,-8.7,937.8,6,20,79
2000,12,12,6,-9.4,937.9,6,30,80
2000,12,12,9,-9.3,938.2,10,20,79
2000,12,12,12,-8.7,938.7,10,20,80
2000,12,12,15,-8.7,938.9,10,20,82
2000,12,12,18,-8.1,939.3,NA,70,82
2000,12,12,21,-7,940,6,70,83
2000,12,13,0,-5.5,940.6,5,80,79
2000,12,13,3,-5.7,940.7,NA,180,77
2000,12,13,6,-6.4,940.8,2,80,84
2000,12,13,9,-7.7,941.3,4,250,83
2000,12,13,12,-7.9,941.7,NA,160,83
2000,12,13,15,-8.6,941.4,7,230,82
2000,12,13,18,-8.6,940.9,NA,240,82
2000,12,13,21,-8.6,941,NA,220,82
2000,12,14,0,-8.1,940.9,NA,220,83
2000,12,14,3,-8.2,940.1,NA,220,83
2000,12,14,6,-8.4,939.7,NA,190,82
2000,12,14,9,-8.5,939.3,NA,240,82
2000,12,14,12,-8.5,938.9,NA,200,82
2000,12,14,15,-8.8,938.3,NA,240,82
2000,12,14,18,-8.4,938.1,NA,230,82
2000,12,14,21,-7.7,938.3,NA,230,82
2000,12,15,0,-7.7,938.1,8,230,83
2000,12,15,3,-5.6,937.9,NA,250,84
2000,12,15,6,-6.9,937.8,NA,260,79
2000,12,15,9,NA,937.8,1,210,73
2000,12,15,12,NA,937.8,1,230,78
2000,12,15,15,-8.1,937.2,2,360,77
2000,12,15,18,-6,937,2,130,69
2000,12,15,21,-6.4,937.1,3,70,73
2000,12,16,0,-6,936.9,2,100,69
2000,12,16,3,-5,936.5,2,240,59
2000,12,16,6,-7.8,936.4,NA,240,67
2000,12,16,9,-8.2,936,NA,230,77
2000,12,16,12,-8.8,935.7,NA,240,72
2000,12,16,15,-8.8,934.8,NA,230,68
2000,12,16,18,-8.8,934.5,13,240,72
2000,12,16,21,-9,934.1,13,230,71
2000,12,17,0,-8.3,934,NA,240,74
2000,12,17,3,-8,933.5,14,230,70
2000,12,17,6,-6.9,933.6,10,240,67
2000,12,17,9,-7.8,933.6,NA,NA,58
2000,12,17,12,-8.5,933.8,NA,NA,63
2000,12,17,15,-8.6,933.6,10,NA,60
2000,12,17,18,-9.6,933.5,NA,NA,66
2000,12,17,21,-8.9,933.8,NA,230,66
2000,12,18,0,-7.3,933.9,NA,230,60
2000,12,18,3,-8.1,934,18,230,75
2000,12,18,6,-8.6,934.3,18,240,78
2000,12,18,9,-8.8,934.9,NA,240,80
2000,12,18,12,-8.8,934.9,16,240,65
2000,12,18,15,-9.3,934.4,NA,250,75
2000,12,18,18,-8.8,934.4,NA,240,78
2000,12,18,21,-8.9,934.4,12,230,81
2000,12,19,0,-8.8,934.4,13,230,82
2000,12,19,3,-7.8,934.1,NA,240,82
2000,12,19,6,-7.7,933.9,NA,250,81
2000,12,19,9,-9.1,933.7,10,250,81
2000,12,19,12,-8.8,933.8,NA,290,77
2000,12,19,15,-8.2,933.3,NA,340,67
2000,12,19,18,-7.2,933.1,2,180,66
2000,12,19,21,-8.4,933.3,NA,260,77
2000,12,20,0,-6.8,933.1,NA,240,65
2000,12,20,3,-7.5,932.8,8,250,73
2000,12,20,6,-7.7,932.8,7,240,82
2000,12,20,9,-8.3,932.9,10,NA,82
2000,12,20,12,-8.7,933.1,11,NA,78
2000,12,20,15,-8.7,933,13,NA,77
2000,12,20,18,-8.6,933.4,10,230,74
2000,12,20,21,-8.4,933.6,14,240,82
2000,12,21,0,-8.1,933.8,13,230,82
2000,12,21,3,-7.8,933.2,NA,240,82
2000,12,21,6,-7.6,932.9,NA,260,83
2000,12,21,9,-7.5,932.9,NA,190,77
2000,12,21,12,-7.8,932.4,2,20,83
2000,12,21,15,-7.8,931.6,2,100,83
2000,12,21,18,NA,931.5,1,230,83
2000,12,21,21,-6.6,931.6,NA,70,84
2000,12,22,0,-6.4,931.3,NA,60,84
2000,12,22,3,-6.4,930.9,9,70,84
2000,12,22,6,-8.3,931,8,50,83
2000,12,22,9,-8,931.2,9,360,76
2000,12,22,12,-8.3,931.2,10,30,82
2000,12,22,15,-8.6,930.8,11,360,82
2000,12,22,18,-8.5,931,13,360,79
2000,12,22,21,-7.7,931.2,9,30,83
2000,12,23,0,-7.6,931.1,NA,50,83
2000,12,23,3,-8.3,931,NA,20,83
2000,12,23,6,-8.2,930.6,NA,20,82
2000,12,23,9,-9.3,931,NA,10,82
2000,12,23,12,-8.8,931.9,NA,10,82
2000,12,23,15,-9,931.7,NA,0,81
2000,12,23,18,-8.8,932.6,NA,10,78
2000,12,23,21,-7.2,933.3,NA,80,82
2000,12,24,0,-6.5,934,2,220,82
2000,12,24,3,-6.5,934.2,4,130,81
2000,12,24,6,-7.4,934.8,4,240,81
2000,12,24,9,-8.1,935.4,7,240,83
2000,12,24,12,-8.4,936.1,6,240,83
2000,12,24,15,-8.6,936.4,NA,250,82
2000,12,24,18,-7.9,937.2,NA,230,83
2000,12,24,21,-7.8,938.7,NA,240,83
2000,12,25,0,-7.4,939.7,NA,240,82
2000,12,25,3,-6.6,940.5,NA,210,NA
2000,12,25,6,-6.8,941.2,NA,220,84
2000,12,25,9,-7.3,942.2,11,230,84
2000,12,25,12,-7.4,942.6,12,220,84
2000,12,25,15,-7.9,943.2,NA,230,83
2000,12,25,18,-7.9,944.1,8,240,83
2000,12,25,21,-6.5,944.9,7,NA,84
2000,12,26,0,-6.2,945,10,NA,85
2000,12,26,3,-5.3,945.3,6,NA,83
2000,12,26,6,-6.1,945.2,NA,50,81
2000,12,26,9,-6.9,945.2,3,10,77
2000,12,26,12,-8.1,945.1,4,270,67
2000,12,26,15,-6.4,944.8,2,240,66
2000,12,26,18,NA,944.8,1,250,61
2000,12,26,21,-3.2,944.7,4,70,46
2000,12,27,0,-2.9,944.5,NA,40,32
2000,12,27,3,-4,944.4,NA,20,35
2000,12,27,6,-4.6,944.6,NA,350,39
2000,12,27,9,-5,945.5,NA,340,47
2000,12,27,12,-6.2,946.1,NA,250,84
2000,12,27,15,-6.3,946.2,NA,240,56
2000,12,27,18,-7,946.5,NA,230,69
2000,12,27,21,-6.7,947.5,NA,240,69
2000,12,28,0,-7.2,948.2,NA,240,83
2000,12,28,3,-7,948.7,14,230,84
2000,12,28,6,-7.1,949,15,240,84
2000,12,28,9,-6.8,949.9,NA,230,84
2000,12,28,12,-7,949.9,13,240,84
2000,12,28,15,-7.2,949.2,NA,NA,84
2000,12,28,18,-7.2,948.8,NA,NA,84
2000,12,28,21,-7.4,948.4,NA,NA,84
2000,12,29,0,-6.8,947.4,10,230,84
2000,12,29,3,-7,946.3,12,220,84
2000,12,29,6,-7.5,945.1,NA,230,83
2000,12,29,9,-7.7,944.6,NA,240,83
2000,12,29,12,-8.2,944.1,NA,270,83
2000,12,29,15,-8.2,943.1,NA,210,73
2000,12,29,18,-6.7,942.5,NA,320,60
2000,12,29,21,-6,941.3,NA,70,55
2000,12,30,0,-6.2,940.1,4,70,76
2000,12,30,3,-5.7,939.1,NA,40,52
2000,12,30,6,-6,938.1,NA,350,40
2000,12,30,9,-6.3,937.6,11,10,31
2000,12,30,12,-6,937.2,NA,310,28
2000,12,30,15,-6.9,936.5,NA,270,45
2000,12,30,18,-7.6,936.3,3,240,80
2000,12,30,21,-6.7,936.2,NA,250,74
2000,12,31,0,-6.7,936.3,2,220,68
2000,12,31,3,-5.9,935.6,NA,250,65
2000,12,31,6,-7,935.6,NA,240,72
2000,12,31,9,-7.2,935.6,9,NA,74
2000,12,31,12,-8.2,935.4,11,NA,72
2000,12,31,15,-8.6,935.3,13,NA,82
2000,12,31,18,-8.7,935.4,14,NA,77
2000,12,31,21,-8.8,935.8,12,NA,74
2001,1,1,0,-7.1,935.9,NA,230,68
2001,1,1,3,-6.7,935.7,NA,250,76
2001,1,1,6,-6.7,935.3,NA,80,61
2001,1,1,9,-6.9,935.3,3,350,59
2001,1,1,12,-7.6,935,6,340,54
2001,1,1,15,-7.6,934.6,NA,330,49
2001,1,1,18,-5.8,934.5,NA,180,59
2001,1,1,21,-5,934.9,2,210,41
2001,1,2,0,NA,935.1,1,90,55
2001,1,2,3,-5,935.4,3,210,43
2001,1,2,6,NA,935.6,1,0,36
2001,1,2,9,-5.1,935.8,2,330,32
2001,1,2,12,NA,935.9,1,240,27
2001,1,2,15,NA,935.8,1,260,31
2001,1,2,18,-7.9,935.7,4,230,61
2001,1,2,21,-8,935.7,4,250,82
2001,1,3,0,-6.5,935.3,NA,230,67
2001,1,3,3,-6.9,934.6,4,120,71
2001,1,3,6,-6.9,934,2,240,77
2001,1,3,9,-8.4,933.2,NA,250,80
2001,1,3,12,-8.1,932.7,NA,240,78
2001,1,3,15,-8.2,932.5,9,250,78
2001,1,3,18,-7.9,932.5,NA,250,76
2001,1,3,21,-6.2,932.7,NA,150,68
2001,1,4,0,-6.1,932.8,4,60,69
2001,1,4,3,-6.7,932.6,3,60,76
2001,1,4,6,-7.4,932.6,5,40,80
2001,1,4,9,-6.7,932.5,3,80,80
2001,1,4,12,-7.4,932.1,NA,230,81
2001,1,4,15,-6.8,931.9,2,250,71
2001,1,4,18,-6.6,931.6,5,130,69
2001,1,4,21,-4.7,931.5,4,180,67
2001,1,5,0,-4,931.6,4,100,65
2001,1,5,3,-4.3,931.9,3,210,67
2001,1,5,6,-4.8,932.5,4,50,71
2001,1,5,9,-5.1,932.6,4,40,75
2001,1,5,12,-5,932.5,6,80,84
2001,1,5,15,-4.9,931.7,6,90,85
2001,1,5,18,-5.5,931.7,4,70,85
2001,1,5,21,-5.5,931.4,NA,150,85
2001,1,6,0,-5.9,930.6,4,200,85
2001,1,6,3,-6.5,929.3,NA,220,84
2001,1,6,6,-6.5,927.8,NA,230,84
2001,1,6,9,-6.9,925.9,NA,220,84
2001,1,6,12,-7.1,925.2,NA,230,84
2001,1,6,15,-7.3,923.7,NA,NA,83
2001,1,6,18,-6.7,923.1,NA,NA,80
2001,1,6,21,-7,922.7,NA,NA,80
2001,1,7,0,-6.7,922.7,36,NA,NA
2001,1,7,3,-6.7,921.8,NA,230,84
2001,1,7,6,-7,923.1,38,NA,84
2001,1,7,9,-7.1,923.8,NA,NA,83
2001,1,7,12,-7.2,924.1,37,NA,83
2001,1,7,15,-7.5,923.4,NA,240,83
2001,1,7,18,-7.6,923.7,40,240,83
2001,1,7,21,-7.5,926.1,NA,230,83
2001,1,8,0,-7.6,927.1,NA,230,83
2001,1,8,3,-7.2,928.2,NA,220,74
2001,1,8,6,-7,928.8,NA,230,71
2001,1,8,9,-7.6,929.5,NA,230,75
2001,1,8,12,-8.2,929.7,NA,250,68
2001,1,8,15,-8.1,929.4,NA,250,62
2001,1,8,18,-7.7,929.4,NA,260,61
2001,1,8,21,-7.6,929.2,5,250,69
2001,1,9,0,-5.7,929,5,80,74
2001,1,9,3,-6.4,928.5,2,220,79
2001,1,9,6,-6.3,928.2,3,220,80
2001,1,9,9,-7,927.6,NA,90,84
2001,1,9,12,-7.3,927.3,4,60,84
2001,1,9,15,-7.8,926.7,3,20,83
2001,1,9,18,NA,926.2,1,350,83
2001,1,9,21,-7.6,925.9,2,250,83
2001,1,10,0,-7.6,925.7,3,240,84
2001,1,10,3,-7.7,925.5,6,220,83
2001,1,10,6,-7.8,925.8,4,210,83
2001,1,10,9,-8.1,926.3,3,250,83
2001,1,10,12,-9.3,926.6,NA,260,82
2001,1,10,15,-9.1,926.8,5,250,82
2001,1,10,18,-9.4,927.8,NA,230,82
2001,1,10,21,-7.5,929,NA,0,82
2001,1,11,0,-7.8,930,NA,140,83
2001,1,11,3,-7.2,930.8,3,100,83
2001,1,11,6,-7.6,931.3,5,250,83
2001,1,11,9,-8.4,931.5,NA,240,83
2001,1,11,12,-8.3,932.6,NA,210,83
2001,1,11,15,-8.8,933.2,NA,260,82
2001,1,11,18,-8.3,933.9,4,250,83
2001,1,11,21,-8.1,934.5,6,190,83
2001,1,12,0,-7.8,935,7,230,83
2001,1,12,3,-7.7,934.9,9,230,83
2001,1,12,6,-8,935.2,7,230,83
2001,1,12,9,-8.3,935.5,9,240,83
2001,1,12,12,-8.5,935.4,NA,210,82
2001,1,12,15,-8.2,934.8,10,240,83
2001,1,12,18,-8.5,934.6,NA,250,82
2001,1,12,21,-8.2,934.8,11,240,82
2001,1,13,0,-8.3,934.1,12,240,83
2001,1,13,3,-8.1,933.4,NA,240,83
2001,1,13,6,-8.1,933,15,250,83
2001,1,13,9,-8.1,932.3,16,250,83
2001,1,13,12,-8.3,931.7,NA,230,83
2001,1,13,15,-8.5,931,NA,NA,80
2001,1,13,18,-8.2,931.3,NA,NA,73
2001,1,13,21,-7.9,930.9,27,NA,71
2001,1,14,0,-8.5,931.2,26,230,78
2001,1,14,3,-8.2,931.3,NA,240,83
2001,1,14,6,-8.4,931.7,NA,240,81
2001,1,14,9,-8.8,932.1,NA,250,82
2001,1,14,12,-7.9,931.8,NA,270,81
2001,1,14,15,-9.3,931.1,NA,270,82
2001,1,14,18,-8.1,930.2,4,60,83
2001,1,14,21,-7.3,929.7,3,80,84
2001,1,15,0,-6.5,929.4,3,130,85
2001,1,15,3,-6.3,928.9,2,200,81
2001,1,15,6,-6.4,928.5,2,220,73
2001,1,15,9,NA,928.4,1,40,74
2001,1,15,12,-6.5,928.4,2,350,78
2001,1,15,15,-6.8,928.4,2,190,70
2001,1,15,18,-7.3,928.7,NA,250,83
2001,1,15,21,-6.9,929.7,NA,240,84
2001,1,16,0,-6.7,930.9,NA,240,84
2001,1,16,3,-6.7,931.6,7,230,81
2001,1,16,6,-7.1,932.8,8,230,84
2001,1,16,9,-7.5,934.3,6,200,83
2001,1,16,12,-7.6,934.9,NA,190,83
2001,1,16,15,-7.8,935.4,3,200,83
2001,1,16,18,NA,935.4,1,220,83
2001,1,16,21,-7.6,935.9,3,240,84
2001,1,17,0,-7.4,935.9,5,240,82
2001,1,17,3,-6.8,936,NA,260,84
2001,1,17,6,-6.8,936.4,3,270,83
2001,1,17,9,-7.5,936.5,3,280,84
2001,1,17,12,-7.4,936.7,5,270,84
2001,1,17,15,-7.4,936.3,NA,240,84
2001,1,17,18,-7.4,935.8,6,NA,84
2001,1,17,21,-6.4,935.3,NA,NA,85
2001,1,18,0,-5.8,934.5,NA,NA,85
2001,1,18,3,-5.7,933.4,NA,NA,85
2001,1,18,6,-6.3,932.7,NA,360,85
2001,1,18,9,-5.7,932.3,NA,NA,85
2001,1,18,12,-6.5,932.5,NA,NA,85
2001,1,18,15,-6.9,932.2,NA,NA,84
2001,1,18,18,-6.7,932.3,NA,360,83
2001,1,18,21,-5.6,932.9,NA,NA,75
2001,1,19,0,-6,933.2,NA,NA,71
2001,1,19,3,-7,933.3,4,240,79
2001,1,19,6,-6.9,933.5,4,220,84
2001,1,19,9,-6.6,933.8,4,240,85
2001,1,19,12,-6.5,934.2,3,220,85
2001,1,19,15,-6.2,933.8,4,230,85
2001,1,19,18,-5.8,933.6,4,220,85
2001,1,19,21,-5,933.6,3,230,80
2001,1,20,0,-5.2,933.4,7,230,83
2001,1,20,3,-4.9,933.1,NA,220,81
2001,1,20,6,-5.5,932.4,NA,220,82
2001,1,20,9,-5.7,932.2,7,240,85
2001,1,20,12,-6.4,932.1,9,240,85
2001,1,20,15,-6.5,931.8,7,260,85
2001,1,20,18,-6.5,932,NA,230,85
2001,1,20,21,-6,932.6,3,250,85
2001,1,21,0,-5.3,933.1,NA,0,80
2001,1,21,3,-5,933.6,NA,NA,84
2001,1,21,6,-6.4,934.2,2,140,85
2001,1,21,9,NA,935.2,1,140,85
2001,1,21,12,-6.6,936.1,NA,NA,85
2001,1,21,15,-7.6,936.6,NA,NA,84
2001,1,21,18,-5.1,937.1,NA,NA,82
2001,1,21,21,-5.9,938,NA,NA,84
2001,1,22,0,-5.5,938.7,2,70,83
2001,1,22,3,-5.9,939,3,60,85
2001,1,22,6,-6.5,939.4,3,20,81
2001,1,22,9,-7.3,939.6,NA,360,79
2001,1,22,12,-7.4,939.9,NA,340,71
2001,1,22,15,-5.5,940.3,NA,280,55
2001,1,22,18,-5.3,940.4,NA,60,72
2001,1,22,21,-4.7,940.6,NA,360,56
2001,1,23,0,-2.4,940.2,NA,340,NA
2001,1,23,3,-2.5,939.3,NA,250,31
2001,1,23,6,-1,938.5,2,260,25
2001,1,23,9,-0.8,937.4,2,350,23
2001,1,23,12,-0.7,936.2,4,350,21
2001,1,23,15,-0.1,934.5,NA,360,20
2001,1,23,18,2.1,933,NA,320,22
2001,1,23,21,4.2,931.8,NA,40,21
2001,1,24,0,2,930.4,3,300,26
2001,1,24,3,2.9,928.1,NA,20,29
2001,1,24,6,4.4,926.4,NA,10,25
2001,1,24,9,3.6,925.2,NA,20,24
2001,1,24,12,2.7,923.6,NA,30,22
2001,1,24,15,2.4,922.5,NA,250,24
2001,1,24,18,NA,924,NA,210,80
2001,1,24,21,NA,924.7,NA,220,54
2001,1,25,0,-4.3,924.8,NA,230,52
2001,1,25,3,-5.2,924.4,NA,230,46
2001,1,25,6,-5.5,925,NA,240,48
2001,1,25,9,-5.2,926.3,24,260,50
2001,1,25,12,-7.2,926.8,NA,240,57
2001,1,25,15,-7.5,929,NA,220,66
2001,1,25,18,-8,930.2,NA,240,81
2001,1,25,21,-6.7,930.9,NA,350,78
2001,1,26,0,-6.3,930.7,6,80,82
2001,1,26,3,-6.9,929.9,NA,20,81
2001,1,26,6,-6.9,929.4,NA,30,81
2001,1,26,9,-7,928.4,9,60,79
2001,1,26,12,-7.4,927.7,8,20,79
2001,1,26,15,-8.5,926.4,NA,280,76
2001,1,26,18,-8.2,926.2,NA,360,79
2001,1,26,21,-7.3,926.1,NA,310,71
2001,1,27,0,-5.9,925.7,NA,260,69
2001,1,27,3,-6.4,925.3,2,210,58
2001,1,27,6,-6,925.4,3,220,51
2001,1,27,9,-8,924.9,4,300,49
2001,1,27,12,-8.2,924.8,3,300,46
2001,1,27,15,-7.7,924.6,2,130,47
2001,1,27,18,-7.4,924.8,2,260,45
2001,1,27,21,NA,925.3,1,300,46
2001,1,28,0,-5,925.7,3,60,58
2001,1,28,3,-6.1,926.4,NA,360,57
2001,1,28,6,-6.7,927.6,NA,20,48
2001,1,28,9,-7.1,929.1,10,10,46
2001,1,28,12,-7,929.8,NA,0,56
2001,1,28,15,-7.5,930.6,NA,20,51
2001,1,28,18,-6.9,930.6,NA,40,59
2001,1,28,21,-5.9,932.3,NA,50,58
2001,1,29,0,-5.3,933.2,NA,270,65
2001,1,29,3,-5.7,934.2,3,110,63
2001,1,29,6,-6.9,934.7,NA,260,69
2001,1,29,9,-8.6,935.2,NA,250,81
2001,1,29,12,-9.1,935.7,NA,260,72
2001,1,29,15,-9,935.2,9,230,60
2001,1,29,18,-7.2,935.4,NA,270,52
2001,1,29,21,-7,935.3,NA,20,61
2001,1,30,0,-6.9,935.1,3,220,47
2001,1,30,3,-7.8,934.7,NA,230,62
2001,1,30,6,-7.9,934.2,NA,240,65
2001,1,30,9,-8.9,933.5,NA,260,63
2001,1,30,12,-9,932.9,NA,290,48
2001,1,30,15,-9,931.6,NA,340,55
2001,1,30,18,-7.9,930.4,3,60,61
2001,1,30,21,-7.6,929.6,3,120,75
2001,1,31,0,-6.4,929,6,80,75
2001,1,31,3,-6.3,928.3,3,80,75
2001,1,31,6,-7.9,927.8,6,270,71
2001,1,31,9,-8.9,928.2,6,260,82
2001,1,31,12,-8.9,928.3,NA,250,82
2001,1,31,15,-9,928.6,9,230,82
2001,1,31,18,-9,929.2,11,240,82
2001,1,31,21,-9.1,929.9,10,230,82
2001,2,1,0,-9.6,930.2,NA,230,81
2001,2,1,3,-9.7,930.5,NA,220,79
2001,2,1,6,-9.1,931.3,NA,230,71
2001,2,1,9,-10.2,932.2,20,240,60
2001,2,1,12,-9.1,931.8,24,240,54
2001,2,1,15,-8.6,933,NA,240,56
2001,2,1,18,-9.4,932.3,NA,230,69
2001,2,1,21,-8.8,933.5,NA,240,65
2001,2,2,0,-8.7,934,NA,240,61
2001,2,2,3,-8.4,933.7,NA,230,59
2001,2,2,6,-8.8,933.8,23,230,66
2001,2,2,9,-9.6,933.8,NA,230,78
2001,2,2,12,-9.7,933.5,NA,240,81
2001,2,2,15,-9.4,932.8,NA,250,81
2001,2,2,18,-9.7,932.3,NA,260,81
2001,2,2,21,-9.4,931.9,8,250,81
2001,2,3,0,-9.2,931.5,NA,230,81
2001,2,3,3,-9.2,931,NA,240,82
2001,2,3,6,-9.2,930.6,NA,240,82
2001,2,3,9,-9.4,930.4,8,250,82
2001,2,3,12,-9.5,930.2,9,240,81
2001,2,3,15,-10.5,929.5,11,250,81
2001,2,3,18,-9.9,929,8,260,81
2001,2,3,21,-9.1,929.1,NA,310,81
2001,2,4,0,-8.4,929,NA,180,82
2001,2,4,3,-8.6,928.9,4,80,83
2001,2,4,6,NA,928.5,1,90,83
2001,2,4,9,-8.4,928.5,NA,100,83
2001,2,4,12,-8.4,928.7,NA,50,83
2001,2,4,15,-8.7,929.2,NA,30,82
2001,2,4,18,-7.9,930.6,5,70,83
2001,2,4,21,-8.3,932,3,150,83
2001,2,5,0,-8.2,933.3,4,120,83
2001,2,5,3,-8.3,934.4,NA,180,82
2001,2,5,6,-8.3,935.7,7,220,82
2001,2,5,9,-8.3,937.2,10,220,82
2001,2,5,12,-8.3,937.9,NA,250,83
2001,2,5,15,-8.2,938.4,NA,240,82
2001,2,5,18,-7.9,939.4,NA,230,83
2001,2,5,21,-7.8,940.3,NA,220,81
2001,2,6,0,-7.7,940,19,240,82
2001,2,6,3,-7.3,939.3,19,240,84
2001,2,6,6,-7.4,939.6,NA,230,79
2001,2,6,9,-7.1,939,NA,250,84
2001,2,6,12,-7.2,938.2,12,240,84
2001,2,6,15,-7.3,937,NA,250,84
2001,2,6,18,-7.4,935.7,NA,250,84
2001,2,6,21,-7.4,934.6,NA,260,84
2001,2,7,0,-7.2,933.4,6,260,84
2001,2,7,3,-6.3,931.8,5,210,85
2001,2,7,6,-6.4,930.9,3,270,85
2001,2,7,9,-7.4,930.7,3,240,82
2001,2,7,12,-7.5,930.3,6,250,81
2001,2,7,15,-7.6,930.4,5,240,83
2001,2,7,18,-8.1,930.9,7,240,82
2001,2,7,21,-7.9,931.4,NA,230,81
2001,2,8,0,-7.8,932,10,250,80
2001,2,8,3,-7.1,932.6,11,240,80
2001,2,8,6,-7.3,933.1,NA,250,83
2001,2,8,9,-6.5,933.6,NA,40,79
2001,2,8,12,-7.4,933.4,4,40,83
2001,2,8,15,-7.2,932.9,2,100,84
2001,2,8,18,-7.2,932.3,NA,NA,84
2001,2,8,21,-7.7,931.3,3,220,84
2001,2,9,0,-8.1,930.5,NA,210,84
2001,2,9,3,-9,929.9,NA,230,83
2001,2,9,6,-9.7,929.2,NA,210,82
2001,2,9,9,-10.5,928.8,9,220,81
2001,2,9,12,-10.9,928.4,10,240,81
2001,2,9,15,-11.6,928.5,11,220,80
2001,2,9,18,-11,928.6,NA,240,71
2001,2,9,21,-10.9,928.2,NA,NA,69
2001,2,10,0,-10.9,928.8,NA,NA,71
2001,2,10,3,-10.8,929.3,NA,250,79
2001,2,10,6,-10.4,929.8,NA,270,78
2001,2,10,9,-10,930.2,NA,70,81
2001,2,10,12,-10.3,930.6,NA,0,80
2001,2,10,15,NA,930.8,1,270,79
2001,2,10,18,-10.7,931.1,NA,250,81
2001,2,10,21,-11,931.8,NA,260,80
2001,2,11,0,-10.3,932.2,NA,250,81
2001,2,11,3,-8.4,932.1,NA,0,82
2001,2,11,6,-10.3,932.3,4,250,81
2001,2,11,9,-10.9,932.1,NA,250,81
2001,2,11,12,-10.8,932.2,8,250,81
2001,2,11,15,-11.2,931.9,NA,260,65
2001,2,11,18,-10.7,931.5,NA,250,50
2001,2,11,21,-9.5,931.2,NA,330,52
2001,2,12,0,-6.5,930.6,NA,0,50
2001,2,12,3,-9.3,930.2,3,40,49
2001,2,12,6,-10.4,929.6,NA,260,55
2001,2,12,9,-11,929.3,NA,250,58
2001,2,12,12,-11.3,929.5,11,260,64
2001,2,12,15,-11.9,929.4,NA,300,54
2001,2,12,18,-10.6,929.5,8,20,51
2001,2,12,21,-9.7,929.7,5,10,60
2001,2,13,0,-10.2,930.1,NA,280,64
2001,2,13,3,-9.8,929.9,3,80,75
2001,2,13,6,-11.4,930,NA,20,74
2001,2,13,9,-10.9,930.2,NA,20,72
2001,2,13,12,-10.6,931.3,NA,280,55
2001,2,13,15,-10.2,932.1,NA,0,47
2001,2,13,18,-9.9,932.9,4,320,54
2001,2,13,21,-8.8,934.2,2,70,74
2001,2,14,0,NA,935.3,1,200,NA
2001,2,14,3,-8.1,935.9,3,50,77
2001,2,14,6,-8.1,936.6,4,60,79
2001,2,14,9,-8.3,937,4,260,83
2001,2,14,12,-9.5,937.5,7,250,83
2001,2,14,15,-9.7,937.2,NA,250,81
2001,2,14,18,-10.8,936.5,NA,250,80
2001,2,14,21,-11.4,936,NA,270,80
2001,2,15,0,-9.2,934.8,NA,240,72
2001,2,15,3,-9.3,932.8,NA,230,80
2001,2,15,6,-9,931.1,NA,60,79
2001,2,15,9,-10.4,929.1,4,360,80
2001,2,15,12,-10.3,927.3,NA,10,70
2001,2,15,15,-10.4,925.5,NA,30,67
2001,2,15,18,-10.4,923.9,NA,30,80
2001,2,15,21,-9,923.1,7,40,63
2001,2,16,0,-7.8,921.9,NA,80,69
2001,2,16,3,-9.7,921.1,NA,290,64
2001,2,16,6,-10.5,920.3,NA,260,62
2001,2,16,9,-12.1,919.7,NA,240,78
2001,2,16,12,-11.6,919.2,NA,240,78
2001,2,16,15,-11.6,918.8,NA,240,66
2001,2,16,18,-10.6,919,NA,230,56
2001,2,16,21,-9,919,NA,230,49
2001,2,17,0,-8.4,917.9,NA,250,50
2001,2,17,3,-9.2,917.4,NA,240,79
2001,2,17,6,-9.4,920,NA,240,81
2001,2,17,9,-10.5,920.6,45,250,80
2001,2,17,12,-10.3,922.9,NA,NA,81
2001,2,17,15,-10.2,923.8,NA,NA,81
2001,2,17,18,-9.7,925,NA,NA,81
2001,2,17,21,-9.8,925.2,NA,230,74
2001,2,18,0,-8.6,925,NA,240,62
2001,2,18,3,-8.7,926.6,NA,230,61
2001,2,18,6,-9,927.1,NA,220,68
2001,2,18,9,-8.9,928.2,NA,200,72
2001,2,18,12,-9.5,928.4,NA,230,66
2001,2,18,15,-8.5,927.6,NA,250,56
2001,2,18,18,-10.1,928,NA,240,68
2001,2,18,21,-10,928,NA,250,74
2001,2,19,0,-8.6,928.4,NA,250,66
2001,2,19,3,-9.1,929.3,NA,230,71
2001,2,19,6,-9,929.8,NA,190,81
2001,2,19,9,-9.9,928.3,NA,20,60
2001,2,19,12,-10.2,926.4,NA,10,53
2001,2,19,15,-10.3,924.9,NA,40,71
2001,2,19,18,-10.1,924,NA,40,81
2001,2,19,21,-8.5,923.4,2,70,75
2001,2,20,0,NA,922.9,1,310,66
2001,2,20,3,-8.2,922.3,4,340,66
2001,2,20,6,-9.1,921.7,3,10,54
2001,2,20,9,-10.7,921.1,3,240,75
2001,2,20,12,-11.2,920.2,4,10,64
2001,2,20,15,-11,919.5,6,20,64
2001,2,20,18,-10.3,919.1,5,350,66
2001,2,20,21,-11.4,919.6,NA,270,78
2001,2,21,0,-10.7,920.9,NA,250,79
2001,2,21,3,-10.6,922,NA,230,80
2001,2,21,6,-10.1,923.2,NA,230,80
2001,2,21,9,-8.8,924.6,NA,240,71
2001,2,21,12,-9,925.9,NA,230,52
2001,2,21,15,-10.2,925.4,NA,NA,66
2001,2,21,18,-10.2,926.7,NA,NA,66
2001,2,21,21,-10.4,926.7,NA,NA,76
2001,2,22,0,-10.4,927.7,21,NA,80
2001,2,22,3,-10.3,928.1,20,250,80
2001,2,22,6,-10.5,928.7,NA,240,80
2001,2,22,9,-10.6,929.5,NA,250,80
2001,2,22,12,-11.1,929.6,12,250,73
2001,2,22,15,-10.6,929.9,9,270,75
2001,2,22,18,-10.1,930,NA,0,80
2001,2,22,21,-9.2,929.8,NA,40,74
2001,2,23,0,-9.1,929.3,NA,70,79
2001,2,23,3,-9.6,928.2,5,50,80
2001,2,23,6,-9.6,927,7,30,81
2001,2,23,9,-9.8,926.2,4,50,81
2001,2,23,12,-10.5,925.2,5,270,81
2001,2,23,15,NA,924.2,1,330,78
2001,2,23,18,-10.3,923.4,NA,260,74
2001,2,23,21,-10.1,923.1,NA,330,67
2001,2,24,0,-10.1,923.2,NA,300,62
2001,2,24,3,-9,922.9,NA,250,51
2001,2,24,6,-11.8,923.4,NA,NA,55
2001,2,24,9,-10.7,923.8,NA,NA,58
2001,2,24,12,-10.6,925,NA,NA,72
2001,2,24,15,-10.9,925.9,NA,320,57
2001,2,24,18,-11.7,926.4,NA,290,70
2001,2,24,21,-11.6,926.8,4,260,74
2001,2,25,0,NA,927.1,1,110,66
2001,2,25,3,NA,927.2,1,30,42
2001,2,25,6,-9.4,927.1,3,300,34
2001,2,25,9,-10.2,927.4,3,350,33
2001,2,25,12,-11.6,927,3,20,52
2001,2,25,15,-10.6,926.5,NA,20,72
2001,2,25,18,-10.5,926.4,NA,280,78
2001,2,25,21,-10,926.3,NA,250,59
2001,2,26,0,-13.3,926.4,NA,260,67
2001,2,26,3,-11.4,926.5,NA,240,70
2001,2,26,6,-11,926.7,NA,230,57
2001,2,26,9,-11.6,928.3,NA,250,76
2001,2,26,12,-12.2,929.9,NA,250,71
2001,2,26,15,-12.6,931,NA,360,66
2001,2,26,18,-12.1,931.1,NA,0,71
2001,2,26,21,-9.8,930.6,NA,60,67
2001,2,27,0,-9.4,930,NA,30,64
2001,2,27,3,-10,929.8,NA,250,55
2001,2,27,6,-11.3,930.8,NA,260,70
2001,2,27,9,-9.8,932.3,NA,240,81
2001,2,27,12,-9.1,932.8,NA,10,80
2001,2,27,15,-9.2,932.5,2,70,81
2001,2,27,18,-8.9,931.5,3,60,82
2001,2,27,21,-9.2,931.2,3,170,82
2001,2,28,0,-9.2,931.9,3,230,82
2001,2,28,3,NA,933.1,1,280,83
2001,2,28,6,-8.2,933.7,2,100,83
2001,2,28,9,-9.3,933.9,3,60,82
2001,2,28,12,-8.9,932.8,6,40,82
2001,2,28,15,-8.6,931.1,3,80,83
2001,2,28,18,-9.5,928.9,NA,240,81
2001,2,28,21,-10.1,926.9,NA,230,82
2001,3,1,0,-9.8,925.5,NA,260,81
2001,3,1,3,-10.3,926.5,NA,240,76
2001,3,1,6,-10.6,927.2,NA,240,78
2001,3,1,9,-11.5,929.6,NA,240,71
2001,3,1,12,-11.4,930.3,NA,250,73
2001,3,1,15,-11.3,930.2,NA,250,80
2001,3,1,18,-11.3,930,NA,230,80
2001,3,1,21,-11.3,929.7,NA,260,80
2001,3,2,0,-10.4,929.6,NA,350,81
2001,3,2,3,-10.4,928.9,5,70,81
2001,3,2,6,-10.2,928.4,3,60,81
2001,3,2,9,-11.5,927.2,NA,10,80
2001,3,2,12,-11.6,925.4,NA,10,78
2001,3,2,15,-10.4,923.3,NA,60,70
2001,3,2,18,-11.6,922.3,NA,240,78
2001,3,2,21,-11.8,922.9,NA,240,79
2001,3,3,0,-11.2,923.8,NA,240,80
2001,3,3,3,-11.2,924.1,NA,220,80
2001,3,3,6,-12.3,925.5,NA,220,79
2001,3,3,9,-12.7,927.5,NA,250,78
2001,3,3,12,-12.7,929.2,NA,250,78
2001,3,3,15,-12.6,929.5,NA,80,78
2001,3,3,18,-12,929.4,NA,20,79
2001,3,3,21,-11.3,930.5,NA,60,80
2001,3,4,0,-10.9,930.9,NA,40,80
2001,3,4,3,-11.4,931,NA,270,80
2001,3,4,6,-11.1,931.7,2,270,80
2001,3,4,9,-11.3,932,4,240,80
2001,3,4,12,-11.2,931.3,3,220,80
2001,3,4,15,-11.3,930.2,3,260,80
2001,3,4,18,-12.6,929.6,6,270,79
2001,3,4,21,-11.8,929,NA,250,80
2001,3,5,0,-12.2,927.8,5,220,79
2001,3,5,3,-13.2,924.6,NA,220,78
2001,3,5,6,-14.9,920.4,NA,230,76
2001,3,5,9,-15.4,917.7,NA,240,75
2001,3,5,12,-16.2,919.1,NA,240,67
2001,3,5,15,-15.6,919,NA,250,71
2001,3,5,18,-15.4,918.8,NA,250,67
2001,3,5,21,-16.5,922.7,NA,230,61
2001,3,6,0,-16.6,922.9,NA,240,55
2001,3,6,3,-15.8,923.6,NA,220,51
2001,3,6,6,-15.9,923.1,NA,240,56
2001,3,6,9,-16.2,922.9,NA,180,74
2001,3,6,12,-16.7,921.7,NA,20,54
2001,3,6,15,-15.6,920.5,6,50,75
2001,3,6,18,-15.4,919.8,NA,70,75
2001,3,6,21,-16.4,919,4,280,74
2001,3,7,0,-17,917.8,NA,270,74
2001,3,7,3,-17.3,916.8,NA,260,73
2001,3,7,6,-16.2,916.6,NA,230,74
2001,3,7,9,-16.8,917.2,12,260,74
2001,3,7,12,-15.5,918,NA,210,75
2001,3,7,15,-16.1,918.8,NA,230,75
2001,3,7,18,-17.4,919.7,NA,220,73
2001,3,7,21,-18.3,921.2,NA,230,72
2001,3,8,0,-18.9,922.8,21,220,71
2001,3,8,3,-19.6,923.5,NA,230,70
2001,3,8,6,-20.1,922.7,NA,240,70
2001,3,8,9,-20.3,922.3,NA,230,69
2001,3,8,12,-20.2,921.1,24,230,69
2001,3,8,15,-19.8,920,NA,240,70
2001,3,8,18,-20,918.9,20,240,70
2001,3,8,21,-19.8,917.5,23,250,70
2001,3,9,0,-19.4,917.2,19,250,70
2001,3,9,3,-19.7,916.7,NA,250,70
2001,3,9,6,-19.4,916.9,NA,270,70
2001,3,9,9,-18,916.7,NA,320,71
2001,3,9,12,-17.1,916.2,NA,60,73
2001,3,9,15,-17.2,916,2,70,73
2001,3,9,18,-17.9,915.3,3,60,72
2001,3,9,21,-17.5,914.5,3,60,73
2001,3,10,0,-18.8,913.9,7,260,71
2001,3,10,3,-17.8,913.4,NA,240,72
2001,3,10,6,-19.2,913.6,NA,230,71
2001,3,10,9,-19.5,915.2,NA,240,70
2001,3,10,12,-19.8,917,NA,240,70
2001,3,10,15,-20.3,919.5,26,230,69
2001,3,10,18,-20.8,921.8,23,240,69
2001,3,10,21,-20.3,923.9,NA,240,69
2001,3,11,0,-19.7,925.7,NA,220,70
2001,3,11,3,-18.7,925.5,NA,20,71
2001,3,11,6,-18.5,924.4,NA,50,71
2001,3,11,9,-18.5,923.8,NA,50,71
2001,3,11,12,-17.9,922.7,NA,100,72
2001,3,11,15,-19,921.3,6,250,71
2001,3,11,18,-17.2,920.5,NA,280,72
2001,3,11,21,-16.4,919.4,NA,290,74
2001,3,12,0,-15,918.5,4,260,76
2001,3,12,3,-16.6,917.8,NA,270,75
2001,3,12,6,-16.7,918,NA,270,73
2001,3,12,9,-18.4,918.1,NA,240,72
2001,3,12,12,-17.9,919.9,NA,30,72
2001,3,12,15,-16.9,920.9,NA,210,73
2001,3,12,18,-16.4,922.8,NA,240,74
2001,3,12,21,-14.4,925.5,7,330,76
2001,3,13,0,-13.4,927.7,NA,30,59
2001,3,13,3,-14.4,930.1,NA,40,52
2001,3,13,6,-14.6,931.5,NA,120,70
2001,3,13,9,-15.1,932.3,6,360,75
2001,3,13,12,-14.5,932.4,NA,70,76
2001,3,13,15,-13.3,932,3,330,77
2001,3,13,18,-13.5,931,NA,240,78
2001,3,13,21,-11.7,930.9,NA,240,79
2001,3,14,0,-11.3,930.8,NA,250,74
2001,3,14,3,-12.7,930.8,NA,240,67
2001,3,14,6,-14.3,930.8,NA,250,51
2001,3,14,9,-14.1,930.7,NA,240,76
2001,3,14,12,-14.5,930.3,8,210,76
2001,3,14,15,-16,929.2,NA,240,75
2001,3,14,18,-17.1,927.9,NA,210,74
2001,3,14,21,-17.6,925.5,NA,220,73
2001,3,15,0,-18,922.6,NA,230,72
2001,3,15,3,-18.4,922.3,NA,250,71
2001,3,15,6,-19,922.2,NA,240,63
2001,3,15,9,-19.9,923.5,NA,230,64
2001,3,15,12,-20.1,923.3,NA,240,57
2001,3,15,15,-19.7,922.9,NA,250,53
2001,3,15,18,-21,921.6,17,240,59
2001,3,15,21,-19.6,921,13,250,54
2001,3,16,0,-20.1,920.4,NA,260,69
2001,3,16,3,-19.6,919.4,NA,250,70
2001,3,16,6,-19.4,919.2,NA,210,70
2001,3,16,9,-19.2,918.3,NA,90,70
2001,3,16,12,-19,917.3,3,50,71
2001,3,16,15,-19.8,916.6,1,290,70
2001,3,16,18,-19.2,916.6,3,130,70
2001,3,16,21,-19,916.8,1,190,71
2001,3,17,0,-19,917.1,3,220,71
2001,3,17,3,-19.1,917.5,NA,250,70
2001,3,17,6,-20.8,918.2,NA,210,69
2001,3,17,9,-22,919.6,NA,210,67
2001,3,17,12,-22.5,920.7,NA,220,67
2001,3,17,15,-23.7,921.8,17,230,65
2001,3,17,18,-24.6,922.6,NA,250,64
2001,3,17,21,-23.4,922.9,NA,130,65
2001,3,18,0,-22.6,922.5,NA,140,66
2001,3,18,3,-22,921.9,2,230,67
2001,3,18,6,-22.3,921.3,3,250,66
2001,3,18,9,-23.4,921.5,NA,250,65
2001,3,18,12,-23.8,921.3,NA,220,65
2001,3,18,15,-24.4,921.6,11,200,64
2001,3,18,18,-25.7,921.6,NA,240,62
2001,3,18,21,-26.2,921.4,NA,240,62
2001,3,19,0,-25.8,922.3,NA,220,62
2001,3,19,3,-24.9,922.2,NA,240,63
2001,3,19,6,-23.4,920.8,NA,250,65
2001,3,19,9,-21.9,920.2,NA,240,65
2001,3,19,12,-22.1,922,36,230,65
2001,3,19,15,-20.9,920.3,36,230,66
2001,3,19,18,-20.4,921.1,NA,230,54
2001,3,19,21,-19.1,920,NA,360,68
2001,3,20,0,-17.6,917.7,NA,360,38
2001,3,20,3,-18.9,915.1,NA,50,38
2001,3,20,6,-18.9,913.9,NA,230,38
2001,3,20,9,-19.6,913.6,NA,210,60
2001,3,20,12,-20.8,914.1,NA,260,68
2001,3,20,15,-20.8,915.1,NA,200,68
2001,3,20,18,-20.9,916.2,NA,260,68
2001,3,20,21,-21.1,917.2,NA,230,68
2001,3,21,0,-20.1,918.8,NA,230,69
2001,3,21,3,-20.9,917.9,NA,240,68
2001,3,21,6,-21.5,918.7,NA,210,67
2001,3,21,9,-22.1,917.5,NA,230,67
2001,3,21,12,-23,916.9,NA,240,66
2001,3,21,15,-23.3,915.6,NA,NA,65
2001,3,21,18,-23.6,916.6,NA,NA,65
2001,3,21,21,-23.3,918,NA,240,65
2001,3,22,0,-23.4,920.2,NA,230,63
2001,3,22,3,-23.1,922.6,NA,240,57
2001,3,22,6,-23,924.1,NA,220,64
2001,3,22,9,-23.1,925.4,10,200,65
2001,3,22,12,-23.2,926.5,NA,190,65
2001,3,22,15,-23.5,927.5,NA,200,65
2001,3,22,18,-23.4,927.3,2,90,65
2001,3,22,21,-22.7,926.7,NA,30,65
2001,3,23,0,-22.7,925.7,NA,20,66
2001,3,23,3,-22.7,924.4,NA,10,66
2001,3,23,6,-23.7,922.8,NA,270,65
2001,3,23,9,-24.4,921.6,NA,250,64
2001,3,23,12,-24.5,921.1,NA,240,63
2001,3,23,15,-24.3,920,NA,220,64
2001,3,23,18,-24,920.8,NA,210,64
2001,3,23,21,-24.7,920.6,NA,230,63
2001,3,24,0,-24.8,920.9,NA,260,63
2001,3,24,3,-25.3,920.4,NA,290,63
2001,3,24,6,-25.5,919.9,3,300,62
2001,3,24,9,-25.1,919.5,NA,290,63
2001,3,24,12,-25.1,918.9,3,310,62
2001,3,24,15,-25.6,918,3,280,58
2001,3,24,18,-25.3,917.6,4,290,54
2001,3,24,21,-24.1,917.3,1,290,51
2001,3,25,0,-23.2,917.7,2,310,46
2001,3,25,3,-21.9,918.5,3,30,40
2001,3,25,6,-23,920.4,4,270,33
2001,3,25,9,-22.4,923.1,NA,260,34
2001,3,25,12,-22.7,925.9,NA,230,40
2001,3,25,15,-23.4,926.4,NA,240,48
2001,3,25,18,-20.5,925.9,NA,240,59
2001,3,25,21,-18.6,927.5,NA,260,54
2001,3,26,0,-16.9,928.6,NA,240,53
2001,3,26,3,-16,928.4,NA,230,55
2001,3,26,6,-14.5,929.7,NA,230,61
2001,3,26,9,-13.7,930.2,NA,220,76
2001,3,26,12,-12.4,930.8,NA,240,74
2001,3,26,15,-11.3,930.3,NA,220,71
2001,3,26,18,-10.8,932.1,NA,230,80
2001,3,26,21,-10.2,933.9,NA,240,80
2001,3,27,0,-9.2,935.2,NA,220,82
2001,3,27,3,-8.9,935.8,NA,220,82
2001,3,27,6,-9.5,937.1,NA,230,81
2001,3,27,9,-8,936.7,NA,220,83
2001,3,27,12,-8.5,936.3,7,220,83
2001,3,27,15,-8.8,935.7,NA,110,82
2001,3,27,18,-9.6,934.4,NA,20,80
2001,3,27,21,-9.9,932.5,4,10,81
2001,3,28,0,-11,929.8,8,30,80
2001,3,28,3,-9.9,925.7,7,10,73
2001,3,28,6,-10.1,922.2,NA,0,73
2001,3,28,9,-12.3,920.7,NA,250,77
2001,3,28,12,NA,922.2,NA,230,74
2001,3,28,15,-15.3,921.3,NA,NA,74
2001,3,28,18,-14.9,923.2,NA,NA,70
2001,3,28,21,-15,923.4,NA,NA,68
2001,3,29,0,-15,924.9,NA,230,54
2001,3,29,3,-15.1,923.8,NA,280,59
2001,3,29,6,-16.6,921.8,NA,220,73
2001,3,29,9,-17.4,920.7,NA,270,73
2001,3,29,12,-17.6,919.8,NA,270,74
2001,3,29,15,-17.2,919.7,NA,260,74
2001,3,29,18,-17.9,920.5,NA,250,72
2001,3,29,21,-17.4,921.7,NA,250,73
2001,3,30,0,-17.2,922.6,NA,220,73
2001,3,30,3,-17,923,19,210,73
2001,3,30,6,-17.7,924.4,NA,210,73
2001,3,30,9,-18.2,925,NA,230,72
2001,3,30,12,-19.4,926.4,NA,240,71
2001,3,30,15,-20.7,926.4,NA,230,69
2001,3,30,18,-20.7,926.1,NA,240,64
2001,3,30,21,-20.8,929.9,NA,230,58
2001,3,31,0,-20.4,931,NA,230,69
2001,3,31,3,-20.4,931.2,NA,220,61
2001,3,31,6,-20.4,931.1,NA,230,46
2001,3,31,9,-20.1,930.5,NA,220,54
2001,3,31,12,-18.7,929,NA,10,35
2001,3,31,15,-19.1,927.4,NA,20,37
2001,3,31,18,-19.5,925,NA,10,37
2001,3,31,21,-17.8,922.4,NA,300,30
2001,4,1,0,-18.2,920.3,NA,240,32
2001,4,1,3,-18.3,918.7,NA,180,43
2001,4,1,6,-18.1,917.8,NA,230,71
2001,4,1,9,-19.2,916.9,NA,240,70
2001,4,1,12,-19.3,915.7,NA,240,70
2001,4,1,15,-19,916.2,NA,240,70
2001,4,1,18,-18.9,917.4,NA,230,71
2001,4,1,21,-20.2,918.4,NA,230,69
2001,4,2,0,-21,920.4,NA,240,68
2001,4,2,3,-22.2,921.8,NA,230,67
2001,4,2,6,-22.7,924.2,24,NA,66
2001,4,2,9,-23.5,925.2,24,NA,63
2001,4,2,12,-23.9,924.4,NA,NA,62
2001,4,2,15,-23.9,926.3,NA,240,58
2001,4,2,18,-24,926.6,NA,230,61
2001,4,2,21,-24.6,927.1,NA,230,64
2001,4,3,0,-24,925.7,NA,50,64
2001,4,3,3,-24.2,922.8,NA,20,64
2001,4,3,6,-24.4,921.3,NA,20,64
2001,4,3,9,-24.3,919.4,NA,50,64
2001,4,3,12,-25,918.3,NA,300,63
2001,4,3,15,-24.8,917.2,NA,280,63
2001,4,3,18,-24.8,917.5,NA,260,64
2001,4,3,21,-24.9,917.8,NA,240,63
2001,4,4,0,-24.7,920.1,NA,260,63
2001,4,4,3,-23.7,922,NA,310,65
2001,4,4,6,-23.6,923.7,NA,20,65
2001,4,4,9,-23.3,925.5,NA,270,65
2001,4,4,12,-22.9,927.1,NA,240,66
2001,4,4,15,-23.6,927.8,NA,260,64
2001,4,4,18,-23.9,928.4,NA,240,63
2001,4,4,21,-23.3,928.9,9,230,65
2001,4,5,0,-23.7,928.7,11,240,65
2001,4,5,3,-24.6,927.3,NA,240,63
2001,4,5,6,-23.3,926.1,NA,230,65
2001,4,5,9,-22.9,923.4,NA,230,65
2001,4,5,12,-22.6,919.8,NA,240,66
2001,4,5,15,-22,919.1,NA,230,66
2001,4,5,18,-21.8,918.3,NA,240,67
2001,4,5,21,-21.9,918.5,51,NA,67
2001,4,6,0,-21.6,918.1,NA,NA,67
2001,4,6,3,-21.4,918.5,NA,NA,67
2001,4,6,6,-20.7,919,50,230,67
2001,4,6,9,-20.4,919.9,NA,230,62
2001,4,6,12,-19.8,921.9,NA,240,55
2001,4,6,15,-19.5,923.8,NA,230,50
2001,4,6,18,-19.1,925.8,NA,240,45
2001,4,6,21,-19.2,926.7,NA,300,46
2001,4,7,0,-19.3,926.5,NA,60,57
2001,4,7,3,-19.1,925.7,NA,20,57
2001,4,7,6,-18.8,924.9,NA,20,63
2001,4,7,9,-18.8,923.8,13,50,70
2001,4,7,12,-18.5,923.3,NA,30,71
2001,4,7,15,-18.2,923,NA,270,71
2001,4,7,18,-18.1,922.3,4,330,71
2001,4,7,21,-20.9,921.7,5,260,68
2001,4,8,0,-20.9,920.4,NA,270,68
2001,4,8,3,-21.1,918.9,NA,260,68
2001,4,8,6,-21.1,917,3,250,68
2001,4,8,9,-21.5,915.8,4,230,67
2001,4,8,12,-21.6,915.1,NA,220,68
2001,4,8,15,-22.3,914.7,NA,230,67
2001,4,8,18,-23.2,914.6,NA,230,66
2001,4,8,21,-23.9,913.8,NA,NA,65
2001,4,9,0,-24.1,912.6,NA,NA,64
2001,4,9,3,-23.7,910.7,NA,NA,65
2001,4,9,6,-23.6,912.3,NA,NA,65
2001,4,9,9,-22.7,914.2,NA,240,66
2001,4,9,12,-23.8,910.9,NA,NA,65
2001,4,9,15,-24.7,909.9,NA,NA,63
2001,4,9,18,-25.2,910.8,NA,NA,63
2001,4,9,21,-24.9,909.2,NA,NA,63
2001,4,10,0,-24,907.9,NA,240,64
2001,4,10,3,-23.5,910.3,NA,240,64
2001,4,10,6,-22.9,911.4,NA,NA,65
2001,4,10,9,-22.9,915.5,59,NA,64
2001,4,10,12,-22.9,918.6,NA,NA,65
2001,4,10,15,-21.8,919,NA,NA,55
2001,4,10,18,-22.6,919.6,NA,240,52
2001,4,10,21,-23.7,919.2,NA,230,56
2001,4,11,0,-22.9,919,NA,230,55
2001,4,11,3,-24,917.9,NA,270,62
2001,4,11,6,-23,916.4,NA,80,62
2001,4,11,9,-24,915.2,NA,350,58
2001,4,11,12,-22.8,913.9,NA,40,65
2001,4,11,15,-24.6,912.7,8,30,63
2001,4,11,18,-24,911.6,9,10,64
2001,4,11,21,-24.9,910.8,NA,20,63
2001,4,12,0,-24.1,910.2,NA,60,64
2001,4,12,3,-24.6,908.8,3,50,63
2001,4,12,6,-25.3,907.1,5,20,63
2001,4,12,9,-24.7,905.4,NA,250,64
2001,4,12,12,-22.5,904.2,2,250,57
2001,4,12,15,-20.2,902.6,NA,310,48
2001,4,12,18,-20,901.5,4,0,33
2001,4,12,21,-17,900.9,3,30,28
2001,4,13,0,-15.3,900.2,1,10,26
2001,4,13,3,-14.2,899.5,1,30,24
2001,4,13,6,-14.5,898.7,NA,NA,21
2001,4,13,9,-15,898.7,2,290,25
2001,4,13,12,-16.2,898.3,4,270,34
2001,4,13,15,-16.9,898.1,NA,260,29
2001,4,13,18,-17.1,898.1,NA,250,31
2001,4,13,21,-15.6,898.6,11,250,41
2001,4,14,0,-14.5,899.2,NA,250,37
2001,4,14,3,-15.7,900.1,NA,230,40
2001,4,14,6,-14,900.1,NA,230,58
2001,4,14,9,-14.9,898.3,NA,250,61
2001,4,14,12,-14.6,901.5,NA,250,70
2001,4,14,15,-15.7,905.4,NA,240,74
2001,4,14,18,-16,907.3,NA,260,73
2001,4,14,21,-15.4,907.5,NA,260,42
2001,4,15,0,-14.8,908.1,NA,30,43
2001,4,15,3,-16.3,908,NA,320,42
2001,4,15,6,-15.4,907.9,NA,260,53
2001,4,15,9,-18.2,907.9,NA,240,70
2001,4,15,12,-19.5,908.8,NA,250,55
2001,4,15,15,-18.8,909.1,8,240,70
2001,4,15,18,-18,910.2,NA,200,71
2001,4,15,21,-17.5,911.1,NA,260,71
2001,4,16,0,-17.6,912,6,240,71
2001,4,16,3,-16.6,912.7,NA,240,67
2001,4,16,6,-14.5,914.2,7,260,53
2001,4,16,9,-14,915.5,NA,320,37
2001,4,16,12,-14.8,916.3,NA,10,36
2001,4,16,15,-14,916.9,NA,20,37
2001,4,16,18,-14.1,917.7,NA,190,38
2001,4,16,21,-15.4,918.3,3,20,42
2001,4,17,0,-16.3,918.7,NA,40,41
2001,4,17,3,-15.8,918.6,4,250,39
2001,4,17,6,-17.1,918.8,NA,260,46
2001,4,17,9,-17.6,919.2,NA,0,70
2001,4,17,12,-17.7,919.7,NA,260,66
2001,4,17,15,-17.4,920.3,2,230,63
2001,4,17,18,-18.1,921.3,NA,220,69
2001,4,17,21,-18.6,923,NA,220,69
2001,4,18,0,-20.5,924.7,NA,260,68
2001,4,18,3,-20.6,926.1,NA,270,68
2001,4,18,6,-21,927.6,5,260,67
2001,4,18,9,-21.1,928.4,NA,290,67
2001,4,18,12,-20.8,929.1,1,350,68
2001,4,18,15,-21,928.3,NA,30,68
2001,4,18,18,-21.1,928,2,60,67
2001,4,18,21,-21.1,926.5,NA,0,67
2001,4,19,0,-22.1,925.3,9,250,66
2001,4,19,3,-22.2,923.6,NA,240,66
2001,4,19,6,-23.1,921.7,NA,240,65
2001,4,19,9,-23.8,920.8,NA,230,64
2001,4,19,12,-23.9,919,NA,NA,64
2001,4,19,15,-23.9,914.8,NA,NA,64
2001,4,19,18,-24,908.8,NA,NA,64
2001,4,19,21,-24.7,907.4,NA,NA,63
2001,4,20,0,-23.9,904.7,NA,NA,63
2001,4,20,3,-23.9,903.3,NA,NA,64
2001,4,20,6,-24.4,903.4,NA,240,63
2001,4,20,9,-23.4,903.1,NA,250,64
2001,4,20,12,-23.4,907.7,59,NA,64
2001,4,20,15,-23.3,909.6,NA,NA,64
2001,4,20,18,-22.9,911.6,NA,NA,59
2001,4,20,21,-23.1,914.5,NA,230,56
2001,4,21,0,-23.5,913.9,NA,240,64
2001,4,21,3,-23.8,912.4,NA,100,64
2001,4,21,6,-23.8,911,6,100,64
2001,4,21,9,-24.7,910.3,NA,110,63
2001,4,21,12,-25.3,909.4,4,190,62
2001,4,21,15,-26.3,908.6,NA,210,61
2001,4,21,18,-25.8,908.5,NA,220,61
2001,4,21,21,-26.7,907.9,NA,220,60
2001,4,22,0,-28.3,906.1,NA,230,59
2001,4,22,3,-28.6,905.1,NA,230,58
2001,4,22,6,-28.6,905.3,NA,NA,58
2001,4,22,9,-28.1,905.2,NA,NA,59
2001,4,22,12,-28,905.6,NA,NA,58
2001,4,22,15,-28.2,905.2,NA,NA,59
2001,4,22,18,-28,907.3,NA,NA,58
2001,4,22,21,-27.9,909.8,NA,NA,59
2001,4,23,0,-27.5,913.7,NA,240,59
2001,4,23,3,-26.6,918,NA,230,60
2001,4,23,6,-26.1,921.8,NA,230,61
2001,4,23,9,-24.8,922.5,NA,220,62
2001,4,23,12,-25.8,923,NA,220,61
2001,4,23,15,-25.6,921.9,NA,240,61
2001,4,23,18,-25.4,920.6,22,220,62
2001,4,23,21,-25.4,921.2,22,210,62
2001,4,24,0,-26.8,921.7,20,230,60
2001,4,24,3,-26.2,921.7,NA,230,61
2001,4,24,6,-26.7,922.2,NA,230,60
2001,4,24,9,-27.2,924.2,NA,220,60
2001,4,24,12,-27.2,924.9,NA,230,59
2001,4,24,15,-27.1,926.8,NA,220,59
2001,4,24,18,-27.3,928.5,NA,180,60
2001,4,24,21,-27.3,929.3,4,10,60
2001,4,25,0,-26.2,930.1,NA,320,61
2001,4,25,3,-27.7,930.9,NA,350,59
2001,4,25,6,-27.1,933.7,NA,350,59
2001,4,25,9,-26.8,935.1,NA,340,54
2001,4,25,12,NA,937.1,NA,20,40
2001,4,25,15,-22,936.2,NA,360,37
2001,4,25,18,-20.9,934.8,NA,360,40
2001,4,25,21,-19.2,934.5,NA,360,42
2001,4,26,0,-18.4,934.5,NA,40,31
2001,4,26,3,-19.6,934.2,NA,20,35
2001,4,26,6,-17.4,933.8,NA,10,26
2001,4,26,9,-16.1,932.1,NA,0,25
2001,4,26,12,-15.7,930.6,NA,30,25
2001,4,26,15,-18.8,928.7,NA,40,31
2001,4,26,18,-19.1,927.1,NA,20,35
2001,4,26,21,-17.9,926.1,NA,20,42
2001,4,27,0,-20.3,925.8,NA,60,51
2001,4,27,3,-20.9,925.3,NA,60,67
2001,4,27,6,-22.8,924.5,NA,260,65
2001,4,27,9,-23.8,923,5,30,64
2001,4,27,12,-23.9,920.9,NA,350,64
2001,4,27,15,-23.1,917.6,NA,350,64
2001,4,27,18,-23.5,915,NA,20,64
2001,4,27,21,-21.4,912.2,NA,320,54
2001,4,28,0,-20,909.5,NA,250,32
2001,4,28,3,NA,907.7,NA,270,38
2001,4,28,6,-20.1,906.9,NA,20,28
2001,4,28,9,NA,907,NA,240,51
2001,4,28,12,-20.9,909.3,NA,10,37
2001,4,28,15,-22.2,908,NA,20,42
2001,4,28,18,-18.3,907.4,NA,30,23
2001,4,28,21,NA,906.4,NA,350,14
2001,4,29,0,-14.3,905.4,3,310,13
2001,4,29,3,NA,905.4,NA,240,39
2001,4,29,6,NA,906.8,NA,240,53
2001,4,29,9,-24.8,907.4,NA,250,45
2001,4,29,12,-26.6,908,21,220,57
2001,4,29,15,-27.6,908.9,NA,220,57
2001,4,29,18,-27.3,910.5,NA,240,55
2001,4,29,21,-27.2,911.1,NA,220,55
2001,4,30,0,-23.9,912.3,NA,230,NA
2001,4,30,3,NA,912.2,NA,300,30
2001,4,30,6,-22.7,914,NA,250,32
2001,4,30,9,-21.3,915,NA,320,32
2001,4,30,12,-19.6,915.3,NA,320,26
2001,4,30,15,-18.6,915.1,5,290,26
2001,4,30,18,-16.5,914.6,NA,350,32
2001,4,30,21,-16.9,913.9,NA,10,30
2001,5,1,0,-16.6,913,NA,60,26
2001,5,1,3,-17.3,912.7,NA,30,25
2001,5,1,6,NA,914.2,NA,260,48
2001,5,1,9,NA,916.7,NA,240,63
2001,5,1,12,-22.9,917.5,NA,10,64
2001,5,1,15,-20.9,917.6,5,320,42
2001,5,1,18,-22.1,918.1,NA,260,41
2001,5,1,21,-20.3,918.7,NA,340,46
2001,5,2,0,-20.7,918.8,NA,340,50
2001,5,2,3,-22.3,918.9,NA,0,55
2001,5,2,6,-23.4,918.7,NA,20,63
2001,5,2,9,-22.9,918.3,NA,20,64
2001,5,2,12,-22.9,918.6,6,20,64
2001,5,2,15,-23.6,918.4,7,30,63
2001,5,2,18,-23.6,917.3,NA,20,64
2001,5,2,21,-23.8,916.1,NA,360,63
2001,5,3,0,-22.2,915.2,NA,20,64
2001,5,3,3,-22.3,914.5,8,360,36
2001,5,3,6,-22.8,914.9,NA,250,43
2001,5,3,9,-22.9,915.4,NA,220,52
2001,5,3,12,-21.6,916.4,4,230,44
2001,5,3,15,-23.4,917.4,NA,230,44
2001,5,3,18,-22,918.6,3,360,41
2001,5,3,21,-22.7,920.2,NA,30,48
2001,5,4,0,-24.4,921.7,NA,150,57
2001,5,4,3,-25.7,923,4,30,42
2001,5,4,6,-26.5,923.7,2,10,46
2001,5,4,9,-27.1,923.8,NA,20,50
2001,5,4,12,-28.4,923,NA,20,53
2001,5,4,15,-28.8,922,NA,60,55
2001,5,4,18,-29.7,921,NA,60,55
2001,5,4,21,-29.7,920.6,NA,0,55
2001,5,5,0,-29.3,920.6,1,240,56
2001,5,5,3,-29,920,4,360,56
2001,5,5,6,-29.7,919.4,5,260,55
2001,5,5,9,-30.5,919,5,270,54
2001,5,5,12,-31.3,918.8,7,240,53
2001,5,5,15,-31,919.1,6,230,54
2001,5,5,18,-29.8,918.7,NA,240,55
2001,5,5,21,-27.3,917.9,NA,230,42
2001,5,6,0,-26.4,919.9,NA,240,36
2001,5,6,3,-25,920.6,NA,230,34
2001,5,6,6,-24.3,921.2,NA,240,32
2001,5,6,9,-23,921.8,NA,240,32
2001,5,6,12,-23,922.2,NA,240,33
2001,5,6,15,-23.1,922.2,NA,220,37
2001,5,6,18,-23.4,922.4,NA,230,38
2001,5,6,21,-22.8,922.4,NA,240,38
2001,5,7,0,-21.8,923.7,NA,220,NA
2001,5,7,3,-19.1,921.4,NA,NA,58
2001,5,7,6,-20.1,925.7,NA,NA,65
2001,5,7,9,-20.9,927.9,NA,NA,67
2001,5,7,12,-21.6,930.1,NA,240,66
2001,5,7,15,-23.8,934.3,NA,240,64
2001,5,7,18,-24,934.7,NA,230,63
2001,5,7,21,-22.9,934.5,NA,230,65
2001,5,8,0,-22.1,934.2,1,240,65
2001,5,8,3,-22.3,933,2,350,65
2001,5,8,6,-23.4,930.9,NA,30,63
2001,5,8,9,-22.2,929.2,NA,10,54
2001,5,8,12,-22.4,928.1,NA,240,53
2001,5,8,15,-20.5,928.1,NA,250,44
2001,5,8,18,-20.2,929.5,NA,220,37
2001,5,8,21,-21.3,930.4,NA,230,35
2001,5,9,0,-21.8,932.3,NA,220,44
2001,5,9,3,-23,933.6,NA,280,51
2001,5,9,6,-23.1,932.9,NA,10,45
2001,5,9,9,-24.5,933.3,NA,260,53
2001,5,9,12,-25.2,933.3,NA,270,53
2001,5,9,15,-22.8,932.8,NA,40,50
2001,5,9,18,-24.8,931.5,NA,30,57
2001,5,9,21,-25.6,929.6,NA,260,60
2001,5,10,0,-23.7,927.6,NA,240,61
2001,5,10,3,-22.2,924.6,NA,240,35
2001,5,10,6,NA,921.5,NA,240,37
2001,5,10,9,NA,918.7,NA,230,33
2001,5,10,12,NA,914.3,NA,250,42
2001,5,10,15,-12.1,918.5,NA,NA,77
2001,5,10,18,-11.8,920.4,NA,NA,77
2001,5,10,21,-9.4,923.3,NA,NA,43
2001,5,11,0,-12.1,926.4,NA,230,53
2001,5,11,3,-14.2,930.5,NA,230,43
2001,5,11,6,-10.4,931.9,NA,310,35
2001,5,11,9,-12.5,932.1,NA,20,46
2001,5,11,12,-14.6,932.8,NA,30,53
2001,5,11,15,-16,932.8,NA,30,67
2001,5,11,18,-16,933.3,NA,30,67
2001,5,11,21,-14.4,933.5,NA,310,57
2001,5,12,0,NA,932,NA,250,32
2001,5,12,3,-9.7,929.9,NA,360,19
2001,5,12,6,-11.2,929.8,NA,250,24
2001,5,12,9,-12.6,930.6,NA,250,29
2001,5,12,12,-13.9,930.1,NA,240,36
2001,5,12,15,NA,928.4,NA,240,29
2001,5,12,18,NA,929,NA,230,38
2001,5,12,21,-8.4,927.8,NA,350,37
2001,5,13,0,-7.4,924.6,NA,20,35
2001,5,13,3,-11.7,922.5,NA,250,43
2001,5,13,6,NA,923.6,7,50,53
2001,5,13,9,-15.6,922.8,NA,330,62
2001,5,13,12,-18.1,922,NA,240,51
2001,5,13,15,-17,920.4,NA,360,56
2001,5,13,18,-18.8,919,NA,10,63
2001,5,13,21,-19,917.2,NA,20,58
2001,5,14,0,-17.9,915.6,NA,20,52
2001,5,14,3,-17.2,916.2,NA,290,57
2001,5,14,6,-20.1,917.9,NA,260,65
2001,5,14,9,-21.4,917.8,NA,230,67
2001,5,14,12,-21.2,918,NA,230,66
2001,5,14,15,-21.1,917.5,NA,240,62
2001,5,14,18,-20.6,917.9,NA,230,57
2001,5,14,21,-20.4,918.2,NA,230,59
2001,5,15,0,-20.3,918.6,NA,230,60
2001,5,15,3,-20.8,919.1,NA,240,65
2001,5,15,6,-20.9,919.6,NA,250,66
2001,5,15,9,-21.5,920,NA,240,66
2001,5,15,12,-22.2,919.6,NA,250,65
2001,5,15,15,-22.7,918.8,NA,240,65
2001,5,15,18,-23.4,917.9,NA,230,64
2001,5,15,21,-24.2,917.4,3,270,63
2001,5,16,0,-24.3,916.6,2,360,62
2001,5,16,3,-24.8,915.1,3,10,62
2001,5,16,6,-21.8,914.4,4,240,65
2001,5,16,9,-21.8,913.9,4,260,66
2001,5,16,12,-20.8,913.3,3,10,67
2001,5,16,15,-18,912.2,1,310,55
2001,5,16,18,-17.1,910.5,NA,310,37
2001,5,16,21,-15.8,909.8,NA,360,32
2001,5,17,0,-14.6,909.9,NA,350,35
2001,5,17,3,-16.3,910.9,NA,250,34
2001,5,17,6,-19.1,912.8,NA,230,36
2001,5,17,9,-19.8,915.4,NA,240,67
2001,5,17,12,-18.5,916.8,NA,240,69
2001,5,17,15,-17.1,917.7,NA,240,54
2001,5,17,18,-16.3,918.2,NA,10,44
2001,5,17,21,-18.5,918.7,NA,250,60
2001,5,18,0,-19.4,919.4,NA,270,NA
2001,5,18,3,-19.3,919.9,NA,270,68
2001,5,18,6,-21.8,920.7,8,260,67
2001,5,18,9,-20,921.5,NA,160,67
2001,5,18,12,-20.2,922.5,NA,90,68
2001,5,18,15,-21.4,923.6,NA,NA,66
2001,5,18,18,-21.5,924.7,NA,NA,66
2001,5,18,21,-21.6,926.3,NA,NA,66
2001,5,19,0,-21.8,927.5,1,360,66
2001,5,19,3,-23,928,NA,220,65
2001,5,19,6,-23.7,929.2,NA,250,64
2001,5,19,9,-24,930.3,NA,260,63
2001,5,19,12,-24.8,931.2,7,240,63
2001,5,19,15,-24.2,931.9,3,250,63
2001,5,19,18,-24.2,932.2,NA,0,63
2001,5,19,21,-24.3,932.8,1,10,62
2001,5,20,0,-24.1,933.2,NA,NA,63
2001,5,20,3,-24.4,933.6,NA,NA,62
2001,5,20,6,-24.6,934.3,1,250,62
2001,5,20,9,-23.8,934.8,4,240,61
2001,5,20,12,-25,936,4,240,60
2001,5,20,15,-25.5,936.7,3,270,62
2001,5,20,18,-23.9,937.2,7,260,61
2001,5,20,21,-24.9,938.8,NA,270,62
2001,5,21,0,-24.5,940,NA,290,63
2001,5,21,3,-23.1,940.3,5,260,65
2001,5,21,6,-25,940.9,NA,NA,63
2001,5,21,9,-24.5,940.8,NA,NA,63
2001,5,21,12,-23,939.9,15,NA,63
2001,5,21,15,-22.5,939.1,14,240,64
2001,5,21,18,-23.4,938.6,15,250,64
2001,5,21,21,-24.2,939.4,17,240,63
2001,5,22,0,-23.9,940.1,17,230,63
2001,5,22,3,-25.1,940.7,17,NA,62
2001,5,22,6,-24.4,942.9,13,NA,62
2001,5,22,9,-23.5,944.5,NA,NA,64
2001,5,22,12,-23.2,945.3,NA,NA,53
2001,5,22,15,-23.1,946.6,NA,220,39
2001,5,22,18,-22.7,945.6,NA,290,39
2001,5,22,21,-21.1,942.9,NA,360,32
2001,5,23,0,-19.1,939,NA,10,22
2001,5,23,3,-17.5,934.1,NA,10,17
2001,5,23,6,-17,933.2,NA,10,21
2001,5,23,9,-16.9,935.1,NA,260,20
2001,5,23,12,-19.7,934.5,NA,240,43
2001,5,23,15,-18.8,930.1,NA,240,63
2001,5,23,18,-19.5,933.1,NA,230,59
2001,5,23,21,-22.4,935.1,NA,220,47
2001,5,24,0,-22.6,934.9,NA,250,56
2001,5,24,3,-19.9,934.2,NA,250,42
2001,5,24,6,NA,933.1,NA,240,24
2001,5,24,9,-14.9,932.2,NA,270,18
2001,5,24,12,-16.3,929.4,10,250,18
2001,5,24,15,-15.1,927.3,NA,270,17
2001,5,24,18,-15.6,925.8,NA,0,14
2001,5,24,21,-17.3,925,4,250,19
2001,5,25,0,NA,924.5,NA,250,39
2001,5,25,3,-22.2,925.1,NA,240,40
2001,5,25,6,-23.8,924.4,NA,240,54
2001,5,25,9,-25,925.9,NA,240,55
2001,5,25,12,-25.5,925.9,NA,230,54
2001,5,25,15,-26,925.3,NA,230,57
2001,5,25,18,-25,925,NA,110,59
2001,5,25,21,-26.1,922.8,NA,30,40
2001,5,26,0,-25.7,919.7,NA,20,41
2001,5,26,3,NA,916.3,NA,270,31
2001,5,26,6,NA,913.5,6,270,13
2001,5,26,9,NA,912.3,NA,260,14
2001,5,26,12,NA,912.2,NA,250,25
2001,5,26,15,NA,913.4,NA,220,51
2001,5,26,18,-25.3,914,NA,240,59
2001,5,26,21,-26.4,916,NA,240,55
2001,5,27,0,-26.9,917.9,NA,200,58
2001,5,27,3,-27.5,919.8,NA,240,58
2001,5,27,6,-28.3,921.3,NA,60,57
2001,5,27,9,-29.3,920.3,NA,10,56
2001,5,27,12,-28,919.9,NA,30,57
2001,5,27,15,-28.1,920.5,14,60,57
2001,5,27,18,-28.9,922.2,NA,30,57
2001,5,27,21,-29.5,923.6,NA,180,56
2001,5,28,0,-28.6,923.8,1,250,56
2001,5,28,3,-29.4,924.2,2,300,56
2001,5,28,6,-28.7,924,NA,40,56
2001,5,28,9,-29,924,NA,40,56
2001,5,28,12,-28.9,923.8,9,50,56
2001,5,28,15,-29.3,924.1,7,40,56
2001,5,28,18,-30.6,924,6,20,55
2001,5,28,21,-28.8,923.2,NA,40,57
2001,5,29,0,-29.9,922.6,NA,50,56
2001,5,29,3,-30,921.6,NA,50,55
2001,5,29,6,-29.5,920.8,1,280,56
2001,5,29,9,-31.3,920.1,NA,260,54
2001,5,29,12,-30.7,920.2,NA,250,54
2001,5,29,15,-31.4,920.2,NA,270,54
2001,5,29,18,-32.2,920.1,NA,270,54
2001,5,29,21,-30.4,919.9,NA,230,54
2001,5,30,0,-30.4,918.9,NA,0,54
2001,5,30,3,-30.8,917.8,1,300,54
2001,5,30,6,-30.9,916.2,4,240,54
2001,5,30,9,-31.2,914.3,NA,240,53
2001,5,30,12,-30.3,914.3,NA,240,54
2001,5,30,15,-29.2,915.1,11,230,56
2001,5,30,18,-26.8,915.7,13,230,39
2001,5,30,21,-27.1,917.1,9,240,33
2001,5,31,0,-29,919,9,250,41
2001,5,31,3,-28.6,919.8,NA,250,32
2001,5,31,6,-27,920.4,NA,50,22
2001,5,31,9,-28,919.8,NA,30,27
2001,5,31,12,-28.7,918.8,NA,30,26
2001,5,31,15,-28.2,917.2,NA,30,42
2001,5,31,18,-28.8,915.9,NA,40,48
2001,5,31,21,-29,916.7,NA,40,55
2001,6,1,0,-31.5,918.9,NA,270,53
2001,6,1,3,-29.9,920.4,NA,280,54
2001,6,1,6,-33.2,922.6,NA,270,51
2001,6,1,9,-32.1,925.9,NA,260,52
2001,6,1,12,-30.1,929.7,NA,230,53
2001,6,1,15,-28.6,932.2,NA,240,56
2001,6,1,18,-26.6,934.7,NA,230,42
2001,6,1,21,-25.4,934.4,NA,30,36
2001,6,2,0,-24.7,934.6,NA,230,31
2001,6,2,3,-23.7,934.4,NA,250,24
2001,6,2,6,-25.2,933.4,NA,230,33
2001,6,2,9,-26.6,931.5,NA,20,28
2001,6,2,12,-27.2,929.4,NA,20,36
2001,6,2,15,-27.9,927.4,NA,40,42
2001,6,2,18,-27.2,925.3,6,280,45
2001,6,2,21,-25.4,922.8,NA,270,32
2001,6,3,0,-27,919.7,NA,260,48
2001,6,3,3,-27.3,916.2,NA,240,55
2001,6,3,6,-29.4,912.9,NA,270,55
2001,6,3,9,-29.2,911,NA,230,56
2001,6,3,12,-28.2,911.5,NA,220,56
2001,6,3,15,NA,910.7,NA,230,61
2001,6,3,18,NA,910.8,NA,240,63
2001,6,3,21,-23.2,910.7,NA,NA,61
2001,6,4,0,-25.6,914.5,46,NA,52
2001,6,4,3,-27.4,915.2,NA,NA,53
2001,6,4,6,-28,916.3,NA,NA,53
2001,6,4,9,-29,918.6,NA,220,56
2001,6,4,12,-30,917.4,NA,230,55
2001,6,4,15,-30,916.8,NA,220,55
2001,6,4,18,-30.3,914.7,NA,260,54
2001,6,4,21,-30.3,912.3,NA,360,54
2001,6,5,0,-31.1,909.6,NA,10,54
2001,6,5,3,-31.3,907.7,NA,360,52
2001,6,5,6,-31.2,908.5,NA,320,52
2001,6,5,9,-29.7,910.6,NA,350,55
2001,6,5,12,-30.2,911.9,NA,0,51
2001,6,5,15,-27.9,912,2,340,46
2001,6,5,18,-27.6,911.8,NA,350,38
2001,6,5,21,-26.1,912.3,NA,240,28
2001,6,6,0,-26.3,913.9,8,240,29
2001,6,6,3,-25,915.5,NA,250,25
2001,6,6,6,-23.1,916.4,NA,240,29
2001,6,6,9,-22,916.2,NA,240,40
2001,6,6,12,-24.5,916.8,NA,250,46
2001,6,6,15,-23,916.2,NA,230,46
2001,6,6,18,-21.4,916.1,NA,250,41
2001,6,6,21,-21,914.9,NA,250,38
2001,6,7,0,-18.7,913.1,NA,240,39
2001,6,7,3,-16.3,910.7,NA,NA,66
2001,6,7,6,-15.9,911.8,NA,NA,72
2001,6,7,9,-15,912.8,NA,NA,72
2001,6,7,12,-15.9,915.6,NA,230,73
2001,6,7,15,-15.4,916.4,NA,230,74
2001,6,7,18,-14.6,915.6,NA,240,74
2001,6,7,21,-13.4,910.1,NA,NA,76
2001,6,8,0,-15.8,912.7,NA,NA,73
2001,6,8,3,-16,913.6,NA,NA,73
2001,6,8,6,-19.1,920.6,NA,NA,70
2001,6,8,9,-17.3,921.4,NA,NA,71
2001,6,8,12,-14.4,921.8,NA,250,70
2001,6,8,15,-13.5,922.4,NA,240,75
2001,6,8,18,-14.9,919.6,NA,230,75
2001,6,8,21,-15.9,922.1,NA,240,74
2001,6,9,0,-16.5,924.1,NA,240,73
2001,6,9,3,-15.8,925.7,NA,230,71
2001,6,9,6,-16.4,927,NA,NA,72
2001,6,9,9,-16.5,927.8,NA,NA,69
2001,6,9,12,-18.2,927.1,NA,NA,72
2001,6,9,15,-17.6,926,NA,280,71
2001,6,9,18,-18,924.2,NA,20,66
2001,6,9,21,-18,923,NA,20,56
2001,6,10,0,-19.3,922.2,NA,50,58
2001,6,10,3,-20.6,921.9,NA,60,68
2001,6,10,6,-19.2,921.5,7,90,53
2001,6,10,9,-19.5,921.1,NA,70,47
2001,6,10,12,-19.8,920.7,NA,260,64
2001,6,10,15,-21.1,920.9,8,240,67
2001,6,10,18,-20.2,920.7,NA,230,68
2001,6,10,21,-19.9,920.9,NA,240,64
2001,6,11,0,-19.3,921.1,NA,240,60
2001,6,11,3,-19.2,922.1,27,230,64
2001,6,11,6,-19.3,922.7,NA,240,65
2001,6,11,9,-18.4,922.9,NA,240,69
2001,6,11,12,-16.8,923.1,NA,230,65
2001,6,11,15,-16.3,922.7,NA,240,68
2001,6,11,18,-17.5,923,NA,230,70
2001,6,11,21,-17.9,923.9,NA,230,63
2001,6,12,0,-17.2,924.1,NA,230,65
2001,6,12,3,-16.8,925.7,NA,240,66
2001,6,12,6,-16.2,925.3,NA,250,58
2001,6,12,9,-14.7,925,NA,270,45
2001,6,12,12,-15.5,924.9,NA,260,46
2001,6,12,15,-16.1,925,NA,270,50
2001,6,12,18,-15.9,925.4,NA,270,47
2001,6,12,21,-18,926.1,NA,20,53
2001,6,13,0,-19.2,926.9,3,70,52
2001,6,13,3,-18.7,928.5,NA,300,47
2001,6,13,6,-22,930.2,3,260,58
2001,6,13,9,-22.5,931.4,NA,260,65
2001,6,13,12,-22.3,932.9,NA,250,65
2001,6,13,15,-22.3,934.5,NA,260,65
2001,6,13,18,-20.3,935,NA,0,67
2001,6,13,21,-22.1,935.3,NA,260,65
2001,6,14,0,-21.7,935.6,NA,260,66
2001,6,14,3,-21.2,935.5,NA,0,66
2001,6,14,6,-21.7,934.8,NA,240,65
2001,6,14,9,-20.7,933.8,NA,240,67
2001,6,14,12,-19.7,932.5,NA,240,62
2001,6,14,15,-19.8,930.8,NA,220,47
2001,6,14,18,-18.1,928.7,NA,240,54
2001,6,14,21,-17.5,925,NA,240,59
2001,6,15,0,-17.5,924.3,NA,240,51
2001,6,15,3,-17.9,925.5,48,230,50
2001,6,15,6,-20.5,925.8,NA,NA,56
2001,6,15,9,-19.9,926.1,NA,NA,54
2001,6,15,12,-20.5,925.4,NA,NA,62
2001,6,15,15,-20.6,926.2,NA,240,53
2001,6,15,18,-21.8,926,NA,240,66
2001,6,15,21,-23,923.9,NA,230,64
2001,6,16,0,-21.8,920.8,NA,240,64
2001,6,16,3,-23,920.3,NA,230,62
2001,6,16,6,-23.8,920,NA,260,63
2001,6,16,9,-20.3,917.7,NA,270,66
2001,6,16,12,-20.2,916.7,NA,260,66
2001,6,16,15,-20.7,914.4,NA,280,63
2001,6,16,18,-21.9,912.7,NA,160,58
2001,6,16,21,-20.2,911.3,4,250,39
2001,6,17,0,-19.4,910.1,NA,240,44
2001,6,17,3,-19.4,909.6,NA,220,46
2001,6,17,6,-17.4,907.2,NA,240,69
2001,6,17,9,-19.1,908.9,NA,NA,69
2001,6,17,12,-19.1,910.6,NA,NA,65
2001,6,17,15,-21.3,912.8,NA,NA,66
2001,6,17,18,-22,917.2,NA,220,65
2001,6,17,21,-18.6,915.6,NA,230,68
2001,6,18,0,-18,914.9,NA,240,70
2001,6,18,3,-18.2,914.3,34,240,70
2001,6,18,6,-17.7,915.2,NA,220,56
2001,6,18,9,-18.2,915,NA,220,70
2001,6,18,12,-19.2,915.2,NA,190,69
2001,6,18,15,-20.3,914.2,NA,300,68
2001,6,18,18,-20.8,913.9,NA,260,68
2001,6,18,21,-21.8,914,NA,300,66
2001,6,19,0,-22.3,913.7,4,350,65
2001,6,19,3,-20.8,912.9,2,250,66
2001,6,19,6,-18.6,913.2,5,250,70
2001,6,19,9,-17.4,913.1,NA,330,48
2001,6,19,12,-17.7,912.9,NA,20,40
2001,6,19,15,-16.9,912.3,NA,280,39
2001,6,19,18,-18,911.6,2,260,40
2001,6,19,21,-16.8,911.3,4,240,36
2001,6,20,0,-15.6,911.3,NA,10,33
2001,6,20,3,-17.3,911.5,NA,20,37
2001,6,20,6,NA,912.7,NA,250,61
2001,6,20,9,-20.2,916.3,NA,260,40
2001,6,20,12,-23.4,917.6,NA,230,63
2001,6,20,15,-23.4,919.8,NA,230,63
2001,6,20,18,-23.8,922.4,NA,220,63
2001,6,20,21,-23.9,923.8,NA,270,63
2001,6,21,0,-24.3,924.6,NA,60,63
2001,6,21,3,-25.5,925.5,1,290,61
2001,6,21,6,-27.2,926.2,NA,230,59
2001,6,21,9,-27.6,926.9,NA,230,59
2001,6,21,12,-28,927.3,NA,240,58
2001,6,21,15,-27,927.7,NA,80,59
2001,6,21,18,-26.7,927.5,NA,0,59
2001,6,21,21,-27.2,925.8,NA,20,58
2001,6,22,0,-28.3,923.2,NA,NA,58
2001,6,22,3,-27.4,919.6,NA,NA,57
2001,6,22,6,-28.4,916.6,NA,NA,57
2001,6,22,9,-28.4,913.9,13,40,57
2001,6,22,12,-26.8,912.4,10,40,59
2001,6,22,15,-27.4,911.9,NA,260,59
2001,6,22,18,-28.5,910,NA,240,57
2001,6,22,21,-28.2,907.6,NA,NA,58
2001,6,23,0,-28.6,905.3,NA,NA,57
2001,6,23,3,-28.7,905.1,NA,NA,57
2001,6,23,6,-26.9,905.8,NA,NA,57
2001,6,23,9,-26.3,905.3,58,NA,59
2001,6,23,12,-25.9,905.4,60,NA,60
2001,6,23,15,-25.5,904.7,NA,NA,60
2001,6,23,18,-23.8,904.3,NA,NA,61
2001,6,23,21,-23.9,902.1,NA,NA,62
2001,6,24,0,-22.7,904.3,NA,NA,62
2001,6,24,3,-22.5,903.5,NA,NA,64
2001,6,24,6,-20.9,903,NA,250,63
2001,6,24,9,-20.2,906.8,NA,240,65
2001,6,24,12,-20.5,913.1,NA,NA,67
2001,6,24,15,-20.2,913.5,59,NA,68
2001,6,24,18,-21.3,917.3,NA,NA,66
2001,6,24,21,-21.6,917.3,NA,250,66
2001,6,25,0,-21.6,921.4,NA,240,66
2001,6,25,3,-19.9,921.9,NA,240,42
2001,6,25,6,-19.9,921.9,43,250,40
2001,6,25,9,-19.5,925.1,NA,230,48
2001,6,25,12,-19.7,925.7,NA,240,39
2001,6,25,15,-19.3,925.2,NA,240,43
2001,6,25,18,-20.5,925.6,NA,310,48
2001,6,25,21,-21.2,925.8,NA,0,62
2001,6,26,0,-20.8,925.8,NA,270,67
2001,6,26,3,-21.1,926,NA,350,66
2001,6,26,6,-22.1,925.9,NA,40,65
2001,6,26,9,-22,926.2,NA,0,66
2001,6,26,12,-21.8,926.3,NA,290,66
2001,6,26,15,-20.9,925.4,NA,260,67
2001,6,26,18,-23,924.6,NA,270,66
2001,6,26,21,-22.2,923.4,NA,260,65
2001,6,27,0,-22,921.1,NA,250,65
2001,6,27,3,-21.8,919,NA,230,66
2001,6,27,6,-21,917.3,NA,NA,67
2001,6,27,9,-21,915.7,NA,NA,67
2001,6,27,12,-20.7,914.2,NA,NA,67
2001,6,27,15,-20.4,914.5,NA,NA,67
2001,6,27,18,-20.6,914.8,NA,NA,67
2001,6,27,21,-21,914.8,NA,240,67
2001,6,28,0,-20.7,914.6,NA,0,67
2001,6,28,3,-21.1,913.1,NA,30,67
2001,6,28,6,-21.7,911.4,NA,0,66
2001,6,28,9,-21.2,912,NA,350,66
2001,6,28,12,-21,912.8,NA,260,67
2001,6,28,15,-21.3,914.6,NA,240,67
2001,6,28,18,-22.5,916,7,240,66
2001,6,28,21,-22.8,916.5,NA,230,64
2001,6,29,0,-22.8,916.5,NA,240,64
2001,6,29,3,-24.8,919.2,NA,230,62
2001,6,29,6,-25.9,919.7,NA,240,61
2001,6,29,9,-26.2,919,NA,220,60
2001,6,29,12,-26.3,918,3,70,60
2001,6,29,15,-26.2,917.9,4,70,60
2001,6,29,18,-26.9,918.4,2,40,60
2001,6,29,21,-26.7,918.5,1,90,60
2001,6,30,0,-27.1,919.7,2,10,59
2001,6,30,3,-29.8,921.9,NA,260,59
2001,6,30,6,-28.2,922,NA,240,58
2001,6,30,9,-28.2,923.4,NA,NA,58
2001,6,30,12,-27.7,924.1,NA,NA,58
2001,6,30,15,-27.2,925.5,NA,NA,45
2001,6,30,18,-28.4,926.6,NA,NA,50
2001,6,30,21,-27.1,926.7,NA,NA,46
2001,7,1,0,-26.8,926,NA,10,45
2001,7,1,3,-26.3,924.6,NA,350,34
2001,7,1,6,-26.6,923.2,NA,360,33
2001,7,1,9,-26,921.8,NA,40,32
2001,7,1,12,-27.3,920.8,NA,20,37
2001,7,1,15,-28.2,919.1,3,230,46
2001,7,1,18,-28.6,917.9,NA,220,50
2001,7,1,21,-26.4,916.4,NA,40,44
2001,7,2,0,-28.2,915.3,NA,30,43
2001,7,2,3,-28.2,915.1,12,20,47
2001,7,2,6,-28.5,914.8,10,30,48
2001,7,2,9,-29.4,914.3,14,10,53
2001,7,2,12,-26.9,913.2,NA,350,56
2001,7,2,15,-26.3,912.3,NA,320,32
2001,7,2,18,-25.6,911.4,NA,20,29
2001,7,2,21,-24.5,911.2,NA,240,26
2001,7,3,0,-22.5,911,NA,240,24
2001,7,3,3,-21.6,912.5,NA,220,37
2001,7,3,6,-21.9,915.1,NA,100,53
2001,7,3,9,-24.5,917.9,NA,20,62
2001,7,3,12,-22.4,920.4,6,260,61
2001,7,3,15,-22.1,922.8,NA,340,56
2001,7,3,18,-22.7,924.1,NA,10,47
2001,7,3,21,-21.4,924.9,NA,360,42
2001,7,4,0,-20.7,926.9,NA,260,41
2001,7,4,3,-23.7,928.2,NA,250,57
2001,7,4,6,-23.2,928.2,NA,270,56
2001,7,4,9,-24.7,927.2,NA,240,58
2001,7,4,12,-25.5,925.3,4,30,59
2001,7,4,15,-25.4,923,6,50,61
2001,7,4,18,-25.6,921.3,5,10,61
2001,7,4,21,-25.9,919.8,6,60,60
2001,7,5,0,-25,918.5,NA,40,61
2001,7,5,3,-25.5,917.5,6,40,61
2001,7,5,6,-24.9,917.1,NA,30,61
2001,7,5,9,-23.7,915.2,3,240,61
2001,7,5,12,NA,913.5,NA,260,56
2001,7,5,15,-26.4,912.9,NA,230,59
2001,7,5,18,-29.1,913.4,NA,230,57
2001,7,5,21,-30.7,913.8,23,250,55
2001,7,6,0,-31.9,914,23,230,54
2001,7,6,3,-32.3,914.4,22,NA,53
2001,7,6,6,-31.2,916.1,NA,NA,53
2001,7,6,9,-30.8,917.7,NA,NA,52
2001,7,6,12,-30.1,918,NA,220,52
2001,7,6,15,-28.6,918.7,NA,360,42
2001,7,6,18,-27.8,919.5,NA,30,34
2001,7,6,21,-29.4,920.3,7,20,37
2001,7,7,0,-30,920.4,NA,10,NA
2001,7,7,3,-31.4,920.8,5,220,54
2001,7,7,6,-32,921.2,3,270,52
2001,7,7,9,-31.6,921.3,1,210,53
2001,7,7,12,-32.9,920.5,2,40,52
2001,7,7,15,-33.8,919.5,NA,20,51
2001,7,7,18,-33,918.5,3,360,52
2001,7,7,21,-32.9,918.3,NA,80,52
2001,7,8,0,-34.2,917.9,3,10,51
2001,7,8,3,-33.9,918.4,NA,NA,50
2001,7,8,6,-34.5,918.5,4,10,50
2001,7,8,9,-34.7,918.6,4,360,50
2001,7,8,12,-34.7,919.4,NA,300,44
2001,7,8,15,-35.4,920.1,3,290,43
2001,7,8,18,-34.7,920.7,3,250,42
2001,7,8,21,-33.3,920.9,NA,240,38
2001,7,9,0,-32.5,921.5,NA,230,34
2001,7,9,3,-31.3,922,NA,NA,32
2001,7,9,6,-30.9,922.1,NA,NA,30
2001,7,9,9,-30.3,922.3,NA,NA,32
2001,7,9,12,-30.7,923.5,NA,NA,49
2001,7,9,15,-31.8,922.6,NA,NA,53
2001,7,9,18,-28.6,922.3,NA,220,42
2001,7,9,21,NA,921,NA,250,36
2001,7,10,0,-25.3,921.2,NA,240,29
2001,7,10,3,-22.1,920.7,NA,230,23
2001,7,10,6,-21.8,919.4,NA,250,23
2001,7,10,9,-20,918.7,NA,240,24
2001,7,10,12,-20.6,919.8,NA,220,42
2001,7,10,15,-24.1,917.8,NA,230,63
2001,7,10,18,-25.1,919.4,60,240,60
2001,7,10,21,-23.7,920.6,NA,250,61
2001,7,11,0,-24.1,921.7,58,230,62
2001,7,11,3,-23.4,924.4,54,240,63
2001,7,11,6,-21.6,925.1,NA,NA,56
2001,7,11,9,-19.8,923.1,53,NA,66
2001,7,11,12,-19.1,926.3,NA,230,67
2001,7,11,15,-19.2,927.3,NA,230,58
2001,7,11,18,-17.8,926.3,NA,320,52
2001,7,11,21,-15.7,923.5,NA,0,32
2001,7,12,0,-15.3,921.4,NA,360,31
2001,7,12,3,-15.7,919.7,NA,10,34
2001,7,12,6,NA,919.5,NA,250,48
2001,7,12,9,NA,920.1,NA,310,61
2001,7,12,12,-23.6,920,NA,260,49
2001,7,12,15,-22.4,919.1,NA,230,57
2001,7,12,18,-21.1,920.4,NA,230,46
2001,7,12,21,-20.7,920.6,NA,230,48
2001,7,13,0,-18.7,919.4,NA,240,40
2001,7,13,3,-18.5,920.1,NA,230,38
2001,7,13,6,-17.8,917.4,NA,240,48
2001,7,13,9,-15.4,916.5,NA,230,48
2001,7,13,12,-14.9,916.9,NA,NA,70
2001,7,13,15,-13.7,916.6,57,NA,73
2001,7,13,18,-12.8,919,NA,250,74
2001,7,13,21,-11.3,917.6,NA,240,60
2001,7,14,0,NA,917.8,NA,230,NA
2001,7,14,3,-14.9,915.8,NA,230,60
2001,7,14,6,NA,914,NA,240,70
2001,7,14,9,-16.7,919.6,NA,NA,70
2001,7,14,12,-17.4,919.8,NA,NA,71
2001,7,14,15,-17.4,922,NA,NA,71
2001,7,14,18,-17.3,924.7,NA,NA,71
2001,7,14,21,-15.9,921,NA,NA,72
2001,7,15,0,-17.4,926,55,NA,71
2001,7,15,3,-17.8,930.7,NA,230,70
2001,7,15,6,-18,930.9,NA,240,71
2001,7,15,9,-16.7,931,NA,250,71
2001,7,15,12,-15,931.5,NA,0,37
2001,7,15,15,-19.1,933,NA,20,46
2001,7,15,18,-18.4,934.5,2,260,68
2001,7,15,21,-16.3,935.9,3,330,41
2001,7,16,0,-19.5,936.7,NA,250,51
2001,7,16,3,-18.3,938.4,NA,310,44
2001,7,16,6,-16.4,939.8,NA,60,32
2001,7,16,9,-16.7,941.5,3,270,31
2001,7,16,12,-17.7,942.7,NA,260,46
2001,7,16,15,-19.4,943.9,NA,240,45
2001,7,16,18,-19,945.2,NA,230,47
2001,7,16,21,-18,947.3,NA,240,48
2001,7,17,0,-19.6,947.5,NA,250,54
2001,7,17,3,-18.4,949.4,NA,240,49
2001,7,17,6,-19.1,949.3,NA,340,61
2001,7,17,9,-19.8,949.3,NA,240,58
2001,7,17,12,-18.4,948.6,NA,0,43
2001,7,17,15,-20.1,947.8,4,60,55
2001,7,17,18,-20.6,946.8,NA,20,55
2001,7,17,21,-21.6,945.8,8,20,57
2001,7,18,0,-21.6,945.2,8,50,66
2001,7,18,3,-21.5,944.6,NA,50,66
2001,7,18,6,-21.6,944.2,NA,100,66
2001,7,18,9,-21.9,943.4,3,260,65
2001,7,18,12,-22.8,942.9,NA,240,64
2001,7,18,15,-22.7,942.6,7,230,64
2001,7,18,18,-22.9,941.8,8,240,64
2001,7,18,21,-24.7,940.9,NA,240,62
2001,7,19,0,-24.6,940.5,NA,250,62
2001,7,19,3,-25.5,938.9,NA,240,61
2001,7,19,6,-26.1,937.7,NA,240,60
2001,7,19,9,-26.2,936.7,NA,240,60
2001,7,19,12,-26.7,936.2,16,230,60
2001,7,19,15,-27.5,936.3,NA,250,58
2001,7,19,18,-26.5,935.5,NA,0,59
2001,7,19,21,-26.3,934.9,NA,30,60
2001,7,20,0,-27.3,934.2,NA,40,58
2001,7,20,3,-27.5,932.9,NA,40,58
2001,7,20,6,-27.6,931.7,NA,80,58
2001,7,20,9,-27.6,930.6,2,90,58
2001,7,20,12,-28.3,929.9,1,290,57
2001,7,20,15,-27.1,930.1,4,260,59
2001,7,20,18,-26.7,930.3,4,250,59
2001,7,20,21,-27,930.7,3,270,59
2001,7,21,0,-26.7,930.9,NA,NA,60
2001,7,21,3,-27.2,930.9,NA,10,59
2001,7,21,6,-26.7,931.3,NA,NA,59
2001,7,21,9,-25.5,931.6,NA,NA,60
2001,7,21,12,-24.8,932.2,NA,NA,61
2001,7,21,15,-24.9,932,NA,320,61
2001,7,21,18,-25.2,931.9,NA,NA,61
2001,7,21,21,-24.4,931.5,4,250,62
2001,7,22,0,-25.4,930.5,NA,240,61
2001,7,22,3,-23.6,929.3,NA,230,54
2001,7,22,6,-22.3,926.2,NA,230,52
2001,7,22,9,-22,925.1,NA,NA,60
2001,7,22,12,-21.8,923.5,NA,NA,61
2001,7,22,15,-21.1,922.7,39,NA,62
2001,7,22,18,-20.7,921.3,NA,230,53
2001,7,22,21,-20.5,921.1,NA,240,59
2001,7,23,0,-18.7,919.9,NA,250,61
2001,7,23,3,-18.4,917.5,NA,230,60
2001,7,23,6,-17.6,916.1,NA,230,59
2001,7,23,9,-18.1,915.8,NA,220,66
2001,7,23,12,-18.5,915.4,NA,240,70
2001,7,23,15,-18.5,914.6,NA,230,70
2001,7,23,18,-19.8,914.9,NA,240,69
2001,7,23,21,-20.5,913,NA,230,67
2001,7,24,0,-21.5,912.9,NA,230,66
2001,7,24,3,-22.6,914,NA,240,65
2001,7,24,6,-22.9,915.1,NA,230,64
2001,7,24,9,-24,913.9,NA,240,63
2001,7,24,12,-24.5,912.8,NA,240,62
2001,7,24,15,-23.2,913.4,NA,230,64
2001,7,24,18,-23.5,913.5,NA,NA,63
2001,7,24,21,-23.2,913.4,NA,NA,63
2001,7,25,0,-23.1,913.1,NA,230,64
2001,7,25,3,-23.9,915,NA,240,63
2001,7,25,6,-23.1,915.2,NA,230,64
2001,7,25,9,-21.6,912.1,NA,NA,64
2001,7,25,12,-21.1,913.6,NA,NA,61
2001,7,25,15,-20.9,912.6,NA,NA,55
2001,7,25,18,-21.5,913.7,NA,240,56
2001,7,25,21,-21.1,917,NA,220,56
2001,7,26,0,-23.4,916.6,NA,240,64
2001,7,26,3,-23.4,917.1,NA,240,63
2001,7,26,6,-24.5,917.5,NA,210,62
2001,7,26,9,-24,917.4,NA,200,62
2001,7,26,12,-23.7,917.3,NA,20,63
2001,7,26,15,-23.3,917.3,2,250,63
2001,7,26,18,-23,917.5,NA,NA,64
2001,7,26,21,-24.3,918.1,NA,NA,62
2001,7,27,0,-25.4,918.6,NA,10,61
2001,7,27,3,-25.9,919.2,NA,20,61
2001,7,27,6,-25.6,919.7,NA,0,60
2001,7,27,9,-25.1,920.3,NA,0,61
2001,7,27,12,-25.2,920.6,3,20,62
2001,7,27,15,-24.6,921.3,2,260,62
2001,7,27,18,-25.4,921.9,3,260,61
2001,7,27,21,-24.8,923.2,1,320,59
2001,7,28,0,-25.1,923.9,2,260,58
2001,7,28,3,-24.9,924.4,3,270,53
2001,7,28,6,-22.7,924.6,4,260,52
2001,7,28,9,-23.9,924.8,NA,270,50
2001,7,28,12,-23.1,924.9,NA,250,51
2001,7,28,15,-25.7,924.4,NA,240,63
2001,7,28,18,-23,924.4,NA,240,64
2001,7,28,21,-22.9,NA,NA,220,65
2001,7,29,0,-22.9,923.7,NA,230,64
2001,7,29,3,-22.6,924.8,NA,230,64
2001,7,29,6,-21.6,924.6,NA,240,65
2001,7,29,9,-21.4,925.9,50,240,63
2001,7,29,12,-21.5,927.3,NA,250,62
2001,7,29,15,-21.1,929.2,51,250,56
2001,7,29,18,-23.2,930.2,NA,230,63
2001,7,29,21,-24.4,933,NA,230,63
2001,7,30,0,-24.4,934,NA,220,62
2001,7,30,3,-25.4,934.1,34,240,61
2001,7,30,6,-26.1,935.2,NA,230,61
2001,7,30,9,-26.3,936.8,NA,230,60
2001,7,30,12,-25.3,936.9,NA,240,61
2001,7,30,15,-24.9,936.8,NA,NA,61
2001,7,30,18,-24.5,936.1,NA,NA,52
2001,7,30,21,-24.6,936.6,NA,NA,51
2001,7,31,0,-23.9,936.8,NA,230,37
2001,7,31,3,-21,934.3,NA,230,28
2001,7,31,6,NA,933.2,NA,70,20
2001,7,31,9,-19.2,932.7,NA,20,17
2001,7,31,12,-20.6,931.9,NA,340,20
2001,7,31,15,-18,931.9,NA,30,15
2001,7,31,18,-19.7,930.6,NA,20,20
2001,7,31,21,-15.9,929.2,NA,20,21
2001,8,1,0,-15.9,927.3,NA,20,21
2001,8,1,3,-16.8,926.2,NA,40,19
2001,8,1,6,-15.3,923.4,NA,20,19
2001,8,1,9,-14.5,921.1,NA,20,18
2001,8,1,12,NA,918.9,NA,270,18
2001,8,1,15,NA,917.5,NA,30,18
2001,8,1,18,-1.4,916.7,5,20,21
2001,8,1,21,NA,914.3,NA,70,21
2001,8,2,0,-3.3,912.3,NA,260,22
2001,8,2,3,-3.6,910.2,NA,250,22
2001,8,2,6,-1.5,909.8,NA,250,23
2001,8,2,9,-2.4,909.7,NA,180,23
2001,8,2,12,NA,906.9,NA,250,30
2001,8,2,15,NA,906.7,NA,240,45
2001,8,2,18,NA,906.8,NA,210,57
2001,8,2,21,-20.2,906.4,NA,60,65
2001,8,3,0,-18.6,905.7,NA,190,68
2001,8,3,3,-18.5,904.8,NA,230,61
2001,8,3,6,NA,903.9,NA,250,62
2001,8,3,9,NA,903.4,NA,270,62
2001,8,3,12,NA,902.4,NA,260,62
2001,8,3,15,NA,904.3,NA,250,61
2001,8,3,18,-25.1,906.1,NA,340,60
2001,8,3,21,-28.1,908,NA,200,58
2001,8,4,0,-28.7,909.6,NA,220,57
2001,8,4,3,-29.1,911.4,NA,240,56
2001,8,4,6,-29.6,912.6,NA,210,56
2001,8,4,9,-28.5,913.7,NA,250,57
2001,8,4,12,-28.8,914.8,NA,100,56
2001,8,4,15,-29.9,914.9,3,20,56
2001,8,4,18,-30.2,915,3,40,55
2001,8,4,21,-29.1,914.8,NA,10,56
2001,8,5,0,-28.6,914.7,NA,20,57
2001,8,5,3,-28.2,914.8,NA,10,56
2001,8,5,6,-27.4,915.5,7,350,57
2001,8,5,9,-26,916,NA,20,55
2001,8,5,12,-25.4,917.2,NA,320,52
2001,8,5,15,NA,918,3,360,45
2001,8,5,18,-21.4,919.2,NA,40,21
2001,8,5,21,-22.1,919,NA,20,22
2001,8,6,0,-20.2,919.3,NA,0,20
2001,8,6,3,-19.8,919.9,NA,20,20
2001,8,6,6,-19.6,919.1,NA,30,21
2001,8,6,9,-22.2,918.7,NA,30,26
2001,8,6,12,-22.8,917.9,NA,0,39
2001,8,6,15,NA,916.7,NA,260,44
2001,8,6,18,-26,915.5,NA,160,43
2001,8,6,21,NA,914.6,NA,240,47
2001,8,7,0,-29.9,914.6,NA,230,53
2001,8,7,3,-30.3,914.9,NA,240,54
2001,8,7,6,-28,915.6,NA,250,54
2001,8,7,9,-29.8,916,NA,260,54
2001,8,7,12,-29.8,916.6,NA,220,54
2001,8,7,15,-30,916.7,NA,220,53
2001,8,7,18,-29.9,916.5,NA,NA,53
2001,8,7,21,-30.3,915.9,4,230,54
2001,8,8,0,-32.4,914.5,NA,250,51
2001,8,8,3,-31.8,913.7,NA,240,52
2001,8,8,6,-32.8,912.1,NA,240,51
2001,8,8,9,-32.9,909.9,NA,230,51
2001,8,8,12,-33.5,910,NA,240,50
2001,8,8,15,-33.9,911.7,NA,230,50
2001,8,8,18,-34,914.4,NA,240,50
2001,8,8,21,-34.5,917.8,NA,230,49
2001,8,9,0,-34.9,920.1,NA,260,49
2001,8,9,3,-35,920.3,NA,40,48
2001,8,9,6,-34.4,919.4,NA,50,49
2001,8,9,9,-34.7,917.5,NA,10,49
2001,8,9,12,-35.1,915.1,NA,280,48
2001,8,9,15,-36,914.2,NA,240,48
2001,8,9,18,-34.9,914.4,NA,260,48
2001,8,9,21,-33.3,916.6,NA,30,50
2001,8,10,0,NA,915.1,NA,10,52
2001,8,10,3,NA,915.1,NA,100,48
2001,8,10,6,-26.9,915.4,NA,300,39
2001,8,10,9,-27.5,915.7,NA,360,37
2001,8,10,12,-23.9,916,NA,280,35
2001,8,10,15,-23.4,915.4,NA,20,33
2001,8,10,18,-22.6,915.7,NA,50,28
2001,8,10,21,-24.6,916.7,NA,250,32
2001,8,11,0,-26.4,916.4,NA,260,45
2001,8,11,3,-26.2,915.3,NA,30,36
2001,8,11,6,-28,914.5,NA,20,38
2001,8,11,9,-28.6,912.8,NA,30,48
2001,8,11,12,-27.6,911.2,NA,270,46
2001,8,11,15,-28.5,910,NA,250,45
2001,8,11,18,-28.9,909.3,NA,310,52
2001,8,11,21,-29.2,907.6,NA,30,42
2001,8,12,0,-28.5,906.3,NA,270,38
2001,8,12,3,-29.2,904.7,NA,40,43
2001,8,12,6,-28.8,904.6,4,30,37
2001,8,12,9,-26.2,905.2,NA,0,23
2001,8,12,12,-27.3,906,NA,230,37
2001,8,12,15,-29.9,907.6,NA,190,46
2001,8,12,18,-29.1,909.3,NA,130,39
2001,8,12,21,-28.7,911.6,NA,270,40
2001,8,13,0,-31.6,912.9,NA,270,40
2001,8,13,3,-32.4,913.9,NA,230,39
2001,8,13,6,-34.2,915.8,NA,250,47
2001,8,13,9,-34.3,917.7,NA,280,48
2001,8,13,12,-34.7,918.7,NA,40,47
2001,8,13,15,-36.4,919.6,NA,240,46
2001,8,13,18,-36.8,919.6,NA,210,45
2001,8,13,21,-37.7,920,9,220,45
2001,8,14,0,-37.8,920.1,8,250,45
2001,8,14,3,-37.5,920.1,7,220,45
2001,8,14,6,-37.8,920.3,NA,200,45
2001,8,14,9,-38.1,920.6,NA,0,44
2001,8,14,12,-37.3,920.5,NA,240,45
2001,8,14,15,-35.9,920.7,NA,220,47
2001,8,14,18,-33.9,921.3,NA,240,48
2001,8,14,21,NA,921,5,20,40
2001,8,15,0,-30.2,920.3,NA,310,26
2001,8,15,3,NA,919.1,NA,10,20
2001,8,15,6,-27.5,918.1,NA,60,18
2001,8,15,9,-27.7,917.1,NA,250,19
2001,8,15,12,NA,917.4,4,260,25
2001,8,15,15,NA,917.9,NA,200,44
2001,8,15,18,-32.5,918.4,NA,30,40
2001,8,15,21,-35.9,920,NA,20,42
2001,8,16,0,-33,920.9,NA,350,49
2001,8,16,3,-32.4,921.2,NA,10,36
2001,8,16,6,-32.6,921.7,NA,20,31
2001,8,16,9,-31.3,922.4,NA,350,29
2001,8,16,12,-30.2,923.5,NA,210,24
2001,8,16,15,-28.3,924.7,NA,20,24
2001,8,16,18,-26.8,925.5,2,210,19
2001,8,16,21,-26,927,2,290,20
2001,8,17,0,-26.1,928.6,5,30,19
2001,8,17,3,-25.3,930.1,6,10,18
2001,8,17,6,-25.9,931.7,NA,260,18
2001,8,17,9,-23.8,933.9,NA,30,15
2001,8,17,12,-25.2,936,NA,40,15
2001,8,17,15,-25.8,937,2,60,16
2001,8,17,18,-26.6,937.5,4,60,19
2001,8,17,21,-26.6,938.2,1,250,19
2001,8,18,0,-24.9,938.9,NA,40,19
2001,8,18,3,-26.2,937.7,4,260,18
2001,8,18,6,-26.7,936.7,NA,260,36
2001,8,18,9,-30,933.6,NA,260,55
2001,8,18,12,-28.6,929.5,NA,240,55
2001,8,18,15,-27.9,927.1,NA,230,56
2001,8,18,18,-25.7,922.9,NA,230,59
2001,8,18,21,-24.6,921.3,NA,NA,60
2001,8,19,0,-22.7,925.6,NA,NA,63
2001,8,19,3,-20,930,NA,NA,55
2001,8,19,6,-21.8,933.6,NA,NA,61
2001,8,19,9,-22.7,938,NA,240,63
2001,8,19,12,-22.3,940.1,NA,250,64
2001,8,19,15,-21.6,940.8,NA,250,64
2001,8,19,18,-21.5,940.7,NA,240,65
2001,8,19,21,-21.1,940.2,NA,230,60
2001,8,20,0,-21.5,937.9,17,NA,64
2001,8,20,3,-22.6,935,NA,NA,64
2001,8,20,6,-22.3,932.5,NA,NA,64
2001,8,20,9,-22.2,930.5,22,230,64
2001,8,20,12,-22.3,926.8,NA,240,64
2001,8,20,15,-22.8,926.3,NA,230,64
2001,8,20,18,-22.6,925.5,34,230,63
2001,8,20,21,-23,925.5,NA,230,63
2001,8,21,0,-25,926,NA,240,62
2001,8,21,3,-25.7,929.7,NA,220,60
2001,8,21,6,-24,929.4,NA,30,62
2001,8,21,9,-25,929.2,NA,40,61
2001,8,21,12,-24,927.8,NA,20,62
2001,8,21,15,-24.9,925.1,NA,10,61
2001,8,21,18,-25.9,922.1,19,20,60
2001,8,21,21,-26.4,918.5,19,10,59
2001,8,22,0,-25.8,915,NA,40,59
2001,8,22,3,-26.9,911.1,NA,360,59
2001,8,22,6,-27.4,907.4,5,350,58
2001,8,22,9,-27.4,903.4,8,10,58
2001,8,22,12,-28,901.9,NA,360,57
2001,8,22,15,-31.9,901.7,NA,240,53
2001,8,22,18,-32.3,904.5,NA,250,52
2001,8,22,21,-31.6,907.4,17,250,53
2001,8,23,0,-32,909.7,NA,240,53
2001,8,23,3,-32.4,910.9,NA,300,52
2001,8,23,6,-32.1,911.4,NA,110,53
2001,8,23,9,-33,911.4,NA,310,52
2001,8,23,12,-33.7,911,NA,280,51
2001,8,23,15,-34.8,910.7,1,240,49
2001,8,23,18,-34.2,909.8,NA,260,50
2001,8,23,21,-34.6,909.5,5,260,50
2001,8,24,0,-34.5,910.5,4,270,50
2001,8,24,3,-34,912,7,260,50
2001,8,24,6,-34.5,914.9,4,240,50
2001,8,24,9,-33.9,917.5,5,240,50
2001,8,24,12,-33.9,920.6,7,260,50
2001,8,24,15,-32.5,923.8,NA,230,51
2001,8,24,18,-33.2,925.5,3,20,51
2001,8,24,21,-33.1,924.9,2,40,51
2001,8,25,0,-33,923.5,6,40,51
2001,8,25,3,-33,922.1,5,250,51
2001,8,25,6,-33.4,920,NA,250,51
2001,8,25,9,-33.9,917.6,9,250,50
2001,8,25,12,-34.4,914.4,NA,240,50
2001,8,25,15,-32,913.4,NA,240,52
2001,8,25,18,-31.1,914.5,NA,230,54
2001,8,25,21,-31.5,917.1,NA,240,53
2001,8,26,0,-30.6,921.4,NA,240,54
2001,8,26,3,-30.6,923.7,NA,30,49
2001,8,26,6,-31.6,923.8,NA,50,47
2001,8,26,9,-30.7,923,NA,250,42
2001,8,26,12,-31.3,920.5,NA,30,52
2001,8,26,15,-31.3,917.6,NA,360,53
2001,8,26,18,-31.3,915.8,NA,250,53
2001,8,26,21,-29.8,916.3,NA,50,55
2001,8,27,0,NA,917.8,5,260,54
2001,8,27,3,-34.8,920.9,NA,210,50
2001,8,27,6,NA,922,NA,240,49
2001,8,27,9,-34.3,923.7,13,NA,49
2001,8,27,12,-34.8,922.7,NA,230,49
2001,8,27,15,-34.6,924.6,NA,230,44
2001,8,27,18,-34,927.1,NA,230,50
2001,8,27,21,-33.8,931.8,NA,240,50
2001,8,28,0,-31.7,934.7,NA,10,51
2001,8,28,3,-32.1,935.1,NA,350,40
2001,8,28,6,-29.9,935.8,NA,330,34
2001,8,28,9,NA,935.7,NA,330,30
2001,8,28,12,NA,936.3,3,40,22
2001,8,28,15,-24.7,936.5,NA,70,19
2001,8,28,18,-25.2,936.9,NA,290,20
2001,8,28,21,-25.9,937,4,20,23
2001,8,29,0,-27.8,936.3,4,20,29
2001,8,29,3,-27.5,935.1,2,330,36
2001,8,29,6,-27.5,934.6,2,240,54
2001,8,29,9,-26.6,933.5,NA,NA,58
2001,8,29,12,-26.1,932.4,NA,240,59
2001,8,29,15,-25.1,930.6,NA,240,60
2001,8,29,18,-25.9,929.4,NA,240,60
2001,8,29,21,-25.7,928,NA,250,60
2001,8,30,0,-25.8,926.6,NA,240,60
2001,8,30,3,-25.8,925.2,NA,250,60
2001,8,30,6,-24.9,922.3,NA,230,61
2001,8,30,9,-23.7,922.6,NA,240,62
2001,8,30,12,-24.2,923,NA,230,62
2001,8,30,15,-23,924.3,NA,230,63
2001,8,30,18,-23.1,925.7,NA,220,54
2001,8,30,21,-21.9,927.3,NA,230,45
2001,8,31,0,-21.9,927.7,NA,240,35
2001,8,31,3,-21.9,927.6,NA,240,34
2001,8,31,6,-21.1,928,NA,260,31
2001,8,31,9,-23,927.8,NA,260,34
2001,8,31,12,-24.5,927.9,4,70,52
2001,8,31,15,-24.5,928.1,3,100,60
2001,8,31,18,-25.8,928.2,2,220,60
2001,8,31,21,-26.3,928.8,5,20,59
2001,9,1,0,-25.9,929,NA,50,59
2001,9,1,3,-26.3,929.4,8,60,59
2001,9,1,6,-25.7,929.8,NA,20,57
2001,9,1,9,-26.5,930.6,NA,10,40
2001,9,1,12,-25.1,931.5,NA,280,39
2001,9,1,15,-25.5,932.9,NA,0,41
2001,9,1,18,-24.8,933.8,1,310,37
2001,9,1,21,-21.3,935.3,1,300,28
2001,9,2,0,-21.6,935.7,NA,40,26
2001,9,2,3,-23.4,936,NA,30,30
2001,9,2,6,-23.8,936.3,NA,10,35
2001,9,2,9,-23.5,936.8,NA,10,36
2001,9,2,12,-22.9,936.5,29,10,33
2001,9,2,15,-22.2,936.2,NA,20,31
2001,9,2,18,-22,935.2,NA,20,28
2001,9,2,21,-21.2,934.9,NA,30,26
2001,9,3,0,-22.8,934.5,NA,30,30
2001,9,3,3,-23.1,933.4,NA,20,32
2001,9,3,6,-23.7,933.2,NA,290,33
2001,9,3,9,-24.8,933.4,NA,240,36
2001,9,3,12,-25.4,932.1,NA,240,31
2001,9,3,15,-27.9,932.7,NA,240,37
2001,9,3,18,-27.7,932.2,NA,120,37
2001,9,3,21,-26.4,929.4,NA,340,35
2001,9,4,0,NA,927.1,NA,30,30
2001,9,4,3,NA,925,NA,30,22
2001,9,4,6,-17,922.5,NA,40,18
2001,9,4,9,-14.9,919.4,NA,30,14
2001,9,4,12,-14.6,916.1,NA,30,14
2001,9,4,15,-14.6,913.1,NA,10,19
2001,9,4,18,-17.4,911.8,NA,10,24
2001,9,4,21,NA,911.3,NA,240,26
2001,9,5,0,-21.5,910.1,NA,220,41
2001,9,5,3,-23.6,908.9,NA,230,47
2001,9,5,6,-23.3,909.6,NA,240,47
2001,9,5,9,-21.3,910.7,NA,240,39
2001,9,5,12,-20.6,911.5,NA,240,24
2001,9,5,15,-24.1,912.5,NA,270,38
2001,9,5,18,-23.9,913.3,NA,230,36
2001,9,5,21,-23.8,914.9,NA,250,32
2001,9,6,0,-25.5,915.8,NA,220,NA
2001,9,6,3,-26.3,916.5,NA,220,49
2001,9,6,6,-26.1,917.7,NA,260,41
2001,9,6,9,NA,918.6,NA,230,54
2001,9,6,12,-30.5,920.4,NA,240,52
2001,9,6,15,-29.9,922,NA,240,53
2001,9,6,18,-28.3,923.2,NA,250,55
2001,9,6,21,-29.7,925.2,NA,250,54
2001,9,7,0,-30.4,925.9,19,240,53
2001,9,7,3,-30.3,926.2,NA,240,53
2001,9,7,6,-31,926.7,NA,240,52
2001,9,7,9,-31.3,928.2,29,250,52
2001,9,7,12,-30.9,930.2,NA,260,52
2001,9,7,15,-28.8,931.5,NA,320,54
2001,9,7,18,-30.4,931.6,NA,300,53
2001,9,7,21,-29.3,932.5,NA,270,54
2001,9,8,0,-29.1,933.6,NA,270,54
2001,9,8,3,-26.6,934.1,NA,240,56
2001,9,8,6,NA,934.6,NA,240,28
2001,9,8,9,NA,935.9,NA,230,25
2001,9,8,12,-20.9,936.3,NA,230,24
2001,9,8,15,-20.4,936.8,NA,350,23
2001,9,8,18,-23.5,936.7,3,120,35
2001,9,8,21,-23.7,935.7,NA,30,32
2001,9,9,0,-24.4,935.2,NA,50,40
2001,9,9,3,-26.6,935.6,NA,90,53
2001,9,9,6,-26.8,935.7,NA,290,57
2001,9,9,9,-28,936.2,NA,230,56
2001,9,9,12,-27.7,936,NA,240,56
2001,9,9,15,-27.6,934.9,NA,30,56
2001,9,9,18,-28.3,933.4,NA,20,49
2001,9,9,21,-28.4,931.6,NA,20,52
2001,9,10,0,-28.3,930.5,12,10,50
2001,9,10,3,-27.7,930,NA,20,49
2001,9,10,6,-27.2,929,NA,350,51
2001,9,10,9,-28.5,928.6,2,270,50
2001,9,10,12,-28.3,928.3,NA,120,55
2001,9,10,15,-28.6,928.5,4,0,55
2001,9,10,18,-28.3,927.8,NA,350,51
2001,9,10,21,-28.2,927.2,NA,340,43
2001,9,11,0,-25,926.6,NA,0,37
2001,9,11,3,-24.9,926.4,3,50,28
2001,9,11,6,-25.3,926.2,4,240,25
2001,9,11,9,-23.8,927.1,NA,60,26
2001,9,11,12,-22.7,927.8,1,20,22
2001,9,11,15,-21.5,927.8,NA,340,21
2001,9,11,18,-23.9,926,NA,20,22
2001,9,11,21,NA,923.7,NA,60,34
2001,9,12,0,-27.6,921.5,NA,250,47
2001,9,12,3,-26.4,919.1,NA,260,42
2001,9,12,6,-25.3,917.1,NA,310,45
2001,9,12,9,-25.3,915.8,NA,260,30
2001,9,12,12,-26.8,915.4,NA,250,39
2001,9,12,15,-26.4,915.1,NA,360,32
2001,9,12,18,-29.1,914.5,NA,310,54
2001,9,12,21,-27.5,914.1,1,170,50
2001,9,13,0,-25.4,913.3,NA,230,33
2001,9,13,3,-22.9,913.4,NA,230,26
2001,9,13,6,-20.6,915.1,NA,250,23
2001,9,13,9,NA,913.5,NA,230,28
2001,9,13,12,NA,913.9,NA,190,26
2001,9,13,15,-14.1,913.9,NA,250,25
2001,9,13,18,-13.8,914.8,NA,270,29
2001,9,13,21,-14.4,915.8,NA,230,27
2001,9,14,0,-13,917.6,NA,110,27
2001,9,14,3,-13.3,917.9,NA,290,37
2001,9,14,6,-15.4,917.5,NA,250,54
2001,9,14,9,-15.5,917.1,NA,240,72
2001,9,14,12,-18.1,919.4,NA,220,70
2001,9,14,15,-17.9,921.2,NA,230,70
2001,9,14,18,-15.2,921.5,NA,240,73
2001,9,14,21,-14.1,925.2,NA,230,63
2001,9,15,0,-14,926.4,NA,240,71
2001,9,15,3,-17.3,930.2,NA,230,69
2001,9,15,6,-18.7,931,NA,120,67
2001,9,15,9,-20.1,930.1,NA,40,68
2001,9,15,12,-20.4,928.1,NA,10,69
2001,9,15,15,-20.6,926.2,NA,10,67
2001,9,15,18,-20.9,924.6,NA,40,66
2001,9,15,21,-21.3,923.3,1,60,66
2001,9,16,0,-21.2,923.2,NA,NA,67
2001,9,16,3,-21.7,923.2,1,80,66
2001,9,16,6,-21.7,923.2,NA,NA,66
2001,9,16,9,-19.4,923.4,NA,300,68
2001,9,16,12,-18.9,923.3,NA,NA,69
2001,9,16,15,-18.8,923.7,NA,NA,69
2001,9,16,18,-18.5,923.6,NA,NA,70
2001,9,16,21,-17.6,923.6,4,10,71
2001,9,17,0,-15.8,923.7,NA,0,72
2001,9,17,3,-17.7,923.6,NA,250,43
2001,9,17,6,-17.9,923.4,NA,250,38
2001,9,17,9,-17.7,923.5,NA,240,39
2001,9,17,12,-18.4,923,NA,240,40
2001,9,17,15,-17.9,922,5,260,47
2001,9,17,18,-18,920.7,3,270,54
2001,9,17,21,-17.9,919.1,1,60,47
2001,9,18,0,-20,917.8,NA,30,60
2001,9,18,3,-20.3,916.5,4,20,67
2001,9,18,6,-21.1,915.1,6,20,66
2001,9,18,9,-21,913.8,NA,30,66
2001,9,18,12,-21.8,912.7,NA,50,65
2001,9,18,15,-23,911.7,NA,0,64
2001,9,18,18,-23.7,910.3,2,240,63
2001,9,18,21,-24,909.5,NA,NA,63
2001,9,19,0,-23.4,909.1,NA,NA,63
2001,9,19,3,-23.4,908.5,3,60,63
2001,9,19,6,-23.5,908.8,4,20,63
2001,9,19,9,-23.9,910,NA,0,63
2001,9,19,12,-25,910.8,3,240,62
2001,9,19,15,-25.9,911.2,3,250,60
2001,9,19,18,-24.4,911.6,2,270,60
2001,9,19,21,-23.7,912.6,NA,NA,62
2001,9,20,0,-25.3,912.9,2,250,61
2001,9,20,3,-24.3,913.1,NA,240,62
2001,9,20,6,-25,913,NA,240,61
2001,9,20,9,-25.3,913.6,12,230,61
2001,9,20,12,-25.2,913.8,NA,230,61
2001,9,20,15,-25.4,913.6,11,230,60
2001,9,20,18,-26.1,913.2,NA,250,60
2001,9,20,21,-25.3,914.4,NA,140,61
2001,9,21,0,-25.2,914.8,NA,330,61
2001,9,21,3,-25.4,915,2,350,61
2001,9,21,6,-25.8,915.2,2,300,60
2001,9,21,9,-25.9,915.7,3,300,60
2001,9,21,12,-25.6,915.7,NA,NA,60
2001,9,21,15,-26,916.2,3,10,60
2001,9,21,18,-26.4,916.6,3,280,60
2001,9,21,21,-25.3,917.2,2,230,60
2001,9,22,0,-25.3,917.7,2,250,61
2001,9,22,3,-24.3,918.5,4,250,60
2001,9,22,6,-24.7,918.9,NA,240,59
2001,9,22,9,-24.5,919.7,NA,220,57
2001,9,22,12,-23.8,920.2,NA,230,58
2001,9,22,15,-23.7,919.9,NA,230,52
2001,9,22,18,-22.7,919.6,NA,240,54
2001,9,22,21,-22.6,919.6,NA,360,53
2001,9,23,0,-20.9,918.2,NA,330,34
2001,9,23,3,-19.9,916.9,NA,20,33
2001,9,23,6,-19.5,917.1,NA,10,24
2001,9,23,9,-23.6,917.9,NA,220,60
2001,9,23,12,NA,917.5,NA,30,52
2001,9,23,15,-24.1,916.8,NA,10,44
2001,9,23,18,-23.1,916.4,NA,340,32
2001,9,23,21,-20.1,915.5,NA,260,24
2001,9,24,0,-20.1,914,NA,360,25
2001,9,24,3,-19.8,911.7,NA,10,24
2001,9,24,6,-23.7,911.1,NA,30,34
2001,9,24,9,NA,912.2,NA,160,45
2001,9,24,12,-26.2,912.2,NA,260,58
2001,9,24,15,-25.5,912.6,NA,240,59
2001,9,24,18,-27.8,913.9,10,250,57
2001,9,24,21,-26.7,914.1,9,250,58
2001,9,25,0,-25.6,914.1,NA,310,59
2001,9,25,3,-25.8,912.5,NA,20,60
2001,9,25,6,-24.5,911.5,NA,10,54
2001,9,25,9,-23.3,910.8,NA,10,38
2001,9,25,12,-23,911.3,NA,260,34
2001,9,25,15,-23.2,911.8,NA,260,34
2001,9,25,18,-23.7,912.4,NA,250,37
2001,9,25,21,-24.3,913.6,NA,230,43
2001,9,26,0,-23.5,914,NA,240,49
2001,9,26,3,-23.7,914.3,NA,230,47
2001,9,26,6,-24.1,914.9,NA,250,53
2001,9,26,9,-24.1,915.1,NA,60,55
2001,9,26,12,-23.5,914.8,NA,0,51
2001,9,26,15,-24.5,914.4,NA,360,50
2001,9,26,18,-24.1,914,NA,10,47
2001,9,26,21,-24.9,913,NA,20,49
2001,9,27,0,-24.5,912.2,3,10,54
2001,9,27,3,-22.9,910.2,NA,280,43
2001,9,27,6,-23.6,908.4,1,360,39
2001,9,27,9,-24.3,906.2,3,270,41
2001,9,27,12,-24.3,904.7,4,260,39
2001,9,27,15,-24.8,903.9,5,250,42
2001,9,27,18,-26,903.1,NA,240,50
2001,9,27,21,-25.5,902.5,NA,230,50
2001,9,28,0,-25.2,902.6,NA,240,52
2001,9,28,3,-25,901.4,NA,60,48
2001,9,28,6,-26.6,899.1,NA,10,51
2001,9,28,9,-25.4,897.7,NA,10,47
2001,9,28,12,-26.3,896.5,NA,250,52
2001,9,28,15,-24,896.1,4,20,41
2001,9,28,18,-22.8,895.9,NA,290,35
2001,9,28,21,-20.4,895.6,2,340,30
2001,9,29,0,-20,896.2,NA,NA,30
2001,9,29,3,-21.2,897.4,4,250,30
2001,9,29,6,-22,899.4,NA,250,31
2001,9,29,9,-22.1,901,3,290,36
2001,9,29,12,-22.4,902.5,3,40,35
2001,9,29,15,-23.9,902.9,4,30,38
2001,9,29,18,-23.5,904.2,4,260,37
2001,9,29,21,-23.1,905.4,NA,NA,39
2001,9,30,0,-22.3,906.1,NA,230,39
2001,9,30,3,-22,905.9,NA,240,38
2001,9,30,6,-21.4,905.1,NA,NA,42
2001,9,30,9,-20.2,904.9,NA,NA,51
2001,9,30,12,-20.8,906.3,NA,NA,46
2001,9,30,15,-19.9,905.2,NA,250,43
2001,9,30,18,-22.2,904.4,24,240,46
2001,9,30,21,-21.8,904.4,NA,230,53
2001,10,1,0,-23.5,905.5,NA,250,62
2001,10,1,3,-23.9,905.1,NA,230,61
2001,10,1,6,-24.7,903.5,19,230,61
2001,10,1,9,-24.3,900.4,NA,240,61
2001,10,1,12,-25.6,897.6,NA,240,60
2001,10,1,15,-26.9,899.2,NA,230,58
2001,10,1,18,-27.3,900.8,NA,220,57
2001,10,1,21,-27.3,898.8,NA,230,58
2001,10,2,0,-28.6,899.9,NA,230,56
2001,10,2,3,-27.2,899.2,NA,230,56
2001,10,2,6,-27.3,900.9,NA,180,57
2001,10,2,9,-27.2,899.9,NA,210,51
2001,10,2,12,-25.6,898.8,3,350,44
2001,10,2,15,-27.1,897.5,2,10,40
2001,10,2,18,-28,896,3,10,47
2001,10,2,21,-26.7,895.1,3,80,51
2001,10,3,0,-26.2,894.9,1,60,58
2001,10,3,3,-27.3,894.7,4,60,58
2001,10,3,6,-26.9,894.6,NA,NA,49
2001,10,3,9,-27.8,894.8,1,350,51
2001,10,3,12,-28.2,895.5,3,270,47
2001,10,3,15,-26.6,895.6,NA,240,45
2001,10,3,18,-25.3,895.6,4,60,31
2001,10,3,21,-25.8,894.4,NA,30,33
2001,10,4,0,-24.8,893.9,NA,0,30
2001,10,4,3,-26.1,893.2,NA,350,41
2001,10,4,6,-25.4,892.8,NA,340,33
2001,10,4,9,-25.2,892.7,NA,290,35
2001,10,4,12,-24.2,892.6,NA,340,27
2001,10,4,15,-20.5,893,NA,NA,24
2001,10,4,18,NA,894.2,NA,250,22
2001,10,4,21,NA,894.4,NA,240,20
2001,10,5,0,-14.7,893.6,NA,240,58
2001,10,5,3,-15.6,893.6,NA,250,72
2001,10,5,6,-14.7,900.7,NA,240,73
2001,10,5,9,-12.7,900.6,NA,NA,NA
2001,10,5,12,-11.2,902.6,NA,NA,72
2001,10,5,15,-12.2,901,NA,NA,77
2001,10,5,18,-12.9,905,NA,230,76
2001,10,5,21,-11.4,909.4,NA,240,76
2001,10,6,0,-13.7,914.1,NA,240,74
2001,10,6,3,-12.3,913.5,NA,230,69
2001,10,6,6,-12.5,915.3,NA,230,64
2001,10,6,9,-13.1,913.3,NA,240,71
2001,10,6,12,-13.3,914,NA,240,70
2001,10,6,15,-14.9,913.5,NA,230,74
2001,10,6,18,-14.3,912.8,NA,240,63
2001,10,6,21,-16.3,913.5,NA,230,71
2001,10,7,0,-14.5,913.5,NA,230,61
2001,10,7,3,-14.8,913.4,40,240,43
2001,10,7,6,-14.8,913.5,NA,230,46
2001,10,7,9,-15.6,912.5,NA,240,62
2001,10,7,12,-16.2,911.2,NA,240,56
2001,10,7,15,-15.7,912.7,NA,240,51
2001,10,7,18,-13.9,913.7,NA,230,41
2001,10,7,21,-13.2,915.4,NA,230,37
2001,10,8,0,-12.5,916.1,NA,240,36
2001,10,8,3,-12.3,917.4,NA,240,36
2001,10,8,6,-13.1,917.4,NA,220,35
2001,10,8,9,-14.7,917.2,NA,250,38
2001,10,8,12,-13.2,917.2,NA,250,29
2001,10,8,15,-14.7,915.8,NA,60,31
2001,10,8,18,-14.6,914.3,NA,320,33
2001,10,8,21,-15.2,913.2,NA,250,31
2001,10,9,0,-17.4,911.3,NA,240,55
2001,10,9,3,-18.3,910.9,NA,NA,67
2001,10,9,6,-18.6,909,NA,NA,68
2001,10,9,9,-17.2,907.5,NA,NA,47
2001,10,9,12,-16,904.2,NA,NA,47
2001,10,9,15,-16.2,904.3,59,NA,66
2001,10,9,18,-15.5,904.8,NA,230,65
2001,10,9,21,-13.6,903.2,NA,240,64
2001,10,10,0,-16.1,906.6,54,NA,70
2001,10,10,3,-14,908.3,NA,NA,72
2001,10,10,6,-12.9,911.1,NA,NA,58
2001,10,10,9,-12.6,911.2,NA,NA,44
2001,10,10,12,-13.7,914,NA,250,45
2001,10,10,15,-13.1,914.5,NA,250,47
2001,10,10,18,-11.9,914.7,NA,240,47
2001,10,10,21,-10.1,914.2,NA,250,38
2001,10,11,0,-11.6,913.8,NA,250,44
2001,10,11,3,-10.6,917,NA,240,44
2001,10,11,6,-9.7,917.2,NA,230,39
2001,10,11,9,-11,916.2,NA,280,37
2001,10,11,12,-11.3,915.1,3,70,42
2001,10,11,15,-14,912.5,NA,260,53
2001,10,11,18,-14.4,911.7,NA,40,48
2001,10,11,21,-13.8,910.6,NA,110,55
2001,10,12,0,NA,909.9,4,20,NA
2001,10,12,3,-15.8,910.1,NA,210,64
2001,10,12,6,NA,909.7,NA,190,71
2001,10,12,9,-18.5,909.2,NA,240,70
2001,10,12,12,-18.7,909.3,NA,260,69
2001,10,12,15,-18.6,909.1,NA,230,69
2001,10,12,18,-19.1,909.2,NA,20,64
2001,10,12,21,-17.9,909.8,3,350,61
2001,10,13,0,-17.6,910.5,3,80,62
2001,10,13,3,-18,910.8,6,50,65
2001,10,13,6,-17.8,911.1,NA,80,70
2001,10,13,9,-18.3,911.3,5,50,70
2001,10,13,12,-17.6,911.7,NA,20,70
2001,10,13,15,-18,912,5,260,70
2001,10,13,18,-19.5,912.3,NA,260,68
2001,10,13,21,-18.6,913.8,NA,230,69
2001,10,14,0,-19,915.6,NA,230,69
2001,10,14,3,-20.2,916.5,10,240,68
2001,10,14,6,-20.5,917.4,9,240,67
2001,10,14,9,-20.7,918.5,7,240,67
2001,10,14,12,-20.4,919.1,NA,0,67
2001,10,14,15,-20.2,918.6,NA,90,68
2001,10,14,18,-20.2,918.4,NA,NA,67
2001,10,14,21,-19.9,918.5,NA,NA,68
2001,10,15,0,-18.6,918.5,NA,NA,70
2001,10,15,3,-19.6,918.5,2,230,68
2001,10,15,6,-20.3,918.5,2,320,67
2001,10,15,9,-21.3,918.8,4,260,66
2001,10,15,12,-21.2,919.4,3,290,66
2001,10,15,15,-20.9,919.4,1,90,67
2001,10,15,18,-21.2,919.7,1,260,66
2001,10,15,21,-21.4,919.8,4,220,66
2001,10,16,0,-23.1,919.3,NA,260,64
2001,10,16,3,-24,918,NA,250,63
2001,10,16,6,-24.1,917.5,11,250,62
2001,10,16,9,-24.5,916.6,13,240,62
2001,10,16,12,-24.6,915.4,14,240,62
2001,10,16,15,-24.4,914.1,14,NA,62
2001,10,16,18,-24.4,913.9,NA,NA,62
2001,10,16,21,-24.2,915.3,NA,NA,62
2001,10,17,0,-23.9,916.9,31,NA,62
2001,10,17,3,-24.2,918.4,NA,240,62
2001,10,17,6,-24.4,921.1,NA,240,62
2001,10,17,9,-25,923.2,NA,230,61
2001,10,17,12,-24.9,925,NA,300,61
2001,10,17,15,-24.4,926.1,NA,20,62
2001,10,17,18,-24.4,926.3,NA,360,61
2001,10,17,21,-24.3,926.1,NA,20,62
2001,10,18,0,-23.9,926.5,NA,50,62
2001,10,18,3,-23.4,926.3,NA,90,63
2001,10,18,6,-23.4,926.1,5,250,64
2001,10,18,9,-24.5,925.3,NA,240,62
2001,10,18,12,-24.8,924.7,NA,250,61
2001,10,18,15,-24.5,923.6,NA,240,62
2001,10,18,18,-23.5,924.4,NA,230,63
2001,10,18,21,-22.3,926.4,NA,230,64
2001,10,19,0,-23,926.7,NA,240,63
2001,10,19,3,-23,924.8,NA,240,64
2001,10,19,6,-22.7,921.5,NA,220,64
2001,10,19,9,-22.7,916.3,NA,230,64
2001,10,19,12,-21.9,911.5,NA,230,65
2001,10,19,15,-21.6,908.9,NA,240,65
2001,10,19,18,-22.6,905.2,NA,NA,64
2001,10,19,21,-22.2,906.8,NA,NA,64
2001,10,20,0,-21.8,908.8,NA,NA,65
2001,10,20,3,-20.9,910.8,NA,NA,57
2001,10,20,6,-18.7,910.3,NA,230,56
2001,10,20,9,-18.8,909.1,NA,360,32
2001,10,20,12,-19.5,906.7,NA,350,25
2001,10,20,15,-19.3,902.8,NA,20,29
2001,10,20,18,-18.8,899.3,NA,330,30
2001,10,20,21,-18.4,897.8,NA,40,48
2001,10,21,0,-20.9,899.1,NA,220,52
2001,10,21,3,-18.4,899,NA,230,61
2001,10,21,6,-19.5,899.7,NA,250,45
2001,10,21,9,-19.5,900.7,NA,260,43
2001,10,21,12,-20.2,900.7,NA,230,41
2001,10,21,15,-21.7,900.5,NA,240,55
2001,10,21,18,-23.6,900.7,NA,250,60
2001,10,21,21,-23.8,906.3,NA,250,62
2001,10,22,0,-23.9,909.6,NA,250,62
2001,10,22,3,-24.2,912.3,NA,240,59
2001,10,22,6,-24.8,914.9,NA,NA,61
2001,10,22,9,-25.2,916.5,NA,NA,55
2001,10,22,12,-25.3,919.2,NA,NA,57
2001,10,22,15,-23.4,919.1,NA,250,37
2001,10,22,18,-22.7,918.6,NA,130,38
2001,10,22,21,-20.1,918.1,NA,30,28
2001,10,23,0,-22,918.2,NA,260,33
2001,10,23,3,-20.4,916.6,NA,240,41
2001,10,23,6,-20.6,916.8,NA,220,54
2001,10,23,9,-19.8,916.8,NA,240,49
2001,10,23,12,-18.8,916,NA,230,35
2001,10,23,15,-16.6,913.1,NA,250,35
2001,10,23,18,-16.9,913.9,NA,240,32
2001,10,23,21,-16,913.5,NA,230,32
2001,10,24,0,-16.1,912.9,NA,240,29
2001,10,24,3,-17.3,912,NA,230,36
2001,10,24,6,-17.4,911.9,NA,230,45
2001,10,24,9,-17.7,911.1,NA,230,42
2001,10,24,12,-16.8,912.2,NA,240,31
2001,10,24,15,-16.3,911.8,NA,350,27
2001,10,24,18,-16.8,910.9,NA,20,31
2001,10,24,21,-15.9,910.6,NA,60,35
2001,10,25,0,-17.1,911.5,11,60,49
2001,10,25,3,-17.3,911.6,NA,80,57
2001,10,25,6,-18.4,912.2,NA,120,70
2001,10,25,9,-18.5,912.9,1,240,69
2001,10,25,12,-19.9,913.5,2,280,63
2001,10,25,15,-19.6,913.6,NA,290,55
2001,10,25,18,-19.6,914,NA,260,53
2001,10,25,21,-20.3,914,NA,230,51
2001,10,26,0,-20.6,914.8,NA,230,62
2001,10,26,3,-20.1,915.2,NA,260,66
2001,10,26,6,-19.3,915.4,NA,250,56
2001,10,26,9,-19.7,916.1,NA,310,54
2001,10,26,12,-20.5,916.7,NA,330,57
2001,10,26,15,-21,916.3,NA,350,57
2001,10,26,18,-21.1,916.1,NA,350,55
2001,10,26,21,-19.9,916.6,NA,20,59
2001,10,27,0,-18.3,917,NA,240,45
2001,10,27,3,-18.1,917.4,NA,240,42
2001,10,27,6,-16.4,917.8,3,240,24
2001,10,27,9,-17.5,918,4,360,20
2001,10,27,12,-17.3,917.7,7,350,21
2001,10,27,15,-18.3,916.9,6,10,24
2001,10,27,18,-16.9,916.5,NA,40,25
2001,10,27,21,-17.1,916.4,3,250,24
2001,10,28,0,-15.5,915.7,2,70,26
2001,10,28,3,-17.6,915.4,2,80,30
2001,10,28,6,-16.3,915.3,3,350,40
2001,10,28,9,-18.2,915.4,5,10,36
2001,10,28,12,-18.2,914.9,NA,10,30
2001,10,28,15,-16.6,914.3,NA,20,29
2001,10,28,18,-14.3,913.6,1,50,33
2001,10,28,21,-12.7,913.4,4,40,28
2001,10,29,0,-9.9,913.4,NA,NA,28
2001,10,29,3,-12.1,913.7,NA,270,25
2001,10,29,6,NA,914,NA,240,34
2001,10,29,9,NA,914.4,NA,250,42
2001,10,29,12,NA,915,NA,230,66
2001,10,29,15,-18.6,915.3,17,230,68
2001,10,29,18,-19.8,914.9,NA,230,67
2001,10,29,21,-19.2,915.1,NA,220,68
2001,10,30,0,-20,912.9,NA,230,68
2001,10,30,3,-20.6,909.3,NA,NA,66
2001,10,30,6,-21.1,907.4,NA,NA,66
2001,10,30,9,-20.6,909.7,NA,NA,66
2001,10,30,12,-20,911.1,NA,240,62
2001,10,30,15,-20.1,913.3,NA,230,59
2001,10,30,18,-19.9,913.7,NA,360,60
2001,10,30,21,-18.1,912.7,NA,60,60
2001,10,31,0,-18.5,912.2,NA,60,NA
2001,10,31,3,-17.4,912.1,NA,60,70
2001,10,31,6,-16.4,912.5,NA,290,72
2001,10,31,9,-16.8,913.2,NA,240,72
2001,10,31,12,-17.3,914.3,3,290,71
2001,10,31,15,-16.6,915.7,1,50,72
2001,10,31,18,-18.5,917.5,NA,270,71
2001,10,31,21,-17.8,919.8,NA,250,70
2001,11,1,0,-16.8,922.3,NA,NA,71
2001,11,1,3,-16.3,924.7,9,NA,72
2001,11,1,6,-17.4,926.5,10,NA,71
2001,11,1,9,-17.3,927.5,6,260,71
2001,11,1,12,-17.8,928,7,260,71
2001,11,1,15,-17.5,927.6,10,250,71
2001,11,1,18,-17.4,926.6,NA,240,71
2001,11,1,21,-18.1,925.5,NA,250,70
2001,11,2,0,-18.1,923.7,NA,230,70
2001,11,2,3,-18.2,921.5,NA,240,70
2001,11,2,6,-18.3,918.8,NA,260,69
2001,11,2,9,-18.2,917.8,31,260,60
2001,11,2,12,-18.6,917.7,NA,250,54
2001,11,2,15,-18.8,917.5,NA,250,53
2001,11,2,18,-18.8,917.1,NA,210,54
2001,11,2,21,-16.5,917,NA,40,40
2001,11,3,0,-15,917.3,1,230,34
2001,11,3,3,-15.1,917.5,2,230,37
2001,11,3,6,-15.4,917.5,4,240,39
2001,11,3,9,-16.7,917.8,5,240,46
2001,11,3,12,-17.3,917.8,6,250,49
2001,11,3,15,-18,918,5,270,51
2001,11,3,18,-16.6,918.5,4,230,48
2001,11,3,21,-14.8,918.9,NA,180,46
2001,11,4,0,-15.2,919.8,6,220,45
2001,11,4,3,-15,920.1,NA,230,46
2001,11,4,6,-13.3,919.4,NA,260,36
2001,11,4,9,-14.2,919.3,5,280,32
2001,11,4,12,-14.4,919,7,270,33
2001,11,4,15,-13.7,918.2,NA,250,31
2001,11,4,18,-13.4,917.5,NA,260,31
2001,11,4,21,-11,917.6,NA,270,32
2001,11,5,0,-11,916.7,NA,260,32
2001,11,5,3,-11.8,915.9,NA,140,29
2001,11,5,6,-10.5,914.4,3,270,30
2001,11,5,9,-12.8,913.1,2,290,31
2001,11,5,12,-13.5,911.8,2,300,28
2001,11,5,15,-14,910.4,3,260,28
2001,11,5,18,-13.8,909.6,NA,250,30
2001,11,5,21,-11.3,908.4,NA,270,26
2001,11,6,0,-12.4,907,NA,90,30
2001,11,6,3,-14.1,904.4,NA,30,47
2001,11,6,6,-14.5,902,NA,20,44
2001,11,6,9,-14.7,900.3,NA,20,49
2001,11,6,12,-15.4,898.8,NA,250,36
2001,11,6,15,-14.1,899.1,NA,260,32
2001,11,6,18,-14.7,899,NA,130,41
2001,11,6,21,-14.7,898.4,NA,150,40
2001,11,7,0,-14.5,896.3,NA,60,NA
2001,11,7,3,-14.9,893.9,NA,40,61
2001,11,7,6,-14.5,893.4,5,80,70
2001,11,7,9,-15,894.7,NA,40,73
2001,11,7,12,-15.7,897.3,3,210,73
2001,11,7,15,-17.6,901.5,NA,230,70
2001,11,7,18,-16.4,906,NA,210,71
2001,11,7,21,-17.7,909.7,NA,230,70
2001,11,8,0,-15.5,911.5,NA,230,72
2001,11,8,3,-14.9,914.1,NA,230,74
2001,11,8,6,-13.5,915.2,NA,240,66
2001,11,8,9,-13.1,914.5,NA,330,49
2001,11,8,12,-13.9,913.6,NA,360,34
2001,11,8,15,-13.5,913.2,NA,280,29
2001,11,8,18,-12.9,913.2,7,250,33
2001,11,8,21,-13.7,913.8,5,240,42
2001,11,9,0,-11.1,914.4,NA,240,30
2001,11,9,3,-11,914.5,NA,140,31
2001,11,9,6,-10.5,914.3,NA,350,30
2001,11,9,9,-11.3,914.2,NA,300,25
2001,11,9,12,-11.6,913.5,NA,300,26
2001,11,9,15,-11.3,913.1,5,300,23
2001,11,9,18,-10.5,912.5,NA,250,28
2001,11,9,21,-9.8,912,2,190,28
2001,11,10,0,-10.3,911.2,NA,250,26
2001,11,10,3,-10.6,910.3,NA,230,29
2001,11,10,6,-11.2,908.6,NA,250,65
2001,11,10,9,-11.5,908.2,NA,240,78
2001,11,10,12,-12.8,912.2,NA,220,77
2001,11,10,15,-12.2,911.3,NA,240,77
2001,11,10,18,-12.1,912.8,NA,250,74
2001,11,10,21,-11.5,913.9,NA,NA,68
2001,11,11,0,-12.3,913.9,26,NA,72
2001,11,11,3,-12,914.2,NA,NA,70
2001,11,11,6,-12,914.2,NA,260,63
2001,11,11,9,-12.9,913.8,NA,340,71
2001,11,11,12,-13.5,913.1,NA,0,72
2001,11,11,15,-13.1,912.5,NA,270,65
2001,11,11,18,-13,912.1,1,280,75
2001,11,11,21,-12,912,2,230,64
2001,11,12,0,-11.9,911.9,3,240,71
2001,11,12,3,-11.6,911.4,3,240,63
2001,11,12,6,-12.5,911.2,6,260,67
2001,11,12,9,-12.4,911.3,4,250,75
2001,11,12,12,-12.5,911.3,4,260,76
2001,11,12,15,-12.4,911.3,3,270,72
2001,11,12,18,-12.1,911.7,NA,200,65
2001,11,12,21,-12.5,912.3,NA,150,75
2001,11,13,0,-12,912.8,NA,220,68
2001,11,13,3,-11.7,913.1,NA,240,76
2001,11,13,6,-11.7,913.3,NA,240,69
2001,11,13,9,-11.3,912.8,NA,240,67
2001,11,13,12,-13,913,NA,250,74
2001,11,13,15,-14,911.7,NA,240,73
2001,11,13,18,-15.6,913,41,230,73
2001,11,13,21,-14.7,910.8,NA,240,74
2001,11,14,0,-15,913.2,NA,240,73
2001,11,14,3,-13.8,911.7,NA,240,72
2001,11,14,6,-14.3,913.6,NA,250,72
2001,11,14,9,-12.7,911.4,NA,250,NA
2001,11,14,12,-14.5,912.3,NA,240,75
2001,11,14,15,-15.4,912.5,56,250,74
2001,11,14,18,-15.3,917.4,NA,240,71
2001,11,14,21,-14.8,916.3,NA,250,74
2001,11,15,0,-14.3,917.8,NA,240,70
2001,11,15,3,-13.9,917.7,NA,230,62
2001,11,15,6,-13.5,916.2,NA,250,60
2001,11,15,9,-14.3,915.7,NA,250,73
2001,11,15,12,-14.5,915.6,40,240,75
2001,11,15,15,-15,917.2,NA,240,74
2001,11,15,18,-14.9,917.3,NA,260,74
2001,11,15,21,-14.7,918.5,NA,230,74
2001,11,16,0,-14.4,919.7,NA,230,75
2001,11,16,3,-14.1,919.6,NA,220,66
2001,11,16,6,-14.2,919.4,20,230,64
2001,11,16,9,-14.2,919.6,NA,250,61
2001,11,16,12,-13.8,920,NA,NA,56
2001,11,16,15,-13.9,919.4,NA,NA,59
2001,11,16,18,-13.8,919.2,NA,NA,68
2001,11,16,21,-14.8,921.5,NA,220,74
2001,11,17,0,-14.3,920.2,NA,240,71
2001,11,17,3,-14.5,920.6,NA,240,75
2001,11,17,6,-13.9,920.9,NA,240,65
2001,11,17,9,-14.6,921.1,NA,250,63
2001,11,17,12,-14.7,920.6,NA,250,62
2001,11,17,15,-14.5,920.5,NA,210,61
2001,11,17,18,-14.3,919.7,NA,70,67
2001,11,17,21,-13.6,919.7,4,90,65
2001,11,18,0,-13.1,920.1,2,250,63
2001,11,18,3,-14,920.5,NA,260,65
2001,11,18,6,-12.8,921.3,NA,110,64
2001,11,18,9,-13.9,921.6,NA,30,67
2001,11,18,12,-14.3,922.3,2,90,75
2001,11,18,15,-14.3,922.1,2,90,75
2001,11,18,18,-13.4,922.3,1,90,76
2001,11,18,21,-14.4,923,2,280,75
2001,11,19,0,-13.7,923.2,4,270,76
2001,11,19,3,-13.5,923.2,5,250,76
2001,11,19,6,-14.3,922.8,NA,240,74
2001,11,19,9,-14.6,922.1,NA,240,75
2001,11,19,12,-14.7,920.8,NA,240,69
2001,11,19,15,-13.6,921.2,NA,260,72
2001,11,19,18,-14.3,921.3,NA,250,68
2001,11,19,21,-14.9,921.4,NA,210,74
2001,11,20,0,-14.8,922.1,25,230,75
2001,11,20,3,-14.7,920.4,NA,240,75
2001,11,20,6,-14.8,919.8,NA,NA,71
2001,11,20,9,-14.8,919,NA,NA,74
2001,11,20,12,-14.8,918.6,43,NA,74
2001,11,20,15,-14.8,919.2,NA,250,74
2001,11,20,18,-13.8,918.4,NA,240,66
2001,11,20,21,-13.1,918.6,NA,NA,62
2001,11,21,0,-12.4,918.1,43,NA,53
2001,11,21,3,-11.9,918.4,NA,NA,53
2001,11,21,6,-11.2,918.3,NA,240,46
2001,11,21,9,-11,918.2,NA,250,42
2001,11,21,12,-11.4,917.6,NA,250,39
2001,11,21,15,-12,917.1,NA,240,49
2001,11,21,18,-11.1,917.2,NA,240,43
2001,11,21,21,-11.9,917.7,NA,240,47
2001,11,22,0,-11.3,917.8,NA,250,53
2001,11,22,3,-12.1,918,NA,240,58
2001,11,22,6,-11.5,918.8,NA,230,53
2001,11,22,9,-13.1,918.9,NA,270,57
2001,11,22,12,-11.8,918.7,NA,240,40
2001,11,22,15,-10.9,917.9,NA,280,39
2001,11,22,18,-8.8,917.4,NA,60,34
2001,11,22,21,-8.7,918.1,NA,80,40
2001,11,23,0,-10.8,918.3,NA,110,47
2001,11,23,3,-11.5,918.6,4,50,62
2001,11,23,6,-11.7,919.5,4,60,69
2001,11,23,9,-10.6,919.7,4,320,51
2001,11,23,12,-10.6,919.2,2,230,43
2001,11,23,15,-9.6,918.3,NA,200,35
2001,11,23,18,-7.9,917.8,NA,210,36
2001,11,23,21,-5.8,917.4,1,250,33
2001,11,24,0,-5.6,917.1,NA,200,27
2001,11,24,3,-6.3,917.3,NA,220,26
2001,11,24,6,-8.1,917.2,7,250,44
2001,11,24,9,-7.7,917,7,290,52
2001,11,24,12,-8.6,916.9,8,270,64
2001,11,24,15,-8.3,916.3,NA,290,52
2001,11,24,18,-8,916.1,5,250,59
2001,11,24,21,-7.5,916,NA,240,51
2001,11,25,0,-6.6,915.8,NA,210,45
2001,11,25,3,-7.9,915.9,NA,240,53
2001,11,25,6,-8.2,916.7,11,240,61
2001,11,25,9,-8.2,918,NA,230,70
2001,11,25,12,-8.1,919.2,NA,240,59
2001,11,25,15,-9.4,918.2,NA,250,77
2001,11,25,18,-9.2,920.8,NA,240,69
2001,11,25,21,-8.4,926.3,NA,230,65
2001,11,26,0,-6.5,928.2,NA,40,69
2001,11,26,3,-6.5,928,NA,50,51
2001,11,26,6,-2.6,927.7,NA,290,42
2001,11,26,9,-2.2,927.1,6,10,19
2001,11,26,12,-3.9,926.3,4,340,21
2001,11,26,15,-5.4,925.8,7,230,30
2001,11,26,18,-7.1,925.4,NA,240,51
2001,11,26,21,-7.3,924.5,NA,90,59
2001,11,27,0,-8.4,923.8,5,110,52
2001,11,27,3,-8.5,922.6,NA,110,51
2001,11,27,6,-7.9,922,1,110,52
2001,11,27,9,-8.7,921.2,2,70,51
2001,11,27,12,-10,920.5,NA,20,46
2001,11,27,15,-9.1,919,NA,360,46
2001,11,27,18,-8.5,918,NA,50,52
2001,11,27,21,-7.8,916.6,NA,10,54
2001,11,28,0,-7.3,915.3,3,110,64
2001,11,28,3,-7.7,913.9,6,20,59
2001,11,28,6,-7.7,912.8,NA,90,49
2001,11,28,9,-7.6,912.5,3,210,50
2001,11,28,12,-9.1,912.4,NA,240,52
2001,11,28,15,-9.3,912.1,NA,NA,57
2001,11,28,18,-10,912.6,NA,NA,67
2001,11,28,21,-9.1,913.2,NA,NA,62
2001,11,29,0,-8.8,913.8,NA,250,68
2001,11,29,3,-9,915.2,NA,240,74
2001,11,29,6,-9,916.3,NA,250,77
2001,11,29,9,-8.4,918.9,34,250,61
2001,11,29,12,-9.1,922.8,NA,260,56
2001,11,29,15,-8.4,923.4,NA,360,43
2001,11,29,18,-6.7,923.9,NA,240,40
2001,11,29,21,-7.2,924.8,NA,240,45
2001,11,30,0,-5.2,925.5,3,210,34
2001,11,30,3,-8.7,925.5,NA,250,69
2001,11,30,6,-6.4,925.3,NA,140,52
2001,11,30,9,-7.7,924.2,NA,220,61
2001,11,30,12,-9.3,923.6,1,230,77
2001,11,30,15,-10.2,922,3,20,74
2001,11,30,18,-10.3,920.5,NA,30,79
2001,11,30,21,-8.5,918.5,NA,80,79
2001,12,1,0,-9.2,916.5,NA,70,78
2001,12,1,3,-8.8,913.8,11,NA,80
2001,12,1,6,-9,912.3,11,NA,79
2001,12,1,9,-9.2,911.7,NA,NA,74
2001,12,1,12,-9.3,911.9,NA,80,75
2001,12,1,15,-10,911.5,NA,10,69
2001,12,1,18,-9.6,911.8,NA,40,70
2001,12,1,21,-8.6,912.4,NA,110,64
2001,12,2,0,-8.4,913.3,4,140,62
2001,12,2,3,-8.5,913.8,NA,250,63
2001,12,2,6,-8.8,914.3,NA,250,66
2001,12,2,9,-10.2,914.8,NA,260,74
2001,12,2,12,-10.3,915.4,12,250,59
2001,12,2,15,-10.5,915.7,12,250,63
2001,12,2,18,-9.6,916.1,9,250,63
2001,12,2,21,-7.8,916.3,NA,100,59
2001,12,3,0,-8,915.9,NA,50,73
2001,12,3,3,-8.3,915.5,NA,60,71
2001,12,3,6,-7.4,915.3,NA,70,68
2001,12,3,9,-8.7,915.1,NA,240,78
2001,12,3,12,-9.7,914.9,NA,270,73
2001,12,3,15,-9.7,914.2,NA,240,80
2001,12,3,18,-10.4,914,NA,240,80
2001,12,3,21,-9.9,913.2,NA,230,78
2001,12,4,0,-9.9,914,NA,240,80
2001,12,4,3,-8.7,914.9,NA,180,81
2001,12,4,6,-9.5,915.1,NA,250,81
2001,12,4,9,-9.7,914.8,NA,230,75
2001,12,4,12,-9.3,914.1,NA,240,64
2001,12,4,15,-9.6,912.7,NA,240,77
2001,12,4,18,-9.3,908.8,NA,250,79
2001,12,4,21,-8.4,910.8,NA,NA,75
2001,12,5,0,-8.6,911.7,NA,NA,70
2001,12,5,3,-8.7,911.3,NA,NA,74
2001,12,5,6,-8.5,911.4,NA,NA,72
2001,12,5,9,-8.1,912,NA,NA,57
2001,12,5,12,-7.9,912.5,NA,220,45
2001,12,5,15,-9.4,912.6,NA,140,51
2001,12,5,18,-8.7,911.4,NA,160,72
2001,12,5,21,-8.2,910.7,4,200,63
2001,12,6,0,-8.3,910.3,7,210,67
2001,12,6,3,-8.7,910.2,NA,120,72
2001,12,6,6,-7.7,910.1,NA,230,60
2001,12,6,9,-9.2,910.4,NA,250,62
2001,12,6,12,-9.6,910.9,NA,240,66
2001,12,6,15,-10,910.5,NA,260,69
2001,12,6,18,-9.6,910.1,7,230,62
2001,12,6,21,-8.3,909.9,6,220,57
2001,12,7,0,-7.9,910,NA,240,55
2001,12,7,3,-7.4,910,NA,260,66
2001,12,7,6,-7.1,909.9,NA,30,66
2001,12,7,9,-5.8,910.1,2,270,43
2001,12,7,12,-7.1,910.4,5,300,35
2001,12,7,15,-7,910.4,5,250,37
2001,12,7,18,-6.2,910.6,8,250,35
2001,12,7,21,-5.7,911.1,6,210,35
2001,12,8,0,-5.7,911.8,9,240,NA
2001,12,8,3,-6.4,912.3,NA,230,61
2001,12,8,6,-6.5,912.9,11,230,63
2001,12,8,9,-7.4,913.7,NA,200,79
2001,12,8,12,-7.1,914.4,NA,260,71
2001,12,8,15,-8.4,914.5,2,260,72
2001,12,8,18,NA,914.5,1,240,71
2001,12,8,21,-6.8,915,2,250,69
2001,12,9,0,-6.3,914.9,4,70,69
2001,12,9,3,NA,914.7,1,50,69
2001,12,9,6,-4.9,914.5,3,10,52
2001,12,9,9,-4.8,914.5,3,340,33
2001,12,9,12,-6.4,914.2,NA,0,30
2001,12,9,15,-5.5,913.5,NA,300,30
2001,12,9,18,-4.4,913.2,NA,120,41
2001,12,9,21,-4.7,913.2,2,30,48
2001,12,10,0,-6.1,913.3,4,60,45
2001,12,10,3,-6.1,912.6,4,70,52
2001,12,10,6,-7.5,912.5,NA,20,82
2001,12,10,9,-7.4,911.7,NA,30,83
2001,12,10,12,-7.9,911.5,9,20,83
2001,12,10,15,-7.2,910.6,NA,80,83
2001,12,10,18,-8.5,910,5,270,82
2001,12,10,21,-8.5,909.8,4,270,82
2001,12,11,0,-7.6,909,4,210,82
2001,12,11,3,-8.3,907.6,6,210,82
2001,12,11,6,-8,905.8,NA,220,82
2001,12,11,9,-9.1,903.4,NA,230,68
2001,12,11,12,-9,900.6,NA,NA,74
2001,12,11,15,-8.6,899.4,NA,NA,81
2001,12,11,18,-8,900.7,NA,NA,82
2001,12,11,21,-7.8,904,NA,250,82
2001,12,12,0,-7.8,905.6,NA,250,82
2001,12,12,3,-6.4,907.1,NA,260,60
2001,12,12,6,-7.1,908,NA,240,71
2001,12,12,9,-7.4,908.6,NA,260,60
2001,12,12,12,-8.8,908.2,NA,260,66
2001,12,12,15,-8.8,907.5,NA,250,66
2001,12,12,18,-9.1,907,NA,220,71
2001,12,12,21,-9.3,905.2,NA,230,69
2001,12,13,0,-9.4,902.4,NA,NA,76
2001,12,13,3,-9.1,900.9,NA,NA,70
2001,12,13,6,-8.7,898.8,NA,NA,59
2001,12,13,9,-9,897.1,NA,NA,57
2001,12,13,12,-8.3,894.1,NA,NA,51
2001,12,13,15,-9,894,NA,NA,65
2001,12,13,18,-9.3,888.7,NA,260,81
2001,12,13,21,-8.5,890.8,NA,250,81
2001,12,14,0,-7.8,888,NA,240,82
2001,12,14,3,-7.7,885.5,NA,250,82
2001,12,14,6,-7.3,883.8,NA,NA,83
2001,12,14,9,-6.9,884.8,NA,NA,83
2001,12,14,12,-6.5,888.2,59,NA,84
2001,12,14,15,-5.7,889.6,NA,230,85
2001,12,14,18,-5.5,890.7,NA,NA,85
2001,12,14,21,-5.4,892.7,NA,NA,85
2001,12,15,0,-5.5,893.3,NA,NA,85
2001,12,15,3,-5.5,893.4,NA,NA,85
2001,12,15,6,-5.9,893.5,NA,240,85
2001,12,15,9,-6.7,893.3,23,230,85
2001,12,15,12,-6.8,892.6,24,240,84
2001,12,15,15,-7.1,891.4,NA,240,84
2001,12,15,18,-7.1,892,26,230,84
2001,12,15,21,-7,893.5,26,240,84
2001,12,16,0,-6.7,893.3,26,240,NA
2001,12,16,3,-6.2,895.2,25,230,85
2001,12,16,6,-6.5,896.3,25,240,85
2001,12,16,9,-6.4,899.6,23,240,85
2001,12,16,12,-6,901.8,NA,230,85
2001,12,16,15,-6,904.9,NA,230,85
2001,12,16,18,-6.5,907.8,NA,80,85
2001,12,16,21,-6.2,907.7,NA,110,85
2001,12,17,0,-6.8,909,9,160,85
2001,12,17,3,-6.9,907.8,12,260,85
2001,12,17,6,-6.5,908,11,260,85
2001,12,17,9,-6.5,910.9,9,260,85
2001,12,17,12,-6.7,912.2,9,250,85
2001,12,17,15,-6.4,912.6,9,260,85
2001,12,17,18,-6.2,914.8,10,250,85
2001,12,17,21,-5.5,917.5,9,240,86
2001,12,18,0,-5.4,919.2,NA,240,86
2001,12,18,3,-4.9,919.2,NA,240,86
2001,12,18,6,-4.9,919.7,5,230,86
2001,12,18,9,-5.2,919.7,4,250,86
2001,12,18,12,-5.4,919.8,2,10,86
2001,12,18,15,-7,918.4,NA,30,84
2001,12,18,18,-5.7,917.4,NA,100,86
2001,12,18,21,-4.8,916.4,NA,210,87
2001,12,19,0,NA,916,3,270,88
2001,12,19,3,-6.2,915,NA,240,86
2001,12,19,6,-7.1,914.3,NA,250,85
2001,12,19,9,-7.2,914.8,NA,230,85
2001,12,19,12,-7.4,915.9,NA,230,85
2001,12,19,15,-8.4,916.9,NA,230,84
2001,12,19,18,-7.9,918.2,NA,220,84
2001,12,19,21,-7.3,920.7,NA,230,85
2001,12,20,0,-6.4,923,NA,270,85
2001,12,20,3,-5.9,924.9,8,260,86
2001,12,20,6,-6,927.4,NA,360,86
2001,12,20,9,-6.8,929.2,NA,20,85
2001,12,20,12,-7,930.6,NA,30,85
2001,12,20,15,-7.1,931.2,9,40,85
2001,12,20,18,-5.5,931.8,NA,80,86
2001,12,20,21,-5.2,932.1,NA,250,86
2001,12,21,0,-4,932.4,2,200,87
2001,12,21,3,-4.8,932.2,3,0,87
2001,12,21,6,-5.4,932.1,4,60,86
2001,12,21,9,-5.5,931.6,5,70,86
2001,12,21,12,-5.6,930.9,6,60,86
2001,12,21,15,-6.1,929.5,6,50,86
2001,12,21,18,-5.6,928.2,3,70,86
2001,12,21,21,-5.2,927.5,3,50,87
2001,12,22,0,-3.9,927.1,2,60,87
2001,12,22,3,NA,926.6,1,150,88
2001,12,22,6,NA,926,1,80,88
2001,12,22,9,-4.7,925.9,NA,NA,87
2001,12,22,12,-5.6,925.8,3,260,86
2001,12,22,15,NA,925.2,1,30,86
2001,12,22,18,NA,924.7,1,260,85
2001,12,22,21,-4.8,924.8,2,130,87
2001,12,23,0,-5.6,924.5,3,220,86
2001,12,23,3,-6.4,924.3,3,80,86
2001,12,23,6,-6.6,923.4,NA,240,85
2001,12,23,9,-6.2,923.2,NA,230,86
2001,12,23,12,-6.6,923,NA,240,86
2001,12,23,15,-7,923.3,22,230,85
2001,12,23,18,-6.7,924.3,NA,230,85
2001,12,23,21,-5.2,924.9,NA,280,85
2001,12,24,0,-5.2,924.9,NA,120,85
2001,12,24,3,-5.5,923.9,5,70,86
2001,12,24,6,NA,923,1,140,85
2001,12,24,9,NA,922.2,1,10,86
2001,12,24,12,-5.2,921.4,NA,NA,85
2001,12,24,15,-5.7,920.3,3,250,86
2001,12,24,18,-6.6,920,3,250,86
2001,12,24,21,-5.2,920.4,NA,240,80
2001,12,25,0,-4.9,920.9,2,240,79
2001,12,25,3,-4.5,921.3,2,330,78
2001,12,25,6,-4.4,922.2,3,260,78
2001,12,25,9,-5,923.2,2,220,80
2001,12,25,12,-7.1,924.4,3,20,79
2001,12,25,15,-6.5,925.1,2,100,85
2001,12,25,18,-5.9,926.8,2,120,85
2001,12,25,21,NA,928.6,1,120,79
2001,12,26,0,-5,930.6,5,230,70
2001,12,26,3,-4.3,932.2,2,110,63
2001,12,26,6,-3.5,933.2,NA,240,53
2001,12,26,9,-3.3,934.2,NA,NA,48
2001,12,26,12,-5.3,935.6,11,NA,62
2001,12,26,15,-3.5,936.6,NA,NA,54
2001,12,26,18,-2,937.5,NA,230,38
2001,12,26,21,-0.9,938.5,NA,220,31
2001,12,27,0,-0.7,939.1,NA,240,32
2001,12,27,3,-0.3,939,NA,NA,36
2001,12,27,6,-0.6,939.8,NA,NA,39
2001,12,27,9,-0.3,940.4,NA,NA,33
2001,12,27,12,NA,940.6,NA,300,32
2001,12,27,15,-0.7,940.3,5,20,30
2001,12,27,18,-0.2,940.2,8,20,34
2001,12,27,21,0.8,940.3,9,60,36
2001,12,28,0,1,940.2,8,70,33
2001,12,28,3,-0.5,940.1,NA,20,38
2001,12,28,6,-1.1,940.2,NA,10,44
2001,12,28,9,-1.9,940.6,12,10,43
2001,12,28,12,-0.4,940.6,NA,10,39
2001,12,28,15,-2.4,940.6,14,20,43
2001,12,28,18,0.1,940.8,NA,30,40
2001,12,28,21,0.5,941.2,11,30,37
2001,12,29,0,-0.3,941.5,12,40,39
2001,12,29,3,0,941.9,11,10,41
2001,12,29,6,2.9,942.6,NA,160,35
2001,12,29,9,1.8,943.7,NA,250,35
2001,12,29,12,NA,943.9,1,10,34
2001,12,29,15,-0.1,942.9,5,250,36
2001,12,29,18,1.4,942.8,5,260,30
2001,12,29,21,3.1,941.8,2,330,29
2001,12,30,0,2.5,940.3,3,50,36
2001,12,30,3,3,938.1,6,330,35
2001,12,30,6,3.7,936.6,3,270,23
2001,12,30,9,2.9,935.5,5,290,23
2001,12,30,12,0.5,933.4,4,50,23
2001,12,30,15,1,931.2,4,360,25
2001,12,30,18,1.5,929.3,6,240,29
2001,12,30,21,NA,928.4,NA,230,36
2001,12,31,0,-1.5,924.9,NA,240,51
2001,12,31,3,-1.7,927.4,NA,250,51
2001,12,31,6,-4.2,927.9,NA,240,86
2001,12,31,9,-4.5,928.8,35,230,87
2001,12,31,12,-4.9,926.4,NA,NA,84
2001,12,31,15,-6.2,929.4,NA,NA,85
2001,12,31,18,-6,929.9,NA,NA,81
2001,12,31,21,-5.1,928.4,NA,240,85
2002,1,1,0,-4.7,927.1,NA,250,70
2002,1,1,3,-3.9,925.5,NA,240,63
2002,1,1,6,-3.6,924.8,NA,NA,62
2002,1,1,9,-3.8,922.5,NA,NA,58
2002,1,1,12,-4.5,923.1,NA,NA,70
2002,1,1,15,-4.9,922.6,NA,230,72
2002,1,1,18,-5.3,918.9,NA,NA,76
2002,1,1,21,-5.9,917.7,NA,NA,80
2002,1,2,0,-5.7,919.1,NA,NA,70
2002,1,2,3,-5.3,918.5,NA,240,81
2002,1,2,6,-4.6,917.8,NA,240,65
2002,1,2,9,-4.9,912.8,NA,230,68
2002,1,2,12,-4.7,916.8,NA,230,69
2002,1,2,15,-4.7,913.6,NA,250,68
2002,1,2,18,-5.4,914.2,NA,240,72
2002,1,2,21,-5.9,913.1,56,NA,85
2002,1,3,0,-5.3,913.6,NA,NA,86
2002,1,3,3,-5,911.6,NA,NA,86
2002,1,3,6,-4.9,914.3,60,230,86
2002,1,3,9,-4.9,915.4,NA,230,87
2002,1,3,12,-4.9,917.2,NA,230,87
2002,1,3,15,-5,918.3,NA,NA,87
2002,1,3,18,-4.9,919.7,NA,NA,87
2002,1,3,21,-4.6,921.1,NA,NA,87
2002,1,4,0,-4,920.2,NA,NA,87
2002,1,4,3,-4.5,922.2,NA,NA,87
2002,1,4,6,-4.5,922.1,NA,240,87
2002,1,4,9,-4.4,921.9,NA,230,87
2002,1,4,12,-4.5,923.7,NA,NA,87
2002,1,4,15,-4.6,924.9,NA,NA,87
2002,1,4,18,-4.5,926.1,NA,NA,87
2002,1,4,21,-2.4,926.5,NA,NA,89
2002,1,5,0,-2.2,925.7,NA,NA,89
2002,1,5,3,-2.2,924.9,NA,NA,89
2002,1,5,6,-3.4,924.9,NA,NA,89
2002,1,5,9,-3.1,924.9,NA,NA,89
2002,1,5,12,-4,925.2,NA,10,88
2002,1,5,15,-2.5,925.3,NA,NA,89
2002,1,5,18,-1.3,925.8,NA,NA,89
2002,1,5,21,-0.3,926.3,NA,NA,90
2002,1,6,0,-1.1,926.3,NA,NA,90
2002,1,6,3,-1.8,926,NA,NA,89
2002,1,6,6,-2.7,926.2,NA,NA,88
2002,1,6,9,-3.4,926.8,NA,NA,85
2002,1,6,12,-4.4,926.9,NA,NA,84
2002,1,6,15,-4.5,926.5,NA,NA,81
2002,1,6,18,-4.3,926.8,2,290,80
2002,1,6,21,-4.6,926.8,NA,240,76
2002,1,7,0,-4.8,927.1,NA,230,84
2002,1,7,3,-4.4,927,NA,220,83
2002,1,7,6,-4.1,927.9,NA,230,81
2002,1,7,9,-5.3,928.4,NA,360,76
2002,1,7,12,NA,928.6,1,250,84
2002,1,7,15,-5.8,928.7,2,40,81
2002,1,7,18,-5,929.1,3,40,81
2002,1,7,21,-4.8,929.9,6,20,82
2002,1,8,0,-4,930.8,5,20,NA
2002,1,8,3,-3.8,931.6,3,10,85
2002,1,8,6,-4.4,932.2,5,20,87
2002,1,8,9,-4.5,933.2,NA,0,88
2002,1,8,12,-4.8,933.8,3,200,87
2002,1,8,15,-4.9,934.1,4,260,86
2002,1,8,18,-4.5,934.2,3,220,86
2002,1,8,21,-4,934.3,3,110,88
2002,1,9,0,-3.7,934.3,3,170,88
2002,1,9,3,-4.7,934.6,NA,230,88
2002,1,9,6,-5.1,935.2,NA,220,88
2002,1,9,9,-5.4,936.5,NA,220,88
2002,1,9,12,-5.3,936.4,NA,240,80
2002,1,9,15,-5.4,935.9,NA,260,78
2002,1,9,18,-3.5,937.9,NA,240,65
2002,1,9,21,-2.6,940,NA,60,64
2002,1,10,0,-1.7,940,NA,30,44
2002,1,10,3,-0.8,940.3,NA,320,39
2002,1,10,6,0.5,941,NA,250,31
2002,1,10,9,1.1,940.8,3,240,27
2002,1,10,12,0.6,939.1,NA,340,26
2002,1,10,15,2.7,937.8,NA,210,24
2002,1,10,18,1.9,936.4,NA,260,28
2002,1,10,21,2.8,935.7,4,220,26
2002,1,11,0,1.3,935.2,NA,250,36
2002,1,11,3,1.4,935.5,NA,230,36
2002,1,11,6,3.3,935.8,NA,230,36
2002,1,11,9,2.8,936,NA,260,32
2002,1,11,12,2.6,934.8,NA,240,33
2002,1,11,15,4.2,932.3,10,340,25
2002,1,11,18,6.9,931.7,NA,310,19
2002,1,11,21,5.4,930.3,6,240,23
2002,1,12,0,3.3,928,NA,80,29
2002,1,12,3,2.2,924.3,NA,80,34
2002,1,12,6,3.7,922,NA,250,24
2002,1,12,9,-1.1,920.4,NA,240,54
2002,1,12,12,NA,920,NA,260,44
2002,1,12,15,NA,920,NA,250,83
2002,1,12,18,-2,921.4,NA,230,70
2002,1,12,21,-1.9,922.2,NA,240,72
2002,1,13,0,-2.6,924.6,NA,210,88
2002,1,13,3,-3.6,926,NA,270,88
2002,1,13,6,0,926.9,NA,190,53
2002,1,13,9,-0.9,927.5,3,20,37
2002,1,13,12,-1.4,928.4,4,260,40
2002,1,13,15,NA,929,1,340,39
2002,1,13,18,-1.5,929.9,2,190,73
2002,1,13,21,NA,931.1,1,90,74
2002,1,14,0,NA,932.5,1,130,79
2002,1,14,3,-3,933.6,3,70,78
2002,1,14,6,-4.2,934.6,3,40,85
2002,1,14,9,-4.9,935.1,4,20,87
2002,1,14,12,-5.4,935.5,3,80,87
2002,1,14,15,NA,935.4,1,250,87
2002,1,14,18,-5.5,935.2,2,40,87
2002,1,14,21,-5.6,934.7,NA,50,87
2002,1,15,0,-5.2,934.4,4,80,87
2002,1,15,3,-4.9,934.2,3,140,88
2002,1,15,6,-5.4,934.1,5,NA,88
2002,1,15,9,-5.4,934.4,NA,NA,87
2002,1,15,12,-5.6,935.2,6,NA,87
2002,1,15,15,-5.7,935.3,NA,0,87
2002,1,15,18,-4.1,935.5,3,160,88
2002,1,15,21,-4.7,935.3,3,240,87
2002,1,16,0,-4.3,934,5,80,86
2002,1,16,3,-3.4,932.3,4,350,87
2002,1,16,6,-1.3,930.7,6,10,52
2002,1,16,9,-0.2,929.9,4,310,40
2002,1,16,12,-0.3,929.7,4,270,36
2002,1,16,15,-0.2,928.5,NA,320,34
2002,1,16,18,-0.7,927.3,NA,10,40
2002,1,16,21,-0.1,925.4,NA,20,42
2002,1,17,0,1.1,923.7,NA,20,47
2002,1,17,3,NA,923.4,NA,40,83
2002,1,17,6,NA,923.4,2,90,87
2002,1,17,9,-3.6,924.2,4,240,88
2002,1,17,12,-5.1,925.4,2,130,86
2002,1,17,15,-3.4,925.6,6,260,87
2002,1,17,18,-1,925.6,NA,260,40
2002,1,17,21,-4.4,925.6,3,50,77
2002,1,18,0,-4.4,925.1,4,70,86
2002,1,18,3,-4.1,924.1,2,210,86
2002,1,18,6,-5.3,923.1,6,240,85
2002,1,18,9,-5.1,921.8,NA,230,87
2002,1,18,12,-5.3,920.7,NA,240,87
2002,1,18,15,-5.6,919.2,NA,240,87
2002,1,18,18,-5.5,917.4,NA,250,87
2002,1,18,21,-5.2,916.9,NA,240,87
2002,1,19,0,-5,915.7,NA,250,88
2002,1,19,3,-5.2,915.2,NA,250,87
2002,1,19,6,-5.6,913,NA,250,87
2002,1,19,9,-5.5,912.7,NA,240,87
2002,1,19,12,-6.1,913.1,45,NA,87
2002,1,19,15,-6.4,912.3,46,NA,87
2002,1,19,18,-6.4,914.1,NA,NA,87
2002,1,19,21,-6,914.5,NA,NA,86
2002,1,20,0,-5.7,915.7,NA,240,85
2002,1,20,3,-5.1,916,NA,230,70
2002,1,20,6,-5.3,916.2,NA,240,85
2002,1,20,9,-5.3,916.3,NA,250,84
2002,1,20,12,-5.2,916.5,NA,190,74
2002,1,20,15,-6.4,916.7,NA,240,84
2002,1,20,18,-6.2,916.8,NA,230,86
2002,1,20,21,-5,917.3,NA,230,77
2002,1,21,0,-6,918.5,19,220,85
2002,1,21,3,-6,919.3,NA,230,86
2002,1,21,6,-5.9,919.8,NA,220,87
2002,1,21,9,-6.5,920.5,NA,230,87
2002,1,21,12,-6.3,921.2,NA,230,87
2002,1,21,15,-6.6,921.4,6,200,87
2002,1,21,18,-7.3,922.2,4,210,86
2002,1,21,21,-6.9,922.6,6,240,86
2002,1,22,0,-7,923.4,NA,210,86
2002,1,22,3,-6.8,923.8,8,200,86
2002,1,22,6,-7.1,924,4,190,86
2002,1,22,9,-7.4,924.1,NA,280,86
2002,1,22,12,-7.1,924.1,NA,NA,86
2002,1,22,15,-7.9,923.7,NA,NA,81
2002,1,22,18,NA,923.6,1,310,74
2002,1,22,21,NA,923.6,1,290,71
2002,1,23,0,-5.5,923.4,5,360,69
2002,1,23,3,-5.2,922.9,NA,360,62
2002,1,23,6,-6.5,922.3,NA,360,74
2002,1,23,9,-6.5,922.2,11,20,86
2002,1,23,12,-6,922.2,NA,20,79
2002,1,23,15,-6.2,921.8,NA,50,77
2002,1,23,18,-5.7,921.3,NA,360,76
2002,1,23,21,-6.8,921.4,NA,250,84
2002,1,24,0,-6.5,921.3,6,260,86
2002,1,24,3,-6.8,920.9,NA,250,86
2002,1,24,6,-6.6,920.9,6,230,86
2002,1,24,9,-6.8,921,9,240,86
2002,1,24,12,-6.8,920.9,NA,230,86
2002,1,24,15,-6.9,921,11,220,86
2002,1,24,18,-7.1,920.6,14,230,86
2002,1,24,21,-6.3,921,NA,200,81
2002,1,25,0,-6.2,920.6,NA,280,77
2002,1,25,3,-6.5,920,NA,250,78
2002,1,25,6,-5.4,919.3,NA,0,74
2002,1,25,9,-6.7,918.7,2,50,76
2002,1,25,12,NA,917.9,1,40,78
2002,1,25,15,-7.1,917.1,NA,NA,72
2002,1,25,18,-6.8,917,2,320,72
2002,1,25,21,-6.1,916.8,NA,NA,71
2002,1,26,0,NA,916.6,1,10,82
2002,1,26,3,-5.2,916.1,2,150,72
2002,1,26,6,NA,915.7,1,160,69
2002,1,26,9,NA,915.5,1,360,84
2002,1,26,12,-6.3,915.1,2,260,85
2002,1,26,15,-6.6,914.4,NA,NA,78
2002,1,26,18,-6.3,914.1,4,170,86
2002,1,26,21,-6.2,914.1,2,250,86
2002,1,27,0,-6.2,913.9,5,190,86
2002,1,27,3,-6.5,913.3,NA,210,86
2002,1,27,6,-6.4,913.2,6,190,86
2002,1,27,9,-6.9,913.1,NA,200,86
2002,1,27,12,-7.8,913.5,NA,240,86
2002,1,27,15,-8.1,913.7,NA,240,85
2002,1,27,18,-8.4,914.4,5,240,85
2002,1,27,21,-8.7,914.6,NA,250,85
2002,1,28,0,-8.2,915.1,NA,NA,73
2002,1,28,3,-7.1,916.1,NA,NA,60
2002,1,28,6,-6.9,916.7,NA,NA,61
2002,1,28,9,-6.9,918.3,NA,260,59
2002,1,28,12,-7.5,918.9,NA,240,71
2002,1,28,15,-7.5,920.2,NA,250,82
2002,1,28,18,-7.6,921,NA,270,85
2002,1,28,21,-6.2,921.2,NA,40,74
2002,1,29,0,-5.4,921.3,NA,40,76
2002,1,29,3,-6.4,920.5,11,30,76
2002,1,29,6,-6.3,919.6,10,60,66
2002,1,29,9,-5.7,919.4,NA,350,74
2002,1,29,12,-7.6,919.3,NA,280,81
2002,1,29,15,-7.5,918.5,NA,250,85
2002,1,29,18,-7.7,917.7,NA,210,85
2002,1,29,21,-7.9,916.8,NA,240,85
2002,1,30,0,-7.5,916.6,NA,250,85
2002,1,30,3,-7,916.5,18,250,85
2002,1,30,6,-6.9,917.3,19,250,82
2002,1,30,9,-5.9,918.6,18,240,77
2002,1,30,12,-6.1,920.7,NA,230,70
2002,1,30,15,-6.4,921.4,NA,240,60
2002,1,30,18,-6.9,922.5,11,270,73
2002,1,30,21,-6.6,923.1,NA,280,85
2002,1,31,0,-6.2,923.4,7,260,NA
2002,1,31,3,-5.9,923.5,NA,220,86
2002,1,31,6,-6.3,923.7,10,240,86
2002,1,31,9,-6.4,923.7,NA,240,86
2002,1,31,12,-6.3,924.8,12,230,86
2002,1,31,15,-6.8,925.2,NA,230,86
2002,1,31,18,-6.5,926.1,NA,240,86
2002,1,31,21,-6.6,926.7,NA,270,87
2002,2,1,0,-5.2,927.2,3,50,87
2002,2,1,3,-6.2,926.9,NA,20,86
2002,2,1,6,-6.6,926.9,NA,20,84
2002,2,1,9,-6.7,926.7,11,30,81
2002,2,1,12,-6.3,926.6,NA,360,82
2002,2,1,15,-7,926.4,NA,320,85
2002,2,1,18,-7.1,926.3,NA,350,86
2002,2,1,21,-6.9,926.1,3,80,86
2002,2,2,0,NA,925.8,1,210,86
2002,2,2,3,-6.6,924.5,3,260,86
2002,2,2,6,-7.4,923.8,4,290,86
2002,2,2,9,-7.9,922.4,6,250,81
2002,2,2,12,-9,922,4,280,76
2002,2,2,15,-8.6,920.7,2,330,61
2002,2,2,18,-7.7,919.8,NA,260,55
2002,2,2,21,-8.7,919.1,NA,250,83
2002,2,3,0,-8.2,918.9,NA,250,78
2002,2,3,3,-8.3,918.4,8,270,83
2002,2,3,6,-7.4,918.2,NA,230,83
2002,2,3,9,-7.3,917.7,NA,150,83
2002,2,3,12,-7.2,917.1,NA,130,86
2002,2,3,15,-7.6,916.7,4,130,85
2002,2,3,18,-7.9,916.4,3,270,85
2002,2,3,21,-7.8,916.7,5,250,83
2002,2,4,0,-7.6,917,NA,250,84
2002,2,4,3,-7.5,917.6,NA,250,85
2002,2,4,6,-7.6,918.9,12,230,85
2002,2,4,9,-7.6,920.3,NA,240,85
2002,2,4,12,-7.8,921.2,NA,270,85
2002,2,4,15,-8.8,921.8,4,360,82
2002,2,4,18,-7.2,922.3,6,10,65
2002,2,4,21,-6.1,922.7,2,100,62
2002,2,5,0,-5.4,922.1,2,30,60
2002,2,5,3,-3.9,921,NA,350,43
2002,2,5,6,-5.3,920.7,NA,270,32
2002,2,5,9,-7.7,919.9,NA,250,52
2002,2,5,12,-7.9,918.9,NA,260,70
2002,2,5,15,-7.4,917,NA,260,77
2002,2,5,18,-7.4,915.4,NA,170,84
2002,2,5,21,-7.6,914.1,NA,250,85
2002,2,6,0,-8.1,913.9,NA,220,85
2002,2,6,3,-8.1,913.1,NA,220,85
2002,2,6,6,-8.8,912.8,NA,240,84
2002,2,6,9,-9,912.5,NA,270,75
2002,2,6,12,-8.6,912.3,NA,0,62
2002,2,6,15,-8.2,911.6,NA,20,54
2002,2,6,18,-8.2,911.2,NA,200,51
2002,2,6,21,-6.3,911.3,2,130,53
2002,2,7,0,-6.5,911.5,2,210,41
2002,2,7,3,-6.3,911.2,NA,230,43
2002,2,7,6,-5.4,911.3,NA,240,39
2002,2,7,9,-6.3,911.3,6,240,47
2002,2,7,12,-7.1,911.5,NA,250,52
2002,2,7,15,-6.9,911,5,340,50
2002,2,7,18,-6.5,911.2,3,290,49
2002,2,7,21,-6.5,912,3,260,49
2002,2,8,0,-4.8,913.1,2,260,47
2002,2,8,3,-4.7,914.1,4,250,48
2002,2,8,6,-5.3,915.7,2,290,48
2002,2,8,9,-6.5,916.7,5,270,58
2002,2,8,12,-6.2,917.8,3,310,54
2002,2,8,15,-6.3,918.5,5,10,51
2002,2,8,18,-6.2,919,5,10,53
2002,2,8,21,-5.6,919.7,2,150,68
2002,2,9,0,NA,919.8,1,60,60
2002,2,9,3,-6.2,919.5,NA,40,76
2002,2,9,6,-6.7,918.7,NA,40,83
2002,2,9,9,-6.5,917.6,4,30,77
2002,2,9,12,-7.3,916,3,250,82
2002,2,9,15,-7.2,914.4,NA,240,85
2002,2,9,18,-7.2,912.9,NA,240,85
2002,2,9,21,-6.8,912.1,NA,240,85
2002,2,10,0,-6.8,911.4,17,220,86
2002,2,10,3,-7,911,15,230,86
2002,2,10,6,-6.9,910.1,NA,240,85
2002,2,10,9,-7.1,908.8,NA,240,86
2002,2,10,12,-6.7,908.1,NA,240,83
2002,2,10,15,-6.7,908.1,NA,210,80
2002,2,10,18,-6.9,906.9,NA,240,85
2002,2,10,21,-7.5,906.6,NA,240,85
2002,2,11,0,-7.8,908.3,NA,230,85
2002,2,11,3,-7.6,908.5,NA,230,83
2002,2,11,6,-6.7,909.4,NA,140,80
2002,2,11,9,-7.3,909.3,NA,60,84
2002,2,11,12,-7.9,909.3,NA,30,85
2002,2,11,15,-7.4,908.7,NA,40,85
2002,2,11,18,-8.2,908.7,NA,20,85
2002,2,11,21,-6.5,909,NA,110,77
2002,2,12,0,NA,909.8,NA,50,78
2002,2,12,3,-8.4,910.6,NA,230,84
2002,2,12,6,-8.5,912,NA,250,84
2002,2,12,9,-7.9,912.9,NA,230,NA
2002,2,12,12,-9,914.9,NA,NA,84
2002,2,12,15,-9.2,916.8,NA,NA,84
2002,2,12,18,-9.5,918.9,NA,NA,83
2002,2,12,21,-9.3,920.2,14,NA,83
2002,2,13,0,-9.4,922.4,NA,220,83
2002,2,13,3,-9.1,923.1,10,240,83
2002,2,13,6,-9,924,11,NA,80
2002,2,13,9,-9.1,924.9,13,NA,82
2002,2,13,12,-8.9,926,11,NA,83
2002,2,13,15,-8.8,926.5,NA,270,84
2002,2,13,18,-8.8,926.4,NA,30,84
2002,2,13,21,-8.1,925.8,2,90,83
2002,2,14,0,-9.1,925.5,NA,260,84
2002,2,14,3,-8.8,924.8,NA,240,83
2002,2,14,6,-9.3,926.3,NA,230,84
2002,2,14,9,-9.2,926.5,NA,200,84
2002,2,14,12,-9.8,925.9,NA,360,83
2002,2,14,15,-10.3,925.2,NA,330,71
2002,2,14,18,-9.8,923.9,NA,240,54
2002,2,14,21,-6.9,922.7,NA,330,43
2002,2,15,0,-5,921.5,3,40,28
2002,2,15,3,-7.2,919.5,5,100,65
2002,2,15,6,-7.8,918.1,NA,320,67
2002,2,15,9,-8.7,917.1,NA,30,70
2002,2,15,12,-9.1,916.4,4,130,70
2002,2,15,15,NA,916.4,1,340,66
2002,2,15,18,-9.4,916.4,5,140,74
2002,2,15,21,-10.4,917.4,NA,230,79
2002,2,16,0,-10.6,918.3,NA,230,81
2002,2,16,3,-10.9,920.2,NA,240,77
2002,2,16,6,-11.7,922.2,19,NA,79
2002,2,16,9,-11.8,925.2,NA,NA,76
2002,2,16,12,-12.3,926.5,NA,250,68
2002,2,16,15,-12.1,928.3,NA,260,59
2002,2,16,18,-11.2,928.6,NA,20,63
2002,2,16,21,-10.3,929.2,4,70,73
2002,2,17,0,-10.3,930.6,3,270,70
2002,2,17,3,-10.2,931.3,NA,240,77
2002,2,17,6,-9.8,932.1,5,250,80
2002,2,17,9,-11.2,932.7,NA,250,81
2002,2,17,12,-10.9,932.8,9,250,77
2002,2,17,15,-9.8,931.7,NA,260,59
2002,2,17,18,-8.1,930.9,NA,240,41
2002,2,17,21,-6.3,930.8,NA,250,45
2002,2,18,0,-5.5,930.3,NA,240,40
2002,2,18,3,-5.8,930.4,NA,250,43
2002,2,18,6,-4.9,929.7,NA,260,36
2002,2,18,9,-4.9,928.4,NA,280,34
2002,2,18,12,-4.9,927.1,NA,340,31
2002,2,18,15,-7.8,926.2,NA,200,58
2002,2,18,18,-7.5,925,NA,140,75
2002,2,18,21,-8.2,925,4,130,80
2002,2,19,0,-8.5,924.4,NA,210,84
2002,2,19,3,-8,923.5,2,220,80
2002,2,19,6,-8.4,923,3,260,81
2002,2,19,9,-10,922.8,5,300,65
2002,2,19,12,-10,922.2,6,270,72
2002,2,19,15,-10.3,921.6,NA,270,66
2002,2,19,18,-9.3,921.2,NA,290,63
2002,2,19,21,-8.9,920.7,NA,260,50
2002,2,20,0,-7.7,920.5,3,50,NA
2002,2,20,3,-8.2,919.6,NA,70,71
2002,2,20,6,-8.8,918.7,NA,40,75
2002,2,20,9,-9.4,918.9,NA,360,73
2002,2,20,12,-9.1,919.2,NA,10,73
2002,2,20,15,-10,919.2,NA,270,74
2002,2,20,18,-10.3,920,NA,260,72
2002,2,20,21,-9.1,921.2,NA,240,70
2002,2,21,0,-8.6,922.1,NA,310,70
2002,2,21,3,-8.7,922.4,5,60,73
2002,2,21,6,-8.8,922.5,5,60,77
2002,2,21,9,-8.8,921.7,NA,40,83
2002,2,21,12,-9,920.4,NA,20,64
2002,2,21,15,-9.1,919.4,NA,110,65
2002,2,21,18,-10.3,918.6,NA,250,74
2002,2,21,21,-10.1,917.5,NA,250,82
2002,2,22,0,-10,916.8,12,250,82
2002,2,22,3,-10.7,915.8,NA,240,82
2002,2,22,6,-11.8,914.3,NA,230,81
2002,2,22,9,-12.4,912.9,NA,240,80
2002,2,22,12,-12.3,911.9,34,240,79
2002,2,22,15,-12.1,910,NA,250,77
2002,2,22,18,-12.3,910.4,NA,250,73
2002,2,22,21,-11.8,911.9,NA,250,68
2002,2,23,0,-11.7,912,NA,240,69
2002,2,23,3,-11.6,912.3,NA,230,71
2002,2,23,6,-11.7,912.2,NA,240,79
2002,2,23,9,-12.1,912,12,250,76
2002,2,23,12,-13,911.7,13,250,64
2002,2,23,15,-13.5,911.3,14,260,66
2002,2,23,18,-13.4,911.1,14,250,66
2002,2,23,21,-13,911.6,NA,250,65
2002,2,24,0,-12.1,911.6,NA,250,NA
2002,2,24,3,-12.2,911.7,NA,270,77
2002,2,24,6,-11.9,911.6,NA,200,79
2002,2,24,9,-12,911.2,NA,250,80
2002,2,24,12,-11.6,910.8,NA,280,79
2002,2,24,15,-11.2,910.2,5,250,80
2002,2,24,18,-11.5,909.8,NA,250,80
2002,2,24,21,-11.9,910.1,9,250,80
2002,2,25,0,-12.1,911,NA,240,80
2002,2,25,3,-11.9,911.7,7,260,80
2002,2,25,6,-11.7,912.9,8,180,80
2002,2,25,9,-11.8,914.3,NA,250,80
2002,2,25,12,-11.9,916.1,7,240,80
2002,2,25,15,-12.2,917.9,11,230,80
2002,2,25,18,-12.2,919.9,9,230,80
2002,2,25,21,-12.4,921.6,13,230,80
2002,2,26,0,-13,923.3,NA,240,80
2002,2,26,3,-12.9,924.5,NA,250,79
2002,2,26,6,-12.8,926.1,NA,250,79
2002,2,26,9,-12.9,927.2,NA,230,67
2002,2,26,12,-13,928.5,NA,240,62
2002,2,26,15,-12.6,929.2,NA,260,72
2002,2,26,18,-12.3,928.9,NA,260,79
2002,2,26,21,-12.2,929.5,12,260,80
2002,2,27,0,-12.2,928.9,NA,280,80
2002,2,27,3,-11.9,928,NA,250,80
2002,2,27,6,-11.9,927.8,NA,240,80
2002,2,27,9,-11.4,927.8,9,260,81
2002,2,27,12,-11.8,927.6,9,250,81
2002,2,27,15,-12.4,927.2,NA,240,80
2002,2,27,18,-12.8,927,NA,250,80
2002,2,27,21,-12.9,927.6,18,240,79
2002,2,28,0,-12.7,928.3,NA,230,79
2002,2,28,3,-12.8,928.4,NA,230,80
2002,2,28,6,-12.8,928.4,NA,230,79
2002,2,28,9,-13,928.5,NA,260,79
2002,2,28,12,-12.6,928,NA,90,80
2002,2,28,15,-13.1,926.8,4,280,80
2002,2,28,18,-13.1,926,4,300,80
2002,2,28,21,-12.7,924.8,NA,280,79
2002,3,1,0,-12.2,924,NA,270,80
2002,3,1,3,-11.2,923.6,NA,90,81
2002,3,1,6,-12.5,922.4,NA,250,80
2002,3,1,9,-12.5,922.7,NA,260,77
2002,3,1,12,-12.6,923.2,NA,240,80
2002,3,1,15,-12.8,923.7,NA,240,79
2002,3,1,18,-12.7,924.7,NA,220,80
2002,3,1,21,-13,925.7,NA,230,79
2002,3,2,0,-13.1,926.8,NA,250,79
2002,3,2,3,-13.9,927.8,NA,240,73
2002,3,2,6,-13.5,929,19,250,58
2002,3,2,9,-12.9,930.6,NA,350,51
2002,3,2,12,-13.6,931,NA,30,55
2002,3,2,15,-13.4,930.5,NA,40,71
2002,3,2,18,-13.6,930.1,11,40,74
2002,3,2,21,-11.8,929.8,10,50,69
2002,3,3,0,-11.1,929.4,8,50,77
2002,3,3,3,-8.4,928.9,NA,150,83
2002,3,3,6,-10.2,928.7,NA,250,83
2002,3,3,9,-10.3,928.7,NA,270,81
2002,3,3,12,-11,928.2,NA,260,81
2002,3,3,15,-10.8,926.6,NA,250,82
2002,3,3,18,-10.1,925.6,NA,240,83
2002,3,3,21,-12.6,923.6,NA,NA,80
2002,3,4,0,-12.9,923.7,NA,NA,79
2002,3,4,3,-12.3,925.4,41,NA,79
2002,3,4,6,-12.6,926.1,42,NA,78
2002,3,4,9,-13.1,927.3,NA,250,79
2002,3,4,12,-13.5,928.2,42,240,78
2002,3,4,15,-13.7,929.9,NA,240,73
2002,3,4,18,-13.9,932.2,NA,240,70
2002,3,4,21,-14.1,935.7,NA,230,63
2002,3,5,0,-13.4,937.2,NA,220,65
2002,3,5,3,-12.1,938.3,NA,280,66
2002,3,5,6,-12.7,938.5,NA,280,76
2002,3,5,9,-12.2,937.3,NA,40,64
2002,3,5,12,-11.3,935.1,NA,NA,73
2002,3,5,15,-11.4,932.7,NA,NA,80
2002,3,5,18,-10.9,930.8,11,NA,78
2002,3,5,21,-10.2,928.5,NA,30,69
2002,3,6,0,-9.4,926.1,NA,40,76
2002,3,6,3,-9.7,924.5,NA,40,75
2002,3,6,6,-10.2,923,NA,30,81
2002,3,6,9,-8.8,922.2,NA,30,76
2002,3,6,12,-8.8,921.9,NA,30,75
2002,3,6,15,-10.5,922.8,NA,260,76
2002,3,6,18,-11.1,923.9,NA,250,81
2002,3,6,21,-12.8,924.3,NA,250,79
2002,3,7,0,-13.1,924.6,NA,250,79
2002,3,7,3,-13.5,924.5,19,NA,79
2002,3,7,6,-13.6,924,NA,NA,79
2002,3,7,9,-14,923.4,19,NA,78
2002,3,7,12,-14.3,922.6,16,NA,78
2002,3,7,15,-14.5,921.4,NA,250,78
2002,3,7,18,-14.7,921.1,NA,220,77
2002,3,7,21,-14.8,920.6,11,NA,77
2002,3,8,0,-15.5,920.5,9,NA,77
2002,3,8,3,-15.6,920,12,NA,76
2002,3,8,6,-16.4,918.6,NA,240,76
2002,3,8,9,-17.1,917.7,NA,NA,75
2002,3,8,12,-17.3,915.7,NA,NA,74
2002,3,8,15,-17.4,913.8,NA,NA,74
2002,3,8,18,-16.9,914.6,47,NA,75
2002,3,8,21,-16.5,915.2,47,NA,75
2002,3,9,0,-15.8,917.8,NA,230,70
2002,3,9,3,-15.1,919,NA,240,67
2002,3,9,6,-15.1,919.7,NA,240,66
2002,3,9,9,-15.3,921.6,NA,NA,62
2002,3,9,12,-14.9,922.7,NA,NA,63
2002,3,9,15,-14.7,923,NA,230,68
2002,3,9,18,-14.8,922.3,NA,240,77
2002,3,9,21,-14.2,921.1,NA,90,77
2002,3,10,0,-14.2,920.1,5,230,78
2002,3,10,3,-14.5,918.9,NA,240,78
2002,3,10,6,-15.7,917.8,NA,230,76
2002,3,10,9,-16.1,917.6,NA,220,76
2002,3,10,12,-16.3,917.2,13,230,76
2002,3,10,15,-16.8,917.2,13,210,75
2002,3,10,18,-17,916.9,12,230,75
2002,3,10,21,-17.6,917.2,NA,240,74
2002,3,11,0,-17.6,916.7,NA,230,74
2002,3,11,3,-17.5,916.5,NA,240,74
2002,3,11,6,-17.2,917.4,32,230,74
2002,3,11,9,-16.4,918.7,31,230,74
2002,3,11,12,-15.4,920.4,NA,240,68
2002,3,11,15,-15.2,921.2,32,230,63
2002,3,11,18,-14.1,922.2,29,240,54
2002,3,11,21,-11.9,923.5,NA,250,52
2002,3,12,0,-10.2,925.5,NA,240,52
2002,3,12,3,-8.6,925.1,NA,340,48
2002,3,12,6,-10.2,924.1,NA,340,46
2002,3,12,9,-12.8,923.8,NA,240,79
2002,3,12,12,-14,924,NA,220,78
2002,3,12,15,-14.3,923.6,NA,220,78
2002,3,12,18,-14.3,923.8,NA,200,78
2002,3,12,21,-13.4,922.4,NA,50,78
2002,3,13,0,-12.1,921.3,NA,30,79
2002,3,13,3,-10.7,920.2,NA,330,75
2002,3,13,6,-11.1,920.4,NA,60,61
2002,3,13,9,-11.9,920.8,NA,40,52
2002,3,13,12,-9.7,921.6,NA,20,40
2002,3,13,15,NA,924.6,NA,260,75
2002,3,13,18,-13.5,927.6,NA,230,75
2002,3,13,21,-14.3,930.2,NA,230,66
2002,3,14,0,-14.6,932.9,NA,240,70
2002,3,14,3,-15.1,935,NA,230,76
2002,3,14,6,-16.3,937.5,24,NA,76
2002,3,14,9,-16.7,940.4,25,NA,75
2002,3,14,12,-16.6,942.2,25,NA,71
2002,3,14,15,-16.7,943.4,NA,240,75
2002,3,14,18,-16.6,944.4,NA,220,75
2002,3,14,21,-17.1,944.1,NA,250,75
2002,3,15,0,-15.4,942.1,NA,180,76
2002,3,15,3,-15.9,939.6,NA,70,76
2002,3,15,6,-15.7,937.4,NA,30,76
2002,3,15,9,-13.2,936.1,NA,30,78
2002,3,15,12,-15.3,934.1,NA,30,77
2002,3,15,15,-14.8,931.8,NA,20,77
2002,3,15,18,-15.8,931.3,5,260,76
2002,3,15,21,-17.2,930.5,NA,240,75
2002,3,16,0,-18,927.7,NA,230,74
2002,3,16,3,-18.7,928.7,NA,250,73
2002,3,16,6,-19.2,927.8,NA,230,72
2002,3,16,9,-20,928.5,NA,240,72
2002,3,16,12,-19.9,928.6,NA,250,68
2002,3,16,15,-19.5,928.4,NA,240,70
2002,3,16,18,-19.6,928.9,14,230,71
2002,3,16,21,-20,930.3,14,230,71
2002,3,17,0,-20.3,931.3,15,220,71
2002,3,17,3,-20.1,932.6,16,NA,71
2002,3,17,6,-20.3,933.4,14,NA,71
2002,3,17,9,-20.4,934.1,13,NA,71
2002,3,17,12,-20.2,934.1,11,230,71
2002,3,17,15,-20.2,933.2,9,250,71
2002,3,17,18,-20.4,932.4,7,230,71
2002,3,17,21,-19.5,932,8,250,71
2002,3,18,0,-19.6,931.5,NA,240,72
2002,3,18,3,-19.7,930.8,NA,230,71
2002,3,18,6,-20.1,930,NA,230,71
2002,3,18,9,-21.1,929.6,NA,230,70
2002,3,18,12,-21.7,929,NA,240,69
2002,3,18,15,-22,927.3,NA,230,68
2002,3,18,18,-21.9,928.6,NA,240,68
2002,3,18,21,-22.2,928.9,NA,250,68
2002,3,19,0,-22.5,925,NA,250,68
2002,3,19,3,-22.5,922.1,NA,250,68
2002,3,19,6,-22.4,924.8,NA,240,68
2002,3,19,9,-21.2,922.6,NA,250,69
2002,3,19,12,-20.1,925.4,58,250,69
2002,3,19,15,-20.4,927.4,NA,240,70
2002,3,19,18,-19.4,927.7,NA,240,65
2002,3,19,21,-18.8,927.2,NA,250,63
2002,3,20,0,-18.8,928.1,NA,240,58
2002,3,20,3,-17.5,928.4,NA,NA,46
2002,3,20,6,-15.7,928.5,NA,NA,29
2002,3,20,9,-17.2,929.2,NA,NA,41
2002,3,20,12,-17.8,929.1,NA,280,62
2002,3,20,15,-18.6,928.9,NA,270,64
2002,3,20,18,-18.3,928.8,NA,270,51
2002,3,20,21,-18.4,928.4,NA,40,71
2002,3,21,0,-17.7,928.1,4,30,73
2002,3,21,3,-16.7,927.7,3,20,59
2002,3,21,6,-17,926.7,NA,240,56
2002,3,21,9,-17.2,926,NA,230,56
2002,3,21,12,-17.1,925.6,NA,230,61
2002,3,21,15,-17.1,927,NA,240,45
2002,3,21,18,-17.7,928.8,NA,220,48
2002,3,21,21,-18.8,929.2,NA,240,64
2002,3,22,0,-19,930.1,NA,250,72
2002,3,22,3,-15.5,930.9,NA,300,55
2002,3,22,6,-16.5,931.1,NA,290,36
2002,3,22,9,-15.1,931.6,3,20,29
2002,3,22,12,-14.7,931.8,2,90,24
2002,3,22,15,-14.4,931.7,2,270,24
2002,3,22,18,-13.2,931.5,NA,NA,23
2002,3,22,21,-13.5,931.4,3,20,26
2002,3,23,0,-12.7,930.8,NA,NA,27
2002,3,23,3,-13.4,930.1,NA,NA,27
2002,3,23,6,-13.1,929.9,NA,NA,40
2002,3,23,9,-12.4,929.6,12,30,70
2002,3,23,12,-12.2,928.8,13,10,67
2002,3,23,15,-12.3,928.4,13,20,68
2002,3,23,18,-10.6,928,15,20,75
2002,3,23,21,-9.9,928.2,15,50,80
2002,3,24,0,-9.6,928.4,NA,10,82
2002,3,24,3,-9.6,928.6,NA,50,83
2002,3,24,6,-9.2,929.4,8,0,83
2002,3,24,9,-9.7,930.1,NA,280,81
2002,3,24,12,-9.4,930.9,NA,260,78
2002,3,24,15,-9.6,931.5,NA,270,82
2002,3,24,18,-11.3,931.8,NA,270,81
2002,3,24,21,-9.9,932.3,NA,250,73
2002,3,25,0,-11.2,932.2,NA,240,79
2002,3,25,3,-11.4,931.1,NA,260,81
2002,3,25,6,-11.7,930.4,NA,230,81
2002,3,25,9,-12.4,928.6,NA,250,80
2002,3,25,12,-14.4,928.4,NA,NA,78
2002,3,25,15,-14.7,925.8,NA,NA,77
2002,3,25,18,-14.9,931.1,NA,NA,77
2002,3,25,21,-14.7,935.1,NA,240,75
2002,3,26,0,-15,936.3,NA,240,75
2002,3,26,3,-14.4,936.8,NA,200,66
2002,3,26,6,-13.9,935.8,NA,240,66
2002,3,26,9,-13.8,937.3,NA,230,54
2002,3,26,12,-14.7,936.8,NA,230,57
2002,3,26,15,-14.1,937.7,NA,220,54
2002,3,26,18,-13.5,936.9,NA,230,53
2002,3,26,21,-13.5,936.9,NA,NA,53
2002,3,27,0,-12.2,935.1,NA,NA,56
2002,3,27,3,-13.1,935.7,NA,NA,59
2002,3,27,6,-13.3,936.3,NA,240,57
2002,3,27,9,-13.1,935.6,33,240,49
2002,3,27,12,-12.6,933.8,NA,230,64
2002,3,27,15,-12.8,933,37,NA,66
2002,3,27,18,-13,931.9,NA,NA,67
2002,3,27,21,-13.4,933.3,41,NA,77
2002,3,28,0,-13,933.7,38,NA,75
2002,3,28,3,-12.8,933.1,39,NA,78
2002,3,28,6,-12.9,934.5,NA,NA,79
2002,3,28,9,-12.8,935.2,NA,NA,78
2002,3,28,12,-12.2,935.3,NA,240,78
2002,3,28,15,-13.2,934.5,NA,220,79
2002,3,28,18,-13.6,933.3,22,230,79
2002,3,28,21,-13.5,932.7,NA,230,78
2002,3,29,0,-13.5,931.4,NA,250,79
2002,3,29,3,-13.4,929.4,NA,250,79
2002,3,29,6,-14,928.7,NA,150,78
2002,3,29,9,-12.6,926.7,NA,30,34
2002,3,29,12,-13,926.4,NA,250,29
2002,3,29,15,-15.8,925.4,NA,230,72
2002,3,29,18,-16.7,924.6,NA,250,69
2002,3,29,21,-17.4,927.1,NA,260,74
2002,3,30,0,-17.4,930.1,NA,190,74
2002,3,30,3,-18.5,931.4,NA,190,73
2002,3,30,6,-19.5,932,16,240,72
2002,3,30,9,-19.5,933.3,NA,190,71
2002,3,30,12,-20.3,934,NA,250,71
2002,3,30,15,-20.2,934.4,NA,210,71
2002,3,30,18,-20.4,934.5,NA,0,70
2002,3,30,21,-21,934.5,NA,230,70
2002,3,31,0,-21.4,934.5,NA,260,69
2002,3,31,3,-21.5,934.2,9,250,69
2002,3,31,6,-21.2,933.6,5,280,69
2002,3,31,9,-21.2,935,7,270,69
2002,3,31,12,-17.4,935.9,6,360,72
2002,3,31,15,NA,937,6,260,75
2002,3,31,18,-17.3,938.2,2,260,74
2002,3,31,21,-16.7,938.2,NA,20,55
2002,4,1,0,-15.4,938.7,NA,20,41
2002,4,1,3,NA,938,NA,350,29
2002,4,1,6,-12.3,936.8,NA,30,32
2002,4,1,9,-12.8,935,NA,30,31
2002,4,1,12,-12.1,932.4,NA,40,74
2002,4,1,15,-11.6,929.8,NA,40,71
2002,4,1,18,-12.1,926.8,NA,210,69
2002,4,1,21,-9.8,925.3,NA,240,57
2002,4,2,0,NA,922.6,NA,260,60
2002,4,2,3,-12.9,919.3,NA,230,68
2002,4,2,6,-13.9,915.8,NA,230,77
2002,4,2,9,-14.5,915.6,NA,NA,77
2002,4,2,12,-14.9,915.3,38,NA,77
2002,4,2,15,-15.5,915.7,NA,NA,76
2002,4,2,18,-15.9,916.4,NA,240,67
2002,4,2,21,-16.5,917.1,NA,230,60
2002,4,3,0,-16.9,917.8,NA,250,60
2002,4,3,3,-17.9,917.5,NA,240,65
2002,4,3,6,-18.9,917.1,NA,240,69
2002,4,3,9,-19.1,916.6,17,230,61
2002,4,3,12,-19.4,915.7,NA,240,65
2002,4,3,15,-19.7,913.7,NA,220,57
2002,4,3,18,-20.4,911.7,NA,230,64
2002,4,3,21,-20.7,909,NA,NA,67
2002,4,4,0,-21,906.3,NA,NA,67
2002,4,4,3,-21.7,905.4,NA,NA,68
2002,4,4,6,-21.4,905.5,45,NA,68
2002,4,4,9,-21.5,907.4,NA,240,63
2002,4,4,12,-21.2,908.2,42,230,63
2002,4,4,15,-21.4,910.5,NA,240,59
2002,4,4,18,-21.7,912.7,NA,230,59
2002,4,4,21,-22.2,914.9,NA,240,68
2002,4,5,0,-21.9,916.7,NA,250,68
2002,4,5,3,-21.9,918.3,NA,260,68
2002,4,5,6,-22,919.4,NA,240,68
2002,4,5,9,-21.9,920.1,NA,0,68
2002,4,5,12,-21.1,919.3,NA,80,69
2002,4,5,15,-20.9,917.8,3,80,69
2002,4,5,18,-20.5,915.9,NA,60,70
2002,4,5,21,-19.9,914.3,NA,60,71
2002,4,6,0,-19,912.3,NA,60,72
2002,4,6,3,-17.8,910,5,50,73
2002,4,6,6,-18.7,909.3,3,290,72
2002,4,6,9,-15.7,908.7,NA,260,75
2002,4,6,12,-18.6,907.4,NA,250,73
2002,4,6,15,-18.7,907.5,NA,240,72
2002,4,6,18,-19.8,907.7,NA,240,71
2002,4,6,21,-21,908.3,NA,240,69
2002,4,7,0,-22,908.8,NA,NA,68
2002,4,7,3,-22.5,910.6,NA,NA,67
2002,4,7,6,-23.8,912.3,NA,NA,67
2002,4,7,9,-22.8,916,NA,NA,66
2002,4,7,12,-22.2,917.2,47,NA,64
2002,4,7,15,-22.8,920.1,NA,240,64
2002,4,7,18,-22.1,922.4,NA,230,64
2002,4,7,21,-22.4,924.7,NA,240,61
2002,4,8,0,-21.8,925.4,28,NA,59
2002,4,8,3,-21.8,926.3,NA,NA,63
2002,4,8,6,-21.9,925.2,NA,NA,66
2002,4,8,9,-22.1,926.3,NA,NA,67
2002,4,8,12,-22.3,926.5,30,NA,68
2002,4,8,15,-22.8,927,26,NA,67
2002,4,8,18,-23,926.6,NA,240,67
2002,4,8,21,-23.3,927,23,230,66
2002,4,9,0,-23.4,927.4,NA,230,66
2002,4,9,3,-23.5,926.5,NA,240,66
2002,4,9,6,-23.7,927.2,NA,230,66
2002,4,9,9,-24.5,927,16,230,65
2002,4,9,12,-24.5,926.9,14,240,65
2002,4,9,15,-24.8,925.5,NA,250,64
2002,4,9,18,-25.2,923.2,NA,290,64
2002,4,9,21,-24.6,921.6,NA,80,64
2002,4,10,0,-24.1,920.1,1,30,65
2002,4,10,3,-24.4,919,3,320,65
2002,4,10,6,-25,918.3,3,270,64
2002,4,10,9,-24.5,917.1,3,70,65
2002,4,10,12,-23.7,916.2,4,50,66
2002,4,10,15,-22.4,915.2,4,50,67
2002,4,10,18,-20.3,914.2,5,50,69
2002,4,10,21,-19.4,913.6,5,30,71
2002,4,11,0,-18.5,914.3,4,50,72
2002,4,11,3,-17.2,915,5,40,73
2002,4,11,6,-17.5,915.1,6,30,73
2002,4,11,9,-17.5,916.2,4,20,74
2002,4,11,12,-20.4,917,4,270,73
2002,4,11,15,-19.4,916.6,NA,260,71
2002,4,11,18,-21.7,915.5,NA,220,69
2002,4,11,21,-22.5,913.9,NA,230,68
2002,4,12,0,-23.6,914.2,16,230,66
2002,4,12,3,-23.8,915,NA,240,66
2002,4,12,6,-24.2,915.8,NA,240,66
2002,4,12,9,-24.6,915.8,NA,270,65
2002,4,12,12,-24.4,914.8,NA,220,65
2002,4,12,15,-24.8,913.6,3,150,65
2002,4,12,18,-24.7,912.4,2,130,65
2002,4,12,21,-24.7,911.5,1,260,65
2002,4,13,0,NA,909.3,3,280,68
2002,4,13,3,-22.6,907.5,NA,30,69
2002,4,13,6,-23.4,906.6,5,30,67
2002,4,13,9,-21.6,906.1,NA,40,67
2002,4,13,12,-21.4,906.7,NA,50,69
2002,4,13,15,-22.3,907.9,NA,50,68
2002,4,13,18,-21.7,909.8,NA,80,68
2002,4,13,21,-23.7,911.3,1,310,67
2002,4,14,0,-24.5,913.2,4,260,65
2002,4,14,3,-23.9,914.7,3,250,66
2002,4,14,6,-24.2,916.1,3,260,65
2002,4,14,9,-23.6,917.6,NA,NA,66
2002,4,14,12,-23,918.7,NA,NA,66
2002,4,14,15,-21.4,919.4,1,250,69
2002,4,14,18,-20.9,919.8,2,230,69
2002,4,14,21,-21.2,920.3,1,230,69
2002,4,15,0,-20.3,920,3,250,70
2002,4,15,3,-21,918.9,NA,NA,70
2002,4,15,6,-21.4,918,NA,NA,69
2002,4,15,9,-21.2,916.6,3,30,69
2002,4,15,12,-23,915.3,3,40,67
2002,4,15,15,-21.9,914.6,2,80,68
2002,4,15,18,-22.6,914.5,NA,NA,68
2002,4,15,21,-23.3,914.3,4,250,67
2002,4,16,0,-23.8,914.8,3,240,66
2002,4,16,3,-23.6,914.7,2,250,66
2002,4,16,6,-25,914.4,3,280,65
2002,4,16,9,-24.1,914.5,NA,260,65
2002,4,16,12,-24.8,914.6,NA,250,64
2002,4,16,15,-24.4,915,NA,250,65
2002,4,16,18,-25.8,915.4,6,260,63
2002,4,16,21,-25.4,916.6,NA,260,64
2002,4,17,0,-25.1,917.3,NA,240,64
2002,4,17,3,-24.8,918,NA,230,64
2002,4,17,6,-25.4,917.2,NA,NA,64
2002,4,17,9,-25.7,917.9,NA,NA,63
2002,4,17,12,-25.6,917.7,NA,250,63
2002,4,17,15,-25.9,918.7,NA,240,63
2002,4,17,18,-25.3,920.7,NA,NA,63
2002,4,17,21,-24.8,922,NA,NA,64
2002,4,18,0,-24.6,923,NA,NA,64
2002,4,18,3,-23,926.2,56,NA,64
2002,4,18,6,-22.3,928.7,NA,NA,57
2002,4,18,9,-21.6,930.4,NA,NA,47
2002,4,18,12,-20.5,931.8,NA,230,40
2002,4,18,15,-19.1,933.8,NA,240,27
2002,4,18,18,-18.6,934.8,NA,240,26
2002,4,18,21,-17.6,934.1,NA,260,31
2002,4,19,0,-16.4,934.2,NA,320,16
2002,4,19,3,-15.7,933.3,NA,360,14
2002,4,19,6,-15.4,932.5,NA,360,14
2002,4,19,9,-17.6,931.6,NA,250,18
2002,4,19,12,-17.3,930.5,6,250,17
2002,4,19,15,-18.6,929.7,NA,240,20
2002,4,19,18,-19.8,928.5,3,220,37
2002,4,19,21,-19,928.1,NA,0,36
2002,4,20,0,-19.8,928.1,2,50,45
2002,4,20,3,-20.3,928.1,NA,NA,44
2002,4,20,6,-20.5,927.9,1,40,63
2002,4,20,9,-21.6,927.9,2,80,68
2002,4,20,12,-22.4,927.8,1,90,68
2002,4,20,15,-22.6,927.2,1,200,67
2002,4,20,18,-23,927.3,2,100,66
2002,4,20,21,-23.3,927.4,1,200,66
2002,4,21,0,-23,927.9,NA,210,65
2002,4,21,3,-23.7,928,NA,270,NA
2002,4,21,6,-24.3,928.5,NA,260,64
2002,4,21,9,-24.2,928.8,7,240,65
2002,4,21,12,-24.3,928.8,NA,240,64
2002,4,21,15,-24.3,929.1,NA,260,63
2002,4,21,18,-24.1,929,NA,10,63
2002,4,21,21,-24.4,928.9,NA,240,64
2002,4,22,0,-24.2,928.5,4,10,58
2002,4,22,3,-24,927.6,NA,240,51
2002,4,22,6,-23.7,927,NA,240,55
2002,4,22,9,-24.9,926.4,NA,240,61
2002,4,22,12,-25.2,925,NA,230,63
2002,4,22,15,-24.8,924.3,NA,250,61
2002,4,22,18,-24.5,923,NA,250,53
2002,4,22,21,-24.6,921.6,NA,250,53
2002,4,23,0,-24.8,921.7,19,240,52
2002,4,23,3,-23.8,921.4,NA,230,58
2002,4,23,6,-23.9,920.9,NA,240,64
2002,4,23,9,-24.6,920.1,NA,260,64
2002,4,23,12,-24.7,919,12,230,64
2002,4,23,15,-25,917.8,14,230,63
2002,4,23,18,-25.2,916.8,NA,210,63
2002,4,23,21,-24.8,916.8,NA,230,64
2002,4,24,0,-25.2,916.2,NA,NA,63
2002,4,24,3,-25.4,916.4,NA,NA,63
2002,4,24,6,-25.3,916,NA,NA,63
2002,4,24,9,-25.6,915.6,NA,NA,63
2002,4,24,12,-25.9,916.3,40,NA,62
2002,4,24,15,-26.4,918,NA,NA,62
2002,4,24,18,-26.3,918.2,NA,230,62
2002,4,24,21,-27.2,919.3,NA,230,61
2002,4,25,0,-26.9,920.2,NA,240,61
2002,4,25,3,-26.7,919.5,NA,240,61
2002,4,25,6,-27.1,919.6,5,250,61
2002,4,25,9,-28.1,919.6,4,230,60
2002,4,25,12,-28.9,919.7,NA,260,59
2002,4,25,15,-29.5,919.6,NA,220,58
2002,4,25,18,-30.5,919.1,NA,260,57
2002,4,25,21,-30.9,918.8,1,290,56
2002,4,26,0,-30,918.4,1,270,57
2002,4,26,3,-30.1,917.8,NA,NA,57
2002,4,26,6,-29.1,917.1,2,30,58
2002,4,26,9,-27.8,916,2,40,60
2002,4,26,12,-26.9,915,3,260,60
2002,4,26,15,-25.8,914,1,310,62
2002,4,26,18,-25.8,913.6,NA,NA,60
2002,4,26,21,-25.9,913.9,NA,NA,57
2002,4,27,0,-25.4,914.1,NA,NA,56
2002,4,27,3,-25,913.6,3,280,53
2002,4,27,6,-23.6,913.8,1,280,51
2002,4,27,9,-23.5,914.8,NA,250,46
2002,4,27,12,NA,914.1,NA,250,32
2002,4,27,15,-19.6,914.9,NA,250,30
2002,4,27,18,-16.2,913.5,NA,240,49
2002,4,27,21,-16.9,909.3,59,250,71
2002,4,28,0,-14.9,907.5,NA,240,76
2002,4,28,3,-13.7,909.6,NA,240,77
2002,4,28,6,-13.4,909.1,NA,240,76
2002,4,28,9,-13.5,912.7,NA,230,74
2002,4,28,12,-12.5,915.6,58,240,56
2002,4,28,15,-13.3,913.3,NA,250,70
2002,4,28,18,-13.5,916.5,NA,240,53
2002,4,28,21,-14.1,915.8,NA,240,51
2002,4,29,0,-14.6,915.2,NA,230,70
2002,4,29,3,-14.2,915.8,NA,240,67
2002,4,29,6,-13.6,915.2,NA,240,63
2002,4,29,9,-12.2,914,NA,250,50
2002,4,29,12,-13,912.8,NA,250,48
2002,4,29,15,-12.4,914,NA,250,47
2002,4,29,18,-13,912.5,NA,240,58
2002,4,29,21,-11.5,914.8,NA,250,44
2002,4,30,0,-13.9,916.9,NA,230,59
2002,4,30,3,-16.2,916,NA,230,66
2002,4,30,6,-16.5,913.7,NA,230,66
2002,4,30,9,-15.1,914.4,NA,250,55
2002,4,30,12,-14.5,914,NA,240,55
2002,4,30,15,-13.3,911.8,NA,250,54
2002,4,30,18,-12,911.1,30,230,51
2002,4,30,21,-12.5,912.1,NA,230,62
2002,5,1,0,-13.6,912.3,NA,210,NA
2002,5,1,3,-14.2,911.6,NA,240,74
2002,5,1,6,-14.6,911,NA,220,76
2002,5,1,9,-15,912.5,26,200,76
2002,5,1,12,-15.2,912.8,NA,240,75
2002,5,1,15,-15.5,912.6,NA,230,76
2002,5,1,18,-16.4,912.3,NA,230,75
2002,5,1,21,-17.8,912.4,NA,240,73
2002,5,2,0,-18.8,917.2,NA,250,72
2002,5,2,3,-19.7,916.7,NA,250,71
2002,5,2,6,-19.7,918.2,NA,240,71
2002,5,2,9,-19.6,916.9,NA,NA,71
2002,5,2,12,-20.1,920.1,51,NA,70
2002,5,2,15,-20.1,922.5,NA,NA,70
2002,5,2,18,-19.9,920.6,NA,250,71
2002,5,2,21,-20.2,921.2,NA,240,70
2002,5,3,0,-20.3,920.6,NA,240,70
2002,5,3,3,-20.6,922.5,NA,240,70
2002,5,3,6,-21.1,924.6,NA,250,69
2002,5,3,9,-21.5,926.1,NA,250,68
2002,5,3,12,-22.1,925.8,NA,250,68
2002,5,3,15,-21.9,924.7,NA,0,68
2002,5,3,18,-22.4,923.5,NA,NA,67
2002,5,3,21,-22.8,922.8,NA,NA,66
2002,5,4,0,-21.1,921.7,NA,NA,64
2002,5,4,3,-21,919.8,NA,NA,47
2002,5,4,6,-22,918.5,NA,NA,40
2002,5,4,9,-22.5,917.4,NA,NA,37
2002,5,4,12,-21.7,916.7,NA,NA,34
2002,5,4,15,-22,916.2,NA,NA,31
2002,5,4,18,-21.8,916.2,NA,NA,28
2002,5,4,21,-20.6,917,NA,NA,28
2002,5,5,0,-21.2,917.6,NA,NA,24
2002,5,5,3,-20.3,918.3,NA,360,23
2002,5,5,6,-21.1,918.9,NA,10,23
2002,5,5,9,-20.5,919.6,NA,NA,22
2002,5,5,12,-19.3,920.1,NA,360,20
2002,5,5,15,-19.7,920.3,NA,300,20
2002,5,5,18,-19.7,920.2,NA,260,24
2002,5,5,21,-20.4,919.4,NA,250,27
2002,5,6,0,-20,916,NA,240,45
2002,5,6,3,-20.9,912.5,NA,250,66
2002,5,6,6,-20,907.5,NA,NA,67
2002,5,6,9,-18.2,902.4,NA,NA,54
2002,5,6,12,-17.3,895.5,NA,NA,69
2002,5,6,15,-15.8,889,NA,NA,72
2002,5,6,18,-15.2,886.1,NA,240,75
2002,5,6,21,-13.8,885.9,NA,250,76
2002,5,7,0,-12.3,891.7,NA,NA,78
2002,5,7,3,-12,889.7,NA,NA,79
2002,5,7,6,-11.2,893.6,NA,NA,80
2002,5,7,9,-10.8,900,NA,NA,81
2002,5,7,12,-10.5,900.9,56,NA,81
2002,5,7,15,-10.1,904.7,NA,240,82
2002,5,7,18,-9.8,905.2,53,NA,82
2002,5,7,21,-10.2,909.2,51,NA,81
2002,5,8,0,-10.3,912.1,NA,NA,82
2002,5,8,3,-11.7,917.1,NA,230,81
2002,5,8,6,-10.9,917.1,NA,230,81
2002,5,8,9,-10.9,917.8,NA,240,81
2002,5,8,12,-12,917,NA,NA,80
2002,5,8,15,-11.9,919.8,NA,NA,80
2002,5,8,18,-12.5,919.6,NA,NA,80
2002,5,8,21,-12.7,923.6,54,250,79
2002,5,9,0,-12.9,926.7,NA,240,79
2002,5,9,3,-13,927.6,NA,250,79
2002,5,9,6,-12.7,929.4,60,NA,79
2002,5,9,9,-13.4,929.8,NA,NA,79
2002,5,9,12,-13,934.2,NA,NA,79
2002,5,9,15,-12.8,934.9,NA,NA,79
2002,5,9,18,-12.7,934.5,NA,NA,79
2002,5,9,21,-12.2,931.8,NA,230,80
2002,5,10,0,-11.9,933.6,NA,240,80
2002,5,10,3,-12.2,933.9,NA,240,80
2002,5,10,6,-11.4,931.3,NA,240,80
2002,5,10,9,-12.7,932.4,NA,250,78
2002,5,10,12,-11.4,937.3,58,240,78
2002,5,10,15,-11.4,936.3,56,240,55
2002,5,10,18,-12.2,939.9,NA,230,57
2002,5,10,21,-14.4,938.6,NA,240,63
2002,5,11,0,-14.7,936.3,NA,240,70
2002,5,11,3,-15,936.5,NA,220,53
2002,5,11,6,-14.5,935.1,NA,50,43
2002,5,11,9,-14.9,933,NA,190,54
2002,5,11,12,-13.9,930.9,NA,240,44
2002,5,11,15,-12.8,928.5,NA,240,49
2002,5,11,18,-13.8,927.9,NA,240,42
2002,5,11,21,-14.7,927.7,NA,320,43
2002,5,12,0,-13.8,926.4,NA,250,38
2002,5,12,3,-14.3,924.8,NA,230,42
2002,5,12,6,-14.7,923.8,NA,240,49
2002,5,12,9,-18.2,926.5,NA,250,57
2002,5,12,12,-18.5,925.9,NA,250,63
2002,5,12,15,-21.3,926.5,NA,240,66
2002,5,12,18,-21.2,927.2,NA,220,68
2002,5,12,21,-22.2,928.3,NA,250,66
2002,5,13,0,-20.5,929.4,NA,250,55
2002,5,13,3,-22.1,930.3,NA,210,51
2002,5,13,6,-22.5,931.2,NA,250,64
2002,5,13,9,-20.8,932,NA,260,66
2002,5,13,12,-22,932.5,14,260,67
2002,5,13,15,-22.3,932.2,NA,240,67
2002,5,13,18,-22.3,931.8,NA,230,67
2002,5,13,21,-23.9,932,NA,220,66
2002,5,14,0,-25,933,NA,240,64
2002,5,14,3,-25.2,932.2,NA,260,63
2002,5,14,6,-26.7,931,NA,230,62
2002,5,14,9,-27.6,929.6,8,260,61
2002,5,14,12,-27.7,928,NA,70,61
2002,5,14,15,-28.4,925.5,4,50,60
2002,5,14,18,-27.2,923.4,NA,20,61
2002,5,14,21,-26.7,921.4,NA,20,59
2002,5,15,0,-26.5,919.3,13,20,53
2002,5,15,3,-27.1,917.1,NA,10,54
2002,5,15,6,-24.6,914.8,NA,50,63
2002,5,15,9,-25.8,913.3,NA,50,63
2002,5,15,12,-24.7,912.1,NA,10,64
2002,5,15,15,-24.5,911.6,4,30,64
2002,5,15,18,-23.7,911.4,NA,30,65
2002,5,15,21,-23.3,911.8,NA,310,66
2002,5,16,0,-23.6,912.5,7,260,65
2002,5,16,3,-24,913.6,6,230,65
2002,5,16,6,-25.8,915.1,NA,300,64
2002,5,16,9,-26.5,916.6,NA,240,62
2002,5,16,12,-25.2,918.5,NA,240,63
2002,5,16,15,-23.7,920.7,NA,330,65
2002,5,16,18,-22.7,921.7,4,260,67
2002,5,16,21,-21.9,922.6,NA,320,63
2002,5,17,0,-22.5,924,NA,250,58
2002,5,17,3,-22.8,924.9,NA,240,57
2002,5,17,6,-25,926.3,NA,240,63
2002,5,17,9,-21.3,925.5,NA,250,65
2002,5,17,12,-21.6,925.6,NA,240,67
2002,5,17,15,-21.4,927.4,NA,240,67
2002,5,17,18,-21.2,927.9,NA,250,59
2002,5,17,21,-20.7,929.2,NA,250,49
2002,5,18,0,-19.7,928.3,NA,240,41
2002,5,18,3,-20.1,930.2,NA,240,49
2002,5,18,6,-20.4,929.7,NA,100,54
2002,5,18,9,-19.7,928.2,NA,50,40
2002,5,18,12,-20.5,926.7,NA,40,36
2002,5,18,15,-19.9,924.9,6,10,38
2002,5,18,18,-21.9,923,7,30,41
2002,5,18,21,-22.6,922.1,NA,30,47
2002,5,19,0,-21.9,921.7,NA,40,64
2002,5,19,3,-21.2,921,NA,360,68
2002,5,19,6,-21.8,920.6,8,290,67
2002,5,19,9,-23.3,920,NA,250,66
2002,5,19,12,-26.4,919.9,NA,300,64
2002,5,19,15,-26.2,920,NA,270,65
2002,5,19,18,-23.5,919.9,NA,250,64
2002,5,19,21,-23.1,921,NA,240,62
2002,5,20,0,-24.4,921.8,NA,240,59
2002,5,20,3,-24.8,924.1,NA,240,64
2002,5,20,6,-25.4,925.7,NA,230,64
2002,5,20,9,-25.2,927.6,NA,250,63
2002,5,20,12,-22.7,927.5,NA,250,47
2002,5,20,15,-22,928.2,NA,200,35
2002,5,20,18,-20.7,928.1,NA,250,37
2002,5,20,21,-20.8,928,NA,250,39
2002,5,21,0,-19.4,927.3,NA,350,45
2002,5,21,3,-22.2,925.4,NA,40,45
2002,5,21,6,-24.2,923.3,NA,30,45
2002,5,21,9,-24.5,920.8,9,30,62
2002,5,21,12,-23.6,917.6,NA,30,64
2002,5,21,15,-24.8,914.9,NA,40,64
2002,5,21,18,-23.3,913.7,NA,130,64
2002,5,21,21,-23.7,912.4,5,200,65
2002,5,22,0,-25.2,911.5,4,260,63
2002,5,22,3,-25.3,910.5,2,320,63
2002,5,22,6,-24.7,910.3,NA,10,63
2002,5,22,9,-24.4,911.3,NA,40,64
2002,5,22,12,-24.8,912.9,4,270,63
2002,5,22,15,-26.6,914.7,NA,260,61
2002,5,22,18,-26.7,916.1,NA,250,61
2002,5,22,21,-25.8,917.9,NA,NA,62
2002,5,23,0,-25.9,918.7,15,NA,62
2002,5,23,3,-25.9,919.4,NA,NA,62
2002,5,23,6,-24.3,919.7,15,240,64
2002,5,23,9,-24.2,919.8,NA,230,64
2002,5,23,12,-23.1,920,NA,NA,66
2002,5,23,15,-23.5,921.3,NA,NA,65
2002,5,23,18,-24,919.3,NA,NA,65
2002,5,23,21,-24.8,922.5,NA,230,64
2002,5,24,0,-24,925.4,NA,240,64
2002,5,24,3,-25,928.2,NA,240,64
2002,5,24,6,-24.6,931.1,41,230,63
2002,5,24,9,-25.2,934.6,NA,240,62
2002,5,24,12,-25.6,938.4,NA,250,63
2002,5,24,15,-27,940.4,NA,250,62
2002,5,24,18,-29,941.8,NA,250,59
2002,5,24,21,-28.8,943.7,NA,300,59
2002,5,25,0,-29.1,944.2,NA,70,58
2002,5,25,3,-29.7,944.4,3,30,58
2002,5,25,6,-29.2,945.3,5,30,58
2002,5,25,9,-28.3,947,3,40,59
2002,5,25,12,-26.8,948.9,NA,0,61
2002,5,25,15,-30.6,950.4,NA,270,57
2002,5,25,18,-28.8,950.8,NA,240,59
2002,5,25,21,-29.3,951.6,NA,270,59
2002,5,26,0,-26.7,950.8,NA,260,62
2002,5,26,3,-27.1,950,NA,240,61
2002,5,26,6,-26.6,949.7,12,240,62
2002,5,26,9,-25,949.4,13,240,62
2002,5,26,12,-25.2,949.2,NA,250,53
2002,5,26,15,-25.3,945.1,NA,230,62
2002,5,26,18,-24,946.9,NA,230,56
2002,5,26,21,-24.4,946.8,NA,240,63
2002,5,27,0,-25.9,946.2,NA,NA,62
2002,5,27,3,-26.8,948,48,NA,61
2002,5,27,6,-25.8,950.7,NA,NA,58
2002,5,27,9,-28,946.5,NA,NA,60
2002,5,27,12,-26.5,946.9,NA,NA,61
2002,5,27,15,-26.3,947.3,50,NA,62
2002,5,27,18,-26.3,947.4,54,NA,62
2002,5,27,21,-25.7,950,NA,NA,61
2002,5,28,0,-26.1,950,NA,230,61
2002,5,28,3,-25.6,950,NA,NA,62
2002,5,28,6,-25.7,948,NA,NA,62
2002,5,28,9,-25.1,947.1,33,NA,63
2002,5,28,12,-24.1,946.8,33,220,64
2002,5,28,15,-23.5,946.1,34,220,65
2002,5,28,18,-23.3,944.6,NA,230,64
2002,5,28,21,-22.3,942.7,NA,250,66
2002,5,29,0,-21.7,942.4,NA,240,62
2002,5,29,3,-21.1,942.6,NA,NA,67
2002,5,29,6,-20.2,944.3,NA,NA,61
2002,5,29,9,-18.7,941.8,NA,NA,63
2002,5,29,12,-16.9,939.5,NA,NA,66
2002,5,29,15,-17.1,940.1,NA,NA,72
2002,5,29,18,-16.3,940,NA,NA,74
2002,5,29,21,-14.8,944.4,NA,NA,75
2002,5,30,0,-14.2,946,NA,230,69
2002,5,30,3,-14.5,947.2,NA,230,76
2002,5,30,6,-14.3,949.6,NA,240,77
2002,5,30,9,-13.6,950.7,NA,260,77
2002,5,30,12,-12.4,949.6,NA,20,79
2002,5,30,15,-11.3,948.1,NA,20,75
2002,5,30,18,NA,947.3,NA,40,63
2002,5,30,21,-9.3,946.8,NA,360,62
2002,5,31,0,-5.1,946.5,4,230,66
2002,5,31,3,-6,946,4,250,68
2002,5,31,6,-6.4,945.9,3,30,69
2002,5,31,9,-6.9,944.9,NA,40,82
2002,5,31,12,NA,943.4,NA,40,83
2002,5,31,15,-11.4,942.7,9,40,81
2002,5,31,18,-12.4,942.9,7,20,79
2002,5,31,21,-15.5,943.3,NA,270,77
2002,6,1,0,-16,942.8,3,240,75
2002,6,1,3,-17.2,942.2,NA,240,74
2002,6,1,6,-18.2,941,NA,250,71
2002,6,1,9,-16.7,941.1,NA,280,70
2002,6,1,12,-19.7,939.4,NA,240,69
2002,6,1,15,-20.5,939.6,NA,240,67
2002,6,1,18,-21.6,938.5,NA,260,70
2002,6,1,21,-23.3,937.6,18,240,69
2002,6,2,0,-24,937.5,18,250,66
2002,6,2,3,-24.3,938,NA,260,65
2002,6,2,6,-24.7,937.6,NA,NA,65
2002,6,2,9,-25.8,937.1,NA,NA,64
2002,6,2,12,-24.5,936.2,NA,NA,64
2002,6,2,15,-27.7,934.9,2,280,61
2002,6,2,18,-25.2,933.7,2,260,63
2002,6,2,21,-24,932.7,NA,NA,65
2002,6,3,0,-21.5,931.7,1,270,68
2002,6,3,3,-23.3,930.5,NA,NA,67
2002,6,3,6,-23.2,929.4,NA,NA,67
2002,6,3,9,-23.9,928.8,NA,NA,63
2002,6,3,12,-25.9,928.5,1,30,56
2002,6,3,15,-27.7,928.1,NA,NA,58
2002,6,3,18,NA,928.7,2,260,60
2002,6,3,21,-28.6,929.6,NA,250,59
2002,6,4,0,-28.1,930.5,NA,250,60
2002,6,4,3,-26.9,931.9,1,200,62
2002,6,4,6,-30.6,932.5,NA,230,58
2002,6,4,9,-30.8,933.9,NA,250,57
2002,6,4,12,-31.3,935.6,7,250,57
2002,6,4,15,-30.9,937.1,7,240,57
2002,6,4,18,-30.5,938.1,6,220,57
2002,6,4,21,-30.7,939.2,NA,230,57
2002,6,5,0,-31.2,941.1,10,240,57
2002,6,5,3,-31.2,942.4,NA,250,57
2002,6,5,6,-29.2,944.3,8,230,59
2002,6,5,9,-29.1,945.5,NA,230,59
2002,6,5,12,-28.7,947.1,NA,240,60
2002,6,5,15,-27.3,947.9,3,280,60
2002,6,5,18,-24.3,948.3,1,360,44
2002,6,5,21,-24.9,948.5,2,90,41
2002,6,6,0,-24.3,947,NA,30,32
2002,6,6,3,-21.9,946.6,NA,20,24
2002,6,6,6,-20.8,946.3,NA,280,24
2002,6,6,9,-19,946.1,NA,270,21
2002,6,6,12,NA,945.8,NA,260,19
2002,6,6,15,-15.3,945,NA,270,18
2002,6,6,18,-15.2,945,NA,260,20
2002,6,6,21,-14.7,945.8,NA,230,18
2002,6,7,0,-15.6,946.2,NA,30,21
2002,6,7,3,NA,945.3,NA,240,52
2002,6,7,6,NA,947.2,NA,240,42
2002,6,7,9,-21.1,948.3,NA,220,43
2002,6,7,12,-21,947.4,NA,230,42
2002,6,7,15,-20.4,943.5,NA,30,43
2002,6,7,18,NA,939,NA,30,38
2002,6,7,21,NA,934.6,NA,70,36
2002,6,8,0,NA,929.7,NA,260,27
2002,6,8,3,NA,928.2,NA,260,27
2002,6,8,6,NA,929,NA,190,37
2002,6,8,9,NA,926.7,NA,50,44
2002,6,8,12,NA,924.6,NA,350,51
2002,6,8,15,-14,923.8,NA,350,49
2002,6,8,18,-12.3,925.7,NA,330,45
2002,6,8,21,NA,926.4,NA,240,62
2002,6,9,0,NA,925,NA,10,58
2002,6,9,3,-21,925.9,NA,40,66
2002,6,9,6,-21.5,927.6,NA,20,67
2002,6,9,9,-16.6,929.9,NA,40,42
2002,6,9,12,NA,930.4,NA,10,35
2002,6,9,15,NA,928.5,NA,350,23
2002,6,9,18,-13.8,925.2,NA,10,26
2002,6,9,21,NA,925.7,NA,250,27
2002,6,10,0,NA,926.2,NA,360,31
2002,6,10,3,NA,924.8,NA,90,47
2002,6,10,6,NA,925.6,NA,230,60
2002,6,10,9,-22.9,925.6,NA,240,59
2002,6,10,12,-23.9,926.3,NA,230,58
2002,6,10,15,-23.2,928.4,NA,240,55
2002,6,10,18,-24.1,928.9,NA,250,57
2002,6,10,21,-23.9,928.6,NA,10,38
2002,6,11,0,-23.5,929,4,240,36
2002,6,11,3,-24.8,929.6,7,260,41
2002,6,11,6,-25.9,930.8,6,40,43
2002,6,11,9,-26,932.4,NA,50,50
2002,6,11,12,-27.2,933.6,10,50,57
2002,6,11,15,-27.7,935.3,9,10,58
2002,6,11,18,-27.6,937.4,NA,260,56
2002,6,11,21,-30,937.4,NA,240,56
2002,6,12,0,-30.7,937.4,NA,NA,55
2002,6,12,3,-31,940.2,NA,NA,52
2002,6,12,6,-31,941.1,NA,NA,50
2002,6,12,9,-31.8,942.2,NA,NA,53
2002,6,12,12,-29.1,943.8,NA,230,42
2002,6,12,15,-30.2,945,NA,250,52
2002,6,12,18,-29.3,946,2,290,56
2002,6,12,21,-30.4,947,6,260,56
2002,6,13,0,-29.9,948.1,6,270,55
2002,6,13,3,-30.8,947.9,10,260,54
2002,6,13,6,-32.3,949.3,9,260,54
2002,6,13,9,-31.5,949.7,9,230,55
2002,6,13,12,-32.3,950.1,NA,240,53
2002,6,13,15,-32.3,949.3,NA,230,53
2002,6,13,18,-31.8,946.7,NA,NA,54
2002,6,13,21,-31.8,944.6,NA,NA,54
2002,6,14,0,-31.5,943.3,NA,NA,53
2002,6,14,3,-32.3,942.4,NA,NA,54
2002,6,14,6,-31.6,939.8,NA,240,54
2002,6,14,9,-30.9,938.8,NA,240,55
2002,6,14,12,-30.2,935.8,NA,240,56
2002,6,14,15,-30,934,NA,230,55
2002,6,14,18,-31.2,934.1,NA,240,55
2002,6,14,21,-31.5,931,NA,NA,54
2002,6,15,0,-32,931.2,NA,NA,54
2002,6,15,3,-31.2,930.5,NA,NA,54
2002,6,15,6,-31.6,927.3,NA,230,54
2002,6,15,9,-31.3,924,NA,240,55
2002,6,15,12,-28.3,923.9,NA,NA,57
2002,6,15,15,-29.5,920,NA,NA,56
2002,6,15,18,-26.7,921.9,NA,NA,59
2002,6,15,21,-27.3,919.5,NA,NA,60
2002,6,16,0,-24.6,921.9,NA,NA,61
2002,6,16,3,-26.1,920.5,NA,NA,61
2002,6,16,6,-22.5,921,NA,NA,65
2002,6,16,9,-21.4,920.5,NA,NA,66
2002,6,16,12,-21.7,920.5,NA,250,66
2002,6,16,15,-21.2,918.3,NA,250,68
2002,6,16,18,-19.8,919.4,NA,250,67
2002,6,16,21,-18.7,923.3,NA,230,69
2002,6,17,0,-19.5,921.1,NA,250,69
2002,6,17,3,-18.9,919.2,NA,240,61
2002,6,17,6,-20.2,918.5,NA,NA,66
2002,6,17,9,-17.9,913.1,NA,NA,66
2002,6,17,12,-18.6,913.5,NA,250,47
2002,6,17,15,-18.1,912.9,NA,240,40
2002,6,17,18,-16.2,915.2,NA,240,32
2002,6,17,21,-16.6,914.9,NA,230,22
2002,6,18,0,-14.9,915,NA,230,22
2002,6,18,3,-16.8,914.4,NA,240,31
2002,6,18,6,-17.6,914.2,NA,250,37
2002,6,18,9,-18.5,914.7,NA,240,40
2002,6,18,12,-20.6,914,NA,240,43
2002,6,18,15,-21.4,915.4,NA,240,50
2002,6,18,18,-18.7,917.9,NA,250,27
2002,6,18,21,-18,919.4,NA,240,29
2002,6,19,0,NA,916.1,NA,240,NA
2002,6,19,3,-16,918.2,NA,240,70
2002,6,19,6,-13.5,919.4,NA,250,56
2002,6,19,9,-14,920,43,240,64
2002,6,19,12,-13,920.2,NA,250,69
2002,6,19,15,-14.7,922.2,NA,230,72
2002,6,19,18,-17,921.2,NA,240,73
2002,6,19,21,-18.2,922.4,NA,230,72
2002,6,20,0,-18.8,922.4,NA,230,72
2002,6,20,3,-19,922.8,NA,250,71
2002,6,20,6,-18.6,922.6,NA,250,71
2002,6,20,9,-18,922.4,NA,240,69
2002,6,20,12,-16.8,922.1,NA,220,70
2002,6,20,15,-16.6,922.9,NA,210,69
2002,6,20,18,-16.2,921.9,NA,230,71
2002,6,20,21,-17.2,921.4,NA,240,66
2002,6,21,0,-17.1,922.2,NA,60,71
2002,6,21,3,-18.6,920.4,NA,30,72
2002,6,21,6,-20,919.1,NA,50,71
2002,6,21,9,-20.3,917.2,NA,350,70
2002,6,21,12,-21.1,915.6,NA,260,69
2002,6,21,15,-20.6,914.7,3,270,69
2002,6,21,18,-20.8,913.7,3,270,69
2002,6,21,21,-21.9,913.7,NA,260,68
2002,6,22,0,-22.1,914.1,NA,240,67
2002,6,22,3,-22,914.9,8,210,67
2002,6,22,6,-23.5,915.2,11,230,66
2002,6,22,9,-24.2,915.8,10,NA,65
2002,6,22,12,-24.3,916.9,NA,NA,65
2002,6,22,15,-24.3,918,NA,NA,64
2002,6,22,18,-24.8,918.1,NA,NA,64
2002,6,22,21,-25.2,918.4,NA,240,63
2002,6,23,0,-25.4,918.1,35,230,63
2002,6,23,3,-24.5,919.4,NA,230,64
2002,6,23,6,-24.5,918.7,NA,NA,64
2002,6,23,9,-24.2,919,NA,NA,64
2002,6,23,12,-23.8,918.9,40,NA,65
2002,6,23,15,-23.4,919.9,40,NA,66
2002,6,23,18,-23,919.6,NA,230,66
2002,6,23,21,-22.5,918.7,NA,NA,64
2002,6,24,0,-22.1,919,43,NA,65
2002,6,24,3,-21.4,919.7,NA,NA,63
2002,6,24,6,-21.4,921,NA,NA,63
2002,6,24,9,-21.1,921.4,NA,240,66
2002,6,24,12,-20.9,922,NA,240,68
2002,6,24,15,-20.9,922.3,NA,240,68
2002,6,24,18,-21.5,921.9,NA,250,68
2002,6,24,21,-20.7,922.1,NA,330,69
2002,6,25,0,-19.9,922.1,NA,20,70
2002,6,25,3,-19.9,922,NA,320,70
2002,6,25,6,-19.4,922,2,330,71
2002,6,25,9,-18.8,921.9,NA,NA,71
2002,6,25,12,-19,921.8,NA,NA,71
2002,6,25,15,-19.5,921.6,1,210,71
2002,6,25,18,-20.1,921.1,NA,NA,70
2002,6,25,21,-20.8,921.4,1,250,69
2002,6,26,0,-21,921.1,2,250,69
2002,6,26,3,-21.4,921.3,1,260,69
2002,6,26,6,-22.2,921.3,1,250,68
2002,6,26,9,-23.6,921.2,5,250,66
2002,6,26,12,-22.4,921.3,NA,220,67
2002,6,26,15,-23.2,920.4,NA,230,66
2002,6,26,18,-24.9,920.7,NA,230,64
2002,6,26,21,-24.7,923.8,NA,220,64
2002,6,27,0,-25.7,927.9,NA,210,63
2002,6,27,3,-25.6,932.1,NA,190,63
2002,6,27,6,-28.1,934,NA,270,60
2002,6,27,9,-23.4,936.2,NA,340,65
2002,6,27,12,NA,938,NA,60,67
2002,6,27,15,-20.9,938.7,1,90,52
2002,6,27,18,-19.1,937.1,NA,40,32
2002,6,27,21,NA,935.5,NA,350,33
2002,6,28,0,-21.7,933.5,NA,40,65
2002,6,28,3,-20.8,931.4,NA,40,67
2002,6,28,6,-24,929.7,NA,260,66
2002,6,28,9,NA,930.2,NA,260,70
2002,6,28,12,NA,930.6,NA,40,65
2002,6,28,15,-16.9,931.5,NA,100,53
2002,6,28,18,NA,932.3,NA,250,49
2002,6,28,21,NA,933.2,NA,240,59
2002,6,29,0,-22.1,934,NA,240,57
2002,6,29,3,-23.2,934.5,NA,270,56
2002,6,29,6,-23.8,934.1,NA,60,51
2002,6,29,9,-24.2,933.8,NA,110,50
2002,6,29,12,-26.1,932.8,NA,60,61
2002,6,29,15,-26.1,930.6,NA,50,62
2002,6,29,18,-24.7,927.3,NA,30,56
2002,6,29,21,-24,923.5,NA,40,51
2002,6,30,0,-24.4,920.6,15,50,45
2002,6,30,3,-21,917.4,NA,40,41
2002,6,30,6,NA,917.9,NA,270,44
2002,6,30,9,NA,915.6,NA,230,57
2002,6,30,12,-26.8,913.1,NA,240,61
2002,6,30,15,-28.1,911.3,NA,NA,59
2002,6,30,18,-28.6,911.1,NA,NA,58
2002,6,30,21,-28.3,914.5,NA,NA,57
2002,7,1,0,-29.1,917,NA,230,58
2002,7,1,3,-31,918.2,NA,250,56
2002,7,1,6,-30.7,917.8,NA,110,56
2002,7,1,9,-31.5,916.7,NA,0,55
2002,7,1,12,-32.2,915.9,3,80,54
2002,7,1,15,-32.2,915.5,2,80,55
2002,7,1,18,-32.8,914.2,1,30,53
2002,7,1,21,-33.5,913.6,1,360,53
2002,7,2,0,-32.8,913.3,4,20,53
2002,7,2,3,-32.8,913.5,3,60,53
2002,7,2,6,-31.7,913.8,6,40,54
2002,7,2,9,-29.9,914.3,NA,360,53
2002,7,2,12,-29.7,914.1,NA,360,39
2002,7,2,15,-29.6,914.2,NA,30,44
2002,7,2,18,-29.1,914.1,NA,10,41
2002,7,2,21,-29.2,914.8,NA,230,38
2002,7,3,0,-28.7,915.4,NA,10,35
2002,7,3,3,-29.3,915.5,3,270,32
2002,7,3,6,-27.6,915.5,NA,240,33
2002,7,3,9,-27.8,916.1,NA,240,29
2002,7,3,12,-25.9,915.7,NA,250,26
2002,7,3,15,-25.9,916.8,NA,260,32
2002,7,3,18,-26.1,916.7,NA,260,36
2002,7,3,21,-23.2,916.9,NA,20,33
2002,7,4,0,-23,916.1,NA,220,26
2002,7,4,3,-23.4,915.3,3,240,27
2002,7,4,6,-21.2,914.6,NA,250,29
2002,7,4,9,-23.9,916.8,NA,250,29
2002,7,4,12,NA,917.2,NA,240,27
2002,7,4,15,-24.3,915.7,NA,250,47
2002,7,4,18,-24.1,914.2,NA,240,59
2002,7,4,21,-23.2,915.6,NA,240,59
2002,7,5,0,-23.9,918.2,NA,230,64
2002,7,5,3,-24.9,920.6,NA,230,59
2002,7,5,6,-24.8,920.1,NA,230,63
2002,7,5,9,-20.7,918.7,NA,250,31
2002,7,5,12,NA,917.4,NA,240,29
2002,7,5,15,-17.7,912,NA,240,25
2002,7,5,18,-16.3,908.8,NA,250,36
2002,7,5,21,-17.2,910.1,NA,230,32
2002,7,6,0,-19.2,911.3,NA,240,43
2002,7,6,3,-19.9,912.5,NA,240,49
2002,7,6,6,-21,913.5,NA,240,55
2002,7,6,9,-22.6,911.3,NA,360,56
2002,7,6,12,-23.2,907.4,NA,20,65
2002,7,6,15,-24.6,904.9,NA,230,65
2002,7,6,18,-25,903.6,NA,240,63
2002,7,6,21,-25.4,903.6,4,220,63
2002,7,7,0,-25.8,904.2,NA,210,62
2002,7,7,3,-27.4,905.6,NA,230,61
2002,7,7,6,-26.6,908.2,NA,210,61
2002,7,7,9,-27.5,911.3,NA,250,60
2002,7,7,12,-24.2,913.9,NA,360,63
2002,7,7,15,-23.9,916.1,1,40,64
2002,7,7,18,-25.1,918.8,3,270,63
2002,7,7,21,-25.2,921.5,4,240,63
2002,7,8,0,-24.9,924.4,5,250,63
2002,7,8,3,-24.5,927.3,6,260,63
2002,7,8,6,-23.7,929.9,2,20,64
2002,7,8,9,-24.9,931.9,NA,190,63
2002,7,8,12,-25,934,2,230,63
2002,7,8,15,-25.9,935.5,NA,270,61
2002,7,8,18,-26.6,936.2,5,260,60
2002,7,8,21,-26.8,936.3,1,290,61
2002,7,9,0,-26.7,934.8,3,60,60
2002,7,9,3,-26.6,933.4,3,80,61
2002,7,9,6,-27.1,932.3,2,270,60
2002,7,9,9,-26.7,931.7,3,270,61
2002,7,9,12,-26.6,931.4,2,270,61
2002,7,9,15,-28.6,931.4,3,280,59
2002,7,9,18,-29.2,930.9,NA,250,58
2002,7,9,21,-28,932.3,NA,250,59
2002,7,10,0,-30.2,933,NA,250,57
2002,7,10,3,-30.9,934.1,NA,240,56
2002,7,10,6,-31,935.6,13,250,56
2002,7,10,9,-30.9,937.3,NA,250,56
2002,7,10,12,-30.5,939.4,NA,280,56
2002,7,10,15,-30.1,941.2,NA,260,57
2002,7,10,18,-30,942.6,NA,240,57
2002,7,10,21,-29.8,944.5,6,240,57
2002,7,11,0,-29.5,946.1,6,230,57
2002,7,11,3,-28.7,946.9,NA,230,58
2002,7,11,6,-29.2,948.2,NA,270,58
2002,7,11,9,-28.3,949.1,NA,0,59
2002,7,11,12,-29.6,949,1,60,58
2002,7,11,15,-29.2,948.5,3,30,58
2002,7,11,18,-27.7,946.4,NA,20,59
2002,7,11,21,-26.2,944,NA,20,54
2002,7,12,0,-27.5,943.2,NA,40,55
2002,7,12,3,-27.5,941.8,NA,30,59
2002,7,12,6,-26,942,NA,10,61
2002,7,12,9,-25.5,943.7,NA,240,62
2002,7,12,12,-23.9,944.8,2,170,64
2002,7,12,15,-22.4,944.9,3,30,54
2002,7,12,18,-21.6,944.7,NA,350,45
2002,7,12,21,-19.5,943.7,NA,20,38
2002,7,13,0,-21,943.7,NA,40,34
2002,7,13,3,-24,944.1,NA,190,38
2002,7,13,6,NA,946,NA,250,41
2002,7,13,9,NA,946.7,NA,250,52
2002,7,13,12,-27,945.7,NA,240,60
2002,7,13,15,-27.3,948.3,NA,230,59
2002,7,13,18,-27.9,949.4,NA,230,59
2002,7,13,21,-27.4,949.5,26,240,59
2002,7,14,0,-27.1,952,NA,240,60
2002,7,14,3,-26.9,954,NA,240,58
2002,7,14,6,-25.7,954.4,NA,340,49
2002,7,14,9,-27.1,953.1,NA,340,43
2002,7,14,12,-24.5,952.6,NA,350,37
2002,7,14,15,-23.1,950.8,NA,20,36
2002,7,14,18,-22.2,948.4,NA,20,37
2002,7,14,21,NA,946.8,NA,260,28
2002,7,15,0,-22.5,944.3,NA,250,36
2002,7,15,3,-23.4,940.8,NA,260,36
2002,7,15,6,-21.1,937.2,NA,270,28
2002,7,15,9,-20.4,935.9,NA,250,29
2002,7,15,12,-20.3,936.1,NA,230,63
2002,7,15,15,-21.3,931.4,NA,240,62
2002,7,15,18,-22,931.6,NA,230,55
2002,7,15,21,-21.9,934.6,NA,240,39
2002,7,16,0,-18.9,934.2,NA,230,32
2002,7,16,3,-18.9,933.1,NA,240,28
2002,7,16,6,-18,932.1,NA,230,34
2002,7,16,9,-18.6,933.1,NA,230,34
2002,7,16,12,-17.4,932.8,NA,250,28
2002,7,16,15,-16.8,931.2,NA,230,24
2002,7,16,18,-17.2,929.8,NA,10,20
2002,7,16,21,-16.7,928.7,NA,10,27
2002,7,17,0,-15.8,927.9,NA,40,23
2002,7,17,3,-16.2,927.8,NA,50,22
2002,7,17,6,-19,928.2,NA,90,35
2002,7,17,9,-20.6,928.9,NA,210,42
2002,7,17,12,NA,928.3,NA,240,48
2002,7,17,15,NA,930,NA,NA,53
2002,7,17,18,-26.2,930.1,NA,NA,55
2002,7,17,21,-28.4,932.2,NA,NA,54
2002,7,18,0,-29.8,934.2,34,230,48
2002,7,18,3,-29.8,936.5,NA,240,48
2002,7,18,6,-30.4,938.1,NA,230,50
2002,7,18,9,-30.7,939.5,NA,210,52
2002,7,18,12,-31.7,939.8,NA,260,54
2002,7,18,15,-31.6,940,NA,290,54
2002,7,18,18,-31.6,939.5,NA,30,54
2002,7,18,21,-31.8,938.9,NA,30,54
2002,7,19,0,-31,937.8,NA,20,54
2002,7,19,3,-30.9,936.3,NA,10,43
2002,7,19,6,-30.6,935.4,12,30,40
2002,7,19,9,-31.5,934.1,13,20,43
2002,7,19,12,-30.6,932.6,NA,350,38
2002,7,19,15,-31.3,931,11,20,36
2002,7,19,18,-30.9,929.7,NA,310,40
2002,7,19,21,-31.2,928,NA,0,47
2002,7,20,0,-32.1,926.4,NA,350,45
2002,7,20,3,-30.6,924.5,NA,30,45
2002,7,20,6,-32.3,923.2,NA,50,51
2002,7,20,9,-32.9,922.3,NA,30,49
2002,7,20,12,-32.5,921.5,NA,90,52
2002,7,20,15,-32.5,921,2,140,52
2002,7,20,18,-32.2,920.4,2,90,53
2002,7,20,21,-33.5,920.3,NA,260,52
2002,7,21,0,-31.7,919.8,2,260,54
2002,7,21,3,-32.6,918.7,4,250,54
2002,7,21,6,-32.8,918.4,4,260,53
2002,7,21,9,-31,917.5,NA,330,54
2002,7,21,12,-32.5,917.1,5,260,54
2002,7,21,15,-32.9,916.8,NA,220,52
2002,7,21,18,-32.8,915.9,NA,250,53
2002,7,21,21,-31.6,915.6,NA,230,52
2002,7,22,0,-30.6,915.5,NA,210,38
2002,7,22,3,-30.8,916,NA,190,37
2002,7,22,6,-30.9,916.9,NA,240,44
2002,7,22,9,-31.9,918.6,NA,NA,50
2002,7,22,12,-31.1,922.2,NA,NA,52
2002,7,22,15,-31.8,922.5,NA,NA,54
2002,7,22,18,-30.2,923.2,NA,NA,55
2002,7,22,21,-30.4,924.8,NA,250,55
2002,7,23,0,-30.2,925.8,44,250,52
2002,7,23,3,-31,928.7,NA,250,47
2002,7,23,6,-31.5,929.3,NA,230,46
2002,7,23,9,-30.4,927.9,35,240,49
2002,7,23,12,-31.1,927.5,NA,NA,54
2002,7,23,15,-30.7,926.5,NA,NA,55
2002,7,23,18,-31,925.2,28,NA,55
2002,7,23,21,-31.3,924.2,28,240,54
2002,7,24,0,-31.9,922.7,NA,230,54
2002,7,24,3,-30.2,921.7,NA,230,55
2002,7,24,6,-30.3,921.3,NA,220,56
2002,7,24,9,-28.1,919.8,NA,230,58
2002,7,24,12,-28.1,921.2,NA,230,58
2002,7,24,15,-28.1,922.2,NA,NA,58
2002,7,24,18,-26.7,924.9,56,NA,59
2002,7,24,21,-26.8,927.7,NA,NA,59
2002,7,25,0,-27.1,929.9,NA,240,60
2002,7,25,3,-26.9,933.2,NA,240,60
2002,7,25,6,-26.6,935.8,NA,220,60
2002,7,25,9,-27.2,934.9,NA,250,60
2002,7,25,12,-26.4,934.7,NA,240,60
2002,7,25,15,-26.3,933.8,NA,200,61
2002,7,25,18,-26.9,931.8,4,30,60
2002,7,25,21,-27.7,929.9,6,340,59
2002,7,26,0,-28,928.1,NA,10,59
2002,7,26,3,-27.9,930.7,7,250,59
2002,7,26,6,-28.7,932.1,NA,210,58
2002,7,26,9,-28.9,931.4,3,70,58
2002,7,26,12,-28.7,931,NA,30,58
2002,7,26,15,-29.1,932,NA,60,57
2002,7,26,18,-29.6,932.1,1,340,57
2002,7,26,21,-27.7,933,NA,250,59
2002,7,27,0,-26.9,933.5,NA,240,61
2002,7,27,3,-25.1,934.7,NA,110,62
2002,7,27,6,-27.1,934,NA,50,60
2002,7,27,9,-27.4,933.2,NA,10,60
2002,7,27,12,-27.6,932.4,9,20,59
2002,7,27,15,-25.9,931.9,7,360,60
2002,7,27,18,-24.7,931.4,8,40,64
2002,7,27,21,-21.6,930.4,NA,40,40
2002,7,28,0,-23.4,928,NA,10,30
2002,7,28,3,-23,925.1,NA,30,29
2002,7,28,6,-23.5,922.3,NA,10,29
2002,7,28,9,-23.4,920.5,NA,40,26
2002,7,28,12,-22.6,919.1,NA,300,25
2002,7,28,15,-23.3,917.3,5,30,24
2002,7,28,18,-25.1,914.8,NA,30,29
2002,7,28,21,-27.3,913.4,8,50,47
2002,7,29,0,-27.7,910.9,NA,10,53
2002,7,29,3,-26.1,907.4,NA,10,40
2002,7,29,6,NA,904.9,NA,290,24
2002,7,29,9,NA,904.1,NA,260,32
2002,7,29,12,NA,903.5,NA,230,33
2002,7,29,15,-21.5,904.7,NA,230,28
2002,7,29,18,NA,905.3,NA,360,24
2002,7,29,21,-23.6,904.2,NA,20,37
2002,7,30,0,-19.7,904,NA,20,26
2002,7,30,3,-20.4,904.3,NA,20,23
2002,7,30,6,-21.3,905.3,17,10,24
2002,7,30,9,-22.3,906,NA,360,27
2002,7,30,12,-23.1,907.5,NA,150,34
2002,7,30,15,-23.6,908.3,8,160,38
2002,7,30,18,-25.1,909.3,5,230,41
2002,7,30,21,-25,910.5,NA,20,42
2002,7,31,0,-27.5,911.4,NA,270,45
2002,7,31,3,-27.4,912.6,NA,250,51
2002,7,31,6,-29.1,913.4,NA,250,53
2002,7,31,9,-29.8,914,NA,240,55
2002,7,31,12,-30,914.3,NA,230,55
2002,7,31,15,-29.4,914.5,NA,NA,53
2002,7,31,18,-28.5,916.9,NA,NA,46
2002,7,31,21,-28,917.9,NA,NA,49
2002,8,1,0,-27.6,919.5,NA,NA,52
2002,8,1,3,-27.4,921.1,41,NA,49
2002,8,1,6,-27.6,921,37,240,52
2002,8,1,9,-27.5,921.7,NA,230,48
2002,8,1,12,-27.9,922.2,NA,230,48
2002,8,1,15,-28.2,920.7,NA,270,56
2002,8,1,18,-28.3,918.5,NA,350,57
2002,8,1,21,-28.5,916.9,4,230,58
2002,8,2,0,-29,915.6,NA,250,57
2002,8,2,3,-28.9,914.6,NA,240,57
2002,8,2,6,-28.6,914.9,8,260,57
2002,8,2,9,-29.3,915.4,NA,250,57
2002,8,2,12,-30.1,916.2,NA,180,56
2002,8,2,15,-32.1,917.5,2,30,54
2002,8,2,18,-32.4,916,NA,10,52
2002,8,2,21,-32.6,914.2,NA,20,53
2002,8,3,0,-31.8,912.9,NA,20,53
2002,8,3,3,-30.6,911.3,NA,30,55
2002,8,3,6,-31.3,910.8,10,50,49
2002,8,3,9,-32.4,912,NA,270,54
2002,8,3,12,-32.1,912.7,6,220,54
2002,8,3,15,-32.2,913.6,NA,0,53
2002,8,3,18,-30.6,914.5,NA,110,54
2002,8,3,21,-30.3,915.4,4,250,51
2002,8,4,0,-28.9,916,NA,30,43
2002,8,4,3,-29.1,916.3,NA,NA,34
2002,8,4,6,-29,916.1,4,NA,28
2002,8,4,9,-29,916.4,NA,NA,29
2002,8,4,12,-30.9,916.4,4,250,39
2002,8,4,15,-32.5,915.5,NA,240,46
2002,8,4,18,-34.2,914.1,NA,240,49
2002,8,4,21,-33.6,913.7,7,240,51
2002,8,5,0,-33,912.8,NA,220,52
2002,8,5,3,-32.9,911.3,NA,20,52
2002,8,5,6,-33.3,909.8,NA,10,52
2002,8,5,9,-31.6,908.7,NA,30,51
2002,8,5,12,-30.6,908.5,9,360,43
2002,8,5,15,-32.4,909.4,NA,360,38
2002,8,5,18,-32.6,911.7,NA,20,44
2002,8,5,21,-33.4,913.5,NA,160,51
2002,8,6,0,-33,914.5,5,280,52
2002,8,6,3,-31.1,914.2,4,10,54
2002,8,6,6,-30,914.3,1,20,55
2002,8,6,9,-29.9,913.9,NA,250,56
2002,8,6,12,-32.4,914.3,NA,250,53
2002,8,6,15,NA,915.5,NA,250,52
2002,8,6,18,-30.5,920.3,NA,230,54
2002,8,6,21,-31.2,923.2,NA,270,55
2002,8,7,0,-29,925.8,NA,250,56
2002,8,7,3,-30.7,927.2,NA,240,55
2002,8,7,6,-30.5,928.5,NA,230,56
2002,8,7,9,-31.1,929.7,NA,230,55
2002,8,7,12,-32.3,932.2,NA,250,53
2002,8,7,15,-32.1,933.5,NA,140,53
2002,8,7,18,-33.9,934,NA,260,51
2002,8,7,21,-32.7,934.1,NA,250,53
2002,8,8,0,-33.3,933.4,NA,160,52
2002,8,8,3,-33.5,931.9,NA,260,52
2002,8,8,6,-35.1,930.9,6,250,50
2002,8,8,9,-35.2,930,NA,120,49
2002,8,8,12,-36.7,929,NA,10,49
2002,8,8,15,-37.3,928.8,1,310,48
2002,8,8,18,-37.4,930.3,3,150,47
2002,8,8,21,-37.9,930.9,3,10,47
2002,8,9,0,-35.2,929.6,NA,10,49
2002,8,9,3,-34,927.5,NA,40,47
2002,8,9,6,NA,924.2,NA,30,30
2002,8,9,9,-29.8,920.5,NA,30,19
2002,8,9,12,-32.1,917.7,NA,320,33
2002,8,9,15,-32.8,915,NA,30,31
2002,8,9,18,-35.1,912.8,NA,270,36
2002,8,9,21,-35.1,911.6,NA,260,42
2002,8,10,0,-36.4,910.2,NA,NA,37
2002,8,10,3,-34.2,910.2,NA,NA,45
2002,8,10,6,-37.8,911,NA,NA,35
2002,8,10,9,-36.5,911.1,NA,250,45
2002,8,10,12,-35.8,908.5,NA,240,48
2002,8,10,15,-35.8,907.3,NA,250,49
2002,8,10,18,-36.5,911.7,NA,240,48
2002,8,10,21,-37.2,912.8,NA,240,47
2002,8,11,0,-37.6,912.2,NA,220,47
2002,8,11,3,-37.3,911.4,NA,270,47
2002,8,11,6,-36.8,909.2,NA,180,47
2002,8,11,9,-36.8,907.3,NA,300,43
2002,8,11,12,-36.1,905,NA,0,28
2002,8,11,15,-35.7,903.5,NA,20,29
2002,8,11,18,-36.6,902.9,NA,20,27
2002,8,11,21,-37.3,903.7,NA,20,30
2002,8,12,0,-36.5,904.4,NA,30,41
2002,8,12,3,-36.7,905,16,30,47
2002,8,12,6,-36.6,905.6,NA,40,48
2002,8,12,9,-37.2,905.9,14,30,47
2002,8,12,12,-37.2,905.9,NA,30,47
2002,8,12,15,-37.7,906.3,18,10,46
2002,8,12,18,-37.3,906.7,16,0,36
2002,8,12,21,-37.6,908.8,NA,20,35
2002,8,13,0,-36.3,911.1,NA,10,38
2002,8,13,3,-35.1,914.6,NA,240,32
2002,8,13,6,-33.7,916.9,NA,230,35
2002,8,13,9,-31.6,918.8,NA,230,30
2002,8,13,12,-30.3,920.1,NA,230,30
2002,8,13,15,-30.3,920.8,NA,260,36
2002,8,13,18,-28.7,919.1,NA,30,28
2002,8,13,21,NA,918.7,NA,10,21
2002,8,14,0,NA,922,NA,160,19
2002,8,14,3,-25.9,924.4,NA,230,21
2002,8,14,6,-25.8,926.7,NA,280,37
2002,8,14,9,-24.6,927.5,NA,350,25
2002,8,14,12,-23.4,930.1,NA,40,30
2002,8,14,15,-24.7,931,NA,320,27
2002,8,14,18,-24.4,929.9,NA,260,32
2002,8,14,21,-24.1,928.9,NA,250,28
2002,8,15,0,-23.6,925.8,NA,30,25
2002,8,15,3,-21.4,921.6,NA,10,22
2002,8,15,6,-20.5,916.6,NA,20,21
2002,8,15,9,-16.6,911.9,NA,260,19
2002,8,15,12,-18.4,907.9,NA,250,19
2002,8,15,15,NA,907.5,NA,250,21
2002,8,15,18,NA,907.4,NA,260,34
2002,8,15,21,NA,906.8,NA,240,44
2002,8,16,0,-28.1,906.2,NA,240,52
2002,8,16,3,-28.4,906.1,38,250,51
2002,8,16,6,-31.2,907.6,NA,240,54
2002,8,16,9,-30,908.3,NA,240,54
2002,8,16,12,-31.4,908.3,NA,260,51
2002,8,16,15,-30.6,906.8,NA,250,46
2002,8,16,18,-29.5,905.6,NA,80,46
2002,8,16,21,-29.5,904.2,NA,10,37
2002,8,17,0,-29.9,903.5,NA,20,34
2002,8,17,3,-28.5,904.2,NA,10,36
2002,8,17,6,-27.1,905.8,NA,10,35
2002,8,17,9,-28.3,908.4,NA,310,33
2002,8,17,12,-28.2,911.4,1,210,32
2002,8,17,15,-28.1,912.9,3,220,35
2002,8,17,18,-28.3,913.8,5,250,33
2002,8,17,21,-27.5,914,NA,260,34
2002,8,18,0,-28.5,913.3,NA,NA,50
2002,8,18,3,-28.4,912.1,NA,250,55
2002,8,18,6,-30.2,909.7,NA,250,55
2002,8,18,9,-30.7,907.4,NA,240,54
2002,8,18,12,-28.2,906.7,NA,230,58
2002,8,18,15,-27.2,907.3,NA,240,58
2002,8,18,18,-27.3,906.7,42,250,59
2002,8,18,21,-28,908.1,NA,240,58
2002,8,19,0,-28.3,908.7,NA,NA,58
2002,8,19,3,-28.3,909.3,48,NA,58
2002,8,19,6,-28.5,913.2,NA,NA,57
2002,8,19,9,-29.2,914.5,NA,NA,54
2002,8,19,12,-27.4,914.1,NA,NA,52
2002,8,19,15,-26.7,914.6,NA,NA,51
2002,8,19,18,-28.5,916.8,NA,220,57
2002,8,19,21,-28.6,919.1,NA,250,57
2002,8,20,0,-27.3,919.2,NA,30,54
2002,8,20,3,-25.8,919.4,NA,360,46
2002,8,20,6,-25.9,920,NA,70,49
2002,8,20,9,-26.4,920.5,NA,260,56
2002,8,20,12,-27.1,921.2,NA,270,59
2002,8,20,15,-26.4,922,NA,260,59
2002,8,20,18,-27.8,921.9,NA,250,57
2002,8,20,21,-28.8,917.5,NA,230,57
2002,8,21,0,-29,913.7,NA,240,57
2002,8,21,3,-31.4,911.2,NA,230,54
2002,8,21,6,-30.3,907.9,NA,240,56
2002,8,21,9,-29.8,908.6,NA,240,56
2002,8,21,12,-27.4,912,NA,240,56
2002,8,21,15,-25.2,910.5,NA,250,57
2002,8,21,18,-24.9,913.4,NA,250,59
2002,8,21,21,-21.4,914,NA,260,50
2002,8,22,0,NA,915.1,NA,250,44
2002,8,22,3,-18.1,915.2,NA,240,42
2002,8,22,6,-16.9,915.6,NA,240,36
2002,8,22,9,-18.4,915.8,NA,290,36
2002,8,22,12,-18.5,915.9,NA,280,35
2002,8,22,15,-16.8,915.8,NA,0,32
2002,8,22,18,-18.1,916.3,NA,10,35
2002,8,22,21,-18.5,917.2,NA,280,48
2002,8,23,0,-18.9,917.7,NA,50,34
2002,8,23,3,-18.8,917.9,NA,260,33
2002,8,23,6,-17.4,918.2,2,50,29
2002,8,23,9,-15.6,918.5,NA,270,28
2002,8,23,12,-16.8,918.9,1,260,30
2002,8,23,15,NA,919.2,NA,260,35
2002,8,23,18,-20.6,919.8,NA,60,38
2002,8,23,21,-20.1,920.1,NA,10,37
2002,8,24,0,-21.5,920.3,NA,30,45
2002,8,24,3,-21.7,919.9,NA,20,54
2002,8,24,6,-22,919.4,NA,30,61
2002,8,24,9,-23,918.6,3,160,64
2002,8,24,12,-23.4,917.6,3,10,64
2002,8,24,15,-23.1,915.9,NA,50,64
2002,8,24,18,-24.2,914.6,NA,60,63
2002,8,24,21,-24.2,913.7,NA,80,63
2002,8,25,0,-24.5,913.8,4,260,63
2002,8,25,3,-23.9,914.2,NA,250,63
2002,8,25,6,-24.2,915.1,NA,240,63
2002,8,25,9,-26.9,915.5,NA,230,61
2002,8,25,12,-27.1,916.3,NA,230,60
2002,8,25,15,-27.3,917.1,NA,240,59
2002,8,25,18,-27.3,917.6,NA,250,60
2002,8,25,21,-27.5,917.8,NA,270,59
2002,8,26,0,-27.4,917.6,NA,270,60
2002,8,26,3,-24.9,917,5,250,62
2002,8,26,6,-26.1,917.2,5,240,62
2002,8,26,9,-26,917.3,5,240,61
2002,8,26,12,-26.9,917.3,4,230,60
2002,8,26,15,-27.7,917.3,2,220,59
2002,8,26,18,-28.2,917.2,2,160,58
2002,8,26,21,-28.7,917.7,NA,NA,58
2002,8,27,0,-28.8,918.4,2,240,58
2002,8,27,3,-29.4,919.7,4,220,57
2002,8,27,6,-32.4,920.2,NA,230,55
2002,8,27,9,-33,920.8,NA,260,53
2002,8,27,12,-32.6,920.6,NA,270,53
2002,8,27,15,-32.6,919.7,NA,10,53
2002,8,27,18,-32.7,919.8,NA,70,53
2002,8,27,21,-33.6,919.6,NA,30,52
2002,8,28,0,-32.6,918.2,NA,50,53
2002,8,28,3,-33.4,916.5,NA,30,52
2002,8,28,6,-32.8,914.7,8,70,53
2002,8,28,9,-33.1,913.7,NA,260,52
2002,8,28,12,-33.2,913.2,NA,260,53
2002,8,28,15,-34.3,913.3,NA,260,51
2002,8,28,18,-32.6,913.4,NA,230,53
2002,8,28,21,-32.2,914.1,NA,230,54
2002,8,29,0,-32.4,915.1,NA,230,54
2002,8,29,3,-32.9,916.5,NA,240,53
2002,8,29,6,-33.6,915.6,NA,NA,52
2002,8,29,9,-34.2,916,NA,NA,52
2002,8,29,12,-33,915.9,NA,NA,53
2002,8,29,15,-33,914.4,NA,230,53
2002,8,29,18,-32.8,912.6,NA,NA,52
2002,8,29,21,-30.5,913.4,NA,NA,52
2002,8,30,0,-30,912.6,NA,NA,54
2002,8,30,3,-29.8,904.4,NA,250,57
2002,8,30,6,-30.7,909.2,NA,250,55
2002,8,30,9,-30.1,907.6,NA,230,56
2002,8,30,12,-30.2,909.3,60,240,56
2002,8,30,15,-29.6,912.4,NA,NA,56
2002,8,30,18,-28.5,914.7,NA,NA,58
2002,8,30,21,-29.8,915.8,NA,NA,56
2002,8,31,0,-29.5,916.7,NA,290,56
2002,8,31,3,-29.1,916,NA,40,52
2002,8,31,6,-28.5,916.5,NA,20,42
2002,8,31,9,-26.2,916.6,NA,0,35
2002,8,31,12,-24.2,920.3,NA,0,25
2002,8,31,15,-22.9,923.7,NA,320,23
2002,8,31,18,-25,925.7,NA,240,27
2002,8,31,21,-25.5,925.5,NA,240,55
2002,9,1,0,-26.8,929.8,NA,230,60
2002,9,1,3,-26.4,930.8,NA,240,60
2002,9,1,6,-24.1,930.9,NA,210,54
2002,9,1,9,-22.7,930.3,NA,0,39
2002,9,1,12,-22,930.3,2,270,32
2002,9,1,15,-22.2,929.8,NA,NA,30
2002,9,1,18,-21.8,929.1,NA,NA,29
2002,9,1,21,-22.8,928.3,NA,40,32
2002,9,2,0,-22,927.3,1,20,33
2002,9,2,3,-22,927,1,60,44
2002,9,2,6,-22.4,926.6,3,270,50
2002,9,2,9,-23.7,926,NA,250,60
2002,9,2,12,-22.2,926,NA,240,64
2002,9,2,15,-22,926.1,7,230,65
2002,9,2,18,-21.9,925.5,8,240,64
2002,9,2,21,-21.2,924.9,NA,250,66
2002,9,3,0,NA,923.7,10,250,65
2002,9,3,3,-24.1,922.7,NA,250,64
2002,9,3,6,-22.6,922.7,NA,240,65
2002,9,3,9,-23.4,923.3,NA,NA,64
2002,9,3,12,-24,925.4,28,NA,64
2002,9,3,15,-24,927.1,NA,NA,64
2002,9,3,18,-24.8,927.5,NA,250,63
2002,9,3,21,-24,929.2,NA,250,63
2002,9,4,0,-23.5,929.6,NA,250,64
2002,9,4,3,-23.6,929.8,24,240,64
2002,9,4,6,-23.6,929.7,NA,240,64
2002,9,4,9,-23.9,929.4,26,240,64
2002,9,4,12,-23.6,929.5,NA,250,64
2002,9,4,15,-24.1,928.9,NA,240,64
2002,9,4,18,-24.4,927.9,23,260,63
2002,9,4,21,-24.9,926.3,NA,250,63
2002,9,5,0,-24.8,925.5,26,250,63
2002,9,5,3,-24.7,923.2,NA,230,63
2002,9,5,6,-23.1,921.3,NA,240,64
2002,9,5,9,-23.3,919.2,NA,230,65
2002,9,5,12,-22.5,917.9,NA,230,65
2002,9,5,15,-22.4,917.5,NA,NA,66
2002,9,5,18,-21.8,916,NA,NA,66
2002,9,5,21,-21.7,917.3,NA,NA,67
2002,9,6,0,-22,920.2,NA,NA,66
2002,9,6,3,-21,921.5,NA,240,67
2002,9,6,6,-21.7,921.7,NA,240,67
2002,9,6,9,-22.4,922.7,NA,230,66
2002,9,6,12,-22.4,924.3,NA,240,66
2002,9,6,15,-22.8,926.3,54,240,66
2002,9,6,18,-22,928.3,NA,230,63
2002,9,6,21,-20.6,930,NA,240,63
2002,9,7,0,-20.8,930.8,NA,230,66
2002,9,7,3,-20.1,932.2,NA,230,61
2002,9,7,6,-20.4,934.5,NA,240,64
2002,9,7,9,-21.5,935.1,NA,240,66
2002,9,7,12,-19.8,936.5,NA,240,67
2002,9,7,15,-22.4,937,31,250,66
2002,9,7,18,-22.4,937.8,NA,NA,66
2002,9,7,21,-21.6,938.4,NA,NA,67
2002,9,8,0,-22.4,938.7,NA,NA,65
2002,9,8,3,-22.3,939.2,NA,260,65
2002,9,8,6,-22.6,939.3,NA,250,66
2002,9,8,9,-24.1,938.9,NA,270,65
2002,9,8,12,-22.6,937.9,NA,220,66
2002,9,8,15,-21.7,936.3,NA,190,67
2002,9,8,18,-22,934.8,2,90,67
2002,9,8,21,-22.7,933.1,3,70,66
2002,9,9,0,-22.7,931.1,5,20,66
2002,9,9,3,-21.8,929.5,NA,40,67
2002,9,9,6,-23.5,928.9,7,30,66
2002,9,9,9,-23.9,928.4,6,240,65
2002,9,9,12,-23.9,928.1,5,280,65
2002,9,9,15,-21.5,927.8,4,260,65
2002,9,9,18,-21.6,927.3,1,200,67
2002,9,9,21,-22.6,927.7,3,200,66
2002,9,10,0,-21.6,927,NA,240,64
2002,9,10,3,-25.2,926.7,NA,240,52
2002,9,10,6,-24.4,927,NA,230,42
2002,9,10,9,-24.1,926.7,NA,250,39
2002,9,10,12,-23.4,925.8,NA,NA,34
2002,9,10,15,-23.4,925.4,NA,NA,36
2002,9,10,18,-24,925.2,NA,NA,30
2002,9,10,21,-27.1,925.8,NA,240,29
2002,9,11,0,-28,925.6,NA,240,42
2002,9,11,3,-28.7,925.9,NA,270,45
2002,9,11,6,-26,925.7,NA,270,32
2002,9,11,9,NA,924.4,NA,250,35
2002,9,11,12,-25.5,923.3,NA,240,30
2002,9,11,15,-25.3,923.1,NA,230,28
2002,9,11,18,-25.1,923.2,NA,220,26
2002,9,11,21,-23.7,922.4,NA,230,23
2002,9,12,0,-22.7,921.5,NA,70,25
2002,9,12,3,-21,920.5,NA,160,22
2002,9,12,6,-20.6,919.7,NA,0,21
2002,9,12,9,-20,918.5,NA,270,19
2002,9,12,12,-19.6,917.9,NA,240,18
2002,9,12,15,-18.1,918.1,NA,NA,17
2002,9,12,18,-20.4,916.6,NA,NA,33
2002,9,12,21,-19.2,918.1,NA,NA,62
2002,9,13,0,-18.1,919.5,NA,NA,68
2002,9,13,3,-17.4,920.8,NA,230,70
2002,9,13,6,-15.2,920.2,NA,0,73
2002,9,13,9,-13.3,919.2,NA,290,47
2002,9,13,12,-11.5,918.7,NA,350,37
2002,9,13,15,-11,918.5,NA,330,35
2002,9,13,18,-10.6,918.7,NA,270,31
2002,9,13,21,NA,919.6,NA,250,46
2002,9,14,0,NA,921.3,NA,240,51
2002,9,14,3,-17.1,922.7,NA,230,51
2002,9,14,6,-17.4,923.6,NA,280,46
2002,9,14,9,-16.9,924.1,NA,230,42
2002,9,14,12,-18.1,925.4,NA,240,46
2002,9,14,15,-18.2,926.8,9,250,53
2002,9,14,18,-19.6,927.4,NA,270,51
2002,9,14,21,-19.5,927.7,NA,240,55
2002,9,15,0,-18.6,927.9,NA,250,51
2002,9,15,3,-17.3,927.6,NA,260,48
2002,9,15,6,-18.2,927.3,5,20,53
2002,9,15,9,-18.3,927.6,NA,70,51
2002,9,15,12,-18,927.5,NA,240,51
2002,9,15,15,-20.8,926.5,NA,NA,60
2002,9,15,18,-21.7,923.8,NA,NA,65
2002,9,15,21,-21.9,922.7,NA,NA,66
2002,9,16,0,-21.6,918.3,NA,NA,66
2002,9,16,3,-20.9,918.9,NA,NA,67
2002,9,16,6,-18.9,914.1,NA,250,50
2002,9,16,9,-17.8,910.5,NA,250,36
2002,9,16,12,-16.3,906.4,NA,240,33
2002,9,16,15,-15.6,902.5,NA,240,35
2002,9,16,18,-16,900.3,NA,230,30
2002,9,16,21,-19.5,896.4,NA,240,50
2002,9,17,0,-18.3,895,NA,230,38
2002,9,17,3,-18.9,895.2,NA,240,44
2002,9,17,6,NA,895.9,NA,240,36
2002,9,17,9,-14.3,896.5,21,250,29
2002,9,17,12,-14.9,898.7,NA,240,21
2002,9,17,15,-14.6,900.2,NA,250,19
2002,9,17,18,-13.7,902.4,3,260,19
2002,9,17,21,-13.2,905,6,260,21
2002,9,18,0,-12.4,907.6,NA,320,23
2002,9,18,3,-11.4,910.7,NA,340,24
2002,9,18,6,-12.2,913.8,NA,290,37
2002,9,18,9,-11.7,917.2,NA,290,29
2002,9,18,12,-12,920.4,NA,320,33
2002,9,18,15,-12.5,924.2,6,270,32
2002,9,18,18,-14.1,927.6,NA,250,32
2002,9,18,21,-15.5,930.8,NA,250,55
2002,9,19,0,-15.8,933.3,NA,240,64
2002,9,19,3,-15.4,936,NA,260,67
2002,9,19,6,-16.7,937.2,NA,310,69
2002,9,19,9,-16.2,938.2,NA,40,65
2002,9,19,12,-15.6,938.6,3,70,65
2002,9,19,15,-16.3,937.7,NA,40,67
2002,9,19,18,-17.6,936,NA,60,69
2002,9,19,21,-16.6,934.1,NA,40,71
2002,9,20,0,-15.2,931.7,NA,40,74
2002,9,20,3,-15,930.3,NA,50,75
2002,9,20,6,-16.2,930,NA,260,74
2002,9,20,9,-17.7,928.2,NA,240,73
2002,9,20,12,-17.7,923.2,NA,NA,73
2002,9,20,15,-18.9,922,NA,NA,71
2002,9,20,18,-18.5,920.4,NA,NA,71
2002,9,20,21,-18.7,921.7,52,NA,71
2002,9,21,0,-20.3,922.6,51,240,70
2002,9,21,3,-20.8,920.2,55,NA,69
2002,9,21,6,-21.4,922.9,52,NA,68
2002,9,21,9,-21.5,924.9,NA,NA,67
2002,9,21,12,-21.4,925.4,NA,NA,68
2002,9,21,15,-22.5,924.9,NA,NA,64
2002,9,21,18,-24.2,926,NA,230,65
2002,9,21,21,-24.5,924.6,NA,NA,64
2002,9,22,0,-25,925.3,NA,NA,63
2002,9,22,3,-26.1,920.3,NA,NA,62
2002,9,22,6,-25.4,919.1,NA,230,63
2002,9,22,9,-25.1,920.6,NA,240,63
2002,9,22,12,-25.7,921.9,NA,230,54
2002,9,22,15,-25.6,922.4,NA,230,43
2002,9,22,18,-22.1,918.3,NA,240,38
2002,9,22,21,-22.1,919.1,NA,230,33
2002,9,23,0,-24.4,918.3,NA,240,45
2002,9,23,3,-21.9,919.3,NA,240,39
2002,9,23,6,-22.3,918.8,NA,240,31
2002,9,23,9,-22,918.9,NA,230,28
2002,9,23,12,-19.8,918.7,NA,330,23
2002,9,23,15,-18.2,918,NA,340,19
2002,9,23,18,-18.1,917.4,3,280,14
2002,9,23,21,-18.5,917.3,5,50,17
2002,9,24,0,-17.2,916.7,NA,0,17
2002,9,24,3,-21.4,916.8,NA,40,26
2002,9,24,6,NA,917.2,NA,40,44
2002,9,24,9,-21.8,917.7,NA,40,53
2002,9,24,12,-21.5,917.9,NA,30,36
2002,9,24,15,-22,918,NA,360,31
2002,9,24,18,-22.3,918,16,0,45
2002,9,24,21,-22,918.5,13,40,47
2002,9,25,0,-20.2,919,NA,20,30
2002,9,25,3,-19.3,919.1,NA,0,30
2002,9,25,6,-19.6,920,2,30,27
2002,9,25,9,-19.4,920,NA,20,24
2002,9,25,12,-19.4,919.9,NA,20,26
2002,9,25,15,-19.6,920.5,NA,30,29
2002,9,25,18,-22.2,921.5,NA,30,39
2002,9,25,21,-19.7,923,NA,30,32
2002,9,26,0,-20.9,924.4,NA,230,44
2002,9,26,3,-23.7,926,NA,260,46
2002,9,26,6,-22,927.1,NA,240,41
2002,9,26,9,-24.6,926,NA,240,56
2002,9,26,12,-26.5,925,NA,240,60
2002,9,26,15,-26,923.7,NA,230,61
2002,9,26,18,-26.5,923.4,NA,240,60
2002,9,26,21,-26,922.1,42,NA,60
2002,9,27,0,-26.3,923.1,38,NA,60
2002,9,27,3,-25.2,924,NA,NA,55
2002,9,27,6,-23.4,922.7,NA,240,45
2002,9,27,9,-25.4,923.4,NA,230,47
2002,9,27,12,-25,925.9,NA,240,45
2002,9,27,15,-24.8,925.6,NA,230,54
2002,9,27,18,-24.2,924.7,NA,240,54
2002,9,27,21,-22.6,924.9,34,230,54
2002,9,28,0,-22.3,924.4,NA,210,43
2002,9,28,3,-21.2,922.1,32,230,43
2002,9,28,6,-21.1,919.3,NA,230,46
2002,9,28,9,-20,915.6,NA,240,59
2002,9,28,12,-19.2,914.8,45,NA,64
2002,9,28,15,-18.7,914.1,NA,NA,62
2002,9,28,18,-17.2,912.3,49,NA,60
2002,9,28,21,-17.7,912.8,NA,230,67
2002,9,29,0,-19.4,913,NA,240,69
2002,9,29,3,-19.6,914.2,NA,240,69
2002,9,29,6,-19.3,914.4,NA,NA,70
2002,9,29,9,-19.8,914,NA,NA,69
2002,9,29,12,-19.2,913.7,NA,NA,70
2002,9,29,15,-20.4,915.2,NA,230,67
2002,9,29,18,-20.1,915,NA,230,68
2002,9,29,21,-20.3,914.9,NA,240,69
2002,9,30,0,-19.9,915,NA,NA,69
2002,9,30,3,-20.5,916.2,NA,NA,69
2002,9,30,6,-20.8,916.5,30,NA,68
2002,9,30,9,-19.6,915.6,NA,240,66
2002,9,30,12,-20.2,919.1,NA,250,65
2002,9,30,15,-20.1,919.2,NA,230,44
2002,9,30,18,-20.7,921.1,NA,230,45
2002,9,30,21,-20.7,921.3,NA,240,58
2002,10,1,0,-19.1,922.1,NA,230,54
2002,10,1,3,-18.5,921.6,NA,230,55
2002,10,1,6,-18.8,922.6,NA,220,51
2002,10,1,9,-19.1,923,NA,240,51
2002,10,1,12,-19.2,923.7,NA,NA,49
2002,10,1,15,-18.8,923.4,NA,NA,48
2002,10,1,18,-19.7,923.9,NA,NA,59
2002,10,1,21,-19.6,925.2,NA,250,64
2002,10,2,0,-20.1,925.3,NA,250,66
2002,10,2,3,-19.5,925.4,NA,30,67
2002,10,2,6,-18.3,925.3,NA,250,68
2002,10,2,9,-18.8,924.9,2,0,64
2002,10,2,12,-19.7,924.7,NA,20,62
2002,10,2,15,-20,924.7,NA,20,58
2002,10,2,18,-20.1,925.2,NA,20,66
2002,10,2,21,-19.7,925.8,NA,310,67
2002,10,3,0,-19.9,926.3,NA,250,67
2002,10,3,3,-19.1,926.4,4,260,68
2002,10,3,6,-18.8,926.7,3,240,68
2002,10,3,9,-18.3,927.2,1,290,65
2002,10,3,12,-18.6,927.4,NA,NA,62
2002,10,3,15,-18.3,927.4,NA,20,67
2002,10,3,18,-19.2,927.9,1,200,66
2002,10,3,21,-18.6,928.3,NA,0,67
2002,10,4,0,-18.6,928.9,4,270,67
2002,10,4,3,-17.7,928.8,1,240,64
2002,10,4,6,-19.7,929.2,3,40,66
2002,10,4,9,-21.2,929.5,NA,260,65
2002,10,4,12,-20.6,929,4,270,67
2002,10,4,15,-20.8,928,3,10,67
2002,10,4,18,-20.6,926.4,NA,20,67
2002,10,4,21,-20.3,924.6,NA,50,68
2002,10,5,0,-20.2,922.5,NA,20,68
2002,10,5,3,-20.2,920.6,NA,20,68
2002,10,5,6,-20.1,919.4,NA,60,68
2002,10,5,9,-20.5,919,NA,0,68
2002,10,5,12,-21,919,NA,240,68
2002,10,5,15,-21,918.9,NA,240,68
2002,10,5,18,-21.7,917,NA,230,67
2002,10,5,21,-23,918.1,NA,240,66
2002,10,6,0,-22.9,918.5,NA,230,66
2002,10,6,3,-22,917,NA,230,64
2002,10,6,6,-22.5,913.7,NA,NA,66
2002,10,6,9,-22.9,911,NA,NA,66
2002,10,6,12,-23,908.9,NA,NA,65
2002,10,6,15,-22.7,911.2,NA,NA,66
2002,10,6,18,-22.1,912.7,NA,NA,66
2002,10,6,21,-21.4,917.7,NA,NA,67
2002,10,7,0,-20.2,920.6,NA,240,68
2002,10,7,3,-18.5,926.7,NA,240,69
2002,10,7,6,-18.8,930.9,NA,230,61
2002,10,7,9,-19.1,934.8,NA,230,68
2002,10,7,12,-17.1,935.9,NA,20,62
2002,10,7,15,-18.2,935.8,NA,20,54
2002,10,7,18,-18.1,935.5,NA,10,52
2002,10,7,21,-17.2,936.1,NA,20,63
2002,10,8,0,-16.4,936.6,NA,120,NA
2002,10,8,3,-16.9,937.7,NA,30,68
2002,10,8,6,-16.8,938.9,3,NA,69
2002,10,8,9,-18.1,939.9,NA,270,70
2002,10,8,12,-19.8,941,NA,260,70
2002,10,8,15,-20.6,942.7,9,NA,69
2002,10,8,18,-20.2,944.3,NA,NA,69
2002,10,8,21,-21.6,945.3,NA,NA,68
2002,10,9,0,-20.7,946.5,4,230,68
2002,10,9,3,-22,947.5,NA,250,67
2002,10,9,6,-21.2,948.2,NA,NA,67
2002,10,9,9,-22.8,947.1,5,270,66
2002,10,9,12,-21.7,946.9,NA,230,67
2002,10,9,15,-21.6,945.8,NA,230,67
2002,10,9,18,-22.8,945.5,NA,NA,66
2002,10,9,21,-21.9,945.4,NA,NA,64
2002,10,10,0,-18.1,944.4,NA,250,41
2002,10,10,3,-17.5,942.7,NA,240,37
2002,10,10,6,-16.6,941.7,NA,230,34
2002,10,10,9,-16,937.6,NA,230,36
2002,10,10,12,-14.9,935.7,NA,250,30
2002,10,10,15,-18.7,937.3,NA,230,40
2002,10,10,18,-17.7,939.6,NA,240,41
2002,10,10,21,-16.4,938.7,NA,130,39
2002,10,11,0,-14.8,936.9,NA,40,33
2002,10,11,3,-14.1,934.3,NA,350,35
2002,10,11,6,-11.9,932.2,NA,320,30
2002,10,11,9,-9.8,929.7,NA,10,21
2002,10,11,12,-9.3,926.9,3,310,25
2002,10,11,15,-8,924,NA,0,21
2002,10,11,18,-10.5,920.7,NA,30,25
2002,10,11,21,NA,921.4,NA,280,35
2002,10,12,0,NA,925.3,NA,240,66
2002,10,12,3,-17.8,927.9,NA,240,70
2002,10,12,6,-18.5,929.4,NA,250,71
2002,10,12,9,-19,930.1,NA,250,70
2002,10,12,12,-19.3,930.9,NA,230,70
2002,10,12,15,-20,931,NA,240,70
2002,10,12,18,-20.6,931.1,NA,230,69
2002,10,12,21,-21,931.1,NA,240,65
2002,10,13,0,-21,931.7,NA,NA,64
2002,10,13,3,-21,930.6,NA,NA,62
2002,10,13,6,-21,930.7,NA,NA,57
2002,10,13,9,-20.1,930.2,NA,NA,52
2002,10,13,12,-21.1,931.6,NA,230,66
2002,10,13,15,-20.2,930.2,NA,230,65
2002,10,13,18,-19,928.5,NA,NA,60
2002,10,13,21,-19.1,927,NA,NA,63
2002,10,14,0,-18.7,925.9,NA,NA,61
2002,10,14,3,-19.2,926.2,NA,230,60
2002,10,14,6,-18.9,928,NA,NA,56
2002,10,14,9,-18.5,927.1,NA,NA,56
2002,10,14,12,-18.4,928.7,NA,NA,51
2002,10,14,15,-19.4,929.5,NA,230,50
2002,10,14,18,-20.8,929.5,NA,240,50
2002,10,14,21,-19.9,930.5,NA,230,52
2002,10,15,0,-19.9,931.2,NA,230,50
2002,10,15,3,-20.7,931.3,NA,210,56
2002,10,15,6,-22.8,932.1,NA,260,61
2002,10,15,9,-21.5,932.3,NA,240,47
2002,10,15,12,-22.6,932.4,13,NA,44
2002,10,15,15,-23.1,932.5,12,NA,50
2002,10,15,18,-24,932.4,NA,NA,53
2002,10,15,21,-24.6,933,NA,250,59
2002,10,16,0,-24.3,933.5,NA,270,60
2002,10,16,3,-24.2,933.5,NA,250,56
2002,10,16,6,-23.5,933.9,NA,250,56
2002,10,16,9,-23.9,934.2,NA,270,50
2002,10,16,12,-23.7,934.8,NA,20,51
2002,10,16,15,-23.3,934.8,NA,260,59
2002,10,16,18,-23,935,2,120,64
2002,10,16,21,-22.6,935.1,2,120,65
2002,10,17,0,-21.4,935.1,1,230,66
2002,10,17,3,-21,935,2,270,66
2002,10,17,6,-23.1,934.7,NA,280,66
2002,10,17,9,-21.6,934.5,5,260,66
2002,10,17,12,-21.8,934.4,7,260,67
2002,10,17,15,-22,933.8,NA,270,67
2002,10,17,18,-21.6,933.5,NA,250,67
2002,10,17,21,-22.1,933.4,14,250,67
2002,10,18,0,-22.5,932.6,NA,250,66
2002,10,18,3,-21,933,18,230,67
2002,10,18,6,-21.1,932.3,NA,240,67
2002,10,18,9,-21.5,931.4,NA,NA,67
2002,10,18,12,-21.6,931.1,NA,NA,67
2002,10,18,15,-21.5,930.4,NA,NA,67
2002,10,18,18,-21.8,930.3,33,NA,67
2002,10,18,21,-21.7,930.3,NA,230,67
2002,10,19,0,-21.3,929.3,33,NA,67
2002,10,19,3,-20.2,928.9,31,NA,68
2002,10,19,6,-20.9,927.4,NA,NA,68
2002,10,19,9,-20.5,926,NA,230,67
2002,10,19,12,-20.2,925,NA,NA,61
2002,10,19,15,-20.1,924.4,39,NA,49
2002,10,19,18,-20.1,925.5,NA,NA,48
2002,10,19,21,-19,926.1,NA,NA,45
2002,10,20,0,-19.4,925.8,NA,NA,41
2002,10,20,3,-18.8,925.4,NA,200,39
2002,10,20,6,-19.1,924.3,NA,40,60
2002,10,20,9,-19.3,923.5,NA,70,67
2002,10,20,12,-19.1,922.7,NA,60,67
2002,10,20,15,-18.7,921.8,8,40,67
2002,10,20,18,-18.5,921,NA,60,65
2002,10,20,21,-17,920.1,NA,30,69
2002,10,21,0,-18.4,918.4,NA,250,70
2002,10,21,3,-19.4,916.6,NA,240,70
2002,10,21,6,-18.6,913.8,15,240,70
2002,10,21,9,-18.9,910.1,NA,240,70
2002,10,21,12,-19.2,908.8,NA,250,70
2002,10,21,15,-19.5,909.4,26,250,69
2002,10,21,18,-19.1,912,NA,320,62
2002,10,21,21,-18.4,913.3,NA,100,65
2002,10,22,0,-16.1,913.9,NA,30,65
2002,10,22,3,-15.6,914.3,2,50,50
2002,10,22,6,-16.5,913.7,NA,30,45
2002,10,22,9,-17,912.3,NA,260,41
2002,10,22,12,-16.6,911,NA,250,33
2002,10,22,15,-17.3,907.5,NA,250,37
2002,10,22,18,-15.2,906.6,NA,310,34
2002,10,22,21,-16.2,904.5,NA,250,34
2002,10,23,0,-16.7,903.5,NA,120,37
2002,10,23,3,-16.4,904,NA,100,43
2002,10,23,6,-14.1,905.9,1,20,30
2002,10,23,9,-14.8,909.5,1,300,28
2002,10,23,12,-14.6,912.7,5,20,25
2002,10,23,15,-15.9,915.6,NA,0,29
2002,10,23,18,-18.6,918.2,NA,230,65
2002,10,23,21,-16.2,920.2,1,330,65
2002,10,24,0,-16.3,922.5,1,80,67
2002,10,24,3,-15.6,925.7,3,200,72
2002,10,24,6,-17.2,926.8,NA,250,73
2002,10,24,9,-17.8,926,NA,230,72
2002,10,24,12,-18,924.5,11,240,72
2002,10,24,15,-20.6,924.1,NA,240,70
2002,10,24,18,-20.2,925.9,NA,240,69
2002,10,24,21,-20,927.7,NA,250,69
2002,10,25,0,-17.5,928.6,NA,240,72
2002,10,25,3,-17.6,929,NA,260,73
2002,10,25,6,-17.1,929.9,NA,250,73
2002,10,25,9,-18.4,930.9,NA,230,71
2002,10,25,12,-18.6,933.6,NA,NA,71
2002,10,25,15,-18.3,935.9,NA,NA,72
2002,10,25,18,-18.7,937.6,12,NA,71
2002,10,25,21,-18.3,938.9,14,240,72
2002,10,26,0,-18,939.9,NA,240,72
2002,10,26,3,-18.5,939.9,NA,250,72
2002,10,26,6,-18.1,939.5,21,240,72
2002,10,26,9,-18,937.7,21,240,72
2002,10,26,12,-17.7,935.8,22,230,72
2002,10,26,15,-18.9,933.2,NA,230,71
2002,10,26,18,-18.8,932.5,NA,240,71
2002,10,26,21,-19,932.4,NA,240,71
2002,10,27,0,-19,930.7,NA,240,68
2002,10,27,3,-18.3,931.5,NA,230,66
2002,10,27,6,-18.8,932.3,NA,240,65
2002,10,27,9,-20.5,931.4,NA,240,67
2002,10,27,12,-21.3,931,NA,250,66
2002,10,27,15,-21.4,929.6,NA,250,65
2002,10,27,18,-21.5,928.3,NA,250,67
2002,10,27,21,-20.6,926.7,NA,110,68
2002,10,28,0,-19.9,924.6,3,120,68
2002,10,28,3,-20.4,923.2,6,40,69
2002,10,28,6,-19.8,922.1,3,60,69
2002,10,28,9,-20,921.6,3,70,70
2002,10,28,12,-20.5,921.4,3,230,69
2002,10,28,15,-21.2,921.8,NA,270,68
2002,10,28,18,-21.7,922.5,NA,230,68
2002,10,28,21,-21.5,922.8,NA,230,67
2002,10,29,0,-21.3,924.3,NA,240,67
2002,10,29,3,-21,925,NA,230,68
2002,10,29,6,-21.1,925.5,NA,230,68
2002,10,29,9,-21.5,924.8,NA,250,66
2002,10,29,12,-22,924.7,NA,250,61
2002,10,29,15,-20.4,923.7,NA,240,40
2002,10,29,18,-18.8,922.4,NA,230,39
2002,10,29,21,-18.5,919.7,NA,240,59
2002,10,30,0,-17.9,918.3,NA,250,65
2002,10,30,3,-18.3,919.5,NA,230,59
2002,10,30,6,-15.8,916.4,NA,250,53
2002,10,30,9,-15.4,915,NA,240,65
2002,10,30,12,-15.1,917.2,NA,250,65
2002,10,30,15,-14.4,911.8,NA,250,71
2002,10,30,18,-14.2,913.4,NA,240,72
2002,10,30,21,-11.9,911.6,NA,250,57
2002,10,31,0,-13.7,908.8,NA,230,73
2002,10,31,3,NA,915.5,NA,230,73
2002,10,31,6,-16.7,918,NA,230,60
2002,10,31,9,-15.8,918.4,NA,250,60
2002,10,31,12,-17.2,920.5,NA,220,70
2002,10,31,15,-17.8,922.1,NA,240,72
2002,10,31,18,-18.7,921.3,NA,250,72
2002,10,31,21,-18.8,923.6,NA,NA,71
2002,11,1,0,-18.8,921.4,NA,NA,71
2002,11,1,3,-17.7,921.9,NA,NA,72
2002,11,1,6,-18,923,NA,240,72
2002,11,1,9,-17.2,925.2,NA,250,72
2002,11,1,12,-16.5,926,NA,240,74
2002,11,1,15,-15.2,928.7,NA,250,72
2002,11,1,18,-15,932.9,NA,240,75
2002,11,1,21,-13.3,933.7,NA,250,76
2002,11,2,0,-13,934.3,59,240,77
2002,11,2,3,-10.7,934.8,56,250,74
2002,11,2,6,-11,935.1,56,240,69
2002,11,2,9,-9.6,937.8,NA,NA,67
2002,11,2,12,-9.3,938,NA,NA,77
2002,11,2,15,-10.3,937.7,NA,NA,75
2002,11,2,18,-10.2,937.6,NA,NA,79
2002,11,2,21,-10,937.8,NA,NA,71
2002,11,3,0,-9.3,936.6,NA,NA,73
2002,11,3,3,-7.6,934.8,NA,0,66
2002,11,3,6,-8.8,933.1,NA,50,68
2002,11,3,9,-8.7,931.6,NA,20,60
2002,11,3,12,-10,929.7,NA,360,63
2002,11,3,15,-9.4,928.9,NA,310,63
2002,11,3,18,-9.2,929.3,NA,260,67
2002,11,3,21,-9.6,930.2,NA,230,77
2002,11,4,0,-10.1,930.1,NA,90,81
2002,11,4,3,-11.2,929.4,NA,90,80
2002,11,4,6,-11.2,929.1,NA,110,80
2002,11,4,9,-12.5,928.7,NA,0,79
2002,11,4,12,-13,928.4,NA,230,79
2002,11,4,15,-13.6,927.8,2,200,78
2002,11,4,18,-14.9,927.6,NA,230,77
2002,11,4,21,-15.6,926.8,NA,260,76
2002,11,5,0,-15.7,927.1,NA,260,76
2002,11,5,3,-15,927.1,11,210,76
2002,11,5,6,-16.7,926.9,NA,250,75
2002,11,5,9,-16.6,927.2,NA,220,75
2002,11,5,12,-17,927.2,NA,250,74
2002,11,5,15,-16.8,927.9,NA,260,74
2002,11,5,18,-17.1,928.6,NA,270,74
2002,11,5,21,-17.2,929,NA,270,74
2002,11,6,0,-14.1,929,NA,70,77
2002,11,6,3,-14.1,929,NA,80,77
2002,11,6,6,-14.1,928.8,1,110,77
2002,11,6,9,-14.4,928.5,1,90,77
2002,11,6,12,-14.4,928,3,50,77
2002,11,6,15,-15,927.5,NA,20,76
2002,11,6,18,-14.3,927.2,NA,20,77
2002,11,6,21,-13.8,926.6,NA,240,74
2002,11,7,0,-13.6,926.3,2,240,NA
2002,11,7,3,-13,926.2,5,260,46
2002,11,7,6,-13.3,925.9,1,280,38
2002,11,7,9,-14.4,925.8,5,20,38
2002,11,7,12,-15.8,925.5,NA,NA,42
2002,11,7,15,-15,925,9,NA,37
2002,11,7,18,-15,925.1,6,NA,41
2002,11,7,21,-13.6,925.4,NA,140,45
2002,11,8,0,-14.5,925.7,2,230,49
2002,11,8,3,-13.9,925.8,3,160,41
2002,11,8,6,-16.2,925.3,NA,250,70
2002,11,8,9,-16.6,925.6,NA,260,56
2002,11,8,12,-17.3,925.5,13,250,62
2002,11,8,15,-16.6,925.3,NA,250,47
2002,11,8,18,-15.2,925.3,NA,210,46
2002,11,8,21,-14.9,924.9,NA,230,39
2002,11,9,0,-13.8,924.2,NA,250,36
2002,11,9,3,-13,923.7,NA,200,33
2002,11,9,6,-12.7,922.8,5,240,33
2002,11,9,9,-13,921.5,NA,250,38
2002,11,9,12,-14.1,920.9,NA,250,44
2002,11,9,15,-14.5,920.2,NA,250,42
2002,11,9,18,-13,919.5,13,260,51
2002,11,9,21,-12.2,919.5,10,240,52
2002,11,10,0,-11.5,919.1,NA,260,53
2002,11,10,3,-12.6,919,NA,250,54
2002,11,10,6,-11.9,919.1,NA,240,53
2002,11,10,9,-13.4,920.7,17,240,61
2002,11,10,12,-13.3,921.7,21,240,74
2002,11,10,15,-13,923.1,NA,220,71
2002,11,10,18,-13.5,925.8,NA,260,76
2002,11,10,21,-13.9,927,NA,260,77
2002,11,11,0,-13.9,927.7,NA,240,77
2002,11,11,3,-13.3,928.2,18,250,77
2002,11,11,6,-12.8,928.4,NA,240,78
2002,11,11,9,-13.1,928.7,NA,240,78
2002,11,11,12,-11.4,928.3,NA,260,76
2002,11,11,15,-12.9,926.7,NA,240,NA
2002,11,11,18,-12.7,925.8,NA,250,77
2002,11,11,21,-12.7,925.5,NA,250,78
2002,11,12,0,-12.9,926.4,48,240,77
2002,11,12,3,-13.3,922.1,52,250,78
2002,11,12,6,-13.1,921.9,NA,NA,78
2002,11,12,9,-13.2,921.4,NA,NA,78
2002,11,12,12,-13.1,919.4,NA,NA,78
2002,11,12,15,-13.3,921,59,NA,78
2002,11,12,18,-12.4,918.9,60,NA,76
2002,11,12,21,-11.8,920.4,NA,240,69
2002,11,13,0,-12.8,921.2,NA,NA,75
2002,11,13,3,-11.6,924.3,NA,NA,74
2002,11,13,6,-11.4,926.2,NA,NA,71
2002,11,13,9,-12,927.5,NA,230,74
2002,11,13,12,-13.4,927.8,NA,230,76
2002,11,13,15,-13.3,927.5,NA,240,77
2002,11,13,18,-13.8,927.5,NA,240,78
2002,11,13,21,-13.6,927.4,NA,250,78
2002,11,14,0,-13.3,926.9,NA,220,78
2002,11,14,3,-13.3,926.3,NA,230,78
2002,11,14,6,-13.5,924.8,NA,230,78
2002,11,14,9,-14.1,924,NA,220,77
2002,11,14,12,-13.4,922.4,NA,250,78
2002,11,14,15,-14.2,919.1,NA,240,77
2002,11,14,18,-14.1,917.9,NA,NA,76
2002,11,14,21,-14.6,916.7,NA,NA,76
2002,11,15,0,-14.2,915.7,NA,250,76
2002,11,15,3,-14,916.7,55,240,76
2002,11,15,6,-14.8,916.5,52,240,76
2002,11,15,9,-14.1,919.4,NA,250,76
2002,11,15,12,-15.2,919.4,50,240,75
2002,11,15,15,-13.8,921.2,46,230,67
2002,11,15,18,-13.2,922.9,NA,240,72
2002,11,15,21,-13.2,923.6,NA,230,71
2002,11,16,0,-12.6,924.1,NA,NA,69
2002,11,16,3,-12.4,925.2,NA,NA,75
2002,11,16,6,-13.3,925.9,NA,NA,75
2002,11,16,9,-12,926.9,NA,210,77
2002,11,16,12,-11.7,926.6,NA,230,61
2002,11,16,15,-11.5,926,6,30,51
2002,11,16,18,-11,925.3,NA,0,55
2002,11,16,21,-11,924.6,NA,10,64
2002,11,17,0,-11,923.6,NA,10,65
2002,11,17,3,-10.4,923.2,NA,10,65
2002,11,17,6,-9.7,922.8,NA,360,55
2002,11,17,9,-10.2,923,8,20,73
2002,11,17,12,-10.1,922.4,NA,20,64
2002,11,17,15,-8,921.9,6,40,43
2002,11,17,18,-7.7,921.4,5,70,46
2002,11,17,21,-7.3,921.2,4,60,60
2002,11,18,0,-8.4,920.7,NA,60,69
2002,11,18,3,-8.7,920,3,260,63
2002,11,18,6,-9.7,919.4,NA,250,73
2002,11,18,9,-8.7,918.9,NA,20,58
2002,11,18,12,-8.1,919,NA,30,48
2002,11,18,15,-8.6,919.5,NA,300,56
2002,11,18,18,-7.1,918.6,NA,40,57
2002,11,18,21,-6.8,918.2,NA,270,47
2002,11,19,0,-6.2,917.9,NA,90,62
2002,11,19,3,-7.3,917.5,4,70,81
2002,11,19,6,-7.7,917.6,2,210,83
2002,11,19,9,-8,918.1,5,240,83
2002,11,19,12,-9.7,918.1,NA,220,83
2002,11,19,15,-9.6,917.6,NA,240,82
2002,11,19,18,-10.8,916.4,NA,260,80
2002,11,19,21,-11.6,916.2,8,270,71
2002,11,20,0,-10.3,915.4,NA,150,NA
2002,11,20,3,-10.3,914.3,5,120,79
2002,11,20,6,-11,912.9,2,150,81
2002,11,20,9,-11.7,911.8,6,210,80
2002,11,20,12,-12.8,911,6,220,80
2002,11,20,15,-12.9,909.9,5,230,79
2002,11,20,18,-12.6,909.6,5,230,79
2002,11,20,21,-12,909.9,3,240,80
2002,11,21,0,-10.6,910.2,3,220,80
2002,11,21,3,-9,910.4,2,230,82
2002,11,21,6,-9.2,910.9,3,180,82
2002,11,21,9,-12.1,911.7,NA,270,80
2002,11,21,12,-12.7,912.4,NA,260,79
2002,11,21,15,-12.3,912.9,NA,260,71
2002,11,21,18,-12.5,914.1,NA,250,77
2002,11,21,21,-12.5,915.4,NA,230,75
2002,11,22,0,-11.6,916.2,NA,240,73
2002,11,22,3,-11.8,916.7,NA,NA,73
2002,11,22,6,-12,917.5,11,NA,73
2002,11,22,9,-12.1,918.5,NA,NA,69
2002,11,22,12,-13.4,919.1,NA,270,73
2002,11,22,15,-13.2,919.6,6,250,78
2002,11,22,18,-12.3,920.3,NA,230,78
2002,11,22,21,-11.2,921.2,NA,270,70
2002,11,23,0,-11.4,921.3,4,90,72
2002,11,23,3,-11.2,921.6,3,100,75
2002,11,23,6,-11.2,922,3,90,78
2002,11,23,9,-12.1,922.3,3,270,80
2002,11,23,12,-12.4,922.7,5,240,79
2002,11,23,15,-13.9,923.2,7,250,79
2002,11,23,18,-13.1,923.9,NA,230,79
2002,11,23,21,-12.7,924.5,NA,230,79
2002,11,24,0,-12.9,924.9,NA,240,79
2002,11,24,3,-12.8,925.4,13,250,60
2002,11,24,6,-13.3,925.2,13,240,59
2002,11,24,9,-13.9,924.8,15,230,57
2002,11,24,12,-14.5,924.5,NA,240,56
2002,11,24,15,-14.4,924.4,NA,240,52
2002,11,24,18,-13.8,924.3,10,240,48
2002,11,24,21,-13.8,923.9,NA,220,49
2002,11,25,0,-12.1,923,NA,80,57
2002,11,25,3,-12,922.2,3,100,46
2002,11,25,6,-12,921.3,NA,100,56
2002,11,25,9,-13.3,920.3,5,110,65
2002,11,25,12,-13.7,919.2,NA,100,71
2002,11,25,15,-14.5,917.3,NA,270,76
2002,11,25,18,-14.4,915.8,NA,250,76
2002,11,25,21,-14.4,915,9,230,77
2002,11,26,0,-15,914,9,230,76
2002,11,26,3,-15.2,912.9,7,230,76
2002,11,26,6,-15,911.6,6,240,76
2002,11,26,9,-14.8,910.2,4,210,77
2002,11,26,12,-16.9,908.4,NA,250,75
2002,11,26,15,-16.8,907.2,NA,220,75
2002,11,26,18,-16.9,906.4,NA,250,74
2002,11,26,21,-16.8,906.2,9,250,75
2002,11,27,0,-16.2,906.8,NA,240,75
2002,11,27,3,-15.8,907.8,NA,240,75
2002,11,27,6,-16.3,909.3,14,250,72
2002,11,27,9,-17.1,910.8,NA,240,70
2002,11,27,12,-15.7,911.7,NA,240,73
2002,11,27,15,-15.5,912,NA,100,75
2002,11,27,18,-15.7,912.3,NA,150,75
2002,11,27,21,-15.9,912.6,NA,250,75
2002,11,28,0,-16.1,913,NA,240,75
2002,11,28,3,-15.6,913.3,NA,230,76
2002,11,28,6,-15.2,914.1,NA,230,76
2002,11,28,9,-15.3,915.5,NA,240,76
2002,11,28,12,-15.3,916.7,NA,240,75
2002,11,28,15,-15,918,NA,250,70
2002,11,28,18,-15,918,NA,NA,73
2002,11,28,21,-14.8,918.7,NA,NA,72
2002,11,29,0,-14.6,921.5,NA,NA,69
2002,11,29,3,-14.2,922.5,NA,240,67
2002,11,29,6,-14.4,924.6,NA,250,67
2002,11,29,9,-14.1,924.8,NA,260,54
2002,11,29,12,-14.4,924.7,NA,260,52
2002,11,29,15,-14.6,924.1,NA,290,55
2002,11,29,18,-14.4,923.1,4,350,57
2002,11,29,21,-13.4,922,4,90,59
2002,11,30,0,-13.4,920.7,2,230,72
2002,11,30,3,-13.2,919.4,3,200,74
2002,11,30,6,-13.3,918.9,1,240,76
2002,11,30,9,-14.3,918.7,2,30,77
2002,11,30,12,-15.2,918.3,2,20,74
2002,11,30,15,-15.2,917.6,2,20,74
2002,11,30,18,-15.2,916.6,3,360,74
2002,11,30,21,-14,915.6,3,110,75
2002,12,1,0,-13.6,914.5,3,60,76
2002,12,1,3,-13.7,912.8,4,240,73
2002,12,1,6,-14.4,911.3,NA,250,74
2002,12,1,9,-15.4,910.2,NA,240,76
2002,12,1,12,-15.7,909.6,NA,220,71
2002,12,1,15,-15.3,908.8,NA,250,66
2002,12,1,18,-14.6,908.4,NA,250,71
2002,12,1,21,-14.4,908.1,NA,240,62
2002,12,2,0,NA,907.8,1,240,61
2002,12,2,3,-12.6,907.5,2,50,58
2002,12,2,6,-13.4,907,NA,230,51
2002,12,2,9,-15,906.2,NA,250,51
2002,12,2,12,-14.2,904.8,NA,250,63
2002,12,2,15,-14.3,903.3,NA,240,72
2002,12,2,18,-14.7,903.8,NA,220,75
2002,12,2,21,-14.7,903.9,NA,210,76
2002,12,3,0,-14.4,903,NA,240,77
2002,12,3,3,-14.3,900.6,NA,240,77
2002,12,3,6,-14.9,901.4,NA,240,76
2002,12,3,9,-14.5,901.4,NA,250,77
2002,12,3,12,-14.4,902.5,NA,250,77
2002,12,3,15,-14,903.1,NA,NA,77
2002,12,3,18,-12.3,904.1,51,NA,75
2002,12,3,21,-11.5,907.3,NA,NA,73
2002,12,4,0,-9,908.5,NA,250,56
2002,12,4,3,-7.1,911.1,NA,240,49
2002,12,4,6,-5.7,911.3,NA,250,52
2002,12,4,9,-7.8,913.8,NA,240,72
2002,12,4,12,-9.2,918.6,NA,220,79
2002,12,4,15,-9.4,921.6,NA,220,82
2002,12,4,18,-6.9,922.3,NA,340,76
2002,12,4,21,-5.6,923.1,NA,30,64
2002,12,5,0,-4.9,923,NA,70,48
2002,12,5,3,-4.6,923.5,NA,300,50
2002,12,5,6,-6.9,924.5,6,70,82
2002,12,5,9,-6.8,925.7,5,330,83
2002,12,5,12,-7.1,927,NA,240,76
2002,12,5,15,-6.9,927.9,NA,0,73
2002,12,5,18,-4.9,928.6,4,350,62
2002,12,5,21,-4.7,929.2,4,60,52
2002,12,6,0,-3.3,929.5,NA,30,45
2002,12,6,3,-2.2,929.6,NA,40,37
2002,12,6,6,-2.5,928.9,NA,10,32
2002,12,6,9,-2.6,928.4,NA,20,18
2002,12,6,12,-2.4,928.1,NA,250,19
2002,12,6,15,-3.1,927.3,NA,20,19
2002,12,6,18,-5.8,926.7,NA,20,32
2002,12,6,21,-6.4,926.7,NA,30,66
2002,12,7,0,-7.1,925.9,NA,20,82
2002,12,7,3,-6.6,924.8,NA,60,84
2002,12,7,6,-5.9,923.8,3,30,85
2002,12,7,9,-5.5,923.4,3,250,76
2002,12,7,12,-6.8,922.3,NA,250,69
2002,12,7,15,-9,921,NA,250,61
2002,12,7,18,-7,920.6,NA,240,50
2002,12,7,21,-6.2,920.3,NA,240,60
2002,12,8,0,-7.2,920.1,NA,240,79
2002,12,8,3,-5.8,918.3,NA,220,75
2002,12,8,6,-5.9,917.2,NA,230,64
2002,12,8,9,-6.9,917,NA,240,65
2002,12,8,12,-7.5,916.7,NA,240,75
2002,12,8,15,-7.5,917.5,NA,250,71
2002,12,8,18,-7,918.2,NA,230,68
2002,12,8,21,-6.3,919.5,NA,90,77
2002,12,9,0,-3.8,919.9,NA,80,72
2002,12,9,3,-4.5,919.8,7,30,67
2002,12,9,6,-5.4,918.9,NA,40,83
2002,12,9,9,-5.1,917.7,NA,80,86
2002,12,9,12,-5.4,916.4,NA,60,86
2002,12,9,15,-5.5,914.1,2,240,87
2002,12,9,18,-5.4,913,NA,NA,87
2002,12,9,21,NA,912.2,1,50,87
2002,12,10,0,-3.7,911.6,2,110,88
2002,12,10,3,-4,910.8,4,30,88
2002,12,10,6,-4.8,909.9,2,140,88
2002,12,10,9,-5.2,909.3,NA,210,87
2002,12,10,12,-6.3,908.6,NA,230,87
2002,12,10,15,-6.7,907.7,7,210,86
2002,12,10,18,-6.5,906.9,NA,230,86
2002,12,10,21,-7.1,907.1,NA,230,86
2002,12,11,0,-7.6,909,11,240,85
2002,12,11,3,-7.1,912,NA,240,86
2002,12,11,6,-6.8,914.8,NA,220,86
2002,12,11,9,-6.9,917.2,NA,220,86
2002,12,11,12,-7.8,918.4,NA,40,85
2002,12,11,15,-7.7,919.2,NA,260,85
2002,12,11,18,-7.5,919.8,NA,250,85
2002,12,11,21,-6.4,920.5,NA,NA,86
2002,12,12,0,-6.1,920.6,NA,NA,86
2002,12,12,3,NA,920.9,1,110,86
2002,12,12,6,-7.1,921.2,NA,NA,86
2002,12,12,9,-6.8,921.7,NA,NA,86
2002,12,12,12,NA,921.3,1,250,86
2002,12,12,15,-7.9,921.1,2,240,86
2002,12,12,18,-6.7,921.4,2,220,86
2002,12,12,21,NA,921.4,1,240,87
2002,12,13,0,-6.2,921.2,2,230,87
2002,12,13,3,NA,920.7,1,220,87
2002,12,13,6,-5.9,920.6,NA,220,87
2002,12,13,9,-6.2,920.8,NA,260,87
2002,12,13,12,-6.9,920.5,NA,230,86
2002,12,13,15,-7.9,920.1,2,250,85
2002,12,13,18,-7.1,920.4,4,230,86
2002,12,13,21,-4.5,920.3,NA,290,75
2002,12,14,0,-2.9,919.7,4,40,51
2002,12,14,3,-4.1,919,4,20,44
2002,12,14,6,-2.4,918.5,3,60,30
2002,12,14,9,-3.4,918.4,NA,50,34
2002,12,14,12,-3.9,918.4,4,330,39
2002,12,14,15,-4,918.3,4,260,38
2002,12,14,18,-5.6,917.5,NA,240,56
2002,12,14,21,-8,917.3,NA,240,67
2002,12,15,0,-6.8,917.6,NA,240,64
2002,12,15,3,-8.5,918.2,NA,230,74
2002,12,15,6,-7.5,918.2,NA,240,67
2002,12,15,9,-8.3,918.5,NA,NA,69
2002,12,15,12,-9.4,918,NA,NA,77
2002,12,15,15,-9.9,917.4,15,NA,81
2002,12,15,18,-9.8,917.6,NA,220,82
2002,12,15,21,-8.7,917.4,NA,200,74
2002,12,16,0,-9.2,917.1,NA,210,83
2002,12,16,3,-8.7,917.1,NA,220,75
2002,12,16,6,-8.9,917,12,220,81
2002,12,16,9,-9.2,917.1,15,230,73
2002,12,16,12,-9.7,917.5,NA,230,81
2002,12,16,15,-9.8,916,NA,230,82
2002,12,16,18,-10.8,917.9,NA,220,82
2002,12,16,21,-11.9,918.7,NA,NA,81
2002,12,17,0,-11.2,919.4,16,NA,81
2002,12,17,3,-11.1,920.1,NA,NA,81
2002,12,17,6,-10.8,919.7,NA,NA,82
2002,12,17,9,-10.6,919.6,NA,210,82
2002,12,17,12,-11.5,919.4,NA,230,81
2002,12,17,15,-11.9,919.1,NA,240,79
2002,12,17,18,-11.6,918.7,NA,240,79
2002,12,17,21,-11.1,918.5,5,250,79
2002,12,18,0,-10.3,918.4,2,240,81
2002,12,18,3,-10.4,918.1,NA,250,80
2002,12,18,6,-9.8,917.8,NA,250,82
2002,12,18,9,-10.7,917.9,NA,240,77
2002,12,18,12,-10.6,917.8,NA,240,71
2002,12,18,15,-10.1,917.1,NA,250,49
2002,12,18,18,-9.8,916.2,NA,240,46
2002,12,18,21,-9.1,916.5,NA,240,47
2002,12,19,0,-8.3,915.6,NA,250,46
2002,12,19,3,-7.5,914.1,NA,260,48
2002,12,19,6,-8.8,912.1,NA,250,71
2002,12,19,9,-9.1,914.5,NA,230,82
2002,12,19,12,-7.6,911.1,NA,250,68
2002,12,19,15,-8.3,910.7,NA,250,82
2002,12,19,18,-8.3,910.2,43,240,84
2002,12,19,21,-7.6,911.5,NA,230,84
2002,12,20,0,-7.2,912,NA,240,85
2002,12,20,3,-7.4,911.6,NA,240,85
2002,12,20,6,-8.1,912.5,NA,230,85
2002,12,20,9,-8.3,912.1,NA,230,84
2002,12,20,12,-8.6,913.8,NA,230,84
2002,12,20,15,-8.9,912.4,NA,NA,84
2002,12,20,18,-9.2,913.3,13,NA,83
2002,12,20,21,-8.8,913.1,11,NA,84
2002,12,21,0,-8,913,12,NA,84
2002,12,21,3,-7.9,911.8,11,240,85
2002,12,21,6,-7.2,913.8,NA,210,85
2002,12,21,9,-7.2,915.6,NA,0,85
2002,12,21,12,-9,915.8,NA,NA,84
2002,12,21,15,-8.6,916.3,NA,NA,84
2002,12,21,18,-8.4,917.9,NA,NA,84
2002,12,21,21,-8.3,918.8,NA,NA,85
2002,12,22,0,-7.4,918.3,NA,NA,85
2002,12,22,3,-7.3,919.1,NA,NA,85
2002,12,22,6,-7.7,919.1,NA,NA,85
2002,12,22,9,-8.6,919.1,2,240,85
2002,12,22,12,-8.5,919.6,3,250,84
2002,12,22,15,-8.1,919.5,NA,240,85
2002,12,22,18,-7.9,919.6,7,230,85
2002,12,22,21,-7.4,921.1,6,230,85
2002,12,23,0,-6.7,922.2,5,240,86
2002,12,23,3,-7,921.9,7,240,86
2002,12,23,6,-7.4,922.6,NA,240,86
2002,12,23,9,-7.6,923.3,NA,230,85
2002,12,23,12,-7.8,924.4,NA,240,85
2002,12,23,15,-8.1,924.8,17,250,85
2002,12,23,18,-7.7,924.8,NA,240,85
2002,12,23,21,-7.6,925.8,20,250,85
2002,12,24,0,-7.1,925.6,NA,240,85
2002,12,24,3,-7.6,926.7,NA,240,85
2002,12,24,6,-7,927.1,NA,230,85
2002,12,24,9,-7.9,926.8,NA,230,84
2002,12,24,12,-7.8,927,NA,240,74
2002,12,24,15,-8.2,925.9,NA,230,77
2002,12,24,18,-7.6,925.8,NA,230,75
2002,12,24,21,-6.9,926,NA,240,81
2002,12,25,0,-6.1,925.3,NA,230,80
2002,12,25,3,-5.3,924.4,3,150,77
2002,12,25,6,-6.3,923.6,2,130,75
2002,12,25,9,-6.5,923.2,2,220,71
2002,12,25,12,-7,923,3,260,81
2002,12,25,15,-6.7,921.8,4,250,66
2002,12,25,18,-5.5,921.3,NA,250,60
2002,12,25,21,-4.5,921.2,NA,300,59
2002,12,26,0,-3.8,921.3,NA,240,59
2002,12,26,3,-4.6,921.2,3,210,66
2002,12,26,6,NA,921,1,200,79
2002,12,26,9,NA,921.4,1,50,82
2002,12,26,12,-5.2,922,2,280,62
2002,12,26,15,-5.7,922.2,NA,20,60
2002,12,26,18,-5.2,922.9,NA,50,63
2002,12,26,21,-3.9,924,NA,90,70
2002,12,27,0,-4.8,924.8,3,70,74
2002,12,27,3,-5,925.5,4,70,77
2002,12,27,6,-4.1,926.1,2,200,69
2002,12,27,9,-6.1,926.8,NA,250,79
2002,12,27,12,-6.3,927.6,NA,NA,84
2002,12,27,15,-6.8,928,11,NA,84
2002,12,27,18,-6.4,929.2,9,NA,84
2002,12,27,21,-5.6,930,8,NA,81
2002,12,28,0,-5.4,930.7,NA,NA,NA
2002,12,28,3,-6.7,930.2,NA,230,85
2002,12,28,6,-6.6,930.4,NA,240,86
2002,12,28,9,-6.7,930.3,NA,230,86
2002,12,28,12,-7.3,930,NA,250,86
2002,12,28,15,-6.8,929.7,NA,80,86
2002,12,28,18,-7.1,929.4,2,230,86
2002,12,28,21,NA,928.9,1,260,86
2002,12,29,0,-6.1,928.5,2,120,87
2002,12,29,3,-5.1,927.6,NA,20,87
2002,12,29,6,-3.6,927.1,NA,240,84
2002,12,29,9,-5.4,926.8,NA,240,79
2002,12,29,12,-6.7,926.7,3,290,68
2002,12,29,15,NA,926.3,1,270,67
2002,12,29,18,NA,926.2,1,250,61
2002,12,29,21,-5.4,926.2,2,120,69
2002,12,30,0,-5.3,926.1,2,100,71
2002,12,30,3,-5.7,925.9,3,70,72
2002,12,30,6,NA,926,1,70,68
2002,12,30,9,-7.3,926,3,30,62
2002,12,30,12,-6.1,926.6,2,310,56
2002,12,30,15,NA,926.7,1,20,68
2002,12,30,18,-5.9,927,2,210,74
2002,12,30,21,-6,927.2,NA,250,75
2002,12,31,0,-5.6,927.5,NA,200,73
2002,12,31,3,-4.8,927.1,NA,230,66
2002,12,31,6,-4.9,927,3,260,61
2002,12,31,9,-5.5,926.7,3,270,58
2002,12,31,12,-6.3,926.7,NA,NA,59
2002,12,31,15,NA,925.9,1,20,63
2002,12,31,18,NA,925.5,1,10,76
2002,12,31,21,-5.5,925.1,2,250,73
2003,1,1,0,-5.2,925.1,2,40,74
2003,1,1,3,-3.2,924.9,NA,NA,65
2003,1,1,6,-2.7,924.8,2,340,50
2003,1,1,9,-4.3,924.9,NA,310,42
2003,1,1,12,-5.5,925.6,5,290,44
2003,1,1,15,-5,926.2,2,300,43
2003,1,1,18,NA,927,1,220,43
2003,1,1,21,-2.7,928.4,3,210,36
2003,1,2,0,-1.6,929.5,3,40,40
2003,1,2,3,-0.7,930.1,NA,350,35
2003,1,2,6,-2.2,930.6,NA,360,33
2003,1,2,9,-1.9,930.9,NA,10,28
2003,1,2,12,-1.7,931.2,NA,290,26
2003,1,2,15,-0.7,931.1,NA,270,27
2003,1,2,18,-0.6,932.3,6,160,27
2003,1,2,21,-1.1,932.4,NA,320,39
2003,1,3,0,-1.1,932.5,3,100,35
2003,1,3,3,-3.2,932.1,5,80,38
2003,1,3,6,-3.2,932,NA,80,34
2003,1,3,9,-4.1,932,3,40,39
2003,1,3,12,-5.5,931.2,NA,0,40
2003,1,3,15,-4,930.7,NA,0,34
2003,1,3,18,-4.5,930.2,8,20,38
2003,1,3,21,-2.7,930,9,360,37
2003,1,4,0,-2,930.3,NA,20,42
2003,1,4,3,-1.9,930,NA,50,32
2003,1,4,6,-1.2,930.4,2,360,31
2003,1,4,9,-2.2,931,2,320,37
2003,1,4,12,-4.4,931.4,3,260,38
2003,1,4,15,NA,931.4,1,190,59
2003,1,4,18,-6,931.7,2,250,75
2003,1,4,21,-4.1,931.9,3,110,64
2003,1,5,0,NA,931.8,1,70,69
2003,1,5,3,-6.3,931.6,2,120,73
2003,1,5,6,-6.7,931.6,NA,240,72
2003,1,5,9,-7.4,931.7,NA,230,82
2003,1,5,12,-7.5,931.7,NA,210,80
2003,1,5,15,-6.9,931.3,NA,240,72
2003,1,5,18,-7,930.9,NA,230,77
2003,1,5,21,-6.8,930.7,NA,220,84
2003,1,6,0,-7,930.5,NA,210,85
2003,1,6,3,-5.9,930.1,NA,240,86
2003,1,6,6,-5.9,929.9,NA,220,86
2003,1,6,9,-6.7,929.6,NA,230,86
2003,1,6,12,-7.1,929.4,NA,250,86
2003,1,6,15,-6.9,929.6,NA,230,86
2003,1,6,18,-6.2,929.9,NA,230,86
2003,1,6,21,-5.7,930.3,3,200,87
2003,1,7,0,-5,930.6,4,230,87
2003,1,7,3,-5.5,930.8,5,230,87
2003,1,7,6,-5.2,930.9,NA,230,87
2003,1,7,9,-5.9,930.7,5,220,86
2003,1,7,12,-6.8,930.7,NA,240,86
2003,1,7,15,-6.6,929.2,NA,260,86
2003,1,7,18,-7.2,930,NA,230,85
2003,1,7,21,-5.1,930.6,NA,270,74
2003,1,8,0,-3.3,931,NA,240,57
2003,1,8,3,-2,931.7,NA,270,45
2003,1,8,6,-2.4,932,NA,240,45
2003,1,8,9,-2.9,932.5,NA,NA,43
2003,1,8,12,-3.3,933.2,NA,NA,44
2003,1,8,15,-4.5,933.8,NA,NA,43
2003,1,8,18,-3.8,934.1,NA,NA,53
2003,1,8,21,-4.7,937.1,NA,250,74
2003,1,9,0,-2.1,937.8,NA,240,74
2003,1,9,3,-2.4,938.7,NA,130,71
2003,1,9,6,-2.3,939.2,NA,360,62
2003,1,9,9,-3.9,938.9,NA,350,67
2003,1,9,12,-3.1,938.8,NA,360,56
2003,1,9,15,-1.9,938.9,20,10,46
2003,1,9,18,-1.1,938.9,NA,60,39
2003,1,9,21,-1.4,939.4,NA,260,48
2003,1,10,0,-1.6,939.5,3,50,47
2003,1,10,3,NA,939,1,130,48
2003,1,10,6,-0.6,938.2,3,240,44
2003,1,10,9,-1.9,937.9,NA,250,45
2003,1,10,12,-1.9,937.4,NA,250,42
2003,1,10,15,-1.4,936.6,NA,0,40
2003,1,10,18,-1.2,936,NA,260,36
2003,1,10,21,-0.8,936.3,NA,240,36
2003,1,11,0,1.8,935.9,NA,250,27
2003,1,11,3,1.8,935.2,NA,50,32
2003,1,11,6,NA,934.7,5,250,45
2003,1,11,9,NA,934.5,1,230,83
2003,1,11,12,-4.9,934.1,2,130,86
2003,1,11,15,-5.1,933.7,3,200,87
2003,1,11,18,-4.8,933.9,NA,200,87
2003,1,11,21,-4.5,934.2,6,190,88
2003,1,12,0,-3.5,934.5,NA,130,75
2003,1,12,3,-4.1,934.1,3,120,75
2003,1,12,6,-4.1,933.7,3,130,60
2003,1,12,9,-5.2,933.9,2,200,75
2003,1,12,12,-6.4,934.1,NA,250,81
2003,1,12,15,-6.5,934.5,NA,230,85
2003,1,12,18,-6.5,935.5,10,230,86
2003,1,12,21,-6.9,936.5,NA,210,86
2003,1,13,0,-5.7,937.6,NA,250,86
2003,1,13,3,-6.7,937.5,NA,120,86
2003,1,13,6,-6.2,936.8,2,50,74
2003,1,13,9,-6.3,936.7,NA,350,67
2003,1,13,12,-7.5,936.1,NA,60,78
2003,1,13,15,-7.3,935.5,NA,40,78
2003,1,13,18,-6.5,935.7,NA,330,73
2003,1,13,21,-6.9,936.2,7,240,80
2003,1,14,0,-7.4,936.5,NA,240,77
2003,1,14,3,-7.5,937,NA,230,83
2003,1,14,6,-6.7,937.2,NA,230,81
2003,1,14,9,-6.8,938.1,NA,220,74
2003,1,14,12,-6.7,938.1,NA,220,80
2003,1,14,15,-7.6,937.7,NA,260,82
2003,1,14,18,-6,936.9,NA,170,79
2003,1,14,21,-5.5,935.9,NA,40,78
2003,1,15,0,-6.5,934.6,NA,20,81
2003,1,15,3,-6.9,933.8,NA,20,84
2003,1,15,6,-6.6,932.7,NA,50,85
2003,1,15,9,-6.8,932.9,NA,230,86
2003,1,15,12,-6.9,932.9,NA,220,85
2003,1,15,15,-8.2,931.7,NA,270,77
2003,1,15,18,-7.1,931.9,NA,280,82
2003,1,15,21,-5.4,932.1,3,140,67
2003,1,16,0,-8.3,932.4,NA,250,64
2003,1,16,3,-8.2,932.6,NA,250,57
2003,1,16,6,-8.4,933.6,11,250,83
2003,1,16,9,-7.4,935,8,220,79
2003,1,16,12,-8.1,935.7,10,240,75
2003,1,16,15,-8.4,936.1,7,230,75
2003,1,16,18,-7.7,936.7,NA,260,76
2003,1,16,21,-5.8,937.1,4,130,72
2003,1,17,0,-5.3,937.1,2,240,54
2003,1,17,3,-4.4,937,2,10,58
2003,1,17,6,-4.8,936.8,3,250,44
2003,1,17,9,-5.6,936.8,NA,270,38
2003,1,17,12,-6.6,936.8,NA,280,38
2003,1,17,15,-6.4,936.5,6,250,37
2003,1,17,18,-5.8,936.2,4,210,35
2003,1,17,21,-6.6,935.4,NA,250,52
2003,1,18,0,-6,933.9,NA,230,56
2003,1,18,3,-6.5,932.1,NA,230,57
2003,1,18,6,-7.7,931.5,NA,240,83
2003,1,18,9,-8.6,931.6,NA,230,84
2003,1,18,12,-8.7,930.6,36,230,84
2003,1,18,15,-8.8,926.7,NA,240,84
2003,1,18,18,-8.8,929.9,NA,230,84
2003,1,18,21,-8.5,928.1,NA,250,82
2003,1,19,0,-7.7,928.2,NA,260,68
2003,1,19,3,-7.3,926.3,NA,250,59
2003,1,19,6,-7.5,924.9,NA,240,61
2003,1,19,9,-7.2,920.4,NA,250,65
2003,1,19,12,-6.6,921.1,NA,240,53
2003,1,19,15,-7.9,916.7,60,250,80
2003,1,19,18,-7.5,917.8,NA,NA,85
2003,1,19,21,-6.9,915.7,NA,NA,85
2003,1,20,0,-6.2,916.1,58,NA,86
2003,1,20,3,-5.2,918,NA,NA,86
2003,1,20,6,-4.7,916.7,NA,NA,86
2003,1,20,9,-4.4,915.4,NA,240,88
2003,1,20,12,-4.3,916.5,58,250,88
2003,1,20,15,-4.4,918.6,NA,240,88
2003,1,20,18,-3.9,919.5,NA,240,88
2003,1,20,21,-4.1,919.4,NA,250,88
2003,1,21,0,-4,921.6,NA,240,88
2003,1,21,3,-3.6,925.6,NA,240,88
2003,1,21,6,-3.2,928.9,NA,230,89
2003,1,21,9,-3.5,930.5,NA,220,89
2003,1,21,12,-3.5,930,18,NA,89
2003,1,21,15,-3.6,930.9,15,NA,89
2003,1,21,18,-3.8,930.7,17,NA,89
2003,1,21,21,-3.5,931.5,16,NA,89
2003,1,22,0,-3.5,932.1,14,NA,89
2003,1,22,3,-3.5,933,15,NA,89
2003,1,22,6,-3.5,932.1,NA,NA,89
2003,1,22,9,-3.4,932.5,NA,NA,89
2003,1,22,12,-4,930.9,NA,NA,89
2003,1,22,15,-4.1,929.3,NA,NA,89
2003,1,22,18,-4.1,928,NA,NA,89
2003,1,22,21,-3.9,927.6,NA,NA,89
2003,1,23,0,-3.9,927.3,NA,NA,89
2003,1,23,3,-3.6,927.8,NA,NA,89
2003,1,23,6,-3.3,929.4,NA,NA,89
2003,1,23,9,-3.7,930,NA,NA,89
2003,1,23,12,-3.4,931.8,NA,NA,89
2003,1,23,15,-3.4,932.1,NA,NA,89
2003,1,23,18,-3.1,932.7,NA,NA,89
2003,1,23,21,-2.5,932.9,NA,NA,89
2003,1,24,0,-2.5,933.4,NA,NA,90
2003,1,24,3,-1.9,933.6,NA,NA,90
2003,1,24,6,-2.1,933.8,NA,NA,90
2003,1,24,9,-2.7,933.9,NA,NA,90
2003,1,24,12,-2,934.3,NA,NA,90
2003,1,24,15,-2.4,934,NA,NA,90
2003,1,24,18,-2.1,934.1,NA,NA,90
2003,1,24,21,-3.5,933.9,NA,NA,90
2003,1,25,0,-2.5,934,NA,NA,90
2003,1,25,3,-4,933.6,NA,NA,89
2003,1,25,6,-3.8,934,NA,NA,89
2003,1,25,9,-4.3,934.2,NA,NA,89
2003,1,25,12,-4.4,935,NA,NA,89
2003,1,25,15,-5,935.3,NA,NA,88
2003,1,25,18,-4.2,936,NA,NA,88
2003,1,25,21,-3.4,936.1,NA,NA,89
2003,1,26,0,-2.8,936.1,NA,20,89
2003,1,26,3,-2.2,935.6,NA,NA,90
2003,1,26,6,-3.8,935.7,NA,NA,90
2003,1,26,9,-4.2,935.4,NA,NA,89
2003,1,26,12,-5.5,935.4,NA,NA,88
2003,1,26,15,-6,935,NA,NA,87
2003,1,26,18,-6.7,933.5,NA,NA,87
2003,1,26,21,-5.2,933.1,NA,NA,88
2003,1,27,0,-3.6,932.4,NA,NA,89
2003,1,27,3,-3.6,931.3,NA,NA,89
2003,1,27,6,-7,930.8,2,60,85
2003,1,27,9,-7.6,930.1,3,60,81
2003,1,27,12,-7.4,930.2,NA,NA,81
2003,1,27,15,-7.4,928.9,NA,250,81
2003,1,27,18,-7.3,928.2,NA,240,79
2003,1,27,21,-6.5,927.9,NA,80,79
2003,1,28,0,-5.8,927.5,NA,340,78
2003,1,28,3,-6.9,926.6,3,70,82
2003,1,28,6,-7.7,925.8,5,50,86
2003,1,28,9,-8.1,925.1,7,40,86
2003,1,28,12,-8.4,924.7,NA,360,81
2003,1,28,15,-9,924,NA,360,85
2003,1,28,18,-8.7,923.6,NA,350,85
2003,1,28,21,-8.2,923.3,3,60,85
2003,1,29,0,-7.6,922.7,NA,50,86
2003,1,29,3,-7.1,921.8,NA,100,86
2003,1,29,6,-7.3,921.5,3,260,87
2003,1,29,9,-7.6,921.1,4,260,86
2003,1,29,12,-7.8,921.1,4,270,86
2003,1,29,15,NA,920.3,1,340,86
2003,1,29,18,-7.8,919.8,3,360,86
2003,1,29,21,-7.6,919.3,NA,40,NA
2003,1,30,0,-7.3,919,6,40,84
2003,1,30,3,-7.3,918.4,7,50,83
2003,1,30,6,-7.6,918.4,6,30,85
2003,1,30,9,-7.7,918.6,NA,10,84
2003,1,30,12,-8.2,918.8,3,270,86
2003,1,30,15,-9.1,918.2,NA,260,86
2003,1,30,18,-8.4,918,NA,250,85
2003,1,30,21,-7.8,918.6,5,240,86
2003,1,31,0,-6.7,919.7,NA,240,86
2003,1,31,3,-8.5,919.5,NA,260,86
2003,1,31,6,-9.5,920,NA,250,83
2003,1,31,9,-9.8,920.1,NA,240,82
2003,1,31,12,-9.1,918.6,NA,NA,81
2003,1,31,15,-9.3,916.9,NA,NA,79
2003,1,31,18,-8.7,916.6,NA,NA,81
2003,1,31,21,-8.5,915.4,NA,250,82
2003,2,1,0,-7.9,914.8,NA,230,85
2003,2,1,3,-8.2,914.6,42,NA,85
2003,2,1,6,-9.1,913.9,NA,NA,85
2003,2,1,9,-9.4,913.8,NA,240,84
2003,2,1,12,-9.9,913.3,NA,NA,84
2003,2,1,15,-9.9,912.2,NA,NA,84
2003,2,1,18,-9,911.8,NA,NA,84
2003,2,1,21,-8.7,913.9,NA,240,84
2003,2,2,0,-8.6,916.8,NA,250,84
2003,2,2,3,-8.6,917.3,NA,240,85
2003,2,2,6,-9.2,916.3,NA,NA,85
2003,2,2,9,-9.1,917.5,33,NA,85
2003,2,2,12,-9.3,918,33,NA,85
2003,2,2,15,-9.5,918.3,NA,230,84
2003,2,2,18,-9.7,919.1,NA,230,84
2003,2,2,21,-8.4,920.3,29,230,78
2003,2,3,0,-8.9,921.4,NA,240,78
2003,2,3,3,-9.1,922.3,NA,220,84
2003,2,3,6,-9.5,922.1,NA,220,84
2003,2,3,9,-9.7,923.1,NA,230,84
2003,2,3,12,-10.2,923.7,19,240,84
2003,2,3,15,-10.3,922.9,NA,230,80
2003,2,3,18,-11,922.5,NA,240,75
2003,2,3,21,-11.3,923.3,NA,230,78
2003,2,4,0,-10.7,924.7,NA,240,81
2003,2,4,3,-10.5,924.9,NA,220,79
2003,2,4,6,-10.5,924.5,NA,230,70
2003,2,4,9,-10.4,925.2,NA,240,67
2003,2,4,12,-9.7,924,NA,NA,50
2003,2,4,15,-9.4,923.7,NA,NA,48
2003,2,4,18,-8.6,924.2,NA,NA,46
2003,2,4,21,-8.5,924,NA,230,44
2003,2,5,0,-7.4,923.4,NA,240,42
2003,2,5,3,-9,922.4,NA,230,54
2003,2,5,6,-9.3,921.7,NA,230,63
2003,2,5,9,-8.6,921.4,NA,250,57
2003,2,5,12,-8.6,922.6,29,250,60
2003,2,5,15,-9.4,923.5,NA,230,58
2003,2,5,18,-8.9,923.9,NA,240,53
2003,2,5,21,-10.3,924,NA,230,61
2003,2,6,0,-9.3,923.9,NA,230,59
2003,2,6,3,-8.9,923,NA,240,60
2003,2,6,6,-10.1,923.6,NA,230,63
2003,2,6,9,-10.2,925,NA,230,64
2003,2,6,12,-9.2,926.4,NA,230,63
2003,2,6,15,-9.3,927.2,NA,240,78
2003,2,6,18,-9.5,927.8,NA,240,79
2003,2,6,21,-9.5,928.4,19,230,84
2003,2,7,0,-10.1,928.8,NA,240,83
2003,2,7,3,-10.5,928.9,19,250,83
2003,2,7,6,-9.8,929.6,NA,250,73
2003,2,7,9,-9.8,930.2,NA,270,71
2003,2,7,12,-9.6,930.6,NA,40,64
2003,2,7,15,-9.9,930.8,NA,260,62
2003,2,7,18,-9,931,7,240,58
2003,2,7,21,-7.2,931.3,NA,230,48
2003,2,8,0,-6.3,931.2,NA,70,55
2003,2,8,3,-6,930.8,NA,NA,56
2003,2,8,6,-7.7,930.1,NA,260,62
2003,2,8,9,-9.1,929,NA,260,61
2003,2,8,12,-8.1,929.1,NA,270,42
2003,2,8,15,-8.2,928.6,NA,280,43
2003,2,8,18,-7.1,927.8,5,250,39
2003,2,8,21,-6.8,928.1,4,160,42
2003,2,9,0,-6.6,928.5,4,80,60
2003,2,9,3,-6.3,928.6,3,230,64
2003,2,9,6,-6.5,929,2,10,54
2003,2,9,9,-7.7,929.9,2,180,72
2003,2,9,12,-8.1,930.6,3,270,77
2003,2,9,15,-9.7,931.1,5,290,54
2003,2,9,18,-10.2,931.7,NA,240,80
2003,2,9,21,-9.1,932.5,NA,250,78
2003,2,10,0,-9.8,932.6,NA,240,81
2003,2,10,3,-10.1,932.8,NA,230,82
2003,2,10,6,-10,933.7,17,240,70
2003,2,10,9,-10.4,934.2,19,240,77
2003,2,10,12,-10.4,934.4,17,240,77
2003,2,10,15,-10.9,934.7,NA,260,80
2003,2,10,18,-10.9,934.7,NA,250,82
2003,2,10,21,-9.6,935.2,NA,220,83
2003,2,11,0,-9,935.5,NA,210,78
2003,2,11,3,-8.3,935,3,180,67
2003,2,11,6,-8.5,934.8,2,30,65
2003,2,11,9,-9.3,934.4,4,60,74
2003,2,11,12,-9.5,933.8,NA,10,74
2003,2,11,15,-9.7,933.3,8,30,79
2003,2,11,18,-9.8,933.5,NA,210,79
2003,2,11,21,-9.7,933.6,NA,20,81
2003,2,12,0,-10,933.2,NA,50,83
2003,2,12,3,-9.7,932.4,NA,50,83
2003,2,12,6,-10.2,932.1,11,30,83
2003,2,12,9,-10.1,932.3,7,30,83
2003,2,12,12,-10.5,932.6,NA,300,83
2003,2,12,15,-10.7,932.7,5,300,83
2003,2,12,18,-11.3,933,NA,270,82
2003,2,12,21,-9.9,933.8,NA,0,83
2003,2,13,0,-10.4,934.5,4,250,83
2003,2,13,3,-10.1,934.9,NA,230,83
2003,2,13,6,-10.9,935.1,6,250,83
2003,2,13,9,-11,935.3,NA,40,82
2003,2,13,12,-11.7,935.3,NA,260,82
2003,2,13,15,-11.3,934.9,3,230,82
2003,2,13,18,-11.8,934.6,NA,240,82
2003,2,13,21,-11.5,934.6,NA,260,82
2003,2,14,0,-11.5,934.3,NA,260,82
2003,2,14,3,-11.5,933.5,NA,250,82
2003,2,14,6,-11.4,933.2,12,250,82
2003,2,14,9,-11.7,933.4,8,NA,82
2003,2,14,12,-11.1,933.6,NA,NA,83
2003,2,14,15,-11.6,933.1,7,250,82
2003,2,14,18,-10.6,933.3,5,260,82
2003,2,14,21,-11.9,933.8,6,250,82
2003,2,15,0,-12.1,934.1,NA,240,81
2003,2,15,3,-12.6,933.7,NA,230,81
2003,2,15,6,-12.6,934.3,NA,250,81
2003,2,15,9,-13.3,934.7,24,240,80
2003,2,15,12,-13.3,934.8,23,240,80
2003,2,15,15,-13,935.2,23,240,80
2003,2,15,18,-13.1,935.2,27,230,80
2003,2,15,21,-12.7,936.7,NA,230,80
2003,2,16,0,-12.6,936.5,NA,240,81
2003,2,16,3,-12.6,935.5,NA,230,80
2003,2,16,6,-12.7,936.4,NA,240,81
2003,2,16,9,-12.2,936.4,NA,250,80
2003,2,16,12,-11.6,937.3,35,240,77
2003,2,16,15,-11.6,938.1,NA,240,78
2003,2,16,18,-11.4,939.1,NA,240,76
2003,2,16,21,-10.7,941,NA,230,71
2003,2,17,0,-10.6,942.5,NA,230,NA
2003,2,17,3,-10.4,942.9,NA,230,83
2003,2,17,6,-10.5,942.9,NA,250,83
2003,2,17,9,-10.8,943.1,NA,50,83
2003,2,17,12,-11.4,943,4,270,82
2003,2,17,15,-11.7,942.1,NA,270,82
2003,2,17,18,NA,941,1,70,82
2003,2,17,21,-11,939.5,NA,0,82
2003,2,18,0,NA,937.3,1,80,83
2003,2,18,3,-10.9,935.4,3,260,83
2003,2,18,6,-12,934,NA,260,82
2003,2,18,9,-12.3,933,NA,250,81
2003,2,18,12,-12.3,932.3,NA,230,82
2003,2,18,15,-12.6,931.7,NA,NA,81
2003,2,18,18,-13.4,930.2,NA,NA,80
2003,2,18,21,-13.4,929.4,NA,NA,76
2003,2,19,0,-13.4,928.9,NA,NA,78
2003,2,19,3,-13.2,928.5,NA,220,70
2003,2,19,6,-13.3,929.2,32,230,71
2003,2,19,9,-13.5,929.8,NA,230,63
2003,2,19,12,-13.5,929.4,NA,250,69
2003,2,19,15,-13.2,929.6,NA,250,70
2003,2,19,18,-13.6,928.7,NA,240,75
2003,2,19,21,-13.7,928.8,NA,240,79
2003,2,20,0,NA,928.4,21,NA,79
2003,2,20,3,-14.8,927.8,NA,NA,78
2003,2,20,6,-15.6,927,NA,NA,77
2003,2,20,9,-15.5,927.2,NA,240,77
2003,2,20,12,-15.6,926.8,NA,240,77
2003,2,20,15,-15.5,926,NA,250,78
2003,2,20,18,-15.9,925.7,NA,250,77
2003,2,20,21,-15.6,925.4,NA,230,77
2003,2,21,0,-13.9,925.3,NA,230,79
2003,2,21,3,-13.8,924.4,NA,210,80
2003,2,21,6,-15.2,923.7,2,20,78
2003,2,21,9,-15.2,922.7,5,220,77
2003,2,21,12,-14.6,921.9,NA,230,78
2003,2,21,15,NA,920.9,NA,240,57
2003,2,21,18,-9.9,920.5,NA,230,48
2003,2,21,21,-9.5,921.2,NA,230,52
2003,2,22,0,-9.1,921.9,NA,240,75
2003,2,22,3,-10,922.8,NA,250,81
2003,2,22,6,-8.8,922.9,NA,210,68
2003,2,22,9,-7.8,923.6,NA,250,58
2003,2,22,12,-8.5,924.7,NA,260,51
2003,2,22,15,-8.9,925.7,NA,260,54
2003,2,22,18,-9.7,927,NA,260,63
2003,2,22,21,-9.8,928.5,NA,250,79
2003,2,23,0,-10,930.3,NA,230,83
2003,2,23,3,-11.2,931.4,NA,220,82
2003,2,23,6,-11.1,932.3,NA,230,82
2003,2,23,9,-11.5,933.5,NA,230,82
2003,2,23,12,-11.6,933.7,NA,250,82
2003,2,23,15,-12,933.5,NA,0,81
2003,2,23,18,-12.2,933.4,NA,240,81
2003,2,23,21,-11.5,932.6,NA,230,82
2003,2,24,0,-11.1,932,NA,230,61
2003,2,24,3,-8.5,931.4,NA,320,56
2003,2,24,6,-9,930.1,NA,20,45
2003,2,24,9,-8.6,928.8,4,320,39
2003,2,24,12,-8.7,927.5,6,300,37
2003,2,24,15,-8.7,925.9,NA,20,33
2003,2,24,18,-8.8,925.3,NA,360,34
2003,2,24,21,-8.2,924.9,NA,260,36
2003,2,25,0,-8,925.5,NA,40,45
2003,2,25,3,-11,926.3,NA,280,52
2003,2,25,6,-12.9,927.5,NA,240,62
2003,2,25,9,-13.6,928.9,8,240,79
2003,2,25,12,-14.5,930.8,NA,270,78
2003,2,25,15,-13.7,932,7,270,79
2003,2,25,18,-13.2,932.9,8,270,79
2003,2,25,21,-12.5,933.7,9,250,80
2003,2,26,0,-12.1,934.1,10,240,81
2003,2,26,3,-11.9,933.7,9,260,81
2003,2,26,6,-11.7,933.3,10,240,81
2003,2,26,9,-11.6,933.5,8,230,81
2003,2,26,12,-11.2,933.5,12,250,82
2003,2,26,15,-11.6,933.1,12,240,82
2003,2,26,18,-11.3,932.5,13,220,82
2003,2,26,21,-11.2,932.2,12,220,82
2003,2,27,0,-11.1,930.7,NA,250,82
2003,2,27,3,-9.5,929.1,NA,230,77
2003,2,27,6,-9.7,928.9,NA,230,54
2003,2,27,9,-10.4,930.4,NA,240,63
2003,2,27,12,-9.6,931,NA,310,59
2003,2,27,15,-10.2,930.4,NA,20,46
2003,2,27,18,-10.5,929.9,NA,20,48
2003,2,27,21,-9.8,930,NA,260,50
2003,2,28,0,-11,930.4,NA,60,NA
2003,2,28,3,-11.6,930.6,4,270,81
2003,2,28,6,-12.1,930.5,NA,240,81
2003,2,28,9,-13,930.8,NA,250,80
2003,2,28,12,-12.8,931,8,250,80
2003,2,28,15,-13.1,931,11,250,80
2003,2,28,18,-13.1,931.2,NA,230,80
2003,2,28,21,-12.9,932.6,NA,250,80
2003,3,1,0,-12.5,933.6,NA,220,80
2003,3,1,3,-12.5,934.6,9,240,80
2003,3,1,6,-12.9,935.2,NA,260,80
2003,3,1,9,-13,936.4,6,260,80
2003,3,1,12,-12.5,937.3,NA,240,80
2003,3,1,15,-14,937.9,4,250,79
2003,3,1,18,-14.4,938.6,6,250,79
2003,3,1,21,-14.7,939.4,2,260,78
2003,3,2,0,-14.7,939.4,4,210,78
2003,3,2,3,-15,938.5,5,230,78
2003,3,2,6,-15.2,937.8,4,230,78
2003,3,2,9,-15.5,936.7,3,240,77
2003,3,2,12,-15.6,935.1,6,220,77
2003,3,2,15,-16,933.8,NA,0,77
2003,3,2,18,-16.1,932.8,NA,NA,77
2003,3,2,21,-15.9,933.1,NA,NA,77
2003,3,3,0,-16,934.2,NA,NA,77
2003,3,3,3,-15.7,935.7,NA,NA,77
2003,3,3,6,-16.7,936.4,NA,NA,76
2003,3,3,9,-17.6,936.6,NA,NA,75
2003,3,3,12,-18.1,937.4,NA,NA,74
2003,3,3,15,-17.2,936.3,NA,NA,75
2003,3,3,18,-17.3,936.3,NA,NA,75
2003,3,3,21,-15.7,936.9,NA,NA,77
2003,3,4,0,-15.7,937,NA,NA,77
2003,3,4,3,-14.6,938.5,NA,NA,78
2003,3,4,6,-15.1,939.7,NA,NA,77
2003,3,4,9,-14.7,939.9,NA,NA,78
2003,3,4,12,-15.7,938.7,NA,NA,77
2003,3,4,15,-18.2,937,1,240,76
2003,3,4,18,-16.7,935.7,NA,220,76
2003,3,4,21,-16.3,933.5,NA,240,76
2003,3,5,0,-16.6,931,NA,230,76
2003,3,5,3,-16.5,929,NA,240,76
2003,3,5,6,-16,928,NA,230,77
2003,3,5,9,-16.8,929,NA,NA,76
2003,3,5,12,-16.4,930.1,NA,NA,76
2003,3,5,15,-16.5,931.7,NA,NA,76
2003,3,5,18,-16.3,937.2,NA,230,76
2003,3,5,21,-16,938.1,NA,230,NA
2003,3,6,0,-15.2,937.7,NA,210,73
2003,3,6,3,-15.4,935.5,NA,10,77
2003,3,6,6,-15.5,933.1,NA,10,57
2003,3,6,9,-17.4,930.4,NA,10,70
2003,3,6,12,-17.6,928,NA,30,75
2003,3,6,15,-17.2,926.6,NA,20,75
2003,3,6,18,-17.6,925.9,17,350,74
2003,3,6,21,-17.2,925.8,NA,10,72
2003,3,7,0,-15.8,925.7,NA,170,76
2003,3,7,3,-15.5,925.7,NA,100,72
2003,3,7,6,-16.9,926.2,5,50,75
2003,3,7,9,-15.4,926.9,NA,50,77
2003,3,7,12,-16.7,927.6,NA,340,77
2003,3,7,15,-16.8,928,NA,260,76
2003,3,7,18,-17.2,928.6,6,260,75
2003,3,7,21,-17.3,929,6,250,75
2003,3,8,0,-17.3,928.9,7,240,75
2003,3,8,3,-17.4,929,7,230,75
2003,3,8,6,-17.6,929.1,7,240,75
2003,3,8,9,-17.8,929.5,5,240,75
2003,3,8,12,-18.1,929.4,8,230,74
2003,3,8,15,-18.1,930,8,240,74
2003,3,8,18,-18.2,930.4,7,240,74
2003,3,8,21,-17.9,930.7,NA,250,75
2003,3,9,0,-17.5,931.1,NA,230,75
2003,3,9,3,-17.5,930.9,NA,230,75
2003,3,9,6,-17.9,930.3,8,230,75
2003,3,9,9,-18.1,930.9,6,220,74
2003,3,9,12,-18.7,931,6,240,73
2003,3,9,15,-18.7,930.9,3,270,74
2003,3,9,18,-18.2,930,NA,0,74
2003,3,9,21,-18.4,928.7,1,90,74
2003,3,10,0,-18.3,928.3,NA,NA,74
2003,3,10,3,-17.7,927.7,NA,NA,75
2003,3,10,6,-19,927.6,3,220,74
2003,3,10,9,-19.2,927.1,NA,240,73
2003,3,10,12,-19.3,927.2,NA,230,73
2003,3,10,15,-19.6,927.5,5,250,73
2003,3,10,18,-20,927,NA,230,72
2003,3,10,21,-20.5,927.7,NA,230,71
2003,3,11,0,-20.1,928.6,15,230,71
2003,3,11,3,-20.2,929.1,NA,240,72
2003,3,11,6,-21.1,929.3,NA,250,71
2003,3,11,9,-21.3,930.3,NA,250,70
2003,3,11,12,-21.4,930.3,9,240,70
2003,3,11,15,-21.6,929.8,NA,NA,70
2003,3,11,18,-21.5,930.1,NA,NA,70
2003,3,11,21,-21.4,929.9,NA,NA,70
2003,3,12,0,-21,930.4,NA,NA,71
2003,3,12,3,-20.7,930,NA,230,71
2003,3,12,6,-21.2,929.9,NA,240,70
2003,3,12,9,-21.5,930.7,NA,230,70
2003,3,12,12,-21.4,932.1,38,NA,69
2003,3,12,15,-21.7,932.1,40,NA,68
2003,3,12,18,-22,932.8,NA,NA,69
2003,3,12,21,-22.3,933.5,NA,NA,69
2003,3,13,0,-22.8,933.9,NA,240,68
2003,3,13,3,-23.2,933.7,NA,230,68
2003,3,13,6,-24.3,933.6,NA,240,67
2003,3,13,9,-24.9,933.2,14,250,66
2003,3,13,12,-25.1,933.6,13,230,65
2003,3,13,15,-25.6,933.2,12,240,65
2003,3,13,18,-25.9,933.5,12,240,64
2003,3,13,21,-26.2,933.8,11,250,64
2003,3,14,0,-25.5,934.6,10,230,65
2003,3,14,3,-25.7,934.9,8,230,65
2003,3,14,6,-25.7,935.4,8,240,65
2003,3,14,9,-25.9,935.7,8,250,64
2003,3,14,12,-26,935.6,11,220,64
2003,3,14,15,-26.4,934.6,NA,220,64
2003,3,14,18,-26.4,933.3,NA,230,64
2003,3,14,21,-26.8,931.3,NA,230,63
2003,3,15,0,-26.6,927.6,NA,240,63
2003,3,15,3,-26.8,926,NA,240,63
2003,3,15,6,-26.8,921.8,NA,240,63
2003,3,15,9,-25.9,920.1,NA,NA,64
2003,3,15,12,-25.4,919.2,NA,NA,64
2003,3,15,15,-25.3,921.3,55,NA,65
2003,3,15,18,-24.2,921.6,52,240,67
2003,3,15,21,-22.4,921.1,NA,NA,66
2003,3,16,0,-22.4,922.1,NA,NA,67
2003,3,16,3,-21.4,922.1,NA,NA,64
2003,3,16,6,-18.7,921.7,NA,NA,51
2003,3,16,9,-18.1,923.3,NA,250,43
2003,3,16,12,-18.2,924.3,NA,260,43
2003,3,16,15,-17.6,922.8,NA,330,38
2003,3,16,18,-18.5,921.7,NA,20,44
2003,3,16,21,-18.8,920.5,NA,240,45
2003,3,17,0,-18.2,919.3,NA,250,44
2003,3,17,3,-16.6,918.1,3,270,37
2003,3,17,6,-17.6,916.9,4,240,40
2003,3,17,9,-18.8,915,NA,260,73
2003,3,17,12,-17.8,915,NA,270,52
2003,3,17,15,-16.7,914.2,NA,230,46
2003,3,17,18,-16.4,913.3,NA,200,48
2003,3,17,21,-20.6,912.2,NA,240,70
2003,3,18,0,-19.1,911.3,NA,240,72
2003,3,18,3,-18.8,910,NA,230,73
2003,3,18,6,-18.2,910.8,NA,240,70
2003,3,18,9,-17.8,912.7,NA,NA,63
2003,3,18,12,-18.7,915.5,NA,NA,69
2003,3,18,15,-18.5,917.3,NA,NA,70
2003,3,18,18,-18.3,917.8,NA,NA,71
2003,3,18,21,-19.1,919,NA,NA,73
2003,3,19,0,-17.6,918.1,NA,90,73
2003,3,19,3,-17.7,915.9,NA,40,74
2003,3,19,6,-17,914.2,NA,20,75
2003,3,19,9,-17,914,NA,0,75
2003,3,19,12,-18.2,914.2,NA,250,74
2003,3,19,15,-18.3,913.7,NA,230,74
2003,3,19,18,-20.7,913.5,NA,220,71
2003,3,19,21,-21.4,913.1,15,250,70
2003,3,20,0,-22.3,913.2,14,210,69
2003,3,20,3,-22.8,913.4,11,210,68
2003,3,20,6,-23.1,913,12,220,68
2003,3,20,9,-23.4,912.9,12,230,67
2003,3,20,12,-24,912.5,11,NA,67
2003,3,20,15,-24.4,911.8,11,NA,66
2003,3,20,18,-24.7,911.7,11,NA,66
2003,3,20,21,-25,911.5,14,NA,65
2003,3,21,0,-24.8,911.9,11,NA,66
2003,3,21,3,-25,910.6,13,NA,65
2003,3,21,6,-25.3,909.7,NA,NA,65
2003,3,21,9,-25.5,908.8,NA,NA,65
2003,3,21,12,-25.6,907.8,NA,250,65
2003,3,21,15,-25.4,907.3,NA,230,65
2003,3,21,18,-25.5,907.1,NA,280,64
2003,3,21,21,-25.5,907.3,NA,310,64
2003,3,22,0,-24.3,906.8,NA,300,64
2003,3,22,3,-23.9,906,NA,NA,64
2003,3,22,6,-24.7,905.4,4,320,57
2003,3,22,9,-24.2,905.1,NA,350,53
2003,3,22,12,-24.5,904.8,2,300,45
2003,3,22,15,-23.4,904,NA,240,40
2003,3,22,18,-21.8,902.8,3,240,35
2003,3,22,21,-19.8,901.8,3,300,28
2003,3,23,0,-17.1,900.6,2,230,27
2003,3,23,3,-15.8,899.3,NA,260,28
2003,3,23,6,-16.4,898.7,NA,210,60
2003,3,23,9,-14.7,895,NA,250,77
2003,3,23,12,-15.3,897.6,NA,230,77
2003,3,23,15,-15.7,898.5,NA,240,76
2003,3,23,18,-15.9,897.9,NA,NA,76
2003,3,23,21,-16,901.9,NA,NA,76
2003,3,24,0,-15.6,907.5,NA,NA,75
2003,3,24,3,-15.2,912.3,NA,230,73
2003,3,24,6,-14.1,915,NA,230,59
2003,3,24,9,-14.5,915.4,NA,310,56
2003,3,24,12,-13.2,915.3,NA,350,46
2003,3,24,15,-12.7,916.3,NA,270,39
2003,3,24,18,NA,918,NA,260,74
2003,3,24,21,-17.1,920.3,NA,50,75
2003,3,25,0,-17.7,922.6,4,40,74
2003,3,25,3,-17.6,924.8,NA,40,74
2003,3,25,6,-18.3,926.2,NA,30,74
2003,3,25,9,-18.6,926.6,8,50,73
2003,3,25,12,-19.6,927.9,NA,30,73
2003,3,25,15,-18.1,929.3,NA,300,73
2003,3,25,18,NA,930.8,NA,270,69
2003,3,25,21,-14.5,931.6,3,250,46
2003,3,26,0,-13.3,932.3,NA,40,41
2003,3,26,3,-15,931.1,NA,20,42
2003,3,26,6,-15.1,929.8,3,280,41
2003,3,26,9,-15.3,928.1,5,30,39
2003,3,26,12,-16.7,926.1,4,360,53
2003,3,26,15,-17.1,924.2,4,40,45
2003,3,26,18,-18.9,922.3,NA,40,70
2003,3,26,21,-19,921.2,NA,80,72
2003,3,27,0,-16.8,920.4,3,60,75
2003,3,27,3,-17.4,919.6,NA,270,74
2003,3,27,6,-18.1,919.2,NA,250,74
2003,3,27,9,-20.5,918.7,NA,260,72
2003,3,27,12,-19.7,918.5,NA,220,72
2003,3,27,15,-18.3,917.5,NA,10,73
2003,3,27,18,-19.3,916.5,4,40,73
2003,3,27,21,-19.5,915.5,6,10,72
2003,3,28,0,-19.8,914.9,5,40,72
2003,3,28,3,-19.7,914.3,2,70,72
2003,3,28,6,-19.9,914,NA,0,72
2003,3,28,9,-20.2,913.8,NA,NA,71
2003,3,28,12,-20.4,913.5,4,300,71
2003,3,28,15,-21.4,912.8,1,280,70
2003,3,28,18,-21.4,912.5,2,270,70
2003,3,28,21,-21.6,911.9,1,60,70
2003,3,29,0,-21.5,911.2,NA,20,69
2003,3,29,3,-20.5,910.6,NA,30,71
2003,3,29,6,-21.3,910.8,8,40,70
2003,3,29,9,-21.8,911.8,8,20,69
2003,3,29,12,-21.5,912.5,7,10,70
2003,3,29,15,-20.5,912.9,NA,20,71
2003,3,29,18,-19,913.7,NA,0,70
2003,3,29,21,-17.2,915.1,NA,30,70
2003,3,30,0,-15.6,917,3,270,49
2003,3,30,3,-13.8,918.8,NA,0,37
2003,3,30,6,-13.5,921.2,3,20,28
2003,3,30,9,-13.1,923.7,3,360,25
2003,3,30,12,-14,925.8,4,290,25
2003,3,30,15,-13.1,926.8,1,40,24
2003,3,30,18,-13.4,927.8,3,20,23
2003,3,30,21,-15.8,928.3,5,20,27
2003,3,31,0,-16.8,928.8,2,340,34
2003,3,31,3,-18,928.7,NA,30,59
2003,3,31,6,-16.8,928.4,NA,280,75
2003,3,31,9,-18.1,928.2,NA,240,73
2003,3,31,12,-18.1,927.5,NA,250,74
2003,3,31,15,-17.8,927.1,NA,250,74
2003,3,31,18,-17.8,927.1,NA,260,74
2003,3,31,21,-17.6,927.3,9,250,73
2003,4,1,0,-20.1,927.5,NA,240,72
2003,4,1,3,-18.4,927.6,NA,250,73
2003,4,1,6,-19.3,927.5,NA,250,72
2003,4,1,9,-18.9,927.9,NA,220,73
2003,4,1,12,-18.3,928,NA,210,73
2003,4,1,15,-18.9,927.6,NA,10,73
2003,4,1,18,-19.5,927.2,1,190,72
2003,4,1,21,-19.9,927,NA,210,71
2003,4,2,0,-19.6,926.5,NA,0,72
2003,4,2,3,-20.5,925.9,NA,NA,71
2003,4,2,6,-21.4,925.6,NA,230,70
2003,4,2,9,-23.4,925.5,NA,240,68
2003,4,2,12,-23.8,925.5,NA,230,67
2003,4,2,15,-24.3,925.8,17,240,66
2003,4,2,18,-24.8,926.5,NA,230,65
2003,4,2,21,-25.4,926.9,NA,230,65
2003,4,3,0,-25.6,926.1,NA,250,64
2003,4,3,3,-25.9,925.1,NA,220,64
2003,4,3,6,-26.7,925,NA,230,63
2003,4,3,9,-27.1,923.8,NA,230,62
2003,4,3,12,-27.7,922.3,NA,NA,62
2003,4,3,15,-28.5,921.6,NA,NA,61
2003,4,3,18,-28.6,921.6,NA,NA,61
2003,4,3,21,-28.9,921.9,NA,NA,60
2003,4,4,0,-28.1,921.3,NA,230,55
2003,4,4,3,-27.2,920.6,NA,240,45
2003,4,4,6,-26.9,921,NA,230,46
2003,4,4,9,-26.7,921.4,NA,240,41
2003,4,4,12,-26.3,922.9,NA,220,39
2003,4,4,15,-27.2,923.6,NA,230,52
2003,4,4,18,-27.2,923.7,NA,230,50
2003,4,4,21,-26.9,923.5,NA,250,47
2003,4,5,0,-26.7,923.5,NA,240,43
2003,4,5,3,-26.4,923.5,NA,240,37
2003,4,5,6,-28.3,923.4,NA,250,48
2003,4,5,9,-27.6,924.2,NA,250,50
2003,4,5,12,-26.9,925,NA,250,41
2003,4,5,15,-26.3,925.9,NA,200,37
2003,4,5,18,-25.1,926.5,5,240,35
2003,4,5,21,-24,927.2,NA,0,32
2003,4,6,0,-21.6,927.2,2,0,32
2003,4,6,3,-21.2,926.7,2,360,31
2003,4,6,6,-21,926,NA,10,32
2003,4,6,9,-20.4,924.5,NA,10,29
2003,4,6,12,-19.9,923,NA,270,27
2003,4,6,15,-20.4,921.9,5,20,25
2003,4,6,18,-20.2,920.5,NA,30,23
2003,4,6,21,-20.2,919,NA,290,24
2003,4,7,0,-19.3,917.9,NA,0,23
2003,4,7,3,-22.7,917.2,NA,250,31
2003,4,7,6,NA,917.4,NA,100,29
2003,4,7,9,-26.6,916.9,NA,230,44
2003,4,7,12,-26.6,916.9,3,230,59
2003,4,7,15,-26.4,915.9,4,250,62
2003,4,7,18,-26.2,915.9,4,240,62
2003,4,7,21,-26.1,914.8,NA,40,57
2003,4,8,0,NA,913.4,NA,360,63
2003,4,8,3,-24.6,912.5,NA,30,65
2003,4,8,6,-24.1,912.2,NA,40,65
2003,4,8,9,-23,911.3,9,60,67
2003,4,8,12,-22.9,910.8,9,30,67
2003,4,8,15,-23.7,910,8,10,66
2003,4,8,18,-23.9,910.1,6,360,66
2003,4,8,21,-24.3,910.4,5,10,65
2003,4,9,0,-23,910.7,7,360,67
2003,4,9,3,-22.7,910.8,6,10,67
2003,4,9,6,-23.1,911.4,5,10,67
2003,4,9,9,-22.8,912.3,5,10,67
2003,4,9,12,-22.7,913.1,3,350,68
2003,4,9,15,-23.1,913.7,3,330,67
2003,4,9,18,-24,914.8,3,290,66
2003,4,9,21,-23.6,916.2,NA,250,64
2003,4,10,0,-23.4,917.8,NA,250,61
2003,4,10,3,-23.6,918.3,NA,260,57
2003,4,10,6,-22.5,919.1,NA,270,63
2003,4,10,9,-23.3,919.5,NA,260,66
2003,4,10,12,-22.6,919.3,NA,290,67
2003,4,10,15,-22.6,918.9,NA,250,58
2003,4,10,18,-21.6,918.9,NA,250,55
2003,4,10,21,-22.3,918.1,NA,230,51
2003,4,11,0,-21,916.5,NA,240,69
2003,4,11,3,-20.5,916.2,NA,NA,70
2003,4,11,6,-20.8,920,NA,NA,69
2003,4,11,9,-21,921,NA,NA,69
2003,4,11,12,-20.7,921.6,NA,NA,68
2003,4,11,15,-21.6,925.1,NA,NA,69
2003,4,11,18,-20.6,927,NA,NA,68
2003,4,11,21,-21.9,927.6,NA,220,69
2003,4,12,0,-22.1,927.4,NA,240,69
2003,4,12,3,-22.6,926.9,NA,270,68
2003,4,12,6,-23.3,925.3,NA,20,68
2003,4,12,9,-23.1,923.3,NA,10,67
2003,4,12,12,-23.8,920.9,NA,30,66
2003,4,12,15,-24,919,4,30,66
2003,4,12,18,-25.3,917.7,NA,280,64
2003,4,12,21,-24.8,916,1,350,65
2003,4,13,0,-24.7,914.2,NA,60,65
2003,4,13,3,-25,912.6,NA,30,65
2003,4,13,6,-26.6,911.2,NA,220,63
2003,4,13,9,-26.7,909.3,NA,30,63
2003,4,13,12,-27.2,907.3,2,80,62
2003,4,13,15,-27.1,904.9,4,70,62
2003,4,13,18,-27.8,902.9,4,40,61
2003,4,13,21,-28.2,900.8,3,50,61
2003,4,14,0,-27.6,898.8,3,50,61
2003,4,14,3,-27.9,896.3,2,70,61
2003,4,14,6,-28.6,895.6,2,290,61
2003,4,14,9,-27.7,896.5,NA,280,61
2003,4,14,12,-29.2,899.2,NA,270,60
2003,4,14,15,-28.2,903.2,NA,240,61
2003,4,14,18,-28,907.3,NA,30,61
2003,4,14,21,-28.1,911.2,4,40,61
2003,4,15,0,-26.7,914.4,NA,50,62
2003,4,15,3,-27.2,916.8,7,50,62
2003,4,15,6,-26.7,917.6,7,50,62
2003,4,15,9,-26.3,918.8,6,40,63
2003,4,15,12,-26.8,918.8,NA,250,62
2003,4,15,15,-28.6,918.2,NA,250,60
2003,4,15,18,-28.5,916.9,NA,240,60
2003,4,15,21,-28,917.4,NA,240,61
2003,4,16,0,-27.6,916.2,NA,230,61
2003,4,16,3,-26.8,915.6,NA,320,62
2003,4,16,6,-26.4,913.9,NA,340,63
2003,4,16,9,-26.5,912,4,10,62
2003,4,16,12,-26.1,910.3,5,360,60
2003,4,16,15,-26.6,909,4,250,61
2003,4,16,18,-26.3,908.2,NA,240,63
2003,4,16,21,-26.4,908.1,7,270,63
2003,4,17,0,-25.2,908.1,NA,260,64
2003,4,17,3,-24.4,907.7,4,50,65
2003,4,17,6,-22.9,906.8,NA,10,61
2003,4,17,9,-21.9,905.7,NA,10,57
2003,4,17,12,-21.1,904.1,NA,20,65
2003,4,17,15,-21.6,902.3,NA,280,69
2003,4,17,18,-21.2,900.1,NA,NA,70
2003,4,17,21,-22.8,899.3,NA,160,68
2003,4,18,0,-23.6,899.4,NA,240,66
2003,4,18,3,-25.7,900.3,NA,220,64
2003,4,18,6,-24.5,902.3,9,160,65
2003,4,18,9,-24.5,903.7,NA,300,65
2003,4,18,12,-26.7,904.5,NA,240,63
2003,4,18,15,-26,906,NA,300,63
2003,4,18,18,-25.4,906.3,NA,240,64
2003,4,18,21,-24.9,906.2,NA,240,63
2003,4,19,0,-25.2,908.1,NA,220,57
2003,4,19,3,-24.7,908.6,NA,220,58
2003,4,19,6,-26.6,908.1,NA,230,59
2003,4,19,9,-27.2,908.3,NA,240,57
2003,4,19,12,-27.2,908.4,NA,250,61
2003,4,19,15,-26.3,906.7,NA,250,43
2003,4,19,18,-26.2,904.4,NA,20,42
2003,4,19,21,-26.3,901.9,NA,360,40
2003,4,20,0,-25,899.3,NA,40,40
2003,4,20,3,-24.3,896.7,NA,250,38
2003,4,20,6,-23.3,895.3,NA,260,30
2003,4,20,9,-24.3,894.8,10,270,36
2003,4,20,12,-23.9,894.8,NA,260,33
2003,4,20,15,-23.6,894.2,NA,240,30
2003,4,20,18,-23.5,894,7,250,33
2003,4,20,21,-22.2,894,6,260,31
2003,4,21,0,-21.5,894.4,3,250,29
2003,4,21,3,-20.3,894,3,250,27
2003,4,21,6,-19.7,894.2,5,250,28
2003,4,21,9,-18,894.2,NA,200,32
2003,4,21,12,-18.6,894.6,NA,200,59
2003,4,21,15,-16.9,894.1,NA,240,62
2003,4,21,18,-14.7,894.5,NA,220,75
2003,4,21,21,-12.6,894.2,NA,230,79
2003,4,22,0,-13.1,893,NA,240,79
2003,4,22,3,NA,893.5,NA,230,74
2003,4,22,6,NA,898.6,NA,240,71
2003,4,22,9,-21.3,902.4,NA,240,70
2003,4,22,12,-21.7,906.7,56,230,69
2003,4,22,15,-21.8,910.5,NA,NA,69
2003,4,22,18,-20.3,911.9,NA,NA,70
2003,4,22,21,-20.8,913.1,NA,NA,70
2003,4,23,0,-21.8,912.1,NA,250,69
2003,4,23,3,-22,914.1,NA,240,69
2003,4,23,6,-21.2,912.5,NA,240,70
2003,4,23,9,-20,908.7,NA,240,71
2003,4,23,12,-20.6,905.8,NA,250,71
2003,4,23,15,-20.9,908,NA,NA,70
2003,4,23,18,-19.9,910.3,NA,NA,71
2003,4,23,21,-19.3,916.3,NA,NA,72
2003,4,24,0,-18.3,920,NA,250,72
2003,4,24,3,-17.5,924.4,NA,230,65
2003,4,24,6,-16.6,929.2,NA,230,75
2003,4,24,9,-17.8,929.8,NA,NA,74
2003,4,24,12,-18.1,927.3,NA,NA,74
2003,4,24,15,-20.1,924.4,NA,60,71
2003,4,24,18,-22,924.7,NA,80,69
2003,4,24,21,-22.8,924.1,NA,250,68
2003,4,25,0,-22.7,923,NA,220,68
2003,4,25,3,-22.9,921.1,NA,230,68
2003,4,25,6,-24,920.3,NA,230,67
2003,4,25,9,-24.4,919,NA,230,66
2003,4,25,12,-24.4,918.6,14,220,66
2003,4,25,15,-25,917.4,14,230,65
2003,4,25,18,-25,917.4,NA,230,65
2003,4,25,21,-24.1,917.4,18,220,66
2003,4,26,0,-23.8,916.8,NA,230,66
2003,4,26,3,-23.7,918,NA,210,67
2003,4,26,6,-24.2,918.7,NA,240,66
2003,4,26,9,-23.4,919.5,NA,250,67
2003,4,26,12,-23.3,920.8,NA,220,67
2003,4,26,15,-22.9,921.9,4,230,68
2003,4,26,18,-22.2,922.6,NA,240,68
2003,4,26,21,-23.2,924.3,4,270,68
2003,4,27,0,-23.3,925.2,NA,240,67
2003,4,27,3,-23.4,926.2,NA,240,67
2003,4,27,6,-23.5,927.3,NA,230,67
2003,4,27,9,-24.1,928.3,16,240,66
2003,4,27,12,-24.7,929.6,NA,240,65
2003,4,27,15,-25.1,929.7,NA,240,65
2003,4,27,18,-25.7,929.2,9,250,64
2003,4,27,21,-26.7,929.6,8,260,63
2003,4,28,0,-26.9,929.4,NA,240,63
2003,4,28,3,-27.3,928,NA,250,62
2003,4,28,6,-28.1,926.7,11,250,61
2003,4,28,9,-27.9,925.3,NA,250,61
2003,4,28,12,-26.4,923.7,NA,240,62
2003,4,28,15,-25.6,921.8,NA,240,64
2003,4,28,18,-25.3,921.7,NA,NA,64
2003,4,28,21,-24.7,922.3,NA,NA,64
2003,4,29,0,-24.7,925,NA,NA,64
2003,4,29,3,-24.2,926.1,NA,230,56
2003,4,29,6,-23.9,924.6,NA,240,58
2003,4,29,9,-22.8,925.2,NA,230,57
2003,4,29,12,-22.8,923.2,NA,230,57
2003,4,29,15,-23.7,922.8,NA,230,67
2003,4,29,18,-23.3,923.4,NA,240,67
2003,4,29,21,-23.2,923.1,NA,230,67
2003,4,30,0,-23.6,923.1,NA,220,67
2003,4,30,3,-24.4,922.4,NA,240,66
2003,4,30,6,-25.4,922.5,19,240,65
2003,4,30,9,-26.4,922.7,18,250,63
2003,4,30,12,-26.5,923.1,17,240,63
2003,4,30,15,-26.8,923.5,15,240,63
2003,4,30,18,-27.3,923.4,NA,250,62
2003,4,30,21,-27.1,923.4,NA,240,62
2003,5,1,0,-27.9,923.7,NA,250,61
2003,5,1,3,-28.8,924.3,NA,240,60
2003,5,1,6,-28.9,925.2,25,250,60
2003,5,1,9,-28.8,926.2,NA,250,60
2003,5,1,12,-28.5,927.7,NA,260,60
2003,5,1,15,-28.3,927.9,19,250,61
2003,5,1,18,-29.4,928.6,15,260,59
2003,5,1,21,-28.3,928.7,NA,NA,61
2003,5,2,0,-28.3,928.5,NA,NA,61
2003,5,2,3,-27.8,929,20,NA,61
2003,5,2,6,-28.4,929.5,20,NA,61
2003,5,2,9,-27.3,928.1,NA,NA,62
2003,5,2,12,-27,928.2,NA,240,62
2003,5,2,15,-26.7,924.8,NA,240,63
2003,5,2,18,-26.2,922.7,NA,NA,63
2003,5,2,21,-26.4,920.3,NA,NA,63
2003,5,3,0,-25.9,923.1,NA,250,64
2003,5,3,3,-25,921.7,NA,240,64
2003,5,3,6,-25.4,923.4,NA,230,64
2003,5,3,9,-23.8,925.1,NA,NA,64
2003,5,3,12,-23.5,925.5,NA,NA,63
2003,5,3,15,-23.3,929,56,NA,63
2003,5,3,18,-23.5,930.1,NA,NA,66
2003,5,3,21,-23,930.4,NA,NA,57
2003,5,4,0,-23.7,932,NA,230,63
2003,5,4,3,-23.7,933,NA,230,55
2003,5,4,6,-22.3,933.8,NA,240,52
2003,5,4,9,-23.4,930.9,NA,230,66
2003,5,4,12,-23.1,929.1,NA,NA,63
2003,5,4,15,-22.5,926.7,NA,NA,65
2003,5,4,18,-21.9,924.7,NA,NA,57
2003,5,4,21,-21.6,924.5,NA,NA,56
2003,5,5,0,-23.4,922.4,53,230,63
2003,5,5,3,-22.5,921.6,52,NA,66
2003,5,5,6,-22.3,922.9,NA,NA,67
2003,5,5,9,-22.8,924.2,NA,230,67
2003,5,5,12,-23.3,924.5,44,230,67
2003,5,5,15,-23.3,924.7,45,240,67
2003,5,5,18,-23.5,924,47,230,66
2003,5,5,21,-25,926.2,NA,240,64
2003,5,6,0,-25,925.9,NA,230,65
2003,5,6,3,-24.6,926.2,NA,230,63
2003,5,6,6,-25,925.4,36,230,63
2003,5,6,9,-23.6,924.8,35,240,65
2003,5,6,12,-23.2,923.7,NA,230,64
2003,5,6,15,-25.3,920.8,NA,240,64
2003,5,6,18,-25,921,NA,230,63
2003,5,6,21,-25.3,917.5,NA,230,65
2003,5,7,0,-22.9,917.2,NA,240,61
2003,5,7,3,-23.5,911.8,NA,230,59
2003,5,7,6,-22,910.6,NA,250,56
2003,5,7,9,-19.6,903.8,NA,250,57
2003,5,7,12,-20.9,902.1,NA,240,67
2003,5,7,15,-20.7,900.8,NA,250,70
2003,5,7,18,-19.9,901.6,NA,240,70
2003,5,7,21,-17.2,900.1,NA,250,69
2003,5,8,0,-16.8,899.1,NA,250,72
2003,5,8,3,-16,898.3,NA,240,75
2003,5,8,6,-15.4,896.4,NA,240,76
2003,5,8,9,-14.4,899.7,NA,250,76
2003,5,8,12,-14.2,903.6,NA,250,77
2003,5,8,15,-13.6,903.5,NA,250,77
2003,5,8,18,-13.5,906.2,NA,240,78
2003,5,8,21,-11.7,912.5,NA,250,55
2003,5,9,0,-10.5,911.6,NA,240,45
2003,5,9,3,-12.9,915.1,NA,230,59
2003,5,9,6,-14.6,918.6,NA,230,47
2003,5,9,9,-12.5,919.6,NA,250,46
2003,5,9,12,-15.2,920.8,NA,170,58
2003,5,9,15,-15.7,919.9,NA,240,62
2003,5,9,18,-15.4,920.9,NA,230,56
2003,5,9,21,-16.4,920.5,NA,220,57
2003,5,10,0,-14.5,918.5,NA,20,39
2003,5,10,3,-11.7,916,NA,20,32
2003,5,10,6,-10.8,914,NA,270,28
2003,5,10,9,-13.5,915,NA,230,38
2003,5,10,12,-15,913.2,NA,240,37
2003,5,10,15,-17.7,912,NA,230,50
2003,5,10,18,-18.1,912.2,NA,240,45
2003,5,10,21,-17.4,911.5,NA,30,32
2003,5,11,0,-18.1,910.4,NA,40,37
2003,5,11,3,-20.7,909.8,NA,0,44
2003,5,11,6,-21.6,909.7,NA,70,47
2003,5,11,9,-23,909.8,NA,100,57
2003,5,11,12,-23.7,908.5,NA,40,65
2003,5,11,15,-24.1,906.7,NA,10,64
2003,5,11,18,-23.5,905.6,NA,30,57
2003,5,11,21,-23.2,906.4,NA,70,52
2003,5,12,0,-26.5,909,NA,220,62
2003,5,12,3,NA,907.7,NA,250,60
2003,5,12,6,-27.7,908.8,NA,240,60
2003,5,12,9,-27.1,910.8,NA,240,55
2003,5,12,12,-26.3,911.1,NA,230,45
2003,5,12,15,-24.9,910.8,NA,250,41
2003,5,12,18,-25.2,909.9,NA,230,53
2003,5,12,21,-23.5,908.1,NA,230,32
2003,5,13,0,-24.4,906.4,NA,110,30
2003,5,13,3,-24.7,904.8,NA,140,34
2003,5,13,6,-23.7,903,NA,30,34
2003,5,13,9,-25.2,902.5,NA,30,36
2003,5,13,12,-25.8,902.1,8,30,44
2003,5,13,15,-26.2,902.4,NA,130,50
2003,5,13,18,-26.8,903.2,5,190,60
2003,5,13,21,-27.2,903.3,3,350,60
2003,5,14,0,-27.6,903.3,NA,10,57
2003,5,14,3,-29.1,903,4,60,59
2003,5,14,6,-29.1,902.7,NA,70,58
2003,5,14,9,-28.4,902.2,3,270,59
2003,5,14,12,-29.7,902.1,NA,250,58
2003,5,14,15,-29.3,902,NA,240,58
2003,5,14,18,-28.5,903.1,NA,240,59
2003,5,14,21,-27.7,903,NA,230,61
2003,5,15,0,-27,902.5,NA,230,61
2003,5,15,3,-26,900.7,NA,340,62
2003,5,15,6,-26.1,898.7,NA,10,47
2003,5,15,9,-25.6,895.9,NA,40,36
2003,5,15,12,-24.5,893.7,12,40,32
2003,5,15,15,-24.9,892.3,NA,270,32
2003,5,15,18,-26.2,893.2,NA,260,37
2003,5,15,21,-24.7,895.6,NA,250,29
2003,5,16,0,-26.2,898.3,NA,260,29
2003,5,16,3,-23,898.6,NA,250,51
2003,5,16,6,-24.4,900.6,NA,240,63
2003,5,16,9,-25.2,897.4,NA,240,62
2003,5,16,12,-25.2,901.6,NA,240,61
2003,5,16,15,-25.6,903.4,NA,230,51
2003,5,16,18,-25.1,902.7,NA,220,57
2003,5,16,21,-22.5,902.3,NA,250,38
2003,5,17,0,-21,900.1,NA,240,39
2003,5,17,3,-21,900.4,NA,240,63
2003,5,17,6,-21.3,899.3,NA,250,68
2003,5,17,9,-21.5,900.8,NA,260,67
2003,5,17,12,-19.6,900.9,NA,NA,48
2003,5,17,15,-18.8,900.2,NA,NA,42
2003,5,17,18,-18.2,896.2,NA,NA,43
2003,5,17,21,-18.4,897.1,NA,250,48
2003,5,18,0,-16.9,896.4,NA,250,49
2003,5,18,3,-17.1,897.1,NA,250,56
2003,5,18,6,-16.3,896,NA,260,53
2003,5,18,9,-18.1,896,NA,240,58
2003,5,18,12,-16.8,896,NA,NA,73
2003,5,18,15,-17.7,897.1,46,NA,67
2003,5,18,18,-19.7,899.4,NA,NA,65
2003,5,18,21,-20.6,902,NA,230,65
2003,5,19,0,-20.5,901.7,NA,240,62
2003,5,19,3,-20.8,905.6,NA,230,63
2003,5,19,6,-20.2,908.5,NA,250,54
2003,5,19,9,-19.6,907.9,NA,270,52
2003,5,19,12,-21.7,906.4,NA,320,51
2003,5,19,15,-22.8,904.5,NA,240,66
2003,5,19,18,-23.1,902,NA,250,66
2003,5,19,21,-23.4,900.3,NA,280,66
2003,5,20,0,-24.3,899.8,3,280,66
2003,5,20,3,-26.2,901.1,NA,200,64
2003,5,20,6,-27.2,902.8,NA,190,61
2003,5,20,9,-28.1,903.7,NA,200,61
2003,5,20,12,-29.1,903.3,4,260,59
2003,5,20,15,-27.8,902.1,2,360,60
2003,5,20,18,-25.5,901.9,NA,240,62
2003,5,20,21,-24,903.2,NA,230,63
2003,5,21,0,-22.1,903.7,10,240,37
2003,5,21,3,-20.6,904.7,NA,NA,36
2003,5,21,6,NA,905.8,NA,NA,46
2003,5,21,9,-19,905.2,NA,NA,66
2003,5,21,12,-20.2,903.8,NA,250,70
2003,5,21,15,-19.7,906.2,NA,250,70
2003,5,21,18,-18.3,906.7,NA,240,60
2003,5,21,21,-19.1,908.9,NA,230,71
2003,5,22,0,-19.3,907.9,NA,240,72
2003,5,22,3,-20.7,906.3,NA,240,70
2003,5,22,6,-22.1,908,NA,240,68
2003,5,22,9,-21.6,907.9,NA,250,68
2003,5,22,12,-20.1,908.6,54,NA,58
2003,5,22,15,-20.7,908.8,54,NA,48
2003,5,22,18,-21.3,911.2,NA,230,47
2003,5,22,21,-21.1,909.9,NA,240,43
2003,5,23,0,-23.9,909.4,NA,250,64
2003,5,23,3,-23.6,908.3,NA,250,65
2003,5,23,6,-24,907.2,NA,260,66
2003,5,23,9,-20.5,905.8,NA,250,32
2003,5,23,12,-20.2,904.3,NA,310,28
2003,5,23,15,-19,905.3,NA,240,27
2003,5,23,18,-20.5,904.9,NA,240,31
2003,5,23,21,NA,904.6,NA,240,42
2003,5,24,0,NA,904.4,NA,250,45
2003,5,24,3,-13.8,903.7,NA,250,65
2003,5,24,6,-12.8,903.1,NA,250,71
2003,5,24,9,-12.7,904.7,NA,240,75
2003,5,24,12,-13,906.4,NA,240,79
2003,5,24,15,-13.1,910,NA,240,79
2003,5,24,18,-14.4,913.1,NA,220,78
2003,5,24,21,-15,913.2,NA,240,77
2003,5,25,0,-14.8,914.1,49,230,77
2003,5,25,3,-14.2,917.4,NA,240,78
2003,5,25,6,-11.9,916.2,NA,250,54
2003,5,25,9,-14.3,919.1,41,220,61
2003,5,25,12,-16.4,921.3,NA,240,76
2003,5,25,15,-17.8,916,NA,250,74
2003,5,25,18,-17.2,920.4,NA,240,74
2003,5,25,21,-14.7,919.1,NA,250,52
2003,5,26,0,-13.9,915.1,38,240,51
2003,5,26,3,-12.7,913.7,35,250,41
2003,5,26,6,-11.6,910.7,34,250,47
2003,5,26,9,-10,907.5,NA,240,55
2003,5,26,12,-9.3,904.5,NA,NA,69
2003,5,26,15,-10.4,904.9,NA,NA,82
2003,5,26,18,-9,906.1,NA,NA,83
2003,5,26,21,-10.2,908.4,NA,NA,83
2003,5,27,0,-8.7,910,57,250,80
2003,5,27,3,-7.6,909.6,60,250,65
2003,5,27,6,-9.2,907.4,NA,240,78
2003,5,27,9,-9.1,913.6,59,NA,73
2003,5,27,12,-8.8,918,NA,NA,60
2003,5,27,15,-10,919.3,NA,NA,68
2003,5,27,18,-11.3,924.5,NA,230,53
2003,5,27,21,-11.1,925.5,NA,230,69
2003,5,28,0,-13.7,927.5,NA,240,72
2003,5,28,3,-13.4,929.3,NA,240,75
2003,5,28,6,-15.8,930.1,NA,240,73
2003,5,28,9,-16.4,931.5,NA,220,76
2003,5,28,12,-16.9,932.2,NA,200,75
2003,5,28,15,-18,932.3,NA,210,75
2003,5,28,18,-18.4,931.9,NA,150,74
2003,5,28,21,-18.5,931.2,4,70,73
2003,5,29,0,-19.9,930.1,5,40,71
2003,5,29,3,-19.3,929.4,NA,20,69
2003,5,29,6,-20.1,928.8,NA,20,71
2003,5,29,9,-20.4,929.4,14,30,71
2003,5,29,12,-21.4,929.2,12,20,70
2003,5,29,15,-22.2,928.9,11,350,69
2003,5,29,18,-22.5,929.7,11,350,69
2003,5,29,21,-25.6,931.1,NA,240,65
2003,5,30,0,-26.2,931.7,NA,230,64
2003,5,30,3,-25.9,932.2,NA,0,64
2003,5,30,6,-26,932.8,NA,60,64
2003,5,30,9,-26,933.6,NA,50,64
2003,5,30,12,-23,934.6,NA,30,67
2003,5,30,15,-22.9,935.9,NA,30,67
2003,5,30,18,-22.8,936.5,12,20,67
2003,5,30,21,-24.1,937.4,11,20,67
2003,5,31,0,-22.1,937.7,8,30,68
2003,5,31,3,-22,938.3,NA,360,69
2003,5,31,6,-20.7,938.3,NA,350,67
2003,5,31,9,-18.4,938.1,5,340,54
2003,5,31,12,-17.6,937.9,NA,270,32
2003,5,31,15,-18.1,937.9,NA,250,27
2003,5,31,18,-19,938.3,NA,10,26
2003,5,31,21,-18.2,938.6,NA,270,26
2003,6,1,0,-18.3,938.5,NA,20,30
2003,6,1,3,-19.1,937.6,NA,NA,62
2003,6,1,6,-19.5,937.2,14,NA,67
2003,6,1,9,-19.6,936.3,10,NA,70
2003,6,1,12,-17.6,934.9,NA,10,70
2003,6,1,15,NA,933.7,NA,290,42
2003,6,1,18,-14.8,932.4,NA,0,32
2003,6,1,21,-14.5,931.8,NA,250,22
2003,6,2,0,-16.7,931.2,NA,250,28
2003,6,2,3,-18.2,931.4,NA,280,39
2003,6,2,6,-20.7,931.9,4,260,47
2003,6,2,9,NA,930.9,NA,240,59
2003,6,2,12,-22.5,932,NA,230,64
2003,6,2,15,-24.3,932.2,NA,230,65
2003,6,2,18,-25,932.9,NA,240,65
2003,6,2,21,-25.6,932.9,NA,220,63
2003,6,3,0,-26.7,933.3,NA,240,62
2003,6,3,3,-27.5,933.1,NA,240,62
2003,6,3,6,-28.3,932.4,NA,230,60
2003,6,3,9,-28,931.4,NA,230,60
2003,6,3,12,-28.2,931.3,13,250,60
2003,6,3,15,-27.5,930.6,NA,240,61
2003,6,3,18,-28,929.8,NA,220,61
2003,6,3,21,-27.3,929.2,5,260,61
2003,6,4,0,-25.4,928.7,NA,20,63
2003,6,4,3,-26.3,928.2,1,260,63
2003,6,4,6,-26.2,927.7,3,20,61
2003,6,4,9,-24.8,927.2,3,310,53
2003,6,4,12,-25,927.4,1,230,52
2003,6,4,15,-24.8,927.4,4,260,47
2003,6,4,18,-24,926.9,3,270,41
2003,6,4,21,-23.6,926.9,NA,NA,37
2003,6,5,0,-23.7,926.5,1,30,35
2003,6,5,3,-23.8,926.2,1,350,33
2003,6,5,6,-23,925.7,1,330,32
2003,6,5,9,-22,925.6,2,290,33
2003,6,5,12,-22.1,925.3,3,20,32
2003,6,5,15,-20.6,924.7,NA,NA,29
2003,6,5,18,-20.7,924.6,2,280,29
2003,6,5,21,-21.2,924.3,4,260,40
2003,6,6,0,-20,924,2,310,39
2003,6,6,3,-19.4,923.4,2,340,40
2003,6,6,6,-18.2,923,NA,NA,37
2003,6,6,9,-17.5,923.2,NA,240,44
2003,6,6,12,-16.4,923,NA,250,47
2003,6,6,15,-16.4,923.6,NA,260,47
2003,6,6,18,-13.7,923.7,NA,330,40
2003,6,6,21,-15,924.3,NA,0,44
2003,6,7,0,-17.1,924.8,NA,40,51
2003,6,7,3,-15.2,924.9,NA,30,57
2003,6,7,6,-16.2,924.8,NA,260,48
2003,6,7,9,-16.5,925.2,NA,20,54
2003,6,7,12,-16.8,926,5,20,46
2003,6,7,15,-18.8,926.3,9,270,48
2003,6,7,18,-20.2,926.9,NA,250,46
2003,6,7,21,-22.1,928.9,NA,240,59
2003,6,8,0,-22.4,931.3,NA,250,NA
2003,6,8,3,-22.9,932.2,NA,220,67
2003,6,8,6,-22.6,933.4,1,150,67
2003,6,8,9,-22.5,934.2,2,50,67
2003,6,8,12,-22.7,934.5,3,270,67
2003,6,8,15,-22.6,934.6,1,250,67
2003,6,8,18,-23.1,934.7,4,270,67
2003,6,8,21,-22.5,934.9,NA,250,67
2003,6,9,0,-22.8,934.7,8,260,67
2003,6,9,3,-24.2,933.9,NA,260,66
2003,6,9,6,-24.6,933.4,NA,NA,65
2003,6,9,9,-23.4,932.6,NA,NA,66
2003,6,9,12,-23.9,931.8,24,NA,66
2003,6,9,15,-23.2,930.2,NA,230,67
2003,6,9,18,-23.4,926.9,NA,230,66
2003,6,9,21,-23.2,925.5,NA,230,67
2003,6,10,0,-22,923.1,NA,250,67
2003,6,10,3,-22.3,922.7,49,250,67
2003,6,10,6,-21.8,921.8,NA,240,66
2003,6,10,9,-22.4,921,47,250,68
2003,6,10,12,-22.8,920.1,47,230,68
2003,6,10,15,-22.2,920.2,NA,240,68
2003,6,10,18,-22.3,919.5,NA,240,67
2003,6,10,21,-23.4,919.6,NA,230,67
2003,6,11,0,-23.3,918.5,34,240,66
2003,6,11,3,-24,918,NA,240,66
2003,6,11,6,-24.2,918.9,NA,250,65
2003,6,11,9,-24.8,919.3,NA,240,64
2003,6,11,12,-24.5,921.3,36,240,63
2003,6,11,15,-25,922.1,NA,240,63
2003,6,11,18,-25.7,922.7,NA,NA,61
2003,6,11,21,-26.1,925.1,NA,NA,56
2003,6,12,0,-26.7,927,NA,NA,61
2003,6,12,3,-26.4,927.3,NA,240,62
2003,6,12,6,-26.9,927.6,NA,250,62
2003,6,12,9,-26.4,927.9,NA,230,62
2003,6,12,12,-26.1,928.2,NA,230,49
2003,6,12,15,-25.6,928.4,NA,230,51
2003,6,12,18,-23.4,925.9,NA,240,47
2003,6,12,21,-24.9,927.6,NA,240,49
2003,6,13,0,-25.2,928.3,NA,250,NA
2003,6,13,3,-24.3,928.1,NA,220,48
2003,6,13,6,-25.3,928.4,NA,250,45
2003,6,13,9,-26.1,928.7,NA,260,47
2003,6,13,12,-24.4,929.6,NA,300,48
2003,6,13,15,-25.1,930.4,NA,360,48
2003,6,13,18,-24.7,931.1,NA,0,45
2003,6,13,21,-24.6,932.3,NA,10,47
2003,6,14,0,-25.2,933.3,NA,20,50
2003,6,14,3,-24,934.2,NA,20,46
2003,6,14,6,-26.5,934.4,NA,260,54
2003,6,14,9,-25.7,935.5,NA,350,43
2003,6,14,12,-23.8,936.3,3,270,38
2003,6,14,15,-24.9,937,NA,90,39
2003,6,14,18,-24,938,NA,40,37
2003,6,14,21,-25.6,938.8,4,30,36
2003,6,15,0,-25.3,939.3,NA,10,53
2003,6,15,3,-25.2,939.5,NA,30,52
2003,6,15,6,-25,939.2,NA,40,58
2003,6,15,9,-24.5,938.8,NA,30,63
2003,6,15,12,-25,938.4,NA,40,63
2003,6,15,15,-25.5,938.5,NA,40,62
2003,6,15,18,-27,938.1,NA,270,62
2003,6,15,21,-26,937.9,4,270,62
2003,6,16,0,-27.3,937.7,NA,270,61
2003,6,16,3,-27.2,937.1,NA,260,61
2003,6,16,6,-25.9,936.8,14,260,62
2003,6,16,9,-27,936.1,NA,250,61
2003,6,16,12,-26.5,935.3,NA,240,62
2003,6,16,15,-25.1,934.7,NA,230,63
2003,6,16,18,-24.3,933,NA,230,64
2003,6,16,21,-23.5,932.8,NA,240,65
2003,6,17,0,-22.3,934.3,NA,240,67
2003,6,17,3,-21.7,934.5,NA,250,67
2003,6,17,6,-21.1,938.6,NA,240,60
2003,6,17,9,-19.8,941.6,NA,240,54
2003,6,17,12,-21.2,943.8,NA,250,58
2003,6,17,15,-20.4,945.6,NA,240,59
2003,6,17,18,-20.9,947,NA,260,66
2003,6,17,21,-17.6,948.2,NA,250,44
2003,6,18,0,-20.3,948.9,NA,240,65
2003,6,18,3,-20,948.1,4,40,65
2003,6,18,6,-18.4,947.6,3,280,49
2003,6,18,9,-19.6,947,NA,50,58
2003,6,18,12,-20,945.8,7,50,68
2003,6,18,15,-19.7,945.2,NA,40,69
2003,6,18,18,-18.6,944.3,NA,30,48
2003,6,18,21,-17.5,943.2,NA,40,43
2003,6,19,0,-15.5,942.2,12,30,40
2003,6,19,3,-15.9,941.2,8,20,39
2003,6,19,6,-13.9,940,NA,10,37
2003,6,19,9,-14,939.1,NA,290,37
2003,6,19,12,-14.5,937.9,1,50,37
2003,6,19,15,-16.2,936.8,NA,40,39
2003,6,19,18,-15.9,934.6,NA,20,39
2003,6,19,21,-17.7,933,NA,20,39
2003,6,20,0,-19.2,932.8,NA,260,40
2003,6,20,3,-20.4,927.6,NA,230,52
2003,6,20,6,-22.2,928.9,NA,230,52
2003,6,20,9,-22.4,930.4,NA,230,65
2003,6,20,12,-22.9,931.4,NA,220,66
2003,6,20,15,-23.5,929.8,NA,230,66
2003,6,20,18,-23.8,929.2,NA,NA,65
2003,6,20,21,-24.7,928.8,NA,NA,65
2003,6,21,0,-25.6,929.6,NA,NA,59
2003,6,21,3,-26.4,929.2,NA,NA,59
2003,6,21,6,-27.5,929.2,NA,240,61
2003,6,21,9,-27.6,929.4,NA,240,61
2003,6,21,12,-27.6,929,NA,250,60
2003,6,21,15,-28.3,928.9,12,250,60
2003,6,21,18,-29,928,NA,240,59
2003,6,21,21,-29.3,927.4,NA,230,59
2003,6,22,0,-29.4,927.7,NA,240,58
2003,6,22,3,-29.7,927.8,NA,240,58
2003,6,22,6,-29.9,928.4,NA,240,58
2003,6,22,9,-28.5,928.7,NA,40,60
2003,6,22,12,-28.5,928.6,NA,20,51
2003,6,22,15,-30.3,928.6,NA,250,57
2003,6,22,18,-29,928.5,5,260,54
2003,6,22,21,-28.1,928.6,4,70,45
2003,6,23,0,-28.5,928.2,NA,20,42
2003,6,23,3,-29.8,927.5,NA,20,41
2003,6,23,6,-28.3,928,NA,70,39
2003,6,23,9,-29.9,928.8,NA,30,42
2003,6,23,12,-30.4,929.3,NA,10,44
2003,6,23,15,-29.9,930.1,NA,220,56
2003,6,23,18,-29.9,931,3,230,50
2003,6,23,21,-30.2,931.7,NA,270,56
2003,6,24,0,-32.1,932.3,NA,260,55
2003,6,24,3,-31.2,932.4,7,260,55
2003,6,24,6,-31.6,932.6,9,260,55
2003,6,24,9,-32,933.1,8,NA,55
2003,6,24,12,-31.2,933.1,8,NA,56
2003,6,24,15,-32,933.6,8,NA,56
2003,6,24,18,-31.3,933.6,9,250,55
2003,6,24,21,-32.3,933.8,NA,240,55
2003,6,25,0,-31.6,933.8,NA,250,55
2003,6,25,3,-31.1,933.1,NA,240,56
2003,6,25,6,-29.9,931,NA,230,57
2003,6,25,9,-28.2,927.3,NA,230,59
2003,6,25,12,-27.4,919.3,NA,240,60
2003,6,25,15,-28.3,911.6,NA,250,60
2003,6,25,18,-27.9,910.7,NA,250,60
2003,6,25,21,-26.2,907.1,NA,NA,61
2003,6,26,0,-25.7,907.6,NA,NA,62
2003,6,26,3,-25.4,907,NA,NA,63
2003,6,26,6,-24.5,909.3,NA,240,64
2003,6,26,9,-24.1,907.8,NA,240,64
2003,6,26,12,-23.4,905.2,NA,230,66
2003,6,26,15,-23,906.2,NA,240,66
2003,6,26,18,-22.8,905.9,NA,230,66
2003,6,26,21,-22.3,909.9,NA,240,67
2003,6,27,0,-22.4,916.2,NA,NA,68
2003,6,27,3,-21.2,914.6,NA,NA,69
2003,6,27,6,-22,912.1,NA,NA,68
2003,6,27,9,-21.5,916.3,NA,250,68
2003,6,27,12,-21,919.2,NA,240,NA
2003,6,27,15,-21.6,918,58,240,68
2003,6,27,18,-20.7,919.9,NA,250,69
2003,6,27,21,-20.5,918.5,NA,240,69
2003,6,28,0,-20.1,918.6,NA,240,69
2003,6,28,3,-20.8,917,NA,250,68
2003,6,28,6,-21,913,NA,240,68
2003,6,28,9,-21.2,915.9,NA,240,63
2003,6,28,12,-22,915.6,NA,230,64
2003,6,28,15,-21.1,917.1,NA,240,67
2003,6,28,18,-20.5,916.4,58,240,61
2003,6,28,21,-17.9,920.6,NA,240,53
2003,6,29,0,-18.1,923.3,NA,250,30
2003,6,29,3,-19.2,924.1,NA,230,57
2003,6,29,6,-21.8,924.9,NA,260,62
2003,6,29,9,-18.1,923.5,NA,260,65
2003,6,29,12,-19.8,921.2,NA,20,41
2003,6,29,15,-22.2,917,NA,10,63
2003,6,29,18,-20.8,914.3,NA,20,42
2003,6,29,21,-21.4,913.1,NA,10,45
2003,6,30,0,-24.6,913.8,NA,240,63
2003,6,30,3,NA,912.5,NA,220,62
2003,6,30,6,-26.9,909.9,NA,250,61
2003,6,30,9,-27.4,910.2,NA,230,57
2003,6,30,12,-28.8,909.5,NA,240,56
2003,6,30,15,-28.8,909.4,NA,230,44
2003,6,30,18,-30,909.4,NA,230,53
2003,6,30,21,-29.9,910.6,39,NA,46
2003,7,1,0,-30.5,912.9,NA,NA,54
2003,7,1,3,-30.1,915.3,NA,NA,51
2003,7,1,6,-30.1,916.7,NA,230,51
2003,7,1,9,-29.3,919.4,NA,220,48
2003,7,1,12,-28.3,921.5,28,230,57
2003,7,1,15,-27.2,925,NA,240,60
2003,7,1,18,-27.6,927.8,NA,250,61
2003,7,1,21,-26.7,930,NA,260,61
2003,7,2,0,-24.6,932,NA,240,63
2003,7,2,3,-23.1,932.6,NA,260,56
2003,7,2,6,-21.3,932.6,5,250,42
2003,7,2,9,-20,931.8,NA,240,34
2003,7,2,12,-18.8,930.1,4,260,28
2003,7,2,15,-17.5,928.3,4,260,28
2003,7,2,18,NA,926.6,NA,200,45
2003,7,2,21,-20.6,925.7,NA,190,49
2003,7,3,0,-23.9,924.4,NA,240,52
2003,7,3,3,-24.6,923,NA,270,52
2003,7,3,6,-22.5,921.6,NA,240,38
2003,7,3,9,-21.3,919.8,NA,240,36
2003,7,3,12,-21,919,NA,230,35
2003,7,3,15,-21.2,918.6,NA,230,40
2003,7,3,18,-20.1,918.1,NA,220,34
2003,7,3,21,-22.9,918.1,NA,230,35
2003,7,4,0,-22,917.1,NA,240,54
2003,7,4,3,-20.2,917.9,NA,230,38
2003,7,4,6,NA,913.8,NA,250,32
2003,7,4,9,-20.9,920.8,NA,230,56
2003,7,4,12,-18.8,920.3,NA,240,50
2003,7,4,15,-18.9,917.9,NA,250,53
2003,7,4,18,-20.1,921.2,NA,240,69
2003,7,4,21,-20.6,922.9,NA,240,69
2003,7,5,0,-21.1,926.3,53,230,69
2003,7,5,3,-20.5,927.9,NA,240,69
2003,7,5,6,-20.8,931.2,NA,240,69
2003,7,5,9,-21,935.8,NA,230,69
2003,7,5,12,-19.2,932.3,NA,240,55
2003,7,5,15,-18,931.3,58,250,60
2003,7,5,18,-19.3,933.2,NA,240,51
2003,7,5,21,-18.3,935.1,NA,230,45
2003,7,6,0,-16.8,934.2,NA,240,42
2003,7,6,3,-17.4,932.5,NA,NA,35
2003,7,6,6,-18.4,933.3,NA,NA,39
2003,7,6,9,-17.7,932.4,NA,NA,40
2003,7,6,12,-18.7,932.2,NA,230,41
2003,7,6,15,-20.9,929.9,NA,240,57
2003,7,6,18,-22.3,925.9,NA,220,66
2003,7,6,21,-17.6,920.8,NA,240,60
2003,7,7,0,-20,922.8,52,NA,67
2003,7,7,3,-22,925.3,48,NA,67
2003,7,7,6,-21.8,924.4,52,NA,65
2003,7,7,9,-21.9,922.8,52,250,64
2003,7,7,12,-19.4,920.8,NA,NA,59
2003,7,7,15,-19.7,920.4,NA,NA,69
2003,7,7,18,-18.5,916.8,NA,NA,70
2003,7,7,21,-19,915.2,NA,NA,72
2003,7,8,0,-20.2,917.2,NA,250,69
2003,7,8,3,-19,921.7,58,250,71
2003,7,8,6,-17.5,920.9,58,240,73
2003,7,8,9,-17.5,924.6,NA,NA,59
2003,7,8,12,-15.2,924.4,NA,NA,41
2003,7,8,15,-18.9,926.7,NA,NA,54
2003,7,8,18,-20,928.2,NA,230,54
2003,7,8,21,-17.7,927.4,NA,300,44
2003,7,9,0,-21.2,926.6,NA,70,54
2003,7,9,3,-21.8,926.1,NA,0,66
2003,7,9,6,-22.3,925.9,NA,30,66
2003,7,9,9,-22.6,925.8,NA,360,53
2003,7,9,12,-22.4,925,NA,320,44
2003,7,9,15,-21.3,924.9,NA,350,42
2003,7,9,18,-21.4,924.9,NA,330,40
2003,7,9,21,-22.9,925.6,NA,280,41
2003,7,10,0,-23.1,926.8,NA,270,45
2003,7,10,3,-24.4,926.7,NA,250,46
2003,7,10,6,-23.5,926.8,NA,230,57
2003,7,10,9,-21.4,928.1,NA,230,59
2003,7,10,12,-21.5,928.4,NA,240,64
2003,7,10,15,-21.6,928.2,NA,240,65
2003,7,10,18,-20.5,927.4,NA,330,45
2003,7,10,21,-21.8,926.7,NA,30,39
2003,7,11,0,-22.3,926.5,NA,40,55
2003,7,11,3,-21.5,926.6,NA,270,66
2003,7,11,6,-22.4,927,NA,270,60
2003,7,11,9,-23.3,927.6,NA,30,66
2003,7,11,12,-20.9,928.4,NA,40,42
2003,7,11,15,-20.3,928.4,NA,NA,29
2003,7,11,18,-22.2,928.9,NA,40,41
2003,7,11,21,-23.1,929.6,NA,310,46
2003,7,12,0,-23.6,929.4,NA,0,44
2003,7,12,3,-24.3,929.1,4,60,56
2003,7,12,6,-26,928.4,NA,40,56
2003,7,12,9,-25.3,927.7,NA,20,61
2003,7,12,12,-24.2,927,NA,360,60
2003,7,12,15,-25.3,926.4,13,10,62
2003,7,12,18,-25.5,925.5,16,20,62
2003,7,12,21,-24.8,924.5,NA,40,63
2003,7,13,0,-24.3,923,13,40,55
2003,7,13,3,-25.4,922.3,13,30,50
2003,7,13,6,-25.5,920.5,13,40,61
2003,7,13,9,-24,919.3,NA,50,64
2003,7,13,12,-23.5,918.6,NA,NA,65
2003,7,13,15,-23.5,918,NA,NA,65
2003,7,13,18,-24.6,917.5,NA,NA,65
2003,7,13,21,-23.4,917.4,NA,NA,65
2003,7,14,0,-25.7,917.1,NA,NA,63
2003,7,14,3,-24.7,917.5,NA,NA,64
2003,7,14,6,-25.3,918.1,NA,NA,63
2003,7,14,9,-26.1,919,NA,NA,63
2003,7,14,12,-25,919.2,NA,NA,64
2003,7,14,15,-25.5,919.1,NA,NA,63
2003,7,14,18,-25.9,918.6,NA,NA,62
2003,7,14,21,-25.7,918.1,NA,NA,63
2003,7,15,0,-26,918.3,NA,NA,62
2003,7,15,3,-25.4,918.1,NA,NA,63
2003,7,15,6,-25.2,917.7,NA,NA,64
2003,7,15,9,-24.7,917.3,NA,NA,64
2003,7,15,12,-24.8,916.5,NA,NA,64
2003,7,15,15,-24.9,915.1,NA,NA,64
2003,7,15,18,-26.4,913.5,NA,NA,62
2003,7,15,21,-26.4,912.7,NA,NA,62
2003,7,16,0,-25,911.6,NA,NA,63
2003,7,16,3,-24,912,NA,NA,65
2003,7,16,6,-23.8,911.8,NA,NA,65
2003,7,16,9,-24,912,21,NA,65
2003,7,16,12,-23.1,910.1,NA,NA,66
2003,7,16,15,-22.5,909.9,NA,240,67
2003,7,16,18,-22.9,908.1,NA,230,66
2003,7,16,21,-22.3,907.8,NA,240,67
2003,7,17,0,-22,903.7,NA,NA,67
2003,7,17,3,-21.1,904,NA,NA,69
2003,7,17,6,-18.5,903,NA,NA,70
2003,7,17,9,-19.2,907.7,NA,230,71
2003,7,17,12,-19.1,905.1,NA,240,71
2003,7,17,15,-18.9,905.3,NA,NA,72
2003,7,17,18,-19.2,902.8,NA,NA,71
2003,7,17,21,-20.1,904.2,60,NA,71
2003,7,18,0,-20.4,902.2,56,NA,70
2003,7,18,3,-19.4,902,58,NA,71
2003,7,18,6,-19.1,904,NA,230,67
2003,7,18,9,-17.3,905.8,NA,230,65
2003,7,18,12,-19.7,908.4,NA,240,66
2003,7,18,15,-20.4,907.9,NA,240,59
2003,7,18,18,-19.8,909.6,NA,240,55
2003,7,18,21,-22.3,909.5,NA,250,59
2003,7,19,0,-22.3,909.2,NA,NA,54
2003,7,19,3,-22,909,NA,NA,50
2003,7,19,6,-23.6,908.5,NA,NA,50
2003,7,19,9,-22.6,908,NA,NA,46
2003,7,19,12,-24,908,NA,230,52
2003,7,19,15,-25.9,908.9,NA,280,60
2003,7,19,18,-28.6,907.9,NA,240,60
2003,7,19,21,-29.1,908,NA,240,59
2003,7,20,0,-29.9,907.2,NA,230,58
2003,7,20,3,-29.8,907.1,NA,240,58
2003,7,20,6,-29.5,906.3,28,240,58
2003,7,20,9,-28.3,906.2,NA,220,51
2003,7,20,12,-28.6,905,NA,230,57
2003,7,20,15,-27.4,903.1,NA,230,44
2003,7,20,18,-26.2,902.4,NA,240,42
2003,7,20,21,-25.7,901.4,19,250,45
2003,7,21,0,-25.5,899.5,NA,240,58
2003,7,21,3,-22.4,898.4,NA,NA,56
2003,7,21,6,-22.3,896.9,NA,NA,64
2003,7,21,9,-20.4,896,NA,NA,62
2003,7,21,12,-20.1,897.5,NA,240,66
2003,7,21,15,-19.7,898.9,NA,240,66
2003,7,21,18,-18.4,901.6,NA,240,68
2003,7,21,21,-19,904.3,NA,230,50
2003,7,22,0,-19.9,906.5,NA,260,48
2003,7,22,3,-19.6,907.2,NA,350,43
2003,7,22,6,-23.1,907.5,NA,50,62
2003,7,22,9,-24.2,907.7,NA,90,65
2003,7,22,12,-25.6,907.6,NA,250,64
2003,7,22,15,-26.2,908.9,11,250,62
2003,7,22,18,-26.1,910.5,NA,0,62
2003,7,22,21,-25.8,911.6,NA,90,63
2003,7,23,0,-25.9,911.9,2,280,63
2003,7,23,3,-26.8,912.6,4,240,62
2003,7,23,6,-27.3,913.4,NA,260,61
2003,7,23,9,-25.4,915,NA,310,62
2003,7,23,12,-26.9,915.2,4,280,62
2003,7,23,15,-27.6,915.7,1,360,61
2003,7,23,18,-27,915.9,4,20,61
2003,7,23,21,-26.6,916,3,10,62
2003,7,24,0,-26.8,916.1,5,0,62
2003,7,24,3,-27.7,915.8,6,20,61
2003,7,24,6,-26.8,914.8,9,30,61
2003,7,24,9,-28.4,912.4,NA,330,60
2003,7,24,12,-29.1,909.3,NA,30,59
2003,7,24,15,-30.2,909.7,NA,240,58
2003,7,24,18,-31.6,910.9,NA,230,57
2003,7,24,21,NA,910.5,NA,250,53
2003,7,25,0,NA,911.1,NA,0,58
2003,7,25,3,NA,911.8,NA,0,59
2003,7,25,6,-27.6,912.1,NA,20,58
2003,7,25,9,-26.7,912.7,NA,10,34
2003,7,25,12,-26.4,912.2,NA,0,33
2003,7,25,15,-25.7,911.6,NA,300,28
2003,7,25,18,NA,911.2,NA,0,25
2003,7,25,21,-21.9,910.8,NA,260,25
2003,7,26,0,-22.7,911.3,NA,260,27
2003,7,26,3,-21.5,912.2,NA,260,33
2003,7,26,6,-18.7,913.6,NA,340,29
2003,7,26,9,-17.8,914.2,NA,10,30
2003,7,26,12,-19.8,914.1,NA,10,30
2003,7,26,15,-20.3,912.4,2,20,34
2003,7,26,18,NA,909.2,NA,270,41
2003,7,26,21,NA,903.1,NA,240,49
2003,7,27,0,-27.3,904.2,NA,240,60
2003,7,27,3,-29.5,902.3,NA,250,58
2003,7,27,6,-31.3,903.3,NA,250,56
2003,7,27,9,-32.4,906.2,57,240,55
2003,7,27,12,-32.2,910.5,NA,250,55
2003,7,27,15,-32.8,911.6,NA,240,54
2003,7,27,18,-32.6,914.1,NA,230,54
2003,7,27,21,-31.5,915.5,NA,230,55
2003,7,28,0,-29.9,917.3,NA,240,37
2003,7,28,3,-28.9,920.6,NA,240,34
2003,7,28,6,-28.8,920.2,NA,230,38
2003,7,28,9,-28.4,919.5,NA,20,33
2003,7,28,12,-29.1,920.5,NA,260,34
2003,7,28,15,-29.6,918.9,NA,240,54
2003,7,28,18,-28.3,920.2,NA,240,58
2003,7,28,21,-24.8,920.7,NA,240,54
2003,7,29,0,-23.9,921.6,NA,NA,45
2003,7,29,3,-21.8,921.3,NA,20,41
2003,7,29,6,-23.4,920.4,NA,10,42
2003,7,29,9,-23,917.5,NA,350,38
2003,7,29,12,-22.2,917.6,NA,20,35
2003,7,29,15,-22.8,915.7,NA,30,35
2003,7,29,18,-24.2,914.1,NA,10,45
2003,7,29,21,-24.3,913.7,NA,30,50
2003,7,30,0,-25.6,914.7,NA,40,51
2003,7,30,3,-27,914.1,NA,250,59
2003,7,30,6,-26.5,913.2,NA,360,60
2003,7,30,9,-25.3,912.5,4,210,56
2003,7,30,12,-22.7,911.1,NA,240,42
2003,7,30,15,-22,911.4,NA,270,38
2003,7,30,18,-22.5,911.3,NA,310,38
2003,7,30,21,-25.4,912.2,NA,270,51
2003,7,31,0,-24.3,913,NA,240,62
2003,7,31,3,-23.6,914,NA,240,64
2003,7,31,6,-22,913.6,NA,240,56
2003,7,31,9,-22.2,912.1,NA,250,61
2003,7,31,12,-23,912.8,NA,250,64
2003,7,31,15,-24,911.1,NA,240,65
2003,7,31,18,-24.6,912.3,NA,NA,62
2003,7,31,21,-23.7,914.3,NA,NA,62
2003,8,1,0,-22.9,913.9,NA,NA,63
2003,8,1,3,-22.9,914.4,NA,230,66
2003,8,1,6,-20.4,913.1,NA,250,63
2003,8,1,9,-21.1,911.8,NA,NA,62
2003,8,1,12,-21.6,912.4,NA,NA,49
2003,8,1,15,-23.1,914.6,NA,NA,50
2003,8,1,18,-23.7,915.8,NA,200,48
2003,8,1,21,-23.7,913.8,NA,10,44
2003,8,2,0,-23.7,911.9,NA,30,44
2003,8,2,3,-27.5,909.9,NA,250,57
2003,8,2,6,-27.2,908.8,NA,250,60
2003,8,2,9,-27.8,911.2,NA,190,60
2003,8,2,12,-27.5,910.9,NA,30,60
2003,8,2,15,-27.3,910.2,3,360,60
2003,8,2,18,-25,908.8,5,30,60
2003,8,2,21,NA,907.4,NA,0,39
2003,8,3,0,NA,906.4,4,10,28
2003,8,3,3,-19.2,906.2,NA,NA,20
2003,8,3,6,-19.6,905.6,NA,NA,19
2003,8,3,9,-18.2,904.8,NA,NA,15
2003,8,3,12,-18.7,904,NA,NA,14
2003,8,3,15,-20,903.8,3,330,17
2003,8,3,18,-21.9,904.5,NA,240,21
2003,8,3,21,-23.2,906.3,NA,0,26
2003,8,4,0,-26.6,906.7,NA,240,47
2003,8,4,3,-26,908.1,NA,240,60
2003,8,4,6,-25.4,911.4,NA,230,61
2003,8,4,9,-26.6,914.1,NA,240,61
2003,8,4,12,-25.8,915.1,NA,250,62
2003,8,4,15,-25.8,914.4,NA,230,57
2003,8,4,18,-26,912.3,7,240,62
2003,8,4,21,-24.6,910.8,NA,280,47
2003,8,5,0,-22.7,909.1,5,350,42
2003,8,5,3,-22.1,907.9,NA,360,38
2003,8,5,6,-21.5,906.4,NA,0,34
2003,8,5,9,-18.9,904.8,4,350,28
2003,8,5,12,-18.7,903.4,NA,0,25
2003,8,5,15,-18.3,903.1,NA,0,25
2003,8,5,18,-18.2,903.1,NA,0,24
2003,8,5,21,NA,903.8,NA,240,43
2003,8,6,0,NA,905.4,NA,240,55
2003,8,6,3,-26.6,907.7,NA,240,60
2003,8,6,6,-25.3,909.8,NA,250,61
2003,8,6,9,-23.7,912.6,NA,190,62
2003,8,6,12,-20.6,914.6,NA,230,39
2003,8,6,15,-20.7,917.2,NA,NA,31
2003,8,6,18,-20.1,918.9,NA,NA,30
2003,8,6,21,-20.7,919.6,NA,NA,30
2003,8,7,0,-23.3,919.7,NA,NA,33
2003,8,7,3,NA,919.7,NA,270,44
2003,8,7,6,-25.4,919.7,NA,230,58
2003,8,7,9,-24.9,920.4,NA,300,62
2003,8,7,12,-25.8,920.8,NA,80,62
2003,8,7,15,-26.4,921.3,NA,NA,61
2003,8,7,18,-27,920.9,NA,NA,61
2003,8,7,21,-27.4,920.1,NA,NA,60
2003,8,8,0,-28,918.9,NA,NA,60
2003,8,8,3,-28.5,917.1,NA,NA,59
2003,8,8,6,-28.8,915.5,NA,NA,59
2003,8,8,9,-29.2,913.8,NA,NA,58
2003,8,8,12,-29.7,911.7,NA,NA,58
2003,8,8,15,-29.7,910.5,NA,NA,58
2003,8,8,18,-29.8,908.8,2,30,57
2003,8,8,21,-29.7,907.9,NA,NA,58
2003,8,9,0,-29.2,907.6,NA,NA,58
2003,8,9,3,-28.9,907.7,NA,NA,58
2003,8,9,6,-28.7,907.6,1,300,59
2003,8,9,9,-29,907.7,1,270,58
2003,8,9,12,-27.1,907.4,NA,NA,60
2003,8,9,15,-28.7,907.4,NA,NA,60
2003,8,9,18,-29.6,907.5,3,270,58
2003,8,9,21,-28.4,908.3,NA,220,59
2003,8,10,0,-28.6,909.3,NA,230,59
2003,8,10,3,-27.5,910.6,NA,330,60
2003,8,10,6,-27.3,911.3,NA,0,60
2003,8,10,9,-27.7,912.3,NA,260,60
2003,8,10,12,-27.8,913.2,NA,300,60
2003,8,10,15,-28.1,913.6,NA,230,59
2003,8,10,18,-28.5,914.5,NA,230,59
2003,8,10,21,-29.5,915.4,NA,240,59
2003,8,11,0,-29.2,917.5,16,240,58
2003,8,11,3,-29.7,919.6,NA,250,58
2003,8,11,6,-27.6,922.1,NA,230,60
2003,8,11,9,-26.6,925.3,NA,0,61
2003,8,11,12,-24.9,926.1,NA,350,54
2003,8,11,15,NA,926.3,NA,10,33
2003,8,11,18,NA,926.1,NA,280,19
2003,8,11,21,-17.8,928.6,NA,360,23
2003,8,12,0,-17.3,929.8,NA,150,15
2003,8,12,3,-18.1,929.6,NA,NA,19
2003,8,12,6,NA,929,NA,NA,16
2003,8,12,9,NA,928.7,2,250,12
2003,8,12,12,-17.3,928.7,NA,260,16
2003,8,12,15,-13.8,929.2,6,10,14
2003,8,12,18,NA,928.6,NA,30,15
2003,8,12,21,-13.2,926.1,NA,290,19
2003,8,13,0,NA,922,NA,10,NA
2003,8,13,3,NA,917,NA,30,52
2003,8,13,6,NA,911.1,NA,70,51
2003,8,13,9,NA,909.2,NA,270,54
2003,8,13,12,NA,911.9,NA,270,64
2003,8,13,15,-9.9,910.2,NA,290,80
2003,8,13,18,-9.6,910.7,58,280,70
2003,8,13,21,-8.9,912.2,NA,270,37
2003,8,14,0,NA,915.2,NA,80,65
2003,8,14,3,NA,914.3,NA,220,65
2003,8,14,6,-26.5,914,NA,250,62
2003,8,14,9,-26.2,912.1,NA,140,62
2003,8,14,12,-27.1,909.1,NA,80,61
2003,8,14,15,-27.5,906.7,NA,NA,61
2003,8,14,18,-28.4,904.2,4,260,60
2003,8,14,21,-28.5,904,NA,240,59
2003,8,15,0,-27.8,906.4,NA,260,60
2003,8,15,3,-28.1,908.2,NA,80,60
2003,8,15,6,-27.7,909.6,NA,50,60
2003,8,15,9,-28,910.9,7,20,60
2003,8,15,12,-26.7,911.4,6,50,61
2003,8,15,15,-27.3,913,5,270,61
2003,8,15,18,-24.4,914.1,4,30,64
2003,8,15,21,-23,913.7,4,40,65
2003,8,16,0,-23.7,914,2,270,66
2003,8,16,3,-23.5,914,2,260,65
2003,8,16,6,-24.8,915.9,1,250,64
2003,8,16,9,-27.7,918.3,NA,NA,61
2003,8,16,12,-28.6,920.3,NA,NA,60
2003,8,16,15,-31,922.4,NA,NA,57
2003,8,16,18,-32.4,924.8,NA,NA,55
2003,8,16,21,-32.8,926.7,NA,NA,54
2003,8,17,0,-33.1,928.3,NA,NA,54
2003,8,17,3,-33.8,928.3,NA,NA,53
2003,8,17,6,-33.2,927.1,NA,NA,54
2003,8,17,9,-33.6,927.1,7,220,53
2003,8,17,12,-33.7,927.7,8,NA,53
2003,8,17,15,-33.3,929.9,7,NA,53
2003,8,17,18,-33.4,930.8,7,240,54
2003,8,17,21,-33.1,930.7,7,NA,54
2003,8,18,0,-32.9,929.1,8,NA,54
2003,8,18,3,-32.2,928,NA,NA,55
2003,8,18,6,-32.3,924.2,NA,240,55
2003,8,18,9,-32.5,920.6,NA,240,54
2003,8,18,12,-32.7,916.8,NA,240,54
2003,8,18,15,-32.9,915.6,NA,250,54
2003,8,18,18,-32.6,914.3,NA,250,54
2003,8,18,21,-31.9,917.7,NA,240,55
2003,8,19,0,-31.4,919.9,NA,240,54
2003,8,19,3,-30.4,919.3,NA,0,49
2003,8,19,6,-31.1,917.4,NA,40,50
2003,8,19,9,-30.9,915.3,4,30,44
2003,8,19,12,-30.1,912.8,NA,20,36
2003,8,19,15,NA,910.2,NA,360,41
2003,8,19,18,-31.3,907.8,5,260,43
2003,8,19,21,-31.2,906,NA,290,40
2003,8,20,0,-30.9,904.3,3,20,40
2003,8,20,3,-30.7,903.4,NA,NA,55
2003,8,20,6,-31.3,903.9,NA,NA,55
2003,8,20,9,-31.6,905.3,3,300,52
2003,8,20,12,-29,907.4,NA,230,36
2003,8,20,15,-31.3,910.2,NA,250,39
2003,8,20,18,-27.3,914.9,NA,240,34
2003,8,20,21,-28.8,917.7,NA,230,39
2003,8,21,0,-29.7,920.1,NA,250,48
2003,8,21,3,-29.5,922.2,NA,0,34
2003,8,21,6,-29.8,923.6,NA,0,32
2003,8,21,9,-29.8,923.9,NA,NA,42
2003,8,21,12,-32.9,924.1,NA,270,44
2003,8,21,15,-32.4,924.8,NA,40,53
2003,8,21,18,-31.3,925.2,NA,360,47
2003,8,21,21,-31.4,926.2,NA,250,45
2003,8,22,0,-30.7,926.1,NA,30,42
2003,8,22,3,-30.4,923.6,NA,360,43
2003,8,22,6,-28.2,922.3,NA,20,44
2003,8,22,9,-30.3,922,NA,20,41
2003,8,22,12,-27.6,920,NA,60,40
2003,8,22,15,-25.7,918.4,NA,10,36
2003,8,22,18,-27.8,918.7,NA,0,36
2003,8,22,21,-28.7,919.8,NA,290,43
2003,8,23,0,-24.7,920.5,NA,240,34
2003,8,23,3,-25.1,920,NA,40,45
2003,8,23,6,-25.4,921.2,NA,20,44
2003,8,23,9,-25.1,920.4,NA,340,41
2003,8,23,12,-25.8,921.1,NA,30,42
2003,8,23,15,-24.6,918.8,NA,20,41
2003,8,23,18,NA,916.6,NA,260,29
2003,8,23,21,NA,916.6,NA,230,12
2003,8,24,0,-14.2,917.2,NA,30,14
2003,8,24,3,-13.6,917.5,NA,20,16
2003,8,24,6,NA,918,NA,310,13
2003,8,24,9,NA,917.9,NA,340,9
2003,8,24,12,-11.5,917.3,3,30,16
2003,8,24,15,NA,918.1,NA,230,23
2003,8,24,18,NA,916.6,NA,170,28
2003,8,24,21,-19.2,913.7,NA,250,30
2003,8,25,0,NA,910.8,NA,240,60
2003,8,25,3,-23.9,913.3,NA,240,57
2003,8,25,6,-23.4,917.3,NA,230,51
2003,8,25,9,-25.2,920,NA,240,62
2003,8,25,12,-25.1,922.5,NA,250,62
2003,8,25,15,-22.3,922.5,NA,270,52
2003,8,25,18,NA,923,NA,340,41
2003,8,25,21,-18.3,924.9,NA,300,29
2003,8,26,0,NA,924.4,NA,330,27
2003,8,26,3,NA,923.2,NA,340,15
2003,8,26,6,-9.7,921.3,NA,330,13
2003,8,26,9,-10.1,920,NA,280,13
2003,8,26,12,-9,920.8,NA,0,14
2003,8,26,15,-9.2,919.7,NA,320,16
2003,8,26,18,-11.5,917.9,NA,40,16
2003,8,26,21,-11.5,916.1,NA,20,20
2003,8,27,0,-10.7,914.2,NA,20,21
2003,8,27,3,-15.1,914.2,NA,0,33
2003,8,27,6,NA,915.7,NA,240,45
2003,8,27,9,NA,914.3,NA,240,45
2003,8,27,12,-21.9,912.4,NA,230,39
2003,8,27,15,-24,914,NA,230,60
2003,8,27,18,-24.7,914.4,NA,230,62
2003,8,27,21,-26.4,917.5,NA,240,60
2003,8,28,0,-26.5,919.4,NA,240,55
2003,8,28,3,-27.1,921.6,NA,230,59
2003,8,28,6,-26.4,924.3,NA,240,60
2003,8,28,9,-26.7,925.6,30,230,50
2003,8,28,12,-26.8,927.3,NA,240,46
2003,8,28,15,-27,929.9,NA,240,51
2003,8,28,18,-26.9,931.7,NA,290,50
2003,8,28,21,-26.3,931.9,NA,240,53
2003,8,29,0,-27.1,930.7,NA,240,NA
2003,8,29,3,-25.9,928.9,NA,250,51
2003,8,29,6,-27.4,925.4,NA,230,58
2003,8,29,9,-26.9,925.2,NA,230,59
2003,8,29,12,-26.5,924.4,29,240,59
2003,8,29,15,-26.9,923.4,NA,230,58
2003,8,29,18,-27.5,922.4,31,230,57
2003,8,29,21,-28.1,922.8,NA,240,58
2003,8,30,0,-28,923,NA,250,58
2003,8,30,3,-26.3,923.9,NA,250,60
2003,8,30,6,-25.7,924,NA,330,52
2003,8,30,9,-25.4,923.1,NA,20,46
2003,8,30,12,-25.8,922.3,6,10,46
2003,8,30,15,-26.5,920.9,NA,360,58
2003,8,30,18,-27.7,918.2,NA,20,59
2003,8,30,21,-26.6,915.5,NA,60,60
2003,8,31,0,-26,912.7,NA,NA,60
2003,8,31,3,-26.6,910.3,NA,250,60
2003,8,31,6,-30,905.7,NA,250,59
2003,8,31,9,-27.3,901.6,NA,230,59
2003,8,31,12,-28,900.4,NA,240,59
2003,8,31,15,-28.5,902.3,NA,240,58
2003,8,31,18,-28.8,906.4,NA,230,58
2003,8,31,21,-28.3,912.2,NA,240,58
2003,9,1,0,-28.4,914.1,NA,260,58
2003,9,1,3,-28.2,914.4,NA,50,59
2003,9,1,6,-27.7,913.5,NA,60,59
2003,9,1,9,-27.5,911.1,NA,30,59
2003,9,1,12,-27.3,908.8,NA,50,59
2003,9,1,15,-28,906.2,NA,30,59
2003,9,1,18,-27.5,903.8,NA,30,60
2003,9,1,21,-27,903.4,3,260,60
2003,9,2,0,-27.2,904.2,3,290,61
2003,9,2,3,-27.4,905.4,NA,260,59
2003,9,2,6,-25.8,907.3,NA,250,60
2003,9,2,9,-28.8,907.9,NA,240,59
2003,9,2,12,-29.3,906.8,NA,240,57
2003,9,2,15,-29.2,903.3,NA,NA,57
2003,9,2,18,-29.9,899.9,NA,NA,57
2003,9,2,21,-28.5,898.8,NA,240,58
2003,9,3,0,-27.6,895.4,NA,250,59
2003,9,3,3,-27,893.8,NA,250,60
2003,9,3,6,-27.7,893.1,NA,250,59
2003,9,3,9,-26.6,893.7,NA,240,61
2003,9,3,12,-25.2,893.5,NA,250,62
2003,9,3,15,-25.2,893.4,NA,250,62
2003,9,3,18,-23.3,895.5,NA,250,64
2003,9,3,21,-22.6,897.8,NA,240,65
2003,9,4,0,-22.2,902.3,56,250,66
2003,9,4,3,-21.8,906,NA,240,67
2003,9,4,6,-21.2,909.4,NA,NA,62
2003,9,4,9,-21,909.5,NA,270,35
2003,9,4,12,-20.3,910.9,NA,0,33
2003,9,4,15,-20.4,911.5,NA,NA,36
2003,9,4,18,-20.5,912.9,NA,NA,40
2003,9,4,21,-20.4,914,NA,NA,39
2003,9,5,0,-20.8,914.5,NA,270,36
2003,9,5,3,-22.2,914.6,3,NA,41
2003,9,5,6,-22.5,915,2,NA,57
2003,9,5,9,-22.2,913.9,NA,250,63
2003,9,5,12,-21.9,913.7,NA,240,56
2003,9,5,15,-20.6,912.7,NA,250,59
2003,9,5,18,-20.1,911.8,NA,240,51
2003,9,5,21,-19.3,911.5,NA,230,55
2003,9,6,0,-21.8,911.8,NA,240,64
2003,9,6,3,-22.5,912.6,NA,NA,57
2003,9,6,6,-22.9,914.6,NA,NA,63
2003,9,6,9,-22.9,916.1,NA,NA,61
2003,9,6,12,-23.4,918.2,NA,230,53
2003,9,6,15,-23.2,919.2,20,220,50
2003,9,6,18,-23.4,920.6,NA,0,56
2003,9,6,21,-24,921.7,NA,0,56
2003,9,7,0,-25.2,922.5,NA,250,62
2003,9,7,3,-25.6,923.8,NA,230,62
2003,9,7,6,-26,925.6,NA,230,61
2003,9,7,9,-25.6,927,NA,0,62
2003,9,7,12,-25.5,928.3,NA,240,61
2003,9,7,15,-24.7,929.3,NA,240,62
2003,9,7,18,-25.3,930.3,NA,0,62
2003,9,7,21,-26.2,931.3,4,NA,62
2003,9,8,0,-25.6,931.6,NA,20,62
2003,9,8,3,-21.8,930.9,6,30,65
2003,9,8,6,NA,929.1,NA,0,33
2003,9,8,9,NA,926,NA,10,21
2003,9,8,12,-13.9,922,NA,0,18
2003,9,8,15,NA,919.6,NA,270,32
2003,9,8,18,NA,920,NA,240,55
2003,9,8,21,-22.3,919.4,NA,240,60
2003,9,9,0,-23.5,918.7,NA,240,58
2003,9,9,3,-24.4,918.8,NA,230,58
2003,9,9,6,-24.2,920.8,NA,230,48
2003,9,9,9,-24.8,923.5,NA,240,47
2003,9,9,12,-23.1,922.2,NA,0,48
2003,9,9,15,-21.9,919.8,NA,10,32
2003,9,9,18,-22,921.8,NA,10,37
2003,9,9,21,-20.7,922,NA,340,37
2003,9,10,0,-18.2,922.2,NA,280,27
2003,9,10,3,-19.2,924.5,NA,230,28
2003,9,10,6,-17.5,926.6,NA,310,34
2003,9,10,9,-18.8,927.4,NA,230,38
2003,9,10,12,-21.5,932.4,NA,230,45
2003,9,10,15,-22,933.3,NA,130,49
2003,9,10,18,-20.4,932,NA,10,39
2003,9,10,21,-19,930.3,NA,20,36
2003,9,11,0,-17.7,927.6,NA,20,35
2003,9,11,3,-19.2,925.9,NA,80,36
2003,9,11,6,-19.9,924.3,NA,0,40
2003,9,11,9,-17.8,922.6,3,20,31
2003,9,11,12,-17.1,919,NA,10,32
2003,9,11,15,-21.8,916.1,NA,20,41
2003,9,11,18,NA,914.6,NA,260,60
2003,9,11,21,-25.4,912,NA,250,61
2003,9,12,0,-28.2,910.4,NA,230,58
2003,9,12,3,-29,908.4,NA,240,54
2003,9,12,6,-28.6,908.3,34,260,41
2003,9,12,9,-28.8,906.4,NA,240,42
2003,9,12,12,-29.2,904.1,NA,240,41
2003,9,12,15,-30,903.6,NA,240,52
2003,9,12,18,-30.1,903.4,NA,250,55
2003,9,12,21,-30.6,903,NA,230,55
2003,9,13,0,-30.7,903,19,240,55
2003,9,13,3,-30.7,904.4,NA,220,54
2003,9,13,6,-29.9,906.4,NA,230,56
2003,9,13,9,-28.9,905.8,NA,240,55
2003,9,13,12,-29.7,905.2,NA,240,56
2003,9,13,15,-30,909.1,NA,NA,56
2003,9,13,18,-30.1,910.1,NA,NA,56
2003,9,13,21,-29.7,910.3,59,NA,56
2003,9,14,0,-29.2,912.4,NA,230,57
2003,9,14,3,-29.1,914,NA,NA,57
2003,9,14,6,-28,915.8,NA,NA,43
2003,9,14,9,-28.8,916,NA,240,45
2003,9,14,12,-27.7,916.3,NA,240,34
2003,9,14,15,-26.9,916,NA,240,29
2003,9,14,18,-26,915.8,NA,250,24
2003,9,14,21,-29.8,916.4,NA,0,36
2003,9,15,0,-30,915.9,NA,230,51
2003,9,15,3,-30.8,917.7,NA,230,53
2003,9,15,6,-30.2,918.6,NA,0,52
2003,9,15,9,-29.4,918.7,NA,350,38
2003,9,15,12,-26.6,917.9,NA,0,32
2003,9,15,15,-25.7,916.3,NA,0,25
2003,9,15,18,-26.2,914,NA,30,23
2003,9,15,21,-22.6,912.2,NA,30,21
2003,9,16,0,-24.5,912.3,NA,330,22
2003,9,16,3,-23.1,911.4,NA,280,21
2003,9,16,6,NA,910.9,NA,NA,19
2003,9,16,9,-18.3,911.4,NA,NA,12
2003,9,16,12,-15.9,911.4,NA,0,11
2003,9,16,15,-20.1,911.2,NA,20,12
2003,9,16,18,-16.4,910.5,NA,0,14
2003,9,16,21,NA,909.5,NA,360,12
2003,9,17,0,-13.3,909.4,NA,10,13
2003,9,17,3,-11.1,908.7,NA,360,11
2003,9,17,6,-13.6,908.2,NA,0,11
2003,9,17,9,-16,908.8,NA,270,15
2003,9,17,12,NA,910.3,NA,230,15
2003,9,17,15,-18,911.2,NA,0,16
2003,9,17,18,-20.1,912.3,NA,30,14
2003,9,17,21,-20.2,915,NA,20,23
2003,9,18,0,-23.1,915.9,NA,240,45
2003,9,18,3,-23.1,918,NA,270,58
2003,9,18,6,-22.9,919.2,NA,240,51
2003,9,18,9,-21.5,919.9,NA,NA,38
2003,9,18,12,-18.3,916.3,NA,NA,53
2003,9,18,15,-18.5,919.7,NA,NA,66
2003,9,18,18,-22.4,924.2,NA,230,66
2003,9,18,21,-20.3,922.8,NA,240,67
2003,9,19,0,-19.2,921.6,NA,230,63
2003,9,19,3,-20.5,921.7,NA,230,65
2003,9,19,6,-21.8,921.5,NA,60,67
2003,9,19,9,-23,920.4,NA,350,66
2003,9,19,12,-22.3,920.6,5,250,66
2003,9,19,15,-23.2,918.7,5,270,66
2003,9,19,18,-24,916.2,NA,10,65
2003,9,19,21,-22.6,915.8,NA,50,66
2003,9,20,0,-22.9,917.5,NA,240,66
2003,9,20,3,-22.6,917.7,NA,230,66
2003,9,20,6,-21.8,916.4,NA,240,66
2003,9,20,9,-20.2,915.4,NA,210,58
2003,9,20,12,-19.5,913.8,NA,210,43
2003,9,20,15,-19.8,912.9,1,350,41
2003,9,20,18,-18.2,912.1,NA,NA,40
2003,9,20,21,-18.2,909.9,NA,220,65
2003,9,21,0,-19.3,907.5,NA,250,68
2003,9,21,3,-20.9,911.4,NA,230,68
2003,9,21,6,-19.8,910,NA,230,68
2003,9,21,9,-21.6,910.6,NA,230,67
2003,9,21,12,-23.4,915.2,NA,240,65
2003,9,21,15,-23.9,913.9,NA,240,64
2003,9,21,18,-22.8,912,NA,250,65
2003,9,21,21,-23.8,915.4,NA,240,49
2003,9,22,0,-21,915,NA,230,57
2003,9,22,3,NA,912.9,NA,240,50
2003,9,22,6,NA,910.6,NA,240,55
2003,9,22,9,-16.8,909,NA,240,70
2003,9,22,12,-20.2,909,NA,230,70
2003,9,22,15,-19.1,909.2,NA,230,71
2003,9,22,18,-21.5,915.8,NA,240,68
2003,9,22,21,-22.1,915.3,NA,NA,67
2003,9,23,0,-21.8,NA,NA,NA,66
2003,9,23,3,-22.3,925.3,NA,NA,61
2003,9,23,6,-20.2,926.9,NA,NA,66
2003,9,23,9,-18.9,926.6,NA,NA,44
2003,9,23,12,-20,926.9,NA,NA,42
2003,9,23,15,-19.3,926.4,NA,NA,38
2003,9,23,18,-19.6,925.9,NA,230,37
2003,9,23,21,-19.6,925.6,8,230,36
2003,9,24,0,-18,923.4,NA,250,NA
2003,9,24,3,-19.1,919.6,NA,240,64
2003,9,24,6,-18.5,916.9,NA,230,68
2003,9,24,9,-19.3,914.8,NA,240,70
2003,9,24,12,-19.3,911.6,NA,NA,70
2003,9,24,15,-18.8,911.4,NA,NA,70
2003,9,24,18,-21.5,911.7,NA,NA,68
2003,9,24,21,-19.9,911.7,NA,NA,67
2003,9,25,0,-19.5,914,NA,NA,66
2003,9,25,3,-18.8,914.3,NA,NA,54
2003,9,25,6,-19.1,915.5,NA,NA,62
2003,9,25,9,-20.3,917.5,NA,220,68
2003,9,25,12,-20.4,914.3,NA,230,69
2003,9,25,15,-20.7,913.2,NA,230,69
2003,9,25,18,-20.1,909.9,NA,240,70
2003,9,25,21,-19.4,909,NA,240,70
2003,9,26,0,-20.7,907.5,NA,230,69
2003,9,26,3,-19.3,904.8,NA,250,70
2003,9,26,6,-19,902.3,NA,250,71
2003,9,26,9,-18.4,904.1,NA,240,71
2003,9,26,12,-17.5,904.3,NA,260,71
2003,9,26,15,-17.1,902.1,NA,240,73
2003,9,26,18,-16.5,902,NA,240,73
2003,9,26,21,-16.2,902,NA,250,74
2003,9,27,0,NA,NA,NA,NA,NA
2003,9,27,3,NA,NA,NA,NA,NA
2003,9,27,6,NA,NA,NA,NA,NA
2003,9,27,9,NA,NA,NA,NA,NA
2003,9,27,12,NA,NA,NA,NA,NA
2003,9,27,15,NA,NA,NA,NA,NA
2003,9,27,18,NA,NA,NA,NA,NA
2003,9,27,21,NA,NA,NA,NA,NA
2003,9,28,0,NA,NA,NA,NA,NA
2003,9,28,3,NA,NA,NA,NA,NA
2003,9,28,6,NA,NA,NA,NA,NA
2003,9,28,9,NA,NA,NA,NA,NA
2003,9,28,12,NA,NA,NA,NA,NA
2003,9,28,15,NA,NA,NA,NA,NA
2003,9,28,18,NA,NA,NA,NA,NA
2003,9,28,21,NA,NA,NA,NA,NA
2003,9,29,0,NA,NA,NA,NA,NA
2003,9,29,3,NA,NA,NA,NA,NA
2003,9,29,6,NA,NA,NA,NA,NA
2003,9,29,9,NA,NA,NA,NA,NA
2003,9,29,12,NA,NA,NA,NA,NA
2003,9,29,15,NA,NA,NA,NA,NA
2003,9,29,18,NA,NA,NA,NA,NA
2003,9,29,21,NA,NA,NA,NA,NA
2003,9,30,0,NA,NA,NA,NA,NA
2003,9,30,3,NA,NA,NA,NA,NA
2003,9,30,6,NA,NA,NA,NA,NA
2003,9,30,9,NA,NA,NA,NA,NA
2003,9,30,12,NA,NA,NA,NA,NA
2003,9,30,15,NA,NA,NA,NA,NA
2003,9,30,18,NA,NA,NA,NA,NA
2003,9,30,21,NA,NA,NA,NA,NA
2003,10,1,0,NA,NA,NA,NA,NA
2003,10,1,3,NA,NA,NA,NA,NA
2003,10,1,6,NA,NA,NA,NA,NA
2003,10,1,9,NA,NA,NA,NA,NA
2003,10,1,12,NA,NA,NA,NA,NA
2003,10,1,15,NA,NA,NA,NA,NA
2003,10,1,18,NA,NA,NA,NA,NA
2003,10,1,21,NA,NA,NA,NA,NA
2003,10,2,0,NA,NA,NA,NA,NA
2003,10,2,3,NA,NA,NA,NA,NA
2003,10,2,6,NA,NA,NA,NA,NA
2003,10,2,9,NA,NA,NA,NA,NA
2003,10,2,12,NA,NA,NA,NA,NA
2003,10,2,15,NA,NA,NA,NA,NA
2003,10,2,18,NA,NA,NA,NA,NA
2003,10,2,21,NA,NA,NA,NA,NA
2003,10,3,0,NA,NA,NA,NA,NA
2003,10,3,3,NA,NA,NA,NA,NA
2003,10,3,6,NA,NA,NA,NA,NA
2003,10,3,9,NA,NA,NA,NA,NA
2003,10,3,12,NA,NA,NA,NA,NA
2003,10,3,15,NA,NA,NA,NA,NA
2003,10,3,18,NA,NA,NA,NA,NA
2003,10,3,21,NA,NA,NA,NA,NA
2003,10,4,0,NA,NA,NA,NA,NA
2003,10,4,3,NA,NA,NA,NA,NA
2003,10,4,6,NA,NA,NA,NA,NA
2003,10,4,9,NA,NA,NA,NA,NA
2003,10,4,12,NA,NA,NA,NA,NA
2003,10,4,15,NA,NA,NA,NA,NA
2003,10,4,18,NA,NA,NA,NA,NA
2003,10,4,21,NA,NA,NA,NA,NA
2003,10,5,0,NA,NA,NA,NA,NA
2003,10,5,3,NA,NA,NA,NA,NA
2003,10,5,6,NA,NA,NA,NA,NA
2003,10,5,9,NA,NA,NA,NA,NA
2003,10,5,12,NA,NA,NA,NA,NA
2003,10,5,15,NA,NA,NA,NA,NA
2003,10,5,18,NA,NA,NA,NA,NA
2003,10,5,21,NA,NA,NA,NA,NA
2003,10,6,0,NA,NA,NA,NA,NA
2003,10,6,3,NA,NA,NA,NA,NA
2003,10,6,6,NA,NA,NA,NA,NA
2003,10,6,9,NA,NA,NA,NA,NA
2003,10,6,12,NA,NA,NA,NA,NA
2003,10,6,15,NA,NA,NA,NA,NA
2003,10,6,18,NA,NA,NA,NA,NA
2003,10,6,21,NA,NA,NA,NA,NA
2003,10,7,0,NA,NA,NA,NA,NA
2003,10,7,3,NA,NA,NA,NA,NA
2003,10,7,6,NA,NA,NA,NA,NA
2003,10,7,9,NA,NA,NA,NA,NA
2003,10,7,12,NA,NA,NA,NA,NA
2003,10,7,15,NA,NA,NA,NA,NA
2003,10,7,18,NA,NA,NA,NA,NA
2003,10,7,21,NA,NA,NA,NA,NA
2003,10,8,0,NA,NA,NA,NA,NA
2003,10,8,3,NA,NA,NA,NA,NA
2003,10,8,6,NA,NA,NA,NA,NA
2003,10,8,9,NA,NA,NA,NA,NA
2003,10,8,12,NA,NA,NA,NA,NA
2003,10,8,15,NA,NA,NA,NA,NA
2003,10,8,18,NA,NA,NA,NA,NA
2003,10,8,21,NA,NA,NA,NA,NA
2003,10,9,0,NA,NA,NA,NA,NA
2003,10,9,3,NA,NA,NA,NA,NA
2003,10,9,6,NA,NA,NA,NA,NA
2003,10,9,9,NA,NA,NA,NA,NA
2003,10,9,12,NA,NA,NA,NA,NA
2003,10,9,15,NA,NA,NA,NA,NA
2003,10,9,18,NA,NA,NA,NA,NA
2003,10,9,21,NA,NA,NA,NA,NA
2003,10,10,0,NA,NA,NA,NA,NA
2003,10,10,3,NA,NA,NA,NA,NA
2003,10,10,6,NA,NA,NA,NA,NA
2003,10,10,9,NA,NA,NA,NA,NA
2003,10,10,12,NA,NA,NA,NA,NA
2003,10,10,15,NA,NA,NA,NA,NA
2003,10,10,18,NA,NA,NA,NA,NA
2003,10,10,21,NA,NA,NA,NA,NA
2003,10,11,0,NA,NA,NA,NA,NA
2003,10,11,3,NA,NA,NA,NA,NA
2003,10,11,6,NA,NA,NA,NA,NA
2003,10,11,9,NA,NA,NA,NA,NA
2003,10,11,12,NA,NA,NA,NA,NA
2003,10,11,15,NA,NA,NA,NA,NA
2003,10,11,18,NA,NA,NA,NA,NA
2003,10,11,21,NA,NA,NA,NA,NA
2003,10,12,0,NA,NA,NA,NA,NA
2003,10,12,3,NA,NA,NA,NA,NA
2003,10,12,6,NA,NA,NA,NA,NA
2003,10,12,9,NA,NA,NA,NA,NA
2003,10,12,12,NA,NA,NA,NA,NA
2003,10,12,15,NA,NA,NA,NA,NA
2003,10,12,18,NA,NA,NA,NA,NA
2003,10,12,21,NA,NA,NA,NA,NA
2003,10,13,0,NA,NA,NA,NA,NA
2003,10,13,3,NA,NA,NA,NA,NA
2003,10,13,6,NA,NA,NA,NA,NA
2003,10,13,9,NA,NA,NA,NA,NA
2003,10,13,12,NA,NA,NA,NA,NA
2003,10,13,15,NA,NA,NA,NA,NA
2003,10,13,18,NA,NA,NA,NA,NA
2003,10,13,21,NA,NA,NA,NA,NA
2003,10,14,0,NA,NA,NA,NA,NA
2003,10,14,3,NA,NA,NA,NA,NA
2003,10,14,6,NA,NA,NA,NA,NA
2003,10,14,9,NA,NA,NA,NA,NA
2003,10,14,12,NA,NA,NA,NA,NA
2003,10,14,15,NA,NA,NA,NA,NA
2003,10,14,18,NA,NA,NA,NA,NA
2003,10,14,21,NA,NA,NA,NA,NA
2003,10,15,0,NA,NA,NA,NA,NA
2003,10,15,3,NA,NA,NA,NA,NA
2003,10,15,6,NA,NA,NA,NA,NA
2003,10,15,9,NA,NA,NA,NA,NA
2003,10,15,12,NA,NA,NA,NA,NA
2003,10,15,15,NA,NA,NA,NA,NA
2003,10,15,18,NA,NA,NA,NA,NA
2003,10,15,21,NA,NA,NA,NA,NA
2003,10,16,0,NA,NA,NA,NA,NA
2003,10,16,3,NA,NA,NA,NA,NA
2003,10,16,6,NA,NA,NA,NA,NA
2003,10,16,9,NA,NA,NA,NA,NA
2003,10,16,12,NA,NA,NA,NA,NA
2003,10,16,15,NA,NA,NA,NA,NA
2003,10,16,18,NA,NA,NA,NA,NA
2003,10,16,21,NA,NA,NA,NA,NA
2003,10,17,0,NA,NA,NA,NA,NA
2003,10,17,3,NA,NA,NA,NA,NA
2003,10,17,6,NA,NA,NA,NA,NA
2003,10,17,9,NA,NA,NA,NA,NA
2003,10,17,12,NA,NA,NA,NA,NA
2003,10,17,15,NA,NA,NA,NA,NA
2003,10,17,18,NA,NA,NA,NA,NA
2003,10,17,21,NA,NA,NA,NA,NA
2003,10,18,0,NA,NA,NA,NA,NA
2003,10,18,3,NA,NA,NA,NA,NA
2003,10,18,6,NA,NA,NA,NA,NA
2003,10,18,9,NA,NA,NA,NA,NA
2003,10,18,12,NA,NA,NA,NA,NA
2003,10,18,15,NA,NA,NA,NA,NA
2003,10,18,18,NA,NA,NA,NA,NA
2003,10,18,21,NA,NA,NA,NA,NA
2003,10,19,0,NA,NA,NA,NA,NA
2003,10,19,3,NA,NA,NA,NA,NA
2003,10,19,6,NA,NA,NA,NA,NA
2003,10,19,9,NA,NA,NA,NA,NA
2003,10,19,12,NA,NA,NA,NA,NA
2003,10,19,15,NA,NA,NA,NA,NA
2003,10,19,18,NA,NA,NA,NA,NA
2003,10,19,21,NA,NA,NA,NA,NA
2003,10,20,0,NA,NA,NA,NA,NA
2003,10,20,3,NA,NA,NA,NA,NA
2003,10,20,6,NA,NA,NA,NA,NA
2003,10,20,9,NA,NA,NA,NA,NA
2003,10,20,12,NA,NA,NA,NA,NA
2003,10,20,15,NA,NA,NA,NA,NA
2003,10,20,18,NA,NA,NA,NA,NA
2003,10,20,21,NA,NA,NA,NA,NA
2003,10,21,0,NA,NA,NA,NA,NA
2003,10,21,3,NA,NA,NA,NA,NA
2003,10,21,6,NA,NA,NA,NA,NA
2003,10,21,9,NA,NA,NA,NA,NA
2003,10,21,12,NA,NA,NA,NA,NA
2003,10,21,15,NA,NA,NA,NA,NA
2003,10,21,18,NA,NA,NA,NA,NA
2003,10,21,21,NA,NA,NA,NA,NA
2003,10,22,0,NA,NA,NA,NA,NA
2003,10,22,3,NA,NA,NA,NA,NA
2003,10,22,6,NA,NA,NA,NA,NA
2003,10,22,9,NA,NA,NA,NA,NA
2003,10,22,12,NA,NA,NA,NA,NA
2003,10,22,15,NA,NA,NA,NA,NA
2003,10,22,18,NA,NA,NA,NA,NA
2003,10,22,21,NA,NA,NA,NA,NA
2003,10,23,0,NA,NA,NA,NA,NA
2003,10,23,3,NA,NA,NA,NA,NA
2003,10,23,6,NA,NA,NA,NA,NA
2003,10,23,9,NA,NA,NA,NA,NA
2003,10,23,12,NA,NA,NA,NA,NA
2003,10,23,15,NA,NA,NA,NA,NA
2003,10,23,18,NA,NA,NA,NA,NA
2003,10,23,21,NA,NA,NA,NA,NA
2003,10,24,0,NA,NA,NA,NA,NA
2003,10,24,3,NA,NA,NA,NA,NA
2003,10,24,6,NA,NA,NA,NA,NA
2003,10,24,9,NA,NA,NA,NA,NA
2003,10,24,12,NA,NA,NA,NA,NA
2003,10,24,15,NA,NA,NA,NA,NA
2003,10,24,18,NA,NA,NA,NA,NA
2003,10,24,21,NA,NA,NA,NA,NA
2003,10,25,0,NA,NA,NA,NA,NA
2003,10,25,3,NA,NA,NA,NA,NA
2003,10,25,6,NA,NA,NA,NA,NA
2003,10,25,9,NA,NA,NA,NA,NA
2003,10,25,12,NA,NA,NA,NA,NA
2003,10,25,15,NA,NA,NA,NA,NA
2003,10,25,18,NA,NA,NA,NA,NA
2003,10,25,21,NA,NA,NA,NA,NA
2003,10,26,0,NA,NA,NA,NA,NA
2003,10,26,3,NA,NA,NA,NA,NA
2003,10,26,6,NA,NA,NA,NA,NA
2003,10,26,9,NA,NA,NA,NA,NA
2003,10,26,12,NA,NA,NA,NA,NA
2003,10,26,15,NA,NA,NA,NA,NA
2003,10,26,18,NA,NA,NA,NA,NA
2003,10,26,21,NA,NA,NA,NA,NA
2003,10,27,0,NA,NA,NA,NA,NA
2003,10,27,3,NA,NA,NA,NA,NA
2003,10,27,6,NA,NA,NA,NA,NA
2003,10,27,9,NA,NA,NA,NA,NA
2003,10,27,12,NA,NA,NA,NA,NA
2003,10,27,15,NA,NA,NA,NA,NA
2003,10,27,18,NA,NA,NA,NA,NA
2003,10,27,21,NA,NA,NA,NA,NA
2003,10,28,0,NA,NA,NA,NA,NA
2003,10,28,3,NA,NA,NA,NA,NA
2003,10,28,6,NA,NA,NA,NA,NA
2003,10,28,9,NA,NA,NA,NA,NA
2003,10,28,12,NA,NA,NA,NA,NA
2003,10,28,15,NA,NA,NA,NA,NA
2003,10,28,18,NA,NA,NA,NA,NA
2003,10,28,21,NA,NA,NA,NA,NA
2003,10,29,0,NA,NA,NA,NA,NA
2003,10,29,3,NA,NA,NA,NA,NA
2003,10,29,6,NA,NA,NA,NA,NA
2003,10,29,9,NA,NA,NA,NA,NA
2003,10,29,12,NA,NA,NA,NA,NA
2003,10,29,15,NA,NA,NA,NA,NA
2003,10,29,18,NA,NA,NA,NA,NA
2003,10,29,21,NA,NA,NA,NA,NA
2003,10,30,0,NA,NA,NA,NA,NA
2003,10,30,3,NA,NA,NA,NA,NA
2003,10,30,6,NA,NA,NA,NA,NA
2003,10,30,9,NA,NA,NA,NA,NA
2003,10,30,12,NA,NA,NA,NA,NA
2003,10,30,15,NA,NA,NA,NA,NA
2003,10,30,18,NA,NA,NA,NA,NA
2003,10,30,21,NA,NA,NA,NA,NA
2003,10,31,0,NA,NA,NA,NA,NA
2003,10,31,3,NA,NA,NA,NA,NA
2003,10,31,6,NA,NA,NA,NA,NA
2003,10,31,9,NA,NA,NA,NA,NA
2003,10,31,12,NA,NA,NA,NA,NA
2003,10,31,15,NA,NA,NA,NA,NA
2003,10,31,18,NA,NA,NA,NA,NA
2003,10,31,21,NA,NA,NA,NA,NA
2003,11,1,0,NA,NA,NA,NA,NA
2003,11,1,3,NA,NA,NA,NA,NA
2003,11,1,6,NA,NA,NA,NA,NA
2003,11,1,9,NA,NA,NA,NA,NA
2003,11,1,12,NA,NA,NA,NA,NA
2003,11,1,15,NA,NA,NA,NA,NA
2003,11,1,18,NA,NA,NA,NA,NA
2003,11,1,21,NA,NA,NA,NA,NA
2003,11,2,0,NA,NA,NA,NA,NA
2003,11,2,3,NA,NA,NA,NA,NA
2003,11,2,6,NA,NA,NA,NA,NA
2003,11,2,9,NA,NA,NA,NA,NA
2003,11,2,12,NA,NA,NA,NA,NA
2003,11,2,15,NA,NA,NA,NA,NA
2003,11,2,18,NA,NA,NA,NA,NA
2003,11,2,21,NA,NA,NA,NA,NA
2003,11,3,0,NA,NA,NA,NA,NA
2003,11,3,3,NA,NA,NA,NA,NA
2003,11,3,6,NA,NA,NA,NA,NA
2003,11,3,9,NA,NA,NA,NA,NA
2003,11,3,12,NA,NA,NA,NA,NA
2003,11,3,15,NA,NA,NA,NA,NA
2003,11,3,18,NA,NA,NA,NA,NA
2003,11,3,21,NA,NA,NA,NA,NA
2003,11,4,0,NA,NA,NA,NA,NA
2003,11,4,3,NA,NA,NA,NA,NA
2003,11,4,6,NA,NA,NA,NA,NA
2003,11,4,9,NA,NA,NA,NA,NA
2003,11,4,12,NA,NA,NA,NA,NA
2003,11,4,15,NA,NA,NA,NA,NA
2003,11,4,18,NA,NA,NA,NA,NA
2003,11,4,21,NA,NA,NA,NA,NA
2003,11,5,0,NA,NA,NA,NA,NA
2003,11,5,3,NA,NA,NA,NA,NA
2003,11,5,6,NA,NA,NA,NA,NA
2003,11,5,9,NA,NA,NA,NA,NA
2003,11,5,12,NA,NA,NA,NA,NA
2003,11,5,15,NA,NA,NA,NA,NA
2003,11,5,18,NA,NA,NA,NA,NA
2003,11,5,21,NA,NA,NA,NA,NA
2003,11,6,0,NA,NA,NA,NA,NA
2003,11,6,3,NA,NA,NA,NA,NA
2003,11,6,6,NA,NA,NA,NA,NA
2003,11,6,9,NA,NA,NA,NA,NA
2003,11,6,12,NA,NA,NA,NA,NA
2003,11,6,15,NA,NA,NA,NA,NA
2003,11,6,18,NA,NA,NA,NA,NA
2003,11,6,21,NA,NA,NA,NA,NA
2003,11,7,0,NA,NA,NA,NA,NA
2003,11,7,3,NA,NA,NA,NA,NA
2003,11,7,6,NA,NA,NA,NA,NA
2003,11,7,9,NA,NA,NA,NA,NA
2003,11,7,12,NA,NA,NA,NA,NA
2003,11,7,15,NA,NA,NA,NA,NA
2003,11,7,18,NA,NA,NA,NA,NA
2003,11,7,21,NA,NA,NA,NA,NA
2003,11,8,0,NA,NA,NA,NA,NA
2003,11,8,3,NA,NA,NA,NA,NA
2003,11,8,6,NA,NA,NA,NA,NA
2003,11,8,9,NA,NA,NA,NA,NA
2003,11,8,12,NA,NA,NA,NA,NA
2003,11,8,15,NA,NA,NA,NA,NA
2003,11,8,18,NA,NA,NA,NA,NA
2003,11,8,21,NA,NA,NA,NA,NA
2003,11,9,0,NA,NA,NA,NA,NA
2003,11,9,3,NA,NA,NA,NA,NA
2003,11,9,6,NA,NA,NA,NA,NA
2003,11,9,9,NA,NA,NA,NA,NA
2003,11,9,12,NA,NA,NA,NA,NA
2003,11,9,15,NA,NA,NA,NA,NA
2003,11,9,18,NA,NA,NA,NA,NA
2003,11,9,21,NA,NA,NA,NA,NA
2003,11,10,0,NA,NA,NA,NA,NA
2003,11,10,3,NA,NA,NA,NA,NA
2003,11,10,6,NA,NA,NA,NA,NA
2003,11,10,9,NA,NA,NA,NA,NA
2003,11,10,12,NA,NA,NA,NA,NA
2003,11,10,15,NA,NA,NA,NA,NA
2003,11,10,18,NA,NA,NA,NA,NA
2003,11,10,21,NA,NA,NA,NA,NA
2003,11,11,0,NA,NA,NA,NA,NA
2003,11,11,3,NA,NA,NA,NA,NA
2003,11,11,6,NA,NA,NA,NA,NA
2003,11,11,9,NA,NA,NA,NA,NA
2003,11,11,12,NA,NA,NA,NA,NA
2003,11,11,15,NA,NA,NA,NA,NA
2003,11,11,18,NA,NA,NA,NA,NA
2003,11,11,21,NA,NA,NA,NA,NA
2003,11,12,0,NA,NA,NA,NA,NA
2003,11,12,3,NA,NA,NA,NA,NA
2003,11,12,6,NA,NA,NA,NA,NA
2003,11,12,9,NA,NA,NA,NA,NA
2003,11,12,12,NA,NA,NA,NA,NA
2003,11,12,15,NA,NA,NA,NA,NA
2003,11,12,18,NA,NA,NA,NA,NA
2003,11,12,21,NA,NA,NA,NA,NA
2003,11,13,0,NA,NA,NA,NA,NA
2003,11,13,3,NA,NA,NA,NA,NA
2003,11,13,6,NA,NA,NA,NA,NA
2003,11,13,9,NA,NA,NA,NA,NA
2003,11,13,12,NA,NA,NA,NA,NA
2003,11,13,15,NA,NA,NA,NA,NA
2003,11,13,18,NA,NA,NA,NA,NA
2003,11,13,21,NA,NA,NA,NA,NA
2003,11,14,0,NA,NA,NA,NA,NA
2003,11,14,3,NA,NA,NA,NA,NA
2003,11,14,6,NA,NA,NA,NA,NA
2003,11,14,9,NA,NA,NA,NA,NA
2003,11,14,12,NA,NA,NA,NA,NA
2003,11,14,15,NA,NA,NA,NA,NA
2003,11,14,18,NA,NA,NA,NA,NA
2003,11,14,21,NA,NA,NA,NA,NA
2003,11,15,0,-13.2,923.5,4,60,72
2003,11,15,3,-13.6,923.2,2,140,71
2003,11,15,6,-12.9,923.1,2,110,74
2003,11,15,9,-13.3,923.2,5,250,71
2003,11,15,12,-16,922.4,NA,240,76
2003,11,15,15,-15.4,922.8,NA,250,76
2003,11,15,18,-15,922.8,NA,230,77
2003,11,15,21,-14.2,923.5,NA,220,77
2003,11,16,0,-13.8,923.2,NA,230,78
2003,11,16,3,-13.9,923.4,NA,NA,78
2003,11,16,6,-13.7,923.1,21,NA,73
2003,11,16,9,-14.3,922.9,20,NA,64
2003,11,16,12,-15.7,922.5,NA,240,76
2003,11,16,15,-15.8,921.6,NA,230,75
2003,11,16,18,-15.5,920.6,NA,NA,76
2003,11,16,21,-14.6,919.5,NA,NA,76
2003,11,17,0,-14.6,917.9,NA,NA,66
2003,11,17,3,-14.2,916.2,NA,NA,59
2003,11,17,6,-13.8,916.3,NA,240,50
2003,11,17,9,-14,915.4,NA,230,50
2003,11,17,12,-14.5,914.8,NA,240,49
2003,11,17,15,-14.7,912.7,NA,230,45
2003,11,17,18,-15,912.6,NA,220,62
2003,11,17,21,-14,911.6,NA,230,65
2003,11,18,0,-14.1,911.2,NA,230,60
2003,11,18,3,-13.7,911.2,NA,230,61
2003,11,18,6,-13.6,910,NA,NA,55
2003,11,18,9,-14.2,909,NA,NA,53
2003,11,18,12,-14.1,909.6,NA,NA,55
2003,11,18,15,-14.2,910.7,NA,240,52
2003,11,18,18,-13.6,910.7,NA,240,50
2003,11,18,21,-13.1,910.9,22,240,53
2003,11,19,0,-13.3,911.4,21,230,60
2003,11,19,3,-13,911.1,22,240,61
2003,11,19,6,-13,910.9,NA,240,60
2003,11,19,9,-13.6,910.6,NA,NA,60
2003,11,19,12,-14.1,911.1,NA,NA,75
2003,11,19,15,-14.2,911.2,35,NA,77
2003,11,19,18,-13.7,911,34,NA,71
2003,11,19,21,-13.3,909.4,NA,240,65
2003,11,20,0,-13,909.7,NA,NA,66
2003,11,20,3,-12.6,907.9,NA,NA,60
2003,11,20,6,-12.9,907.3,NA,NA,78
2003,11,20,9,-12.8,908.1,53,NA,79
2003,11,20,12,-12.8,908.3,NA,NA,79
2003,11,20,15,-12.6,910.9,NA,NA,78
2003,11,20,18,-12.7,910.7,NA,NA,79
2003,11,20,21,-12.4,909.8,49,240,79
2003,11,21,0,-12.3,911.1,46,240,79
2003,11,21,3,-10.6,912.7,NA,NA,62
2003,11,21,6,-10.3,912.2,NA,NA,51
2003,11,21,9,-10.3,911.9,NA,NA,50
2003,11,21,12,-10.2,913,NA,NA,46
2003,11,21,15,-10.5,913.1,NA,230,43
2003,11,21,18,-12.8,913.5,NA,230,72
2003,11,21,21,-11.4,913.2,NA,210,53
2003,11,22,0,-11.7,913.4,NA,240,67
2003,11,22,3,-11.4,913.3,NA,230,60
2003,11,22,6,-12.2,913.5,NA,NA,57
2003,11,22,9,-12.9,913.8,NA,NA,52
2003,11,22,12,-12.8,915.6,NA,NA,51
2003,11,22,15,-12.4,916.2,26,250,48
2003,11,22,18,-12.2,916.5,27,240,62
2003,11,22,21,-11.4,918.3,NA,240,58
2003,11,23,0,-11.5,918.7,NA,220,67
2003,11,23,3,-11.2,920.1,NA,230,71
2003,11,23,6,-11.4,920.8,NA,240,74
2003,11,23,9,-11.5,921.4,NA,350,61
2003,11,23,12,-13,921.5,NA,40,64
2003,11,23,15,-12.8,921.3,2,20,71
2003,11,23,18,-13.1,921.7,NA,350,68
2003,11,23,21,-12.6,922.3,3,250,67
2003,11,24,0,-12.8,923.2,NA,240,77
2003,11,24,3,-12.6,924.2,NA,230,77
2003,11,24,6,-13.1,925.2,NA,240,73
2003,11,24,9,-14.1,926.3,NA,230,77
2003,11,24,12,-13.8,926.8,NA,230,77
2003,11,24,15,-13.6,927.1,NA,230,66
2003,11,24,18,-13.9,927.2,NA,240,76
2003,11,24,21,-13.7,927.2,NA,240,72
2003,11,25,0,-13.6,928.4,38,230,72
2003,11,25,3,-13.1,928.1,38,NA,69
2003,11,25,6,-13,928.3,NA,NA,66
2003,11,25,9,-13.3,928.6,NA,NA,69
2003,11,25,12,-13.4,927.9,36,240,67
2003,11,25,15,-13.4,926.1,NA,240,67
2003,11,25,18,-14.3,926.3,37,230,77
2003,11,25,21,-14.5,924.9,NA,230,77
2003,11,26,0,-14.2,923.4,NA,230,77
2003,11,26,3,-14.3,922.9,46,240,77
2003,11,26,6,-14.1,923.1,NA,NA,77
2003,11,26,9,-13.6,922.1,NA,NA,77
2003,11,26,12,-13.6,920.7,NA,NA,78
2003,11,26,15,-13.6,919.4,NA,250,77
2003,11,26,18,-13.6,918.9,NA,240,78
2003,11,26,21,-13.1,918.6,NA,230,78
2003,11,27,0,-12.6,918,59,240,78
2003,11,27,3,-12.8,918.2,57,NA,79
2003,11,27,6,-12.7,920.2,NA,NA,78
2003,11,27,9,-12.3,919.2,NA,NA,76
2003,11,27,12,-12.2,920,53,NA,79
2003,11,27,15,-12.2,922,NA,NA,73
2003,11,27,18,-12,922.5,NA,NA,63
2003,11,27,21,-11.5,923.6,NA,240,60
2003,11,28,0,-12.1,924.4,NA,230,68
2003,11,28,3,-12.1,923.9,NA,230,69
2003,11,28,6,-12.3,924.4,NA,240,65
2003,11,28,9,-12.4,923.5,NA,230,63
2003,11,28,12,-12.7,923.3,NA,230,52
2003,11,28,15,-13,919.6,NA,240,68
2003,11,28,18,-12.8,919.4,NA,240,71
2003,11,28,21,-13,917,NA,NA,73
2003,11,29,0,-12.1,913.2,NA,NA,76
2003,11,29,3,-11.7,911.2,NA,NA,79
2003,11,29,6,-10.7,910.3,NA,NA,80
2003,11,29,9,-10,908.3,NA,NA,81
2003,11,29,12,-9.8,904.8,NA,NA,82
2003,11,29,15,-9.2,904,NA,NA,83
2003,11,29,18,-8.9,905.4,NA,230,83
2003,11,29,21,-8.5,908.4,58,240,83
2003,11,30,0,-8.1,911.1,58,230,84
2003,11,30,3,-7.6,914.5,NA,230,85
2003,11,30,6,-6.9,917,NA,230,85
2003,11,30,9,-6.2,918.8,NA,220,86
2003,11,30,12,-6.2,921.1,NA,240,86
2003,11,30,15,-6.4,921.3,NA,240,86
2003,11,30,18,-6.2,921.6,25,240,86
2003,11,30,21,-6.7,919.1,NA,230,86
2003,12,1,0,-7.1,916.3,NA,230,86
2003,12,1,3,-7.1,912.7,NA,240,86
2003,12,1,6,-6.5,903.9,NA,230,86
2003,12,1,9,-6.3,909.2,NA,230,86
2003,12,1,12,-6.2,909.4,NA,240,86
2003,12,1,15,-4.9,912.4,NA,220,87
2003,12,1,18,-5.6,910.5,NA,NA,87
2003,12,1,21,-5.3,910.3,20,240,87
2003,12,2,0,-5,911.5,19,240,88
2003,12,2,3,-5,914,20,250,88
2003,12,2,6,-4.9,915.9,19,250,88
2003,12,2,9,-5.3,922.9,NA,220,88
2003,12,2,12,-5.8,925.9,NA,230,87
2003,12,2,15,-6,927.6,NA,NA,87
2003,12,2,18,-6.1,929.3,NA,NA,87
2003,12,2,21,-5.3,931.9,NA,NA,87
2003,12,3,0,-5.1,933.7,NA,130,88
2003,12,3,3,-6.2,934.8,NA,NA,87
2003,12,3,6,-6.6,935.3,NA,NA,86
2003,12,3,9,-7.2,935.6,NA,NA,86
2003,12,3,12,-7.7,933.9,NA,NA,86
2003,12,3,15,-6.9,932.4,NA,NA,86
2003,12,3,18,-6.2,931.1,NA,NA,87
2003,12,3,21,-6.4,930.7,NA,NA,87
2003,12,4,0,-6.6,929.8,NA,NA,87
2003,12,4,3,-6.5,929.2,NA,NA,87
2003,12,4,6,-7.6,928.4,NA,NA,86
2003,12,4,9,-7.3,928,NA,NA,86
2003,12,4,12,-7.1,927.7,NA,NA,86
2003,12,4,15,-6.8,927.1,NA,NA,86
2003,12,4,18,-7,928.1,NA,NA,86
2003,12,4,21,-7.1,927,NA,NA,86
2003,12,5,0,-7.6,927.7,NA,NA,86
2003,12,5,3,-7.1,927.6,NA,NA,86
2003,12,5,6,-6.6,928.7,NA,NA,86
2003,12,5,9,-6.7,928.1,NA,NA,86
2003,12,5,12,-6.1,928.1,NA,NA,87
2003,12,5,15,-6.2,926.3,NA,230,87
2003,12,5,18,-6.7,926.2,28,230,86
2003,12,5,21,-6.5,925.7,29,240,86
2003,12,6,0,-6.2,NA,31,240,87
2003,12,6,3,-5.6,922.9,NA,230,87
2003,12,6,6,-6.3,923.7,NA,230,87
2003,12,6,9,-6.3,923.5,37,240,87
2003,12,6,12,-7.3,923.6,NA,250,86
2003,12,6,15,-7.4,922.3,NA,240,86
2003,12,6,18,-7.5,922.3,NA,240,86
2003,12,6,21,-7.1,923.1,NA,240,86
2003,12,7,0,-6.9,922.1,NA,230,86
2003,12,7,3,-6.2,926,49,NA,86
2003,12,7,6,-6.4,928.1,NA,NA,84
2003,12,7,9,-6.3,927.5,46,NA,73
2003,12,7,12,-5.7,928.5,NA,NA,58
2003,12,7,15,-6.9,928.6,NA,NA,76
2003,12,7,18,-7.3,929.6,48,NA,78
2003,12,7,21,-6.4,930.1,46,NA,71
2003,12,8,0,-6.4,931.8,NA,NA,70
2003,12,8,3,-6.3,932.5,NA,220,52
2003,12,8,6,-6.2,932.1,NA,NA,54
2003,12,8,9,-7.7,933,NA,NA,82
2003,12,8,12,-6.9,933.3,NA,NA,NA
2003,12,8,15,-8.5,933.2,NA,230,71
2003,12,8,18,-6,934.1,NA,240,43
2003,12,8,21,NA,933.9,NA,220,23
2003,12,9,0,-1.1,933.5,NA,60,22
2003,12,9,3,-3.5,932.6,5,40,26
2003,12,9,6,-2.8,931.5,NA,20,25
2003,12,9,9,-4.2,930.8,NA,360,27
2003,12,9,12,-3.9,930.1,NA,360,25
2003,12,9,15,-4.1,929.1,NA,10,26
2003,12,9,18,-2.3,928.4,NA,230,27
2003,12,9,21,NA,928,NA,230,11
2003,12,10,0,1.6,928,NA,220,15
2003,12,10,3,-2.8,928.4,NA,240,28
2003,12,10,6,-2.9,927.6,NA,240,46
2003,12,10,9,-5.3,929.8,NA,230,61
2003,12,10,12,-6.1,931.8,NA,240,78
2003,12,10,15,-7.3,932.1,NA,220,87
2003,12,10,18,-6,932.9,NA,230,53
2003,12,10,21,-8.2,934,NA,240,62
2003,12,11,0,-5.1,934.3,NA,70,61
2003,12,11,3,-5.3,934.3,NA,160,72
2003,12,11,6,NA,934.4,1,70,70
2003,12,11,9,-5.8,934.7,4,360,48
2003,12,11,12,-8.1,934.7,4,20,62
2003,12,11,15,-7.5,934.3,NA,30,62
2003,12,11,18,-6.9,934.4,8,50,86
2003,12,11,21,-6.4,935.1,6,70,87
2003,12,12,0,-6.4,936.1,NA,70,87
2003,12,12,3,-5.4,936.6,NA,50,87
2003,12,12,6,-5.5,937.4,NA,70,87
2003,12,12,9,NA,938,1,230,88
2003,12,12,12,-7.2,938.8,3,250,85
2003,12,12,15,NA,939,1,260,86
2003,12,12,18,-6.7,939.6,NA,NA,84
2003,12,12,21,-5.4,940,2,200,76
2003,12,13,0,-4.9,940.8,3,100,78
2003,12,13,3,-5.2,941.1,3,60,84
2003,12,13,6,NA,941.6,1,60,85
2003,12,13,9,NA,942.2,1,130,86
2003,12,13,12,-7,942.5,2,150,88
2003,12,13,15,-7.3,942.6,2,70,87
2003,12,13,18,-6.4,943.1,2,90,87
2003,12,13,21,-5.7,943.7,3,160,88
2003,12,14,0,-5.1,944.4,2,150,88
2003,12,14,3,-5.2,944.9,2,160,88
2003,12,14,6,-5.5,945.2,3,110,85
2003,12,14,9,-6.2,945.3,2,130,82
2003,12,14,12,NA,945.3,1,20,83
2003,12,14,15,-7.9,944.9,2,270,86
2003,12,14,18,-7.4,945.2,4,300,81
2003,12,14,21,NA,945.5,1,230,79
2003,12,15,0,-6.3,946.2,2,230,78
2003,12,15,3,-6.2,946.4,2,240,79
2003,12,15,6,-6.3,946.8,3,230,76
2003,12,15,9,-6.8,946.9,3,210,84
2003,12,15,12,-7.3,946.8,4,260,85
2003,12,15,15,-7.5,946.5,4,270,87
2003,12,15,18,NA,946,1,190,77
2003,12,15,21,-6.2,945.5,3,80,82
2003,12,16,0,-6.2,944.9,3,90,87
2003,12,16,3,-6.9,944.1,NA,70,87
2003,12,16,6,-7,943.7,6,40,87
2003,12,16,9,-7.1,943.5,7,20,87
2003,12,16,12,-7.4,943.3,NA,40,79
2003,12,16,15,-7.2,943,NA,30,85
2003,12,16,18,NA,942.8,1,250,87
2003,12,16,21,-7.9,942.5,3,250,86
2003,12,17,0,-7.2,941.9,5,240,87
2003,12,17,3,-8.3,940.9,NA,260,86
2003,12,17,6,-8.1,940.2,NA,240,86
2003,12,17,9,-8.7,939.6,10,240,85
2003,12,17,12,-8.9,938.7,14,240,76
2003,12,17,15,-8.1,938,NA,230,86
2003,12,17,18,-8.6,937.6,18,230,86
2003,12,17,21,-8.1,937,NA,220,85
2003,12,18,0,-8,936.8,21,230,86
2003,12,18,3,-8.1,936.9,NA,230,86
2003,12,18,6,-8.1,936.6,NA,230,84
2003,12,18,9,-7.9,937.1,24,NA,84
2003,12,18,12,-8,937.3,24,NA,86
2003,12,18,15,-8.1,938,NA,NA,85
2003,12,18,18,-7.8,938.5,20,230,82
2003,12,18,21,-7.3,939.4,NA,230,80
2003,12,19,0,-7.1,939.4,NA,220,81
2003,12,19,3,-6.3,940.4,NA,230,81
2003,12,19,6,-6.3,940.7,NA,200,79
2003,12,19,9,-6.9,940.8,3,200,85
2003,12,19,12,-7.9,940.2,NA,360,78
2003,12,19,15,-7.8,939.7,NA,340,80
2003,12,19,18,-6.1,939.7,NA,220,81
2003,12,19,21,-3.8,939.5,NA,290,56
2003,12,20,0,-3.2,938.9,4,30,54
2003,12,20,3,-3.3,937.8,NA,350,43
2003,12,20,6,-3.4,936.8,NA,10,35
2003,12,20,9,-4.9,935.6,NA,10,35
2003,12,20,12,-5.2,934.3,NA,20,41
2003,12,20,15,-7.2,933.3,NA,250,56
2003,12,20,18,-7.9,933,NA,230,86
2003,12,20,21,-7.8,933.3,NA,210,86
2003,12,21,0,-7.8,933.1,NA,210,85
2003,12,21,3,-7.1,933.4,NA,210,78
2003,12,21,6,-6.9,933.7,NA,220,57
2003,12,21,9,-8.6,934,NA,250,70
2003,12,21,12,-7.4,934.1,NA,290,47
2003,12,21,15,-6.9,933.9,NA,180,59
2003,12,21,18,-7.7,933.9,2,40,64
2003,12,21,21,-6.8,934.3,3,120,73
2003,12,22,0,NA,934.8,1,250,76
2003,12,22,3,-7.9,935,NA,240,85
2003,12,22,6,-8,935.4,NA,230,86
2003,12,22,9,-8.1,936.1,8,230,85
2003,12,22,12,-8.7,936.4,NA,230,85
2003,12,22,15,-8.7,936.7,12,240,79
2003,12,22,18,-8.1,936.8,NA,230,73
2003,12,22,21,-7.2,937.2,NA,230,71
2003,12,23,0,-7.9,937.5,NA,220,77
2003,12,23,3,-7.2,937.5,NA,230,73
2003,12,23,6,-7.6,938.2,NA,220,78
2003,12,23,9,-7.9,937.1,NA,250,79
2003,12,23,12,-8.4,934,NA,NA,84
2003,12,23,15,-8.1,932.8,NA,NA,85
2003,12,23,18,-7.5,934.5,NA,230,86
2003,12,23,21,-7.5,933.8,NA,NA,86
2003,12,24,0,-8,932.4,NA,NA,86
2003,12,24,3,-8.1,935,NA,240,85
2003,12,24,6,-7.7,935.6,NA,NA,84
2003,12,24,9,-6.3,934.1,NA,NA,75
2003,12,24,12,-5.5,936.5,NA,NA,54
2003,12,24,15,-4.4,936.3,NA,NA,40
2003,12,24,18,-3.8,935.4,NA,230,42
2003,12,24,21,-3.1,933.6,NA,50,50
2003,12,25,0,-3.8,931.3,NA,60,49
2003,12,25,3,-1.4,928.8,NA,30,NA
2003,12,25,6,-1.9,926.9,NA,30,61
2003,12,25,9,-4.2,925.8,NA,250,64
2003,12,25,12,-4.3,925.7,NA,210,45
2003,12,25,15,-3.1,925.3,NA,90,38
2003,12,25,18,-4.6,924.7,NA,20,52
2003,12,25,21,-4.4,924.6,4,250,46
2003,12,26,0,-7.7,923.8,NA,230,70
2003,12,26,3,-7.3,923.3,NA,220,78
2003,12,26,6,-4.1,922.9,NA,240,42
2003,12,26,9,-3.3,922.7,NA,240,33
2003,12,26,12,-2.2,923.4,NA,230,32
2003,12,26,15,-2.3,924.4,NA,240,36
2003,12,26,18,-2.7,924.4,NA,240,33
2003,12,26,21,-2.5,925.7,NA,230,38
2003,12,27,0,-1,925.6,NA,40,37
2003,12,27,3,0.2,925.4,NA,140,30
2003,12,27,6,-1.6,925.1,NA,340,41
2003,12,27,9,-3.2,925,NA,0,41
2003,12,27,12,-2.4,924.8,NA,10,33
2003,12,27,15,-2.5,924.7,NA,10,29
2003,12,27,18,-4.1,924.8,NA,250,47
2003,12,27,21,-4.1,925.7,NA,270,53
2003,12,28,0,-3.3,926.9,NA,270,58
2003,12,28,3,-4.1,927.4,NA,240,70
2003,12,28,6,-3.2,928.5,NA,NA,53
2003,12,28,9,-3.1,929.3,NA,NA,49
2003,12,28,12,-4,929.6,8,250,45
2003,12,28,15,-5.7,929.4,9,200,58
2003,12,28,18,-6.2,929.2,11,220,73
2003,12,28,21,-3.3,929.3,NA,240,50
2003,12,29,0,-3.4,929.2,NA,220,47
2003,12,29,3,-3.1,928.6,7,240,40
2003,12,29,6,-3.6,928.4,NA,230,44
2003,12,29,9,-5,928.5,7,230,51
2003,12,29,12,-6.1,928.5,NA,230,66
2003,12,29,15,-5.8,928.6,NA,220,69
2003,12,29,18,-5.2,929.8,NA,200,65
2003,12,29,21,-4.4,930.6,NA,200,64
2003,12,30,0,-4.7,931,4,210,64
2003,12,30,3,-4.1,930.7,2,200,64
2003,12,30,6,-2.1,930.6,2,260,65
2003,12,30,9,NA,930.7,1,340,55
2003,12,30,12,NA,930.7,1,220,37
2003,12,30,15,-3.7,930.7,5,260,35
2003,12,30,18,-3.8,930.8,NA,230,42
2003,12,30,21,-2.1,931.4,3,NA,35
2003,12,31,0,-2.8,931.2,7,NA,41
2003,12,31,3,-1.2,930.6,7,NA,42
2003,12,31,6,-1.5,929.8,4,250,38
2003,12,31,9,-2.1,929.1,4,270,34
2003,12,31,12,-2.8,927.8,3,210,34
2003,12,31,15,-2.5,926.3,NA,210,45
2003,12,31,18,-2.1,925.1,6,210,42
2003,12,31,21,-1,924.3,4,220,41
2004,1,1,0,-0.3,923.2,NA,230,39
2004,1,1,3,-2,922.8,NA,220,45
2004,1,1,6,-3.2,921.6,NA,240,58
2004,1,1,9,-2.2,918.3,NA,250,52
2004,1,1,12,-3.5,918.4,NA,230,72
2004,1,1,15,-4.3,917.8,NA,220,88
2004,1,1,18,-5.5,918,NA,220,88
2004,1,1,21,-5.8,918.4,NA,220,87
2004,1,2,0,-5.7,917,18,230,NA
2004,1,2,3,-5.9,917.4,16,230,87
2004,1,2,6,-6.1,918.2,NA,220,87
2004,1,2,9,-6.4,919.1,NA,230,87
2004,1,2,12,-6.8,919,11,220,87
2004,1,2,15,-6.8,920.2,10,220,87
2004,1,2,18,-6.8,920.7,10,240,87
2004,1,2,21,-6.6,922.2,7,230,87
2004,1,3,0,-6,922.8,NA,230,88
2004,1,3,3,-5.9,922.9,6,230,88
2004,1,3,6,-6.1,922.5,3,220,88
2004,1,3,9,-6,923,3,220,87
2004,1,3,12,NA,923.1,1,170,87
2004,1,3,15,-5.8,922.9,NA,NA,87
2004,1,3,18,-6,922.9,NA,NA,88
2004,1,3,21,-4.1,923.2,NA,NA,89
2004,1,4,0,-4.5,923.4,4,220,89
2004,1,4,3,-4.1,923.5,NA,200,89
2004,1,4,6,-3.9,923,NA,220,88
2004,1,4,9,-4.2,924.3,NA,220,NA
2004,1,4,12,-5.5,925,NA,210,89
2004,1,4,15,-6.2,925.3,9,210,88
2004,1,4,18,-6.7,925.2,NA,220,88
2004,1,4,21,-5.6,926.2,13,220,88
2004,1,5,0,-5.5,926.8,17,220,88
2004,1,5,3,-5.9,927.5,NA,200,88
2004,1,5,6,-6.4,927.5,NA,200,88
2004,1,5,9,-6.3,928,NA,200,88
2004,1,5,12,-6.6,928.6,NA,190,88
2004,1,5,15,-7.2,928.3,NA,270,87
2004,1,5,18,-7.4,928.4,2,290,86
2004,1,5,21,-7,928.5,3,260,82
2004,1,6,0,-5.6,928.6,2,240,81
2004,1,6,3,-5.7,928.4,2,120,85
2004,1,6,6,NA,928.4,1,90,86
2004,1,6,9,-5.6,928.4,2,260,81
2004,1,6,12,NA,928.6,1,10,69
2004,1,6,15,NA,928.1,1,210,66
2004,1,6,18,-4.7,928,2,220,70
2004,1,6,21,-5.1,928.2,4,230,63
2004,1,7,0,-4,928.4,2,40,64
2004,1,7,3,-3.8,928,2,30,76
2004,1,7,6,-2.5,928,NA,20,51
2004,1,7,9,-4.5,928.4,NA,360,51
2004,1,7,12,-5.2,928.8,NA,360,54
2004,1,7,15,-4.3,928.6,9,350,50
2004,1,7,18,-4.1,928.8,8,10,44
2004,1,7,21,-3.1,929,NA,40,52
2004,1,8,0,-2.9,929.3,4,70,54
2004,1,8,3,-4.1,929.2,NA,20,57
2004,1,8,6,-4.5,929.1,NA,20,62
2004,1,8,9,-5.6,929.2,NA,360,81
2004,1,8,12,-3.8,929.2,NA,130,55
2004,1,8,15,NA,928.7,1,200,51
2004,1,8,18,-4.5,928.8,2,70,79
2004,1,8,21,-4.8,929.1,2,90,78
2004,1,9,0,-4.1,929.2,3,200,75
2004,1,9,3,-4.3,928.9,5,290,83
2004,1,9,6,-2.8,928.9,2,210,80
2004,1,9,9,-5.7,928.8,NA,220,87
2004,1,9,12,-6.3,928.2,NA,230,88
2004,1,9,15,-6,927,NA,0,88
2004,1,9,18,-6.4,926.3,NA,240,88
2004,1,9,21,-7.4,925.9,NA,250,87
2004,1,10,0,-5.9,924.9,NA,240,88
2004,1,10,3,-5.6,924,17,240,88
2004,1,10,6,-5.6,923.5,16,240,88
2004,1,10,9,-5.3,923.5,15,230,88
2004,1,10,12,-5.5,923.1,17,210,88
2004,1,10,15,-5.8,922,16,220,88
2004,1,10,18,-6.3,921.9,15,NA,88
2004,1,10,21,-6.5,921.5,12,NA,87
2004,1,11,0,-6.5,921.1,NA,NA,87
2004,1,11,3,-6.2,920.6,NA,0,88
2004,1,11,6,-6.3,920.6,NA,0,88
2004,1,11,9,-6,921,NA,50,88
2004,1,11,12,-6.4,919.6,NA,NA,88
2004,1,11,15,-7.1,920.6,NA,NA,87
2004,1,11,18,-7.3,921.8,NA,NA,87
2004,1,11,21,-7.2,922.6,2,150,87
2004,1,12,0,-6.6,922.6,NA,NA,87
2004,1,12,3,-6.7,921.8,NA,NA,87
2004,1,12,6,-6.5,921.4,NA,NA,87
2004,1,12,9,-6.8,921.2,NA,NA,87
2004,1,12,12,-7.1,921,NA,NA,87
2004,1,12,15,-7.6,920.6,NA,NA,86
2004,1,12,18,-6.3,920.8,NA,NA,88
2004,1,12,21,-6.8,921.3,NA,NA,87
2004,1,13,0,-6.6,921.9,NA,NA,87
2004,1,13,3,-6.5,922,NA,NA,88
2004,1,13,6,-6.8,922.6,NA,NA,87
2004,1,13,9,-7,923.4,NA,NA,87
2004,1,13,12,-7.4,923.4,NA,NA,87
2004,1,13,15,-7.7,923.4,NA,NA,86
2004,1,13,18,-8.3,923.2,NA,NA,86
2004,1,13,21,-6.3,923.5,NA,NA,87
2004,1,14,0,-5.5,923.7,NA,NA,88
2004,1,14,3,NA,923.4,1,60,87
2004,1,14,6,-7.1,923.4,2,50,87
2004,1,14,9,NA,922.9,1,50,87
2004,1,14,12,-6.5,923.4,NA,NA,88
2004,1,14,15,-6.4,923.1,NA,NA,88
2004,1,14,18,-5.7,923.4,NA,NA,88
2004,1,14,21,-5.4,924.7,NA,NA,88
2004,1,15,0,-5,926.1,NA,NA,88
2004,1,15,3,-4.8,927.1,NA,NA,89
2004,1,15,6,-5.8,927.6,NA,NA,88
2004,1,15,9,-6.5,927.7,NA,NA,88
2004,1,15,12,-6.2,927.3,NA,NA,88
2004,1,15,15,-6,926.8,NA,NA,88
2004,1,15,18,-6.1,927.3,NA,NA,88
2004,1,15,21,-7.4,926.8,NA,NA,87
2004,1,16,0,-6.3,926.4,NA,NA,88
2004,1,16,3,-6.7,924.8,NA,NA,88
2004,1,16,6,-6.8,923.8,NA,NA,88
2004,1,16,9,NA,923.1,1,220,87
2004,1,16,12,NA,922.9,1,230,86
2004,1,16,15,NA,922.3,1,240,86
2004,1,16,18,-8.4,923.1,NA,NA,86
2004,1,16,21,-7.8,922.7,NA,240,86
2004,1,17,0,-7.2,923.7,NA,240,87
2004,1,17,3,-7,925.1,NA,230,87
2004,1,17,6,-7.1,926.3,NA,240,87
2004,1,17,9,-7,926.4,29,240,87
2004,1,17,12,-8.1,926.9,NA,240,86
2004,1,17,15,-8.5,926.8,NA,230,86
2004,1,17,18,-7.4,926.9,NA,190,87
2004,1,17,21,-6.9,926.4,NA,220,88
2004,1,18,0,-6.3,925.4,5,50,88
2004,1,18,3,-6.8,923.8,NA,350,87
2004,1,18,6,-7.7,921.9,NA,0,NA
2004,1,18,9,-7.7,920.6,NA,20,86
2004,1,18,12,-7.2,918.9,NA,40,87
2004,1,18,15,-7.6,915.3,NA,40,87
2004,1,18,18,-7.2,913.3,NA,40,87
2004,1,18,21,-7.1,911.8,NA,320,87
2004,1,19,0,-8.6,909.4,NA,240,86
2004,1,19,3,-8.5,908.1,NA,230,86
2004,1,19,6,-8.1,907.9,NA,220,86
2004,1,19,9,-8.3,907.4,NA,240,86
2004,1,19,12,-7.9,909.6,27,260,81
2004,1,19,15,-8.6,911.4,NA,230,83
2004,1,19,18,-8.2,914.4,NA,250,75
2004,1,19,21,-7.7,917.5,NA,230,67
2004,1,20,0,-7.8,920.2,NA,240,82
2004,1,20,3,-6.1,920.9,NA,260,85
2004,1,20,6,-6.8,922,NA,70,81
2004,1,20,9,-7.8,924,NA,250,86
2004,1,20,12,-7.9,926.4,NA,230,86
2004,1,20,15,-8,928.2,7,260,86
2004,1,20,18,-7.6,928.9,3,60,85
2004,1,20,21,-7.2,928.7,3,100,87
2004,1,21,0,-7.2,928.3,5,50,87
2004,1,21,3,-6.9,927.2,6,40,87
2004,1,21,6,-6.8,926.8,5,50,87
2004,1,21,9,-6.9,926.6,NA,80,87
2004,1,21,12,-9,926.6,NA,260,84
2004,1,21,15,-7.9,926.2,5,250,87
2004,1,21,18,-7.5,925.8,NA,260,82
2004,1,21,21,-6.6,925.7,NA,280,64
2004,1,22,0,-4,925.6,NA,NA,63
2004,1,22,3,-5.5,925.6,NA,340,59
2004,1,22,6,-3.7,925.9,NA,290,37
2004,1,22,9,-4.6,926.2,NA,360,26
2004,1,22,12,-4.1,926.3,NA,350,25
2004,1,22,15,-4.1,926.4,NA,280,25
2004,1,22,18,-5.4,927.1,NA,30,30
2004,1,22,21,-4.2,928.1,5,80,69
2004,1,23,0,-5.7,929,NA,30,72
2004,1,23,3,-5.9,929.2,NA,20,87
2004,1,23,6,-5.2,929.4,NA,20,75
2004,1,23,9,-5.7,929.6,NA,50,88
2004,1,23,12,-5.9,929.5,14,40,88
2004,1,23,15,-6.8,929.2,NA,40,87
2004,1,23,18,-6.4,929.1,10,50,88
2004,1,23,21,-6.7,929.1,NA,100,87
2004,1,24,0,-6.8,928.9,NA,180,87
2004,1,24,3,-7.4,928,7,220,87
2004,1,24,6,-7.1,926.8,NA,220,87
2004,1,24,9,-7.4,926.2,NA,230,87
2004,1,24,12,-7.5,926.4,NA,NA,87
2004,1,24,15,-7.4,926.5,NA,NA,84
2004,1,24,18,-7.1,926.6,NA,NA,82
2004,1,24,21,-6.6,928.2,32,NA,86
2004,1,25,0,-6.3,928.5,NA,250,81
2004,1,25,3,-6.4,927.2,NA,NA,85
2004,1,25,6,-6.9,927.8,NA,NA,87
2004,1,25,9,-7.2,927.4,39,NA,86
2004,1,25,12,-7.2,927.5,37,NA,83
2004,1,25,15,-7.4,927.3,NA,NA,78
2004,1,25,18,-7,926.7,NA,250,75
2004,1,25,21,-6.7,927.6,NA,250,71
2004,1,26,0,-7.4,927.6,NA,230,86
2004,1,26,3,-7.1,926.7,NA,220,87
2004,1,26,6,-7.5,926.7,NA,220,87
2004,1,26,9,-7.5,926,11,240,78
2004,1,26,12,-8.1,925.6,8,210,75
2004,1,26,15,-8,925.1,NA,210,79
2004,1,26,18,-8.2,924.6,NA,230,69
2004,1,26,21,-8,924.7,NA,220,74
2004,1,27,0,-7.3,924.8,NA,230,74
2004,1,27,3,-7.4,924.1,NA,210,72
2004,1,27,6,-8.1,923.3,15,230,79
2004,1,27,9,-8.5,922.7,15,230,80
2004,1,27,12,-8.7,922,19,220,80
2004,1,27,15,-8.9,921.2,NA,220,79
2004,1,27,18,-8.7,921,NA,230,85
2004,1,27,21,-8.6,921.4,25,220,83
2004,1,28,0,-8.2,921.4,26,230,81
2004,1,28,3,-7.8,921.5,26,220,78
2004,1,28,6,-7.3,921.3,NA,230,71
2004,1,28,9,-7.9,922.8,NA,NA,72
2004,1,28,12,-7.3,922.7,NA,NA,72
2004,1,28,15,-8.7,922.7,NA,NA,85
2004,1,28,18,-8.4,923.2,NA,NA,85
2004,1,28,21,-8.5,923.9,NA,NA,85
2004,1,29,0,-7.9,925.3,NA,240,74
2004,1,29,3,-8,925.5,32,220,81
2004,1,29,6,-8.2,927,NA,220,72
2004,1,29,9,-8.4,927.7,28,230,66
2004,1,29,12,-7.9,928.9,NA,220,66
2004,1,29,15,-7,929.5,NA,240,48
2004,1,29,18,-6.4,929.4,NA,240,41
2004,1,29,21,-6.1,930.5,NA,210,45
2004,1,30,0,-7.4,930.4,NA,230,75
2004,1,30,3,-7.2,930,NA,230,70
2004,1,30,6,-6.8,929.4,NA,100,74
2004,1,30,9,-6.9,929.2,2,350,77
2004,1,30,12,-9.4,928.8,4,30,84
2004,1,30,15,-9.7,927.9,NA,20,82
2004,1,30,18,-8.6,927.6,5,10,86
2004,1,30,21,-6.3,927.6,NA,90,85
2004,1,31,0,-7.4,927.5,5,70,85
2004,1,31,3,-6,927.5,NA,10,81
2004,1,31,6,-5.5,927.9,2,240,76
2004,1,31,9,-7.4,928.6,NA,250,71
2004,1,31,12,-8.4,929.5,NA,250,72
2004,1,31,15,-8.4,930.1,7,250,70
2004,1,31,18,-7.6,930.6,3,350,67
2004,1,31,21,-8.9,931.6,NA,240,78
2004,2,1,0,-7.6,932.4,6,230,75
2004,2,1,3,-8.1,932.7,9,240,82
2004,2,1,6,-7.7,933.4,10,230,71
2004,2,1,9,-8.1,934.1,10,220,71
2004,2,1,12,-8.8,934.5,NA,300,74
2004,2,1,15,-9.2,934.4,NA,10,57
2004,2,1,18,-8.4,934.5,NA,260,59
2004,2,1,21,-7.9,935.2,3,250,67
2004,2,2,0,-9,935.5,NA,230,74
2004,2,2,3,-7.9,935.7,NA,210,70
2004,2,2,6,-8.1,935.9,NA,220,71
2004,2,2,9,-8.7,935.8,NA,340,71
2004,2,2,12,-9.7,935,NA,340,74
2004,2,2,15,-8.8,934,NA,40,43
2004,2,2,18,-7.4,933.1,NA,20,35
2004,2,2,21,-5.4,932.6,NA,80,57
2004,2,3,0,NA,931.7,1,80,63
2004,2,3,3,-8.2,930,NA,30,72
2004,2,3,6,-7.7,928.4,NA,60,80
2004,2,3,9,-7.1,927.9,NA,70,76
2004,2,3,12,-8.6,927.2,NA,350,73
2004,2,3,15,-9.3,926.9,6,10,78
2004,2,3,18,-8.3,926.4,NA,320,75
2004,2,3,21,-7.4,927.2,2,130,72
2004,2,4,0,-7.7,928.7,3,260,70
2004,2,4,3,-8,929,3,310,69
2004,2,4,6,-7.9,929.5,NA,240,79
2004,2,4,9,-8.2,929.8,5,250,72
2004,2,4,12,-8.6,930.2,5,250,72
2004,2,4,15,-9.1,930,8,250,76
2004,2,4,18,-8.4,930.3,NA,210,83
2004,2,4,21,-9.1,931.1,4,260,85
2004,2,5,0,-9,931.4,5,270,85
2004,2,5,3,-8.2,932,4,170,85
2004,2,5,6,-8.6,932.4,NA,270,85
2004,2,5,9,-8.6,932.9,NA,250,85
2004,2,5,12,-8.8,933.3,NA,240,85
2004,2,5,15,-8.7,932.7,NA,240,85
2004,2,5,18,-8.9,932.1,NA,230,85
2004,2,5,21,-8.1,931.6,NA,230,86
2004,2,6,0,-7.9,930.5,NA,NA,86
2004,2,6,3,-7.7,927.3,30,NA,86
2004,2,6,6,-7.8,925.8,28,NA,86
2004,2,6,9,-7.8,924.9,27,220,86
2004,2,6,12,-8.1,922,28,220,86
2004,2,6,15,-8.1,921.9,26,NA,86
2004,2,6,18,-8.2,921.9,27,NA,86
2004,2,6,21,-7.9,921,27,NA,86
2004,2,7,0,-7.9,921.2,27,NA,86
2004,2,7,3,-8.5,918.8,28,230,86
2004,2,7,6,-9.6,919.9,27,240,85
2004,2,7,9,-9.4,919,26,240,85
2004,2,7,12,-9.2,919.6,24,230,85
2004,2,7,15,-9.7,916.4,22,230,84
2004,2,7,18,-9.5,918.8,22,240,84
2004,2,7,21,-8.7,921.7,19,230,85
2004,2,8,0,-9.5,922.8,19,NA,85
2004,2,8,3,-9.1,926.7,18,NA,85
2004,2,8,6,-9.5,927.6,17,NA,85
2004,2,8,9,-9.5,930.4,16,NA,85
2004,2,8,12,-9.5,933.1,NA,NA,85
2004,2,8,15,-9.5,934.1,NA,NA,85
2004,2,8,18,-9.4,935.8,NA,230,85
2004,2,8,21,-9.2,935.7,NA,230,84
2004,2,9,0,-8.7,934.7,4,200,85
2004,2,9,3,-8.4,933.1,NA,NA,85
2004,2,9,6,-8.7,931.7,NA,NA,86
2004,2,9,9,-9.1,930.3,2,10,85
2004,2,9,12,-9.2,929.1,2,350,80
2004,2,9,15,NA,928.7,1,30,79
2004,2,9,18,NA,928.3,1,20,83
2004,2,9,21,-8.7,928.4,NA,NA,81
2004,2,10,0,-8.7,928.2,2,220,86
2004,2,10,3,-8.6,927.5,3,230,85
2004,2,10,6,-8.2,926.8,2,220,86
2004,2,10,9,NA,926.5,1,230,85
2004,2,10,12,-9,925.8,NA,NA,85
2004,2,10,15,-9.6,924.3,NA,NA,85
2004,2,10,18,-10.1,923.5,NA,NA,84
2004,2,10,21,NA,923,1,230,85
2004,2,11,0,-8.9,922.6,2,220,84
2004,2,11,3,-9,922.5,2,220,83
2004,2,11,6,-9.1,923.5,3,230,83
2004,2,11,9,-8.9,924.3,2,230,83
2004,2,11,12,-9.4,924.6,2,250,85
2004,2,11,15,-9.7,924.6,2,260,84
2004,2,11,18,-10,924.8,NA,270,84
2004,2,11,21,-10,924.9,NA,260,84
2004,2,12,0,-9.7,924.9,NA,NA,84
2004,2,12,3,-10.1,924.5,NA,NA,84
2004,2,12,6,-10.8,924.4,NA,NA,83
2004,2,12,9,-10.9,924.3,NA,NA,83
2004,2,12,12,-11.2,925.8,NA,NA,82
2004,2,12,15,-11.2,925.6,NA,NA,83
2004,2,12,18,-11.5,925.8,4,240,81
2004,2,12,21,-11.5,926.2,5,210,81
2004,2,13,0,-11.2,926.6,4,220,80
2004,2,13,3,-10.9,926.8,4,240,72
2004,2,13,6,-11.4,926.7,NA,230,77
2004,2,13,9,-12,928,NA,240,81
2004,2,13,12,-11.9,929.1,9,NA,75
2004,2,13,15,-11.8,930.1,9,NA,67
2004,2,13,18,-12,931.5,7,NA,62
2004,2,13,21,-11.5,932.8,5,NA,66
2004,2,14,0,NA,933.9,NA,10,58
2004,2,14,3,-10.6,934.4,3,40,66
2004,2,14,6,-10.2,934.7,NA,20,56
2004,2,14,9,-10.6,934.5,NA,20,67
2004,2,14,12,-10.4,933.7,NA,20,56
2004,2,14,15,-10.6,932.2,11,40,59
2004,2,14,18,-10.9,931.4,NA,60,63
2004,2,14,21,-10.9,930.6,9,30,80
2004,2,15,0,-10.5,929.6,9,40,83
2004,2,15,3,-10.5,929.4,NA,320,84
2004,2,15,6,-10.7,929.7,NA,270,83
2004,2,15,9,-11.2,930.4,NA,250,83
2004,2,15,12,-11.2,931.8,NA,240,83
2004,2,15,15,-11.2,933.7,15,240,83
2004,2,15,18,-11.6,935.3,17,240,82
2004,2,15,21,-10.8,936.8,NA,260,79
2004,2,16,0,-11.9,937.5,NA,240,79
2004,2,16,3,-12.1,938.5,NA,NA,74
2004,2,16,6,-12.6,938.8,NA,NA,81
2004,2,16,9,-12.2,938.5,NA,NA,81
2004,2,16,12,-12.2,939,NA,NA,76
2004,2,16,15,-12.3,938.4,NA,250,76
2004,2,16,18,-12.8,937.1,NA,230,81
2004,2,16,21,-12.5,936,NA,230,81
2004,2,17,0,-12.5,935.1,4,240,82
2004,2,17,3,-12.5,934.3,NA,230,82
2004,2,17,6,-12.4,934.2,5,240,82
2004,2,17,9,-12.2,935,NA,250,82
2004,2,17,12,-12.1,935.7,2,230,82
2004,2,17,15,-11.6,936.1,3,230,82
2004,2,17,18,-11.2,936.7,4,230,83
2004,2,17,21,-10.9,937.2,6,240,83
2004,2,18,0,-11.5,937.6,8,260,83
2004,2,18,3,-11.2,938,7,250,83
2004,2,18,6,-11.4,938.6,7,250,83
2004,2,18,9,-11.6,939.5,5,270,82
2004,2,18,12,-11.5,940,NA,280,82
2004,2,18,15,NA,940,1,270,83
2004,2,18,18,-10.9,940.3,2,280,83
2004,2,18,21,-9.5,940.5,NA,NA,85
2004,2,19,0,-9,940.2,4,270,86
2004,2,19,3,-9.8,939.8,NA,180,85
2004,2,19,6,-10.2,939.3,6,250,84
2004,2,19,9,-10.9,938.8,NA,250,83
2004,2,19,12,-10.6,938.4,9,230,83
2004,2,19,15,-10.2,937.7,7,200,84
2004,2,19,18,-10.1,936.2,NA,230,84
2004,2,19,21,-9.5,935.9,NA,230,80
2004,2,20,0,-10.5,933.8,NA,240,83
2004,2,20,3,-10,933.7,NA,240,83
2004,2,20,6,-10.9,933.9,39,230,80
2004,2,20,9,-9.6,935.2,NA,240,80
2004,2,20,12,-11.2,936.7,NA,230,75
2004,2,20,15,-10.8,938.4,NA,230,79
2004,2,20,18,-10.5,940,NA,230,83
2004,2,20,21,-10.6,941.9,NA,240,83
2004,2,21,0,-10.6,943.8,NA,250,84
2004,2,21,3,-10.2,945.1,NA,250,84
2004,2,21,6,-10.2,946.1,NA,250,84
2004,2,21,9,-9.9,947.4,NA,260,84
2004,2,21,12,-9.7,947.4,10,240,84
2004,2,21,15,-9.8,947.4,11,240,84
2004,2,21,18,-10,947.9,NA,250,84
2004,2,21,21,-9.5,947.8,NA,240,NA
2004,2,22,0,-9.6,947.9,6,240,84
2004,2,22,3,-9.4,948.4,3,220,84
2004,2,22,6,-8.8,948.6,6,230,85
2004,2,22,9,-8.9,949,6,220,85
2004,2,22,12,-8.9,950.1,3,220,85
2004,2,22,15,-8.7,949.8,4,220,85
2004,2,22,18,-8.4,950.3,NA,NA,85
2004,2,22,21,-8.2,950.4,NA,NA,86
2004,2,23,0,-7.2,950.1,NA,NA,86
2004,2,23,3,-7.7,948.8,NA,NA,87
2004,2,23,6,-7.4,947.8,NA,NA,87
2004,2,23,9,-7.4,946,NA,NA,87
2004,2,23,12,-7.7,944.3,NA,20,86
2004,2,23,15,-7.8,942.8,NA,30,86
2004,2,23,18,-7.8,941.8,NA,NA,86
2004,2,23,21,-7.9,940.8,NA,NA,86
2004,2,24,0,-3.5,939.5,NA,NA,90
2004,2,24,3,-3.8,937.8,NA,NA,89
2004,2,24,6,-6.1,936.9,NA,NA,88
2004,2,24,9,-8,935.8,NA,NA,87
2004,2,24,12,-7.6,934.8,NA,NA,87
2004,2,24,15,-8,934.2,NA,NA,86
2004,2,24,18,-7.5,933.9,NA,NA,86
2004,2,24,21,-8.1,933.3,NA,NA,86
2004,2,25,0,-7.4,932.3,NA,NA,87
2004,2,25,3,-7.4,931.4,NA,NA,87
2004,2,25,6,-8.4,930.6,NA,NA,86
2004,2,25,9,-9.2,930.8,NA,NA,86
2004,2,25,12,-10.5,930.6,NA,NA,84
2004,2,25,15,-10.8,930.9,NA,NA,84
2004,2,25,18,-11.1,931.4,NA,NA,83
2004,2,25,21,-8.4,931.9,NA,NA,86
2004,2,26,0,-9.3,932.3,NA,NA,85
2004,2,26,3,-9.7,932.2,NA,NA,86
2004,2,26,6,-10.7,932.1,NA,NA,84
2004,2,26,9,-11.3,931.8,NA,NA,83
2004,2,26,12,NA,931.7,1,70,83
2004,2,26,15,NA,931.1,1,30,83
2004,2,26,18,-11.5,929.8,2,40,83
2004,2,26,21,NA,928.2,1,60,84
2004,2,27,0,NA,926.6,1,20,85
2004,2,27,3,-8.5,925.5,NA,NA,85
2004,2,27,6,-9.9,924.6,NA,NA,84
2004,2,27,9,-11.7,924.3,NA,NA,83
2004,2,27,12,NA,923.6,1,250,84
2004,2,27,15,NA,923.2,1,240,83
2004,2,27,18,NA,923.4,1,230,84
2004,2,27,21,-11,922.6,NA,NA,84
2004,2,28,0,NA,923.1,1,250,84
2004,2,28,3,-11.1,923.1,NA,NA,84
2004,2,28,6,-12.1,923.9,NA,NA,83
2004,2,28,9,-12.2,925,NA,NA,83
2004,2,28,12,-12,926.2,NA,NA,82
2004,2,28,15,-11.5,927.6,NA,NA,83
2004,2,28,18,-11.9,928.9,NA,NA,82
2004,2,28,21,-11.4,930.2,NA,NA,83
2004,2,29,0,-11.4,931.4,NA,NA,83
2004,2,29,3,-11.7,931.8,NA,NA,83
2004,2,29,6,-12,932.2,NA,NA,82
2004,2,29,9,-12.6,931.9,NA,NA,82
2004,2,29,12,-12.8,931.2,NA,NA,82
2004,2,29,15,-11.3,929.6,NA,NA,82
2004,2,29,18,-11.9,928.2,NA,NA,83
2004,2,29,21,-12.6,926.4,NA,NA,82
2004,3,1,0,-11.9,924,NA,NA,82
2004,3,1,3,-11.1,924,NA,NA,83
2004,3,1,6,-12.3,924,NA,NA,82
2004,3,1,9,-13.5,924.7,31,240,79
2004,3,1,12,-13.4,924.7,NA,230,80
2004,3,1,15,-12.9,926.2,NA,230,78
2004,3,1,18,-12.6,927.5,NA,240,78
2004,3,1,21,-12.2,928.3,NA,240,82
2004,3,2,0,-12.2,929.3,NA,240,82
2004,3,2,3,-11.6,930,NA,250,83
2004,3,2,6,-11.9,929.9,NA,260,83
2004,3,2,9,-11.8,929.8,NA,230,83
2004,3,2,12,-12.1,929.6,NA,240,82
2004,3,2,15,-12.1,928.9,8,250,82
2004,3,2,18,-12.4,928.1,NA,220,82
2004,3,2,21,-12.5,927.1,12,230,82
2004,3,3,0,-12.9,926.4,12,240,82
2004,3,3,3,-13,924.7,13,NA,82
2004,3,3,6,-13.2,922.5,14,NA,81
2004,3,3,9,-13.5,921.7,13,240,81
2004,3,3,12,-13.7,920.2,14,240,81
2004,3,3,15,-13.9,918.8,15,230,80
2004,3,3,18,-14.2,917.7,16,240,80
2004,3,3,21,-14.3,917.1,17,230,80
2004,3,4,0,-14.2,916.8,16,230,80
2004,3,4,3,-14.3,915.3,18,240,80
2004,3,4,6,-14.6,915,18,230,80
2004,3,4,9,-15,915,NA,240,79
2004,3,4,12,-15,915.3,19,230,79
2004,3,4,15,-15.5,914.9,21,230,79
2004,3,4,18,-15.7,915.3,18,240,79
2004,3,4,21,-15.4,915.8,18,240,79
2004,3,5,0,-15.6,916.9,21,230,79
2004,3,5,3,-15.5,917,NA,230,79
2004,3,5,6,-15.7,917.4,21,230,78
2004,3,5,9,-16.4,918.1,NA,240,78
2004,3,5,12,-15.6,918.2,NA,240,78
2004,3,5,15,-15.5,919,NA,230,76
2004,3,5,18,-15.5,920.8,NA,230,77
2004,3,5,21,-15.5,921.9,NA,240,77
2004,3,6,0,-15.2,922.7,NA,210,79
2004,3,6,3,-15.5,922.8,NA,240,79
2004,3,6,6,-15.3,923.5,NA,160,79
2004,3,6,9,-15.6,924.1,NA,180,79
2004,3,6,12,-15.6,924.6,8,210,79
2004,3,6,15,-16.2,924.4,NA,240,78
2004,3,6,18,-16.9,924.7,NA,220,77
2004,3,6,21,-17.6,925,11,230,77
2004,3,7,0,-16.6,924.8,NA,220,77
2004,3,7,3,-16.9,923.9,NA,260,77
2004,3,7,6,-17.2,923.2,4,270,77
2004,3,7,9,-16.9,922.9,2,250,77
2004,3,7,12,-16.9,922.5,NA,NA,77
2004,3,7,15,-17.6,921.6,6,NA,76
2004,3,7,18,-18,920.8,9,NA,76
2004,3,7,21,-17.8,920.2,9,240,76
2004,3,8,0,-17.2,920,NA,240,77
2004,3,8,3,-18.3,919.3,NA,230,76
2004,3,8,6,-19.1,918.7,NA,230,75
2004,3,8,9,-19.3,919.4,11,240,74
2004,3,8,12,-19.2,919.4,12,NA,74
2004,3,8,15,-19.3,919.2,9,NA,74
2004,3,8,18,-19.5,919.1,NA,NA,74
2004,3,8,21,-19.5,918.3,NA,NA,74
2004,3,9,0,-18.9,917,4,250,75
2004,3,9,3,-18.7,915.4,4,260,74
2004,3,9,6,-19.4,914.5,7,220,75
2004,3,9,9,-20.1,913.6,7,220,73
2004,3,9,12,-20.1,912.8,6,230,73
2004,3,9,15,-20,912.3,4,250,73
2004,3,9,18,-19.7,912.3,NA,220,74
2004,3,9,21,-19.1,912.4,NA,NA,74
2004,3,10,0,-18,912.3,NA,NA,75
2004,3,10,3,-17.3,911.9,1,220,76
2004,3,10,6,-16.3,911.5,NA,NA,78
2004,3,10,9,-19.1,910.6,1,60,74
2004,3,10,12,-19.1,909.2,3,60,74
2004,3,10,15,-19.1,908.1,1,50,75
2004,3,10,18,-18.8,907,2,270,75
2004,3,10,21,-18.2,906.9,3,70,75
2004,3,11,0,NA,906.9,1,270,77
2004,3,11,3,-19,906.7,NA,250,75
2004,3,11,6,-19.9,906.3,NA,230,74
2004,3,11,9,-20.4,906.6,10,240,73
2004,3,11,12,-20.3,906.3,9,230,73
2004,3,11,15,-19.8,906.6,NA,210,74
2004,3,11,18,-20.2,906.2,7,230,73
2004,3,11,21,-19.8,905.6,NA,240,74
2004,3,12,0,-19.2,905.8,NA,220,75
2004,3,12,3,-19.1,905.1,14,240,75
2004,3,12,6,-19.8,905,17,230,74
2004,3,12,9,-19.7,905.9,NA,NA,74
2004,3,12,12,-20.6,906.8,NA,NA,73
2004,3,12,15,-20.1,908.1,NA,NA,72
2004,3,12,18,-20.5,911.3,NA,NA,73
2004,3,12,21,-20.2,913.6,NA,220,73
2004,3,13,0,-20.2,915.5,NA,210,73
2004,3,13,3,-20.5,917.6,NA,250,73
2004,3,13,6,-20.6,918.8,NA,260,73
2004,3,13,9,-20.7,919.4,NA,270,73
2004,3,13,12,-20.7,919.5,NA,10,73
2004,3,13,15,-20.7,919.2,3,270,73
2004,3,13,18,-20.5,919.2,5,260,72
2004,3,13,21,-20.9,919.5,3,270,72
2004,3,14,0,-20.5,919.2,5,250,73
2004,3,14,3,-20.4,918.9,NA,260,73
2004,3,14,6,-21.2,919,NA,250,72
2004,3,14,9,-21.5,919.6,9,260,72
2004,3,14,12,-21.1,919.4,9,250,72
2004,3,14,15,-21.2,919.4,7,260,72
2004,3,14,18,-21.1,919.8,7,260,72
2004,3,14,21,-20.8,920,10,250,72
2004,3,15,0,-19.8,920.8,NA,250,74
2004,3,15,3,-21,921.1,6,220,72
2004,3,15,6,-21.3,921.3,3,210,72
2004,3,15,9,-21.7,921.5,2,190,71
2004,3,15,12,-22.3,921,1,310,71
2004,3,15,15,-22.6,920.6,NA,NA,71
2004,3,15,18,-22,919.9,NA,100,71
2004,3,15,21,-21.6,918.7,NA,80,71
2004,3,16,0,-20.7,917.7,NA,80,72
2004,3,16,3,-20.6,916.9,NA,NA,73
2004,3,16,6,-22.1,916,2,230,71
2004,3,16,9,-22.4,915.2,NA,240,70
2004,3,16,12,-23.6,913.5,NA,240,69
2004,3,16,15,-24.8,908.1,NA,230,67
2004,3,16,18,-26.3,903.2,NA,240,67
2004,3,16,21,-28.7,902.2,NA,230,66
2004,3,17,0,-25.3,899.3,NA,230,66
2004,3,17,3,-24.6,903.2,NA,NA,68
2004,3,17,6,-24.4,906.4,NA,NA,68
2004,3,17,9,-23.5,910.6,NA,NA,69
2004,3,17,12,-23.5,913.3,NA,250,66
2004,3,17,15,-23.1,919.5,NA,240,66
2004,3,17,18,-22.4,927.6,NA,240,65
2004,3,17,21,-22,929.3,NA,230,60
2004,3,18,0,-21.6,929.5,NA,220,57
2004,3,18,3,-21.2,929.1,NA,230,59
2004,3,18,6,-21.6,927.7,NA,250,71
2004,3,18,9,-21.5,926.2,NA,0,66
2004,3,18,12,-21,924.1,NA,0,40
2004,3,18,15,-21.6,921.8,NA,10,38
2004,3,18,18,-21.1,919.6,13,10,37
2004,3,18,21,-22.2,918.1,NA,360,62
2004,3,19,0,-21.4,917.7,NA,290,72
2004,3,19,3,-21.6,917,NA,230,72
2004,3,19,6,-22.1,916.1,4,230,71
2004,3,19,9,-22.3,915.4,4,230,71
2004,3,19,12,-22.8,915,7,250,70
2004,3,19,15,-22.7,914.2,8,260,70
2004,3,19,18,-22.6,914.8,5,260,70
2004,3,19,21,-21.6,916,NA,30,71
2004,3,20,0,-21.5,917.1,2,40,71
2004,3,20,3,-21.5,918.4,NA,30,71
2004,3,20,6,-21.6,919.9,NA,20,71
2004,3,20,9,-19.9,921.3,NA,320,73
2004,3,20,12,-18.8,922.5,NA,300,46
2004,3,20,15,-17.5,923,NA,340,26
2004,3,20,18,-16.4,923.5,3,340,23
2004,3,20,21,-14.5,924.1,NA,360,21
2004,3,21,0,-13.8,924.6,NA,360,24
2004,3,21,3,-13.4,925.1,NA,350,20
2004,3,21,6,-13.6,925.8,4,20,19
2004,3,21,9,-15.6,927.9,4,10,23
2004,3,21,12,-17.4,929.7,4,20,63
2004,3,21,15,-17.7,930.7,1,50,76
2004,3,21,18,-20.5,930.9,NA,230,73
2004,3,21,21,-19.3,931.3,NA,220,74
2004,3,22,0,-18.8,930.8,12,230,75
2004,3,22,3,-18.8,929.8,NA,230,75
2004,3,22,6,-19.1,929.4,NA,220,75
2004,3,22,9,-19.2,929.6,NA,250,74
2004,3,22,12,-18.9,929.4,NA,240,75
2004,3,22,15,-19,930.5,NA,230,75
2004,3,22,18,-18.7,931,21,220,75
2004,3,22,21,-18.4,931.5,NA,220,75
2004,3,23,0,-18.3,931,NA,230,75
2004,3,23,3,-18.9,929,NA,NA,75
2004,3,23,6,-19,928.8,NA,NA,75
2004,3,23,9,-18.6,929,NA,NA,74
2004,3,23,12,-18.9,928.5,NA,NA,74
2004,3,23,15,-19.7,929.3,58,NA,74
2004,3,23,18,-19.3,929.3,55,NA,71
2004,3,23,21,-19.5,930.5,NA,NA,71
2004,3,24,0,-19.3,930.4,NA,220,70
2004,3,24,3,-20.1,927.9,NA,NA,73
2004,3,24,6,-20.4,927.3,49,NA,73
2004,3,24,9,-20.7,925.4,NA,NA,72
2004,3,24,12,-19.5,924.1,52,NA,69
2004,3,24,15,-19.3,923.6,52,NA,67
2004,3,24,18,-18.7,922.1,NA,220,61
2004,3,24,21,-19.3,921.1,52,NA,63
2004,3,25,0,-18.5,923.1,NA,NA,64
2004,3,25,3,-17.8,924.1,NA,NA,61
2004,3,25,6,-18.8,923.2,NA,NA,61
2004,3,25,9,-18.1,924.2,NA,220,64
2004,3,25,12,-18.1,924.6,NA,NA,69
2004,3,25,15,-19,924.8,NA,NA,74
2004,3,25,18,-19.3,925.5,NA,NA,74
2004,3,25,21,-19.4,925.5,NA,220,74
2004,3,26,0,-20.3,925.7,NA,220,73
2004,3,26,3,-20.1,925.9,NA,240,73
2004,3,26,6,-20.1,925.7,NA,200,73
2004,3,26,9,-20.8,926.3,4,230,72
2004,3,26,12,-20.9,927.2,NA,240,72
2004,3,26,15,-20.6,927.6,3,270,72
2004,3,26,18,-20,928.9,NA,0,73
2004,3,26,21,-21.4,930.4,3,150,71
2004,3,27,0,-21,930.9,NA,0,72
2004,3,27,3,-20.8,931.2,2,40,72
2004,3,27,6,-21.1,931.9,4,10,72
2004,3,27,9,-19.7,932.7,3,10,73
2004,3,27,12,-16.5,933,NA,20,76
2004,3,27,15,-15,933.8,4,300,66
2004,3,27,18,-12.2,934.8,NA,20,40
2004,3,27,21,-11.4,936.5,NA,230,23
2004,3,28,0,-13.9,938.9,5,100,36
2004,3,28,3,-11.7,939.2,NA,20,27
2004,3,28,6,-11.5,940.2,NA,340,23
2004,3,28,9,-11.8,941.5,NA,10,26
2004,3,28,12,-12.1,941.7,NA,20,27
2004,3,28,15,-12.6,939.9,NA,30,51
2004,3,28,18,-16.5,939.3,NA,40,77
2004,3,28,21,-16.1,937.4,NA,50,77
2004,3,29,0,-15.3,936.6,5,70,78
2004,3,29,3,-15.4,934.8,NA,0,79
2004,3,29,6,-14.8,932.6,2,20,79
2004,3,29,9,-16.3,929.7,NA,250,78
2004,3,29,12,-14.4,930,NA,40,80
2004,3,29,15,-12.8,928.8,NA,30,81
2004,3,29,18,-12.1,928,NA,20,81
2004,3,29,21,NA,928.3,NA,250,76
2004,3,30,0,NA,929.2,NA,260,76
2004,3,30,3,-19.7,927.8,NA,240,73
2004,3,30,6,-20.4,926.7,NA,240,73
2004,3,30,9,-20.3,925.5,NA,240,72
2004,3,30,12,-21.2,924.2,NA,230,72
2004,3,30,15,-21.1,922.8,NA,200,72
2004,3,30,18,-22.7,921.4,NA,80,70
2004,3,30,21,-22.2,919.9,NA,10,69
2004,3,31,0,-21.7,919,NA,30,70
2004,3,31,3,-22,917.8,12,20,71
2004,3,31,6,-22.8,916.5,14,NA,69
2004,3,31,9,-22.5,914.4,12,NA,70
2004,3,31,12,-22.2,912.6,13,NA,70
2004,3,31,15,-21.9,911.6,NA,70,71
2004,3,31,18,-23.9,910.3,NA,10,68
2004,3,31,21,-24.5,909.2,4,250,66
2004,4,1,0,-22.9,908.2,NA,NA,68
2004,4,1,3,-24.4,907.2,1,210,68
2004,4,1,6,-24.9,906.5,2,240,67
2004,4,1,9,-24.4,906.2,NA,NA,67
2004,4,1,12,-24.7,906.5,NA,NA,67
2004,4,1,15,-24.9,906.9,2,240,66
2004,4,1,18,-25.3,908.3,3,260,66
2004,4,1,21,-25.3,909.4,1,290,66
2004,4,2,0,-25.7,910.6,3,10,66
2004,4,2,3,-22.9,911.1,NA,0,67
2004,4,2,6,-22.5,913.1,3,240,68
2004,4,2,9,NA,915,NA,250,73
2004,4,2,12,NA,917.2,NA,10,50
2004,4,2,15,-14.7,920.2,7,340,34
2004,4,2,18,-17.9,923.3,NA,240,39
2004,4,2,21,-19.4,926.5,NA,240,53
2004,4,3,0,-18.8,928.8,NA,260,61
2004,4,3,3,-19.9,929.3,NA,10,62
2004,4,3,6,-20.6,929.6,3,260,62
2004,4,3,9,-20.4,929.4,NA,240,64
2004,4,3,12,-19.8,927.9,NA,230,51
2004,4,3,15,-18.2,925.8,NA,360,35
2004,4,3,18,-15.9,923.8,4,30,21
2004,4,3,21,NA,924.8,NA,240,50
2004,4,4,0,-20.1,922.6,NA,230,48
2004,4,4,3,-18.6,922.6,NA,250,33
2004,4,4,6,-17.1,921.3,NA,170,27
2004,4,4,9,-15.1,920.3,NA,230,23
2004,4,4,12,-15.7,920.4,NA,220,21
2004,4,4,15,-16.2,920.2,NA,270,23
2004,4,4,18,-15.2,919.2,NA,350,27
2004,4,4,21,-19.3,918.7,NA,70,61
2004,4,5,0,NA,918.5,NA,60,64
2004,4,5,3,-21.2,919.1,NA,180,71
2004,4,5,6,-21.3,920.6,NA,250,70
2004,4,5,9,-21.4,921.2,NA,20,70
2004,4,5,12,-21.5,921.5,NA,30,70
2004,4,5,15,-21.6,920.9,NA,350,70
2004,4,5,18,-21,921.7,NA,250,70
2004,4,5,21,NA,921.9,NA,340,52
2004,4,6,0,NA,923,NA,230,14
2004,4,6,3,-12.9,925.3,NA,260,21
2004,4,6,6,NA,928.9,4,240,18
2004,4,6,9,-14.3,930.1,NA,210,26
2004,4,6,12,-14.3,928.4,NA,230,33
2004,4,6,15,-14.8,925.9,NA,230,44
2004,4,6,18,-13.4,924.2,NA,40,35
2004,4,6,21,NA,921.4,NA,240,45
2004,4,7,0,NA,917.9,NA,270,53
2004,4,7,3,-3.5,915.3,NA,360,50
2004,4,7,6,-3.4,911.9,NA,280,33
2004,4,7,9,-5.2,910.8,NA,20,33
2004,4,7,12,NA,912.5,NA,140,54
2004,4,7,15,NA,913.2,NA,240,73
2004,4,7,18,NA,915.5,NA,210,71
2004,4,7,21,-19.8,915.8,NA,360,72
2004,4,8,0,-19.3,915.3,NA,100,72
2004,4,8,3,-20.1,913.8,NA,20,72
2004,4,8,6,-20,911.1,4,70,71
2004,4,8,9,-20.3,909.3,NA,170,71
2004,4,8,12,-21.2,909.6,5,240,70
2004,4,8,15,-21.6,911.8,1,160,70
2004,4,8,18,-22.1,913,4,40,69
2004,4,8,21,-22.6,915.3,4,10,68
2004,4,9,0,-21.9,917.5,2,50,69
2004,4,9,3,-22.1,918.7,NA,NA,69
2004,4,9,6,-23,919.8,2,220,68
2004,4,9,9,-23.1,921.6,4,250,68
2004,4,9,12,-23.1,923.5,3,230,67
2004,4,9,15,-22.8,924.9,6,230,68
2004,4,9,18,-23.3,926.2,NA,220,67
2004,4,9,21,-23.9,926.8,NA,NA,67
2004,4,10,0,-23.7,928.7,16,NA,67
2004,4,10,3,-23.5,929.5,15,NA,67
2004,4,10,6,-23.5,930.7,NA,230,67
2004,4,10,9,-23.1,931.3,NA,230,67
2004,4,10,12,-22.7,931.7,NA,230,68
2004,4,10,15,-22.6,932.9,NA,220,61
2004,4,10,18,-23,933.6,NA,220,67
2004,4,10,21,-23.8,934,23,230,63
2004,4,11,0,-25.1,934.5,NA,210,62
2004,4,11,3,-25,933.2,NA,220,65
2004,4,11,6,-26,932.2,NA,230,63
2004,4,11,9,-26.5,929.7,NA,190,63
2004,4,11,12,-28.2,926.6,NA,30,61
2004,4,11,15,-27.6,922.7,NA,50,61
2004,4,11,18,-27.7,919,NA,10,61
2004,4,11,21,-28,916,NA,20,61
2004,4,12,0,-28.1,912.5,9,40,61
2004,4,12,3,-27.5,909,NA,30,61
2004,4,12,6,-28.1,907.5,NA,40,61
2004,4,12,9,-28.7,906.5,NA,0,60
2004,4,12,12,-28.1,906.2,NA,0,61
2004,4,12,15,-28.1,906.7,3,270,61
2004,4,12,18,-29.8,908.3,NA,260,59
2004,4,12,21,-31.4,909.6,NA,250,56
2004,4,13,0,-28.8,911.8,NA,230,60
2004,4,13,3,-28.4,913.2,NA,240,60
2004,4,13,6,-29.2,913.6,NA,230,60
2004,4,13,9,-29.6,913.7,NA,230,59
2004,4,13,12,-30.1,913.5,NA,220,58
2004,4,13,15,-30.7,912.6,NA,230,58
2004,4,13,18,-31.2,911.2,NA,260,57
2004,4,13,21,-31.4,910.4,4,270,57
2004,4,14,0,-30.6,910.7,1,310,58
2004,4,14,3,-30.3,910.7,NA,NA,57
2004,4,14,6,-30.6,911.6,1,340,58
2004,4,14,9,-30.1,913,NA,NA,58
2004,4,14,12,-30,914,NA,230,58
2004,4,14,15,-29.6,914.4,NA,NA,59
2004,4,14,18,-28.6,914.9,NA,NA,58
2004,4,14,21,-27.7,916,NA,NA,58
2004,4,15,0,-27.1,917.1,NA,220,57
2004,4,15,3,-26.2,918.1,NA,250,54
2004,4,15,6,-25.4,919.2,NA,230,51
2004,4,15,9,-24.7,918,NA,230,57
2004,4,15,12,-25.5,915,NA,220,64
2004,4,15,15,-27.3,919.3,NA,200,63
2004,4,15,18,-24.8,917.8,NA,220,64
2004,4,15,21,-23.4,917.2,NA,220,66
2004,4,16,0,-21.9,915,NA,230,58
2004,4,16,3,-20.9,913.6,NA,240,68
2004,4,16,6,-19.3,912,NA,240,69
2004,4,16,9,-18.7,913.8,50,230,63
2004,4,16,12,-17.3,913.7,NA,NA,57
2004,4,16,15,-16.4,913.6,NA,NA,49
2004,4,16,18,-15.5,914.5,NA,NA,45
2004,4,16,21,-16.9,912.6,38,220,43
2004,4,17,0,-17.6,911.8,NA,240,49
2004,4,17,3,-18.4,914.3,NA,230,61
2004,4,17,6,-17,914.5,NA,NA,62
2004,4,17,9,-18.5,914.8,NA,NA,73
2004,4,17,12,-17.9,916,NA,NA,74
2004,4,17,15,-17.8,921.1,NA,220,74
2004,4,17,18,-18,922.8,NA,220,74
2004,4,17,21,-17.8,925.5,NA,230,74
2004,4,18,0,-18.9,927.3,NA,310,73
2004,4,18,3,-18.7,928.2,NA,10,73
2004,4,18,6,-18.6,928.7,NA,40,62
2004,4,18,9,-20.5,929.8,NA,20,68
2004,4,18,12,-21,931,NA,40,70
2004,4,18,15,-19.8,932.1,NA,30,64
2004,4,18,18,-22.5,933.3,NA,20,61
2004,4,18,21,-21.9,933.9,NA,10,64
2004,4,19,0,-20.2,934.5,4,280,55
2004,4,19,3,-21.9,934.8,NA,NA,57
2004,4,19,6,-22.4,935.2,NA,260,66
2004,4,19,9,-21.4,935.9,NA,220,68
2004,4,19,12,-21.1,936.2,NA,350,70
2004,4,19,15,-22.4,936,4,40,69
2004,4,19,18,-21.3,936.1,NA,NA,70
2004,4,19,21,-21.5,935.5,2,40,69
2004,4,20,0,-20.1,934.5,NA,360,59
2004,4,20,3,-21,932.7,NA,10,52
2004,4,20,6,-22.4,931.8,NA,30,59
2004,4,20,9,-23.5,930.5,4,250,67
2004,4,20,12,-23.6,929.3,2,30,67
2004,4,20,15,-23.2,927.6,2,10,67
2004,4,20,18,-23.1,926.1,1,90,67
2004,4,20,21,-23.3,924.9,1,60,67
2004,4,21,0,-23.4,923.6,3,70,67
2004,4,21,3,-23.1,922,NA,40,67
2004,4,21,6,-23.4,921,6,40,67
2004,4,21,9,-23.5,920.6,3,50,67
2004,4,21,12,-23.9,920.4,NA,60,66
2004,4,21,15,-24.2,920.2,2,50,65
2004,4,21,18,-24,919.9,NA,NA,66
2004,4,21,21,-23.6,919.4,1,260,66
2004,4,22,0,-21.3,919.6,1,20,69
2004,4,22,3,-24.5,919.5,NA,NA,66
2004,4,22,6,-23.3,919.1,1,260,67
2004,4,22,9,-22.9,918.6,2,260,68
2004,4,22,12,-22.9,918,NA,260,67
2004,4,22,15,-22.2,917.6,4,240,57
2004,4,22,18,-25.1,916.4,NA,240,53
2004,4,22,21,-22,916.3,NA,230,51
2004,4,23,0,-24.3,919,NA,240,66
2004,4,23,3,-22.3,919.7,NA,220,69
2004,4,23,6,-21.9,919.1,NA,60,69
2004,4,23,9,-20.6,916.8,NA,280,42
2004,4,23,12,-19.6,913.8,NA,320,39
2004,4,23,15,-18.8,910.6,3,250,40
2004,4,23,18,-19.1,907.1,3,230,37
2004,4,23,21,-17.6,903.3,4,330,35
2004,4,24,0,-18.7,899.6,NA,10,38
2004,4,24,3,-15.3,895.8,NA,20,31
2004,4,24,6,-14.3,894.2,NA,240,24
2004,4,24,9,NA,895.3,NA,200,66
2004,4,24,12,NA,896.7,NA,220,66
2004,4,24,15,-22.9,898.4,NA,230,67
2004,4,24,18,-22.5,899.7,NA,160,68
2004,4,24,21,-22.8,901.1,NA,260,67
2004,4,25,0,-23.3,902.3,6,240,67
2004,4,25,3,-23.1,903.6,NA,250,66
2004,4,25,6,-23.1,904.4,4,260,62
2004,4,25,9,-23.4,905.9,2,320,52
2004,4,25,12,-23,907.2,4,20,54
2004,4,25,15,-22.6,908.2,2,360,52
2004,4,25,18,-22.3,909.2,3,230,50
2004,4,25,21,-22.8,910.8,2,260,56
2004,4,26,0,-22.2,913.1,1,240,56
2004,4,26,3,-22.7,915,3,250,61
2004,4,26,6,-21.2,916.7,NA,260,49
2004,4,26,9,-20.6,918.6,NA,270,44
2004,4,26,12,-20.8,920.2,10,270,45
2004,4,26,15,-21.1,921.5,NA,260,46
2004,4,26,18,-20,923,NA,250,46
2004,4,26,21,-20.1,924.6,NA,240,46
2004,4,27,0,-21.1,924.9,NA,240,56
2004,4,27,3,-20,923.6,NA,230,69
2004,4,27,6,-20.5,925.5,NA,NA,70
2004,4,27,9,-19.5,924.5,NA,NA,71
2004,4,27,12,-20.6,924.8,NA,NA,70
2004,4,27,15,-21,923.5,NA,NA,70
2004,4,27,18,-21.7,922.6,NA,210,68
2004,4,27,21,-21.4,921.7,NA,270,69
2004,4,28,0,-20.6,920.2,NA,340,54
2004,4,28,3,-22,918.5,NA,10,51
2004,4,28,6,-23.1,917.4,NA,20,56
2004,4,28,9,-23.5,916.4,NA,10,65
2004,4,28,12,-24.3,915.9,9,10,63
2004,4,28,15,-23.2,915.6,NA,240,66
2004,4,28,18,-23.7,916.3,NA,0,65
2004,4,28,21,-24.5,917.7,2,250,64
2004,4,29,0,-25,918.5,4,360,65
2004,4,29,3,-24,919.5,3,210,66
2004,4,29,6,-23.8,921,NA,220,66
2004,4,29,9,-23.4,922.4,6,230,66
2004,4,29,12,-22.6,924,4,250,60
2004,4,29,15,-22.7,925.6,4,20,57
2004,4,29,18,-22.2,928.2,2,300,50
2004,4,29,21,-21.2,930.8,5,350,43
2004,4,30,0,-19.1,932.8,6,310,29
2004,4,30,3,-20.6,933.9,NA,20,33
2004,4,30,6,-16.9,935.1,NA,10,32
2004,4,30,9,-16.6,936.2,NA,270,28
2004,4,30,12,-15.7,936.5,NA,10,24
2004,4,30,15,-17.8,936.1,1,320,28
2004,4,30,18,NA,935.1,NA,NA,34
2004,4,30,21,-21.2,934.4,NA,240,37
2004,5,1,0,-25,933.8,NA,50,62
2004,5,1,3,NA,932.1,1,60,52
2004,5,1,6,-24.8,930.9,NA,240,64
2004,5,1,9,-24.5,929.1,NA,NA,64
2004,5,1,12,-25.1,928,NA,NA,63
2004,5,1,15,-25.2,926.6,NA,NA,57
2004,5,1,18,-25,925.5,NA,270,54
2004,5,1,21,-24.8,924.6,NA,40,54
2004,5,2,0,-25.4,923.5,NA,40,61
2004,5,2,3,-25.5,922.8,NA,30,55
2004,5,2,6,-26.9,921.8,NA,20,54
2004,5,2,9,-27.4,920.6,NA,240,61
2004,5,2,12,-28.8,920.2,NA,0,59
2004,5,2,15,-27.6,919.5,NA,230,60
2004,5,2,18,-28.2,919,NA,230,60
2004,5,2,21,-29.8,917.5,NA,230,58
2004,5,3,0,-29.8,916.2,NA,220,58
2004,5,3,3,-29.9,917.5,NA,220,58
2004,5,3,6,-30.2,917.7,NA,240,51
2004,5,3,9,-31.3,918.6,NA,260,56
2004,5,3,12,-31.8,919.2,NA,250,51
2004,5,3,15,-31.7,919.1,NA,230,44
2004,5,3,18,-32.3,919,NA,360,47
2004,5,3,21,-31.5,918.9,NA,50,47
2004,5,4,0,-32.3,NA,NA,20,54
2004,5,4,3,-32.8,917.5,6,350,54
2004,5,4,6,-33.6,916.6,6,20,53
2004,5,4,9,-32.9,916.6,NA,0,54
2004,5,4,12,-33.4,917.1,2,300,53
2004,5,4,15,-33.4,916.8,5,260,52
2004,5,4,18,-34.2,916.8,NA,240,53
2004,5,4,21,-33,917.3,NA,230,54
2004,5,5,0,-34.3,917.1,NA,230,52
2004,5,5,3,-34.5,917.6,NA,240,52
2004,5,5,6,-33.5,917.9,NA,240,53
2004,5,5,9,-33.9,918.4,NA,260,52
2004,5,5,12,-32.3,919.4,3,10,48
2004,5,5,15,-32.4,919.6,NA,240,41
2004,5,5,18,-32.8,920.3,4,260,37
2004,5,5,21,-32.2,921,NA,240,37
2004,5,6,0,-31.8,921.8,NA,NA,37
2004,5,6,3,-31.6,921.9,1,10,36
2004,5,6,6,-32.3,921.3,NA,360,36
2004,5,6,9,-32.3,921.2,NA,350,36
2004,5,6,12,-31,920.8,NA,310,37
2004,5,6,15,-30.9,919.7,NA,340,39
2004,5,6,18,-29.9,919.4,NA,360,39
2004,5,6,21,-31,919.5,NA,10,36
2004,5,7,0,-29.3,919.5,NA,10,42
2004,5,7,3,-29.2,919.3,NA,20,37
2004,5,7,6,-29.2,919.7,NA,20,50
2004,5,7,9,-29.6,920.5,NA,20,59
2004,5,7,12,-28.9,921.4,NA,40,59
2004,5,7,15,-30.2,923,NA,40,58
2004,5,7,18,-28.1,924.6,NA,270,59
2004,5,7,21,-27.8,926.2,1,290,60
2004,5,8,0,-27.6,927.7,NA,NA,60
2004,5,8,3,-28.5,928.8,NA,260,60
2004,5,8,6,-27.9,929.9,NA,250,60
2004,5,8,9,-30,930.7,NA,270,57
2004,5,8,12,-30.1,930.7,NA,270,57
2004,5,8,15,-28.7,930.3,NA,0,59
2004,5,8,18,-30.6,930.1,4,260,57
2004,5,8,21,-29.7,930,1,270,58
2004,5,9,0,-30,929.8,2,220,58
2004,5,9,3,-30.7,929.5,3,210,57
2004,5,9,6,-32.5,929.4,3,260,55
2004,5,9,9,-32.8,929.2,NA,250,54
2004,5,9,12,-32.8,929.2,NA,240,54
2004,5,9,15,-33,929.1,10,250,54
2004,5,9,18,-33,929.3,7,250,54
2004,5,9,21,-32.2,929.4,NA,270,55
2004,5,10,0,-31.5,929.5,NA,0,55
2004,5,10,3,-30.1,929.1,4,220,57
2004,5,10,6,-30,929.2,2,230,57
2004,5,10,9,-27.9,929,6,220,60
2004,5,10,12,-27,928.8,NA,220,59
2004,5,10,15,-25.8,928.1,NA,250,44
2004,5,10,18,-22.9,927,NA,330,32
2004,5,10,21,NA,926.3,5,320,24
2004,5,11,0,-20.2,925.8,NA,330,21
2004,5,11,3,-21.8,926.1,NA,250,24
2004,5,11,6,-21.2,925.9,NA,270,23
2004,5,11,9,-21.4,924.6,NA,10,25
2004,5,11,12,-21.1,923.8,NA,10,24
2004,5,11,15,-24,923.7,NA,240,29
2004,5,11,18,-23.6,925.4,NA,240,35
2004,5,11,21,-23.5,925.1,NA,230,60
2004,5,12,0,-24.4,927,NA,250,63
2004,5,12,3,-22.2,927,NA,240,36
2004,5,12,6,-22.8,927.4,NA,220,37
2004,5,12,9,-22.9,927.7,NA,240,33
2004,5,12,12,-23.9,926.6,NA,360,34
2004,5,12,15,-23.6,926.4,NA,320,33
2004,5,12,18,-24.3,926.5,NA,300,43
2004,5,12,21,-25.1,926.9,4,220,43
2004,5,13,0,-26,926.7,NA,240,50
2004,5,13,3,-26.1,926.5,NA,240,49
2004,5,13,6,-24,926.5,NA,250,44
2004,5,13,9,-24.2,925.6,NA,230,35
2004,5,13,12,-21.1,924.2,NA,240,36
2004,5,13,15,NA,921,NA,230,48
2004,5,13,18,-16.8,919,NA,240,40
2004,5,13,21,-19.6,920.7,NA,230,38
2004,5,14,0,NA,919.4,NA,230,53
2004,5,14,3,-22,918.8,NA,230,57
2004,5,14,6,-22.9,917.3,17,240,51
2004,5,14,9,-21,915.9,NA,NA,48
2004,5,14,12,-19.9,913.5,NA,NA,40
2004,5,14,15,-19.1,911.6,NA,NA,37
2004,5,14,18,-20.1,909.4,14,NA,37
2004,5,14,21,-18,905.8,NA,230,71
2004,5,15,0,-17.7,901.4,NA,240,73
2004,5,15,3,-18.3,897,NA,230,73
2004,5,15,6,-20.7,902.1,NA,240,70
2004,5,15,9,-22.1,902.7,NA,220,68
2004,5,15,12,-21.7,904.4,NA,220,69
2004,5,15,15,-21.7,904,NA,10,69
2004,5,15,18,-19.9,904.6,NA,360,41
2004,5,15,21,-20.6,909,NA,20,40
2004,5,16,0,-19.9,915.2,NA,260,38
2004,5,16,3,-21,920.1,NA,260,42
2004,5,16,6,-20.8,923.2,NA,230,46
2004,5,16,9,-18.4,920.9,NA,240,67
2004,5,16,12,-20.2,914.5,NA,240,70
2004,5,16,15,-21.7,926.8,57,250,68
2004,5,16,18,-21.6,NA,NA,230,57
2004,5,16,21,-20.5,926,NA,330,57
2004,5,17,0,-17,920.2,NA,10,20
2004,5,17,3,-17.5,917.2,NA,260,19
2004,5,17,6,-18.2,915.6,NA,40,23
2004,5,17,9,-20.5,914.8,NA,250,37
2004,5,17,12,-18.7,913.7,NA,300,28
2004,5,17,15,NA,912.1,NA,330,20
2004,5,17,18,-15,911.1,NA,10,13
2004,5,17,21,-12.6,908.9,NA,350,17
2004,5,18,0,-10.1,908.5,NA,20,14
2004,5,18,3,-10.2,910,NA,260,20
2004,5,18,6,-12.1,913.3,NA,240,22
2004,5,18,9,NA,919,NA,240,40
2004,5,18,12,-14.5,924,NA,240,48
2004,5,18,15,-13.7,924.2,NA,230,47
2004,5,18,18,-16.6,927.6,50,230,75
2004,5,18,21,-17.5,931.6,51,250,74
2004,5,19,0,-18.2,936.3,NA,240,73
2004,5,19,3,-18.7,938.6,NA,230,73
2004,5,19,6,-18.9,938.7,NA,230,73
2004,5,19,9,-20.4,935,NA,0,71
2004,5,19,12,-21.4,930,NA,340,69
2004,5,19,15,-20,924.6,NA,260,71
2004,5,19,18,NA,920.4,NA,250,25
2004,5,19,21,NA,917.5,NA,0,17
2004,5,20,0,NA,916.1,NA,240,NA
2004,5,20,3,NA,916,NA,240,62
2004,5,20,6,NA,915.1,NA,250,62
2004,5,20,9,-22.2,914.8,NA,230,67
2004,5,20,12,-23.2,915.2,NA,240,67
2004,5,20,15,-23.6,915.3,NA,230,66
2004,5,20,18,-23.3,914.5,NA,20,66
2004,5,20,21,-23.6,914,NA,20,66
2004,5,21,0,-23.5,913.6,9,10,60
2004,5,21,3,-24.5,913.6,NA,250,65
2004,5,21,6,-25.2,913.8,NA,240,64
2004,5,21,9,-25.3,914.7,8,260,63
2004,5,21,12,-23.5,915.5,NA,230,66
2004,5,21,15,-22.1,917.3,NA,220,44
2004,5,21,18,-21.4,919.5,NA,210,38
2004,5,21,21,-20.1,921.3,NA,180,46
2004,5,22,0,-20.4,922.3,NA,270,56
2004,5,22,3,-21,921.8,NA,20,49
2004,5,22,6,-21.1,921.5,NA,60,67
2004,5,22,9,-21.8,921.4,NA,0,69
2004,5,22,12,-21.9,920.7,NA,260,68
2004,5,22,15,-22.2,919.6,NA,260,68
2004,5,22,18,-23.5,918,NA,250,66
2004,5,22,21,-22.9,917.6,NA,240,66
2004,5,23,0,-23.8,917,9,230,65
2004,5,23,3,-24.3,916.8,8,250,65
2004,5,23,6,-24.9,916.6,9,250,65
2004,5,23,9,-24.9,917.3,7,220,65
2004,5,23,12,-24.6,917.7,NA,240,64
2004,5,23,15,-24.8,918.4,NA,0,64
2004,5,23,18,-25.8,918.1,1,290,64
2004,5,23,21,-26.6,918.1,NA,230,62
2004,5,24,0,-27.2,918.4,NA,250,61
2004,5,24,3,-27.6,918.6,NA,220,61
2004,5,24,6,-27.9,918.6,3,10,60
2004,5,24,9,-28.3,918.5,NA,NA,60
2004,5,24,12,-29,918.3,NA,NA,59
2004,5,24,15,-28.1,917.9,8,NA,60
2004,5,24,18,-27.2,917.6,NA,280,61
2004,5,24,21,-26.2,917.4,NA,0,61
2004,5,25,0,-25.2,917.3,1,0,62
2004,5,25,3,-27.2,917.7,1,340,58
2004,5,25,6,-28.7,918,5,20,59
2004,5,25,9,-29.2,918.7,1,20,59
2004,5,25,12,-29.6,919.3,5,360,58
2004,5,25,15,-29.1,919.8,4,0,59
2004,5,25,18,-28.8,920,3,50,59
2004,5,25,21,-28.5,920.2,5,50,60
2004,5,26,0,-28.7,920.2,NA,20,59
2004,5,26,3,-28.3,920.7,7,20,60
2004,5,26,6,-28.4,921.3,NA,10,60
2004,5,26,9,-27.3,922,5,40,61
2004,5,26,12,-27.7,922.6,3,30,60
2004,5,26,15,-27.8,923.4,2,50,61
2004,5,26,18,-28.5,924.2,NA,0,59
2004,5,26,21,-29.6,925.5,3,260,58
2004,5,27,0,-29.5,926.5,2,250,58
2004,5,27,3,-29.7,927.9,2,250,58
2004,5,27,6,-30.2,929.3,2,220,58
2004,5,27,9,-31.2,930.4,3,260,56
2004,5,27,12,-31.2,931.7,2,230,56
2004,5,27,15,-30.7,932.4,2,240,57
2004,5,27,18,-30.1,933.1,2,240,57
2004,5,27,21,-32.1,934,3,260,55
2004,5,28,0,-31,935.1,NA,NA,57
2004,5,28,3,-31.7,935.4,NA,NA,56
2004,5,28,6,-31.2,935,1,350,56
2004,5,28,9,-31.6,933.9,3,20,56
2004,5,28,12,-30.1,933,5,20,57
2004,5,28,15,-31.5,931.5,5,30,56
2004,5,28,18,-31.4,929.1,2,10,56
2004,5,28,21,-30.7,926.8,2,350,56
2004,5,29,0,-30.5,924.5,NA,NA,57
2004,5,29,3,-30.1,922.5,3,230,58
2004,5,29,6,-30.5,921.3,2,280,57
2004,5,29,9,-31.6,921.1,1,10,56
2004,5,29,12,-32.8,920.7,2,10,55
2004,5,29,15,-32.4,919.3,3,10,55
2004,5,29,18,-31.3,916.9,6,20,56
2004,5,29,21,-31.9,914.5,4,50,56
2004,5,30,0,-30.7,912.7,NA,10,57
2004,5,30,3,-31,910.8,3,20,56
2004,5,30,6,-29.9,909.7,NA,0,58
2004,5,30,9,-27.6,909.7,4,230,61
2004,5,30,12,NA,911.2,1,270,64
2004,5,30,15,NA,912.8,NA,NA,71
2004,5,30,18,-20.6,913.8,1,40,70
2004,5,30,21,-21.8,914.1,NA,NA,63
2004,5,31,0,-23.5,914.3,NA,NA,57
2004,5,31,3,-26.2,914.3,1,350,59
2004,5,31,6,-25.2,914.2,NA,240,63
2004,5,31,9,-23.1,914.2,NA,230,66
2004,5,31,12,-26.1,912.2,NA,240,63
2004,5,31,15,-24,905.3,NA,230,65
2004,5,31,18,-26.6,904.6,NA,230,63
2004,5,31,21,-28.6,903.1,NA,240,60
2004,6,1,0,-30,900.4,NA,NA,58
2004,6,1,3,-30.4,904.8,NA,NA,57
2004,6,1,6,-28.4,905.2,NA,NA,60
2004,6,1,9,-28.3,906.4,NA,NA,59
2004,6,1,12,-27.6,905.3,NA,NA,60
2004,6,1,15,-27.3,909.3,60,NA,61
2004,6,1,18,-27.1,908.6,NA,NA,61
2004,6,1,21,-27.1,911,NA,NA,62
2004,6,2,0,-26.2,909.8,NA,240,57
2004,6,2,3,-27.1,906.8,NA,230,59
2004,6,2,6,-26.7,904.3,NA,230,57
2004,6,2,9,-26.1,903.3,NA,230,54
2004,6,2,12,-25.7,897.2,NA,NA,60
2004,6,2,15,-23.2,896,NA,NA,54
2004,6,2,18,-21.9,895.1,NA,NA,50
2004,6,2,21,-23.6,895.4,NA,240,65
2004,6,3,0,-23.8,895,NA,230,60
2004,6,3,3,-21.9,893.5,NA,240,67
2004,6,3,6,-22.2,896.8,NA,240,57
2004,6,3,9,-20.7,900,NA,230,60
2004,6,3,12,-21.6,899.8,NA,220,68
2004,6,3,15,-21.5,901.8,NA,230,68
2004,6,3,18,-22.1,901.4,NA,350,68
2004,6,3,21,-22.1,901.9,NA,20,68
2004,6,4,0,-20.9,901.8,NA,280,64
2004,6,4,3,-21.8,901.8,NA,20,49
2004,6,4,6,-23.1,901.9,2,40,60
2004,6,4,9,-23.5,902.2,3,250,63
2004,6,4,12,-23.9,902.2,3,220,65
2004,6,4,15,-24.5,901.9,NA,220,65
2004,6,4,18,-24.4,901.9,NA,240,65
2004,6,4,21,-25.4,901.3,9,210,63
2004,6,5,0,-25.2,901.2,NA,220,64
2004,6,5,3,-24.3,899.3,NA,230,65
2004,6,5,6,-25.1,899.8,NA,NA,64
2004,6,5,9,-25,899.4,NA,NA,64
2004,6,5,12,-24.4,900.9,NA,NA,57
2004,6,5,15,-23.7,903.9,NA,NA,65
2004,6,5,18,-26,904.7,NA,NA,63
2004,6,5,21,-24.7,908.3,NA,250,64
2004,6,6,0,-25.8,911.1,NA,350,63
2004,6,6,3,-25.2,911.6,NA,350,61
2004,6,6,6,-25.6,916.1,NA,220,63
2004,6,6,9,-23.1,914.7,NA,310,65
2004,6,6,12,NA,912.9,NA,340,39
2004,6,6,15,NA,908.5,NA,20,34
2004,6,6,18,-15.1,902.6,NA,20,22
2004,6,6,21,-14.6,901,NA,20,28
2004,6,7,0,-16.7,901.6,NA,240,27
2004,6,7,3,NA,903.4,10,210,40
2004,6,7,6,-16.5,904.8,NA,330,40
2004,6,7,9,NA,906.8,NA,210,28
2004,6,7,12,-15.3,909.1,NA,190,28
2004,6,7,15,-14.8,909.6,NA,250,33
2004,6,7,18,-11.8,910.4,NA,240,24
2004,6,7,21,-12.3,912.5,NA,250,31
2004,6,8,0,-11.9,914.3,NA,240,32
2004,6,8,3,NA,917.9,NA,250,45
2004,6,8,6,NA,921.3,NA,240,44
2004,6,8,9,-17.4,920,NA,340,54
2004,6,8,12,-18.2,915.7,NA,20,58
2004,6,8,15,-18.7,909.6,NA,230,68
2004,6,8,18,NA,904.5,NA,240,67
2004,6,8,21,NA,907.7,NA,240,53
2004,6,9,0,NA,911.9,NA,220,58
2004,6,9,3,-19.1,914.9,NA,NA,60
2004,6,9,6,-20.6,918,NA,NA,59
2004,6,9,9,-15.7,917.2,NA,NA,49
2004,6,9,12,-17,918.4,NA,240,39
2004,6,9,15,-16.6,919.2,NA,240,46
2004,6,9,18,-16.3,916.8,NA,240,50
2004,6,9,21,-14.9,920.1,NA,230,38
2004,6,10,0,-14.3,920.9,NA,230,49
2004,6,10,3,-11.3,920.4,NA,220,34
2004,6,10,6,NA,918.1,NA,220,20
2004,6,10,9,NA,912.5,NA,260,19
2004,6,10,12,NA,909.1,NA,240,22
2004,6,10,15,NA,911.4,NA,230,35
2004,6,10,18,NA,910,NA,220,45
2004,6,10,21,NA,911.7,NA,220,48
2004,6,11,0,NA,914.4,NA,220,58
2004,6,11,3,-19,916.8,NA,240,52
2004,6,11,6,-19.4,917.9,NA,220,53
2004,6,11,9,-20.6,918,NA,240,63
2004,6,11,12,-21.1,918.8,NA,230,65
2004,6,11,15,-20.8,918.9,NA,220,51
2004,6,11,18,-20.6,919.1,NA,230,50
2004,6,11,21,-21.1,920.3,NA,230,44
2004,6,12,0,-21.7,919.4,NA,360,50
2004,6,12,3,-21.3,918.9,NA,360,44
2004,6,12,6,-20.1,919,NA,320,35
2004,6,12,9,-21.5,918.8,NA,230,41
2004,6,12,12,-22.6,920.2,NA,230,49
2004,6,12,15,-24.7,921.4,NA,250,56
2004,6,12,18,-25.9,922,NA,230,60
2004,6,12,21,-24.2,922.2,NA,230,54
2004,6,13,0,-21.6,922.8,26,240,26
2004,6,13,3,-20.6,922.7,23,230,28
2004,6,13,6,-21.4,923.6,NA,240,39
2004,6,13,9,-21.3,923.7,NA,290,29
2004,6,13,12,-20.1,924.5,NA,250,31
2004,6,13,15,-23.8,924.5,2,20,52
2004,6,13,18,-24.5,924.6,2,280,56
2004,6,13,21,-25,923.9,NA,240,62
2004,6,14,0,-23.9,924,NA,240,55
2004,6,14,3,-20.8,924,NA,230,44
2004,6,14,6,-20.6,920.8,NA,240,60
2004,6,14,9,-20.8,921.3,NA,240,67
2004,6,14,12,-20.4,922,NA,230,68
2004,6,14,15,-20,919.3,NA,NA,70
2004,6,14,18,-20.4,916.9,NA,NA,69
2004,6,14,21,-21.5,919.7,51,220,50
2004,6,15,0,-20.1,919.6,NA,240,59
2004,6,15,3,-19.1,917.8,NA,230,57
2004,6,15,6,-21,918.8,NA,210,65
2004,6,15,9,-21.5,920.7,NA,220,67
2004,6,15,12,-22.1,919.7,NA,NA,67
2004,6,15,15,-22.5,918.7,NA,NA,67
2004,6,15,18,-24.5,919.1,NA,NA,64
2004,6,15,21,-25.3,917.2,NA,230,63
2004,6,16,0,-24.4,913.1,60,230,64
2004,6,16,3,-26.6,918.1,NA,220,62
2004,6,16,6,-26.1,916.7,NA,240,62
2004,6,16,9,-24.5,915,NA,230,52
2004,6,16,12,-22.5,913.5,NA,240,42
2004,6,16,15,-20.9,912.3,NA,280,30
2004,6,16,18,-20.1,911.9,NA,300,31
2004,6,16,21,-23.5,912,NA,240,34
2004,6,17,0,-24.2,911.6,NA,230,NA
2004,6,17,3,-23.8,906.5,NA,230,64
2004,6,17,6,-24.3,900.7,NA,230,64
2004,6,17,9,-25.5,907.8,NA,240,62
2004,6,17,12,-23.7,902.8,NA,230,64
2004,6,17,15,-21.8,905.8,NA,240,67
2004,6,17,18,-20.1,912,NA,240,69
2004,6,17,21,-19.2,913.7,NA,240,71
2004,6,18,0,-18.3,915.6,56,NA,72
2004,6,18,3,-16.9,916.1,59,NA,66
2004,6,18,6,-17,916.5,NA,NA,56
2004,6,18,9,-15.3,919.8,53,NA,55
2004,6,18,12,-14.3,921.3,NA,NA,55
2004,6,18,15,-14.1,923.3,NA,NA,66
2004,6,18,18,-13.4,925.5,44,NA,63
2004,6,18,21,-12.7,929.2,NA,NA,54
2004,6,19,0,-12.5,930.7,NA,250,NA
2004,6,19,3,-12,930.3,NA,20,53
2004,6,19,6,-12.2,930,NA,20,43
2004,6,19,9,-12.4,930.2,NA,100,42
2004,6,19,12,-12.8,930.6,NA,10,44
2004,6,19,15,-13.6,930.5,NA,250,53
2004,6,19,18,-14.1,930.6,NA,20,42
2004,6,19,21,-14,930.5,NA,10,56
2004,6,20,0,-13.6,930.3,NA,0,47
2004,6,20,3,-17,930.8,NA,250,71
2004,6,20,6,NA,933.4,NA,260,73
2004,6,20,9,-17.4,934.7,NA,80,74
2004,6,20,12,-16.4,934.3,NA,20,68
2004,6,20,15,-14.5,933.3,NA,30,57
2004,6,20,18,NA,932.4,NA,30,44
2004,6,20,21,-11.7,932.2,NA,30,40
2004,6,21,0,-8.6,931.9,NA,260,32
2004,6,21,3,NA,932,NA,230,33
2004,6,21,6,-10.1,932.3,NA,240,29
2004,6,21,9,-10.5,933.3,NA,240,39
2004,6,21,12,-10.9,932.5,NA,30,34
2004,6,21,15,-12,932,NA,10,36
2004,6,21,18,-12.9,933.3,NA,350,35
2004,6,21,21,-15.2,932.8,NA,270,53
2004,6,22,0,-13.7,932.3,NA,0,42
2004,6,22,3,-15.7,931.6,NA,300,45
2004,6,22,6,-17,931,NA,250,56
2004,6,22,9,-16.4,931,NA,260,46
2004,6,22,12,-16.9,930.1,4,310,46
2004,6,22,15,-18.5,928.6,NA,0,52
2004,6,22,18,-18.4,927.2,NA,240,50
2004,6,22,21,-18.6,925.8,NA,30,42
2004,6,23,0,-17.6,924.7,2,60,32
2004,6,23,3,-16.9,923.6,1,80,30
2004,6,23,6,-18.9,923.2,NA,240,38
2004,6,23,9,-19.3,922.9,5,260,53
2004,6,23,12,-19.2,922.8,NA,260,46
2004,6,23,15,-18.8,922,NA,0,42
2004,6,23,18,-20,921.4,2,50,50
2004,6,23,21,-19.8,921.2,1,260,55
2004,6,24,0,-20.2,920.8,1,300,49
2004,6,24,3,-20.8,920.5,2,260,53
2004,6,24,6,-21.7,920.9,3,260,66
2004,6,24,9,-22.4,920.7,4,30,56
2004,6,24,12,-22.8,919.6,NA,360,59
2004,6,24,15,-23,918.4,NA,20,57
2004,6,24,18,-23.1,916.7,NA,10,60
2004,6,24,21,-22.5,915.8,NA,10,56
2004,6,25,0,-24,914.3,NA,10,64
2004,6,25,3,-23.9,912.6,NA,360,64
2004,6,25,6,-23.3,913.3,NA,20,65
2004,6,25,9,-23.5,913.7,NA,NA,65
2004,6,25,12,-24.6,914,NA,NA,NA
2004,6,25,15,-23.9,915.1,NA,NA,64
2004,6,25,18,-23,915.5,NA,NA,65
2004,6,25,21,-23.6,915.8,NA,NA,65
2004,6,26,0,-24.1,916.5,NA,NA,64
2004,6,26,3,-24.8,916.6,NA,NA,64
2004,6,26,6,-24.6,917,NA,NA,63
2004,6,26,9,-25.4,918.2,NA,NA,63
2004,6,26,12,-26.2,918.8,NA,NA,62
2004,6,26,15,-24.7,919.7,NA,NA,63
2004,6,26,18,-21.6,919.7,NA,NA,66
2004,6,26,21,-23.7,919.5,2,10,64
2004,6,27,0,-25,919.5,NA,NA,64
2004,6,27,3,-24.5,919,2,360,63
2004,6,27,6,-23.4,918.3,4,20,65
2004,6,27,9,-24.1,917.7,NA,30,64
2004,6,27,12,-23.9,917.1,NA,NA,64
2004,6,27,15,-24.1,917,NA,NA,64
2004,6,27,18,-24.3,916.8,NA,NA,64
2004,6,27,21,-26.7,917.1,NA,350,63
2004,6,28,0,-26.1,918.3,NA,310,62
2004,6,28,3,-24.8,920.2,NA,NA,63
2004,6,28,6,-23.9,921.6,NA,290,65
2004,6,28,9,-23.7,923.3,NA,NA,65
2004,6,28,12,-23.2,924.5,NA,NA,66
2004,6,28,15,-22.9,925.3,NA,NA,66
2004,6,28,18,-23.7,925.8,NA,320,65
2004,6,28,21,-26.2,925.5,NA,NA,64
2004,6,29,0,-26.2,925.4,NA,NA,62
2004,6,29,3,-25.8,922.5,NA,NA,62
2004,6,29,6,-25.5,919.9,NA,NA,63
2004,6,29,9,-24.5,917.7,1,230,63
2004,6,29,12,-25.1,916.2,1,230,63
2004,6,29,15,-25.4,918,NA,0,64
2004,6,29,18,-23.8,917.6,1,240,65
2004,6,29,21,-23.2,919.2,NA,NA,66
2004,6,30,0,-22.9,920.1,NA,NA,66
2004,6,30,3,-22.5,921.7,NA,NA,66
2004,6,30,6,-21.6,924,NA,NA,67
2004,6,30,9,-23.3,927.3,2,250,66
2004,6,30,12,-23.5,929.8,NA,NA,66
2004,6,30,15,-23.4,931.4,NA,NA,64
2004,6,30,18,-24.9,931.8,NA,NA,64
2004,6,30,21,-25.9,931.6,NA,NA,62
2004,7,1,0,-25.8,931.1,NA,NA,62
2004,7,1,3,-26.3,929.7,1,30,62
2004,7,1,6,-26.7,928.6,1,40,61
2004,7,1,9,-24.8,927.5,NA,NA,65
2004,7,1,12,-24.8,925.6,NA,NA,64
2004,7,1,15,-23.7,924.2,NA,NA,65
2004,7,1,18,-21.4,922.9,NA,NA,67
2004,7,1,21,-21.3,922,NA,NA,68
2004,7,2,0,-20.9,920.3,NA,NA,69
2004,7,2,3,-20.9,919.1,NA,NA,69
2004,7,2,6,-21.2,920.2,NA,NA,68
2004,7,2,9,-22.1,921.9,NA,NA,68
2004,7,2,12,-21.9,923.9,NA,NA,68
2004,7,2,15,-22.3,929.1,NA,NA,61
2004,7,2,18,-23.3,932.2,NA,NA,65
2004,7,2,21,-24.6,934.6,NA,NA,64
2004,7,3,0,-21.2,933.8,NA,NA,68
2004,7,3,3,NA,934,NA,NA,60
2004,7,3,6,NA,933.9,NA,NA,50
2004,7,3,9,-13.4,933.9,NA,NA,41
2004,7,3,12,-11.6,933,NA,NA,18
2004,7,3,15,-11.9,931.9,NA,NA,29
2004,7,3,18,-11.1,931.3,6,250,31
2004,7,3,21,NA,931.2,NA,250,29
2004,7,4,0,-13.4,929.3,NA,10,26
2004,7,4,3,-9.5,926.8,4,350,23
2004,7,4,6,-14.2,925.2,5,240,29
2004,7,4,9,NA,920.6,NA,230,54
2004,7,4,12,-19,919.9,NA,230,54
2004,7,4,15,NA,920,NA,230,66
2004,7,4,18,NA,920.9,NA,210,64
2004,7,4,21,-25,923,NA,230,63
2004,7,5,0,-27.3,923,NA,270,60
2004,7,5,3,-26.4,922,NA,170,61
2004,7,5,6,-27,921.3,NA,NA,61
2004,7,5,9,-27.4,919,NA,20,60
2004,7,5,12,-28.1,917.1,NA,30,59
2004,7,5,15,-28.8,915.2,8,10,50
2004,7,5,18,-30,913.4,NA,20,56
2004,7,5,21,-28.4,912.9,NA,70,59
2004,7,6,0,-28.6,912.4,NA,260,59
2004,7,6,3,-32,912.1,NA,260,56
2004,7,6,6,-30.4,909.8,NA,220,55
2004,7,6,9,-31.1,907.6,NA,220,56
2004,7,6,12,-31.8,906.2,NA,230,55
2004,7,6,15,-33.1,905.4,NA,NA,53
2004,7,6,18,-32.9,905.2,NA,NA,53
2004,7,6,21,-32.5,907.8,59,NA,54
2004,7,7,0,-33.3,915,NA,240,53
2004,7,7,3,-33.9,916.7,NA,230,52
2004,7,7,6,-35.2,919,NA,230,51
2004,7,7,9,-35.1,921.2,NA,210,51
2004,7,7,12,-35.1,921.8,NA,230,51
2004,7,7,15,-35,921.3,NA,30,50
2004,7,7,18,-35.2,919.2,NA,30,51
2004,7,7,21,-35.9,917.3,NA,10,50
2004,7,8,0,-35.2,915,NA,30,50
2004,7,8,3,-34,913.1,NA,70,52
2004,7,8,6,-33.4,911.2,NA,60,52
2004,7,8,9,-33.4,909.6,NA,280,52
2004,7,8,12,-31.3,908.4,NA,0,54
2004,7,8,15,-33.3,906.4,NA,240,51
2004,7,8,18,-33.5,904,NA,220,52
2004,7,8,21,-31.4,903.3,NA,230,55
2004,7,9,0,-33.8,901.6,NA,230,52
2004,7,9,3,-34,898.9,NA,240,51
2004,7,9,6,-33.9,899.7,NA,230,52
2004,7,9,9,-32.9,900,NA,240,53
2004,7,9,12,-32.3,906.1,NA,230,53
2004,7,9,15,-31.6,909.6,NA,NA,54
2004,7,9,18,-31.1,913.6,NA,NA,55
2004,7,9,21,-31.3,918.2,58,NA,55
2004,7,10,0,-30.7,922.4,NA,230,54
2004,7,10,3,-30.6,924.6,NA,230,46
2004,7,10,6,-29.7,923.9,NA,210,49
2004,7,10,9,-31.1,922.4,NA,210,55
2004,7,10,12,-31.8,921.6,NA,220,54
2004,7,10,15,-32.3,921.2,NA,190,54
2004,7,10,18,-33.6,920.7,NA,220,52
2004,7,10,21,-34.1,921.3,NA,260,52
2004,7,11,0,-33.1,921,NA,240,52
2004,7,11,3,-33.2,919.3,NA,230,53
2004,7,11,6,-31.6,922,NA,240,46
2004,7,11,9,-31.9,921.2,NA,220,47
2004,7,11,12,-30,926.1,NA,240,33
2004,7,11,15,-31,927.5,NA,140,37
2004,7,11,18,NA,927.7,NA,210,35
2004,7,11,21,NA,926.7,NA,240,32
2004,7,12,0,-26,925.9,NA,240,34
2004,7,12,3,-26.1,925.3,NA,220,28
2004,7,12,6,-27.5,923.8,NA,230,48
2004,7,12,9,-27.5,922.5,NA,10,38
2004,7,12,12,-27.3,919.7,NA,10,31
2004,7,12,15,-26.9,917.3,NA,30,25
2004,7,12,18,-25.2,915.3,NA,10,22
2004,7,12,21,-25.1,914.1,NA,20,25
2004,7,13,0,-27.1,913.2,NA,40,25
2004,7,13,3,-26.8,912.3,NA,350,26
2004,7,13,6,-27.5,910.7,1,360,27
2004,7,13,9,-25.1,908.7,3,350,22
2004,7,13,12,-27.7,906.7,NA,20,23
2004,7,13,15,-28.7,904.7,NA,10,27
2004,7,13,18,-28.2,902.9,NA,10,26
2004,7,13,21,-30,901.8,NA,10,40
2004,7,14,0,-30.6,902,NA,230,55
2004,7,14,3,-31.6,903.8,NA,0,54
2004,7,14,6,-30.7,906.7,NA,230,55
2004,7,14,9,-30.6,910.1,NA,230,54
2004,7,14,12,NA,913.9,NA,240,58
2004,7,14,15,-28.9,917.4,NA,240,57
2004,7,14,18,-29.7,920.6,NA,220,56
2004,7,14,21,-30.3,923,NA,250,56
2004,7,15,0,-31,925.8,NA,260,55
2004,7,15,3,-31.6,927.3,5,260,54
2004,7,15,6,-32.1,928.8,8,270,53
2004,7,15,9,-30.9,930.1,6,340,54
2004,7,15,12,-30.8,930.2,7,350,55
2004,7,15,15,-31.6,929.8,6,20,47
2004,7,15,18,-30.7,929.5,NA,0,45
2004,7,15,21,-31.7,929.4,3,20,51
2004,7,16,0,-33.1,929.4,1,230,53
2004,7,16,3,-34.2,929.4,3,20,52
2004,7,16,6,-33.2,929.4,3,20,52
2004,7,16,9,-34,928.5,NA,10,51
2004,7,16,12,-33.8,927.9,5,20,52
2004,7,16,15,-32.3,927.1,NA,360,50
2004,7,16,18,-31.9,926.8,5,10,38
2004,7,16,21,-31.7,925.8,3,20,35
2004,7,17,0,-31.1,924.6,4,20,41
2004,7,17,3,-31,922,NA,0,40
2004,7,17,6,-29.5,920.4,NA,10,36
2004,7,17,9,NA,920,NA,0,19
2004,7,17,12,-28.6,918.6,NA,30,24
2004,7,17,15,-26.2,915.7,NA,330,21
2004,7,17,18,NA,913.5,NA,340,18
2004,7,17,21,-23.6,911.9,NA,340,14
2004,7,18,0,-22.1,NA,NA,20,11
2004,7,18,3,-23.2,905.9,4,10,14
2004,7,18,6,-24,904.3,NA,360,23
2004,7,18,9,NA,904.8,NA,240,21
2004,7,18,12,NA,904.7,NA,NA,54
2004,7,18,15,-30.6,904.6,NA,NA,51
2004,7,18,18,-30.5,904.1,NA,NA,40
2004,7,18,21,-31,904.9,NA,220,39
2004,7,19,0,-31.7,905,NA,220,48
2004,7,19,3,-32.5,904.5,NA,230,53
2004,7,19,6,-32.4,903.4,NA,10,53
2004,7,19,9,-30.9,902.3,NA,30,40
2004,7,19,12,-31.6,901.7,NA,360,39
2004,7,19,15,-31.4,901.6,NA,10,33
2004,7,19,18,-30.9,901.6,NA,20,36
2004,7,19,21,-31.7,902.3,NA,40,54
2004,7,20,0,-32.5,903.3,NA,260,53
2004,7,20,3,-34.9,902.5,NA,220,50
2004,7,20,6,-35,903.1,NA,250,50
2004,7,20,9,-35.3,903.4,NA,210,49
2004,7,20,12,-36.1,904.5,14,240,49
2004,7,20,15,-37.3,904.4,NA,230,47
2004,7,20,18,-37.4,905.5,NA,230,47
2004,7,20,21,-37.9,906.8,NA,NA,36
2004,7,21,0,-38.3,907.1,NA,NA,35
2004,7,21,3,-39.3,910,NA,NA,40
2004,7,21,6,-39.5,912.2,NA,220,44
2004,7,21,9,-40.2,913.1,NA,230,39
2004,7,21,12,-40,914.8,NA,220,40
2004,7,21,15,-40.4,915.9,NA,230,43
2004,7,21,18,-40.5,917.2,NA,230,43
2004,7,21,21,-40,918.3,NA,260,44
2004,7,22,0,-39.2,918.1,NA,260,NA
2004,7,22,3,-39.1,917.6,NA,260,27
2004,7,22,6,-38.6,917.5,NA,240,24
2004,7,22,9,-39.2,916.9,1,240,25
2004,7,22,12,-37.8,916,2,360,24
2004,7,22,15,-37.3,914.9,NA,230,24
2004,7,22,18,-37.1,914.3,NA,270,21
2004,7,22,21,-37.1,913.2,NA,30,25
2004,7,23,0,-34.9,911.5,NA,20,22
2004,7,23,3,-35.6,910.5,NA,40,26
2004,7,23,6,-36.5,908.7,NA,10,18
2004,7,23,9,-36.7,906.6,NA,20,33
2004,7,23,12,-38.4,907,NA,250,45
2004,7,23,15,-39.7,907,NA,260,45
2004,7,23,18,-38,907.2,NA,230,44
2004,7,23,21,-39.1,906.9,NA,300,44
2004,7,24,0,-38.7,905.7,NA,40,45
2004,7,24,3,-36.9,904,NA,350,32
2004,7,24,6,-35.7,902.5,NA,310,28
2004,7,24,9,-35,902,NA,240,23
2004,7,24,12,-34,901.4,NA,230,19
2004,7,24,15,-32,900.5,NA,330,16
2004,7,24,18,NA,900.3,NA,330,17
2004,7,24,21,-29,901,3,230,18
2004,7,25,0,-28.7,902.7,5,260,23
2004,7,25,3,-31.2,904.2,4,30,27
2004,7,25,6,-29.2,906.2,NA,10,32
2004,7,25,9,-31.2,908.2,NA,330,49
2004,7,25,12,-32.6,908.7,NA,20,53
2004,7,25,15,-32.6,906.9,NA,30,52
2004,7,25,18,-33,905.3,10,20,52
2004,7,25,21,-33.8,903.9,NA,320,51
2004,7,26,0,-33.7,901.4,NA,0,50
2004,7,26,3,-34.7,898.7,4,300,50
2004,7,26,6,-32.8,897.4,1,20,51
2004,7,26,9,-33.2,898.5,2,260,52
2004,7,26,12,-35.2,899.9,NA,240,49
2004,7,26,15,-35.4,903,NA,110,50
2004,7,26,18,-36,905.4,NA,130,51
2004,7,26,21,-33.4,908.2,5,220,52
2004,7,27,0,-32.9,910.7,2,250,52
2004,7,27,3,-33.2,911.1,2,330,52
2004,7,27,6,-32.9,911.3,3,20,52
2004,7,27,9,-33.4,910.3,5,250,51
2004,7,27,12,-33.5,909.4,NA,240,50
2004,7,27,15,-32.4,908.4,NA,240,52
2004,7,27,18,-32.8,905.9,NA,220,52
2004,7,27,21,-31.6,903.1,NA,230,53
2004,7,28,0,-32.1,903.6,NA,230,54
2004,7,28,3,-31.3,903.7,NA,240,51
2004,7,28,6,-31.2,907.9,58,240,49
2004,7,28,9,-30.9,912,NA,230,48
2004,7,28,12,-30.1,916.8,NA,220,46
2004,7,28,15,-29.9,922.5,NA,220,50
2004,7,28,18,-30.7,923.9,NA,220,51
2004,7,28,21,-31.5,924.3,NA,30,54
2004,7,29,0,-31.1,923.6,NA,10,54
2004,7,29,3,-31.5,921.8,NA,360,54
2004,7,29,6,-29.7,920.5,NA,10,56
2004,7,29,9,NA,918.2,NA,260,60
2004,7,29,12,NA,915.9,NA,330,27
2004,7,29,15,NA,913.1,NA,240,23
2004,7,29,18,NA,910,NA,240,34
2004,7,29,21,-21.7,909.6,NA,40,32
2004,7,30,0,-23,909.1,NA,220,30
2004,7,30,3,NA,908.2,NA,250,44
2004,7,30,6,NA,906.2,NA,NA,57
2004,7,30,9,-29.4,905.3,NA,NA,55
2004,7,30,12,-30.1,906.7,NA,NA,52
2004,7,30,15,-31.4,909.6,NA,230,46
2004,7,30,18,-30.7,912.7,NA,230,55
2004,7,30,21,-31.6,914.3,NA,270,54
2004,7,31,0,-31.7,914.6,NA,250,54
2004,7,31,3,-32,913.9,NA,250,54
2004,7,31,6,-32.3,913.3,NA,240,53
2004,7,31,9,-32.8,912.7,NA,270,53
2004,7,31,12,-31.8,910.9,NA,250,53
2004,7,31,15,-31.6,907.9,NA,40,51
2004,7,31,18,-32.5,905.8,NA,20,49
2004,7,31,21,-33.5,905.2,NA,0,52
2004,8,1,0,-34.1,904,NA,240,51
2004,8,1,3,-34.2,904.1,NA,260,50
2004,8,1,6,-32.4,904.7,NA,70,52
2004,8,1,9,-33,902.9,NA,10,52
2004,8,1,12,NA,904.6,NA,250,45
2004,8,1,15,NA,905.3,NA,210,50
2004,8,1,18,-30.5,906.5,NA,230,44
2004,8,1,21,-30.8,908,NA,350,51
2004,8,2,0,-30.9,908.1,NA,10,50
2004,8,2,3,-29.6,908.2,NA,340,48
2004,8,2,6,NA,906.8,NA,340,22
2004,8,2,9,NA,907.7,NA,250,20
2004,8,2,12,-26.5,909.9,NA,240,39
2004,8,2,15,-26.6,910.5,NA,230,47
2004,8,2,18,-27.1,911.4,NA,240,41
2004,8,2,21,-27.8,910.7,NA,340,43
2004,8,3,0,-28.5,910.8,NA,280,41
2004,8,3,3,-29.1,909.1,NA,230,56
2004,8,3,6,-30,908.3,NA,250,56
2004,8,3,9,-30.1,906.7,NA,230,56
2004,8,3,12,-30.1,909.5,NA,NA,55
2004,8,3,15,-30.8,912.8,NA,NA,54
2004,8,3,18,-31.1,915,NA,NA,42
2004,8,3,21,-30.6,916.4,NA,70,45
2004,8,4,0,-27.8,916.3,NA,240,27
2004,8,4,3,NA,916.3,NA,250,17
2004,8,4,6,-24.1,916.5,NA,10,14
2004,8,4,9,-22.6,916.2,NA,20,15
2004,8,4,12,-22.2,915.4,NA,270,13
2004,8,4,15,-21.8,914.4,NA,350,15
2004,8,4,18,NA,912.3,NA,250,42
2004,8,4,21,NA,915.8,NA,230,45
2004,8,5,0,-28.2,919.1,NA,230,54
2004,8,5,3,-27.8,920.2,NA,230,43
2004,8,5,6,-27.6,921.2,NA,220,39
2004,8,5,9,-26.2,923,NA,30,37
2004,8,5,12,-26.6,925.5,3,130,26
2004,8,5,15,-27.1,928,3,350,39
2004,8,5,18,-30.2,929.1,NA,230,54
2004,8,5,21,-30,932.1,NA,240,52
2004,8,6,0,-31,935,NA,240,53
2004,8,6,3,-30.2,936.6,NA,240,34
2004,8,6,6,-29.7,935.1,NA,20,37
2004,8,6,9,-29.1,934.1,NA,20,36
2004,8,6,12,-26.8,938.7,NA,250,31
2004,8,6,15,-28.3,938,NA,230,35
2004,8,6,18,-27,939,NA,280,32
2004,8,6,21,-24.4,937.1,NA,340,26
2004,8,7,0,NA,933.4,NA,360,19
2004,8,7,3,NA,928.3,NA,10,10
2004,8,7,6,NA,925.1,NA,340,4
2004,8,7,9,-8.3,923.5,NA,260,7
2004,8,7,12,NA,924.3,NA,250,8
2004,8,7,15,NA,927,NA,240,32
2004,8,7,18,NA,928.8,NA,230,40
2004,8,7,21,-20.7,930.6,NA,240,53
2004,8,8,0,NA,934.2,NA,240,62
2004,8,8,3,NA,936.1,NA,220,60
2004,8,8,6,-25.7,938.2,NA,250,61
2004,8,8,9,-23.7,939.1,NA,60,21
2004,8,8,12,-24.7,939.1,NA,10,27
2004,8,8,15,-24,939.6,NA,300,28
2004,8,8,18,-24,940.8,NA,260,26
2004,8,8,21,-26.7,940.6,NA,250,51
2004,8,9,0,-27,940.5,NA,40,46
2004,8,9,3,-25.3,938.9,NA,10,45
2004,8,9,6,-24.7,935.8,NA,20,41
2004,8,9,9,-25.7,932.5,NA,30,57
2004,8,9,12,-25.1,929.6,NA,30,61
2004,8,9,15,-25.6,927.9,NA,20,62
2004,8,9,18,-24.9,924.8,NA,270,62
2004,8,9,21,NA,922.6,2,310,68
2004,8,10,0,NA,921.2,3,260,36
2004,8,10,3,NA,919.7,5,280,21
2004,8,10,6,-12.2,918,3,300,15
2004,8,10,9,-10.3,916.2,5,330,11
2004,8,10,12,-11.9,915.2,NA,240,12
2004,8,10,15,NA,916.9,NA,230,44
2004,8,10,18,NA,916.5,NA,230,39
2004,8,10,21,-22.5,916.4,NA,230,51
2004,8,11,0,-23,916.4,NA,240,52
2004,8,11,3,-24.5,916.8,NA,240,53
2004,8,11,6,NA,917.6,NA,220,55
2004,8,11,9,NA,919.3,NA,220,56
2004,8,11,12,-29.2,922.5,NA,230,56
2004,8,11,15,-29.5,923.8,NA,240,56
2004,8,11,18,-29.5,923.8,NA,240,56
2004,8,11,21,-28.6,923.7,17,250,57
2004,8,12,0,-27.7,923.7,NA,240,48
2004,8,12,3,-26.2,924,NA,240,36
2004,8,12,6,-26.7,924,NA,220,41
2004,8,12,9,-26.2,925,NA,230,49
2004,8,12,12,-25.4,923.5,NA,230,54
2004,8,12,15,-25.7,923.7,NA,230,55
2004,8,12,18,-24.8,923.5,NA,240,61
2004,8,12,21,-24.9,924.5,NA,240,62
2004,8,13,0,-24.7,922.8,NA,230,59
2004,8,13,3,-24.3,925.7,NA,230,62
2004,8,13,6,-20.3,920.6,NA,240,44
2004,8,13,9,NA,922.4,NA,240,39
2004,8,13,12,-18.8,923.2,NA,230,34
2004,8,13,15,-17.7,921.9,NA,NA,34
2004,8,13,18,-17.6,924.7,59,NA,29
2004,8,13,21,-16.8,926.3,NA,230,40
2004,8,14,0,-18.8,926.5,NA,240,51
2004,8,14,3,-17.8,927,NA,210,40
2004,8,14,6,-17.9,925.6,NA,220,27
2004,8,14,9,-19.3,924.3,NA,20,24
2004,8,14,12,-19.7,921.9,NA,20,23
2004,8,14,15,-19.7,920.2,NA,360,25
2004,8,14,18,-19.1,918.7,NA,350,25
2004,8,14,21,-20.9,917.9,NA,20,29
2004,8,15,0,-21.1,917.5,NA,20,27
2004,8,15,3,-21.7,916.6,NA,20,30
2004,8,15,6,-23.1,916.6,NA,320,34
2004,8,15,9,-23.3,915.9,NA,50,62
2004,8,15,12,-22.6,915.3,NA,20,65
2004,8,15,15,-23.1,915,NA,40,64
2004,8,15,18,-23.8,914.5,NA,30,63
2004,8,15,21,-24.3,914.5,NA,0,63
2004,8,16,0,-24.4,914,3,70,63
2004,8,16,3,-24.5,913.1,3,40,62
2004,8,16,6,-25,912.2,2,30,63
2004,8,16,9,-24.8,910.6,1,310,63
2004,8,16,12,-23.3,909.1,NA,NA,64
2004,8,16,15,-22.1,907.8,NA,NA,66
2004,8,16,18,-22,907,NA,NA,64
2004,8,16,21,-23.6,907.3,4,260,50
2004,8,17,0,NA,907.9,NA,220,NA
2004,8,17,3,NA,907.1,NA,230,58
2004,8,17,6,NA,908.8,NA,240,59
2004,8,17,9,-26.5,909,NA,240,60
2004,8,17,12,-27.5,906.9,NA,230,59
2004,8,17,15,-27.1,908.4,23,230,60
2004,8,17,18,-27.6,907.2,NA,240,57
2004,8,17,21,-26.7,909,26,230,58
2004,8,18,0,-27.3,909.7,26,230,59
2004,8,18,3,-27.7,911.7,NA,230,59
2004,8,18,6,-27.6,911.7,NA,320,59
2004,8,18,9,-26.9,909.9,NA,30,59
2004,8,18,12,-28.3,908.3,NA,20,54
2004,8,18,15,-29.5,906.3,9,360,56
2004,8,18,18,-28.6,905.1,5,360,57
2004,8,18,21,-27.7,905.9,NA,70,59
2004,8,19,0,-27.7,906.8,1,260,59
2004,8,19,3,-29.2,906.8,3,220,57
2004,8,19,6,-30.7,906.4,3,250,56
2004,8,19,9,-31.6,905.9,7,230,55
2004,8,19,12,-31.8,906.3,NA,230,54
2004,8,19,15,-32.5,905.8,NA,230,53
2004,8,19,18,-32.7,904.8,NA,NA,53
2004,8,19,21,-32.5,904.3,NA,NA,53
2004,8,20,0,-31.9,905.6,NA,230,54
2004,8,20,3,-31.4,905.9,NA,NA,54
2004,8,20,6,-30.6,908.2,NA,NA,54
2004,8,20,9,-30.8,912.1,NA,NA,50
2004,8,20,12,-29.4,913.8,NA,220,43
2004,8,20,15,-29.3,913.9,NA,220,54
2004,8,20,18,-26.8,913.1,NA,320,37
2004,8,20,21,-26.2,912.5,3,310,25
2004,8,21,0,-25.6,912.3,4,340,24
2004,8,21,3,-26.8,912.2,NA,0,25
2004,8,21,6,-27.3,912.8,4,260,26
2004,8,21,9,-27.5,913.7,4,250,26
2004,8,21,12,-29.2,914.2,NA,NA,32
2004,8,21,15,-29.6,914.6,NA,240,40
2004,8,21,18,-32.2,915.5,NA,230,51
2004,8,21,21,-30.7,917.3,NA,230,53
2004,8,22,0,-32.2,918.4,NA,220,54
2004,8,22,3,-31.2,916.3,NA,230,53
2004,8,22,6,-32.2,919.2,NA,230,51
2004,8,22,9,-30.1,916.9,NA,230,43
2004,8,22,12,-29.9,915.9,NA,NA,45
2004,8,22,15,-28.8,918,NA,NA,32
2004,8,22,18,-29.1,918.1,NA,NA,41
2004,8,22,21,-27,921.1,50,240,32
2004,8,23,0,-28.7,922.8,NA,230,31
2004,8,23,3,-28.9,925.6,NA,250,38
2004,8,23,6,-28.3,926.7,NA,170,39
2004,8,23,9,-27.5,927,NA,220,51
2004,8,23,12,-28.8,927.5,NA,270,38
2004,8,23,15,-24.4,926.4,NA,0,23
2004,8,23,18,-24.6,927.3,NA,350,27
2004,8,23,21,-24.5,926.1,NA,20,20
2004,8,24,0,NA,923.1,NA,320,15
2004,8,24,3,NA,923.5,NA,250,15
2004,8,24,6,-18.9,926.3,NA,240,22
2004,8,24,9,NA,927.9,NA,240,24
2004,8,24,12,NA,930.6,NA,250,27
2004,8,24,15,-14.6,932.9,NA,230,34
2004,8,24,18,-14.2,935.5,NA,240,21
2004,8,24,21,-15.1,934,NA,350,27
2004,8,25,0,-14.4,932.1,NA,10,26
2004,8,25,3,-13.8,930.2,22,10,28
2004,8,25,6,-13.2,930.4,18,20,23
2004,8,25,9,-11.1,929.7,NA,360,17
2004,8,25,12,-12.3,929.2,NA,0,16
2004,8,25,15,-11.5,928.8,NA,280,19
2004,8,25,18,-12.5,928,NA,350,16
2004,8,25,21,-11.8,927.7,5,250,18
2004,8,26,0,-16.4,930.2,NA,240,30
2004,8,26,3,-15.6,932.5,NA,200,35
2004,8,26,6,-14.8,934.2,NA,60,29
2004,8,26,9,-12.6,935.7,NA,230,26
2004,8,26,12,-12,935.3,NA,360,22
2004,8,26,15,-12.7,935,NA,50,29
2004,8,26,18,-13.6,934,NA,250,23
2004,8,26,21,NA,933.4,NA,10,19
2004,8,27,0,NA,931.9,NA,250,22
2004,8,27,3,-12,930,NA,40,23
2004,8,27,6,NA,926.9,NA,220,27
2004,8,27,9,NA,925.1,NA,210,55
2004,8,27,12,NA,922.1,NA,240,68
2004,8,27,15,-21.3,919.1,NA,230,68
2004,8,27,18,-23.5,920.2,NA,240,63
2004,8,27,21,-25.2,923.5,NA,230,62
2004,8,28,0,-24.8,928.9,NA,230,51
2004,8,28,3,-24.7,931.7,NA,260,61
2004,8,28,6,-26.7,932.3,NA,90,60
2004,8,28,9,-26.7,930.5,NA,20,61
2004,8,28,12,NA,930.6,NA,10,59
2004,8,28,15,-22.5,929.9,NA,10,63
2004,8,28,18,-23.8,927,NA,10,52
2004,8,28,21,-22.3,923.9,NA,30,65
2004,8,29,0,-23.4,922.5,NA,20,64
2004,8,29,3,-20.9,920.7,NA,340,67
2004,8,29,6,NA,920.2,2,260,72
2004,8,29,9,NA,920.8,3,240,54
2004,8,29,12,-19.7,922.8,NA,NA,49
2004,8,29,15,-19.8,925,NA,NA,52
2004,8,29,18,-21,927,NA,NA,45
2004,8,29,21,-20.3,928.6,NA,NA,38
2004,8,30,0,-21.9,928.8,NA,220,48
2004,8,30,3,-19,927.3,NA,20,28
2004,8,30,6,NA,922.8,NA,20,50
2004,8,30,9,NA,916.2,NA,30,63
2004,8,30,12,-23,909.3,NA,260,65
2004,8,30,15,-19.4,905,NA,240,65
2004,8,30,18,-23.2,906.1,NA,70,63
2004,8,30,21,NA,907.6,NA,240,63
2004,8,31,0,-25.7,907.3,NA,220,62
2004,8,31,3,-27.4,907.4,NA,240,60
2004,8,31,6,-28.5,908.1,10,230,58
2004,8,31,9,-30.4,908.9,NA,NA,56
2004,8,31,12,-31.4,910.2,NA,NA,54
2004,8,31,15,-32.6,912.4,NA,NA,53
2004,8,31,18,-33.7,913.9,NA,240,50
2004,8,31,21,-34.7,916.9,NA,230,48
2004,9,1,0,-34,920.4,NA,270,51
2004,9,1,3,-34.7,921,NA,250,51
2004,9,1,6,-34.7,921.9,NA,240,51
2004,9,1,9,-34,922.6,12,NA,51
2004,9,1,12,-34.1,923.1,NA,NA,51
2004,9,1,15,-33.2,923.6,9,NA,52
2004,9,1,18,-32.2,924,9,NA,41
2004,9,1,21,-31.5,924.4,NA,320,41
2004,9,2,0,-31.5,924.1,NA,330,37
2004,9,2,3,-30.4,925.2,NA,230,30
2004,9,2,6,-30.7,926,NA,270,26
2004,9,2,9,-28.3,926.6,5,30,19
2004,9,2,12,-26.8,926.7,NA,30,16
2004,9,2,15,-25.8,926,NA,350,17
2004,9,2,18,-23.4,925.1,3,40,17
2004,9,2,21,-22.2,924.2,NA,330,15
2004,9,3,0,-21.6,923.4,NA,0,16
2004,9,3,3,-25.6,923.2,NA,10,21
2004,9,3,6,NA,921.5,NA,230,48
2004,9,3,9,NA,920.2,NA,NA,47
2004,9,3,12,-31.1,918.2,NA,NA,53
2004,9,3,15,-30.1,916.1,NA,NA,50
2004,9,3,18,-28.1,915.5,NA,220,37
2004,9,3,21,-28.4,913.8,NA,220,38
2004,9,4,0,-26.6,912.6,NA,230,35
2004,9,4,3,-25.3,910.3,NA,NA,40
2004,9,4,6,-23.8,908.9,NA,NA,43
2004,9,4,9,-24.2,908.8,NA,NA,55
2004,9,4,12,-25,913.1,NA,220,61
2004,9,4,15,-24.1,912.3,NA,240,57
2004,9,4,18,-24.5,912.1,NA,240,44
2004,9,4,21,-25.6,912.8,NA,240,60
2004,9,5,0,-25.7,912.8,NA,60,54
2004,9,5,3,-25.8,911.8,NA,260,42
2004,9,5,6,-23.3,910.6,NA,250,34
2004,9,5,9,-22,909.8,NA,260,30
2004,9,5,12,-21.5,909.7,NA,280,24
2004,9,5,15,-19.7,908.8,NA,340,23
2004,9,5,18,-21.2,907.1,4,10,22
2004,9,5,21,-21.7,905,NA,20,22
2004,9,6,0,-21.8,903.9,NA,30,21
2004,9,6,3,-23,903.6,NA,260,21
2004,9,6,6,-23.4,904.5,NA,230,24
2004,9,6,9,-23.9,905.8,NA,250,24
2004,9,6,12,-26.3,907.4,NA,240,51
2004,9,6,15,-25.4,909.3,NA,230,53
2004,9,6,18,-24.8,911.2,31,230,50
2004,9,6,21,-24.8,913.7,NA,240,47
2004,9,7,0,-24.3,916.6,NA,240,NA
2004,9,7,3,-25.6,918.7,NA,230,60
2004,9,7,6,-26.9,920.6,NA,230,59
2004,9,7,9,-26.2,922.4,NA,0,60
2004,9,7,12,-26.8,924.2,NA,230,59
2004,9,7,15,-27,925.1,4,250,59
2004,9,7,18,-26.3,924.9,NA,NA,60
2004,9,7,21,-26.9,925.1,NA,240,59
2004,9,8,0,-28.1,924,NA,230,58
2004,9,8,3,-28.3,924.2,NA,240,58
2004,9,8,6,-28.5,923.9,NA,170,57
2004,9,8,9,-28.6,922.8,NA,130,57
2004,9,8,12,-29.1,921.6,3,240,57
2004,9,8,15,-28.9,919.9,NA,NA,57
2004,9,8,18,-29.1,919.1,3,250,57
2004,9,8,21,-28.5,919.3,NA,260,49
2004,9,9,0,-27.9,919.2,NA,0,55
2004,9,9,3,-28.4,918.9,NA,30,48
2004,9,9,6,-29,917.8,NA,350,51
2004,9,9,9,-28.4,916.4,NA,270,35
2004,9,9,12,-28.5,914.4,NA,250,39
2004,9,9,15,-28.2,911.5,NA,NA,35
2004,9,9,18,-27.5,908.1,4,310,32
2004,9,9,21,-26.2,904.6,NA,340,26
2004,9,10,0,-24.9,900.7,NA,350,26
2004,9,10,3,-23.5,896.9,NA,10,22
2004,9,10,6,-22.9,893.9,NA,0,19
2004,9,10,9,-24.2,893,5,250,18
2004,9,10,12,-23.4,892.8,NA,290,19
2004,9,10,15,-24.8,893.4,5,220,21
2004,9,10,18,-25.2,894.4,NA,240,21
2004,9,10,21,-22.6,895.1,NA,240,18
2004,9,11,0,-20.7,896.4,NA,230,20
2004,9,11,3,-20.2,897.3,NA,350,28
2004,9,11,6,-19.1,899,NA,260,23
2004,9,11,9,NA,903.6,NA,220,52
2004,9,11,12,NA,908.9,NA,220,62
2004,9,11,15,-24.8,914.6,NA,240,54
2004,9,11,18,-24.2,916.9,NA,230,56
2004,9,11,21,-24.9,922.8,NA,240,55
2004,9,12,0,-25.6,923.3,NA,40,61
2004,9,12,3,-26.4,920.1,NA,30,61
2004,9,12,6,-26.1,915.3,NA,20,60
2004,9,12,9,-24.9,910.9,NA,60,62
2004,9,12,12,-24.6,907.7,NA,280,62
2004,9,12,15,-27,904.5,NA,240,59
2004,9,12,18,-26.2,902.2,NA,220,60
2004,9,12,21,-26.6,902.5,NA,220,60
2004,9,13,0,-26.1,NA,NA,230,61
2004,9,13,3,-26.2,905,NA,250,57
2004,9,13,6,-26.6,905.5,NA,280,59
2004,9,13,9,-27.7,906.5,NA,240,59
2004,9,13,12,-28.3,906.2,NA,230,58
2004,9,13,15,-28.6,906,NA,240,58
2004,9,13,18,-28.6,906,8,260,58
2004,9,13,21,-28.2,906.9,8,250,58
2004,9,14,0,-26.5,907.3,NA,180,57
2004,9,14,3,-25.4,907.9,NA,250,51
2004,9,14,6,-23.4,908.4,NA,100,41
2004,9,14,9,-22.1,909.1,NA,360,28
2004,9,14,12,-22.1,909.6,NA,10,25
2004,9,14,15,-20.5,910,NA,30,25
2004,9,14,18,-20,910.1,NA,40,23
2004,9,14,21,-21.3,911.4,NA,240,23
2004,9,15,0,-22,913.2,NA,230,25
2004,9,15,3,-25.4,914,NA,250,48
2004,9,15,6,-23.7,914.1,NA,200,37
2004,9,15,9,-25.2,911.5,NA,240,55
2004,9,15,12,-23,908,NA,230,63
2004,9,15,15,-22.1,905.9,NA,220,65
2004,9,15,18,-22,904.5,NA,230,65
2004,9,15,21,-22,906.7,NA,230,66
2004,9,16,0,-18.9,907.5,59,NA,67
2004,9,16,3,-18.4,906.6,NA,NA,70
2004,9,16,6,-19.7,908.6,59,NA,69
2004,9,16,9,-20.7,911.3,NA,NA,68
2004,9,16,12,-19,914.3,NA,NA,66
2004,9,16,15,-16.6,919.7,NA,240,NA
2004,9,16,18,-19.1,924.7,NA,230,69
2004,9,16,21,-18.9,925.8,NA,230,65
2004,9,17,0,-20.8,926.2,NA,230,70
2004,9,17,3,-20.3,926.7,NA,220,68
2004,9,17,6,-23.6,927.2,NA,230,65
2004,9,17,9,-22.8,926.6,NA,0,66
2004,9,17,12,-22.4,925.7,NA,40,66
2004,9,17,15,-20,924.9,4,40,59
2004,9,17,18,-20.7,924,2,40,56
2004,9,17,21,-21.9,924.2,NA,250,58
2004,9,18,0,-20.1,925,6,230,53
2004,9,18,3,-21.1,925.6,NA,240,53
2004,9,18,6,-19.4,927.2,NA,260,45
2004,9,18,9,-19.3,928.8,NA,40,40
2004,9,18,12,-19,929.9,1,340,41
2004,9,18,15,-22.2,931.7,2,230,52
2004,9,18,18,-22,933,5,250,51
2004,9,18,21,-21.5,934.4,NA,0,51
2004,9,19,0,-23.8,935.6,NA,260,62
2004,9,19,3,-23.4,936,NA,240,59
2004,9,19,6,-23.1,936.7,NA,240,50
2004,9,19,9,-22.6,937.3,NA,260,47
2004,9,19,12,-22.2,937.7,NA,240,41
2004,9,19,15,-20.2,937.1,NA,NA,33
2004,9,19,18,-19.7,936.6,NA,NA,36
2004,9,19,21,-19.5,936.6,NA,NA,32
2004,9,20,0,-19.5,935.9,NA,230,30
2004,9,20,3,NA,933.8,NA,240,36
2004,9,20,6,-23.5,932.7,NA,240,48
2004,9,20,9,-22.4,931.9,NA,230,43
2004,9,20,12,-22.4,930,NA,230,42
2004,9,20,15,-24.5,927.6,NA,240,44
2004,9,20,18,-25.6,926.5,NA,240,53
2004,9,20,21,-24.1,926.4,44,230,52
2004,9,21,0,-25.9,925.4,43,240,54
2004,9,21,3,-22.6,925,NA,240,48
2004,9,21,6,-23.5,925.9,NA,240,45
2004,9,21,9,-24,926.3,NA,230,42
2004,9,21,12,-24.4,927.6,NA,NA,42
2004,9,21,15,-24.3,930.4,NA,NA,43
2004,9,21,18,-24.2,932.3,NA,250,42
2004,9,21,21,-24.1,933.3,NA,240,35
2004,9,22,0,-23.1,932.9,NA,30,46
2004,9,22,3,-22.6,931.6,NA,10,39
2004,9,22,6,-23.4,929.6,NA,10,42
2004,9,22,9,-23.5,928.5,NA,240,36
2004,9,22,12,-20.1,927.2,NA,260,31
2004,9,22,15,NA,927,NA,250,32
2004,9,22,18,NA,927.2,NA,240,35
2004,9,22,21,NA,928.1,NA,230,42
2004,9,23,0,NA,928.8,6,240,35
2004,9,23,3,NA,930.1,8,250,42
2004,9,23,6,-14.7,931.4,NA,220,41
2004,9,23,9,-14.5,934.3,NA,60,37
2004,9,23,12,-17.4,934.7,NA,0,44
2004,9,23,15,-17.8,935.1,4,250,45
2004,9,23,18,-20.4,935.2,NA,240,46
2004,9,23,21,-21.2,936.1,NA,240,43
2004,9,24,0,-23.5,936.1,16,220,49
2004,9,24,3,-23.2,936,NA,230,52
2004,9,24,6,-24.3,936.6,NA,250,62
2004,9,24,9,-25.8,936.2,NA,230,61
2004,9,24,12,-25.2,936.1,NA,240,62
2004,9,24,15,-25.4,936.1,NA,260,62
2004,9,24,18,-23,935.9,NA,260,49
2004,9,24,21,-22.3,935.4,NA,20,39
2004,9,25,0,NA,934.7,NA,20,31
2004,9,25,3,NA,933.5,NA,20,31
2004,9,25,6,-16.4,933,NA,30,30
2004,9,25,9,-16.7,933.1,NA,20,36
2004,9,25,12,-18.5,934.3,NA,0,35
2004,9,25,15,-17.1,935,NA,240,31
2004,9,25,18,-17.7,935.2,NA,360,24
2004,9,25,21,-17.7,935.1,NA,30,29
2004,9,26,0,-17.1,934.3,NA,50,26
2004,9,26,3,-16.9,933.9,NA,10,23
2004,9,26,6,-16.4,934,NA,10,26
2004,9,26,9,-15.3,934,NA,20,24
2004,9,26,12,-15.3,933.4,NA,360,25
2004,9,26,15,-14.2,932,NA,10,20
2004,9,26,18,-14.2,930.8,NA,10,27
2004,9,26,21,-15,930.2,NA,20,30
2004,9,27,0,-15.8,929.2,NA,40,33
2004,9,27,3,-17.3,928.3,NA,240,31
2004,9,27,6,-16.5,926.8,NA,0,32
2004,9,27,9,-18.7,925.4,NA,0,34
2004,9,27,12,NA,924.2,3,230,47
2004,9,27,15,-23.3,923.2,NA,240,59
2004,9,27,18,-23.8,923,NA,260,55
2004,9,27,21,-20.9,923,NA,0,48
2004,9,28,0,-20.9,923.1,NA,170,48
2004,9,28,3,-19.6,923.3,4,100,30
2004,9,28,6,-22.1,923,NA,60,40
2004,9,28,9,-20.8,922.9,NA,30,39
2004,9,28,12,-23.3,921.9,NA,240,43
2004,9,28,15,-24.5,922,NA,NA,55
2004,9,28,18,-25.9,921.3,NA,NA,60
2004,9,28,21,-25.9,921.9,NA,NA,60
2004,9,29,0,-25.8,922.1,NA,NA,61
2004,9,29,3,-25.8,921.1,NA,NA,59
2004,9,29,6,-26.1,921.8,NA,NA,53
2004,9,29,9,-26.5,922.8,38,NA,56
2004,9,29,12,-26.5,924.5,NA,220,54
2004,9,29,15,-26.6,926,NA,230,58
2004,9,29,18,-26.6,926.1,NA,220,53
2004,9,29,21,-25.9,927.3,31,230,55
2004,9,30,0,-25.1,927.4,NA,230,59
2004,9,30,3,-24.8,926.4,NA,230,59
2004,9,30,6,-24.6,926.1,NA,220,50
2004,9,30,9,-23.4,926.4,NA,220,50
2004,9,30,12,-24.6,926.1,NA,NA,58
2004,9,30,15,-24.3,925.9,NA,NA,51
2004,9,30,18,-24.3,926.5,NA,NA,62
2004,9,30,21,-24.2,927.3,NA,230,62
2004,10,1,0,-23.9,927.1,20,230,63
2004,10,1,3,-23.8,927.3,21,230,63
2004,10,1,6,-23.5,928.1,NA,220,64
2004,10,1,9,-24.2,928.2,NA,230,63
2004,10,1,12,-23.5,928.5,NA,240,63
2004,10,1,15,-25.2,928.5,19,230,62
2004,10,1,18,-24.9,929.9,NA,240,62
2004,10,1,21,-25.9,929.7,NA,230,61
2004,10,2,0,-24.7,929.9,NA,240,61
2004,10,2,3,-26.3,929.5,NA,240,61
2004,10,2,6,-26.3,929,NA,240,60
2004,10,2,9,-29,928.3,NA,270,58
2004,10,2,12,-28.7,927.5,NA,250,57
2004,10,2,15,-28.1,927.8,NA,220,58
2004,10,2,18,-29.5,928,NA,270,58
2004,10,2,21,-30.6,927.3,7,240,55
2004,10,3,0,-30.5,927,NA,230,55
2004,10,3,3,-31.1,926.1,10,240,55
2004,10,3,6,-31.3,925.5,9,250,54
2004,10,3,9,-30.7,925.1,8,240,55
2004,10,3,12,-31.5,924.9,NA,230,54
2004,10,3,15,-31.1,924.6,7,220,55
2004,10,3,18,-30.4,924.4,10,230,55
2004,10,3,21,-28.6,924.3,9,210,57
2004,10,4,0,-29,924.2,NA,230,57
2004,10,4,3,-28.2,923.6,NA,220,56
2004,10,4,6,-26.9,923.5,6,220,50
2004,10,4,9,-26.8,923.6,5,210,46
2004,10,4,12,-26.2,923.5,4,230,42
2004,10,4,15,-26.2,923.3,NA,10,34
2004,10,4,18,-24.4,923.3,NA,360,31
2004,10,4,21,-23,923.7,NA,40,32
2004,10,5,0,-21.3,924.7,6,10,31
2004,10,5,3,-21.1,925,5,10,31
2004,10,5,6,-22.1,924.9,NA,230,29
2004,10,5,9,-23.5,924.9,NA,230,29
2004,10,5,12,-19.1,924.3,NA,NA,25
2004,10,5,15,NA,920,NA,NA,36
2004,10,5,18,-15.2,915,NA,NA,63
2004,10,5,21,-18.7,909.1,NA,240,64
2004,10,6,0,-18.3,NA,NA,NA,58
2004,10,6,3,-19.9,913.4,56,NA,61
2004,10,6,6,-20.2,915.5,55,NA,64
2004,10,6,9,-21.2,915.5,52,230,67
2004,10,6,12,-20.3,916.9,NA,230,59
2004,10,6,15,-19.9,916,51,240,47
2004,10,6,18,-17.4,914.7,NA,240,42
2004,10,6,21,-15.7,915.8,NA,230,33
2004,10,7,0,-13.6,914.7,NA,240,26
2004,10,7,3,-13.6,916.7,NA,220,29
2004,10,7,6,-11.7,916.2,NA,250,22
2004,10,7,9,-13.9,914.9,NA,20,20
2004,10,7,12,-13.6,914.4,NA,320,20
2004,10,7,15,-15.7,914.4,NA,280,26
2004,10,7,18,-17.2,915.4,NA,240,25
2004,10,7,21,-20.2,915.1,NA,240,42
2004,10,8,0,-19.7,915.8,NA,220,44
2004,10,8,3,-21.4,918,NA,230,47
2004,10,8,6,-21.8,919,NA,240,40
2004,10,8,9,-23,919.7,NA,230,45
2004,10,8,12,-23.1,919.3,NA,240,49
2004,10,8,15,-24.3,918.9,NA,240,55
2004,10,8,18,-23.5,919.2,NA,250,40
2004,10,8,21,-20.3,916.4,NA,240,28
2004,10,9,0,NA,913.6,NA,240,28
2004,10,9,3,-19.7,917,NA,220,50
2004,10,9,6,-18.7,916.1,NA,230,43
2004,10,9,9,-18,919,NA,230,40
2004,10,9,12,-15.9,917.9,NA,250,29
2004,10,9,15,-14.9,917,NA,240,29
2004,10,9,18,-13.9,914.9,NA,240,28
2004,10,9,21,-12.8,915,NA,230,40
2004,10,10,0,-13.8,915.8,NA,230,56
2004,10,10,3,-12.7,916.3,NA,200,42
2004,10,10,6,-11.1,914.8,NA,250,39
2004,10,10,9,-14,914,NA,230,41
2004,10,10,12,-13.9,913.1,NA,230,36
2004,10,10,15,-14.6,913,NA,240,62
2004,10,10,18,-13.7,911.1,NA,240,55
2004,10,10,21,-13.7,911.1,NA,230,61
2004,10,11,0,-12.2,910,NA,240,50
2004,10,11,3,-12,907.2,NA,240,48
2004,10,11,6,-13.2,908,NA,240,74
2004,10,11,9,-10.8,906.8,NA,230,66
2004,10,11,12,-11.6,908.9,NA,240,58
2004,10,11,15,-13.9,911.1,NA,230,77
2004,10,11,18,-13.8,912.9,NA,230,64
2004,10,11,21,-13.2,913.8,NA,240,43
2004,10,12,0,-12,914.1,NA,240,35
2004,10,12,3,-14.1,913.8,NA,230,54
2004,10,12,6,-13.8,916.5,NA,NA,52
2004,10,12,9,-13.3,917.5,NA,NA,42
2004,10,12,12,-14.4,918.6,NA,NA,50
2004,10,12,15,-17.6,921.7,NA,220,72
2004,10,12,18,-14.9,921.1,NA,230,55
2004,10,12,21,-14.9,917.6,NA,240,44
2004,10,13,0,-16.1,922.4,NA,230,45
2004,10,13,3,-14.1,923.4,NA,240,39
2004,10,13,6,-15.3,922.5,NA,280,46
2004,10,13,9,-15.5,921.4,NA,270,35
2004,10,13,12,-15.4,920.6,3,260,34
2004,10,13,15,-15.4,920,4,260,34
2004,10,13,18,-16.4,920,1,30,37
2004,10,13,21,-15.3,920.4,NA,240,37
2004,10,14,0,-18.6,920.5,NA,250,55
2004,10,14,3,-16.7,921.2,NA,230,39
2004,10,14,6,-17.5,921,NA,240,55
2004,10,14,9,-17.8,921.2,NA,230,54
2004,10,14,12,-19.2,921.7,NA,230,65
2004,10,14,15,-19.7,922.2,NA,220,69
2004,10,14,18,-20,923.4,NA,220,69
2004,10,14,21,-20,923.9,NA,230,69
2004,10,15,0,-19.7,923.9,NA,NA,69
2004,10,15,3,-19.5,923.5,NA,NA,70
2004,10,15,6,-19.4,922.9,19,NA,65
2004,10,15,9,-20,923.4,NA,220,50
2004,10,15,12,-20.9,922.8,NA,20,54
2004,10,15,15,-21.6,922,NA,10,66
2004,10,15,18,-20,921.1,NA,300,53
2004,10,15,21,-18.1,920.1,2,50,49
2004,10,16,0,-18.8,919.2,1,70,57
2004,10,16,3,-18.8,918.9,NA,NA,52
2004,10,16,6,-19.2,919.2,4,250,47
2004,10,16,9,-20.1,919.6,4,260,46
2004,10,16,12,-22.2,920.2,7,260,59
2004,10,16,15,-21.5,920.9,NA,230,63
2004,10,16,18,-21.2,921.8,NA,230,66
2004,10,16,21,-21.5,923.4,NA,220,67
2004,10,17,0,-19.5,923.9,NA,70,69
2004,10,17,3,-20.2,924.3,NA,240,54
2004,10,17,6,-19.5,924.6,NA,40,43
2004,10,17,9,-19.7,924.8,NA,0,39
2004,10,17,12,-20,924.9,4,230,38
2004,10,17,15,-18.3,924.9,1,240,32
2004,10,17,18,-18,924.2,2,310,29
2004,10,17,21,-16.4,923.7,NA,NA,28
2004,10,18,0,-15.6,923.1,2,100,30
2004,10,18,3,-16.1,922.3,3,30,34
2004,10,18,6,-17.3,920.8,NA,10,32
2004,10,18,9,-19.9,919.6,5,50,59
2004,10,18,12,-20.6,918.7,NA,30,68
2004,10,18,15,-18.9,917.6,NA,30,37
2004,10,18,18,-18.9,916.5,NA,0,53
2004,10,18,21,-19,915.4,4,300,66
2004,10,19,0,-18.9,914.5,3,100,67
2004,10,19,3,-18.5,913.6,NA,NA,71
2004,10,19,6,-19.1,912.4,NA,NA,71
2004,10,19,9,-20.5,911.9,2,260,69
2004,10,19,12,-20.3,911.2,1,330,66
2004,10,19,15,-20.6,910.7,1,350,64
2004,10,19,18,-21.5,910.4,2,270,66
2004,10,19,21,-20.1,910.5,1,250,65
2004,10,20,0,-18.7,910.8,NA,240,50
2004,10,20,3,-17.6,911.1,4,260,44
2004,10,20,6,-17.2,911.5,NA,0,40
2004,10,20,9,-18.6,912.1,NA,230,42
2004,10,20,12,-18.2,912.5,NA,230,37
2004,10,20,15,-16.2,912.3,NA,230,38
2004,10,20,18,-14.7,914,NA,250,39
2004,10,20,21,-13.6,914.9,NA,240,37
2004,10,21,0,-13.8,916,NA,230,37
2004,10,21,3,-15.2,917.5,NA,240,50
2004,10,21,6,-15,918.4,NA,240,55
2004,10,21,9,-14.7,918.4,NA,290,37
2004,10,21,12,-15.7,917.5,NA,20,39
2004,10,21,15,-15.9,916.3,NA,20,42
2004,10,21,18,-16.7,915.2,NA,30,37
2004,10,21,21,-16.1,914.2,NA,60,61
2004,10,22,0,-16,913.6,NA,60,73
2004,10,22,3,-16,912.9,NA,30,73
2004,10,22,6,-15.7,912.8,NA,0,64
2004,10,22,9,-16.9,912.7,NA,270,70
2004,10,22,12,-18.3,912.5,NA,270,72
2004,10,22,15,-18,912,NA,250,72
2004,10,22,18,-18.6,911.9,8,250,71
2004,10,22,21,-17.7,912,NA,230,73
2004,10,23,0,NA,912.1,NA,190,NA
2004,10,23,3,-19.3,911.6,NA,250,70
2004,10,23,6,-19.7,912,NA,240,70
2004,10,23,9,-20.2,912.4,NA,240,70
2004,10,23,12,-19.9,913.2,17,250,70
2004,10,23,15,-19.8,913.6,16,240,70
2004,10,23,18,-19.9,913.8,18,230,70
2004,10,23,21,-20,914.3,NA,230,70
2004,10,24,0,-19.2,914.2,NA,200,71
2004,10,24,3,-19.1,913.2,NA,240,71
2004,10,24,6,-19.6,912,2,60,71
2004,10,24,9,-20.1,910.8,5,70,70
2004,10,24,12,-19.5,909.6,4,40,70
2004,10,24,15,-19.7,908.7,5,250,70
2004,10,24,18,-20.7,908,NA,260,69
2004,10,24,21,-20.8,907.9,NA,250,69
2004,10,25,0,-20,908.9,NA,260,70
2004,10,25,3,-18.9,909.3,NA,270,71
2004,10,25,6,-17.7,910.1,NA,0,72
2004,10,25,9,-20.6,911.3,NA,310,70
2004,10,25,12,-19.7,912.4,NA,350,70
2004,10,25,15,-19.3,913.3,7,360,70
2004,10,25,18,-19.2,914.5,4,350,69
2004,10,25,21,-18.7,916.3,5,270,70
2004,10,26,0,-19.3,917.5,NA,240,70
2004,10,26,3,-19.6,918.4,NA,230,71
2004,10,26,6,-18.8,920.1,10,220,71
2004,10,26,9,-19.3,921.1,NA,NA,71
2004,10,26,12,-19.6,921.5,NA,NA,71
2004,10,26,15,-19.2,922.2,21,240,71
2004,10,26,18,-19,922.4,NA,230,62
2004,10,26,21,-19.5,922.8,NA,220,61
2004,10,27,0,-20,921.4,NA,240,70
2004,10,27,3,-18.3,921.1,NA,250,62
2004,10,27,6,-18.2,919.1,NA,340,63
2004,10,27,9,-19.9,917.1,NA,20,63
2004,10,27,12,-20.1,915.3,NA,10,69
2004,10,27,15,-21.1,913.5,NA,30,69
2004,10,27,18,-20,912.6,NA,50,70
2004,10,27,21,-18.1,911.7,2,80,72
2004,10,28,0,-17.8,911.3,NA,120,73
2004,10,28,3,-17.2,911.4,NA,220,70
2004,10,28,6,-20.4,911.3,NA,250,70
2004,10,28,9,-19.7,912.6,NA,240,70
2004,10,28,12,-20.1,913.5,NA,230,70
2004,10,28,15,-20.5,914.4,NA,230,69
2004,10,28,18,-19.6,916.1,NA,240,66
2004,10,28,21,-19.9,917.7,NA,230,64
2004,10,29,0,-20.1,918.1,NA,NA,66
2004,10,29,3,-20.2,919.3,NA,NA,64
2004,10,29,6,-20,921.2,NA,NA,60
2004,10,29,9,-20.4,921.7,NA,NA,58
2004,10,29,12,-20.4,923,NA,240,56
2004,10,29,15,-20.9,923.6,NA,230,53
2004,10,29,18,-20.4,923.9,NA,230,54
2004,10,29,21,-19.1,924.1,NA,230,52
2004,10,30,0,-19.2,924.1,20,220,69
2004,10,30,3,-18.9,923.9,17,230,70
2004,10,30,6,-19.4,923.1,17,220,71
2004,10,30,9,-20.1,922.4,14,220,70
2004,10,30,12,-20.3,920.7,NA,230,69
2004,10,30,15,-20.6,918.8,NA,230,69
2004,10,30,18,-20.8,915.1,NA,240,69
2004,10,30,21,-21.3,914.1,NA,230,68
2004,10,31,0,-21.5,912.1,NA,240,68
2004,10,31,3,-21.3,911.9,55,230,68
2004,10,31,6,-20.9,910.8,56,250,67
2004,10,31,9,-20.5,909,57,NA,56
2004,10,31,12,-19.2,910.8,55,NA,53
2004,10,31,15,-18.5,907.8,58,NA,57
2004,10,31,18,-18.1,908.5,56,NA,62
2004,10,31,21,-17.3,907.6,59,230,66
2004,11,1,0,-16.8,912.2,NA,230,65
2004,11,1,3,-16.5,912.4,NA,230,66
2004,11,1,6,-15.9,912.7,NA,50,68
2004,11,1,9,-14.7,910.8,NA,260,53
2004,11,1,12,-15,908.9,4,10,40
2004,11,1,15,-14.8,906.9,2,250,46
2004,11,1,18,-15.4,905.7,4,220,52
2004,11,1,21,-13.5,905.3,2,350,51
2004,11,2,0,-15.3,904.3,4,200,76
2004,11,2,3,-15,903.3,1,230,76
2004,11,2,6,-16.9,902.7,NA,240,74
2004,11,2,9,-15.7,902.9,NA,250,74
2004,11,2,12,-15.9,902.9,NA,20,67
2004,11,2,15,-16.2,902.7,NA,0,62
2004,11,2,18,-14,902.2,NA,70,54
2004,11,2,21,-17.3,901.1,NA,250,60
2004,11,3,0,-15,900.6,NA,130,67
2004,11,3,3,-14.6,900.2,NA,50,66
2004,11,3,6,-14.5,899.9,3,230,77
2004,11,3,9,-15.6,899.3,NA,260,75
2004,11,3,12,-15.8,898.8,NA,250,68
2004,11,3,15,-16.9,898.6,NA,250,48
2004,11,3,18,-17.1,898.9,15,240,72
2004,11,3,21,-15,899.7,NA,220,68
2004,11,4,0,-15.7,899.8,NA,250,74
2004,11,4,3,-15.4,900.4,NA,270,75
2004,11,4,6,-13.7,900.5,NA,150,64
2004,11,4,9,-15.5,900.9,2,10,68
2004,11,4,12,-15.9,901.1,1,40,62
2004,11,4,15,-16.5,900.9,3,360,61
2004,11,4,18,-15.9,901.2,1,310,58
2004,11,4,21,-14.9,901.9,1,240,60
2004,11,5,0,-15,902.5,3,130,60
2004,11,5,3,-14.1,903,2,30,60
2004,11,5,6,-12.8,903.5,1,20,45
2004,11,5,9,-13.1,903.9,4,340,31
2004,11,5,12,-14.1,903.8,NA,10,30
2004,11,5,15,-14,903.2,NA,30,27
2004,11,5,18,-14.7,903.3,3,230,31
2004,11,5,21,-14.2,904.1,NA,70,64
2004,11,6,0,-15.5,905.1,NA,250,54
2004,11,6,3,-16.9,905.5,NA,230,66
2004,11,6,6,-16.9,906.4,NA,230,73
2004,11,6,9,-17.4,907.3,NA,230,73
2004,11,6,12,-17.8,907.5,NA,260,73
2004,11,6,15,-17.4,908,9,240,71
2004,11,6,18,-17.7,907.7,NA,240,63
2004,11,6,21,-17.2,908,NA,220,62
2004,11,7,0,-16.1,907.2,NA,230,59
2004,11,7,3,-16.3,907.3,NA,230,66
2004,11,7,6,-16.6,906.8,NA,240,62
2004,11,7,9,-16.1,906.4,NA,240,60
2004,11,7,12,-16.4,904.9,NA,250,70
2004,11,7,15,-14.9,906.4,NA,240,57
2004,11,7,18,-14.9,906.9,NA,230,53
2004,11,7,21,-15.8,908.1,NA,250,74
2004,11,8,0,-16.2,907.2,NA,240,75
2004,11,8,3,-15.9,906.6,NA,250,74
2004,11,8,6,-15.6,907.4,NA,250,73
2004,11,8,9,-15,907.8,NA,240,76
2004,11,8,12,-16.9,909.5,NA,220,74
2004,11,8,15,-15.6,910,NA,240,75
2004,11,8,18,-16.1,909.4,NA,240,75
2004,11,8,21,-14.5,911,NA,240,55
2004,11,9,0,-14.5,908.9,NA,230,51
2004,11,9,3,-14.9,910.2,NA,240,59
2004,11,9,6,-14.6,909.7,NA,NA,54
2004,11,9,9,-13.4,911.3,NA,NA,43
2004,11,9,12,-13.8,910.5,NA,NA,42
2004,11,9,15,-13.3,910.5,NA,240,34
2004,11,9,18,-15.7,909.7,NA,240,56
2004,11,9,21,-16.2,909.1,NA,230,53
2004,11,10,0,-15.8,908.6,NA,NA,61
2004,11,10,3,-15.7,908.4,24,NA,62
2004,11,10,6,-15.5,909.3,NA,NA,59
2004,11,10,9,-15.8,910.6,NA,210,57
2004,11,10,12,-15.9,911.1,NA,250,59
2004,11,10,15,-17.2,911.4,NA,10,61
2004,11,10,18,-16.2,912.1,3,250,62
2004,11,10,21,-15.3,912.8,NA,210,52
2004,11,11,0,-13.9,913.6,4,120,55
2004,11,11,3,-12.2,913.7,NA,250,40
2004,11,11,6,-12,914,NA,240,38
2004,11,11,9,-11.2,912.3,NA,240,45
2004,11,11,12,-10.7,911.2,NA,250,65
2004,11,11,15,-10.7,911.2,NA,240,72
2004,11,11,18,-10.9,913.4,NA,240,61
2004,11,11,21,-9.9,915.2,NA,230,66
2004,11,12,0,-9.6,915.5,NA,30,56
2004,11,12,3,-7.2,915.9,NA,220,46
2004,11,12,6,-10.6,916.1,NA,220,58
2004,11,12,9,-11,916.1,NA,330,68
2004,11,12,12,-11.2,916.6,NA,10,55
2004,11,12,15,-11.5,916.3,NA,340,57
2004,11,12,18,-10.2,918,NA,20,53
2004,11,12,21,-10.9,920.3,NA,230,57
2004,11,13,0,-11.2,921.5,NA,230,58
2004,11,13,3,-9.4,922.3,NA,270,55
2004,11,13,6,-6.2,923.1,NA,240,37
2004,11,13,9,-8.9,923.5,NA,230,41
2004,11,13,12,NA,924.2,NA,240,53
2004,11,13,15,-11,923.4,NA,250,42
2004,11,13,18,-11.5,924.2,NA,240,60
2004,11,13,21,-9,924,NA,120,61
2004,11,14,0,-9.3,923.8,NA,180,52
2004,11,14,3,-7.3,923.4,NA,230,51
2004,11,14,6,-5.8,922.7,NA,340,40
2004,11,14,9,-5.5,921.6,NA,320,33
2004,11,14,12,-6.1,921.9,NA,270,33
2004,11,14,15,-7.6,922.5,NA,260,32
2004,11,14,18,-7.7,923.8,NA,230,32
2004,11,14,21,-7.5,925.5,NA,250,35
2004,11,15,0,-4,926.9,NA,270,27
2004,11,15,3,-3.4,927.2,NA,270,32
2004,11,15,6,-4.3,927.3,NA,240,34
2004,11,15,9,-3.9,927.9,NA,250,49
2004,11,15,12,-4.5,928.5,NA,250,46
2004,11,15,15,-4.7,928.7,NA,300,45
2004,11,15,18,-4.9,929,NA,30,45
2004,11,15,21,-3.4,929.5,NA,60,47
2004,11,16,0,-3.6,929.4,NA,60,48
2004,11,16,3,-5.6,929.3,NA,50,49
2004,11,16,6,-6.8,929.4,7,30,58
2004,11,16,9,-5.2,929.3,NA,30,48
2004,11,16,12,-4.9,929.2,NA,30,40
2004,11,16,15,-6.7,929.1,NA,40,50
2004,11,16,18,-6.7,929.2,NA,30,72
2004,11,16,21,-7.5,928.6,NA,260,80
2004,11,17,0,-8.1,927.4,NA,240,NA
2004,11,17,3,-7.6,925.8,NA,230,85
2004,11,17,6,-7.5,925.2,NA,220,85
2004,11,17,9,-8.2,925.5,NA,220,85
2004,11,17,12,-8.4,925.7,NA,230,85
2004,11,17,15,-8.7,924.4,NA,230,85
2004,11,17,18,-8.5,923.4,19,240,85
2004,11,17,21,-8.4,921.5,NA,230,85
2004,11,18,0,-9.3,923.1,19,230,84
2004,11,18,3,-9.3,923.7,NA,220,84
2004,11,18,6,-9.5,925,NA,220,84
2004,11,18,9,-9.7,925.3,15,NA,84
2004,11,18,12,-9.5,926.5,14,NA,84
2004,11,18,15,-9.5,926,16,240,83
2004,11,18,18,-9,925.8,NA,220,83
2004,11,18,21,-9.2,926.1,NA,250,84
2004,11,19,0,-6.7,925,NA,260,69
2004,11,19,3,-7.6,923.9,8,250,79
2004,11,19,6,-7.1,922.7,9,240,57
2004,11,19,9,-7.4,921.8,6,230,58
2004,11,19,12,-8.8,921,NA,230,65
2004,11,19,15,-7.7,920.3,NA,210,52
2004,11,19,18,-7.1,919.8,NA,220,45
2004,11,19,21,-5.7,918.9,NA,210,39
2004,11,20,0,NA,NA,NA,NA,NA
2004,11,20,3,-3.3,916.8,2,240,29
2004,11,20,6,-2.8,915.6,3,250,29
2004,11,20,9,-3.4,913.6,4,330,25
2004,11,20,12,-5,911.7,NA,10,22
2004,11,20,15,-4.6,909.6,NA,20,20
2004,11,20,18,-2.9,908.1,NA,0,21
2004,11,20,21,-1.4,907.7,NA,40,28
2004,11,21,0,-1.7,908.6,NA,10,36
2004,11,21,3,NA,909.5,NA,250,61
2004,11,21,6,-6,911.8,NA,250,44
2004,11,21,9,-6.1,913.3,NA,240,50
2004,11,21,12,-6.8,914,NA,230,50
2004,11,21,15,-7.6,914.5,NA,240,48
2004,11,21,18,-8.4,916.4,NA,240,67
2004,11,21,21,-9,917.9,NA,230,74
2004,11,22,0,-7.1,919.3,NA,230,NA
2004,11,22,3,-7.8,919.7,NA,80,81
2004,11,22,6,-8.1,920,NA,70,85
2004,11,22,9,-8.3,920.2,NA,90,85
2004,11,22,12,-8.5,920.7,6,80,85
2004,11,22,15,-9.1,920.9,NA,180,85
2004,11,22,18,-10.2,921.4,5,260,83
2004,11,22,21,-9.5,921.9,4,240,83
2004,11,23,0,-9.1,922.6,4,240,84
2004,11,23,3,-9.3,922.7,3,220,85
2004,11,23,6,-9.7,922.6,1,210,84
2004,11,23,9,-10.2,922.5,NA,NA,83
2004,11,23,12,-9.9,921.9,NA,30,83
2004,11,23,15,-9.8,921.2,NA,40,83
2004,11,23,18,-10.4,920.8,2,280,84
2004,11,23,21,-9.6,920.6,2,260,82
2004,11,24,0,-10.1,920.5,5,260,83
2004,11,24,3,-9.4,920,NA,230,84
2004,11,24,6,-9.3,919.9,8,230,84
2004,11,24,9,-10.5,919.9,NA,250,84
2004,11,24,12,-10.1,920.3,NA,240,83
2004,11,24,15,-8.4,920.7,NA,240,70
2004,11,24,18,-8.4,921.8,NA,250,67
2004,11,24,21,-7.7,923.4,20,240,68
2004,11,25,0,-8.1,924.6,20,240,78
2004,11,25,3,-7.7,926,NA,240,71
2004,11,25,6,-8.5,926.8,NA,230,84
2004,11,25,9,-8.6,928.1,NA,230,80
2004,11,25,12,-9.2,929.9,NA,230,80
2004,11,25,15,-9.2,931.3,NA,240,74
2004,11,25,18,-8.8,932.8,NA,230,85
2004,11,25,21,-9,934.8,15,230,85
2004,11,26,0,-7.8,936.4,NA,250,85
2004,11,26,3,-8,936.7,NA,240,86
2004,11,26,6,-8.2,937.6,NA,230,86
2004,11,26,9,-8.2,938.4,6,230,80
2004,11,26,12,-8.8,938.5,9,250,85
2004,11,26,15,-9.8,938.3,NA,260,84
2004,11,26,18,-7.4,938.4,NA,120,72
2004,11,26,21,-6.6,938.6,3,180,76
2004,11,27,0,-7.2,938.3,2,110,72
2004,11,27,3,-7.4,938.1,3,140,82
2004,11,27,6,-6.6,938.8,1,20,61
2004,11,27,9,-6.8,938.9,1,230,61
2004,11,27,12,-8.7,939.2,5,270,55
2004,11,27,15,-9.6,938.9,NA,260,58
2004,11,27,18,-9.1,939.1,3,230,67
2004,11,27,21,-7.6,939.2,NA,230,69
2004,11,28,0,-6.2,938.2,3,170,61
2004,11,28,3,-6.6,936.9,1,50,65
2004,11,28,6,-6.9,935.6,3,230,54
2004,11,28,9,-8.5,933.9,NA,230,48
2004,11,28,12,-10.2,930.5,NA,240,62
2004,11,28,15,-10.7,930.3,NA,240,81
2004,11,28,18,-10.7,929.2,NA,250,81
2004,11,28,21,-10.7,929.2,NA,250,82
2004,11,29,0,-10.2,929.4,NA,240,82
2004,11,29,3,-10.3,928.4,NA,NA,83
2004,11,29,6,-10.3,926,NA,NA,83
2004,11,29,9,-9.7,925.5,NA,NA,77
2004,11,29,12,-9,924,NA,NA,63
2004,11,29,15,-9.8,922.1,NA,250,78
2004,11,29,18,-9.8,924.1,NA,230,83
2004,11,29,21,-9.7,922.8,NA,230,81
2004,11,30,0,-10,922.4,NA,230,79
2004,11,30,3,-9.5,922.3,NA,220,76
2004,11,30,6,-9.2,921.5,NA,230,78
2004,11,30,9,-8.8,920.3,NA,250,61
2004,11,30,12,-8.7,920,NA,210,61
2004,11,30,15,-6.8,917.6,NA,240,50
2004,11,30,18,-6.2,916.4,NA,250,55
2004,11,30,21,-6.6,915.6,NA,NA,66
2004,12,1,0,-7.5,918.9,NA,NA,67
2004,12,1,3,-4.9,919,NA,NA,48
2004,12,1,6,-4.8,921.5,NA,240,49
2004,12,1,9,-5.8,921.6,NA,350,45
2004,12,1,12,-4.7,920.7,NA,10,34
2004,12,1,15,-5.2,919.5,NA,250,39
2004,12,1,18,-5.5,919.8,NA,240,49
2004,12,1,21,-4.9,921.3,NA,230,48
2004,12,2,0,-6.6,923,NA,230,67
2004,12,2,3,-5.9,923.7,NA,230,64
2004,12,2,6,-6.3,925.2,NA,240,63
2004,12,2,9,-5.8,926.3,NA,230,53
2004,12,2,12,-6.4,926.6,NA,250,52
2004,12,2,15,-6.6,926.5,NA,280,49
2004,12,2,18,-5.2,926,4,130,49
2004,12,2,21,-5.4,925.6,4,80,53
2004,12,3,0,-5,924.8,5,80,57
2004,12,3,3,-6.2,924.4,NA,50,59
2004,12,3,6,-6.4,924.3,5,90,66
2004,12,3,9,-7.2,924.5,NA,240,84
2004,12,3,12,-7.9,924.6,5,NA,80
2004,12,3,15,-8.2,924.4,NA,NA,81
2004,12,3,18,-9,924.6,8,NA,84
2004,12,3,21,-7.5,925,NA,230,79
2004,12,4,0,-5.9,924.7,NA,220,68
2004,12,4,3,-5.5,924.5,2,200,64
2004,12,4,6,-4.7,924,2,260,60
2004,12,4,9,-5.7,923.5,NA,250,52
2004,12,4,12,-6.5,923.4,NA,280,53
2004,12,4,15,NA,923.1,1,50,55
2004,12,4,18,-5.1,923.3,NA,230,42
2004,12,4,21,-4.1,923.9,NA,220,37
2004,12,5,0,-2,925,NA,230,32
2004,12,5,3,-1.5,926.4,NA,230,33
2004,12,5,6,-1.6,927.7,NA,340,39
2004,12,5,9,-4.1,928,NA,30,45
2004,12,5,12,-4.6,927.6,NA,0,42
2004,12,5,15,-3.6,927.5,NA,290,38
2004,12,5,18,-2.3,927.7,NA,70,46
2004,12,5,21,-1.6,928.1,NA,260,40
2004,12,6,0,-2.8,928.8,3,210,49
2004,12,6,3,-2.3,929,5,250,47
2004,12,6,6,-2.6,929.2,4,240,37
2004,12,6,9,-5.8,929.3,NA,220,72
2004,12,6,12,-6.5,929.1,NA,260,71
2004,12,6,15,-6.3,928.7,NA,10,61
2004,12,6,18,-5.1,928.4,NA,90,59
2004,12,6,21,-3.4,928.5,3,80,55
2004,12,7,0,NA,928.6,1,250,55
2004,12,7,3,NA,928.3,1,120,60
2004,12,7,6,-5.2,928.3,3,220,54
2004,12,7,9,-5.4,928.3,3,240,58
2004,12,7,12,-6.2,928.3,4,300,49
2004,12,7,15,-4.8,927.3,NA,240,46
2004,12,7,18,-4,927.1,NA,220,43
2004,12,7,21,-6.6,926.5,NA,240,54
2004,12,8,0,-5.4,926,NA,240,58
2004,12,8,3,-3.6,924.9,NA,230,41
2004,12,8,6,-3.2,923.2,NA,240,39
2004,12,8,9,-3.5,921.3,NA,250,43
2004,12,8,12,-6.3,922.6,NA,230,57
2004,12,8,15,-4.4,920.7,NA,240,50
2004,12,8,18,-4.9,918.6,NA,240,48
2004,12,8,21,-6.2,920.9,NA,240,75
2004,12,9,0,-7.9,921.1,NA,220,85
2004,12,9,3,-7.6,924.2,NA,220,84
2004,12,9,6,-7.4,923.9,NA,230,86
2004,12,9,9,-7.2,925.1,NA,240,85
2004,12,9,12,-7.5,925.4,NA,220,80
2004,12,9,15,-7.2,925.2,NA,210,76
2004,12,9,18,-6,924.9,NA,240,56
2004,12,9,21,-4.5,924.5,NA,230,46
2004,12,10,0,-4.1,924.8,NA,240,NA
2004,12,10,3,-5.7,925.7,NA,210,86
2004,12,10,6,-6.2,926.4,NA,210,85
2004,12,10,9,-7.5,927.3,NA,230,86
2004,12,10,12,-7.8,928.8,NA,220,86
2004,12,10,15,-7.4,928.8,NA,240,85
2004,12,10,18,-7.3,930.4,NA,230,70
2004,12,10,21,-7.2,930.6,NA,NA,81
2004,12,11,0,-5.8,931.4,23,NA,70
2004,12,11,3,-5.1,930.8,NA,NA,62
2004,12,11,6,-5.3,929.8,NA,250,70
2004,12,11,9,-5.1,930.8,NA,240,69
2004,12,11,12,-4.6,933.1,NA,220,51
2004,12,11,15,-6.6,934.4,NA,220,77
2004,12,11,18,NA,NA,NA,NA,NA
2004,12,11,21,-7.2,936.1,27,210,86
2004,12,12,0,-6.1,937.6,NA,210,79
2004,12,12,3,-6.5,938.3,NA,220,85
2004,12,12,6,-6.3,938.9,NA,230,83
2004,12,12,9,-7,939.2,NA,240,83
2004,12,12,12,-5,939.4,NA,180,60
2004,12,12,15,-5,938.7,NA,0,58
2004,12,12,18,-5.1,938.4,3,60,60
2004,12,12,21,-3.2,938.1,3,120,44
2004,12,13,0,-5.3,937.7,3,260,61
2004,12,13,3,-4.9,936.8,NA,240,51
2004,12,13,6,-4.6,936.3,NA,230,54
2004,12,13,9,-6.3,935.9,NA,230,64
2004,12,13,12,-7.3,935.7,NA,240,68
2004,12,13,15,-7.5,935.1,NA,220,74
2004,12,13,18,-7.2,934.9,NA,220,69
2004,12,13,21,-5.2,934.6,NA,180,63
2004,12,14,0,-4.1,934.1,3,160,61
2004,12,14,3,NA,933.8,1,50,64
2004,12,14,6,-4.7,933.8,2,110,55
2004,12,14,9,NA,934,1,10,55
2004,12,14,12,-6.2,934.2,NA,340,48
2004,12,14,15,NA,934.2,1,210,54
2004,12,14,18,-5.6,934.5,2,200,69
2004,12,14,21,-5.4,934.8,NA,70,73
2004,12,15,0,-5.8,934.6,4,60,74
2004,12,15,3,-6,934.8,5,30,79
2004,12,15,6,-4.7,935,4,60,79
2004,12,15,9,-5.5,935.5,4,30,85
2004,12,15,12,-5.5,935.5,7,50,87
2004,12,15,15,-6.5,935.7,3,350,87
2004,12,15,18,-4.9,936,NA,120,85
2004,12,15,21,-4.2,936.8,3,130,86
2004,12,16,0,NA,937.1,2,120,87
2004,12,16,3,-4.9,937.5,5,70,88
2004,12,16,6,-5.1,938.1,3,50,86
2004,12,16,9,NA,938.8,1,220,86
2004,12,16,12,-5.3,939.2,2,260,84
2004,12,16,15,-5,939.4,NA,260,78
2004,12,16,18,-5.7,940,NA,230,80
2004,12,16,21,-4.4,940.6,NA,230,73
2004,12,17,0,-4.3,941.1,NA,230,74
2004,12,17,3,-4.2,941.3,NA,190,67
2004,12,17,6,-4.6,941.5,NA,130,66
2004,12,17,9,-4,941.9,3,260,60
2004,12,17,12,-4.6,941.9,NA,NA,65
2004,12,17,15,-5.2,941.8,2,300,63
2004,12,17,18,-6.1,942.2,4,270,63
2004,12,17,21,-4.3,942.3,3,220,61
2004,12,18,0,-2.3,942.3,3,90,61
2004,12,18,3,-3.4,942.4,2,30,64
2004,12,18,6,-4,942.4,4,20,64
2004,12,18,9,-4.5,942.9,4,0,56
2004,12,18,12,-4.1,943.3,NA,340,55
2004,12,18,15,-4.9,944,3,280,58
2004,12,18,18,-4.5,944.9,3,240,62
2004,12,18,21,-3.9,946,3,240,59
2004,12,19,0,-3.4,946.7,2,120,62
2004,12,19,3,NA,947,1,100,53
2004,12,19,6,NA,947.6,1,20,58
2004,12,19,9,-4,948.2,3,360,56
2004,12,19,12,-5.3,948.9,4,10,57
2004,12,19,15,NA,949.3,1,70,57
2004,12,19,18,-3.6,949.5,2,60,67
2004,12,19,21,-4.2,949.4,NA,30,65
2004,12,20,0,-4.9,948.6,5,40,75
2004,12,20,3,-4.7,947.2,NA,10,78
2004,12,20,6,-3.6,946,4,230,76
2004,12,20,9,NA,945,NA,230,39
2004,12,20,12,0.4,943.8,5,20,22
2004,12,20,15,0.2,942.4,5,20,25
2004,12,20,18,1.3,941.2,NA,260,26
2004,12,20,21,1.9,939.9,2,230,22
2004,12,21,0,2.9,938.3,3,210,21
2004,12,21,3,3.6,937.5,5,250,30
2004,12,21,6,2.3,937.6,4,250,26
2004,12,21,9,-0.3,938,3,100,31
2004,12,21,12,-2.2,937.4,NA,10,37
2004,12,21,15,1.2,936.5,NA,260,31
2004,12,21,18,-1.6,936.6,NA,40,47
2004,12,21,21,-0.7,936.2,NA,250,45
2004,12,22,0,-0.7,935.3,NA,250,43
2004,12,22,3,0.3,934.8,NA,260,38
2004,12,22,6,-1.4,934.1,6,270,47
2004,12,22,9,-2.5,933.6,2,130,52
2004,12,22,12,-2.9,933.4,NA,140,52
2004,12,22,15,-3.3,932.3,3,80,58
2004,12,22,18,-2.9,932,2,100,62
2004,12,22,21,-2.8,932,2,230,59
2004,12,23,0,-2.9,932.1,2,130,61
2004,12,23,3,-2.5,932.3,5,250,59
2004,12,23,6,-4.3,933.1,NA,240,76
2004,12,23,9,-4,933.8,NA,240,63
2004,12,23,12,-4.8,934.1,NA,230,68
2004,12,23,15,-5.3,933.8,NA,240,68
2004,12,23,18,-5.3,933.4,NA,230,69
2004,12,23,21,-4.4,934.1,NA,250,81
2004,12,24,0,-5.2,936.6,NA,190,87
2004,12,24,3,-3.4,936.9,NA,90,66
2004,12,24,6,-4,937.4,5,30,54
2004,12,24,9,-4.6,937.7,NA,10,43
2004,12,24,12,-4.9,937.8,NA,360,40
2004,12,24,15,-5.5,937,NA,260,54
2004,12,24,18,-4,937.2,NA,240,58
2004,12,24,21,-1.9,937.1,NA,200,47
2004,12,25,0,NA,937.3,1,170,49
2004,12,25,3,-3.9,937.4,NA,220,69
2004,12,25,6,-4,936.4,NA,240,71
2004,12,25,9,-5,936.8,NA,240,63
2004,12,25,12,-5.2,936.5,NA,250,59
2004,12,25,15,-5.5,935.5,NA,240,70
2004,12,25,18,-5.3,934.9,NA,240,86
2004,12,25,21,-4.4,934.2,NA,210,76
2004,12,26,0,-5.1,933.6,4,250,80
2004,12,26,3,-7.4,932,NA,230,85
2004,12,26,6,-8,931.5,NA,260,83
2004,12,26,9,-8.4,930,NA,250,82
2004,12,26,12,-8.3,931,NA,240,71
2004,12,26,15,-7.6,930.1,NA,240,59
2004,12,26,18,-6.7,929.3,NA,240,65
2004,12,26,21,-4.5,929,NA,80,59
2004,12,27,0,-4.3,928.7,2,70,65
2004,12,27,3,-4.8,928.6,3,210,58
2004,12,27,6,-4.9,928.6,4,230,61
2004,12,27,9,-6.4,928.7,5,230,76
2004,12,27,12,-6,928.5,NA,210,80
2004,12,27,15,-6.2,928.2,NA,220,83
2004,12,27,18,-5.9,928,NA,250,87
2004,12,27,21,-5.2,928.2,NA,240,80
2004,12,28,0,-5.1,928.1,NA,240,82
2004,12,28,3,-4,928,NA,260,76
2004,12,28,6,-3.6,927.8,NA,240,75
2004,12,28,9,-6,927.6,3,360,78
2004,12,28,12,-5.5,927.3,NA,360,53
2004,12,28,15,-4.9,926.5,NA,300,55
2004,12,28,18,-4.8,926.1,NA,230,67
2004,12,28,21,-4.8,925.8,5,220,68
2004,12,29,0,-4.4,925.7,3,80,75
2004,12,29,3,-5.4,925.4,3,140,83
2004,12,29,6,-5.5,924.9,3,130,82
2004,12,29,9,-6.9,924.8,2,260,85
2004,12,29,12,NA,924.7,1,280,83
2004,12,29,15,NA,924.4,1,260,82
2004,12,29,18,-7.6,924.5,3,100,80
2004,12,29,21,-7,924.7,4,170,85
2004,12,30,0,-6.5,924.8,3,210,84
2004,12,30,3,-5.9,925.1,3,120,82
2004,12,30,6,-6.6,925.6,3,240,83
2004,12,30,9,-6.8,926.4,4,250,84
2004,12,30,12,-5,927.3,3,270,58
2004,12,30,15,-6.3,928,NA,240,66
2004,12,30,18,-5,928.8,NA,250,68
2004,12,30,21,-4.9,929.1,NA,240,65
2004,12,31,0,-3.9,929.8,NA,230,62
2004,12,31,3,-3.3,929.6,8,240,59
2004,12,31,6,-3.1,929.7,NA,250,58
2004,12,31,9,-3,929.6,NA,300,39
2004,12,31,12,-5.1,929,NA,350,43
2004,12,31,15,-4.8,928.1,NA,10,44
2004,12,31,18,-3.8,927.1,NA,270,47
2004,12,31,21,-2.9,927.1,NA,190,48
2005,1,1,0,-3,927.2,NA,120,47
2005,1,1,3,-4,927.2,NA,260,58
2005,1,1,6,-4.1,927.2,NA,230,48
2005,1,1,9,-4.8,927.2,NA,230,65
2005,1,1,12,-4.3,927,NA,230,58
2005,1,1,15,-4.2,924.4,NA,250,46
2005,1,1,18,-4.7,923.6,NA,240,64
2005,1,1,21,-5,925.1,NA,NA,75
2005,1,2,0,-4.6,925.6,NA,NA,69
2005,1,2,3,-5.7,924.3,NA,220,84
2005,1,2,6,-5.7,924.9,NA,230,87
2005,1,2,9,-6,925.4,NA,230,87
2005,1,2,12,-6.1,925.7,NA,230,87
2005,1,2,15,-6.5,925.1,NA,250,86
2005,1,2,18,-6.3,924.6,NA,NA,84
2005,1,2,21,-6.1,924.6,NA,NA,83
2005,1,3,0,-5.9,926.6,NA,230,81
2005,1,3,3,-6.4,926,NA,240,85
2005,1,3,6,-5.8,927,30,250,74
2005,1,3,9,-5.8,926.7,NA,240,64
2005,1,3,12,-5.6,926.3,NA,NA,59
2005,1,3,15,-4.6,923.5,NA,NA,51
2005,1,3,18,-4,921.9,NA,NA,47
2005,1,3,21,-4.1,920.6,NA,NA,50
2005,1,4,0,-5.2,919.7,NA,NA,NA
2005,1,4,3,-4.9,916.5,NA,NA,87
2005,1,4,6,-4.7,914.4,NA,250,88
2005,1,4,9,-4.5,913.9,54,240,88
2005,1,4,12,-4,913.3,NA,240,89
2005,1,4,15,-3.7,915.1,NA,NA,89
2005,1,4,18,-3.4,915.5,NA,NA,90
2005,1,4,21,-3.6,916.8,NA,NA,90
2005,1,5,0,-3.2,917.3,NA,240,90
2005,1,5,3,-2.6,916.9,20,230,91
2005,1,5,6,-2.5,915.1,22,240,91
2005,1,5,9,-2.5,917.5,NA,240,91
2005,1,5,12,-3.1,917.7,19,230,91
2005,1,5,15,-3.9,919.9,NA,NA,90
2005,1,5,18,-3.9,920.7,NA,NA,90
2005,1,5,21,-3.5,920.9,NA,NA,91
2005,1,6,0,-2.9,921.8,NA,NA,91
2005,1,6,3,-3.2,920.9,NA,NA,91
2005,1,6,6,-3.8,922.4,NA,NA,91
2005,1,6,9,-4.6,921.7,NA,NA,90
2005,1,6,12,-4.9,921.6,NA,NA,90
2005,1,6,15,-4.7,919.3,NA,NA,90
2005,1,6,18,-4.7,914.7,NA,NA,90
2005,1,6,21,-4.6,911.6,NA,NA,90
2005,1,7,0,-4.2,909.6,NA,NA,90
2005,1,7,3,-3.9,909.5,NA,NA,90
2005,1,7,6,-3.8,909.5,NA,NA,91
2005,1,7,9,-3.6,909.2,NA,NA,91
2005,1,7,12,-3.1,908.6,NA,NA,91
2005,1,7,15,-3.4,910.6,NA,NA,91
2005,1,7,18,-3.5,910.9,NA,NA,91
2005,1,7,21,-3.6,911.9,NA,NA,91
2005,1,8,0,-2.8,913.1,NA,NA,91
2005,1,8,3,-3.2,915.9,NA,NA,91
2005,1,8,6,-3.9,918.2,NA,NA,91
2005,1,8,9,-4.2,920.7,NA,NA,91
2005,1,8,12,-4.7,920.7,NA,NA,90
2005,1,8,15,-5,920.9,NA,NA,90
2005,1,8,18,-5,919.2,NA,NA,90
2005,1,8,21,-3.7,919.2,NA,NA,91
2005,1,9,0,-4,919.5,NA,NA,91
2005,1,9,3,-4.8,918.5,NA,NA,90
2005,1,9,6,-4.7,918.1,NA,NA,90
2005,1,9,9,-5.3,917.9,NA,NA,90
2005,1,9,12,-5.7,917.5,NA,NA,89
2005,1,9,15,-5.9,917.6,NA,NA,89
2005,1,9,18,-5.9,917.4,NA,NA,89
2005,1,9,21,-5.3,918.4,NA,NA,90
2005,1,10,0,-4.8,916.9,NA,NA,91
2005,1,10,3,-5,916.5,NA,NA,90
2005,1,10,6,-5.7,916.8,NA,NA,89
2005,1,10,9,-5.8,919.3,NA,NA,89
2005,1,10,12,-6.1,919.4,NA,NA,89
2005,1,10,15,-5.8,919.6,NA,NA,89
2005,1,10,18,-5.7,920.7,NA,NA,89
2005,1,10,21,-5.3,922.6,NA,NA,90
2005,1,11,0,-5,923.6,NA,NA,90
2005,1,11,3,-4.5,925.2,NA,NA,90
2005,1,11,6,-4.1,926.9,NA,NA,91
2005,1,11,9,-4.2,928.2,NA,NA,91
2005,1,11,12,-4.8,929.1,NA,NA,90
2005,1,11,15,-5.2,930.5,NA,NA,90
2005,1,11,18,-4.3,931.8,NA,NA,90
2005,1,11,21,-2.8,933.1,NA,NA,92
2005,1,12,0,-2.8,935,NA,NA,92
2005,1,12,3,-2.9,936,NA,NA,92
2005,1,12,6,-3.8,937.6,NA,NA,91
2005,1,12,9,-4.2,939.2,NA,NA,91
2005,1,12,12,-4.9,940.6,NA,NA,90
2005,1,12,15,-5.3,940.5,NA,NA,90
2005,1,12,18,-5,941,NA,NA,90
2005,1,12,21,-4.5,940.8,NA,NA,91
2005,1,13,0,-3.7,940.5,NA,NA,91
2005,1,13,3,-4,940.1,NA,NA,91
2005,1,13,6,-4.5,939.6,NA,NA,91
2005,1,13,9,-4.6,939.1,NA,NA,91
2005,1,13,12,-4.7,938.6,NA,NA,91
2005,1,13,15,-4.7,937.9,NA,NA,91
2005,1,13,18,-4.5,937.8,NA,NA,91
2005,1,13,21,-4,936.9,NA,NA,91
2005,1,14,0,-4.1,936.3,NA,NA,91
2005,1,14,3,-4,934.9,NA,NA,92
2005,1,14,6,-4.8,933.4,NA,NA,91
2005,1,14,9,-5,932.2,NA,NA,91
2005,1,14,12,-5.2,930.1,NA,NA,90
2005,1,14,15,-5.5,928.3,NA,NA,90
2005,1,14,18,-5.2,927.7,NA,NA,90
2005,1,14,21,-5.1,926.2,NA,NA,90
2005,1,15,0,-4.7,925.8,NA,NA,91
2005,1,15,3,-4.7,924.1,NA,NA,91
2005,1,15,6,-5.1,923,NA,NA,90
2005,1,15,9,-5.4,923,NA,NA,90
2005,1,15,12,-5.6,922.5,NA,NA,90
2005,1,15,15,-5.8,922.3,NA,NA,90
2005,1,15,18,-5.5,923,NA,NA,90
2005,1,15,21,-5.7,923.5,NA,NA,90
2005,1,16,0,-5.6,925,NA,NA,90
2005,1,16,3,-5.2,926.3,NA,NA,90
2005,1,16,6,-5.3,926.1,NA,NA,90
2005,1,16,9,-5.4,928.1,NA,NA,90
2005,1,16,12,-5.9,929.3,NA,NA,90
2005,1,16,15,-6.2,929,NA,NA,89
2005,1,16,18,-5.5,929.8,NA,NA,90
2005,1,16,21,-5.3,929.8,NA,NA,90
2005,1,17,0,-4.1,930.2,NA,NA,91
2005,1,17,3,-4.1,929.5,NA,NA,91
2005,1,17,6,-4.5,929.4,NA,NA,91
2005,1,17,9,-5,929.1,NA,NA,91
2005,1,17,12,-6,929,NA,NA,90
2005,1,17,15,-6.4,928.3,NA,NA,89
2005,1,17,18,-6.3,928.4,NA,NA,89
2005,1,17,21,-5.5,928.6,NA,NA,90
2005,1,18,0,-4.2,928.3,NA,NA,91
2005,1,18,3,-4.3,927.8,NA,NA,91
2005,1,18,6,-4,927.4,NA,NA,92
2005,1,18,9,-4.2,927.2,NA,NA,91
2005,1,18,12,-5,927.1,NA,NA,91
2005,1,18,15,-6.6,926.5,NA,NA,89
2005,1,18,18,-5.5,926.8,NA,NA,90
2005,1,18,21,NA,926.9,NA,NA,93
2005,1,19,0,-2.2,927.1,NA,NA,93
2005,1,19,3,-3.1,927.4,NA,NA,92
2005,1,19,6,-3.1,928.1,NA,NA,92
2005,1,19,9,-4.7,928.4,NA,NA,91
2005,1,19,12,-5.5,929,NA,NA,90
2005,1,19,15,-6,929.4,NA,NA,90
2005,1,19,18,-6.4,929.9,NA,NA,90
2005,1,19,21,-5.1,930.4,NA,NA,90
2005,1,20,0,-4.1,930.7,NA,NA,92
2005,1,20,3,-6,930.9,NA,NA,90
2005,1,20,6,-6.1,931,NA,NA,90
2005,1,20,9,-7.1,931.3,NA,NA,89
2005,1,20,12,-8.1,931.2,NA,NA,88
2005,1,20,15,-7.5,930.6,NA,NA,89
2005,1,20,18,-7.7,930.7,NA,NA,89
2005,1,20,21,-6.4,930.4,NA,NA,89
2005,1,21,0,-6,930.2,NA,NA,90
2005,1,21,3,-6.5,930,NA,NA,90
2005,1,21,6,-6.5,929.9,NA,NA,90
2005,1,21,9,-7.3,929.8,NA,NA,89
2005,1,21,12,-8.1,930.1,NA,NA,88
2005,1,21,15,-7.8,929.8,NA,NA,88
2005,1,21,18,-6.5,929.6,NA,NA,89
2005,1,21,21,-5.1,929.3,NA,NA,91
2005,1,22,0,-5,929,NA,NA,91
2005,1,22,3,-5.8,928.2,NA,NA,90
2005,1,22,6,-6.8,927.5,NA,NA,89
2005,1,22,9,-6.7,926.6,NA,NA,86
2005,1,22,12,-7.5,926.6,NA,NA,85
2005,1,22,15,-6.5,926.1,NA,NA,86
2005,1,22,18,-4.5,926.3,NA,NA,89
2005,1,22,21,-7.3,926.8,NA,NA,88
2005,1,23,0,-6.2,926.9,NA,NA,86
2005,1,23,3,-6.2,926.9,NA,NA,90
2005,1,23,6,-6.5,928.1,NA,NA,89
2005,1,23,9,-6.9,928.2,NA,NA,89
2005,1,23,12,-7.6,930,NA,NA,86
2005,1,23,15,-7.7,930.8,NA,NA,84
2005,1,23,18,-7.1,931.3,NA,NA,81
2005,1,23,21,-6.8,932.4,NA,NA,77
2005,1,24,0,-6.1,933.3,NA,NA,76
2005,1,24,3,-5.6,934.3,9,230,72
2005,1,24,6,-6,934.2,NA,240,72
2005,1,24,9,-6.3,934.3,NA,250,77
2005,1,24,12,-6.6,935.1,NA,240,79
2005,1,24,15,-6.9,934.2,NA,290,76
2005,1,24,18,-7.2,933.7,NA,10,64
2005,1,24,21,-5.8,932.9,3,60,82
2005,1,25,0,-6,932.2,3,80,81
2005,1,25,3,-5.1,930.9,2,100,80
2005,1,25,6,NA,929.8,1,50,82
2005,1,25,9,-5.9,928.5,NA,NA,74
2005,1,25,12,-6.8,927.6,2,230,72
2005,1,25,15,-8,926.4,3,340,83
2005,1,25,18,-7.4,925.5,4,250,79
2005,1,25,21,-7.8,924.7,NA,260,88
2005,1,26,0,-7.6,924.5,NA,250,88
2005,1,26,3,-7.4,924.7,10,240,88
2005,1,26,6,-7.6,924.8,NA,230,88
2005,1,26,9,-8.4,925.8,NA,250,88
2005,1,26,12,-8.6,925.8,NA,250,83
2005,1,26,15,-7.8,926.5,NA,250,60
2005,1,26,18,-7.6,928.2,NA,220,82
2005,1,26,21,-7.8,928,NA,240,84
2005,1,27,0,-7.3,927.7,NA,270,88
2005,1,27,3,-7.3,926.3,5,70,87
2005,1,27,6,-7.5,925,NA,40,88
2005,1,27,9,-7.4,924.1,8,40,82
2005,1,27,12,-7.4,923.6,8,60,85
2005,1,27,15,-7.4,922.9,NA,80,86
2005,1,27,18,-8.1,922.6,NA,270,87
2005,1,27,21,-7.6,923,6,240,88
2005,1,28,0,-8.2,923.2,7,260,88
2005,1,28,3,-7.9,924,6,250,88
2005,1,28,6,-7,925.3,NA,160,89
2005,1,28,9,-7.7,926.2,5,250,88
2005,1,28,12,-7.9,927.4,NA,240,88
2005,1,28,15,-7.7,928,NA,250,88
2005,1,28,18,-7.9,928.9,7,250,88
2005,1,28,21,-7.6,929.7,11,230,88
2005,1,29,0,-7.9,930,NA,230,88
2005,1,29,3,-7.4,930,NA,220,88
2005,1,29,6,-6.6,929.9,NA,250,78
2005,1,29,9,-8.8,929.3,NA,30,73
2005,1,29,12,-8.7,928.2,NA,20,86
2005,1,29,15,-8.1,927.1,NA,340,79
2005,1,29,18,-8.8,926.1,NA,240,80
2005,1,29,21,-8,926,NA,260,81
2005,1,30,0,-8.7,925.8,NA,240,87
2005,1,30,3,-7.8,925.6,12,230,88
2005,1,30,6,-6.8,925.3,NA,220,69
2005,1,30,9,-8.7,925.1,NA,240,84
2005,1,30,12,-9.2,924.7,NA,320,69
2005,1,30,15,-8.4,923.7,NA,0,77
2005,1,30,18,-9,923,4,10,80
2005,1,30,21,-7.1,922.4,4,130,77
2005,1,31,0,NA,922.5,1,250,78
2005,1,31,3,-8.5,922,4,250,83
2005,1,31,6,-8.6,921.6,NA,260,87
2005,1,31,9,-9.1,921.8,8,230,86
2005,1,31,12,-9.2,921.9,7,230,71
2005,1,31,15,-9.6,921,NA,230,84
2005,1,31,18,-9.6,920.5,11,250,86
2005,1,31,21,-9.6,920.4,12,240,86
2005,2,1,0,-9.2,920.2,10,250,86
2005,2,1,3,-9.1,919.9,11,240,87
2005,2,1,6,-9.4,919.6,NA,260,87
2005,2,1,9,-8.8,919.3,NA,90,87
2005,2,1,12,-9,918.7,5,50,86
2005,2,1,15,-9,917.3,4,80,87
2005,2,1,18,-8.8,916.3,5,260,87
2005,2,1,21,-8.3,915.1,NA,270,86
2005,2,2,0,-6.1,913.7,NA,110,72
2005,2,2,3,-5.8,912.5,NA,290,66
2005,2,2,6,NA,911.4,1,280,60
2005,2,2,9,-8.3,911.5,4,40,55
2005,2,2,12,-8.1,911.9,4,230,55
2005,2,2,15,-8.8,912.4,NA,260,64
2005,2,2,18,-8.1,913.4,NA,240,74
2005,2,2,21,-8.7,914.6,13,230,76
2005,2,3,0,-7.7,915.1,NA,230,77
2005,2,3,3,-8.3,915.1,NA,230,77
2005,2,3,6,-7.9,916.6,21,250,68
2005,2,3,9,-8.8,917.3,NA,250,65
2005,2,3,12,-8.8,917.1,NA,260,62
2005,2,3,15,-8.4,915.8,18,250,56
2005,2,3,18,-8.3,915.4,NA,220,60
2005,2,3,21,-8.6,915.1,17,240,70
2005,2,4,0,-8.2,915.4,17,220,76
2005,2,4,3,-8.3,915.8,15,240,77
2005,2,4,6,-8.5,915.9,NA,250,78
2005,2,4,9,-7.7,916.1,NA,290,57
2005,2,4,12,-8.6,916.1,NA,290,61
2005,2,4,15,-8.5,915.8,3,350,59
2005,2,4,18,-7.2,915.5,3,130,76
2005,2,4,21,-9.2,915.4,NA,270,73
2005,2,5,0,-8.7,915.8,NA,240,72
2005,2,5,3,-8.6,915.1,11,240,86
2005,2,5,6,-8.8,914.8,NA,230,86
2005,2,5,9,-9,915,NA,250,79
2005,2,5,12,-8.7,914.9,NA,250,82
2005,2,5,15,-8.6,914.6,NA,240,83
2005,2,5,18,-7.9,914.1,NA,250,70
2005,2,5,21,-7.9,916.6,NA,NA,74
2005,2,6,0,-7,919,NA,NA,66
2005,2,6,3,-7.6,919.4,NA,NA,81
2005,2,6,6,-7.5,918.8,NA,240,77
2005,2,6,9,-7.4,921.8,NA,250,78
2005,2,6,12,-6.5,924.2,NA,250,57
2005,2,6,15,-7.2,925.3,NA,250,57
2005,2,6,18,-6.8,925.1,NA,280,55
2005,2,6,21,-5.6,924.8,NA,60,62
2005,2,7,0,-5.9,925.2,NA,230,63
2005,2,7,3,-5.7,925.3,NA,60,63
2005,2,7,6,-6.4,926.1,5,50,70
2005,2,7,9,-6.5,926.7,3,80,81
2005,2,7,12,-6.9,927.5,3,280,80
2005,2,7,15,-8,928.1,NA,250,85
2005,2,7,18,-8.3,928.4,NA,250,79
2005,2,7,21,-7.2,929.5,NA,250,83
2005,2,8,0,-8.3,929.8,NA,230,81
2005,2,8,3,-8.6,930.4,NA,220,86
2005,2,8,6,-9.2,930.6,19,230,83
2005,2,8,9,-9.4,931.2,15,230,85
2005,2,8,12,-10,930.6,17,240,69
2005,2,8,15,-9.7,930.5,NA,250,71
2005,2,8,18,-9.7,930.1,NA,250,73
2005,2,8,21,-9.5,929.5,14,240,76
2005,2,9,0,-8.9,929,NA,240,71
2005,2,9,3,-8.9,928.2,17,230,73
2005,2,9,6,-9.1,927.8,15,240,63
2005,2,9,9,-9.5,927.4,17,250,56
2005,2,9,12,-9.4,926.6,NA,250,58
2005,2,9,15,-9.1,926.6,NA,240,63
2005,2,9,18,-9.2,926.9,NA,220,64
2005,2,9,21,-8.9,927.1,NA,250,84
2005,2,10,0,-9.1,926.9,NA,220,83
2005,2,10,3,-8.8,926.5,10,250,86
2005,2,10,6,-8.7,926,NA,270,85
2005,2,10,9,-9.1,925.2,NA,270,81
2005,2,10,12,-9.7,924.1,4,280,85
2005,2,10,15,-10.3,922.4,4,270,85
2005,2,10,18,-10.2,920.7,NA,0,85
2005,2,10,21,-9.3,918.8,4,110,85
2005,2,11,0,-9.3,917.5,2,130,86
2005,2,11,3,-9.7,916.3,3,240,85
2005,2,11,6,-9.8,915.1,5,160,85
2005,2,11,9,-9.5,914.7,NA,90,85
2005,2,11,12,-10.1,914.3,5,110,85
2005,2,11,15,-10.9,914.4,3,260,84
2005,2,11,18,-11,913.9,NA,90,84
2005,2,11,21,-11.3,914.5,NA,150,84
2005,2,12,0,-11.1,914.9,NA,190,84
2005,2,12,3,-11.8,914.8,NA,240,83
2005,2,12,6,-11.9,915.3,NA,240,83
2005,2,12,9,-11.9,915.4,NA,260,83
2005,2,12,12,-11.9,915.3,7,260,83
2005,2,12,15,-11.9,914.9,3,280,83
2005,2,12,18,-11.6,914.3,3,270,84
2005,2,12,21,-11.9,914,4,260,84
2005,2,13,0,-10,914,2,270,85
2005,2,13,3,-9.9,914.1,2,270,83
2005,2,13,6,-12.2,914.3,6,270,49
2005,2,13,9,-10.9,914.4,4,340,43
2005,2,13,12,-10.2,914.5,3,330,38
2005,2,13,15,-10,914.2,4,250,32
2005,2,13,18,-8.9,914.1,NA,240,31
2005,2,13,21,-8.1,914.2,NA,NA,34
2005,2,14,0,-8,914.7,10,NA,33
2005,2,14,3,-7.9,915.1,NA,NA,36
2005,2,14,6,-7.1,915.2,NA,290,34
2005,2,14,9,-6.6,914.8,8,270,38
2005,2,14,12,-6.2,913.8,8,340,35
2005,2,14,15,-7.2,911.8,NA,10,37
2005,2,14,18,-7.1,909.5,NA,30,38
2005,2,14,21,-7,907.6,NA,30,36
2005,2,15,0,-7.7,905.7,NA,30,42
2005,2,15,3,-7.3,904.7,NA,20,79
2005,2,15,6,-7.3,904.8,NA,40,80
2005,2,15,9,-7.1,906.1,NA,250,64
2005,2,15,12,-7.2,906.9,NA,250,60
2005,2,15,15,-7.9,907.6,NA,250,58
2005,2,15,18,-7,909.1,14,240,52
2005,2,15,21,-7.1,911.2,NA,220,72
2005,2,16,0,-7.7,912.5,10,250,NA
2005,2,16,3,-7.6,913.6,8,240,87
2005,2,16,6,-8.3,914.1,12,230,87
2005,2,16,9,-8.3,914.6,NA,250,87
2005,2,16,12,-8.6,914.5,8,250,86
2005,2,16,15,-8.9,914.4,8,250,86
2005,2,16,18,-8.9,914.3,7,210,86
2005,2,16,21,-9,914.3,4,230,86
2005,2,17,0,-8.8,914.2,3,240,86
2005,2,17,3,NA,913.5,1,100,87
2005,2,17,6,NA,912.7,1,90,87
2005,2,17,9,-8.3,911.9,NA,NA,87
2005,2,17,12,-8.5,911.2,3,280,87
2005,2,17,15,-8.7,910.5,NA,250,86
2005,2,17,18,-8.3,910.4,NA,250,87
2005,2,17,21,-7.7,910.9,NA,270,87
2005,2,18,0,-7.8,911.6,5,260,88
2005,2,18,3,NA,912.8,1,230,88
2005,2,18,6,-7.1,914,3,230,88
2005,2,18,9,-7.5,915.4,4,240,88
2005,2,18,12,-9.1,915.7,NA,240,86
2005,2,18,15,-9.4,916.6,8,250,86
2005,2,18,18,-9.9,917.4,8,240,86
2005,2,18,21,-9.9,918.6,6,250,86
2005,2,19,0,-9.5,919.5,4,230,86
2005,2,19,3,-9.7,920.4,3,230,86
2005,2,19,6,-10.2,920.8,4,240,85
2005,2,19,9,-10.7,921.7,2,230,85
2005,2,19,12,-11.4,922.2,3,250,84
2005,2,19,15,-10.7,922.6,2,310,85
2005,2,19,18,NA,922.6,1,290,85
2005,2,19,21,NA,922.7,1,240,86
2005,2,20,0,-8,922.7,2,240,87
2005,2,20,3,-9.9,921.9,4,260,86
2005,2,20,6,-8.2,920.8,6,250,87
2005,2,20,9,-8.2,921,3,250,87
2005,2,20,12,-8.2,919.8,NA,260,87
2005,2,20,15,-8.8,918.6,NA,260,79
2005,2,20,18,-8.4,918.5,NA,250,82
2005,2,20,21,-7.7,917.9,NA,260,83
2005,2,21,0,-8.1,916.2,NA,240,86
2005,2,21,3,-7.7,914.3,NA,250,84
2005,2,21,6,-8.1,913.8,NA,240,85
2005,2,21,9,-8.6,911.8,NA,260,85
2005,2,21,12,-8.7,910,NA,250,85
2005,2,21,15,-9.3,908,60,NA,85
2005,2,21,18,-8.2,913.4,NA,NA,86
2005,2,21,21,-8.5,916,NA,NA,87
2005,2,22,0,-7.4,918,NA,240,85
2005,2,22,3,-7,920.4,NA,230,87
2005,2,22,6,-7.4,920,NA,230,88
2005,2,22,9,-8.3,920.2,27,NA,87
2005,2,22,12,-8.7,919.2,27,NA,85
2005,2,22,15,-8.5,918.5,NA,NA,84
2005,2,22,18,-8.6,918.2,NA,220,79
2005,2,22,21,-8.5,917.3,NA,240,87
2005,2,23,0,-9.1,916.5,10,220,87
2005,2,23,3,-9.2,915.8,NA,220,86
2005,2,23,6,-9.4,915.6,NA,180,86
2005,2,23,9,-9.3,915.5,2,190,86
2005,2,23,12,-9.4,915.6,2,190,86
2005,2,23,15,-10.1,916,5,260,85
2005,2,23,18,-10.2,916.9,6,270,85
2005,2,23,21,-10.3,917.9,8,250,85
2005,2,24,0,-10.3,919,10,240,85
2005,2,24,3,-10.3,919.9,NA,230,85
2005,2,24,6,-10.5,921.2,NA,230,85
2005,2,24,9,-11.1,923.2,NA,240,84
2005,2,24,12,-11.1,924.6,NA,230,84
2005,2,24,15,-11.6,926.1,10,240,84
2005,2,24,18,-11.6,927.6,10,NA,84
2005,2,24,21,-11.7,928.8,10,NA,84
2005,2,25,0,-10.9,929.8,11,NA,85
2005,2,25,3,-11,930.1,NA,230,84
2005,2,25,6,-11.5,930.8,13,250,84
2005,2,25,9,-11.2,931.5,NA,260,84
2005,2,25,12,-11.2,932.1,NA,250,84
2005,2,25,15,-11.4,932.2,8,250,84
2005,2,25,18,-11.5,932.7,7,240,84
2005,2,25,21,-11.3,933.4,4,250,84
2005,2,26,0,-10.7,933.4,NA,220,84
2005,2,26,3,-10.4,932.8,2,240,85
2005,2,26,6,-11.5,931.9,NA,240,84
2005,2,26,9,-11.5,931.6,5,250,84
2005,2,26,12,-11.6,930.8,NA,280,84
2005,2,26,15,-11.9,929.6,3,280,84
2005,2,26,18,NA,928.3,1,340,83
2005,2,26,21,-12.8,927.2,4,10,83
2005,2,27,0,-12.1,925.9,3,10,84
2005,2,27,3,-11.8,924.6,7,360,83
2005,2,27,6,-12.6,923.7,NA,30,81
2005,2,27,9,-11.2,923,NA,20,83
2005,2,27,12,-11.8,922.9,NA,20,79
2005,2,27,15,-10.7,923.1,NA,260,84
2005,2,27,18,-11.4,924,NA,270,84
2005,2,27,21,-11,925.4,NA,250,84
2005,2,28,0,-10,927.2,12,260,85
2005,2,28,3,-11.1,928.9,NA,230,82
2005,2,28,6,-10.9,931.5,NA,240,84
2005,2,28,9,-11.1,933.5,NA,240,81
2005,2,28,12,-10.9,934.8,19,230,84
2005,2,28,15,-11.2,935.7,18,240,84
2005,2,28,18,-11.4,936.5,NA,230,84
2005,2,28,21,-11.1,936.6,NA,200,84
2005,3,1,0,-11.1,936,11,250,84
2005,3,1,3,-11.3,934.8,12,220,84
2005,3,1,6,-11.5,933.8,NA,230,84
2005,3,1,9,-11.9,932.4,9,240,NA
2005,3,1,12,-11.9,931,8,250,84
2005,3,1,15,-11.3,929.9,10,240,84
2005,3,1,18,-11.4,929.1,9,250,84
2005,3,1,21,-10.9,928.4,NA,220,84
2005,3,2,0,-11.2,927.8,NA,220,84
2005,3,2,3,-11.1,927.2,3,200,84
2005,3,2,6,-10.8,926.8,NA,NA,84
2005,3,2,9,-10.9,926.6,NA,NA,84
2005,3,2,12,-10.6,927.1,NA,NA,85
2005,3,2,15,-10.4,927.8,NA,NA,85
2005,3,2,18,-10.5,928.9,NA,NA,84
2005,3,2,21,-11.2,930.2,NA,NA,85
2005,3,3,0,-10.7,931.4,10,240,85
2005,3,3,3,-10.2,932.2,10,250,85
2005,3,3,6,-9.6,932.3,9,230,86
2005,3,3,9,-9,932.8,NA,NA,86
2005,3,3,12,-9.9,933,NA,NA,86
2005,3,3,15,-10.2,933,NA,NA,85
2005,3,3,18,-9.8,933.3,NA,NA,85
2005,3,3,21,-10.1,933.5,NA,NA,85
2005,3,4,0,-9,933.6,NA,NA,86
2005,3,4,3,-9,932.8,NA,NA,86
2005,3,4,6,-8.4,932.2,NA,NA,87
2005,3,4,9,-8.9,931.6,NA,NA,86
2005,3,4,12,-8.7,930.9,NA,NA,87
2005,3,4,15,-9.1,929.7,NA,NA,86
2005,3,4,18,-10.2,928.7,NA,NA,86
2005,3,4,21,-11.1,928.3,NA,NA,85
2005,3,5,0,-12.1,926.2,NA,NA,84
2005,3,5,3,-13,924.9,16,230,83
2005,3,5,6,-13.9,925.3,14,240,82
2005,3,5,9,-14.9,925.7,NA,240,81
2005,3,5,12,-14.1,925.8,10,230,81
2005,3,5,15,-14.9,925.4,10,240,81
2005,3,5,18,-14.4,925.1,9,240,81
2005,3,5,21,-13.9,925.4,NA,240,81
2005,3,6,0,-12.7,925.1,5,210,83
2005,3,6,3,-13.2,925,7,220,82
2005,3,6,6,-13.9,925.1,8,230,82
2005,3,6,9,-14.6,925.6,NA,NA,81
2005,3,6,12,-14.9,925.7,NA,NA,80
2005,3,6,15,-15.2,925.7,NA,NA,80
2005,3,6,18,-15.3,926.3,NA,NA,80
2005,3,6,21,-15.3,927.3,7,240,80
2005,3,7,0,-15.1,927,7,240,80
2005,3,7,3,-15.5,926.9,11,220,80
2005,3,7,6,-16.3,926.1,NA,230,79
2005,3,7,9,-16.4,926.6,NA,240,79
2005,3,7,12,-16.3,926.2,NA,230,79
2005,3,7,15,-15.5,927.5,NA,250,68
2005,3,7,18,-15.6,927.4,NA,240,72
2005,3,7,21,-16,927.7,NA,240,75
2005,3,8,0,-15.9,927.2,35,250,78
2005,3,8,3,-15,928.2,NA,240,71
2005,3,8,6,-14.8,927.8,NA,230,80
2005,3,8,9,-14.3,927.9,NA,240,81
2005,3,8,12,-14.1,927.5,NA,240,81
2005,3,8,15,-13.8,926.8,13,230,81
2005,3,8,18,-13.8,926.9,12,240,82
2005,3,8,21,-13.9,926.7,16,230,81
2005,3,9,0,-13.6,926.9,16,220,82
2005,3,9,3,-14.4,927.4,15,NA,81
2005,3,9,6,-14.8,928.2,15,NA,80
2005,3,9,9,-14.9,929.1,12,NA,80
2005,3,9,12,-15.2,929.5,NA,240,80
2005,3,9,15,-15.2,929.5,NA,240,80
2005,3,9,18,-15.2,929.5,NA,280,80
2005,3,9,21,-13.9,929.3,NA,80,81
2005,3,10,0,-14.4,929.5,2,280,81
2005,3,10,3,-13.9,928.9,NA,270,82
2005,3,10,6,-13.2,928.1,3,260,83
2005,3,10,9,-14.6,927,1,260,81
2005,3,10,12,-14.7,925.5,NA,230,81
2005,3,10,15,-14.8,924.4,NA,250,81
2005,3,10,18,-14.7,923.3,NA,240,81
2005,3,10,21,-14.9,922.4,NA,240,80
2005,3,11,0,NA,922.3,NA,240,79
2005,3,11,3,-16.3,920.7,NA,230,78
2005,3,11,6,-15.8,920.9,NA,230,79
2005,3,11,9,-15.7,922.3,NA,240,79
2005,3,11,12,-16.2,922.7,NA,250,79
2005,3,11,15,-15.9,923.1,NA,250,79
2005,3,11,18,-15.5,922.9,NA,250,80
2005,3,11,21,-15.3,922.3,NA,220,80
2005,3,12,0,-15.4,921.8,10,210,80
2005,3,12,3,-15.2,920,NA,230,80
2005,3,12,6,-15.9,917.9,NA,10,79
2005,3,12,9,-15,915.3,3,70,80
2005,3,12,12,-14.3,912.7,2,70,81
2005,3,12,15,-13.6,910.5,3,330,82
2005,3,12,18,-13.8,908.6,3,250,81
2005,3,12,21,-14.1,907.7,NA,320,81
2005,3,13,0,-14.6,907.1,NA,250,81
2005,3,13,3,-14,907,NA,250,81
2005,3,13,6,-14.2,906.5,NA,230,81
2005,3,13,9,-16.1,907,NA,230,79
2005,3,13,12,-17.5,907.7,NA,NA,78
2005,3,13,15,-17.6,909.1,33,NA,77
2005,3,13,18,-17.5,910.9,NA,NA,71
2005,3,13,21,-16.7,912.1,NA,230,76
2005,3,14,0,-15.5,911.9,NA,230,NA
2005,3,14,3,-15.3,913.7,29,240,80
2005,3,14,6,-15.2,914.8,29,240,80
2005,3,14,9,-14.9,916.3,NA,250,80
2005,3,14,12,-14.8,918,NA,260,80
2005,3,14,15,-14.9,918.4,NA,260,80
2005,3,14,18,-14.7,918.2,NA,260,80
2005,3,14,21,-15,917.6,12,270,80
2005,3,15,0,-14.9,917,13,260,80
2005,3,15,3,-15.1,916.5,14,250,80
2005,3,15,6,-15.1,915.7,NA,280,80
2005,3,15,9,-15.1,915.3,NA,240,80
2005,3,15,12,-15.4,915,8,260,80
2005,3,15,15,-14.9,914.2,5,260,80
2005,3,15,18,-13.8,913.2,NA,0,81
2005,3,15,21,-13.2,912.3,1,160,82
2005,3,16,0,-12.7,912.6,1,230,83
2005,3,16,3,-13.8,913,1,160,82
2005,3,16,6,-13.7,913.1,NA,NA,82
2005,3,16,9,-13.6,913.4,1,130,82
2005,3,16,12,-13.8,913.7,NA,NA,82
2005,3,16,15,-14,914.1,1,270,81
2005,3,16,18,-15.4,914.3,NA,230,80
2005,3,16,21,-15.8,915.5,NA,250,80
2005,3,17,0,-16.2,916.2,NA,240,NA
2005,3,17,3,-17,917.1,NA,230,78
2005,3,17,6,-17.4,919.2,NA,NA,78
2005,3,17,9,-17.5,920.2,28,NA,78
2005,3,17,12,-17.4,921.9,NA,NA,78
2005,3,17,15,-17.2,923.5,NA,NA,78
2005,3,17,18,-17,925.2,20,240,78
2005,3,17,21,-17.1,926.1,NA,250,78
2005,3,18,0,-16.8,926.5,NA,260,78
2005,3,18,3,-16.7,926.2,NA,290,78
2005,3,18,6,-15.5,925.3,NA,70,80
2005,3,18,9,-15.1,924.3,NA,20,80
2005,3,18,12,-14.5,922.7,NA,40,80
2005,3,18,15,-12,922.2,NA,320,83
2005,3,18,18,NA,922.4,NA,240,79
2005,3,18,21,NA,923.8,NA,220,77
2005,3,19,0,-18.7,925,NA,210,76
2005,3,19,3,-19,926.3,NA,210,76
2005,3,19,6,-19.9,926.9,NA,250,75
2005,3,19,9,-20.4,926,NA,20,75
2005,3,19,12,-18.2,923.1,NA,60,76
2005,3,19,15,-16.8,920.1,NA,130,78
2005,3,19,18,-18.5,918.7,NA,260,77
2005,3,19,21,-17.6,918.4,NA,250,77
2005,3,20,0,-17.3,917.9,NA,240,78
2005,3,20,3,-18.2,917.7,NA,240,77
2005,3,20,6,-18.4,918.9,NA,230,77
2005,3,20,9,-19.8,918.6,NA,240,75
2005,3,20,12,-20.5,919.3,NA,240,74
2005,3,20,15,-20.5,918.6,NA,30,74
2005,3,20,18,-19.1,916.9,NA,360,75
2005,3,20,21,-19.3,915.5,NA,30,75
2005,3,21,0,-16.6,915.4,NA,30,80
2005,3,21,3,-16.4,914.2,2,170,78
2005,3,21,6,-16.8,912.9,3,130,78
2005,3,21,9,-18,911.6,NA,260,78
2005,3,21,12,-19.6,911.3,NA,280,75
2005,3,21,15,-19.7,910.1,NA,250,75
2005,3,21,18,-15.2,908.3,NA,240,79
2005,3,21,21,NA,905.9,NA,240,68
2005,3,22,0,-15.1,907.5,NA,240,80
2005,3,22,3,-15,907.9,NA,230,80
2005,3,22,6,-15.1,905.8,NA,230,80
2005,3,22,9,-14.8,906,NA,240,80
2005,3,22,12,-14.4,906.7,59,NA,79
2005,3,22,15,-13.5,908.9,NA,NA,78
2005,3,22,18,-13.5,911.8,NA,NA,57
2005,3,22,21,-15.4,911.9,NA,230,78
2005,3,23,0,-15.4,911.7,NA,220,79
2005,3,23,3,-16.4,911.8,NA,210,78
2005,3,23,6,-15.8,911.6,NA,240,79
2005,3,23,9,-15.4,912.5,NA,240,75
2005,3,23,12,-15.2,912.6,NA,250,61
2005,3,23,15,-14.9,912.2,NA,240,67
2005,3,23,18,-16.9,913.4,NA,240,78
2005,3,23,21,-16.8,914.7,NA,230,75
2005,3,24,0,-16.1,916.4,NA,230,70
2005,3,24,3,-16.3,917.1,NA,230,74
2005,3,24,6,-15.9,916.6,NA,240,71
2005,3,24,9,-16.4,919,NA,240,70
2005,3,24,12,-16.8,919.5,NA,240,77
2005,3,24,15,-16.8,919.2,NA,NA,77
2005,3,24,18,-17.1,921.1,NA,NA,78
2005,3,24,21,-16.9,922.5,44,250,78
2005,3,25,0,-17.1,922.6,44,NA,78
2005,3,25,3,-17.3,924.8,45,NA,78
2005,3,25,6,-17.4,926,NA,230,77
2005,3,25,9,-17,926.8,NA,240,74
2005,3,25,12,-17.1,926.4,NA,230,74
2005,3,25,15,-17.2,926.3,33,NA,77
2005,3,25,18,-17.5,925.3,NA,NA,77
2005,3,25,21,-18.1,925.3,34,NA,77
2005,3,26,0,-18.3,925.5,NA,NA,76
2005,3,26,3,-18.9,926.9,NA,NA,76
2005,3,26,6,-18.8,928,NA,NA,76
2005,3,26,9,-19.5,928.4,NA,250,75
2005,3,26,12,-20.1,928.8,NA,270,74
2005,3,26,15,-19.8,928.8,NA,260,75
2005,3,26,18,-20,928.9,7,230,74
2005,3,26,21,-20.6,929.6,NA,220,74
2005,3,27,0,-20.6,930.5,NA,260,74
2005,3,27,3,-20.3,930.6,NA,290,74
2005,3,27,6,-20.9,930.5,5,260,73
2005,3,27,9,-20.9,930.6,5,250,73
2005,3,27,12,-21.1,930.5,4,260,73
2005,3,27,15,-20.6,930.4,1,310,73
2005,3,27,18,-21.3,930.7,NA,260,73
2005,3,27,21,-21.1,931.1,4,270,73
2005,3,28,0,-20.7,930.8,6,280,73
2005,3,28,3,-20.8,931,NA,290,73
2005,3,28,6,-22.2,930.9,4,270,72
2005,3,28,9,-21,930.9,NA,NA,73
2005,3,28,12,-21,930.6,1,360,73
2005,3,28,15,-21.2,930.2,NA,NA,73
2005,3,28,18,-21.7,930,1,330,73
2005,3,28,21,-20.9,929.6,2,320,73
2005,3,29,0,-19.6,929.2,NA,NA,75
2005,3,29,3,-20.1,928.7,NA,260,74
2005,3,29,6,-20.3,927.9,NA,260,74
2005,3,29,9,-21.3,927.3,NA,260,73
2005,3,29,12,-20.5,926.8,8,250,74
2005,3,29,15,-20.4,926.2,NA,240,74
2005,3,29,18,-21,925.9,NA,230,73
2005,3,29,21,-21.3,925.4,NA,240,73
2005,3,30,0,-22.2,925,NA,250,72
2005,3,30,3,-23,923.6,NA,270,71
2005,3,30,6,-22.6,922.3,NA,360,71
2005,3,30,9,-23.6,920.9,1,280,70
2005,3,30,12,-23,920.2,3,230,70
2005,3,30,15,-22.8,918.8,NA,250,71
2005,3,30,18,-22.4,918.1,NA,240,71
2005,3,30,21,-21.6,917.7,13,250,73
2005,3,31,0,-21.2,917.3,NA,240,73
2005,3,31,3,-20.7,916.4,16,240,73
2005,3,31,6,-19.7,916.7,16,240,74
2005,3,31,9,-19.7,917.5,NA,260,75
2005,3,31,12,-20,918.1,NA,260,74
2005,3,31,15,-19.1,918.4,10,230,75
2005,3,31,18,-19.5,918.7,13,240,75
2005,3,31,21,-19.4,919.2,12,240,75
2005,4,1,0,-19.5,920.1,12,240,75
2005,4,1,3,-19.7,920.1,NA,230,75
2005,4,1,6,-20.1,920,NA,240,74
2005,4,1,9,-19.5,920.8,NA,210,74
2005,4,1,12,-19.6,920.5,NA,350,75
2005,4,1,15,-20.5,920.1,1,350,74
2005,4,1,18,-21,919.6,NA,NA,73
2005,4,1,21,-21,919.7,NA,NA,73
2005,4,2,0,-21.1,919.5,NA,NA,73
2005,4,2,3,-21.3,918.7,NA,NA,73
2005,4,2,6,-22.2,918,NA,NA,72
2005,4,2,9,-22.7,917.4,NA,NA,72
2005,4,2,12,-22.3,916.6,1,10,71
2005,4,2,15,-21.7,915.3,2,20,72
2005,4,2,18,-22.2,914.4,1,360,72
2005,4,2,21,-22,913.9,NA,NA,72
2005,4,3,0,-21.1,913.6,NA,NA,73
2005,4,3,3,-21.7,913.1,1,270,72
2005,4,3,6,-23.6,913.2,NA,NA,70
2005,4,3,9,NA,913.3,NA,NA,69
2005,4,3,12,-24.1,913.9,NA,NA,68
2005,4,3,15,-24,914.3,NA,NA,69
2005,4,3,18,-24.2,915.1,NA,NA,69
2005,4,3,21,-24.6,915.9,1,260,69
2005,4,4,0,-24.1,916.1,NA,NA,69
2005,4,4,3,-23.3,916.6,4,NA,70
2005,4,4,6,-23.8,917,4,250,69
2005,4,4,9,-23.4,916.4,7,260,70
2005,4,4,12,-23,915.2,NA,250,70
2005,4,4,15,-22.8,912.7,NA,240,71
2005,4,4,18,-22.8,913.1,NA,220,71
2005,4,4,21,-23.3,912,NA,270,70
2005,4,5,0,-21.2,910.2,NA,0,71
2005,4,5,3,-21.4,908.6,NA,20,73
2005,4,5,6,-20.6,907.2,NA,10,74
2005,4,5,9,-20.4,905.5,NA,330,73
2005,4,5,12,-20.2,903.7,3,330,71
2005,4,5,15,-20.7,902.1,NA,260,67
2005,4,5,18,-21.8,902.4,NA,260,64
2005,4,5,21,-21,903.8,NA,240,64
2005,4,6,0,-19,905.1,NA,0,56
2005,4,6,3,-22,906.5,NA,260,54
2005,4,6,6,-20.6,907.5,NA,340,42
2005,4,6,9,-21,908.5,6,200,36
2005,4,6,12,-21,908.3,NA,110,40
2005,4,6,15,-20.5,908,3,260,34
2005,4,6,18,-20.6,908.5,NA,0,30
2005,4,6,21,-20.9,909.3,NA,240,29
2005,4,7,0,-20.2,911.5,NA,220,32
2005,4,7,3,-20.8,912.1,NA,240,69
2005,4,7,6,-19.6,912.7,NA,240,69
2005,4,7,9,-19.2,912,NA,230,64
2005,4,7,12,-20,913,NA,230,70
2005,4,7,15,-18.8,913.5,NA,240,72
2005,4,7,18,-19.9,913.4,NA,230,63
2005,4,7,21,-20.5,914.5,NA,230,73
2005,4,8,0,-21.3,914.6,NA,240,72
2005,4,8,3,-22.6,913.2,NA,240,71
2005,4,8,6,-22.7,915.8,NA,230,70
2005,4,8,9,-22.8,915.8,NA,220,71
2005,4,8,12,-23.3,914.2,NA,260,70
2005,4,8,15,-23.8,912.7,4,270,69
2005,4,8,18,-23.7,911,NA,260,69
2005,4,8,21,-24.2,909.3,1,10,69
2005,4,9,0,-23.7,907.7,2,80,70
2005,4,9,3,-23.7,906.5,2,80,70
2005,4,9,6,-22.2,906.4,5,30,71
2005,4,9,9,-24.9,907.1,NA,270,69
2005,4,9,12,-24.5,907.8,NA,250,68
2005,4,9,15,-23.2,908.9,NA,250,70
2005,4,9,18,-24,910.3,14,240,69
2005,4,9,21,-24.7,911.6,NA,250,68
2005,4,10,0,-25.1,912,NA,260,68
2005,4,10,3,-23.5,911.7,NA,50,70
2005,4,10,6,-23.8,911.4,NA,0,69
2005,4,10,9,-24.7,911.6,2,270,68
2005,4,10,12,-24.1,911.1,3,280,69
2005,4,10,15,-24.7,910.8,4,260,68
2005,4,10,18,-24,910,NA,NA,68
2005,4,10,21,-22.9,909.1,1,340,59
2005,4,11,0,-21.5,908,NA,10,40
2005,4,11,3,-21.9,907.3,NA,30,35
2005,4,11,6,-21.6,908,NA,260,33
2005,4,11,9,-22.4,909.9,4,240,37
2005,4,11,12,-21.2,912.3,NA,240,39
2005,4,11,15,-22.3,914.9,NA,260,38
2005,4,11,18,-24.8,916.1,NA,240,67
2005,4,11,21,-23,918.2,NA,240,69
2005,4,12,0,-23.4,918,NA,350,69
2005,4,12,3,-23.8,917,NA,360,69
2005,4,12,6,-23.2,915.7,NA,10,69
2005,4,12,9,-22.9,914.5,3,260,65
2005,4,12,12,-21.4,913,1,10,54
2005,4,12,15,-23.8,911.8,4,30,51
2005,4,12,18,-22.4,910.8,2,260,50
2005,4,12,21,-23.2,910.2,NA,NA,45
2005,4,13,0,-23.3,909.9,NA,NA,47
2005,4,13,3,-22.7,910.1,NA,NA,53
2005,4,13,6,-23.5,910.7,NA,30,68
2005,4,13,9,-23.7,911.7,NA,20,69
2005,4,13,12,-23.5,912.4,7,30,69
2005,4,13,15,-23.6,912.9,6,50,69
2005,4,13,18,-23.5,912.8,NA,60,69
2005,4,13,21,-24.2,913.6,NA,0,69
2005,4,14,0,-23.9,913.8,1,300,69
2005,4,14,3,-22.8,912.7,1,20,68
2005,4,14,6,-24.1,912.8,2,250,70
2005,4,14,9,-23.9,912.9,5,230,69
2005,4,14,12,-27.8,912.1,NA,240,64
2005,4,14,15,-26.3,913.1,NA,250,66
2005,4,14,18,NA,915.5,NA,230,70
2005,4,14,21,NA,917.2,13,240,49
2005,4,15,0,-19.2,918.9,10,230,NA
2005,4,15,3,-17.4,920.3,NA,250,40
2005,4,15,6,-16.2,921.1,6,340,36
2005,4,15,9,-17,920.6,NA,340,35
2005,4,15,12,-15.7,919.3,NA,250,33
2005,4,15,15,-16.9,918.7,NA,230,36
2005,4,15,18,-17.2,918.4,NA,0,35
2005,4,15,21,-17.3,917.9,NA,30,37
2005,4,16,0,-17.2,916.5,NA,60,37
2005,4,16,3,-16.2,915.1,3,20,34
2005,4,16,6,-17.5,913.9,4,260,39
2005,4,16,9,-17.3,913.5,NA,NA,34
2005,4,16,12,-19.3,913.6,2,210,49
2005,4,16,15,-21.4,913.8,NA,260,45
2005,4,16,18,NA,914.1,NA,270,67
2005,4,16,21,-23.9,915.3,NA,260,68
2005,4,17,0,-23,915.9,4,240,69
2005,4,17,3,-22.6,916.8,5,230,70
2005,4,17,6,-22.7,918.4,4,250,70
2005,4,17,9,-24.8,919.6,5,250,68
2005,4,17,12,-26.1,921.2,6,230,66
2005,4,17,15,-26.4,923.1,6,230,65
2005,4,17,18,-26.9,924.3,8,220,65
2005,4,17,21,-27.6,925.1,10,220,64
2005,4,18,0,-27.8,926.7,9,230,63
2005,4,18,3,-27.8,927.8,NA,230,63
2005,4,18,6,-28.9,927.9,NA,NA,62
2005,4,18,9,-29.6,927.7,4,NA,61
2005,4,18,12,-29.6,927.3,1,250,61
2005,4,18,15,-28.2,926.6,NA,NA,63
2005,4,18,18,-28.4,925.9,1,290,62
2005,4,18,21,-28.3,925.5,NA,NA,62
2005,4,19,0,-27.8,924.7,NA,NA,63
2005,4,19,3,-27.9,925.4,NA,NA,63
2005,4,19,6,-28.9,925.9,NA,NA,62
2005,4,19,9,-24.1,926,NA,NA,67
2005,4,19,12,-25.3,925.7,NA,NA,68
2005,4,19,15,-22.4,927.5,NA,NA,70
2005,4,19,18,-21.9,928.2,7,30,55
2005,4,19,21,-21.2,928.8,NA,20,54
2005,4,20,0,-21,929.8,NA,30,61
2005,4,20,3,-21.5,930.7,NA,360,71
2005,4,20,6,-23.5,932,NA,250,69
2005,4,20,9,-25.3,933.2,NA,260,68
2005,4,20,12,-25.8,933.8,NA,240,66
2005,4,20,15,-25.9,935.1,8,230,66
2005,4,20,18,-26.7,935.8,10,230,65
2005,4,20,21,-27,936.4,NA,230,64
2005,4,21,0,-26.7,937,NA,0,65
2005,4,21,3,-26.5,936.3,1,140,65
2005,4,21,6,-27.7,935.5,2,220,64
2005,4,21,9,-27.5,934.5,3,220,64
2005,4,21,12,-27.5,933.1,2,230,64
2005,4,21,15,-27.7,931.1,6,240,64
2005,4,21,18,-27.6,929.3,NA,NA,63
2005,4,21,21,-27.6,927.4,NA,NA,63
2005,4,22,0,-27.7,925,NA,NA,64
2005,4,22,3,-27.7,922.3,NA,230,63
2005,4,22,6,-27.8,921.4,NA,240,63
2005,4,22,9,-27.5,919.6,NA,230,63
2005,4,22,12,-27.1,916,NA,230,64
2005,4,22,15,-27.5,914.2,NA,NA,64
2005,4,22,18,-27.1,913.6,NA,NA,64
2005,4,22,21,-26.9,914,59,NA,64
2005,4,23,0,-26.4,914.1,59,240,65
2005,4,23,3,-25.6,913.3,59,NA,66
2005,4,23,6,-24.5,913.2,57,NA,67
2005,4,23,9,-23.9,915.1,NA,NA,67
2005,4,23,12,-23.6,915.2,54,NA,67
2005,4,23,15,-23.6,916.8,NA,250,68
2005,4,23,18,-24.2,917,NA,240,68
2005,4,23,21,-23.6,921.6,NA,230,68
2005,4,24,0,-24,922.1,NA,220,68
2005,4,24,3,-24.7,921.8,NA,250,68
2005,4,24,6,-24.8,922.5,NA,360,67
2005,4,24,9,-25.8,922.1,NA,110,67
2005,4,24,12,-26.4,921.6,5,60,65
2005,4,24,15,-26.9,920.6,NA,70,65
2005,4,24,18,-27.1,918.8,8,50,64
2005,4,24,21,-26,917.9,11,30,66
2005,4,25,0,-26.4,918.9,NA,230,66
2005,4,25,3,-26.9,918.5,NA,60,65
2005,4,25,6,-26.9,918.4,NA,50,65
2005,4,25,9,-25.8,918.6,6,40,66
2005,4,25,12,-26.1,919.2,6,40,66
2005,4,25,15,-25.5,920.6,4,30,67
2005,4,25,18,-26.1,922.2,NA,340,66
2005,4,25,21,-26.3,923.8,NA,NA,66
2005,4,26,0,NA,925.2,1,280,72
2005,4,26,3,NA,925.6,1,320,71
2005,4,26,6,-22.9,925.7,NA,NA,66
2005,4,26,9,-21.1,925.4,3,10,64
2005,4,26,12,-22.5,925.2,NA,10,63
2005,4,26,15,-24.8,925.5,NA,10,64
2005,4,26,18,-23.3,925.8,NA,50,70
2005,4,26,21,-23,927.1,NA,50,70
2005,4,27,0,-23.2,928,NA,NA,70
2005,4,27,3,-23.6,929.1,NA,NA,69
2005,4,27,6,-24.7,930,NA,NA,68
2005,4,27,9,-24.5,931,NA,NA,68
2005,4,27,12,-24.7,932.1,NA,NA,68
2005,4,27,15,-24.5,933.1,NA,NA,68
2005,4,27,18,-25.8,933.8,NA,NA,66
2005,4,27,21,-24.9,934.1,NA,NA,67
2005,4,28,0,-25.5,933.9,NA,NA,67
2005,4,28,3,-25.8,933.8,3,250,66
2005,4,28,6,-25.3,933.5,NA,NA,67
2005,4,28,9,-25.9,933.1,1,260,66
2005,4,28,12,-25.8,932.3,2,10,66
2005,4,28,15,-26.1,931.7,NA,NA,66
2005,4,28,18,-26.6,931.5,NA,NA,66
2005,4,28,21,NA,930.8,3,260,64
2005,4,29,0,-27.5,929.7,NA,230,64
2005,4,29,3,-26.7,926.9,NA,240,65
2005,4,29,6,-26.2,926.5,NA,240,65
2005,4,29,9,-25.7,929.2,NA,230,65
2005,4,29,12,-26,930.4,NA,230,60
2005,4,29,15,-25.6,929,NA,230,56
2005,4,29,18,-24.3,930.2,NA,220,45
2005,4,29,21,-24.4,929.3,NA,230,47
2005,4,30,0,-23,928.4,NA,240,45
2005,4,30,3,-22.7,926.5,NA,230,48
2005,4,30,6,-25.6,924,NA,240,66
2005,4,30,9,-25.2,921,25,240,66
2005,4,30,12,-24.7,920.7,NA,230,67
2005,4,30,15,-22.1,919.9,NA,20,45
2005,4,30,18,-21.5,918.2,NA,360,41
2005,4,30,21,-21.6,917.9,NA,20,39
2005,5,1,0,-23,917,NA,250,37
2005,5,1,3,-23.5,916.7,NA,0,39
2005,5,1,6,NA,915.9,NA,270,35
2005,5,1,9,-20.1,915.7,NA,10,27
2005,5,1,12,-21.8,914.9,NA,20,30
2005,5,1,15,-22.6,914.2,7,30,35
2005,5,1,18,-22.5,913.7,NA,20,32
2005,5,1,21,-25.2,913.7,NA,0,48
2005,5,2,0,-25.5,913,1,170,66
2005,5,2,3,-25.1,912,NA,20,67
2005,5,2,6,-23.6,911.1,NA,40,68
2005,5,2,9,-21,909.7,NA,30,69
2005,5,2,12,NA,908.2,1,20,48
2005,5,2,15,NA,907,NA,10,15
2005,5,2,18,-14.5,905.2,NA,10,12
2005,5,2,21,-13.7,904.5,7,280,12
2005,5,3,0,-10.8,904.5,5,350,12
2005,5,3,3,-11.6,905.4,7,10,12
2005,5,3,6,NA,906.1,NA,270,21
2005,5,3,9,NA,908,NA,230,58
2005,5,3,12,-21.2,907,NA,230,70
2005,5,3,15,-20.1,905.1,NA,240,58
2005,5,3,18,-21.5,908,NA,NA,71
2005,5,3,21,-22.3,912.5,NA,NA,70
2005,5,4,0,-21.4,913.9,NA,NA,71
2005,5,4,3,-21.5,915.5,NA,240,71
2005,5,4,6,-23.1,916,NA,NA,70
2005,5,4,9,-23.6,916.4,NA,NA,69
2005,5,4,12,-24.7,915.7,NA,NA,67
2005,5,4,15,-24.8,914.3,NA,220,67
2005,5,4,18,-25,914.6,NA,250,67
2005,5,4,21,-24.3,913.7,NA,230,68
2005,5,5,0,-26,914.6,NA,240,64
2005,5,5,3,-25.7,916.9,NA,230,66
2005,5,5,6,-23.1,916.9,NA,70,64
2005,5,5,9,-24.3,915.8,NA,320,51
2005,5,5,12,-23.8,913.9,NA,30,56
2005,5,5,15,-25.3,911.7,NA,250,49
2005,5,5,18,-22.8,910.4,NA,340,44
2005,5,5,21,-23.9,909.5,NA,360,56
2005,5,6,0,-25.6,908.5,5,250,67
2005,5,6,3,-25.7,907.7,NA,240,65
2005,5,6,6,-23.8,907.3,NA,0,54
2005,5,6,9,-23.3,907.8,NA,0,46
2005,5,6,12,-22.2,908.8,2,20,39
2005,5,6,15,-20.2,909.6,3,300,27
2005,5,6,18,-19.1,909.7,NA,270,26
2005,5,6,21,-18.1,910.6,NA,240,38
2005,5,7,0,-19.2,909.9,NA,260,59
2005,5,7,3,-19.3,911.4,NA,230,64
2005,5,7,6,-20.7,912.4,NA,230,71
2005,5,7,9,-20,913,NA,250,72
2005,5,7,12,-20.1,913.5,NA,220,61
2005,5,7,15,-19.4,912.4,NA,240,55
2005,5,7,18,-19,911.8,NA,230,56
2005,5,7,21,-18.4,911.2,12,220,66
2005,5,8,0,-18,908.8,NA,230,68
2005,5,8,3,-17.9,908.5,NA,240,NA
2005,5,8,6,-19.4,908.7,NA,240,73
2005,5,8,9,-19.6,907.6,NA,230,73
2005,5,8,12,-20.1,908.8,NA,230,73
2005,5,8,15,-20.2,910.9,NA,240,73
2005,5,8,18,-19.9,910.1,NA,240,73
2005,5,8,21,-19.5,909.8,NA,230,73
2005,5,9,0,-19.2,908.8,NA,240,67
2005,5,9,3,-18.7,906.5,NA,250,74
2005,5,9,6,-18.7,910.3,NA,230,75
2005,5,9,9,-18.2,909.7,NA,240,75
2005,5,9,12,-17.5,911.5,NA,240,71
2005,5,9,15,-16.9,915,NA,240,75
2005,5,9,18,-16.6,915.7,NA,230,66
2005,5,9,21,-15.7,916.7,NA,240,63
2005,5,10,0,-14.3,916,NA,240,59
2005,5,10,3,-16.3,917.1,NA,230,66
2005,5,10,6,-16.2,918.2,NA,240,77
2005,5,10,9,-14.5,917.7,NA,230,62
2005,5,10,12,-19.1,917.3,NA,240,71
2005,5,10,15,-17.1,915.8,NA,230,71
2005,5,10,18,-17.7,914.9,NA,230,76
2005,5,10,21,-17.4,915.9,NA,240,69
2005,5,11,0,-17.2,919,NA,230,72
2005,5,11,3,-14.7,917.7,NA,240,73
2005,5,11,6,-14.6,915.6,NA,240,62
2005,5,11,9,-17.3,919.7,NA,210,77
2005,5,11,12,-15.2,918.3,NA,250,78
2005,5,11,15,-14.4,918.3,NA,0,49
2005,5,11,18,-18.2,918.7,NA,0,75
2005,5,11,21,-19.1,918.5,NA,230,75
2005,5,12,0,-20.1,918.6,NA,240,71
2005,5,12,3,-20.9,920.3,NA,230,70
2005,5,12,6,-20.9,921.5,NA,250,73
2005,5,12,9,-19.8,922.8,NA,10,67
2005,5,12,12,-20.6,923.3,NA,120,65
2005,5,12,15,-21.2,924.3,NA,0,72
2005,5,12,18,-22.6,924.7,NA,250,70
2005,5,12,21,-22.3,926,NA,280,70
2005,5,13,0,-21.6,926.6,NA,270,71
2005,5,13,3,-21.6,926.8,NA,NA,71
2005,5,13,6,-19.3,926.8,NA,260,69
2005,5,13,9,-19.1,927.6,3,230,51
2005,5,13,12,-18.8,928,NA,240,52
2005,5,13,15,-18.8,927.9,NA,160,52
2005,5,13,18,-20.4,927.5,NA,260,47
2005,5,13,21,-20.7,927.5,4,20,49
2005,5,14,0,-19.5,928.1,NA,20,50
2005,5,14,3,-20.9,929.5,NA,70,53
2005,5,14,6,-20.7,930.3,NA,320,66
2005,5,14,9,-23.6,931.6,NA,250,68
2005,5,14,12,-22.6,933.6,NA,240,69
2005,5,14,15,-23.1,934.1,NA,230,69
2005,5,14,18,-24,933.9,NA,220,68
2005,5,14,21,-24.7,934.7,12,230,67
2005,5,15,0,-24.9,934.1,14,240,67
2005,5,15,3,-25,934,11,230,67
2005,5,15,6,-25.3,934.1,11,230,66
2005,5,15,9,-25.8,934.6,NA,250,66
2005,5,15,12,-25.6,934.8,8,230,66
2005,5,15,15,-27.1,933.7,10,240,64
2005,5,15,18,-27.2,932.5,11,240,64
2005,5,15,21,-27.4,933,NA,250,63
2005,5,16,0,-26.9,932.2,NA,0,64
2005,5,16,3,-25.8,930.5,1,10,65
2005,5,16,6,-23.5,928.1,1,340,66
2005,5,16,9,-22,925.4,4,320,50
2005,5,16,12,-20.2,922.1,NA,350,26
2005,5,16,15,-20.6,920.1,NA,280,28
2005,5,16,18,NA,919.8,NA,230,60
2005,5,16,21,-24.5,919.7,NA,350,53
2005,5,17,0,-22.6,918.9,NA,240,30
2005,5,17,3,-22.1,918.1,2,150,29
2005,5,17,6,-21.2,916.9,NA,240,30
2005,5,17,9,-21.1,916.5,NA,240,30
2005,5,17,12,-19.3,916.7,NA,0,28
2005,5,17,15,-18.7,915.6,NA,30,29
2005,5,17,18,-18.1,915.6,NA,310,26
2005,5,17,21,-18.2,915.3,NA,290,25
2005,5,18,0,-18.5,915.4,4,250,25
2005,5,18,3,-17.9,915.6,NA,250,27
2005,5,18,6,-17.9,916.7,NA,260,32
2005,5,18,9,NA,916.9,NA,270,30
2005,5,18,12,-15.3,917.2,NA,250,29
2005,5,18,15,-15.6,916.3,NA,240,30
2005,5,18,18,-13.5,915.3,NA,250,64
2005,5,18,21,-15.8,916.7,NA,240,78
2005,5,19,0,-15.7,921.2,NA,240,78
2005,5,19,3,-16.4,923.5,NA,230,77
2005,5,19,6,-16.6,924.7,NA,230,77
2005,5,19,9,-16.4,924.2,NA,20,72
2005,5,19,12,-16.2,922.7,NA,10,62
2005,5,19,15,-16.3,920.8,NA,250,58
2005,5,19,18,-18.8,919,NA,40,44
2005,5,19,21,-19.5,917.8,NA,260,58
2005,5,20,0,-21,917.8,6,270,73
2005,5,20,3,-19.6,916.8,NA,250,73
2005,5,20,6,-19.3,916,NA,260,74
2005,5,20,9,-20.2,916.4,NA,260,73
2005,5,20,12,-20.1,916.1,NA,180,73
2005,5,20,15,-21.8,915.4,NA,260,71
2005,5,20,18,-22.3,914.6,NA,20,70
2005,5,20,21,-22.6,914.2,4,30,70
2005,5,21,0,-23,913.1,NA,30,69
2005,5,21,3,-23.4,912.2,8,20,69
2005,5,21,6,-24.1,911.2,7,360,68
2005,5,21,9,-24.6,909.2,NA,360,67
2005,5,21,12,NA,908.5,NA,30,74
2005,5,21,15,NA,906.8,NA,10,55
2005,5,21,18,-14.7,905.1,NA,240,20
2005,5,21,21,-17.6,906.6,NA,230,35
2005,5,22,0,NA,909.4,NA,250,62
2005,5,22,3,NA,914,NA,240,68
2005,5,22,6,-24,916.5,NA,220,68
2005,5,22,9,-24.2,917.8,25,240,67
2005,5,22,12,-25,919,NA,230,61
2005,5,22,15,-25.3,920.7,NA,230,65
2005,5,22,18,-25.2,922.9,NA,220,60
2005,5,22,21,-25.6,924.9,NA,240,65
2005,5,23,0,-25,927.1,NA,230,66
2005,5,23,3,-25.4,927.9,NA,220,66
2005,5,23,6,-26.5,928.7,14,210,65
2005,5,23,9,-27.2,928,NA,230,64
2005,5,23,12,-27.8,927.4,NA,230,63
2005,5,23,15,-27.8,925.8,NA,NA,63
2005,5,23,18,-27.6,924.2,NA,NA,63
2005,5,23,21,-28.1,922.6,NA,NA,62
2005,5,24,0,-28.8,924.3,45,230,61
2005,5,24,3,-28.8,923.4,48,240,61
2005,5,24,6,-28.5,921.8,NA,230,62
2005,5,24,9,-27.8,920.2,NA,NA,62
2005,5,24,12,-28.1,917.9,NA,NA,62
2005,5,24,15,-28.2,914.5,NA,NA,62
2005,5,24,18,-27.8,916.4,NA,NA,62
2005,5,24,21,-27.8,916,NA,NA,62
2005,5,25,0,-27.5,914.4,NA,NA,63
2005,5,25,3,-28,910.2,NA,NA,62
2005,5,25,6,-28.1,909.8,NA,NA,63
2005,5,25,9,-26.8,903.2,1,250,64
2005,5,25,12,-26.9,906.2,NA,NA,63
2005,5,25,15,-25.6,906.4,NA,NA,66
2005,5,25,18,-23.6,906.5,NA,NA,66
2005,5,25,21,-22.6,909.9,NA,NA,67
2005,5,26,0,-21.2,913.5,NA,NA,66
2005,5,26,3,-21.4,916.5,NA,NA,64
2005,5,26,6,-21.2,919.9,NA,NA,69
2005,5,26,9,-20.4,921.3,NA,NA,70
2005,5,26,12,-20.4,924.3,NA,NA,71
2005,5,26,15,-21.1,925.8,NA,NA,72
2005,5,26,18,-21,928.2,NA,NA,68
2005,5,26,21,-21.2,930,NA,NA,71
2005,5,27,0,-19.5,931.7,NA,NA,60
2005,5,27,3,-20.4,933,NA,NA,67
2005,5,27,6,-20.4,934.2,NA,NA,73
2005,5,27,9,-20.2,934.7,NA,NA,73
2005,5,27,12,-19.7,934.7,NA,NA,73
2005,5,27,15,-19.3,935.4,NA,NA,74
2005,5,27,18,-20.4,934.9,NA,NA,73
2005,5,27,21,-21,934.6,NA,NA,72
2005,5,28,0,-21.4,933.7,NA,NA,72
2005,5,28,3,-20.5,930.9,NA,NA,73
2005,5,28,6,-21,929.4,NA,NA,72
2005,5,28,9,-21,927,NA,NA,72
2005,5,28,12,-21.6,923.3,NA,NA,71
2005,5,28,15,-21.8,918.9,NA,NA,71
2005,5,28,18,-22.1,913.9,NA,NA,70
2005,5,28,21,-21.8,912.4,NA,NA,70
2005,5,29,0,-21.3,NA,NA,NA,70
2005,5,29,3,-20.4,924.9,NA,NA,57
2005,5,29,6,-20.4,929.2,NA,NA,72
2005,5,29,9,-20.2,930.4,NA,NA,72
2005,5,29,12,-20.4,930.9,NA,NA,61
2005,5,29,15,-21,931.5,NA,NA,65
2005,5,29,18,-20.1,930.7,NA,NA,73
2005,5,29,21,-20.1,929.3,NA,NA,73
2005,5,30,0,-19.3,927,NA,NA,74
2005,5,30,3,-20.7,924.8,NA,NA,72
2005,5,30,6,-20.7,923.8,NA,NA,72
2005,5,30,9,-21,923.4,NA,NA,71
2005,5,30,12,-20.6,922.9,NA,NA,73
2005,5,30,15,-20.8,923,NA,NA,72
2005,5,30,18,-21.7,923.4,NA,NA,71
2005,5,30,21,-21.5,924.1,NA,NA,71
2005,5,31,0,-19.9,924.8,NA,NA,73
2005,5,31,3,-18.2,925.3,NA,NA,75
2005,5,31,6,-17,924.5,NA,NA,76
2005,5,31,9,-16.8,924.4,NA,NA,77
2005,5,31,12,-16.7,922.9,NA,NA,77
2005,5,31,15,-17.2,922.5,NA,NA,76
2005,5,31,18,-17.9,922.6,NA,NA,76
2005,5,31,21,-18.7,923.8,NA,NA,75
2005,6,1,0,-19.3,925,NA,NA,74
2005,6,1,3,-19.4,926.6,NA,NA,74
2005,6,1,6,-17.9,929.1,NA,NA,76
2005,6,1,9,-20.3,931.7,NA,NA,76
2005,6,1,12,-19.8,932.9,NA,NA,74
2005,6,1,15,-19.3,932.3,NA,NA,75
2005,6,1,18,-21.5,930.2,NA,NA,72
2005,6,1,21,-22.5,927.8,NA,NA,71
2005,6,2,0,-21.8,926.7,NA,NA,71
2005,6,2,3,-22.4,926.5,NA,NA,70
2005,6,2,6,-21.1,927.5,NA,NA,72
2005,6,2,9,-21.9,930.9,NA,NA,71
2005,6,2,12,-22,934.9,NA,NA,70
2005,6,2,15,-20,934.9,NA,NA,56
2005,6,2,18,-22,937.5,NA,NA,67
2005,6,2,21,-20.6,939.9,NA,NA,57
2005,6,3,0,-19.6,941.8,NA,NA,46
2005,6,3,3,-20.9,938.6,NA,NA,62
2005,6,3,6,-21.2,937.7,NA,NA,71
2005,6,3,9,-21.7,937.9,NA,NA,71
2005,6,3,12,-21.4,935.8,NA,NA,65
2005,6,3,15,-20.6,934.2,NA,NA,72
2005,6,3,18,-19.2,933.5,NA,NA,48
2005,6,3,21,-19.7,932.3,NA,NA,53
2005,6,4,0,-20.3,927.5,NA,NA,47
2005,6,4,3,-20.7,927.1,NA,NA,69
2005,6,4,6,-21.6,925.7,NA,NA,70
2005,6,4,9,-21.1,927.4,NA,NA,70
2005,6,4,12,-20.4,927.7,NA,NA,73
2005,6,4,15,-19,927.5,NA,NA,72
2005,6,4,18,-17.2,929.3,NA,NA,58
2005,6,4,21,-18.9,928.2,NA,NA,71
2005,6,5,0,-20.1,928,NA,NA,69
2005,6,5,3,-21.3,928.3,NA,NA,71
2005,6,5,6,-21.2,927.1,NA,NA,67
2005,6,5,9,-21.3,925.4,NA,NA,71
2005,6,5,12,-20.7,924,NA,NA,69
2005,6,5,15,-21.6,921.7,NA,NA,71
2005,6,5,18,-21.8,920,NA,NA,71
2005,6,5,21,-21.8,918.9,NA,NA,71
2005,6,6,0,-23.2,918.4,NA,NA,69
2005,6,6,3,-23,918,NA,NA,69
2005,6,6,6,-23.8,919.3,NA,NA,69
2005,6,6,9,-24.9,921.1,NA,NA,67
2005,6,6,12,-24.7,922,NA,NA,67
2005,6,6,15,-24.8,923.1,NA,NA,67
2005,6,6,18,-25.2,923.3,NA,NA,67
2005,6,6,21,-25.4,924.1,NA,NA,66
2005,6,7,0,-25.8,923.7,NA,NA,66
2005,6,7,3,-26,923.4,NA,NA,66
2005,6,7,6,-25.5,923.7,NA,NA,66
2005,6,7,9,-25.2,923.6,NA,NA,67
2005,6,7,12,-25.3,923.2,NA,NA,66
2005,6,7,15,-26.2,923.2,NA,NA,65
2005,6,7,18,-26.5,923,NA,NA,65
2005,6,7,21,-26.7,922.8,NA,NA,64
2005,6,8,0,-26.6,920.8,NA,NA,65
2005,6,8,3,-27.5,920.5,NA,NA,64
2005,6,8,6,-27.5,922.6,NA,NA,62
2005,6,8,9,-29.1,924.1,NA,NA,58
2005,6,8,12,-29.6,925.2,NA,NA,60
2005,6,8,15,-29.9,924,NA,NA,60
2005,6,8,18,-30.8,923.2,NA,NA,59
2005,6,8,21,-31.3,921.5,NA,NA,59
2005,6,9,0,-31.4,918.4,NA,NA,58
2005,6,9,3,-30.7,915.3,NA,NA,59
2005,6,9,6,-30,912.8,NA,NA,60
2005,6,9,9,-29.7,910.6,NA,NA,61
2005,6,9,12,-33.8,909.3,NA,NA,58
2005,6,9,15,-31.2,910.5,NA,NA,58
2005,6,9,18,-29.4,911.9,NA,NA,61
2005,6,9,21,-30.3,915.7,NA,NA,60
2005,6,10,0,-31.5,916.4,NA,NA,58
2005,6,10,3,-30.1,917.8,NA,NA,59
2005,6,10,6,-29.6,919.5,NA,NA,58
2005,6,10,9,-29.6,925.2,NA,NA,55
2005,6,10,12,-29.2,927.9,NA,NA,48
2005,6,10,15,-28,930.7,NA,NA,56
2005,6,10,18,-27.7,931.2,NA,NA,50
2005,6,10,21,-26.8,934.6,NA,NA,39
2005,6,11,0,-26.8,932.9,NA,NA,58
2005,6,11,3,-23.4,929.6,NA,NA,26
2005,6,11,6,NA,926.3,NA,NA,20
2005,6,11,9,-23.6,923.8,NA,NA,22
2005,6,11,12,-23.8,921,NA,NA,24
2005,6,11,15,-22.8,920.3,NA,NA,25
2005,6,11,18,-25.4,920.5,NA,NA,40
2005,6,11,21,-25.3,918.6,NA,NA,40
2005,6,12,0,-24.4,918.1,NA,NA,47
2005,6,12,3,-25.7,919.5,NA,NA,65
2005,6,12,6,-26.7,922.8,NA,NA,64
2005,6,12,9,-27.8,924.4,NA,NA,62
2005,6,12,12,-27.3,924.2,NA,NA,63
2005,6,12,15,-25.7,924.4,NA,NA,53
2005,6,12,18,-24.2,924.6,NA,NA,38
2005,6,12,21,-24.9,925,NA,NA,36
2005,6,13,0,-22.5,925.3,NA,NA,26
2005,6,13,3,-21.5,924.7,NA,NA,22
2005,6,13,6,-19.6,923.8,NA,NA,21
2005,6,13,9,-19.1,922.6,NA,NA,21
2005,6,13,12,-17.9,921.6,NA,NA,18
2005,6,13,15,NA,922.6,NA,NA,31
2005,6,13,18,NA,925.7,NA,NA,65
2005,6,13,21,-22.6,928.8,NA,NA,46
2005,6,14,0,-21.4,930.4,NA,NA,41
2005,6,14,3,-21.8,931.5,NA,NA,32
2005,6,14,6,-22.3,931.3,NA,NA,40
2005,6,14,9,-21.3,930.2,NA,NA,36
2005,6,14,12,NA,927.2,NA,NA,16
2005,6,14,15,NA,923.3,NA,NA,10
2005,6,14,18,NA,919.3,NA,NA,14
2005,6,14,21,-13.1,917.8,NA,NA,12
2005,6,15,0,NA,919.8,NA,NA,53
2005,6,15,3,NA,915.8,NA,NA,61
2005,6,15,6,-22,916.2,NA,NA,58
2005,6,15,9,-23.6,917.6,NA,NA,67
2005,6,15,12,-22,925.9,NA,NA,49
2005,6,15,15,-22.9,929,NA,NA,50
2005,6,15,18,-22.4,931.7,NA,NA,51
2005,6,15,21,-21.9,934.9,NA,NA,47
2005,6,16,0,-22,937.5,NA,NA,47
2005,6,16,3,-22.5,938.7,NA,NA,49
2005,6,16,6,-23.6,943.1,NA,NA,50
2005,6,16,9,-24.8,947.7,NA,NA,53
2005,6,16,12,-23.3,946.7,NA,NA,41
2005,6,16,15,-24.6,953.2,NA,NA,54
2005,6,16,18,-25.6,953,NA,NA,56
2005,6,16,21,-23.4,953.7,NA,NA,38
2005,6,17,0,-23,953.1,NA,NA,32
2005,6,17,3,-19.9,952.1,NA,NA,21
2005,6,17,6,-24.7,950.9,NA,NA,31
2005,6,17,9,NA,949.8,NA,NA,62
2005,6,17,12,-24.3,949.2,NA,NA,44
2005,6,17,15,-25.1,948.5,NA,NA,42
2005,6,17,18,-26,947.9,NA,NA,42
2005,6,17,21,-26.1,947.5,NA,NA,38
2005,6,18,0,-24.5,946.4,NA,NA,33
2005,6,18,3,-24,944.8,NA,NA,30
2005,6,18,6,-23.7,942.4,NA,NA,30
2005,6,18,9,-23.7,940.4,NA,NA,29
2005,6,18,12,-24.5,939,NA,NA,35
2005,6,18,15,-25.6,937,NA,NA,34
2005,6,18,18,-26.9,935,NA,NA,60
2005,6,18,21,-26,933.2,NA,NA,42
2005,6,19,0,-25.4,931.4,NA,NA,NA
2005,6,19,3,-28.2,930.2,NA,NA,60
2005,6,19,6,-30.2,927.7,NA,NA,58
2005,6,19,9,-30.6,926.6,NA,NA,57
2005,6,19,12,-31,926.2,NA,NA,57
2005,6,19,15,-31.5,925.9,NA,NA,55
2005,6,19,18,-31.8,924.9,NA,NA,56
2005,6,19,21,-31.5,924.3,NA,NA,56
2005,6,20,0,-30.8,923.8,NA,NA,57
2005,6,20,3,-30.6,922.7,NA,NA,57
2005,6,20,6,-29.6,921.8,NA,NA,59
2005,6,20,9,-28.8,921,NA,NA,59
2005,6,20,12,-28,919.9,NA,NA,60
2005,6,20,15,-28.2,919.6,NA,NA,60
2005,6,20,18,-28.7,917.9,NA,NA,60
2005,6,20,21,-27.8,916.5,NA,NA,61
2005,6,21,0,-29.2,915.6,NA,NA,60
2005,6,21,3,-28.3,915,NA,NA,60
2005,6,21,6,-27.1,915,NA,NA,62
2005,6,21,9,-28.4,914.5,NA,NA,61
2005,6,21,12,-25.9,913.5,NA,NA,63
2005,6,21,15,-26.1,912.7,NA,NA,63
2005,6,21,18,-25.3,911.8,NA,NA,64
2005,6,21,21,-23.6,909.4,NA,NA,67
2005,6,22,0,-24.1,908.9,NA,NA,67
2005,6,22,3,-23.6,909.3,NA,NA,67
2005,6,22,6,-23.3,909.7,NA,NA,65
2005,6,22,9,-21.7,914.4,NA,NA,67
2005,6,22,12,-19.5,917.3,NA,NA,45
2005,6,22,15,-19.3,919.2,NA,NA,47
2005,6,22,18,-18.2,917.6,NA,NA,32
2005,6,22,21,-18.1,917,NA,NA,28
2005,6,23,0,-17.7,917.5,NA,NA,25
2005,6,23,3,-17.3,917.1,NA,NA,30
2005,6,23,6,-18.1,916.5,NA,NA,28
2005,6,23,9,-17.5,915.9,NA,NA,27
2005,6,23,12,-18.1,915.4,NA,NA,29
2005,6,23,15,-17.7,915.1,NA,NA,31
2005,6,23,18,-20.3,913.6,NA,NA,68
2005,6,23,21,-20.5,910.9,NA,NA,70
2005,6,24,0,-21.9,906.7,NA,NA,69
2005,6,24,3,-21.3,904.9,NA,NA,70
2005,6,24,6,-22.1,907.6,NA,NA,69
2005,6,24,9,-21.9,912.1,NA,NA,69
2005,6,24,12,-21.6,910.3,NA,NA,70
2005,6,24,15,-19.6,917.4,NA,NA,72
2005,6,24,18,-19.6,919.8,NA,NA,73
2005,6,24,21,-19.6,927.2,NA,NA,60
2005,6,25,0,-19.8,928.6,NA,NA,69
2005,6,25,3,-19.5,927,NA,NA,72
2005,6,25,6,-20.4,924.9,NA,NA,72
2005,6,25,9,-20.7,922.2,NA,NA,72
2005,6,25,12,-20.3,919.7,NA,NA,72
2005,6,25,15,-20.5,919.3,NA,NA,72
2005,6,25,18,-21.1,919.8,NA,NA,71
2005,6,25,21,-23.6,919.2,NA,NA,68
2005,6,26,0,-25.3,921.5,NA,NA,66
2005,6,26,3,-25.1,924.5,NA,NA,66
2005,6,26,6,-25.3,926.1,NA,NA,65
2005,6,26,9,-25.3,925.8,NA,NA,66
2005,6,26,12,-22.8,925.8,NA,NA,68
2005,6,26,15,-22.1,925.8,NA,NA,60
2005,6,26,18,-22,925.2,NA,NA,53
2005,6,26,21,-22.4,925.2,NA,NA,63
2005,6,27,0,-21.6,924,NA,NA,62
2005,6,27,3,-21.2,921.6,NA,NA,56
2005,6,27,6,-23.1,921.7,NA,NA,68
2005,6,27,9,-22.5,925,NA,NA,67
2005,6,27,12,-23,923.2,NA,NA,68
2005,6,27,15,-23.8,922.6,NA,NA,67
2005,6,27,18,-25.1,922.9,NA,NA,66
2005,6,27,21,-26.9,922.9,NA,NA,64
2005,6,28,0,-27.1,922.7,NA,NA,63
2005,6,28,3,-27,922.8,NA,NA,63
2005,6,28,6,-27.3,922.8,NA,NA,63
2005,6,28,9,-27.7,921,NA,NA,62
2005,6,28,12,-27.6,921.4,NA,NA,62
2005,6,28,15,-27.5,919.5,NA,NA,62
2005,6,28,18,-27.8,918.9,NA,NA,62
2005,6,28,21,-27.5,916.6,NA,NA,62
2005,6,29,0,-24.8,915.3,NA,NA,55
2005,6,29,3,-23,908.7,NA,NA,59
2005,6,29,6,-20.1,907.5,NA,NA,63
2005,6,29,9,-18.9,904.7,NA,NA,71
2005,6,29,12,-16.6,898.7,NA,NA,74
2005,6,29,15,-15.3,899.1,NA,NA,77
2005,6,29,18,-13.9,899,NA,NA,79
2005,6,29,21,-12.7,899.6,NA,NA,80
2005,6,30,0,-11.9,902,NA,NA,82
2005,6,30,3,-11.4,901.8,NA,NA,82
2005,6,30,6,-11.4,901.4,NA,NA,79
2005,6,30,9,-13.2,899.9,NA,NA,80
2005,6,30,12,-12.9,897.6,NA,NA,81
2005,6,30,15,-12.1,897.8,NA,NA,82
2005,6,30,18,-12.3,900.8,NA,NA,82
2005,6,30,21,-11.7,904.5,NA,NA,83
2005,7,1,0,-12.1,908.4,NA,NA,83
2005,7,1,3,-11.2,908.4,NA,NA,83
2005,7,1,6,-11.1,911.5,NA,NA,83
2005,7,1,9,-11.3,914,NA,NA,83
2005,7,1,12,-10.7,920.3,NA,NA,84
2005,7,1,15,-10.8,921.3,NA,NA,83
2005,7,1,18,-11.4,925.7,NA,NA,71
2005,7,1,21,-12.8,929.7,NA,NA,76
2005,7,2,0,-11.7,927.7,NA,NA,58
2005,7,2,3,-8.9,924.5,NA,NA,50
2005,7,2,6,-10.8,923.3,NA,NA,50
2005,7,2,9,NA,920.8,NA,NA,79
2005,7,2,12,NA,922.6,NA,NA,78
2005,7,2,15,-17.8,922.1,NA,NA,76
2005,7,2,18,-16.8,923.6,NA,NA,77
2005,7,2,21,-16.6,923.8,NA,NA,75
2005,7,3,0,-16.9,923.6,NA,NA,74
2005,7,3,3,-17.7,922.3,NA,NA,76
2005,7,3,6,-18.9,920.3,NA,NA,75
2005,7,3,9,-19.2,920.1,NA,NA,74
2005,7,3,12,-19,919.2,NA,NA,75
2005,7,3,15,-19.5,918.8,NA,NA,74
2005,7,3,18,-20.6,920.8,NA,NA,73
2005,7,3,21,-20.3,920.3,NA,NA,73
2005,7,4,0,-21.4,920.2,NA,NA,72
2005,7,4,3,-21.1,919.8,NA,NA,72
2005,7,4,6,-21.4,919.3,NA,NA,72
2005,7,4,9,-22.1,919.6,NA,NA,71
2005,7,4,12,-23,919.6,NA,NA,70
2005,7,4,15,-23.7,920,NA,NA,69
2005,7,4,18,-24.9,919.1,NA,NA,68
2005,7,4,21,-25.7,917.8,NA,NA,66
2005,7,5,0,-25.6,918.8,NA,NA,66
2005,7,5,3,-25.7,917.8,NA,NA,66
2005,7,5,6,-26,921.6,NA,NA,66
2005,7,5,9,-25.3,920.9,NA,NA,64
2005,7,5,12,-26.8,925,NA,NA,60
2005,7,5,15,-25.9,925.8,NA,NA,55
2005,7,5,18,-27.1,926.2,NA,NA,57
2005,7,5,21,-27.5,927.5,NA,NA,63
2005,7,6,0,-27.5,926.9,NA,NA,61
2005,7,6,3,-28.4,927.7,NA,NA,63
2005,7,6,6,-29.6,927.2,NA,NA,61
2005,7,6,9,-29.5,927,NA,NA,61
2005,7,6,12,-30,926.4,NA,NA,61
2005,7,6,15,-30.1,924.7,NA,NA,61
2005,7,6,18,-29.8,925.2,NA,NA,61
2005,7,6,21,-32.2,925.2,NA,NA,58
2005,7,7,0,-32.3,924.9,NA,NA,59
2005,7,7,3,-30.4,923.5,NA,NA,60
2005,7,7,6,-31.3,921.4,NA,NA,59
2005,7,7,9,-30.6,921.1,NA,NA,59
2005,7,7,12,-30.8,920.4,NA,NA,59
2005,7,7,15,-29.8,920.5,NA,NA,60
2005,7,7,18,-30.3,920.5,NA,NA,60
2005,7,7,21,-31.5,920.6,NA,NA,59
2005,7,8,0,-31.4,919.7,NA,NA,59
2005,7,8,3,-31.4,919,NA,NA,59
2005,7,8,6,-30.7,917.8,NA,NA,59
2005,7,8,9,-30.3,915.8,NA,NA,60
2005,7,8,12,-30.7,914.4,NA,NA,59
2005,7,8,15,-29.9,913.2,NA,NA,60
2005,7,8,18,-29.5,912.7,NA,NA,61
2005,7,8,21,-27.7,912.4,NA,NA,41
2005,7,9,0,-27.7,912.9,NA,NA,52
2005,7,9,3,-28.2,913.8,NA,NA,37
2005,7,9,6,-27.6,914.9,NA,NA,33
2005,7,9,9,-28.2,916.2,NA,NA,38
2005,7,9,12,-32.3,916.4,NA,NA,57
2005,7,9,15,-30.8,916.9,NA,NA,55
2005,7,9,18,-31,916.4,NA,NA,49
2005,7,9,21,-30.3,915.3,NA,NA,44
2005,7,10,0,-29.9,914.2,NA,NA,40
2005,7,10,3,-30.5,913.5,NA,NA,41
2005,7,10,6,-30.1,912.5,NA,NA,36
2005,7,10,9,-28.7,912.5,NA,NA,32
2005,7,10,12,-29.2,912.8,NA,NA,35
2005,7,10,15,-29.4,913.3,NA,NA,59
2005,7,10,18,-29.9,914.8,NA,NA,44
2005,7,10,21,-30.7,916.4,NA,NA,58
2005,7,11,0,-30.3,918.7,NA,NA,58
2005,7,11,3,-29.2,920.4,NA,NA,61
2005,7,11,6,-31.1,922.3,NA,NA,55
2005,7,11,9,-30.8,923.4,NA,NA,59
2005,7,11,12,-31,924.6,NA,NA,59
2005,7,11,15,-30.3,925.3,NA,NA,60
2005,7,11,18,-30.5,924.9,NA,NA,59
2005,7,11,21,-29.2,924.3,NA,NA,58
2005,7,12,0,-29.5,924,NA,NA,53
2005,7,12,3,-28.9,923.2,NA,NA,47
2005,7,12,6,-27,920.9,NA,NA,51
2005,7,12,9,-27.3,920.7,NA,NA,52
2005,7,12,12,-27.3,921.3,NA,NA,52
2005,7,12,15,-26.7,921.6,NA,NA,52
2005,7,12,18,-26.9,921.1,NA,NA,56
2005,7,12,21,-25.2,921.4,NA,NA,57
2005,7,13,0,-25.3,922.1,NA,NA,54
2005,7,13,3,-25.5,922.7,NA,NA,59
2005,7,13,6,-27.1,923.7,NA,NA,62
2005,7,13,9,-26.3,924.9,NA,NA,64
2005,7,13,12,-27.5,925.6,NA,NA,64
2005,7,13,15,-27.5,926.2,NA,NA,63
2005,7,13,18,-26.9,925.9,NA,NA,64
2005,7,13,21,-28.2,926.9,NA,NA,62
2005,7,14,0,-27.3,928.5,NA,NA,63
2005,7,14,3,-25.8,928.7,NA,NA,65
2005,7,14,6,-28.1,928.9,NA,NA,62
2005,7,14,9,-27.6,930.8,NA,NA,63
2005,7,14,12,-28.2,930.9,NA,NA,62
2005,7,14,15,-27.7,930.7,NA,NA,63
2005,7,14,18,-28.3,931.5,NA,NA,62
2005,7,14,21,-29.2,930.8,NA,NA,61
2005,7,15,0,-29.2,928.5,NA,NA,61
2005,7,15,3,-30.5,926.8,NA,NA,59
2005,7,15,6,-31.5,926.3,NA,NA,58
2005,7,15,9,-29,926.4,NA,NA,60
2005,7,15,12,-29.4,925.3,NA,NA,61
2005,7,15,15,-30.8,924.4,NA,NA,59
2005,7,15,18,-29.9,924.1,NA,NA,60
2005,7,15,21,-30.2,923,NA,NA,60
2005,7,16,0,-28.8,923.2,NA,NA,61
2005,7,16,3,-30.1,922.2,NA,NA,60
2005,7,16,6,-26,922.7,NA,NA,61
2005,7,16,9,-27.9,921.5,NA,NA,61
2005,7,16,12,-27.7,920.8,NA,NA,63
2005,7,16,15,-25.4,919.2,NA,NA,54
2005,7,16,18,-23.7,917.1,NA,NA,41
2005,7,16,21,-26.4,916,NA,NA,42
2005,7,17,0,-23.2,914.2,NA,NA,36
2005,7,17,3,-22.3,912.7,NA,NA,33
2005,7,17,6,-23.7,911.4,NA,NA,37
2005,7,17,9,-21.2,910.4,NA,NA,40
2005,7,17,12,-21.2,909.4,NA,NA,68
2005,7,17,15,-20.3,908.2,NA,NA,71
2005,7,17,18,-22.7,907.9,NA,NA,72
2005,7,17,21,NA,906.6,NA,NA,64
2005,7,18,0,NA,908.3,NA,NA,68
2005,7,18,3,NA,912.3,NA,NA,46
2005,7,18,6,-20.6,914.7,NA,NA,41
2005,7,18,9,-20.3,915.6,NA,NA,42
2005,7,18,12,-19.9,915.5,NA,NA,51
2005,7,18,15,-21.3,913.3,NA,NA,47
2005,7,18,18,-18.9,911.8,NA,NA,46
2005,7,18,21,-18.3,910.6,NA,NA,40
2005,7,19,0,-19.1,908.8,NA,NA,68
2005,7,19,3,-22.5,905.6,NA,NA,69
2005,7,19,6,-21.1,904.7,NA,NA,71
2005,7,19,9,-25.2,904.7,NA,NA,66
2005,7,19,12,-24.1,905.2,NA,NA,67
2005,7,19,15,-24.7,905,NA,NA,67
2005,7,19,18,-23.4,907.6,NA,NA,68
2005,7,19,21,-21.2,908,NA,NA,71
2005,7,20,0,-24,908.4,NA,NA,68
2005,7,20,3,-23,909.5,NA,NA,69
2005,7,20,6,-22.4,911.8,NA,NA,70
2005,7,20,9,-21.6,914,NA,NA,71
2005,7,20,12,-21.7,916.7,NA,NA,71
2005,7,20,15,-19.7,918.2,NA,NA,73
2005,7,20,18,-19.6,918,NA,NA,73
2005,7,20,21,-21.2,918,NA,NA,72
2005,7,21,0,-21.8,918.6,NA,NA,71
2005,7,21,3,-24.2,918.7,NA,NA,68
2005,7,21,6,-23.5,918.5,NA,NA,68
2005,7,21,9,-22.6,918.7,NA,NA,70
2005,7,21,12,-22.5,918.4,NA,NA,69
2005,7,21,15,-22.6,917.8,NA,NA,70
2005,7,21,18,-23,916,NA,NA,60
2005,7,21,21,-20.6,915.1,NA,NA,58
2005,7,22,0,-19.9,915,NA,NA,63
2005,7,22,3,-18.8,912.4,NA,NA,55
2005,7,22,6,-18.9,910.1,NA,NA,67
2005,7,22,9,-19.5,910.7,NA,NA,71
2005,7,22,12,-19.7,910.2,NA,NA,73
2005,7,22,15,-18.6,910,NA,NA,68
2005,7,22,18,-20.6,910.7,NA,NA,72
2005,7,22,21,-20,910.7,NA,NA,73
2005,7,23,0,-20.8,910.8,NA,NA,72
2005,7,23,3,-20.9,911.5,NA,NA,71
2005,7,23,6,-21.2,911.7,NA,NA,71
2005,7,23,9,-22.3,913.3,NA,NA,71
2005,7,23,12,-22.4,914.3,NA,NA,70
2005,7,23,15,-22.3,914,NA,NA,70
2005,7,23,18,-20.6,912.6,NA,NA,64
2005,7,23,21,-22.2,915.3,NA,NA,69
2005,7,24,0,-22.9,916.8,NA,NA,69
2005,7,24,3,-22.5,917.5,NA,NA,70
2005,7,24,6,-21,917.7,NA,NA,49
2005,7,24,9,-21.2,918.8,NA,NA,63
2005,7,24,12,-22,918.5,NA,NA,53
2005,7,24,15,-21,917.9,NA,NA,65
2005,7,24,18,-22.4,917.3,NA,NA,56
2005,7,24,21,-21.6,918.1,NA,NA,53
2005,7,25,0,-21.5,919.1,NA,NA,62
2005,7,25,3,-21.5,919.3,NA,NA,57
2005,7,25,6,-24.9,919.6,NA,NA,67
2005,7,25,9,-24.7,920.9,NA,NA,67
2005,7,25,12,-24.3,921.2,NA,NA,67
2005,7,25,15,-25.7,921.8,NA,NA,65
2005,7,25,18,-25.1,920.6,NA,NA,66
2005,7,25,21,-26.5,918,NA,NA,64
2005,7,26,0,-26,915.9,NA,NA,65
2005,7,26,3,-25.5,911.8,NA,NA,65
2005,7,26,6,-25.8,911.9,NA,NA,65
2005,7,26,9,-24.8,913.7,NA,NA,63
2005,7,26,12,-24.3,916.2,NA,NA,66
2005,7,26,15,-24.7,919,NA,NA,63
2005,7,26,18,-24.8,920.4,NA,NA,61
2005,7,26,21,-25.1,926.2,NA,NA,57
2005,7,27,0,-25.9,930.6,NA,NA,65
2005,7,27,3,-25,934.1,NA,NA,64
2005,7,27,6,-24,936,NA,NA,62
2005,7,27,9,-24.1,936.4,NA,NA,67
2005,7,27,12,-24.5,934.8,NA,NA,67
2005,7,27,15,-27.1,931.7,NA,NA,65
2005,7,27,18,-27,927.1,NA,NA,64
2005,7,27,21,-26.8,924.1,NA,NA,64
2005,7,28,0,-25.9,920.6,NA,NA,65
2005,7,28,3,-25.9,917.8,NA,NA,65
2005,7,28,6,-26.1,917.2,NA,NA,65
2005,7,28,9,-26.6,916,NA,NA,64
2005,7,28,12,-27.3,917.1,NA,NA,63
2005,7,28,15,-26.6,916.8,NA,NA,64
2005,7,28,18,-26.3,916.9,NA,NA,64
2005,7,28,21,-27.8,918.1,NA,NA,63
2005,7,29,0,-26.4,919.2,NA,NA,62
2005,7,29,3,-26,918.5,NA,NA,61
2005,7,29,6,-25.5,919.8,NA,NA,59
2005,7,29,9,-26.9,918.4,NA,NA,63
2005,7,29,12,-26.3,916.8,NA,NA,64
2005,7,29,15,-24.1,915.7,NA,NA,37
2005,7,29,18,-26.2,914.7,NA,NA,64
2005,7,29,21,-23.2,913.6,NA,NA,27
2005,7,30,0,NA,913.2,NA,NA,28
2005,7,30,3,-21.6,915.8,NA,NA,50
2005,7,30,6,-22.1,919.4,NA,NA,68
2005,7,30,9,NA,919.9,NA,NA,58
2005,7,30,12,NA,925.4,NA,NA,49
2005,7,30,15,-12.9,927.1,NA,NA,38
2005,7,30,18,-12,928.2,NA,NA,32
2005,7,30,21,-14,929.1,NA,NA,29
2005,7,31,0,-12.4,929.7,NA,NA,25
2005,7,31,3,-12.4,930,NA,NA,25
2005,7,31,6,-11.2,930.9,NA,NA,23
2005,7,31,9,-10.2,930.5,NA,NA,22
2005,7,31,12,-11.5,929.5,NA,NA,26
2005,7,31,15,-12.5,928.4,NA,NA,29
2005,7,31,18,-12.5,925.9,NA,NA,32
2005,7,31,21,-9.4,922.3,NA,NA,28
2005,8,1,0,-11,921.3,NA,NA,32
2005,8,1,3,-10.3,921,NA,NA,31
2005,8,1,6,-10.1,921.3,NA,NA,32
2005,8,1,9,-10.5,921.5,NA,NA,36
2005,8,1,12,-13.4,923.4,NA,NA,54
2005,8,1,15,-14.8,923.1,NA,NA,54
2005,8,1,18,NA,923.2,NA,NA,74
2005,8,1,21,-17.1,922.9,NA,NA,64
2005,8,2,0,NA,922.1,NA,NA,NA
2005,8,2,3,NA,920.7,NA,NA,71
2005,8,2,6,NA,919.7,NA,NA,71
2005,8,2,9,-18.3,918.7,NA,NA,73
2005,8,2,12,-22.5,915.8,NA,NA,68
2005,8,2,15,-22.1,914.1,NA,NA,70
2005,8,2,18,-20.9,910.2,NA,NA,70
2005,8,2,21,-22.4,907.9,NA,NA,70
2005,8,3,0,-23.6,909.6,NA,NA,68
2005,8,3,3,-26.4,910.2,NA,NA,64
2005,8,3,6,-27.4,909,NA,NA,63
2005,8,3,9,-28.3,912,NA,NA,62
2005,8,3,12,-27.3,914.8,NA,NA,61
2005,8,3,15,-26.5,913.6,NA,NA,64
2005,8,3,18,-25.8,916.9,NA,NA,64
2005,8,3,21,-25.8,918.1,NA,NA,NA
2005,8,4,0,-27.3,925.4,NA,NA,62
2005,8,4,3,-28.3,927,NA,NA,62
2005,8,4,6,-24.1,925.9,NA,NA,66
2005,8,4,9,-24.3,924.5,NA,NA,66
2005,8,4,12,-25.3,922.7,NA,NA,62
2005,8,4,15,-26.8,923.1,NA,NA,63
2005,8,4,18,-25.2,924.7,NA,NA,65
2005,8,4,21,-25.2,925.3,NA,NA,66
2005,8,5,0,-24.5,925.1,NA,NA,66
2005,8,5,3,-24,925.1,NA,NA,67
2005,8,5,6,-24.2,923.6,NA,NA,67
2005,8,5,9,-22.6,922.8,NA,NA,70
2005,8,5,12,-23.1,923.1,NA,NA,68
2005,8,5,15,-21.8,924.9,NA,NA,69
2005,8,5,18,-22.7,923.7,NA,NA,70
2005,8,5,21,-23.4,922.6,NA,NA,69
2005,8,6,0,-22.6,923,NA,NA,69
2005,8,6,3,-24.8,922.1,NA,NA,67
2005,8,6,6,-25.5,921.8,NA,NA,66
2005,8,6,9,-25.9,921.3,NA,NA,64
2005,8,6,12,-24.9,920.6,NA,NA,66
2005,8,6,15,-25.9,919.9,NA,NA,65
2005,8,6,18,-27.2,919.2,NA,NA,63
2005,8,6,21,-27.7,920.1,NA,NA,62
2005,8,7,0,-27.8,921.4,NA,NA,62
2005,8,7,3,-28.4,923.5,NA,NA,61
2005,8,7,6,-29.3,925.4,NA,NA,60
2005,8,7,9,-29.1,926.5,NA,NA,61
2005,8,7,12,-29.1,928.2,NA,NA,61
2005,8,7,15,-25.9,929.8,NA,NA,64
2005,8,7,18,-24.7,931.6,NA,NA,66
2005,8,7,21,-24.8,932.7,NA,NA,66
2005,8,8,0,-25.8,931.4,NA,NA,65
2005,8,8,3,-27.5,928.3,NA,NA,64
2005,8,8,6,-28.2,927.4,NA,NA,61
2005,8,8,9,-27.2,923.1,NA,NA,63
2005,8,8,12,-26.5,924.9,NA,NA,63
2005,8,8,15,-26.8,926.1,NA,NA,63
2005,8,8,18,-26.7,925.8,NA,NA,63
2005,8,8,21,-26.8,925.2,NA,NA,63
2005,8,9,0,-27.1,923.6,NA,NA,63
2005,8,9,3,-27.1,919.6,NA,NA,63
2005,8,9,6,-27.9,921.4,NA,NA,63
2005,8,9,9,-28,924.2,NA,NA,62
2005,8,9,12,-29.5,924.5,NA,NA,60
2005,8,9,15,-29.4,922.4,NA,NA,60
2005,8,9,18,-29.5,919,NA,NA,60
2005,8,9,21,-28.7,913.5,NA,NA,61
2005,8,10,0,-29,913,NA,NA,61
2005,8,10,3,-28.8,910.6,NA,NA,61
2005,8,10,6,-29.1,909,NA,NA,61
2005,8,10,9,-30.1,907.7,NA,NA,59
2005,8,10,12,-30.6,906.3,NA,NA,59
2005,8,10,15,-31.7,905.2,NA,NA,58
2005,8,10,18,-31.4,903.9,NA,NA,57
2005,8,10,21,-30.1,902,NA,NA,49
2005,8,11,0,NA,900.2,NA,NA,27
2005,8,11,3,NA,899.7,NA,NA,21
2005,8,11,6,-20.3,899.3,NA,NA,30
2005,8,11,9,-18,897.9,NA,NA,27
2005,8,11,12,NA,895.8,NA,NA,14
2005,8,11,15,NA,899.6,NA,NA,42
2005,8,11,18,NA,899.4,NA,NA,61
2005,8,11,21,NA,907.7,NA,NA,61
2005,8,12,0,-27.2,910,NA,NA,62
2005,8,12,3,-25.9,912.7,NA,NA,55
2005,8,12,6,-25.9,916.2,NA,NA,51
2005,8,12,9,-26.8,920.7,NA,NA,47
2005,8,12,12,-24.8,924.7,NA,NA,37
2005,8,12,15,-22.4,928.1,NA,NA,28
2005,8,12,18,-24.7,931.8,NA,NA,30
2005,8,12,21,-24.5,933.1,NA,NA,40
2005,8,13,0,-24.1,934.2,NA,NA,32
2005,8,13,3,-23.3,934.9,NA,NA,38
2005,8,13,6,-23,934.9,NA,NA,29
2005,8,13,9,-22.3,935.8,NA,NA,30
2005,8,13,12,NA,938.1,NA,NA,33
2005,8,13,15,NA,938.6,NA,NA,27
2005,8,13,18,-20.8,937.3,NA,NA,36
2005,8,13,21,-19.5,935.6,NA,NA,27
2005,8,14,0,-20,933.5,NA,NA,25
2005,8,14,3,-20.1,931.5,NA,NA,28
2005,8,14,6,-20.5,929.7,NA,NA,69
2005,8,14,9,-22.1,927.7,NA,NA,69
2005,8,14,12,-23.2,925.6,NA,NA,69
2005,8,14,15,NA,923.9,NA,NA,66
2005,8,14,18,-24.8,923.1,NA,NA,64
2005,8,14,21,-25.9,921.1,NA,NA,64
2005,8,15,0,-26.7,919.1,NA,NA,63
2005,8,15,3,-26.2,918.7,NA,NA,64
2005,8,15,6,-25.5,916.4,NA,NA,64
2005,8,15,9,-24.6,916.8,NA,NA,63
2005,8,15,12,-25.7,915.3,NA,NA,61
2005,8,15,15,-25.5,913.2,NA,NA,61
2005,8,15,18,-25.5,911.1,NA,NA,60
2005,8,15,21,-24.8,909.3,NA,NA,59
2005,8,16,0,-24.5,908.6,NA,NA,64
2005,8,16,3,-24.2,910.4,NA,NA,65
2005,8,16,6,-23.7,910.7,NA,NA,53
2005,8,16,9,-24,909.7,NA,NA,64
2005,8,16,12,-24.7,910.1,NA,NA,65
2005,8,16,15,-21.4,909.6,NA,NA,51
2005,8,16,18,-24.3,909.8,NA,NA,53
2005,8,16,21,-25.3,908.9,NA,NA,53
2005,8,17,0,-25,911.6,NA,NA,45
2005,8,17,3,-24.4,912.1,NA,NA,46
2005,8,17,6,-21.5,910,NA,NA,54
2005,8,17,9,-23.3,911.2,NA,NA,42
2005,8,17,12,-22.9,911.8,NA,NA,52
2005,8,17,15,-20.1,909.1,NA,NA,35
2005,8,17,18,-18,908.7,NA,NA,35
2005,8,17,21,-17,910.6,NA,NA,36
2005,8,18,0,-15.9,910.5,NA,NA,40
2005,8,18,3,-15,910.6,NA,NA,41
2005,8,18,6,-14.9,910.9,NA,NA,41
2005,8,18,9,-16.3,909.8,NA,NA,40
2005,8,18,12,-14.9,909.3,NA,NA,43
2005,8,18,15,-15.2,908.3,NA,NA,45
2005,8,18,18,-15.2,906.8,NA,NA,50
2005,8,18,21,-13.4,906.8,NA,NA,39
2005,8,19,0,-16.2,907.2,NA,NA,66
2005,8,19,3,-16,906.1,NA,NA,64
2005,8,19,6,-17.7,906.5,NA,NA,73
2005,8,19,9,-19.7,905.8,NA,NA,72
2005,8,19,12,-19.1,906.2,NA,NA,73
2005,8,19,15,-18.5,906.2,NA,NA,74
2005,8,19,18,-18.4,907.8,NA,NA,74
2005,8,19,21,-16.8,908.5,NA,NA,72
2005,8,20,0,-15.8,908.1,NA,NA,63
2005,8,20,3,-16.6,914.5,NA,NA,73
2005,8,20,6,-17.1,916.4,NA,NA,70
2005,8,20,9,-17.4,918.3,NA,NA,75
2005,8,20,12,-19.3,919.8,NA,NA,73
2005,8,20,15,-20.1,921.4,NA,NA,72
2005,8,20,18,-20.4,922.4,NA,NA,72
2005,8,20,21,-19.2,922.7,NA,NA,73
2005,8,21,0,-19.3,922,NA,NA,73
2005,8,21,3,-20.1,921.4,NA,NA,72
2005,8,21,6,-20.4,920.4,NA,NA,72
2005,8,21,9,-20.3,919.3,NA,NA,72
2005,8,21,12,-20.4,917.8,NA,NA,72
2005,8,21,15,-20.9,916.8,NA,NA,71
2005,8,21,18,-21.2,915.2,NA,NA,71
2005,8,21,21,-21.8,913.6,NA,NA,70
2005,8,22,0,-23,911.8,NA,NA,69
2005,8,22,3,-23.3,909.7,NA,NA,68
2005,8,22,6,-24.9,908.1,NA,NA,67
2005,8,22,9,-25.6,907.1,NA,NA,65
2005,8,22,12,-26.5,906.2,NA,NA,64
2005,8,22,15,-27.4,907,NA,NA,63
2005,8,22,18,-28,909.1,NA,NA,62
2005,8,22,21,-28.5,910.4,NA,NA,62
2005,8,23,0,-28.9,912.7,NA,NA,61
2005,8,23,3,-29.2,914,NA,NA,60
2005,8,23,6,-29.2,913.8,NA,NA,60
2005,8,23,9,-28.7,913,NA,NA,61
2005,8,23,12,-28.5,910.3,NA,NA,61
2005,8,23,15,-27.8,906.2,NA,NA,62
2005,8,23,18,-26.8,903.9,NA,NA,63
2005,8,23,21,-26.3,893.7,NA,NA,64
2005,8,24,0,-25.8,888.4,NA,NA,64
2005,8,24,3,-25.6,883.9,NA,NA,65
2005,8,24,6,-25.3,876.8,NA,NA,65
2005,8,24,9,-25.5,881,NA,NA,65
2005,8,24,12,-25.7,882.6,NA,NA,65
2005,8,24,15,-24.9,882.8,NA,NA,65
2005,8,24,18,-23.8,874.7,NA,NA,67
2005,8,24,21,-22.9,877.1,NA,NA,68
2005,8,25,0,-23.3,882.3,NA,NA,68
2005,8,25,3,-24,889,NA,NA,67
2005,8,25,6,-24.3,891.8,NA,NA,67
2005,8,25,9,-24.1,892,NA,NA,67
2005,8,25,12,-24.7,894.3,NA,NA,66
2005,8,25,15,-22.5,898.1,NA,NA,65
2005,8,25,18,-21.7,895.8,NA,NA,66
2005,8,25,21,-22.1,900.3,NA,NA,69
2005,8,26,0,-21.5,900.6,NA,NA,69
2005,8,26,3,-20.4,900.8,NA,NA,42
2005,8,26,6,-21.7,900.3,NA,NA,59
2005,8,26,9,-22,898,NA,NA,61
2005,8,26,12,-21.4,895.7,NA,NA,59
2005,8,26,15,-22.2,894.1,NA,NA,51
2005,8,26,18,-21.9,891.9,NA,NA,67
2005,8,26,21,-21.9,890.4,NA,NA,69
2005,8,27,0,-22.7,890.1,NA,NA,69
2005,8,27,3,-24.7,891,NA,NA,66
2005,8,27,6,-26.2,892.1,NA,NA,65
2005,8,27,9,-27.2,893.7,NA,NA,63
2005,8,27,12,-27.5,895.4,NA,NA,62
2005,8,27,15,-27.2,897.9,NA,NA,63
2005,8,27,18,-27.9,900.2,NA,NA,62
2005,8,27,21,-28.8,903.1,NA,NA,61
2005,8,28,0,-28.7,906.7,NA,NA,61
2005,8,28,3,-28.2,910.1,NA,NA,61
2005,8,28,6,-27.6,912.1,NA,NA,62
2005,8,28,9,-27.6,913.3,NA,NA,62
2005,8,28,12,-26.6,915.8,NA,NA,62
2005,8,28,15,-26.2,917,NA,NA,63
2005,8,28,18,-25.4,918.5,NA,NA,54
2005,8,28,21,-26.3,921.1,NA,NA,55
2005,8,29,0,-25.7,921.2,NA,NA,47
2005,8,29,3,-26.4,920,NA,NA,50
2005,8,29,6,-26.2,917.8,NA,NA,50
2005,8,29,9,-26.1,915.1,NA,NA,60
2005,8,29,12,-25.9,912.1,NA,NA,61
2005,8,29,15,-25,910.1,NA,NA,65
2005,8,29,18,-24.7,908,NA,NA,66
2005,8,29,21,-25.3,906.1,NA,NA,65
2005,8,30,0,-25.9,903.9,NA,NA,64
2005,8,30,3,-27.1,900.8,NA,NA,63
2005,8,30,6,-27.2,898.9,NA,NA,61
2005,8,30,9,-27.2,898.2,NA,NA,61
2005,8,30,12,-28,898.5,NA,NA,61
2005,8,30,15,-29.5,899.9,NA,NA,60
2005,8,30,18,-29.8,901.8,NA,NA,60
2005,8,30,21,-30.8,903.7,NA,NA,59
2005,8,31,0,-32.5,905,NA,NA,56
2005,8,31,3,-32.9,906.1,NA,NA,56
2005,8,31,6,-33.8,906.7,NA,NA,55
2005,8,31,9,-34.1,906.9,NA,NA,54
2005,8,31,12,-34.1,908.8,NA,NA,54
2005,8,31,15,-33.5,910.2,NA,NA,54
2005,8,31,18,-33,912.4,NA,NA,45
2005,8,31,21,-32.5,915.1,NA,NA,42
2005,9,1,0,-31.5,917.2,NA,NA,41
2005,9,1,3,-30.4,918.2,NA,NA,51
2005,9,1,6,-31.3,918.8,NA,NA,57
2005,9,1,9,-30.4,919.5,NA,NA,57
2005,9,1,12,-29.1,919.5,NA,NA,29
2005,9,1,15,-28.2,918.9,NA,NA,26
2005,9,1,18,-26.6,917.9,NA,NA,20
2005,9,1,21,-23.4,917,NA,NA,21
2005,9,2,0,-21.7,915.4,NA,NA,22
2005,9,2,3,-22.5,913.4,NA,NA,23
2005,9,2,6,-21.9,911.2,NA,NA,19
2005,9,2,9,-21.5,908.6,NA,NA,20
2005,9,2,12,-21.2,906,NA,NA,20
2005,9,2,15,-22.9,904.6,NA,NA,21
2005,9,2,18,NA,904.1,NA,NA,40
2005,9,2,21,NA,903.7,NA,NA,55
2005,9,3,0,-29.6,903.7,NA,NA,59
2005,9,3,3,-29.6,902.5,NA,NA,59
2005,9,3,6,-30,902.3,NA,NA,58
2005,9,3,9,-30.2,901.7,NA,NA,57
2005,9,3,12,-30.8,902.9,NA,NA,56
2005,9,3,15,-31.1,903.8,NA,NA,57
2005,9,3,18,-31.8,906.2,NA,NA,56
2005,9,3,21,-31.4,908.5,NA,NA,56
2005,9,4,0,-30.7,910.8,NA,NA,57
2005,9,4,3,-29.9,912.5,NA,NA,59
2005,9,4,6,-29.6,913.6,NA,NA,59
2005,9,4,9,-27.6,914.7,NA,NA,57
2005,9,4,12,-25.6,915.5,NA,NA,29
2005,9,4,15,-24.3,916.2,NA,NA,26
2005,9,4,18,-23.6,916,NA,NA,24
2005,9,4,21,-23,915.7,NA,NA,25
2005,9,5,0,-24.3,914.6,NA,NA,27
2005,9,5,3,-24,913.2,NA,NA,26
2005,9,5,6,-27.4,911.7,NA,NA,43
2005,9,5,9,-27.5,911.4,NA,NA,40
2005,9,5,12,-31.1,912.6,NA,NA,53
2005,9,5,15,-31.5,915.5,NA,NA,56
2005,9,5,18,-30.8,918.9,NA,NA,57
2005,9,5,21,-28.4,921.4,NA,NA,59
2005,9,6,0,-28,923.7,NA,NA,49
2005,9,6,3,-28.5,925.2,NA,NA,54
2005,9,6,6,-28.1,927.1,NA,NA,60
2005,9,6,9,-28.5,927.8,NA,NA,60
2005,9,6,12,-28.3,927,NA,NA,60
2005,9,6,15,-28,926.2,NA,NA,60
2005,9,6,18,-26,924,NA,NA,40
2005,9,6,21,NA,922,NA,NA,25
2005,9,7,0,NA,921,NA,NA,23
2005,9,7,3,-18.9,921.3,NA,NA,22
2005,9,7,6,-19.6,922.4,NA,NA,22
2005,9,7,9,-20,925.7,NA,NA,20
2005,9,7,12,-23.2,930,NA,NA,22
2005,9,7,15,-23.8,933.9,NA,NA,31
2005,9,7,18,-21.8,935.7,NA,NA,23
2005,9,7,21,-21.7,936.4,NA,NA,24
2005,9,8,0,-23.1,NA,NA,NA,34
2005,9,8,3,-23.2,933.5,NA,NA,39
2005,9,8,6,-21.5,932.7,NA,NA,26
2005,9,8,9,-21.8,932,NA,NA,23
2005,9,8,12,-19.3,931.8,NA,NA,19
2005,9,8,15,-19,932.2,NA,NA,18
2005,9,8,18,-19.3,932.4,NA,NA,17
2005,9,8,21,-21.5,933.2,NA,NA,22
2005,9,9,0,-21.4,933.1,NA,NA,22
2005,9,9,3,-21.2,932.5,NA,NA,19
2005,9,9,6,-22.4,931.9,NA,NA,25
2005,9,9,9,-20.7,930.3,NA,NA,22
2005,9,9,12,-18.2,927.8,NA,NA,16
2005,9,9,15,-17.6,925.5,NA,NA,15
2005,9,9,18,-17.4,922.6,NA,NA,15
2005,9,9,21,-15.3,920.4,NA,NA,14
2005,9,10,0,-14.5,918.6,NA,NA,18
2005,9,10,3,-17.3,917,NA,NA,15
2005,9,10,6,-17.8,915.9,NA,NA,21
2005,9,10,9,-20.7,915.1,NA,NA,23
2005,9,10,12,-20.6,913.9,NA,NA,26
2005,9,10,15,-17.1,913.1,NA,NA,20
2005,9,10,18,-19,913.4,NA,NA,24
2005,9,10,21,-19.2,914.3,NA,NA,22
2005,9,11,0,-20.3,916.3,NA,NA,32
2005,9,11,3,-22,917.2,NA,NA,39
2005,9,11,6,NA,918.2,NA,NA,55
2005,9,11,9,NA,918.7,NA,NA,62
2005,9,11,12,-25.9,918.9,NA,NA,57
2005,9,11,15,-25.3,918.9,NA,NA,46
2005,9,11,18,-24.7,919.1,NA,NA,44
2005,9,11,21,-24.4,918,NA,NA,31
2005,9,12,0,-22.9,916.4,NA,NA,27
2005,9,12,3,-24.2,914.1,NA,NA,31
2005,9,12,6,-26.7,911.8,NA,NA,45
2005,9,12,9,-26,909.3,NA,NA,51
2005,9,12,12,-26.5,907.7,NA,NA,61
2005,9,12,15,-26.5,907.3,NA,NA,62
2005,9,12,18,-26.4,908.1,NA,NA,62
2005,9,12,21,-27,909.6,NA,NA,62
2005,9,13,0,-29.2,912,NA,NA,58
2005,9,13,3,-26.2,913.4,NA,NA,62
2005,9,13,6,-26.1,915,NA,NA,63
2005,9,13,9,-26,918.3,NA,NA,63
2005,9,13,12,-24.6,920.9,NA,NA,65
2005,9,13,15,-22.9,923,NA,NA,44
2005,9,13,18,-22.5,925.4,NA,NA,38
2005,9,13,21,-21.6,925.6,NA,NA,40
2005,9,14,0,-21.2,927,NA,NA,40
2005,9,14,3,-21.1,927.1,NA,NA,40
2005,9,14,6,-18.5,926.8,NA,NA,35
2005,9,14,9,-17,926.1,NA,NA,35
2005,9,14,12,-15.3,925.9,NA,NA,30
2005,9,14,15,-14.7,926.2,NA,NA,26
2005,9,14,18,-13.1,924.8,NA,NA,29
2005,9,14,21,-11.6,923.2,NA,NA,40
2005,9,15,0,-10.7,921.8,NA,NA,NA
2005,9,15,3,-10.4,917.8,NA,NA,75
2005,9,15,6,-11.5,913,NA,NA,82
2005,9,15,9,-12.1,908,NA,NA,81
2005,9,15,12,-12,904.8,NA,NA,81
2005,9,15,15,-12.2,903.4,NA,NA,81
2005,9,15,18,-12.6,903.3,NA,NA,80
2005,9,15,21,-13.6,902.5,NA,NA,80
2005,9,16,0,NA,901.6,NA,NA,79
2005,9,16,3,-16.8,905.6,NA,NA,77
2005,9,16,6,-16.9,907.1,NA,NA,74
2005,9,16,9,-17,911,NA,NA,73
2005,9,16,12,-16.7,914.4,NA,NA,77
2005,9,16,15,-16.1,915.6,NA,NA,78
2005,9,16,18,-16.4,916,NA,NA,77
2005,9,16,21,-16.7,919.2,NA,NA,77
2005,9,17,0,-17.1,921.1,NA,NA,77
2005,9,17,3,-19.6,919.8,NA,NA,74
2005,9,17,6,-17.8,921.8,NA,NA,63
2005,9,17,9,-17.1,923.3,NA,NA,58
2005,9,17,12,-17.1,924.8,NA,NA,47
2005,9,17,15,-18.8,925.7,NA,NA,55
2005,9,17,18,-18,927.5,NA,NA,52
2005,9,17,21,-18,925.6,NA,NA,50
2005,9,18,0,-18.6,923.3,NA,NA,57
2005,9,18,3,-17.2,922.4,NA,NA,44
2005,9,18,6,-15,921.4,NA,NA,37
2005,9,18,9,-15.1,921.8,NA,NA,33
2005,9,18,12,-13.7,918.9,NA,NA,29
2005,9,18,15,NA,916.2,NA,NA,17
2005,9,18,18,NA,913.4,NA,NA,16
2005,9,18,21,NA,911,NA,NA,10
2005,9,19,0,NA,907.8,NA,NA,12
2005,9,19,3,-0.6,904.3,NA,NA,15
2005,9,19,6,-4.3,901.4,NA,NA,19
2005,9,19,9,NA,903.5,NA,NA,51
2005,9,19,12,NA,900.6,NA,NA,71
2005,9,19,15,-17.5,910.1,NA,NA,57
2005,9,19,18,-16.9,911.9,NA,NA,62
2005,9,19,21,-16.9,911.7,NA,NA,59
2005,9,20,0,-15.6,911.3,NA,NA,43
2005,9,20,3,-17.1,911.1,NA,NA,63
2005,9,20,6,-15.5,910.9,NA,NA,40
2005,9,20,9,-15.8,910.5,NA,NA,36
2005,9,20,12,-15.5,908.9,NA,NA,34
2005,9,20,15,-15.8,907.2,NA,NA,32
2005,9,20,18,-15.5,905.7,NA,NA,37
2005,9,20,21,-15.8,904.5,NA,NA,44
2005,9,21,0,-14.5,905,NA,NA,45
2005,9,21,3,-16.2,907.2,NA,NA,38
2005,9,21,6,-16.2,910.4,NA,NA,50
2005,9,21,9,-17.9,912.1,NA,NA,51
2005,9,21,12,-18.4,912.9,NA,NA,46
2005,9,21,15,-20.1,913.8,NA,NA,51
2005,9,21,18,-20.2,914.9,NA,NA,63
2005,9,21,21,-20.9,916.1,NA,NA,69
2005,9,22,0,-22.3,916.9,NA,NA,68
2005,9,22,3,-23,916.5,NA,NA,67
2005,9,22,6,-23.5,916.7,NA,NA,66
2005,9,22,9,-24,916.5,NA,NA,66
2005,9,22,12,-24.2,916.8,NA,NA,66
2005,9,22,15,-24.4,916.8,NA,NA,66
2005,9,22,18,-25,916.8,NA,NA,65
2005,9,22,21,-26.5,917.4,NA,NA,63
2005,9,23,0,-26.2,917.7,NA,NA,63
2005,9,23,3,-26.9,918.2,NA,NA,62
2005,9,23,6,-27.4,918.4,NA,NA,62
2005,9,23,9,-27.5,917.8,NA,NA,62
2005,9,23,12,-27.1,919.4,NA,NA,61
2005,9,23,15,-27.2,918.9,NA,NA,61
2005,9,23,18,-26.7,917.5,NA,NA,52
2005,9,23,21,-26.9,915.7,NA,NA,49
2005,9,24,0,-26.4,914.1,NA,NA,60
2005,9,24,3,-26.9,912.4,NA,NA,60
2005,9,24,6,-27.6,911,NA,NA,62
2005,9,24,9,-29.3,910,NA,NA,59
2005,9,24,12,-28.5,909.3,NA,NA,60
2005,9,24,15,-30.3,908.7,NA,NA,58
2005,9,24,18,-28.8,908.8,NA,NA,59
2005,9,24,21,-28.8,909.4,NA,NA,59
2005,9,25,0,-30.9,909.8,NA,NA,57
2005,9,25,3,-29.8,910.5,NA,NA,58
2005,9,25,6,-29.5,911.5,NA,NA,58
2005,9,25,9,-29.8,913.6,NA,NA,58
2005,9,25,12,-30.6,914.9,NA,NA,58
2005,9,25,15,-30.7,916.9,NA,NA,57
2005,9,25,18,-31.1,918.3,NA,NA,57
2005,9,25,21,-31,919,NA,NA,57
2005,9,26,0,-30.4,919.2,NA,NA,58
2005,9,26,3,-29.9,918.7,NA,NA,58
2005,9,26,6,-30.2,918.3,NA,NA,58
2005,9,26,9,-30.5,917.6,NA,NA,57
2005,9,26,12,-30.3,916.8,NA,NA,57
2005,9,26,15,-31.3,915.9,NA,NA,53
2005,9,26,18,-29.7,915.4,NA,NA,49
2005,9,26,21,-31.3,915.2,NA,NA,55
2005,9,27,0,-28.2,914.6,NA,NA,51
2005,9,27,3,-27.3,914.2,NA,NA,47
2005,9,27,6,-28.5,913.8,NA,NA,42
2005,9,27,9,-28.8,913.8,NA,NA,35
2005,9,27,12,-28.7,913.8,NA,NA,30
2005,9,27,15,-28.3,914.3,NA,NA,29
2005,9,27,18,-27.7,914.8,NA,NA,29
2005,9,27,21,-27.8,916.1,NA,NA,27
2005,9,28,0,-27.1,917.2,NA,NA,25
2005,9,28,3,-25.8,918.2,NA,NA,30
2005,9,28,6,-25.1,918.9,NA,NA,30
2005,9,28,9,-25.5,920.5,NA,NA,30
2005,9,28,12,-25.8,921.3,NA,NA,33
2005,9,28,15,-24.2,922.6,NA,NA,32
2005,9,28,18,-23.8,923.5,NA,NA,30
2005,9,28,21,-22.9,924.6,NA,NA,33
2005,9,29,0,-21,925,NA,NA,30
2005,9,29,3,-18.5,925.4,NA,NA,28
2005,9,29,6,-19.5,925.7,NA,NA,25
2005,9,29,9,-18.6,926.3,NA,NA,22
2005,9,29,12,-18.8,928.3,NA,NA,19
2005,9,29,15,NA,929.2,NA,NA,33
2005,9,29,18,-23.2,930.2,NA,NA,35
2005,9,29,21,-21.2,931,NA,NA,32
2005,9,30,0,NA,931.7,NA,NA,26
2005,9,30,3,-17.2,931.9,NA,NA,21
2005,9,30,6,-15.3,931.8,NA,NA,19
2005,9,30,9,-12.9,929.8,NA,NA,16
2005,9,30,12,-10.9,926.4,NA,NA,12
2005,9,30,15,NA,923.2,NA,NA,11
2005,9,30,18,NA,921.1,NA,NA,9
2005,9,30,21,NA,920.6,NA,NA,13
2005,10,1,0,-2.5,919.7,NA,NA,15
2005,10,1,3,-2.1,918.4,NA,NA,15
2005,10,1,6,NA,919.5,NA,NA,22
2005,10,1,9,NA,918,NA,NA,25
2005,10,1,12,-8.4,916.6,NA,NA,25
2005,10,1,15,NA,914.2,NA,NA,34
2005,10,1,18,-11.1,910.6,NA,NA,37
2005,10,1,21,-13.6,907,NA,NA,42
2005,10,2,0,-14.1,905.4,NA,NA,54
2005,10,2,3,NA,903.7,NA,NA,34
2005,10,2,6,NA,901.3,NA,NA,61
2005,10,2,9,NA,901.9,NA,NA,50
2005,10,2,12,-18.3,902.3,NA,NA,61
2005,10,2,15,-21.1,901.8,NA,NA,68
2005,10,2,18,-21.4,905.4,NA,NA,66
2005,10,2,21,-22.1,908.9,NA,NA,67
2005,10,3,0,-21.6,911.5,NA,NA,68
2005,10,3,3,-21.6,912.3,NA,NA,68
2005,10,3,6,-21.1,911.1,NA,NA,62
2005,10,3,9,-22.1,909.1,NA,NA,66
2005,10,3,12,-22.7,906.6,NA,NA,67
2005,10,3,15,-19.6,905.7,NA,NA,46
2005,10,3,18,NA,906.4,NA,NA,27
2005,10,3,21,NA,906.9,NA,NA,19
2005,10,4,0,-9.6,907.6,NA,NA,19
2005,10,4,3,-9,907.5,NA,NA,17
2005,10,4,6,-8,907.2,NA,NA,14
2005,10,4,9,-11.1,905.3,NA,NA,15
2005,10,4,12,-11.7,903.6,NA,NA,20
2005,10,4,15,-11.8,903.4,NA,NA,17
2005,10,4,18,-9.9,904.4,NA,NA,18
2005,10,4,21,NA,906.8,NA,NA,20
2005,10,5,0,NA,910.1,NA,NA,49
2005,10,5,3,-15.6,911.4,NA,NA,53
2005,10,5,6,-15.9,911.6,NA,NA,45
2005,10,5,9,-14.5,911.1,NA,NA,34
2005,10,5,12,-15.2,912.4,NA,NA,35
2005,10,5,15,-15.6,914.5,NA,NA,44
2005,10,5,18,-13.8,915.8,NA,NA,34
2005,10,5,21,NA,915.9,NA,NA,38
2005,10,6,0,NA,914.1,NA,NA,37
2005,10,6,3,NA,912.4,NA,NA,26
2005,10,6,6,NA,909.9,NA,NA,24
2005,10,6,9,NA,908.5,NA,NA,37
2005,10,6,12,-1.9,907.8,NA,NA,33
2005,10,6,15,NA,906.2,NA,NA,31
2005,10,6,18,0.4,905.3,NA,NA,33
2005,10,6,21,NA,905.4,NA,NA,68
2005,10,7,0,NA,908.3,NA,NA,75
2005,10,7,3,-17.3,910,NA,NA,75
2005,10,7,6,-19.1,913.4,NA,NA,72
2005,10,7,9,-18.8,914.5,NA,NA,73
2005,10,7,12,-19.7,913.7,NA,NA,72
2005,10,7,15,-19.4,913,NA,NA,72
2005,10,7,18,-19.6,910.8,NA,NA,72
2005,10,7,21,-18.5,909.4,NA,NA,72
2005,10,8,0,-15.4,907.5,NA,NA,77
2005,10,8,3,-16.8,905.4,NA,NA,74
2005,10,8,6,-13.5,903.7,NA,NA,78
2005,10,8,9,NA,901.1,NA,NA,60
2005,10,8,12,-8.6,898.6,NA,NA,31
2005,10,8,15,-13,897.8,NA,NA,27
2005,10,8,18,NA,899,NA,NA,63
2005,10,8,21,NA,900.7,NA,NA,60
2005,10,9,0,-21,902,NA,NA,56
2005,10,9,3,-21.2,904.1,NA,NA,54
2005,10,9,6,-22.4,905.8,NA,NA,58
2005,10,9,9,-24.3,908.6,NA,NA,62
2005,10,9,12,-25.4,911,NA,NA,52
2005,10,9,15,-25.4,911.6,NA,NA,49
2005,10,9,18,-25.4,910.2,NA,NA,49
2005,10,9,21,-25,909,NA,NA,61
2005,10,10,0,-24.7,909.1,NA,NA,63
2005,10,10,3,-25,909.1,NA,NA,64
2005,10,10,6,-25,909.3,NA,NA,64
2005,10,10,9,-25.2,910.1,NA,NA,63
2005,10,10,12,-25.3,911,NA,NA,63
2005,10,10,15,-25.5,911.9,NA,NA,63
2005,10,10,18,-26,913.2,NA,NA,62
2005,10,10,21,-26,914.8,NA,NA,62
2005,10,11,0,-26.6,916,NA,NA,62
2005,10,11,3,-23.9,916.6,NA,NA,63
2005,10,11,6,-23.1,917.3,NA,NA,61
2005,10,11,9,-21.4,918.5,NA,NA,34
2005,10,11,12,-19,919.3,NA,NA,19
2005,10,11,15,NA,920.1,NA,NA,20
2005,10,11,18,-16,921.3,NA,NA,22
2005,10,11,21,-16.7,922.6,NA,NA,24
2005,10,12,0,-15.8,923.1,NA,NA,29
2005,10,12,3,-17,923.6,NA,NA,37
2005,10,12,6,-17.7,924,NA,NA,55
2005,10,12,9,-15.9,923.7,NA,NA,40
2005,10,12,12,-13.8,923.1,NA,NA,32
2005,10,12,15,-14.5,922.1,NA,NA,34
2005,10,12,18,-14.9,921.4,NA,NA,37
2005,10,12,21,-18.6,921.9,NA,NA,46
2005,10,13,0,-19.1,922.5,NA,NA,54
2005,10,13,3,-17.7,922.1,NA,NA,52
2005,10,13,6,-15.5,920.5,NA,NA,41
2005,10,13,9,-14.6,918.2,NA,NA,36
2005,10,13,12,-15.6,916.3,NA,NA,35
2005,10,13,15,-14.7,915.5,NA,NA,33
2005,10,13,18,-14.2,913,NA,NA,30
2005,10,13,21,-13.2,909.4,NA,NA,27
2005,10,14,0,-16.6,908.2,NA,NA,NA
2005,10,14,3,-17.6,908.3,NA,NA,72
2005,10,14,6,-17.8,908.1,NA,NA,72
2005,10,14,9,-20.2,908.8,NA,NA,71
2005,10,14,12,-18.5,910,NA,NA,72
2005,10,14,15,-19.2,910.3,NA,NA,72
2005,10,14,18,-18.1,909.5,NA,NA,72
2005,10,14,21,-18.6,908.1,NA,NA,73
2005,10,15,0,-18.1,906.2,NA,NA,73
2005,10,15,3,-17.4,902.9,NA,NA,74
2005,10,15,6,-17.4,902,NA,NA,75
2005,10,15,9,-17.9,901.2,NA,NA,74
2005,10,15,12,-20.4,900.9,NA,NA,71
2005,10,15,15,-20.7,901.7,NA,NA,70
2005,10,15,18,-18.7,901.8,NA,NA,72
2005,10,15,21,-18.8,904.4,NA,NA,72
2005,10,16,0,-18.4,907.7,NA,NA,71
2005,10,16,3,-18.9,910.7,NA,NA,71
2005,10,16,6,-19.9,912.3,NA,NA,71
2005,10,16,9,-20.4,915.2,NA,NA,61
2005,10,16,12,-20.5,917.5,NA,NA,57
2005,10,16,15,-21,918.7,NA,NA,67
2005,10,16,18,-21.4,918.3,NA,NA,68
2005,10,16,21,-20.6,916.7,NA,NA,69
2005,10,17,0,-20.7,914.7,NA,NA,70
2005,10,17,3,-21,913,NA,NA,70
2005,10,17,6,-21.1,912.6,NA,NA,70
2005,10,17,9,-19.9,913.8,NA,NA,71
2005,10,17,12,-21.7,914.8,NA,NA,70
2005,10,17,15,-21,916.2,NA,NA,70
2005,10,17,18,-21.7,917.9,NA,NA,69
2005,10,17,21,-21.9,920.1,NA,NA,69
2005,10,18,0,-21.9,922.1,NA,NA,69
2005,10,18,3,-20.9,921.9,NA,NA,70
2005,10,18,6,-21.3,920.1,NA,NA,69
2005,10,18,9,-22.2,917.5,NA,NA,68
2005,10,18,12,-21.6,914.1,NA,NA,69
2005,10,18,15,-19.3,911.7,NA,NA,63
2005,10,18,18,-21.3,911,NA,NA,62
2005,10,18,21,-19.8,910.8,NA,NA,67
2005,10,19,0,-21.3,911.2,NA,NA,70
2005,10,19,3,-22.1,911.8,NA,NA,68
2005,10,19,6,-21.6,912.9,NA,NA,69
2005,10,19,9,-21.2,914.9,NA,NA,69
2005,10,19,12,-21.8,916,NA,NA,69
2005,10,19,15,-23,916.8,NA,NA,68
2005,10,19,18,-22.7,917.3,NA,NA,68
2005,10,19,21,-21.3,917.4,NA,NA,69
2005,10,20,0,-22,917.2,NA,NA,70
2005,10,20,3,-21.2,917.4,NA,NA,69
2005,10,20,6,-23,917.5,NA,NA,68
2005,10,20,9,-18.3,916.3,NA,NA,71
2005,10,20,12,NA,917.9,NA,NA,72
2005,10,20,15,-17.2,918.2,NA,NA,72
2005,10,20,18,-15.2,917.8,NA,NA,59
2005,10,20,21,-17.7,916.7,NA,NA,64
2005,10,21,0,NA,917.3,NA,NA,60
2005,10,21,3,NA,912.9,NA,NA,58
2005,10,21,6,-12.3,912.5,NA,NA,76
2005,10,21,9,-11.8,916,NA,NA,71
2005,10,21,12,-11.4,911.8,NA,NA,60
2005,10,21,15,-13.6,915.7,NA,NA,79
2005,10,21,18,-13.3,913.7,NA,NA,79
2005,10,21,21,-12.9,913.6,NA,NA,79
2005,10,22,0,-12.2,912.2,NA,NA,78
2005,10,22,3,-10.7,910.6,NA,NA,69
2005,10,22,6,-11.6,911,NA,NA,49
2005,10,22,9,-11.5,914.2,NA,NA,43
2005,10,22,12,-12.4,916.8,NA,NA,45
2005,10,22,15,-13.2,916.6,NA,NA,48
2005,10,22,18,-17.4,915,NA,NA,68
2005,10,22,21,-17.5,916.3,NA,NA,45
2005,10,23,0,-18.9,916.8,NA,NA,62
2005,10,23,3,-17.5,917.8,NA,NA,63
2005,10,23,6,-14.5,918.1,NA,NA,51
2005,10,23,9,-13,916.9,NA,NA,45
2005,10,23,12,-12.6,917,NA,NA,42
2005,10,23,15,-11.8,916.2,NA,NA,42
2005,10,23,18,-13.8,914.8,NA,NA,51
2005,10,23,21,-13.2,917.2,NA,NA,67
2005,10,24,0,-12.1,916.1,NA,NA,59
2005,10,24,3,-10.9,911.6,NA,NA,59
2005,10,24,6,-10.9,910.4,NA,NA,57
2005,10,24,9,-11.1,911.3,NA,NA,61
2005,10,24,12,-10.9,908.7,NA,NA,53
2005,10,24,15,-12,910.2,NA,NA,58
2005,10,24,18,-12.2,911,NA,NA,53
2005,10,24,21,-12.4,912.7,NA,NA,53
2005,10,25,0,-11,914.2,NA,NA,64
2005,10,25,3,-12.6,914,NA,NA,55
2005,10,25,6,-12.5,915.3,NA,NA,56
2005,10,25,9,-14.6,915.6,NA,NA,53
2005,10,25,12,-14.9,916.8,NA,NA,56
2005,10,25,15,-13.9,917.4,NA,NA,49
2005,10,25,18,-14.7,918.4,NA,NA,61
2005,10,25,21,-12.7,919.2,NA,NA,56
2005,10,26,0,-13.6,920,NA,NA,59
2005,10,26,3,-14.6,920.1,NA,NA,69
2005,10,26,6,-15.3,920.4,NA,NA,75
2005,10,26,9,-16.6,920.4,NA,NA,75
2005,10,26,12,-16.8,920.9,NA,NA,75
2005,10,26,15,-17.2,921.4,NA,NA,74
2005,10,26,18,-16.4,921.7,NA,NA,75
2005,10,26,21,-15.4,921.9,NA,NA,69
2005,10,27,0,NA,922.1,NA,NA,40
2005,10,27,3,-10.7,922.1,NA,NA,34
2005,10,27,6,-9.9,922.2,NA,NA,34
2005,10,27,9,-10.5,922.1,NA,NA,32
2005,10,27,12,-10.7,922,NA,NA,27
2005,10,27,15,-11,921.4,NA,NA,29
2005,10,27,18,-10.7,920.8,NA,NA,32
2005,10,27,21,-9.8,919.9,NA,NA,44
2005,10,28,0,-11,919.4,NA,NA,49
2005,10,28,3,-9.4,918.4,NA,NA,36
2005,10,28,6,-11.5,917.6,NA,NA,42
2005,10,28,9,-13,917.1,NA,NA,57
2005,10,28,12,-13.7,917,NA,NA,62
2005,10,28,15,-14.8,916.9,NA,NA,75
2005,10,28,18,-14.2,917.3,NA,NA,78
2005,10,28,21,-14.7,917.8,NA,NA,78
2005,10,29,0,-15,918.4,NA,NA,78
2005,10,29,3,-16.4,919.2,NA,NA,76
2005,10,29,6,-16.7,920.3,NA,NA,76
2005,10,29,9,-17,922,NA,NA,75
2005,10,29,12,-17.7,922.6,NA,NA,74
2005,10,29,15,-17.3,922.5,NA,NA,75
2005,10,29,18,-17.5,921.8,NA,NA,74
2005,10,29,21,-16.8,920.9,NA,NA,76
2005,10,30,0,-15.1,918.9,NA,NA,77
2005,10,30,3,-15.3,918.2,NA,NA,78
2005,10,30,6,-16.8,916.8,NA,NA,76
2005,10,30,9,-19.1,916.3,NA,NA,75
2005,10,30,12,-18,915.9,NA,NA,74
2005,10,30,15,-16,915.1,NA,NA,76
2005,10,30,18,-15.6,913.7,NA,NA,73
2005,10,30,21,-14.2,911.8,NA,NA,56
2005,10,31,0,-14.6,910.1,NA,NA,63
2005,10,31,3,-14.8,908.8,NA,NA,53
2005,10,31,6,-15.7,907.1,NA,NA,50
2005,10,31,9,-15.4,905.6,NA,NA,46
2005,10,31,12,-16.5,904.1,NA,NA,51
2005,10,31,15,-15.9,902.7,NA,NA,42
2005,10,31,18,-15.3,901.9,NA,NA,38
2005,10,31,21,-15.7,900.4,NA,NA,37
2005,11,1,0,-16.6,899.8,NA,NA,51
2005,11,1,3,-15.8,899.4,NA,NA,58
2005,11,1,6,-15.3,898.8,NA,NA,58
2005,11,1,9,-15.6,899,NA,NA,53
2005,11,1,12,-15,899,NA,NA,40
2005,11,1,15,-14.8,899,NA,NA,37
2005,11,1,18,-13.6,897.8,NA,NA,34
2005,11,1,21,-12.7,897.3,NA,NA,42
2005,11,2,0,-12.9,893.1,NA,NA,73
2005,11,2,3,-13.3,896.7,NA,NA,79
2005,11,2,6,-14.8,901.3,NA,NA,78
2005,11,2,9,-15,901.2,NA,NA,77
2005,11,2,12,-14.5,900.6,NA,NA,69
2005,11,2,15,-13.7,900.4,NA,NA,70
2005,11,2,18,-13.1,899,NA,NA,67
2005,11,2,21,-12.4,899.3,NA,NA,71
2005,11,3,0,-12.1,899.2,NA,NA,79
2005,11,3,3,-11.3,900.6,NA,NA,80
2005,11,3,6,-10.4,900.2,NA,NA,82
2005,11,3,9,-10.3,904.7,NA,NA,83
2005,11,3,12,-11.1,908.5,NA,NA,82
2005,11,3,15,-9.1,907.9,NA,NA,80
2005,11,3,18,-10.3,911.6,NA,NA,83
2005,11,3,21,-11.1,915.3,NA,NA,77
2005,11,4,0,-7.1,915.2,NA,NA,53
2005,11,4,3,-8.6,913.9,NA,NA,57
2005,11,4,6,-9,912.3,NA,NA,57
2005,11,4,9,-8.5,911.7,NA,NA,47
2005,11,4,12,-9.5,910.5,NA,NA,51
2005,11,4,15,-10.6,910.1,NA,NA,55
2005,11,4,18,-11.8,910.1,NA,NA,58
2005,11,4,21,-10.4,911.6,NA,NA,54
2005,11,5,0,-11.3,912.3,NA,NA,45
2005,11,5,3,-12.2,911.8,NA,NA,54
2005,11,5,6,-12.6,911.4,NA,NA,72
2005,11,5,9,-12.7,911.5,NA,NA,78
2005,11,5,12,-13.2,911.4,NA,NA,80
2005,11,5,15,-14.5,911,NA,NA,79
2005,11,5,18,-14.1,910.5,NA,NA,78
2005,11,5,21,-14.7,910.2,NA,NA,79
2005,11,6,0,-14.2,910.3,NA,NA,69
2005,11,6,3,-13.8,910.5,NA,NA,63
2005,11,6,6,-14.9,910.2,NA,NA,72
2005,11,6,9,-14.8,909.9,NA,NA,69
2005,11,6,12,-16.2,909.5,NA,NA,68
2005,11,6,15,-16.1,909.1,NA,NA,64
2005,11,6,18,NA,NA,NA,NA,NA
2005,11,6,21,NA,NA,NA,NA,NA
2005,11,7,0,-13.9,905.8,NA,40,57
2005,11,7,3,-14.5,904.3,NA,40,60
2005,11,7,6,-13.8,903.1,NA,50,73
2005,11,7,9,-14,903.1,NA,40,77
2005,11,7,12,-14.6,903.1,NA,340,78
2005,11,7,15,-14.5,904,NA,250,77
2005,11,7,18,-14.8,905.5,NA,250,77
2005,11,7,21,-15.9,907.6,NA,260,77
2005,11,8,0,-15.4,909.6,NA,230,76
2005,11,8,3,-15.7,910.7,NA,230,77
2005,11,8,6,-15.2,911.8,13,230,76
2005,11,8,9,-15.2,911.8,NA,240,64
2005,11,8,12,-14.8,910.7,NA,NA,54
2005,11,8,15,-15.5,909.2,NA,NA,75
2005,11,8,18,-15.3,912,NA,NA,77
2005,11,8,21,-14.6,911.6,NA,250,77
2005,11,9,0,-14.3,908.9,NA,240,77
2005,11,9,3,-14.8,910.3,NA,240,73
2005,11,9,6,-14.2,911,NA,230,62
2005,11,9,9,-14.8,911.8,NA,250,66
2005,11,9,12,-14.6,910.8,NA,40,56
2005,11,9,15,-16.3,908.1,NA,360,64
2005,11,9,18,-14.8,905.4,NA,10,74
2005,11,9,21,-14.1,903.2,NA,180,61
2005,11,10,0,-15.7,902.2,NA,230,76
2005,11,10,3,-14.9,902.2,NA,240,77
2005,11,10,6,-15.7,902.2,NA,250,77
2005,11,10,9,-15.9,902.5,9,250,76
2005,11,10,12,-16,902.9,NA,230,76
2005,11,10,15,-17.2,902.9,9,240,75
2005,11,10,18,-15.9,903.8,NA,230,58
2005,11,10,21,-16,904.6,11,230,55
2005,11,11,0,-14.5,904.9,NA,230,57
2005,11,11,3,-14.3,905.3,NA,220,64
2005,11,11,6,-15,906,NA,220,74
2005,11,11,9,-15.3,906.4,NA,230,63
2005,11,11,12,-15.1,906.8,NA,260,63
2005,11,11,15,-15.9,907.4,NA,10,57
2005,11,11,18,-14,908.7,NA,0,47
2005,11,11,21,-13.3,910.8,3,50,60
2005,11,12,0,-12.6,913.3,3,70,57
2005,11,12,3,-11.6,916,NA,60,50
2005,11,12,6,-11.5,918.8,1,10,38
2005,11,12,9,-12.1,921.5,2,230,34
2005,11,12,12,-12.6,923.6,NA,230,34
2005,11,12,15,-11.5,923.8,NA,250,68
2005,11,12,18,-12.8,926.6,NA,220,78
2005,11,12,21,-11.1,925.8,NA,230,66
2005,11,13,0,-11.4,926.6,NA,240,68
2005,11,13,3,-12.2,927.7,NA,230,80
2005,11,13,6,-12.4,928.3,NA,240,79
2005,11,13,9,-11.2,927.6,NA,350,72
2005,11,13,12,-10.7,926,NA,340,52
2005,11,13,15,-9.7,924.9,NA,270,50
2005,11,13,18,-9.6,924.5,NA,250,50
2005,11,13,21,-9.7,924.8,2,150,53
2005,11,14,0,-8.6,924.9,2,240,51
2005,11,14,3,-10.6,925.5,NA,190,81
2005,11,14,6,-12.1,925.8,NA,220,81
2005,11,14,9,-12.7,926,NA,220,80
2005,11,14,12,-13.2,925.9,6,260,79
2005,11,14,15,-13.1,925.3,NA,270,76
2005,11,14,18,-11.3,925,NA,350,67
2005,11,14,21,-9.8,924.9,1,30,62
2005,11,15,0,-9.1,925.4,2,60,59
2005,11,15,3,-9.4,925.9,NA,230,49
2005,11,15,6,-8.8,926.6,NA,250,47
2005,11,15,9,-10.3,927.3,9,250,45
2005,11,15,12,-12.5,928.6,NA,230,74
2005,11,15,15,-11.1,929.6,NA,220,54
2005,11,15,18,-12.6,931,NA,240,78
2005,11,15,21,-11.4,932.3,NA,200,67
2005,11,16,0,-12.7,933.7,5,230,80
2005,11,16,3,-12.7,934.1,NA,230,80
2005,11,16,6,-13,934.9,NA,210,80
2005,11,16,9,-13.5,935.4,NA,220,80
2005,11,16,12,-12.2,935.5,NA,0,80
2005,11,16,15,-13.7,935.2,2,10,79
2005,11,16,18,-12.5,934.9,2,200,80
2005,11,16,21,-13.3,934.9,5,70,81
2005,11,17,0,-12.2,934.7,2,20,81
2005,11,17,3,-11.6,934.5,2,220,82
2005,11,17,6,-13.1,934.5,5,10,81
2005,11,17,9,-11.9,933.9,NA,350,74
2005,11,17,12,-12.9,933.3,NA,350,70
2005,11,17,15,-12.4,932.8,NA,20,58
2005,11,17,18,-11.9,932.3,NA,30,60
2005,11,17,21,-10.9,932.4,NA,10,57
2005,11,18,0,-11.5,932,NA,20,60
2005,11,18,3,-10.5,931.2,NA,NA,61
2005,11,18,6,-10.9,931.1,NA,NA,67
2005,11,18,9,-11.3,931.8,NA,20,80
2005,11,18,12,-11.6,932.4,NA,10,81
2005,11,18,15,-11.7,932.6,NA,40,81
2005,11,18,18,-11.4,933.3,NA,40,82
2005,11,18,21,-10.6,933.9,NA,190,83
2005,11,19,0,-10.3,934.2,3,170,83
2005,11,19,3,-10.3,934,2,250,83
2005,11,19,6,-10.8,933.9,3,250,83
2005,11,19,9,-11.6,933.6,5,260,82
2005,11,19,12,-12.3,932.7,NA,240,81
2005,11,19,15,-13,931.7,NA,230,81
2005,11,19,18,-12.6,930.8,NA,220,81
2005,11,19,21,-11.5,930.5,NA,250,71
2005,11,20,0,-11.2,930.3,NA,230,63
2005,11,20,3,-11,929.2,NA,NA,69
2005,11,20,6,-11.4,929.3,25,NA,71
2005,11,20,9,-11.6,929.5,NA,NA,70
2005,11,20,12,-12.7,929.4,23,NA,65
2005,11,20,15,-12.4,929.1,25,NA,62
2005,11,20,18,-11.6,929.2,NA,240,67
2005,11,20,21,-11.6,928.3,NA,240,69
2005,11,21,0,-11.5,NA,NA,240,68
2005,11,21,3,-12.1,930.9,NA,230,78
2005,11,21,6,-11.9,930.9,NA,220,76
2005,11,21,9,-11.6,931.3,NA,250,67
2005,11,21,12,-11.7,931.2,NA,310,57
2005,11,21,15,-12.3,930.5,NA,20,46
2005,11,21,18,-10.1,930.8,NA,70,51
2005,11,21,21,-11.5,931,NA,220,62
2005,11,22,0,-11.2,930.6,NA,150,65
2005,11,22,3,-12.4,930.6,5,80,71
2005,11,22,6,-12.7,930.2,NA,100,74
2005,11,22,9,-12.5,930.2,5,90,81
2005,11,22,12,-12.7,930,3,100,79
2005,11,22,15,-12.7,929.2,3,100,81
2005,11,22,18,-13,928.7,4,50,80
2005,11,22,21,-12.2,928.4,6,60,81
2005,11,23,0,-13.3,928.1,3,270,81
2005,11,23,3,-11.6,927.7,NA,250,81
2005,11,23,6,-11.5,927.7,NA,0,81
2005,11,23,9,-13.3,927.6,4,270,80
2005,11,23,12,-13.3,927.3,2,260,80
2005,11,23,15,-12.9,927.1,NA,NA,81
2005,11,23,18,-13.2,927.4,2,10,81
2005,11,23,21,-12.6,927.7,4,20,81
2005,11,24,0,-11.9,927.3,2,350,80
2005,11,24,3,-9.7,927,NA,NA,71
2005,11,24,6,-9.5,926.6,1,300,45
2005,11,24,9,-11.5,926.5,1,340,46
2005,11,24,12,-11.7,925.8,2,310,49
2005,11,24,15,-11.1,925.3,4,330,47
2005,11,24,18,-10,925.5,1,310,50
2005,11,24,21,-9.1,925.7,3,120,48
2005,11,25,0,-8,926.4,1,90,47
2005,11,25,3,-9,927,3,250,49
2005,11,25,6,-10.1,927.8,NA,240,51
2005,11,25,9,-10.3,928.7,5,240,59
2005,11,25,12,-10.6,929,NA,240,71
2005,11,25,15,-10.9,929.2,NA,330,56
2005,11,25,18,-8.7,929.5,NA,360,53
2005,11,25,21,-8.1,930.2,NA,360,53
2005,11,26,0,-7.3,930.9,1,230,47
2005,11,26,3,-6.9,931.6,2,30,45
2005,11,26,6,-7.1,932.5,NA,340,33
2005,11,26,9,-5.5,933.4,NA,330,27
2005,11,26,12,-6.1,935,NA,310,26
2005,11,26,15,-3.5,935.9,NA,320,22
2005,11,26,18,-2.2,937.8,4,290,22
2005,11,26,21,-6.9,940.6,4,160,42
2005,11,27,0,-6.7,942.1,NA,60,50
2005,11,27,3,-7,942.3,NA,40,47
2005,11,27,6,-7.9,942,NA,30,42
2005,11,27,9,-6.6,940.3,NA,0,33
2005,11,27,12,-8.1,938.1,NA,40,47
2005,11,27,15,-7.8,935.7,3,20,44
2005,11,27,18,-7,933.6,NA,230,46
2005,11,27,21,-8.5,931.9,NA,240,60
2005,11,28,0,-6.8,930.7,NA,220,82
2005,11,28,3,-8.8,929.3,NA,230,83
2005,11,28,6,-6,928,NA,240,56
2005,11,28,9,-7,928.1,29,NA,54
2005,11,28,12,-6.5,926,33,NA,55
2005,11,28,15,-7.8,925.4,NA,NA,55
2005,11,28,18,-8.6,925.3,34,230,72
2005,11,28,21,-9.6,924.9,NA,230,79
2005,11,29,0,-9.1,924.6,NA,220,73
2005,11,29,3,-9.4,923.7,NA,240,83
2005,11,29,6,-9.2,922.8,NA,240,77
2005,11,29,9,-9.2,922.1,NA,260,74
2005,11,29,12,-9.7,920.8,NA,330,65
2005,11,29,15,-10.3,919.1,NA,350,60
2005,11,29,18,-8.9,918.4,NA,70,81
2005,11,29,21,-8.2,918.4,NA,50,84
2005,11,30,0,-8.8,918.9,2,250,84
2005,11,30,3,-7.8,919.4,2,250,80
2005,11,30,6,-9.4,920,NA,220,74
2005,11,30,9,-9.7,920.9,NA,230,72
2005,11,30,12,-10.3,922.8,NA,220,82
2005,11,30,15,-10.5,923.9,NA,250,83
2005,11,30,18,-10.7,925.1,8,240,83
2005,11,30,21,-10,926.5,NA,200,81
2005,12,1,0,-9.9,927.4,10,230,83
2005,12,1,3,-9.9,927.8,NA,230,77
2005,12,1,6,-10.5,925.7,NA,240,81
2005,12,1,9,-10.2,926.4,NA,NA,63
2005,12,1,12,-10.2,925.6,41,NA,59
2005,12,1,15,-10.6,925.6,NA,NA,64
2005,12,1,18,-10.4,923.6,NA,NA,75
2005,12,1,21,-10.9,923.9,NA,NA,82
2005,12,2,0,-10,923.9,NA,230,80
2005,12,2,3,-9.2,921.2,NA,230,79
2005,12,2,6,-10.1,922.7,NA,220,84
2005,12,2,9,-9.5,922.3,NA,NA,84
2005,12,2,12,-9.6,921.2,59,NA,84
2005,12,2,15,-9.7,920.6,NA,240,84
2005,12,2,18,-9.3,918.6,NA,NA,84
2005,12,2,21,-9.6,919.8,NA,NA,84
2005,12,3,0,-8.9,924.4,NA,NA,85
2005,12,3,3,-7.8,923.4,52,250,72
2005,12,3,6,-7.2,925.3,NA,230,51
2005,12,3,9,-7.4,925.9,NA,240,63
2005,12,3,12,-6.4,927.9,42,240,45
2005,12,3,15,-7.6,927.7,NA,NA,68
2005,12,3,18,-8.4,930.7,NA,NA,85
2005,12,3,21,-8.1,931.3,NA,NA,85
2005,12,4,0,-7.9,935,NA,240,85
2005,12,4,3,-7.8,934.6,NA,NA,85
2005,12,4,6,-7.1,935.4,45,NA,83
2005,12,4,9,-6.1,937.3,NA,NA,58
2005,12,4,12,-5.4,937.6,NA,NA,44
2005,12,4,15,-5.6,937,NA,230,41
2005,12,4,18,-7.1,937.2,NA,230,45
2005,12,4,21,-7.8,937.2,NA,240,55
2005,12,5,0,-6.3,935.7,NA,230,47
2005,12,5,3,-7.3,934,NA,230,57
2005,12,5,6,-5.7,931.3,NA,240,44
2005,12,5,9,-7.5,932.2,NA,230,51
2005,12,5,12,-6.9,931.2,NA,230,45
2005,12,5,15,-5.3,929.4,NA,240,33
2005,12,5,18,-6.2,928,NA,220,34
2005,12,5,21,-4.6,926.7,NA,220,31
2005,12,6,0,-2.9,925.5,NA,230,28
2005,12,6,3,-3.6,925.2,NA,230,31
2005,12,6,6,-5.5,926.2,NA,240,37
2005,12,6,9,-5.9,928.2,13,240,48
2005,12,6,12,-6.1,929.9,NA,250,53
2005,12,6,15,-7.6,930,NA,240,53
2005,12,6,18,-6.9,931.6,NA,230,55
2005,12,6,21,-7.1,932.2,NA,230,64
2005,12,7,0,-6.3,932.4,NA,240,63
2005,12,7,3,-6.7,931,NA,240,72
2005,12,7,6,-6.9,932.1,NA,240,71
2005,12,7,9,-6.7,932.8,NA,250,64
2005,12,7,12,-5.2,933.7,NA,260,58
2005,12,7,15,-4.6,932.7,NA,250,55
2005,12,7,18,-6.7,931.7,NA,240,80
2005,12,7,21,-3.9,929.8,NA,NA,70
2005,12,8,0,-4.9,929.8,NA,NA,85
2005,12,8,3,-4,927.8,NA,NA,NA
2005,12,8,6,-4.9,927.1,NA,NA,83
2005,12,8,9,-5.7,928.1,32,230,87
2005,12,8,12,-6.2,928,31,240,88
2005,12,8,15,-6.6,928.7,32,NA,88
2005,12,8,18,-6.2,929.7,32,NA,87
2005,12,8,21,-5.9,929.9,29,NA,88
2005,12,9,0,-5.8,932.3,NA,210,88
2005,12,9,3,-5.4,933.4,NA,230,89
2005,12,9,6,-5.1,934.5,NA,230,89
2005,12,9,9,-5.3,935.7,NA,190,89
2005,12,9,12,-5.7,936.7,NA,110,89
2005,12,9,15,-5.7,937.1,NA,NA,89
2005,12,9,18,NA,937.8,1,230,89
2005,12,9,21,NA,938.7,1,230,89
2005,12,10,0,-4.6,939.4,3,220,88
2005,12,10,3,-4.8,940.1,3,220,86
2005,12,10,6,-5.3,940.7,7,230,87
2005,12,10,9,-5.5,941.5,4,240,87
2005,12,10,12,-6.2,942.4,NA,170,88
2005,12,10,15,-6.5,942.5,5,200,88
2005,12,10,18,-6.1,942.6,NA,220,87
2005,12,10,21,-6,942.1,NA,230,84
2005,12,11,0,-4.8,941,NA,220,78
2005,12,11,3,-5.8,940.6,NA,230,83
2005,12,11,6,-6.3,939.7,NA,230,88
2005,12,11,9,-6.3,939.1,NA,260,88
2005,12,11,12,-6.2,937.6,NA,340,84
2005,12,11,15,-6.2,935.8,6,350,69
2005,12,11,18,-4.5,934.5,NA,20,63
2005,12,11,21,-2.7,933.3,NA,60,73
2005,12,12,0,NA,932.3,1,50,63
2005,12,12,3,-1.8,931.3,NA,30,44
2005,12,12,6,-1,931,NA,250,44
2005,12,12,9,-2.5,930.9,NA,20,35
2005,12,12,12,-4,931.3,3,280,39
2005,12,12,15,NA,932,1,250,43
2005,12,12,18,NA,933.2,1,250,76
2005,12,12,21,-3.8,934.6,3,220,51
2005,12,13,0,-2.4,935.8,3,240,42
2005,12,13,3,-3.1,937.1,2,100,51
2005,12,13,6,-1.4,937.8,2,250,37
2005,12,13,9,-2.7,938.5,3,280,37
2005,12,13,12,-4.2,938.8,2,260,39
2005,12,13,15,NA,939,1,180,48
2005,12,13,18,-2.4,939,2,80,53
2005,12,13,21,0.2,939,2,350,43
2005,12,14,0,1.5,939,2,10,37
2005,12,14,3,1.6,939,5,350,35
2005,12,14,6,-0.1,938.7,NA,360,38
2005,12,14,9,-0.4,938.9,NA,20,31
2005,12,14,12,0.7,938.3,NA,360,28
2005,12,14,15,1.1,937.9,NA,280,27
2005,12,14,18,0.7,937.9,3,40,26
2005,12,14,21,1.6,937.8,3,260,27
2005,12,15,0,2,937.3,2,230,25
2005,12,15,3,-1.6,936.6,NA,230,51
2005,12,15,6,NA,936.3,NA,220,55
2005,12,15,9,-4.2,936.1,NA,240,69
2005,12,15,12,-4,936.6,NA,230,55
2005,12,15,15,NA,937.1,NA,210,41
2005,12,15,18,NA,937.5,NA,260,26
2005,12,15,21,2.7,936.7,NA,110,23
2005,12,16,0,-0.1,935.5,4,50,34
2005,12,16,3,-1.4,933.8,NA,40,44
2005,12,16,6,-0.6,932.6,NA,350,45
2005,12,16,9,-4.9,931.5,NA,240,87
2005,12,16,12,NA,930.2,4,260,88
2005,12,16,15,-6.4,929,3,220,88
2005,12,16,18,-6.4,928.7,3,230,88
2005,12,16,21,-6.7,928.3,3,200,88
2005,12,17,0,-5.9,927.9,NA,220,89
2005,12,17,3,-6.1,927.7,NA,230,86
2005,12,17,6,-5.6,927.5,NA,NA,82
2005,12,17,9,-5.6,926.6,NA,NA,88
2005,12,17,12,-6.5,929.8,NA,NA,88
2005,12,17,15,-6.8,932.3,NA,240,88
2005,12,17,18,-7.4,933.1,NA,230,87
2005,12,17,21,-6.7,936.1,NA,230,87
2005,12,18,0,-6.4,936.5,NA,230,87
2005,12,18,3,-5.9,936.5,NA,240,78
2005,12,18,6,-6.3,937.2,NA,240,86
2005,12,18,9,-6.6,939,NA,230,87
2005,12,18,12,-7,939.9,NA,230,88
2005,12,18,15,-7.1,941,NA,220,88
2005,12,18,18,-5.2,940.8,NA,140,89
2005,12,18,21,-5.6,940.3,4,40,89
2005,12,19,0,-5.1,939.6,5,30,86
2005,12,19,3,-4.9,938.8,NA,20,78
2005,12,19,6,-4.9,939.2,NA,60,87
2005,12,19,9,-5.2,939.1,NA,220,86
2005,12,19,12,-5.4,938.7,NA,240,79
2005,12,19,15,-3.8,938.1,NA,240,43
2005,12,19,18,-2.3,937.5,NA,70,55
2005,12,19,21,-2.4,937.4,3,40,54
2005,12,20,0,NA,937.7,1,170,41
2005,12,20,3,-2.5,937.6,2,20,48
2005,12,20,6,-2.2,937.7,2,0,43
2005,12,20,9,-3.4,937.8,5,360,42
2005,12,20,12,-4.9,938.1,NA,10,42
2005,12,20,15,-4.1,938,5,10,36
2005,12,20,18,-3.6,938.8,NA,20,43
2005,12,20,21,-1.6,939.5,3,120,44
2005,12,21,0,-1.6,940.5,4,40,40
2005,12,21,3,-1.2,940.5,2,170,38
2005,12,21,6,NA,941,1,80,39
2005,12,21,9,-3.3,941.2,NA,270,45
2005,12,21,12,-3.3,941.6,3,290,37
2005,12,21,15,-5.6,941.1,NA,230,57
2005,12,21,18,-5.4,941.2,NA,220,88
2005,12,21,21,-4.3,940.9,NA,250,74
2005,12,22,0,-6.2,941.2,NA,190,88
2005,12,22,3,-5.5,940.2,NA,200,89
2005,12,22,6,-6,940.1,NA,220,89
2005,12,22,9,-6.6,939.3,NA,240,88
2005,12,22,12,-6.8,938.5,NA,230,88
2005,12,22,15,-5.3,937,NA,230,80
2005,12,22,18,-5.2,935.6,NA,NA,80
2005,12,22,21,-4.9,935.5,NA,NA,75
2005,12,23,0,-3.8,934.6,37,NA,71
2005,12,23,3,-3.7,934.2,35,230,74
2005,12,23,6,-4.1,934.2,33,230,84
2005,12,23,9,-4.2,934.6,NA,240,84
2005,12,23,12,-4.4,934.2,NA,230,87
2005,12,23,15,-3.6,935.3,NA,230,80
2005,12,23,18,-4.6,936.6,NA,220,88
2005,12,23,21,-4.4,937.7,NA,220,90
2005,12,24,0,-1.5,938.8,NA,160,91
2005,12,24,3,-2.2,939.2,NA,180,92
2005,12,24,6,-3.5,939.8,NA,220,92
2005,12,24,9,-3.9,940.2,NA,230,91
2005,12,24,12,-4.5,940.5,NA,240,91
2005,12,24,15,-4.7,940.5,NA,230,90
2005,12,24,18,-4.2,940.4,12,230,90
2005,12,24,21,-4.5,940.3,11,230,90
2005,12,25,0,-4.2,939.7,12,210,91
2005,12,25,3,-4.3,938.8,9,240,91
2005,12,25,6,-4.5,938.1,10,230,91
2005,12,25,9,-4.9,937.3,11,220,91
2005,12,25,12,-5.3,936.9,13,240,90
2005,12,25,15,-5.3,935.4,14,230,90
2005,12,25,18,-4.9,935.4,NA,240,90
2005,12,25,21,-3.7,935.7,NA,230,90
2005,12,26,0,-3.1,935.6,5,190,91
2005,12,26,3,-3.3,934.1,NA,250,87
2005,12,26,6,-3.8,935.4,NA,240,87
2005,12,26,9,-4.1,936.3,NA,230,85
2005,12,26,12,-3.7,936.5,NA,240,NA
2005,12,26,15,-4.7,937.3,NA,230,86
2005,12,26,18,-4.5,938.3,NA,240,89
2005,12,26,21,-4.1,939.3,NA,250,90
2005,12,27,0,-3.6,940.4,NA,200,90
2005,12,27,3,-4,940.6,NA,220,89
2005,12,27,6,-3.3,941.1,NA,210,91
2005,12,27,9,-4.1,941.8,NA,200,89
2005,12,27,12,-5.5,942,5,20,88
2005,12,27,15,-4.1,941.9,NA,30,76
2005,12,27,18,-4.9,941.9,NA,20,89
2005,12,27,21,-4.3,942,NA,40,89
2005,12,28,0,-5.3,942.2,9,10,90
2005,12,28,3,-4,942,8,50,91
2005,12,28,6,-4.1,942,11,50,91
2005,12,28,9,-4.4,942,NA,50,91
2005,12,28,12,-5,941.8,NA,NA,91
2005,12,28,15,-5,942,NA,NA,90
2005,12,28,18,NA,941.6,1,210,91
2005,12,28,21,-3.3,941.7,2,220,91
2005,12,29,0,-2.6,941.3,NA,250,84
2005,12,29,3,-1.5,940.5,NA,50,80
2005,12,29,6,0.9,940.3,3,90,71
2005,12,29,9,-2,939.1,4,30,51
2005,12,29,12,-1.8,938.1,NA,360,46
2005,12,29,15,-5.9,936.9,NA,20,58
2005,12,29,18,-5.8,936.1,3,20,88
2005,12,29,21,NA,935.7,1,80,90
2005,12,30,0,NA,935.3,1,20,91
2005,12,30,3,-2,934.7,4,230,77
2005,12,30,6,-5.5,934,NA,NA,84
2005,12,30,9,-5.6,933,NA,NA,90
2005,12,30,12,-5.8,933.4,NA,NA,89
2005,12,30,15,-5.3,933.3,NA,220,90
2005,12,30,18,-5.4,934,NA,230,90
2005,12,30,21,-5.2,934,NA,220,90
2005,12,31,0,-4.6,934.4,22,210,90
2005,12,31,3,-4.9,933.6,NA,230,91
2005,12,31,6,-4.6,933.4,20,220,91
2005,12,31,9,-4.7,933.6,NA,210,91
2005,12,31,12,-5.3,933.9,NA,230,90
2005,12,31,15,-5.4,933.6,NA,NA,90
2005,12,31,18,-5.6,933.2,8,NA,90
2005,12,31,21,-5.2,932.8,NA,NA,90
2006,1,1,0,NA,NA,NA,NA,NA
2006,1,1,3,NA,NA,NA,NA,NA
2006,1,1,6,NA,NA,NA,NA,NA
2006,1,1,9,NA,NA,NA,NA,NA
2006,1,1,12,NA,NA,NA,NA,NA
2006,1,1,15,NA,NA,NA,NA,NA
2006,1,1,18,NA,NA,NA,NA,NA
2006,1,1,21,NA,NA,NA,NA,NA
2006,1,2,0,NA,NA,NA,NA,NA
2006,1,2,3,NA,NA,NA,NA,NA
2006,1,2,6,NA,NA,NA,NA,NA
2006,1,2,9,NA,NA,NA,NA,NA
2006,1,2,12,NA,NA,NA,NA,NA
2006,1,2,15,NA,NA,NA,NA,NA
2006,1,2,18,NA,NA,NA,NA,NA
2006,1,2,21,NA,NA,NA,NA,NA
2006,1,3,0,NA,NA,NA,NA,NA
2006,1,3,3,NA,NA,NA,NA,NA
2006,1,3,6,NA,NA,NA,NA,NA
2006,1,3,9,NA,NA,NA,NA,NA
2006,1,3,12,NA,NA,NA,NA,NA
2006,1,3,15,NA,NA,NA,NA,NA
2006,1,3,18,NA,NA,NA,NA,NA
2006,1,3,21,NA,NA,NA,NA,NA
2006,1,4,0,NA,NA,NA,NA,NA
2006,1,4,3,NA,NA,NA,NA,NA
2006,1,4,6,NA,NA,NA,NA,NA
2006,1,4,9,NA,NA,NA,NA,NA
2006,1,4,12,NA,NA,NA,NA,NA
2006,1,4,15,NA,NA,NA,NA,NA
2006,1,4,18,NA,NA,NA,NA,NA
2006,1,4,21,NA,NA,NA,NA,NA
2006,1,5,0,NA,NA,NA,NA,NA
2006,1,5,3,NA,NA,NA,NA,NA
2006,1,5,6,NA,NA,NA,NA,NA
2006,1,5,9,NA,NA,NA,NA,NA
2006,1,5,12,NA,NA,NA,NA,NA
2006,1,5,15,NA,NA,NA,NA,NA
2006,1,5,18,NA,NA,NA,NA,NA
2006,1,5,21,NA,NA,NA,NA,NA
2006,1,6,0,NA,NA,NA,NA,NA
2006,1,6,3,NA,NA,NA,NA,NA
2006,1,6,6,NA,NA,NA,NA,NA
2006,1,6,9,NA,NA,NA,NA,NA
2006,1,6,12,NA,NA,NA,NA,NA
2006,1,6,15,NA,NA,NA,NA,NA
2006,1,6,18,NA,NA,NA,NA,NA
2006,1,6,21,NA,NA,NA,NA,NA
2006,1,7,0,NA,NA,NA,NA,NA
2006,1,7,3,NA,NA,NA,NA,NA
2006,1,7,6,NA,NA,NA,NA,NA
2006,1,7,9,NA,NA,NA,NA,NA
2006,1,7,12,NA,NA,NA,NA,NA
2006,1,7,15,NA,NA,NA,NA,NA
2006,1,7,18,NA,NA,NA,NA,NA
2006,1,7,21,NA,NA,NA,NA,NA
2006,1,8,0,NA,NA,NA,NA,NA
2006,1,8,3,NA,NA,NA,NA,NA
2006,1,8,6,NA,NA,NA,NA,NA
2006,1,8,9,NA,NA,NA,NA,NA
2006,1,8,12,NA,NA,NA,NA,NA
2006,1,8,15,NA,NA,NA,NA,NA
2006,1,8,18,NA,NA,NA,NA,NA
2006,1,8,21,NA,NA,NA,NA,NA
2006,1,9,0,NA,NA,NA,NA,NA
2006,1,9,3,NA,NA,NA,NA,NA
2006,1,9,6,NA,NA,NA,NA,NA
2006,1,9,9,NA,NA,NA,NA,NA
2006,1,9,12,NA,NA,NA,NA,NA
2006,1,9,15,NA,NA,NA,NA,NA
2006,1,9,18,NA,NA,NA,NA,NA
2006,1,9,21,NA,NA,NA,NA,NA
2006,1,10,0,NA,NA,NA,NA,NA
2006,1,10,3,NA,NA,NA,NA,NA
2006,1,10,6,NA,NA,NA,NA,NA
2006,1,10,9,NA,NA,NA,NA,NA
2006,1,10,12,NA,NA,NA,NA,NA
2006,1,10,15,NA,NA,NA,NA,NA
2006,1,10,18,NA,NA,NA,NA,NA
2006,1,10,21,NA,NA,NA,NA,NA
2006,1,11,0,NA,NA,NA,NA,NA
2006,1,11,3,NA,NA,NA,NA,NA
2006,1,11,6,NA,NA,NA,NA,NA
2006,1,11,9,NA,NA,NA,NA,NA
2006,1,11,12,NA,NA,NA,NA,NA
2006,1,11,15,NA,NA,NA,NA,NA
2006,1,11,18,NA,NA,NA,NA,NA
2006,1,11,21,NA,NA,NA,NA,NA
2006,1,12,0,NA,NA,NA,NA,NA
2006,1,12,3,NA,NA,NA,NA,NA
2006,1,12,6,NA,NA,NA,NA,NA
2006,1,12,9,NA,NA,NA,NA,NA
2006,1,12,12,NA,NA,NA,NA,NA
2006,1,12,15,NA,NA,NA,NA,NA
2006,1,12,18,NA,NA,NA,NA,NA
2006,1,12,21,NA,NA,NA,NA,NA
2006,1,13,0,NA,NA,NA,NA,NA
2006,1,13,3,NA,NA,NA,NA,NA
2006,1,13,6,NA,NA,NA,NA,NA
2006,1,13,9,NA,NA,NA,NA,NA
2006,1,13,12,NA,NA,NA,NA,NA
2006,1,13,15,NA,NA,NA,NA,NA
2006,1,13,18,NA,NA,NA,NA,NA
2006,1,13,21,NA,NA,NA,NA,NA
2006,1,14,0,NA,NA,NA,NA,NA
2006,1,14,3,NA,NA,NA,NA,NA
2006,1,14,6,NA,NA,NA,NA,NA
2006,1,14,9,NA,NA,NA,NA,NA
2006,1,14,12,NA,NA,NA,NA,NA
2006,1,14,15,NA,NA,NA,NA,NA
2006,1,14,18,NA,NA,NA,NA,NA
2006,1,14,21,NA,NA,NA,NA,NA
2006,1,15,0,NA,NA,NA,NA,NA
2006,1,15,3,NA,NA,NA,NA,NA
2006,1,15,6,NA,NA,NA,NA,NA
2006,1,15,9,NA,NA,NA,NA,NA
2006,1,15,12,NA,NA,NA,NA,NA
2006,1,15,15,NA,NA,NA,NA,NA
2006,1,15,18,NA,NA,NA,NA,NA
2006,1,15,21,NA,NA,NA,NA,NA
2006,1,16,0,NA,NA,NA,NA,NA
2006,1,16,3,NA,NA,NA,NA,NA
2006,1,16,6,NA,NA,NA,NA,NA
2006,1,16,9,NA,NA,NA,NA,NA
2006,1,16,12,NA,NA,NA,NA,NA
2006,1,16,15,NA,NA,NA,NA,NA
2006,1,16,18,NA,NA,NA,NA,NA
2006,1,16,21,NA,NA,NA,NA,NA
2006,1,17,0,NA,NA,NA,NA,NA
2006,1,17,3,NA,NA,NA,NA,NA
2006,1,17,6,NA,NA,NA,NA,NA
2006,1,17,9,NA,NA,NA,NA,NA
2006,1,17,12,NA,NA,NA,NA,NA
2006,1,17,15,NA,NA,NA,NA,NA
2006,1,17,18,NA,NA,NA,NA,NA
2006,1,17,21,NA,NA,NA,NA,NA
2006,1,18,0,NA,NA,NA,NA,NA
2006,1,18,3,NA,NA,NA,NA,NA
2006,1,18,6,NA,NA,NA,NA,NA
2006,1,18,9,NA,NA,NA,NA,NA
2006,1,18,12,NA,NA,NA,NA,NA
2006,1,18,15,NA,NA,NA,NA,NA
2006,1,18,18,NA,NA,NA,NA,NA
2006,1,18,21,NA,NA,NA,NA,NA
2006,1,19,0,NA,NA,NA,NA,NA
2006,1,19,3,NA,NA,NA,NA,NA
2006,1,19,6,NA,NA,NA,NA,NA
2006,1,19,9,NA,NA,NA,NA,NA
2006,1,19,12,NA,NA,NA,NA,NA
2006,1,19,15,NA,NA,NA,NA,NA
2006,1,19,18,NA,NA,NA,NA,NA
2006,1,19,21,NA,NA,NA,NA,NA
2006,1,20,0,NA,NA,NA,NA,NA
2006,1,20,3,NA,NA,NA,NA,NA
2006,1,20,6,NA,NA,NA,NA,NA
2006,1,20,9,NA,NA,NA,NA,NA
2006,1,20,12,NA,NA,NA,NA,NA
2006,1,20,15,NA,NA,NA,NA,NA
2006,1,20,18,NA,NA,NA,NA,NA
2006,1,20,21,NA,NA,NA,NA,NA
2006,1,21,0,NA,NA,NA,NA,NA
2006,1,21,3,NA,NA,NA,NA,NA
2006,1,21,6,NA,NA,NA,NA,NA
2006,1,21,9,NA,NA,NA,NA,NA
2006,1,21,12,NA,NA,NA,NA,NA
2006,1,21,15,NA,NA,NA,NA,NA
2006,1,21,18,NA,NA,NA,NA,NA
2006,1,21,21,NA,NA,NA,NA,NA
2006,1,22,0,NA,NA,NA,NA,NA
2006,1,22,3,NA,NA,NA,NA,NA
2006,1,22,6,NA,NA,NA,NA,NA
2006,1,22,9,NA,NA,NA,NA,NA
2006,1,22,12,NA,NA,NA,NA,NA
2006,1,22,15,NA,NA,NA,NA,NA
2006,1,22,18,NA,NA,NA,NA,NA
2006,1,22,21,NA,NA,NA,NA,NA
2006,1,23,0,NA,NA,NA,NA,NA
2006,1,23,3,NA,NA,NA,NA,NA
2006,1,23,6,NA,NA,NA,NA,NA
2006,1,23,9,NA,NA,NA,NA,NA
2006,1,23,12,NA,NA,NA,NA,NA
2006,1,23,15,NA,NA,NA,NA,NA
2006,1,23,18,NA,NA,NA,NA,NA
2006,1,23,21,NA,NA,NA,NA,NA
2006,1,24,0,NA,NA,NA,NA,NA
2006,1,24,3,NA,NA,NA,NA,NA
2006,1,24,6,NA,NA,NA,NA,NA
2006,1,24,9,NA,NA,NA,NA,NA
2006,1,24,12,NA,NA,NA,NA,NA
2006,1,24,15,NA,NA,NA,NA,NA
2006,1,24,18,NA,NA,NA,NA,NA
2006,1,24,21,NA,NA,NA,NA,NA
2006,1,25,0,NA,NA,NA,NA,NA
2006,1,25,3,NA,NA,NA,NA,NA
2006,1,25,6,NA,NA,NA,NA,NA
2006,1,25,9,NA,NA,NA,NA,NA
2006,1,25,12,NA,NA,NA,NA,NA
2006,1,25,15,NA,NA,NA,NA,NA
2006,1,25,18,NA,NA,NA,NA,NA
2006,1,25,21,NA,NA,NA,NA,NA
2006,1,26,0,NA,NA,NA,NA,NA
2006,1,26,3,NA,NA,NA,NA,NA
2006,1,26,6,NA,NA,NA,NA,NA
2006,1,26,9,NA,NA,NA,NA,NA
2006,1,26,12,NA,NA,NA,NA,NA
2006,1,26,15,NA,NA,NA,NA,NA
2006,1,26,18,NA,NA,NA,NA,NA
2006,1,26,21,NA,NA,NA,NA,NA
2006,1,27,0,NA,NA,NA,NA,NA
2006,1,27,3,NA,NA,NA,NA,NA
2006,1,27,6,NA,NA,NA,NA,NA
2006,1,27,9,NA,NA,NA,NA,NA
2006,1,27,12,NA,NA,NA,NA,NA
2006,1,27,15,NA,NA,NA,NA,NA
2006,1,27,18,NA,NA,NA,NA,NA
2006,1,27,21,NA,NA,NA,NA,NA
2006,1,28,0,NA,NA,NA,NA,NA
2006,1,28,3,NA,NA,NA,NA,NA
2006,1,28,6,NA,NA,NA,NA,NA
2006,1,28,9,NA,NA,NA,NA,NA
2006,1,28,12,NA,NA,NA,NA,NA
2006,1,28,15,NA,NA,NA,NA,NA
2006,1,28,18,NA,NA,NA,NA,NA
2006,1,28,21,NA,NA,NA,NA,NA
2006,1,29,0,NA,NA,NA,NA,NA
2006,1,29,3,NA,NA,NA,NA,NA
2006,1,29,6,NA,NA,NA,NA,NA
2006,1,29,9,NA,NA,NA,NA,NA
2006,1,29,12,NA,NA,NA,NA,NA
2006,1,29,15,NA,NA,NA,NA,NA
2006,1,29,18,NA,NA,NA,NA,NA
2006,1,29,21,NA,NA,NA,NA,NA
2006,1,30,0,NA,NA,NA,NA,NA
2006,1,30,3,NA,NA,NA,NA,NA
2006,1,30,6,NA,NA,NA,NA,NA
2006,1,30,9,NA,NA,NA,NA,NA
2006,1,30,12,NA,NA,NA,NA,NA
2006,1,30,15,NA,NA,NA,NA,NA
2006,1,30,18,NA,NA,NA,NA,NA
2006,1,30,21,NA,NA,NA,NA,NA
2006,1,31,0,NA,NA,NA,NA,NA
2006,1,31,3,NA,NA,NA,NA,NA
2006,1,31,6,NA,NA,NA,NA,NA
2006,1,31,9,NA,NA,NA,NA,NA
2006,1,31,12,NA,NA,NA,NA,NA
2006,1,31,15,NA,NA,NA,NA,NA
2006,1,31,18,NA,NA,NA,NA,NA
2006,1,31,21,NA,NA,NA,NA,NA
2006,2,1,0,NA,NA,NA,NA,NA
2006,2,1,3,NA,NA,NA,NA,NA
2006,2,1,6,NA,NA,NA,NA,NA
2006,2,1,9,NA,NA,NA,NA,NA
2006,2,1,12,NA,NA,NA,NA,NA
2006,2,1,15,NA,NA,NA,NA,NA
2006,2,1,18,NA,NA,NA,NA,NA
2006,2,1,21,NA,NA,NA,NA,NA
2006,2,2,0,NA,NA,NA,NA,NA
2006,2,2,3,NA,NA,NA,NA,NA
2006,2,2,6,NA,NA,NA,NA,NA
2006,2,2,9,NA,NA,NA,NA,NA
2006,2,2,12,NA,NA,NA,NA,NA
2006,2,2,15,NA,NA,NA,NA,NA
2006,2,2,18,NA,NA,NA,NA,NA
2006,2,2,21,NA,NA,NA,NA,NA
2006,2,3,0,NA,NA,NA,NA,NA
2006,2,3,3,NA,NA,NA,NA,NA
2006,2,3,6,NA,NA,NA,NA,NA
2006,2,3,9,NA,NA,NA,NA,NA
2006,2,3,12,NA,NA,NA,NA,NA
2006,2,3,15,NA,NA,NA,NA,NA
2006,2,3,18,NA,NA,NA,NA,NA
2006,2,3,21,NA,NA,NA,NA,NA
2006,2,4,0,NA,NA,NA,NA,NA
2006,2,4,3,NA,NA,NA,NA,NA
2006,2,4,6,NA,NA,NA,NA,NA
2006,2,4,9,NA,NA,NA,NA,NA
2006,2,4,12,NA,NA,NA,NA,NA
2006,2,4,15,NA,NA,NA,NA,NA
2006,2,4,18,NA,NA,NA,NA,NA
2006,2,4,21,NA,NA,NA,NA,NA
2006,2,5,0,NA,NA,NA,NA,NA
2006,2,5,3,NA,NA,NA,NA,NA
2006,2,5,6,NA,NA,NA,NA,NA
2006,2,5,9,NA,NA,NA,NA,NA
2006,2,5,12,NA,NA,NA,NA,NA
2006,2,5,15,NA,NA,NA,NA,NA
2006,2,5,18,NA,NA,NA,NA,NA
2006,2,5,21,NA,NA,NA,NA,NA
2006,2,6,0,NA,NA,NA,NA,NA
2006,2,6,3,NA,NA,NA,NA,NA
2006,2,6,6,NA,NA,NA,NA,NA
2006,2,6,9,NA,NA,NA,NA,NA
2006,2,6,12,NA,NA,NA,NA,NA
2006,2,6,15,NA,NA,NA,NA,NA
2006,2,6,18,NA,NA,NA,NA,NA
2006,2,6,21,NA,NA,NA,NA,NA
2006,2,7,0,NA,NA,NA,NA,NA
2006,2,7,3,NA,NA,NA,NA,NA
2006,2,7,6,NA,NA,NA,NA,NA
2006,2,7,9,NA,NA,NA,NA,NA
2006,2,7,12,NA,NA,NA,NA,NA
2006,2,7,15,NA,NA,NA,NA,NA
2006,2,7,18,NA,NA,NA,NA,NA
2006,2,7,21,NA,NA,NA,NA,NA
2006,2,8,0,NA,NA,NA,NA,NA
2006,2,8,3,NA,NA,NA,NA,NA
2006,2,8,6,NA,NA,NA,NA,NA
2006,2,8,9,NA,NA,NA,NA,NA
2006,2,8,12,NA,NA,NA,NA,NA
2006,2,8,15,NA,NA,NA,NA,NA
2006,2,8,18,NA,NA,NA,NA,NA
2006,2,8,21,NA,NA,NA,NA,NA
2006,2,9,0,NA,NA,NA,NA,NA
2006,2,9,3,NA,NA,NA,NA,NA
2006,2,9,6,NA,NA,NA,NA,NA
2006,2,9,9,NA,NA,NA,NA,NA
2006,2,9,12,NA,NA,NA,NA,NA
2006,2,9,15,NA,NA,NA,NA,NA
2006,2,9,18,NA,NA,NA,NA,NA
2006,2,9,21,NA,NA,NA,NA,NA
2006,2,10,0,NA,NA,NA,NA,NA
2006,2,10,3,NA,NA,NA,NA,NA
2006,2,10,6,NA,NA,NA,NA,NA
2006,2,10,9,NA,NA,NA,NA,NA
2006,2,10,12,NA,NA,NA,NA,NA
2006,2,10,15,NA,NA,NA,NA,NA
2006,2,10,18,NA,NA,NA,NA,NA
2006,2,10,21,NA,NA,NA,NA,NA
2006,2,11,0,NA,NA,NA,NA,NA
2006,2,11,3,NA,NA,NA,NA,NA
2006,2,11,6,NA,NA,NA,NA,NA
2006,2,11,9,NA,NA,NA,NA,NA
2006,2,11,12,NA,NA,NA,NA,NA
2006,2,11,15,NA,NA,NA,NA,NA
2006,2,11,18,NA,NA,NA,NA,NA
2006,2,11,21,NA,NA,NA,NA,NA
2006,2,12,0,NA,NA,NA,NA,NA
2006,2,12,3,NA,NA,NA,NA,NA
2006,2,12,6,NA,NA,NA,NA,NA
2006,2,12,9,NA,NA,NA,NA,NA
2006,2,12,12,NA,NA,NA,NA,NA
2006,2,12,15,NA,NA,NA,NA,NA
2006,2,12,18,NA,NA,NA,NA,NA
2006,2,12,21,NA,NA,NA,NA,NA
2006,2,13,0,NA,NA,NA,NA,NA
2006,2,13,3,NA,NA,NA,NA,NA
2006,2,13,6,NA,NA,NA,NA,NA
2006,2,13,9,NA,NA,NA,NA,NA
2006,2,13,12,NA,NA,NA,NA,NA
2006,2,13,15,NA,NA,NA,NA,NA
2006,2,13,18,NA,NA,NA,NA,NA
2006,2,13,21,NA,NA,NA,NA,NA
2006,2,14,0,NA,NA,NA,NA,NA
2006,2,14,3,NA,NA,NA,NA,NA
2006,2,14,6,NA,NA,NA,NA,NA
2006,2,14,9,NA,NA,NA,NA,NA
2006,2,14,12,NA,NA,NA,NA,NA
2006,2,14,15,NA,NA,NA,NA,NA
2006,2,14,18,NA,NA,NA,NA,NA
2006,2,14,21,NA,NA,NA,NA,NA
2006,2,15,0,NA,NA,NA,NA,NA
2006,2,15,3,NA,NA,NA,NA,NA
2006,2,15,6,NA,NA,NA,NA,NA
2006,2,15,9,NA,NA,NA,NA,NA
2006,2,15,12,NA,NA,NA,NA,NA
2006,2,15,15,NA,NA,NA,NA,NA
2006,2,15,18,NA,NA,NA,NA,NA
2006,2,15,21,NA,NA,NA,NA,NA
2006,2,16,0,NA,NA,NA,NA,NA
2006,2,16,3,NA,NA,NA,NA,NA
2006,2,16,6,NA,NA,NA,NA,NA
2006,2,16,9,NA,NA,NA,NA,NA
2006,2,16,12,NA,NA,NA,NA,NA
2006,2,16,15,NA,NA,NA,NA,NA
2006,2,16,18,NA,NA,NA,NA,NA
2006,2,16,21,NA,NA,NA,NA,NA
2006,2,17,0,NA,NA,NA,NA,NA
2006,2,17,3,NA,NA,NA,NA,NA
2006,2,17,6,NA,NA,NA,NA,NA
2006,2,17,9,NA,NA,NA,NA,NA
2006,2,17,12,NA,NA,NA,NA,NA
2006,2,17,15,NA,NA,NA,NA,NA
2006,2,17,18,NA,NA,NA,NA,NA
2006,2,17,21,NA,NA,NA,NA,NA
2006,2,18,0,NA,NA,NA,NA,NA
2006,2,18,3,NA,NA,NA,NA,NA
2006,2,18,6,NA,NA,NA,NA,NA
2006,2,18,9,NA,NA,NA,NA,NA
2006,2,18,12,NA,NA,NA,NA,NA
2006,2,18,15,NA,NA,NA,NA,NA
2006,2,18,18,NA,NA,NA,NA,NA
2006,2,18,21,NA,NA,NA,NA,NA
2006,2,19,0,NA,NA,NA,NA,NA
2006,2,19,3,NA,NA,NA,NA,NA
2006,2,19,6,NA,NA,NA,NA,NA
2006,2,19,9,NA,NA,NA,NA,NA
2006,2,19,12,NA,NA,NA,NA,NA
2006,2,19,15,NA,NA,NA,NA,NA
2006,2,19,18,NA,NA,NA,NA,NA
2006,2,19,21,NA,NA,NA,NA,NA
2006,2,20,0,NA,NA,NA,NA,NA
2006,2,20,3,NA,NA,NA,NA,NA
2006,2,20,6,NA,NA,NA,NA,NA
2006,2,20,9,NA,NA,NA,NA,NA
2006,2,20,12,NA,NA,NA,NA,NA
2006,2,20,15,NA,NA,NA,NA,NA
2006,2,20,18,NA,NA,NA,NA,NA
2006,2,20,21,NA,NA,NA,NA,NA
2006,2,21,0,NA,NA,NA,NA,NA
2006,2,21,3,NA,NA,NA,NA,NA
2006,2,21,6,NA,NA,NA,NA,NA
2006,2,21,9,NA,NA,NA,NA,NA
2006,2,21,12,NA,NA,NA,NA,NA
2006,2,21,15,NA,NA,NA,NA,NA
2006,2,21,18,NA,NA,NA,NA,NA
2006,2,21,21,NA,NA,NA,NA,NA
2006,2,22,0,NA,NA,NA,NA,NA
2006,2,22,3,NA,NA,NA,NA,NA
2006,2,22,6,NA,NA,NA,NA,NA
2006,2,22,9,NA,NA,NA,NA,NA
2006,2,22,12,NA,NA,NA,NA,NA
2006,2,22,15,NA,NA,NA,NA,NA
2006,2,22,18,NA,NA,NA,NA,NA
2006,2,22,21,NA,NA,NA,NA,NA
2006,2,23,0,NA,NA,NA,NA,NA
2006,2,23,3,NA,NA,NA,NA,NA
2006,2,23,6,NA,NA,NA,NA,NA
2006,2,23,9,NA,NA,NA,NA,NA
2006,2,23,12,NA,NA,NA,NA,NA
2006,2,23,15,NA,NA,NA,NA,NA
2006,2,23,18,NA,NA,NA,NA,NA
2006,2,23,21,NA,NA,NA,NA,NA
2006,2,24,0,NA,NA,NA,NA,NA
2006,2,24,3,NA,NA,NA,NA,NA
2006,2,24,6,NA,NA,NA,NA,NA
2006,2,24,9,NA,NA,NA,NA,NA
2006,2,24,12,NA,NA,NA,NA,NA
2006,2,24,15,NA,NA,NA,NA,NA
2006,2,24,18,NA,NA,NA,NA,NA
2006,2,24,21,NA,NA,NA,NA,NA
2006,2,25,0,NA,NA,NA,NA,NA
2006,2,25,3,NA,NA,NA,NA,NA
2006,2,25,6,NA,NA,NA,NA,NA
2006,2,25,9,NA,NA,NA,NA,NA
2006,2,25,12,NA,NA,NA,NA,NA
2006,2,25,15,NA,NA,NA,NA,NA
2006,2,25,18,NA,NA,NA,NA,NA
2006,2,25,21,NA,NA,NA,NA,NA
2006,2,26,0,NA,NA,NA,NA,NA
2006,2,26,3,NA,NA,NA,NA,NA
2006,2,26,6,NA,NA,NA,NA,NA
2006,2,26,9,NA,NA,NA,NA,NA
2006,2,26,12,NA,NA,NA,NA,NA
2006,2,26,15,NA,NA,NA,NA,NA
2006,2,26,18,NA,NA,NA,NA,NA
2006,2,26,21,NA,NA,NA,NA,NA
2006,2,27,0,NA,NA,NA,NA,NA
2006,2,27,3,NA,NA,NA,NA,NA
2006,2,27,6,NA,NA,NA,NA,NA
2006,2,27,9,NA,NA,NA,NA,NA
2006,2,27,12,NA,NA,NA,NA,NA
2006,2,27,15,NA,NA,NA,NA,NA
2006,2,27,18,NA,NA,NA,NA,NA
2006,2,27,21,NA,NA,NA,NA,NA
2006,2,28,0,NA,NA,NA,NA,NA
2006,2,28,3,NA,NA,NA,NA,NA
2006,2,28,6,NA,NA,NA,NA,NA
2006,2,28,9,NA,NA,NA,NA,NA
2006,2,28,12,NA,NA,NA,NA,NA
2006,2,28,15,NA,NA,NA,NA,NA
2006,2,28,18,NA,NA,NA,NA,NA
2006,2,28,21,NA,NA,NA,NA,NA
2006,3,1,0,NA,NA,NA,NA,NA
2006,3,1,3,NA,NA,NA,NA,NA
2006,3,1,6,NA,NA,NA,NA,NA
2006,3,1,9,NA,NA,NA,NA,NA
2006,3,1,12,NA,NA,NA,NA,NA
2006,3,1,15,NA,NA,NA,NA,NA
2006,3,1,18,NA,NA,NA,NA,NA
2006,3,1,21,NA,NA,NA,NA,NA
2006,3,2,0,NA,NA,NA,NA,NA
2006,3,2,3,NA,NA,NA,NA,NA
2006,3,2,6,NA,NA,NA,NA,NA
2006,3,2,9,NA,NA,NA,NA,NA
2006,3,2,12,NA,NA,NA,NA,NA
2006,3,2,15,NA,NA,NA,NA,NA
2006,3,2,18,NA,NA,NA,NA,NA
2006,3,2,21,NA,NA,NA,NA,NA
2006,3,3,0,NA,NA,NA,NA,NA
2006,3,3,3,NA,NA,NA,NA,NA
2006,3,3,6,NA,NA,NA,NA,NA
2006,3,3,9,NA,NA,NA,NA,NA
2006,3,3,12,NA,NA,NA,NA,NA
2006,3,3,15,NA,NA,NA,NA,NA
2006,3,3,18,NA,NA,NA,NA,NA
2006,3,3,21,NA,NA,NA,NA,NA
2006,3,4,0,NA,NA,NA,NA,NA
2006,3,4,3,NA,NA,NA,NA,NA
2006,3,4,6,NA,NA,NA,NA,NA
2006,3,4,9,NA,NA,NA,NA,NA
2006,3,4,12,NA,NA,NA,NA,NA
2006,3,4,15,NA,NA,NA,NA,NA
2006,3,4,18,NA,NA,NA,NA,NA
2006,3,4,21,NA,NA,NA,NA,NA
2006,3,5,0,NA,NA,NA,NA,NA
2006,3,5,3,NA,NA,NA,NA,NA
2006,3,5,6,NA,NA,NA,NA,NA
2006,3,5,9,NA,NA,NA,NA,NA
2006,3,5,12,NA,NA,NA,NA,NA
2006,3,5,15,NA,NA,NA,NA,NA
2006,3,5,18,NA,NA,NA,NA,NA
2006,3,5,21,NA,NA,NA,NA,NA
2006,3,6,0,NA,NA,NA,NA,NA
2006,3,6,3,NA,NA,NA,NA,NA
2006,3,6,6,NA,NA,NA,NA,NA
2006,3,6,9,NA,NA,NA,NA,NA
2006,3,6,12,NA,NA,NA,NA,NA
2006,3,6,15,NA,NA,NA,NA,NA
2006,3,6,18,NA,NA,NA,NA,NA
2006,3,6,21,NA,NA,NA,NA,NA
2006,3,7,0,NA,NA,NA,NA,NA
2006,3,7,3,NA,NA,NA,NA,NA
2006,3,7,6,NA,NA,NA,NA,NA
2006,3,7,9,NA,NA,NA,NA,NA
2006,3,7,12,NA,NA,NA,NA,NA
2006,3,7,15,NA,NA,NA,NA,NA
2006,3,7,18,NA,NA,NA,NA,NA
2006,3,7,21,NA,NA,NA,NA,NA
2006,3,8,0,NA,NA,NA,NA,NA
2006,3,8,3,NA,NA,NA,NA,NA
2006,3,8,6,NA,NA,NA,NA,NA
2006,3,8,9,NA,NA,NA,NA,NA
2006,3,8,12,NA,NA,NA,NA,NA
2006,3,8,15,NA,NA,NA,NA,NA
2006,3,8,18,NA,NA,NA,NA,NA
2006,3,8,21,NA,NA,NA,NA,NA
2006,3,9,0,NA,NA,NA,NA,NA
2006,3,9,3,NA,NA,NA,NA,NA
2006,3,9,6,NA,NA,NA,NA,NA
2006,3,9,9,NA,NA,NA,NA,NA
2006,3,9,12,NA,NA,NA,NA,NA
2006,3,9,15,NA,NA,NA,NA,NA
2006,3,9,18,NA,NA,NA,NA,NA
2006,3,9,21,NA,NA,NA,NA,NA
2006,3,10,0,NA,NA,NA,NA,NA
2006,3,10,3,NA,NA,NA,NA,NA
2006,3,10,6,NA,NA,NA,NA,NA
2006,3,10,9,NA,NA,NA,NA,NA
2006,3,10,12,NA,NA,NA,NA,NA
2006,3,10,15,NA,NA,NA,NA,NA
2006,3,10,18,NA,NA,NA,NA,NA
2006,3,10,21,NA,NA,NA,NA,NA
2006,3,11,0,NA,NA,NA,NA,NA
2006,3,11,3,NA,NA,NA,NA,NA
2006,3,11,6,NA,NA,NA,NA,NA
2006,3,11,9,NA,NA,NA,NA,NA
2006,3,11,12,NA,NA,NA,NA,NA
2006,3,11,15,NA,NA,NA,NA,NA
2006,3,11,18,NA,NA,NA,NA,NA
2006,3,11,21,NA,NA,NA,NA,NA
2006,3,12,0,NA,NA,NA,NA,NA
2006,3,12,3,NA,NA,NA,NA,NA
2006,3,12,6,NA,NA,NA,NA,NA
2006,3,12,9,NA,NA,NA,NA,NA
2006,3,12,12,NA,NA,NA,NA,NA
2006,3,12,15,NA,NA,NA,NA,NA
2006,3,12,18,NA,NA,NA,NA,NA
2006,3,12,21,NA,NA,NA,NA,NA
2006,3,13,0,NA,NA,NA,NA,NA
2006,3,13,3,NA,NA,NA,NA,NA
2006,3,13,6,NA,NA,NA,NA,NA
2006,3,13,9,NA,NA,NA,NA,NA
2006,3,13,12,NA,NA,NA,NA,NA
2006,3,13,15,NA,NA,NA,NA,NA
2006,3,13,18,NA,NA,NA,NA,NA
2006,3,13,21,NA,NA,NA,NA,NA
2006,3,14,0,NA,NA,NA,NA,NA
2006,3,14,3,NA,NA,NA,NA,NA
2006,3,14,6,NA,NA,NA,NA,NA
2006,3,14,9,NA,NA,NA,NA,NA
2006,3,14,12,NA,NA,NA,NA,NA
2006,3,14,15,NA,NA,NA,NA,NA
2006,3,14,18,NA,NA,NA,NA,NA
2006,3,14,21,NA,NA,NA,NA,NA
2006,3,15,0,NA,NA,NA,NA,NA
2006,3,15,3,NA,NA,NA,NA,NA
2006,3,15,6,NA,NA,NA,NA,NA
2006,3,15,9,NA,NA,NA,NA,NA
2006,3,15,12,NA,NA,NA,NA,NA
2006,3,15,15,NA,NA,NA,NA,NA
2006,3,15,18,NA,NA,NA,NA,NA
2006,3,15,21,NA,NA,NA,NA,NA
2006,3,16,0,NA,NA,NA,NA,NA
2006,3,16,3,NA,NA,NA,NA,NA
2006,3,16,6,NA,NA,NA,NA,NA
2006,3,16,9,NA,NA,NA,NA,NA
2006,3,16,12,NA,NA,NA,NA,NA
2006,3,16,15,NA,NA,NA,NA,NA
2006,3,16,18,NA,NA,NA,NA,NA
2006,3,16,21,NA,NA,NA,NA,NA
2006,3,17,0,NA,NA,NA,NA,NA
2006,3,17,3,NA,NA,NA,NA,NA
2006,3,17,6,NA,NA,NA,NA,NA
2006,3,17,9,NA,NA,NA,NA,NA
2006,3,17,12,NA,NA,NA,NA,NA
2006,3,17,15,NA,NA,NA,NA,NA
2006,3,17,18,NA,NA,NA,NA,NA
2006,3,17,21,NA,NA,NA,NA,NA
2006,3,18,0,NA,NA,NA,NA,NA
2006,3,18,3,NA,NA,NA,NA,NA
2006,3,18,6,NA,NA,NA,NA,NA
2006,3,18,9,NA,NA,NA,NA,NA
2006,3,18,12,NA,NA,NA,NA,NA
2006,3,18,15,NA,NA,NA,NA,NA
2006,3,18,18,NA,NA,NA,NA,NA
2006,3,18,21,NA,NA,NA,NA,NA
2006,3,19,0,NA,NA,NA,NA,NA
2006,3,19,3,NA,NA,NA,NA,NA
2006,3,19,6,NA,NA,NA,NA,NA
2006,3,19,9,NA,NA,NA,NA,NA
2006,3,19,12,NA,NA,NA,NA,NA
2006,3,19,15,NA,NA,NA,NA,NA
2006,3,19,18,NA,NA,NA,NA,NA
2006,3,19,21,NA,NA,NA,NA,NA
2006,3,20,0,NA,NA,NA,NA,NA
2006,3,20,3,NA,NA,NA,NA,NA
2006,3,20,6,NA,NA,NA,NA,NA
2006,3,20,9,NA,NA,NA,NA,NA
2006,3,20,12,NA,NA,NA,NA,NA
2006,3,20,15,NA,NA,NA,NA,NA
2006,3,20,18,NA,NA,NA,NA,NA
2006,3,20,21,NA,NA,NA,NA,NA
2006,3,21,0,NA,NA,NA,NA,NA
2006,3,21,3,NA,NA,NA,NA,NA
2006,3,21,6,NA,NA,NA,NA,NA
2006,3,21,9,NA,NA,NA,NA,NA
2006,3,21,12,NA,NA,NA,NA,NA
2006,3,21,15,NA,NA,NA,NA,NA
2006,3,21,18,NA,NA,NA,NA,NA
2006,3,21,21,NA,NA,NA,NA,NA
2006,3,22,0,NA,NA,NA,NA,NA
2006,3,22,3,NA,NA,NA,NA,NA
2006,3,22,6,NA,NA,NA,NA,NA
2006,3,22,9,NA,NA,NA,NA,NA
2006,3,22,12,NA,NA,NA,NA,NA
2006,3,22,15,NA,NA,NA,NA,NA
2006,3,22,18,NA,NA,NA,NA,NA
2006,3,22,21,NA,NA,NA,NA,NA
2006,3,23,0,NA,NA,NA,NA,NA
2006,3,23,3,NA,NA,NA,NA,NA
2006,3,23,6,NA,NA,NA,NA,NA
2006,3,23,9,NA,NA,NA,NA,NA
2006,3,23,12,NA,NA,NA,NA,NA
2006,3,23,15,NA,NA,NA,NA,NA
2006,3,23,18,NA,NA,NA,NA,NA
2006,3,23,21,NA,NA,NA,NA,NA
2006,3,24,0,NA,NA,NA,NA,NA
2006,3,24,3,NA,NA,NA,NA,NA
2006,3,24,6,NA,NA,NA,NA,NA
2006,3,24,9,NA,NA,NA,NA,NA
2006,3,24,12,NA,NA,NA,NA,NA
2006,3,24,15,NA,NA,NA,NA,NA
2006,3,24,18,NA,NA,NA,NA,NA
2006,3,24,21,NA,NA,NA,NA,NA
2006,3,25,0,NA,NA,NA,NA,NA
2006,3,25,3,NA,NA,NA,NA,NA
2006,3,25,6,NA,NA,NA,NA,NA
2006,3,25,9,NA,NA,NA,NA,NA
2006,3,25,12,NA,NA,NA,NA,NA
2006,3,25,15,NA,NA,NA,NA,NA
2006,3,25,18,NA,NA,NA,NA,NA
2006,3,25,21,NA,NA,NA,NA,NA
2006,3,26,0,NA,NA,NA,NA,NA
2006,3,26,3,NA,NA,NA,NA,NA
2006,3,26,6,NA,NA,NA,NA,NA
2006,3,26,9,NA,NA,NA,NA,NA
2006,3,26,12,NA,NA,NA,NA,NA
2006,3,26,15,NA,NA,NA,NA,NA
2006,3,26,18,NA,NA,NA,NA,NA
2006,3,26,21,NA,NA,NA,NA,NA
2006,3,27,0,NA,NA,NA,NA,NA
2006,3,27,3,NA,NA,NA,NA,NA
2006,3,27,6,NA,NA,NA,NA,NA
2006,3,27,9,NA,NA,NA,NA,NA
2006,3,27,12,NA,NA,NA,NA,NA
2006,3,27,15,NA,NA,NA,NA,NA
2006,3,27,18,NA,NA,NA,NA,NA
2006,3,27,21,NA,NA,NA,NA,NA
2006,3,28,0,NA,NA,NA,NA,NA
2006,3,28,3,NA,NA,NA,NA,NA
2006,3,28,6,NA,NA,NA,NA,NA
2006,3,28,9,NA,NA,NA,NA,NA
2006,3,28,12,NA,NA,NA,NA,NA
2006,3,28,15,NA,NA,NA,NA,NA
2006,3,28,18,NA,NA,NA,NA,NA
2006,3,28,21,NA,NA,NA,NA,NA
2006,3,29,0,NA,NA,NA,NA,NA
2006,3,29,3,NA,NA,NA,NA,NA
2006,3,29,6,NA,NA,NA,NA,NA
2006,3,29,9,NA,NA,NA,NA,NA
2006,3,29,12,NA,NA,NA,NA,NA
2006,3,29,15,NA,NA,NA,NA,NA
2006,3,29,18,NA,NA,NA,NA,NA
2006,3,29,21,NA,NA,NA,NA,NA
2006,3,30,0,NA,NA,NA,NA,NA
2006,3,30,3,NA,NA,NA,NA,NA
2006,3,30,6,NA,NA,NA,NA,NA
2006,3,30,9,NA,NA,NA,NA,NA
2006,3,30,12,NA,NA,NA,NA,NA
2006,3,30,15,NA,NA,NA,NA,NA
2006,3,30,18,NA,NA,NA,NA,NA
2006,3,30,21,NA,NA,NA,NA,NA
2006,3,31,0,NA,NA,NA,NA,NA
2006,3,31,3,NA,NA,NA,NA,NA
2006,3,31,6,NA,NA,NA,NA,NA
2006,3,31,9,NA,NA,NA,NA,NA
2006,3,31,12,NA,NA,NA,NA,NA
2006,3,31,15,NA,NA,NA,NA,NA
2006,3,31,18,NA,NA,NA,NA,NA
2006,3,31,21,NA,NA,NA,NA,NA
2006,4,1,0,NA,NA,NA,NA,NA
2006,4,1,3,NA,NA,NA,NA,NA
2006,4,1,6,NA,NA,NA,NA,NA
2006,4,1,9,NA,NA,NA,NA,NA
2006,4,1,12,NA,NA,NA,NA,NA
2006,4,1,15,NA,NA,NA,NA,NA
2006,4,1,18,NA,NA,NA,NA,NA
2006,4,1,21,NA,NA,NA,NA,NA
2006,4,2,0,NA,NA,NA,NA,NA
2006,4,2,3,NA,NA,NA,NA,NA
2006,4,2,6,NA,NA,NA,NA,NA
2006,4,2,9,NA,NA,NA,NA,NA
2006,4,2,12,NA,NA,NA,NA,NA
2006,4,2,15,NA,NA,NA,NA,NA
2006,4,2,18,NA,NA,NA,NA,NA
2006,4,2,21,NA,NA,NA,NA,NA
2006,4,3,0,NA,NA,NA,NA,NA
2006,4,3,3,NA,NA,NA,NA,NA
2006,4,3,6,NA,NA,NA,NA,NA
2006,4,3,9,NA,NA,NA,NA,NA
2006,4,3,12,NA,NA,NA,NA,NA
2006,4,3,15,NA,NA,NA,NA,NA
2006,4,3,18,NA,NA,NA,NA,NA
2006,4,3,21,NA,NA,NA,NA,NA
2006,4,4,0,NA,NA,NA,NA,NA
2006,4,4,3,NA,NA,NA,NA,NA
2006,4,4,6,NA,NA,NA,NA,NA
2006,4,4,9,NA,NA,NA,NA,NA
2006,4,4,12,NA,NA,NA,NA,NA
2006,4,4,15,NA,NA,NA,NA,NA
2006,4,4,18,NA,NA,NA,NA,NA
2006,4,4,21,NA,NA,NA,NA,NA
2006,4,5,0,NA,NA,NA,NA,NA
2006,4,5,3,NA,NA,NA,NA,NA
2006,4,5,6,NA,NA,NA,NA,NA
2006,4,5,9,NA,NA,NA,NA,NA
2006,4,5,12,NA,NA,NA,NA,NA
2006,4,5,15,NA,NA,NA,NA,NA
2006,4,5,18,NA,NA,NA,NA,NA
2006,4,5,21,NA,NA,NA,NA,NA
2006,4,6,0,NA,NA,NA,NA,NA
2006,4,6,3,NA,NA,NA,NA,NA
2006,4,6,6,NA,NA,NA,NA,NA
2006,4,6,9,NA,NA,NA,NA,NA
2006,4,6,12,NA,NA,NA,NA,NA
2006,4,6,15,NA,NA,NA,NA,NA
2006,4,6,18,NA,NA,NA,NA,NA
2006,4,6,21,NA,NA,NA,NA,NA
2006,4,7,0,NA,NA,NA,NA,NA
2006,4,7,3,NA,NA,NA,NA,NA
2006,4,7,6,NA,NA,NA,NA,NA
2006,4,7,9,NA,NA,NA,NA,NA
2006,4,7,12,NA,NA,NA,NA,NA
2006,4,7,15,NA,NA,NA,NA,NA
2006,4,7,18,NA,NA,NA,NA,NA
2006,4,7,21,NA,NA,NA,NA,NA
2006,4,8,0,NA,NA,NA,NA,NA
2006,4,8,3,NA,NA,NA,NA,NA
2006,4,8,6,NA,NA,NA,NA,NA
2006,4,8,9,NA,NA,NA,NA,NA
2006,4,8,12,NA,NA,NA,NA,NA
2006,4,8,15,NA,NA,NA,NA,NA
2006,4,8,18,NA,NA,NA,NA,NA
2006,4,8,21,NA,NA,NA,NA,NA
2006,4,9,0,NA,NA,NA,NA,NA
2006,4,9,3,NA,NA,NA,NA,NA
2006,4,9,6,NA,NA,NA,NA,NA
2006,4,9,9,NA,NA,NA,NA,NA
2006,4,9,12,NA,NA,NA,NA,NA
2006,4,9,15,NA,NA,NA,NA,NA
2006,4,9,18,NA,NA,NA,NA,NA
2006,4,9,21,NA,NA,NA,NA,NA
2006,4,10,0,NA,NA,NA,NA,NA
2006,4,10,3,NA,NA,NA,NA,NA
2006,4,10,6,NA,NA,NA,NA,NA
2006,4,10,9,NA,NA,NA,NA,NA
2006,4,10,12,NA,NA,NA,NA,NA
2006,4,10,15,NA,NA,NA,NA,NA
2006,4,10,18,NA,NA,NA,NA,NA
2006,4,10,21,NA,NA,NA,NA,NA
2006,4,11,0,NA,NA,NA,NA,NA
2006,4,11,3,NA,NA,NA,NA,NA
2006,4,11,6,NA,NA,NA,NA,NA
2006,4,11,9,NA,NA,NA,NA,NA
2006,4,11,12,NA,NA,NA,NA,NA
2006,4,11,15,NA,NA,NA,NA,NA
2006,4,11,18,NA,NA,NA,NA,NA
2006,4,11,21,NA,NA,NA,NA,NA
2006,4,12,0,NA,NA,NA,NA,NA
2006,4,12,3,NA,NA,NA,NA,NA
2006,4,12,6,NA,NA,NA,NA,NA
2006,4,12,9,NA,NA,NA,NA,NA
2006,4,12,12,NA,NA,NA,NA,NA
2006,4,12,15,NA,NA,NA,NA,NA
2006,4,12,18,NA,NA,NA,NA,NA
2006,4,12,21,NA,NA,NA,NA,NA
2006,4,13,0,NA,NA,NA,NA,NA
2006,4,13,3,NA,NA,NA,NA,NA
2006,4,13,6,NA,NA,NA,NA,NA
2006,4,13,9,NA,NA,NA,NA,NA
2006,4,13,12,NA,NA,NA,NA,NA
2006,4,13,15,NA,NA,NA,NA,NA
2006,4,13,18,NA,NA,NA,NA,NA
2006,4,13,21,NA,NA,NA,NA,NA
2006,4,14,0,NA,NA,NA,NA,NA
2006,4,14,3,NA,NA,NA,NA,NA
2006,4,14,6,NA,NA,NA,NA,NA
2006,4,14,9,NA,NA,NA,NA,NA
2006,4,14,12,NA,NA,NA,NA,NA
2006,4,14,15,NA,NA,NA,NA,NA
2006,4,14,18,NA,NA,NA,NA,NA
2006,4,14,21,NA,NA,NA,NA,NA
2006,4,15,0,NA,NA,NA,NA,NA
2006,4,15,3,NA,NA,NA,NA,NA
2006,4,15,6,NA,NA,NA,NA,NA
2006,4,15,9,NA,NA,NA,NA,NA
2006,4,15,12,NA,NA,NA,NA,NA
2006,4,15,15,NA,NA,NA,NA,NA
2006,4,15,18,NA,NA,NA,NA,NA
2006,4,15,21,NA,NA,NA,NA,NA
2006,4,16,0,NA,NA,NA,NA,NA
2006,4,16,3,NA,NA,NA,NA,NA
2006,4,16,6,NA,NA,NA,NA,NA
2006,4,16,9,NA,NA,NA,NA,NA
2006,4,16,12,NA,NA,NA,NA,NA
2006,4,16,15,NA,NA,NA,NA,NA
2006,4,16,18,NA,NA,NA,NA,NA
2006,4,16,21,NA,NA,NA,NA,NA
2006,4,17,0,NA,NA,NA,NA,NA
2006,4,17,3,NA,NA,NA,NA,NA
2006,4,17,6,NA,NA,NA,NA,NA
2006,4,17,9,NA,NA,NA,NA,NA
2006,4,17,12,NA,NA,NA,NA,NA
2006,4,17,15,NA,NA,NA,NA,NA
2006,4,17,18,NA,NA,NA,NA,NA
2006,4,17,21,NA,NA,NA,NA,NA
2006,4,18,0,NA,NA,NA,NA,NA
2006,4,18,3,NA,NA,NA,NA,NA
2006,4,18,6,NA,NA,NA,NA,NA
2006,4,18,9,NA,NA,NA,NA,NA
2006,4,18,12,NA,NA,NA,NA,NA
2006,4,18,15,NA,NA,NA,NA,NA
2006,4,18,18,NA,NA,NA,NA,NA
2006,4,18,21,NA,NA,NA,NA,NA
2006,4,19,0,NA,NA,NA,NA,NA
2006,4,19,3,NA,NA,NA,NA,NA
2006,4,19,6,NA,NA,NA,NA,NA
2006,4,19,9,NA,NA,NA,NA,NA
2006,4,19,12,NA,NA,NA,NA,NA
2006,4,19,15,NA,NA,NA,NA,NA
2006,4,19,18,NA,NA,NA,NA,NA
2006,4,19,21,NA,NA,NA,NA,NA
2006,4,20,0,NA,NA,NA,NA,NA
2006,4,20,3,NA,NA,NA,NA,NA
2006,4,20,6,NA,NA,NA,NA,NA
2006,4,20,9,NA,NA,NA,NA,NA
2006,4,20,12,NA,NA,NA,NA,NA
2006,4,20,15,NA,NA,NA,NA,NA
2006,4,20,18,NA,NA,NA,NA,NA
2006,4,20,21,NA,NA,NA,NA,NA
2006,4,21,0,NA,NA,NA,NA,NA
2006,4,21,3,NA,NA,NA,NA,NA
2006,4,21,6,NA,NA,NA,NA,NA
2006,4,21,9,NA,NA,NA,NA,NA
2006,4,21,12,NA,NA,NA,NA,NA
2006,4,21,15,NA,NA,NA,NA,NA
2006,4,21,18,NA,NA,NA,NA,NA
2006,4,21,21,NA,NA,NA,NA,NA
2006,4,22,0,NA,NA,NA,NA,NA
2006,4,22,3,NA,NA,NA,NA,NA
2006,4,22,6,NA,NA,NA,NA,NA
2006,4,22,9,NA,NA,NA,NA,NA
2006,4,22,12,NA,NA,NA,NA,NA
2006,4,22,15,NA,NA,NA,NA,NA
2006,4,22,18,NA,NA,NA,NA,NA
2006,4,22,21,NA,NA,NA,NA,NA
2006,4,23,0,NA,NA,NA,NA,NA
2006,4,23,3,NA,NA,NA,NA,NA
2006,4,23,6,NA,NA,NA,NA,NA
2006,4,23,9,NA,NA,NA,NA,NA
2006,4,23,12,NA,NA,NA,NA,NA
2006,4,23,15,NA,NA,NA,NA,NA
2006,4,23,18,NA,NA,NA,NA,NA
2006,4,23,21,NA,NA,NA,NA,NA
2006,4,24,0,NA,NA,NA,NA,NA
2006,4,24,3,NA,NA,NA,NA,NA
2006,4,24,6,NA,NA,NA,NA,NA
2006,4,24,9,NA,NA,NA,NA,NA
2006,4,24,12,NA,NA,NA,NA,NA
2006,4,24,15,NA,NA,NA,NA,NA
2006,4,24,18,NA,NA,NA,NA,NA
2006,4,24,21,NA,NA,NA,NA,NA
2006,4,25,0,NA,NA,NA,NA,NA
2006,4,25,3,NA,NA,NA,NA,NA
2006,4,25,6,NA,NA,NA,NA,NA
2006,4,25,9,NA,NA,NA,NA,NA
2006,4,25,12,NA,NA,NA,NA,NA
2006,4,25,15,NA,NA,NA,NA,NA
2006,4,25,18,NA,NA,NA,NA,NA
2006,4,25,21,NA,NA,NA,NA,NA
2006,4,26,0,NA,NA,NA,NA,NA
2006,4,26,3,NA,NA,NA,NA,NA
2006,4,26,6,NA,NA,NA,NA,NA
2006,4,26,9,NA,NA,NA,NA,NA
2006,4,26,12,NA,NA,NA,NA,NA
2006,4,26,15,NA,NA,NA,NA,NA
2006,4,26,18,NA,NA,NA,NA,NA
2006,4,26,21,NA,NA,NA,NA,NA
2006,4,27,0,NA,NA,NA,NA,NA
2006,4,27,3,NA,NA,NA,NA,NA
2006,4,27,6,NA,NA,NA,NA,NA
2006,4,27,9,NA,NA,NA,NA,NA
2006,4,27,12,NA,NA,NA,NA,NA
2006,4,27,15,NA,NA,NA,NA,NA
2006,4,27,18,NA,NA,NA,NA,NA
2006,4,27,21,NA,NA,NA,NA,NA
2006,4,28,0,NA,NA,NA,NA,NA
2006,4,28,3,NA,NA,NA,NA,NA
2006,4,28,6,NA,NA,NA,NA,NA
2006,4,28,9,NA,NA,NA,NA,NA
2006,4,28,12,NA,NA,NA,NA,NA
2006,4,28,15,NA,NA,NA,NA,NA
2006,4,28,18,NA,NA,NA,NA,NA
2006,4,28,21,NA,NA,NA,NA,NA
2006,4,29,0,NA,NA,NA,NA,NA
2006,4,29,3,NA,NA,NA,NA,NA
2006,4,29,6,NA,NA,NA,NA,NA
2006,4,29,9,NA,NA,NA,NA,NA
2006,4,29,12,NA,NA,NA,NA,NA
2006,4,29,15,NA,NA,NA,NA,NA
2006,4,29,18,NA,NA,NA,NA,NA
2006,4,29,21,NA,NA,NA,NA,NA
2006,4,30,0,NA,NA,NA,NA,NA
2006,4,30,3,NA,NA,NA,NA,NA
2006,4,30,6,NA,NA,NA,NA,NA
2006,4,30,9,NA,NA,NA,NA,NA
2006,4,30,12,NA,NA,NA,NA,NA
2006,4,30,15,NA,NA,NA,NA,NA
2006,4,30,18,NA,NA,NA,NA,NA
2006,4,30,21,NA,NA,NA,NA,NA
2006,5,1,0,NA,NA,NA,NA,NA
2006,5,1,3,NA,NA,NA,NA,NA
2006,5,1,6,NA,NA,NA,NA,NA
2006,5,1,9,NA,NA,NA,NA,NA
2006,5,1,12,NA,NA,NA,NA,NA
2006,5,1,15,NA,NA,NA,NA,NA
2006,5,1,18,NA,NA,NA,NA,NA
2006,5,1,21,NA,NA,NA,NA,NA
2006,5,2,0,NA,NA,NA,NA,NA
2006,5,2,3,NA,NA,NA,NA,NA
2006,5,2,6,NA,NA,NA,NA,NA
2006,5,2,9,NA,NA,NA,NA,NA
2006,5,2,12,NA,NA,NA,NA,NA
2006,5,2,15,NA,NA,NA,NA,NA
2006,5,2,18,NA,NA,NA,NA,NA
2006,5,2,21,NA,NA,NA,NA,NA
2006,5,3,0,NA,NA,NA,NA,NA
2006,5,3,3,NA,NA,NA,NA,NA
2006,5,3,6,NA,NA,NA,NA,NA
2006,5,3,9,NA,NA,NA,NA,NA
2006,5,3,12,NA,NA,NA,NA,NA
2006,5,3,15,NA,NA,NA,NA,NA
2006,5,3,18,NA,NA,NA,NA,NA
2006,5,3,21,NA,NA,NA,NA,NA
2006,5,4,0,NA,NA,NA,NA,NA
2006,5,4,3,NA,NA,NA,NA,NA
2006,5,4,6,NA,NA,NA,NA,NA
2006,5,4,9,NA,NA,NA,NA,NA
2006,5,4,12,NA,NA,NA,NA,NA
2006,5,4,15,NA,NA,NA,NA,NA
2006,5,4,18,NA,NA,NA,NA,NA
2006,5,4,21,NA,NA,NA,NA,NA
2006,5,5,0,NA,NA,NA,NA,NA
2006,5,5,3,NA,NA,NA,NA,NA
2006,5,5,6,NA,NA,NA,NA,NA
2006,5,5,9,NA,NA,NA,NA,NA
2006,5,5,12,NA,NA,NA,NA,NA
2006,5,5,15,NA,NA,NA,NA,NA
2006,5,5,18,NA,NA,NA,NA,NA
2006,5,5,21,NA,NA,NA,NA,NA
2006,5,6,0,NA,NA,NA,NA,NA
2006,5,6,3,NA,NA,NA,NA,NA
2006,5,6,6,NA,NA,NA,NA,NA
2006,5,6,9,NA,NA,NA,NA,NA
2006,5,6,12,NA,NA,NA,NA,NA
2006,5,6,15,NA,NA,NA,NA,NA
2006,5,6,18,NA,NA,NA,NA,NA
2006,5,6,21,NA,NA,NA,NA,NA
2006,5,7,0,NA,NA,NA,NA,NA
2006,5,7,3,NA,NA,NA,NA,NA
2006,5,7,6,NA,NA,NA,NA,NA
2006,5,7,9,NA,NA,NA,NA,NA
2006,5,7,12,NA,NA,NA,NA,NA
2006,5,7,15,NA,NA,NA,NA,NA
2006,5,7,18,NA,NA,NA,NA,NA
2006,5,7,21,NA,NA,NA,NA,NA
2006,5,8,0,NA,NA,NA,NA,NA
2006,5,8,3,NA,NA,NA,NA,NA
2006,5,8,6,NA,NA,NA,NA,NA
2006,5,8,9,NA,NA,NA,NA,NA
2006,5,8,12,NA,NA,NA,NA,NA
2006,5,8,15,NA,NA,NA,NA,NA
2006,5,8,18,NA,NA,NA,NA,NA
2006,5,8,21,NA,NA,NA,NA,NA
2006,5,9,0,NA,NA,NA,NA,NA
2006,5,9,3,NA,NA,NA,NA,NA
2006,5,9,6,NA,NA,NA,NA,NA
2006,5,9,9,NA,NA,NA,NA,NA
2006,5,9,12,NA,NA,NA,NA,NA
2006,5,9,15,NA,NA,NA,NA,NA
2006,5,9,18,NA,NA,NA,NA,NA
2006,5,9,21,NA,NA,NA,NA,NA
2006,5,10,0,NA,NA,NA,NA,NA
2006,5,10,3,NA,NA,NA,NA,NA
2006,5,10,6,NA,NA,NA,NA,NA
2006,5,10,9,NA,NA,NA,NA,NA
2006,5,10,12,NA,NA,NA,NA,NA
2006,5,10,15,NA,NA,NA,NA,NA
2006,5,10,18,NA,NA,NA,NA,NA
2006,5,10,21,NA,NA,NA,NA,NA
2006,5,11,0,NA,NA,NA,NA,NA
2006,5,11,3,NA,NA,NA,NA,NA
2006,5,11,6,NA,NA,NA,NA,NA
2006,5,11,9,NA,NA,NA,NA,NA
2006,5,11,12,NA,NA,NA,NA,NA
2006,5,11,15,NA,NA,NA,NA,NA
2006,5,11,18,NA,NA,NA,NA,NA
2006,5,11,21,NA,NA,NA,NA,NA
2006,5,12,0,NA,NA,NA,NA,NA
2006,5,12,3,NA,NA,NA,NA,NA
2006,5,12,6,NA,NA,NA,NA,NA
2006,5,12,9,NA,NA,NA,NA,NA
2006,5,12,12,NA,NA,NA,NA,NA
2006,5,12,15,NA,NA,NA,NA,NA
2006,5,12,18,NA,NA,NA,NA,NA
2006,5,12,21,NA,NA,NA,NA,NA
2006,5,13,0,NA,NA,NA,NA,NA
2006,5,13,3,NA,NA,NA,NA,NA
2006,5,13,6,NA,NA,NA,NA,NA
2006,5,13,9,NA,NA,NA,NA,NA
2006,5,13,12,NA,NA,NA,NA,NA
2006,5,13,15,NA,NA,NA,NA,NA
2006,5,13,18,NA,NA,NA,NA,NA
2006,5,13,21,NA,NA,NA,NA,NA
2006,5,14,0,NA,NA,NA,NA,NA
2006,5,14,3,NA,NA,NA,NA,NA
2006,5,14,6,NA,NA,NA,NA,NA
2006,5,14,9,NA,NA,NA,NA,NA
2006,5,14,12,NA,NA,NA,NA,NA
2006,5,14,15,NA,NA,NA,NA,NA
2006,5,14,18,NA,NA,NA,NA,NA
2006,5,14,21,NA,NA,NA,NA,NA
2006,5,15,0,NA,NA,NA,NA,NA
2006,5,15,3,NA,NA,NA,NA,NA
2006,5,15,6,NA,NA,NA,NA,NA
2006,5,15,9,NA,NA,NA,NA,NA
2006,5,15,12,NA,NA,NA,NA,NA
2006,5,15,15,NA,NA,NA,NA,NA
2006,5,15,18,NA,NA,NA,NA,NA
2006,5,15,21,NA,NA,NA,NA,NA
2006,5,16,0,NA,NA,NA,NA,NA
2006,5,16,3,NA,NA,NA,NA,NA
2006,5,16,6,NA,NA,NA,NA,NA
2006,5,16,9,NA,NA,NA,NA,NA
2006,5,16,12,NA,NA,NA,NA,NA
2006,5,16,15,NA,NA,NA,NA,NA
2006,5,16,18,NA,NA,NA,NA,NA
2006,5,16,21,NA,NA,NA,NA,NA
2006,5,17,0,NA,NA,NA,NA,NA
2006,5,17,3,NA,NA,NA,NA,NA
2006,5,17,6,NA,NA,NA,NA,NA
2006,5,17,9,NA,NA,NA,NA,NA
2006,5,17,12,NA,NA,NA,NA,NA
2006,5,17,15,NA,NA,NA,NA,NA
2006,5,17,18,NA,NA,NA,NA,NA
2006,5,17,21,NA,NA,NA,NA,NA
2006,5,18,0,NA,NA,NA,NA,NA
2006,5,18,3,NA,NA,NA,NA,NA
2006,5,18,6,NA,NA,NA,NA,NA
2006,5,18,9,NA,NA,NA,NA,NA
2006,5,18,12,NA,NA,NA,NA,NA
2006,5,18,15,NA,NA,NA,NA,NA
2006,5,18,18,NA,NA,NA,NA,NA
2006,5,18,21,NA,NA,NA,NA,NA
2006,5,19,0,NA,NA,NA,NA,NA
2006,5,19,3,NA,NA,NA,NA,NA
2006,5,19,6,NA,NA,NA,NA,NA
2006,5,19,9,NA,NA,NA,NA,NA
2006,5,19,12,NA,NA,NA,NA,NA
2006,5,19,15,NA,NA,NA,NA,NA
2006,5,19,18,NA,NA,NA,NA,NA
2006,5,19,21,NA,NA,NA,NA,NA
2006,5,20,0,NA,NA,NA,NA,NA
2006,5,20,3,NA,NA,NA,NA,NA
2006,5,20,6,NA,NA,NA,NA,NA
2006,5,20,9,NA,NA,NA,NA,NA
2006,5,20,12,NA,NA,NA,NA,NA
2006,5,20,15,NA,NA,NA,NA,NA
2006,5,20,18,NA,NA,NA,NA,NA
2006,5,20,21,NA,NA,NA,NA,NA
2006,5,21,0,NA,NA,NA,NA,NA
2006,5,21,3,NA,NA,NA,NA,NA
2006,5,21,6,NA,NA,NA,NA,NA
2006,5,21,9,NA,NA,NA,NA,NA
2006,5,21,12,NA,NA,NA,NA,NA
2006,5,21,15,NA,NA,NA,NA,NA
2006,5,21,18,NA,NA,NA,NA,NA
2006,5,21,21,NA,NA,NA,NA,NA
2006,5,22,0,NA,NA,NA,NA,NA
2006,5,22,3,NA,NA,NA,NA,NA
2006,5,22,6,NA,NA,NA,NA,NA
2006,5,22,9,NA,NA,NA,NA,NA
2006,5,22,12,NA,NA,NA,NA,NA
2006,5,22,15,NA,NA,NA,NA,NA
2006,5,22,18,NA,NA,NA,NA,NA
2006,5,22,21,NA,NA,NA,NA,NA
2006,5,23,0,NA,NA,NA,NA,NA
2006,5,23,3,NA,NA,NA,NA,NA
2006,5,23,6,NA,NA,NA,NA,NA
2006,5,23,9,NA,NA,NA,NA,NA
2006,5,23,12,NA,NA,NA,NA,NA
2006,5,23,15,NA,NA,NA,NA,NA
2006,5,23,18,NA,NA,NA,NA,NA
2006,5,23,21,NA,NA,NA,NA,NA
2006,5,24,0,NA,NA,NA,NA,NA
2006,5,24,3,NA,NA,NA,NA,NA
2006,5,24,6,NA,NA,NA,NA,NA
2006,5,24,9,NA,NA,NA,NA,NA
2006,5,24,12,NA,NA,NA,NA,NA
2006,5,24,15,NA,NA,NA,NA,NA
2006,5,24,18,NA,NA,NA,NA,NA
2006,5,24,21,NA,NA,NA,NA,NA
2006,5,25,0,NA,NA,NA,NA,NA
2006,5,25,3,NA,NA,NA,NA,NA
2006,5,25,6,NA,NA,NA,NA,NA
2006,5,25,9,NA,NA,NA,NA,NA
2006,5,25,12,NA,NA,NA,NA,NA
2006,5,25,15,NA,NA,NA,NA,NA
2006,5,25,18,NA,NA,NA,NA,NA
2006,5,25,21,NA,NA,NA,NA,NA
2006,5,26,0,NA,NA,NA,NA,NA
2006,5,26,3,NA,NA,NA,NA,NA
2006,5,26,6,NA,NA,NA,NA,NA
2006,5,26,9,NA,NA,NA,NA,NA
2006,5,26,12,NA,NA,NA,NA,NA
2006,5,26,15,NA,NA,NA,NA,NA
2006,5,26,18,NA,NA,NA,NA,NA
2006,5,26,21,NA,NA,NA,NA,NA
2006,5,27,0,NA,NA,NA,NA,NA
2006,5,27,3,NA,NA,NA,NA,NA
2006,5,27,6,NA,NA,NA,NA,NA
2006,5,27,9,NA,NA,NA,NA,NA
2006,5,27,12,NA,NA,NA,NA,NA
2006,5,27,15,NA,NA,NA,NA,NA
2006,5,27,18,NA,NA,NA,NA,NA
2006,5,27,21,NA,NA,NA,NA,NA
2006,5,28,0,NA,NA,NA,NA,NA
2006,5,28,3,NA,NA,NA,NA,NA
2006,5,28,6,NA,NA,NA,NA,NA
2006,5,28,9,NA,NA,NA,NA,NA
2006,5,28,12,NA,NA,NA,NA,NA
2006,5,28,15,NA,NA,NA,NA,NA
2006,5,28,18,NA,NA,NA,NA,NA
2006,5,28,21,NA,NA,NA,NA,NA
2006,5,29,0,NA,NA,NA,NA,NA
2006,5,29,3,NA,NA,NA,NA,NA
2006,5,29,6,NA,NA,NA,NA,NA
2006,5,29,9,NA,NA,NA,NA,NA
2006,5,29,12,NA,NA,NA,NA,NA
2006,5,29,15,NA,NA,NA,NA,NA
2006,5,29,18,NA,NA,NA,NA,NA
2006,5,29,21,NA,NA,NA,NA,NA
2006,5,30,0,NA,NA,NA,NA,NA
2006,5,30,3,NA,NA,NA,NA,NA
2006,5,30,6,NA,NA,NA,NA,NA
2006,5,30,9,NA,NA,NA,NA,NA
2006,5,30,12,NA,NA,NA,NA,NA
2006,5,30,15,NA,NA,NA,NA,NA
2006,5,30,18,NA,NA,NA,NA,NA
2006,5,30,21,NA,NA,NA,NA,NA
2006,5,31,0,NA,NA,NA,NA,NA
2006,5,31,3,NA,NA,NA,NA,NA
2006,5,31,6,NA,NA,NA,NA,NA
2006,5,31,9,NA,NA,NA,NA,NA
2006,5,31,12,NA,NA,NA,NA,NA
2006,5,31,15,NA,NA,NA,NA,NA
2006,5,31,18,NA,NA,NA,NA,NA
2006,5,31,21,NA,NA,NA,NA,NA
2006,6,1,0,NA,NA,NA,NA,NA
2006,6,1,3,NA,NA,NA,NA,NA
2006,6,1,6,NA,NA,NA,NA,NA
2006,6,1,9,NA,NA,NA,NA,NA
2006,6,1,12,NA,NA,NA,NA,NA
2006,6,1,15,NA,NA,NA,NA,NA
2006,6,1,18,NA,NA,NA,NA,NA
2006,6,1,21,NA,NA,NA,NA,NA
2006,6,2,0,NA,NA,NA,NA,NA
2006,6,2,3,NA,NA,NA,NA,NA
2006,6,2,6,NA,NA,NA,NA,NA
2006,6,2,9,NA,NA,NA,NA,NA
2006,6,2,12,NA,NA,NA,NA,NA
2006,6,2,15,NA,NA,NA,NA,NA
2006,6,2,18,NA,NA,NA,NA,NA
2006,6,2,21,NA,NA,NA,NA,NA
2006,6,3,0,NA,NA,NA,NA,NA
2006,6,3,3,NA,NA,NA,NA,NA
2006,6,3,6,NA,NA,NA,NA,NA
2006,6,3,9,NA,NA,NA,NA,NA
2006,6,3,12,NA,NA,NA,NA,NA
2006,6,3,15,NA,NA,NA,NA,NA
2006,6,3,18,NA,NA,NA,NA,NA
2006,6,3,21,NA,NA,NA,NA,NA
2006,6,4,0,NA,NA,NA,NA,NA
2006,6,4,3,NA,NA,NA,NA,NA
2006,6,4,6,NA,NA,NA,NA,NA
2006,6,4,9,NA,NA,NA,NA,NA
2006,6,4,12,NA,NA,NA,NA,NA
2006,6,4,15,NA,NA,NA,NA,NA
2006,6,4,18,NA,NA,NA,NA,NA
2006,6,4,21,NA,NA,NA,NA,NA
2006,6,5,0,NA,NA,NA,NA,NA
2006,6,5,3,NA,NA,NA,NA,NA
2006,6,5,6,NA,NA,NA,NA,NA
2006,6,5,9,NA,NA,NA,NA,NA
2006,6,5,12,NA,NA,NA,NA,NA
2006,6,5,15,NA,NA,NA,NA,NA
2006,6,5,18,NA,NA,NA,NA,NA
2006,6,5,21,NA,NA,NA,NA,NA
2006,6,6,0,NA,NA,NA,NA,NA
2006,6,6,3,NA,NA,NA,NA,NA
2006,6,6,6,NA,NA,NA,NA,NA
2006,6,6,9,NA,NA,NA,NA,NA
2006,6,6,12,NA,NA,NA,NA,NA
2006,6,6,15,NA,NA,NA,NA,NA
2006,6,6,18,NA,NA,NA,NA,NA
2006,6,6,21,NA,NA,NA,NA,NA
2006,6,7,0,NA,NA,NA,NA,NA
2006,6,7,3,NA,NA,NA,NA,NA
2006,6,7,6,NA,NA,NA,NA,NA
2006,6,7,9,NA,NA,NA,NA,NA
2006,6,7,12,NA,NA,NA,NA,NA
2006,6,7,15,NA,NA,NA,NA,NA
2006,6,7,18,NA,NA,NA,NA,NA
2006,6,7,21,NA,NA,NA,NA,NA
2006,6,8,0,NA,NA,NA,NA,NA
2006,6,8,3,NA,NA,NA,NA,NA
2006,6,8,6,NA,NA,NA,NA,NA
2006,6,8,9,NA,NA,NA,NA,NA
2006,6,8,12,NA,NA,NA,NA,NA
2006,6,8,15,NA,NA,NA,NA,NA
2006,6,8,18,NA,NA,NA,NA,NA
2006,6,8,21,NA,NA,NA,NA,NA
2006,6,9,0,NA,NA,NA,NA,NA
2006,6,9,3,NA,NA,NA,NA,NA
2006,6,9,6,NA,NA,NA,NA,NA
2006,6,9,9,NA,NA,NA,NA,NA
2006,6,9,12,NA,NA,NA,NA,NA
2006,6,9,15,NA,NA,NA,NA,NA
2006,6,9,18,NA,NA,NA,NA,NA
2006,6,9,21,NA,NA,NA,NA,NA
2006,6,10,0,NA,NA,NA,NA,NA
2006,6,10,3,NA,NA,NA,NA,NA
2006,6,10,6,NA,NA,NA,NA,NA
2006,6,10,9,NA,NA,NA,NA,NA
2006,6,10,12,NA,NA,NA,NA,NA
2006,6,10,15,NA,NA,NA,NA,NA
2006,6,10,18,NA,NA,NA,NA,NA
2006,6,10,21,NA,NA,NA,NA,NA
2006,6,11,0,NA,NA,NA,NA,NA
2006,6,11,3,NA,NA,NA,NA,NA
2006,6,11,6,NA,NA,NA,NA,NA
2006,6,11,9,NA,NA,NA,NA,NA
2006,6,11,12,NA,NA,NA,NA,NA
2006,6,11,15,NA,NA,NA,NA,NA
2006,6,11,18,NA,NA,NA,NA,NA
2006,6,11,21,NA,NA,NA,NA,NA
2006,6,12,0,NA,NA,NA,NA,NA
2006,6,12,3,NA,NA,NA,NA,NA
2006,6,12,6,NA,NA,NA,NA,NA
2006,6,12,9,NA,NA,NA,NA,NA
2006,6,12,12,NA,NA,NA,NA,NA
2006,6,12,15,NA,NA,NA,NA,NA
2006,6,12,18,NA,NA,NA,NA,NA
2006,6,12,21,NA,NA,NA,NA,NA
2006,6,13,0,NA,NA,NA,NA,NA
2006,6,13,3,NA,NA,NA,NA,NA
2006,6,13,6,NA,NA,NA,NA,NA
2006,6,13,9,NA,NA,NA,NA,NA
2006,6,13,12,NA,NA,NA,NA,NA
2006,6,13,15,NA,NA,NA,NA,NA
2006,6,13,18,NA,NA,NA,NA,NA
2006,6,13,21,NA,NA,NA,NA,NA
2006,6,14,0,NA,NA,NA,NA,NA
2006,6,14,3,NA,NA,NA,NA,NA
2006,6,14,6,NA,NA,NA,NA,NA
2006,6,14,9,NA,NA,NA,NA,NA
2006,6,14,12,NA,NA,NA,NA,NA
2006,6,14,15,NA,NA,NA,NA,NA
2006,6,14,18,NA,NA,NA,NA,NA
2006,6,14,21,NA,NA,NA,NA,NA
2006,6,15,0,NA,NA,NA,NA,NA
2006,6,15,3,NA,NA,NA,NA,NA
2006,6,15,6,NA,NA,NA,NA,NA
2006,6,15,9,NA,NA,NA,NA,NA
2006,6,15,12,NA,NA,NA,NA,NA
2006,6,15,15,NA,NA,NA,NA,NA
2006,6,15,18,NA,NA,NA,NA,NA
2006,6,15,21,NA,NA,NA,NA,NA
2006,6,16,0,NA,NA,NA,NA,NA
2006,6,16,3,NA,NA,NA,NA,NA
2006,6,16,6,NA,NA,NA,NA,NA
2006,6,16,9,NA,NA,NA,NA,NA
2006,6,16,12,NA,NA,NA,NA,NA
2006,6,16,15,NA,NA,NA,NA,NA
2006,6,16,18,NA,NA,NA,NA,NA
2006,6,16,21,NA,NA,NA,NA,NA
2006,6,17,0,NA,NA,NA,NA,NA
2006,6,17,3,NA,NA,NA,NA,NA
2006,6,17,6,NA,NA,NA,NA,NA
2006,6,17,9,NA,NA,NA,NA,NA
2006,6,17,12,NA,NA,NA,NA,NA
2006,6,17,15,NA,NA,NA,NA,NA
2006,6,17,18,NA,NA,NA,NA,NA
2006,6,17,21,NA,NA,NA,NA,NA
2006,6,18,0,NA,NA,NA,NA,NA
2006,6,18,3,NA,NA,NA,NA,NA
2006,6,18,6,NA,NA,NA,NA,NA
2006,6,18,9,NA,NA,NA,NA,NA
2006,6,18,12,NA,NA,NA,NA,NA
2006,6,18,15,NA,NA,NA,NA,NA
2006,6,18,18,NA,NA,NA,NA,NA
2006,6,18,21,NA,NA,NA,NA,NA
2006,6,19,0,NA,NA,NA,NA,NA
2006,6,19,3,NA,NA,NA,NA,NA
2006,6,19,6,NA,NA,NA,NA,NA
2006,6,19,9,NA,NA,NA,NA,NA
2006,6,19,12,NA,NA,NA,NA,NA
2006,6,19,15,NA,NA,NA,NA,NA
2006,6,19,18,NA,NA,NA,NA,NA
2006,6,19,21,NA,NA,NA,NA,NA
2006,6,20,0,NA,NA,NA,NA,NA
2006,6,20,3,NA,NA,NA,NA,NA
2006,6,20,6,NA,NA,NA,NA,NA
2006,6,20,9,NA,NA,NA,NA,NA
2006,6,20,12,NA,NA,NA,NA,NA
2006,6,20,15,NA,NA,NA,NA,NA
2006,6,20,18,NA,NA,NA,NA,NA
2006,6,20,21,NA,NA,NA,NA,NA
2006,6,21,0,NA,NA,NA,NA,NA
2006,6,21,3,NA,NA,NA,NA,NA
2006,6,21,6,NA,NA,NA,NA,NA
2006,6,21,9,NA,NA,NA,NA,NA
2006,6,21,12,NA,NA,NA,NA,NA
2006,6,21,15,NA,NA,NA,NA,NA
2006,6,21,18,NA,NA,NA,NA,NA
2006,6,21,21,NA,NA,NA,NA,NA
2006,6,22,0,NA,NA,NA,NA,NA
2006,6,22,3,NA,NA,NA,NA,NA
2006,6,22,6,NA,NA,NA,NA,NA
2006,6,22,9,NA,NA,NA,NA,NA
2006,6,22,12,NA,NA,NA,NA,NA
2006,6,22,15,NA,NA,NA,NA,NA
2006,6,22,18,NA,NA,NA,NA,NA
2006,6,22,21,NA,NA,NA,NA,NA
2006,6,23,0,NA,NA,NA,NA,NA
2006,6,23,3,NA,NA,NA,NA,NA
2006,6,23,6,NA,NA,NA,NA,NA
2006,6,23,9,NA,NA,NA,NA,NA
2006,6,23,12,NA,NA,NA,NA,NA
2006,6,23,15,NA,NA,NA,NA,NA
2006,6,23,18,NA,NA,NA,NA,NA
2006,6,23,21,NA,NA,NA,NA,NA
2006,6,24,0,NA,NA,NA,NA,NA
2006,6,24,3,NA,NA,NA,NA,NA
2006,6,24,6,NA,NA,NA,NA,NA
2006,6,24,9,NA,NA,NA,NA,NA
2006,6,24,12,NA,NA,NA,NA,NA
2006,6,24,15,NA,NA,NA,NA,NA
2006,6,24,18,NA,NA,NA,NA,NA
2006,6,24,21,NA,NA,NA,NA,NA
2006,6,25,0,NA,NA,NA,NA,NA
2006,6,25,3,NA,NA,NA,NA,NA
2006,6,25,6,NA,NA,NA,NA,NA
2006,6,25,9,NA,NA,NA,NA,NA
2006,6,25,12,NA,NA,NA,NA,NA
2006,6,25,15,NA,NA,NA,NA,NA
2006,6,25,18,NA,NA,NA,NA,NA
2006,6,25,21,NA,NA,NA,NA,NA
2006,6,26,0,NA,NA,NA,NA,NA
2006,6,26,3,NA,NA,NA,NA,NA
2006,6,26,6,NA,NA,NA,NA,NA
2006,6,26,9,NA,NA,NA,NA,NA
2006,6,26,12,NA,NA,NA,NA,NA
2006,6,26,15,NA,NA,NA,NA,NA
2006,6,26,18,NA,NA,NA,NA,NA
2006,6,26,21,NA,NA,NA,NA,NA
2006,6,27,0,NA,NA,NA,NA,NA
2006,6,27,3,NA,NA,NA,NA,NA
2006,6,27,6,NA,NA,NA,NA,NA
2006,6,27,9,NA,NA,NA,NA,NA
2006,6,27,12,NA,NA,NA,NA,NA
2006,6,27,15,NA,NA,NA,NA,NA
2006,6,27,18,NA,NA,NA,NA,NA
2006,6,27,21,NA,NA,NA,NA,NA
2006,6,28,0,NA,NA,NA,NA,NA
2006,6,28,3,NA,NA,NA,NA,NA
2006,6,28,6,NA,NA,NA,NA,NA
2006,6,28,9,NA,NA,NA,NA,NA
2006,6,28,12,NA,NA,NA,NA,NA
2006,6,28,15,NA,NA,NA,NA,NA
2006,6,28,18,NA,NA,NA,NA,NA
2006,6,28,21,NA,NA,NA,NA,NA
2006,6,29,0,NA,NA,NA,NA,NA
2006,6,29,3,NA,NA,NA,NA,NA
2006,6,29,6,NA,NA,NA,NA,NA
2006,6,29,9,NA,NA,NA,NA,NA
2006,6,29,12,NA,NA,NA,NA,NA
2006,6,29,15,NA,NA,NA,NA,NA
2006,6,29,18,NA,NA,NA,NA,NA
2006,6,29,21,NA,NA,NA,NA,NA
2006,6,30,0,NA,NA,NA,NA,NA
2006,6,30,3,NA,NA,NA,NA,NA
2006,6,30,6,NA,NA,NA,NA,NA
2006,6,30,9,NA,NA,NA,NA,NA
2006,6,30,12,NA,NA,NA,NA,NA
2006,6,30,15,NA,NA,NA,NA,NA
2006,6,30,18,NA,NA,NA,NA,NA
2006,6,30,21,NA,NA,NA,NA,NA
2006,7,1,0,NA,NA,NA,NA,NA
2006,7,1,3,NA,NA,NA,NA,NA
2006,7,1,6,NA,NA,NA,NA,NA
2006,7,1,9,NA,NA,NA,NA,NA
2006,7,1,12,NA,NA,NA,NA,NA
2006,7,1,15,NA,NA,NA,NA,NA
2006,7,1,18,NA,NA,NA,NA,NA
2006,7,1,21,NA,NA,NA,NA,NA
2006,7,2,0,NA,NA,NA,NA,NA
2006,7,2,3,NA,NA,NA,NA,NA
2006,7,2,6,NA,NA,NA,NA,NA
2006,7,2,9,NA,NA,NA,NA,NA
2006,7,2,12,NA,NA,NA,NA,NA
2006,7,2,15,NA,NA,NA,NA,NA
2006,7,2,18,NA,NA,NA,NA,NA
2006,7,2,21,NA,NA,NA,NA,NA
2006,7,3,0,NA,NA,NA,NA,NA
2006,7,3,3,NA,NA,NA,NA,NA
2006,7,3,6,NA,NA,NA,NA,NA
2006,7,3,9,NA,NA,NA,NA,NA
2006,7,3,12,NA,NA,NA,NA,NA
2006,7,3,15,NA,NA,NA,NA,NA
2006,7,3,18,NA,NA,NA,NA,NA
2006,7,3,21,NA,NA,NA,NA,NA
2006,7,4,0,NA,NA,NA,NA,NA
2006,7,4,3,NA,NA,NA,NA,NA
2006,7,4,6,NA,NA,NA,NA,NA
2006,7,4,9,NA,NA,NA,NA,NA
2006,7,4,12,NA,NA,NA,NA,NA
2006,7,4,15,NA,NA,NA,NA,NA
2006,7,4,18,NA,NA,NA,NA,NA
2006,7,4,21,NA,NA,NA,NA,NA
2006,7,5,0,NA,NA,NA,NA,NA
2006,7,5,3,NA,NA,NA,NA,NA
2006,7,5,6,NA,NA,NA,NA,NA
2006,7,5,9,NA,NA,NA,NA,NA
2006,7,5,12,NA,NA,NA,NA,NA
2006,7,5,15,NA,NA,NA,NA,NA
2006,7,5,18,NA,NA,NA,NA,NA
2006,7,5,21,NA,NA,NA,NA,NA
2006,7,6,0,NA,NA,NA,NA,NA
2006,7,6,3,NA,NA,NA,NA,NA
2006,7,6,6,NA,NA,NA,NA,NA
2006,7,6,9,NA,NA,NA,NA,NA
2006,7,6,12,NA,NA,NA,NA,NA
2006,7,6,15,NA,NA,NA,NA,NA
2006,7,6,18,NA,NA,NA,NA,NA
2006,7,6,21,NA,NA,NA,NA,NA
2006,7,7,0,NA,NA,NA,NA,NA
2006,7,7,3,NA,NA,NA,NA,NA
2006,7,7,6,NA,NA,NA,NA,NA
2006,7,7,9,NA,NA,NA,NA,NA
2006,7,7,12,NA,NA,NA,NA,NA
2006,7,7,15,NA,NA,NA,NA,NA
2006,7,7,18,NA,NA,NA,NA,NA
2006,7,7,21,NA,NA,NA,NA,NA
2006,7,8,0,NA,NA,NA,NA,NA
2006,7,8,3,NA,NA,NA,NA,NA
2006,7,8,6,NA,NA,NA,NA,NA
2006,7,8,9,NA,NA,NA,NA,NA
2006,7,8,12,NA,NA,NA,NA,NA
2006,7,8,15,NA,NA,NA,NA,NA
2006,7,8,18,NA,NA,NA,NA,NA
2006,7,8,21,NA,NA,NA,NA,NA
2006,7,9,0,NA,NA,NA,NA,NA
2006,7,9,3,NA,NA,NA,NA,NA
2006,7,9,6,NA,NA,NA,NA,NA
2006,7,9,9,NA,NA,NA,NA,NA
2006,7,9,12,NA,NA,NA,NA,NA
2006,7,9,15,NA,NA,NA,NA,NA
2006,7,9,18,NA,NA,NA,NA,NA
2006,7,9,21,NA,NA,NA,NA,NA
2006,7,10,0,NA,NA,NA,NA,NA
2006,7,10,3,NA,NA,NA,NA,NA
2006,7,10,6,NA,NA,NA,NA,NA
2006,7,10,9,NA,NA,NA,NA,NA
2006,7,10,12,NA,NA,NA,NA,NA
2006,7,10,15,NA,NA,NA,NA,NA
2006,7,10,18,NA,NA,NA,NA,NA
2006,7,10,21,NA,NA,NA,NA,NA
2006,7,11,0,NA,NA,NA,NA,NA
2006,7,11,3,NA,NA,NA,NA,NA
2006,7,11,6,NA,NA,NA,NA,NA
2006,7,11,9,NA,NA,NA,NA,NA
2006,7,11,12,NA,NA,NA,NA,NA
2006,7,11,15,NA,NA,NA,NA,NA
2006,7,11,18,NA,NA,NA,NA,NA
2006,7,11,21,NA,NA,NA,NA,NA
2006,7,12,0,NA,NA,NA,NA,NA
2006,7,12,3,NA,NA,NA,NA,NA
2006,7,12,6,NA,NA,NA,NA,NA
2006,7,12,9,NA,NA,NA,NA,NA
2006,7,12,12,NA,NA,NA,NA,NA
2006,7,12,15,NA,NA,NA,NA,NA
2006,7,12,18,NA,NA,NA,NA,NA
2006,7,12,21,NA,NA,NA,NA,NA
2006,7,13,0,NA,NA,NA,NA,NA
2006,7,13,3,NA,NA,NA,NA,NA
2006,7,13,6,NA,NA,NA,NA,NA
2006,7,13,9,NA,NA,NA,NA,NA
2006,7,13,12,NA,NA,NA,NA,NA
2006,7,13,15,NA,NA,NA,NA,NA
2006,7,13,18,NA,NA,NA,NA,NA
2006,7,13,21,NA,NA,NA,NA,NA
2006,7,14,0,NA,NA,NA,NA,NA
2006,7,14,3,NA,NA,NA,NA,NA
2006,7,14,6,NA,NA,NA,NA,NA
2006,7,14,9,NA,NA,NA,NA,NA
2006,7,14,12,NA,NA,NA,NA,NA
2006,7,14,15,NA,NA,NA,NA,NA
2006,7,14,18,NA,NA,NA,NA,NA
2006,7,14,21,NA,NA,NA,NA,NA
2006,7,15,0,NA,NA,NA,NA,NA
2006,7,15,3,NA,NA,NA,NA,NA
2006,7,15,6,NA,NA,NA,NA,NA
2006,7,15,9,NA,NA,NA,NA,NA
2006,7,15,12,NA,NA,NA,NA,NA
2006,7,15,15,NA,NA,NA,NA,NA
2006,7,15,18,NA,NA,NA,NA,NA
2006,7,15,21,NA,NA,NA,NA,NA
2006,7,16,0,NA,NA,NA,NA,NA
2006,7,16,3,NA,NA,NA,NA,NA
2006,7,16,6,NA,NA,NA,NA,NA
2006,7,16,9,NA,NA,NA,NA,NA
2006,7,16,12,NA,NA,NA,NA,NA
2006,7,16,15,NA,NA,NA,NA,NA
2006,7,16,18,NA,NA,NA,NA,NA
2006,7,16,21,NA,NA,NA,NA,NA
2006,7,17,0,NA,NA,NA,NA,NA
2006,7,17,3,NA,NA,NA,NA,NA
2006,7,17,6,NA,NA,NA,NA,NA
2006,7,17,9,NA,NA,NA,NA,NA
2006,7,17,12,NA,NA,NA,NA,NA
2006,7,17,15,NA,NA,NA,NA,NA
2006,7,17,18,NA,NA,NA,NA,NA
2006,7,17,21,NA,NA,NA,NA,NA
2006,7,18,0,NA,NA,NA,NA,NA
2006,7,18,3,NA,NA,NA,NA,NA
2006,7,18,6,NA,NA,NA,NA,NA
2006,7,18,9,NA,NA,NA,NA,NA
2006,7,18,12,NA,NA,NA,NA,NA
2006,7,18,15,NA,NA,NA,NA,NA
2006,7,18,18,NA,NA,NA,NA,NA
2006,7,18,21,NA,NA,NA,NA,NA
2006,7,19,0,NA,NA,NA,NA,NA
2006,7,19,3,NA,NA,NA,NA,NA
2006,7,19,6,NA,NA,NA,NA,NA
2006,7,19,9,NA,NA,NA,NA,NA
2006,7,19,12,NA,NA,NA,NA,NA
2006,7,19,15,NA,NA,NA,NA,NA
2006,7,19,18,NA,NA,NA,NA,NA
2006,7,19,21,NA,NA,NA,NA,NA
2006,7,20,0,NA,NA,NA,NA,NA
2006,7,20,3,NA,NA,NA,NA,NA
2006,7,20,6,NA,NA,NA,NA,NA
2006,7,20,9,NA,NA,NA,NA,NA
2006,7,20,12,NA,NA,NA,NA,NA
2006,7,20,15,NA,NA,NA,NA,NA
2006,7,20,18,NA,NA,NA,NA,NA
2006,7,20,21,NA,NA,NA,NA,NA
2006,7,21,0,NA,NA,NA,NA,NA
2006,7,21,3,NA,NA,NA,NA,NA
2006,7,21,6,NA,NA,NA,NA,NA
2006,7,21,9,NA,NA,NA,NA,NA
2006,7,21,12,NA,NA,NA,NA,NA
2006,7,21,15,NA,NA,NA,NA,NA
2006,7,21,18,NA,NA,NA,NA,NA
2006,7,21,21,NA,NA,NA,NA,NA
2006,7,22,0,NA,NA,NA,NA,NA
2006,7,22,3,NA,NA,NA,NA,NA
2006,7,22,6,NA,NA,NA,NA,NA
2006,7,22,9,NA,NA,NA,NA,NA
2006,7,22,12,NA,NA,NA,NA,NA
2006,7,22,15,NA,NA,NA,NA,NA
2006,7,22,18,NA,NA,NA,NA,NA
2006,7,22,21,NA,NA,NA,NA,NA
2006,7,23,0,NA,NA,NA,NA,NA
2006,7,23,3,NA,NA,NA,NA,NA
2006,7,23,6,NA,NA,NA,NA,NA
2006,7,23,9,NA,NA,NA,NA,NA
2006,7,23,12,NA,NA,NA,NA,NA
2006,7,23,15,NA,NA,NA,NA,NA
2006,7,23,18,NA,NA,NA,NA,NA
2006,7,23,21,NA,NA,NA,NA,NA
2006,7,24,0,NA,NA,NA,NA,NA
2006,7,24,3,NA,NA,NA,NA,NA
2006,7,24,6,NA,NA,NA,NA,NA
2006,7,24,9,NA,NA,NA,NA,NA
2006,7,24,12,NA,NA,NA,NA,NA
2006,7,24,15,NA,NA,NA,NA,NA
2006,7,24,18,NA,NA,NA,NA,NA
2006,7,24,21,NA,NA,NA,NA,NA
2006,7,25,0,NA,NA,NA,NA,NA
2006,7,25,3,NA,NA,NA,NA,NA
2006,7,25,6,NA,NA,NA,NA,NA
2006,7,25,9,NA,NA,NA,NA,NA
2006,7,25,12,NA,NA,NA,NA,NA
2006,7,25,15,NA,NA,NA,NA,NA
2006,7,25,18,NA,NA,NA,NA,NA
2006,7,25,21,NA,NA,NA,NA,NA
2006,7,26,0,NA,NA,NA,NA,NA
2006,7,26,3,NA,NA,NA,NA,NA
2006,7,26,6,NA,NA,NA,NA,NA
2006,7,26,9,NA,NA,NA,NA,NA
2006,7,26,12,NA,NA,NA,NA,NA
2006,7,26,15,NA,NA,NA,NA,NA
2006,7,26,18,NA,NA,NA,NA,NA
2006,7,26,21,NA,NA,NA,NA,NA
2006,7,27,0,NA,NA,NA,NA,NA
2006,7,27,3,NA,NA,NA,NA,NA
2006,7,27,6,NA,NA,NA,NA,NA
2006,7,27,9,NA,NA,NA,NA,NA
2006,7,27,12,NA,NA,NA,NA,NA
2006,7,27,15,NA,NA,NA,NA,NA
2006,7,27,18,NA,NA,NA,NA,NA
2006,7,27,21,NA,NA,NA,NA,NA
2006,7,28,0,NA,NA,NA,NA,NA
2006,7,28,3,NA,NA,NA,NA,NA
2006,7,28,6,NA,NA,NA,NA,NA
2006,7,28,9,NA,NA,NA,NA,NA
2006,7,28,12,NA,NA,NA,NA,NA
2006,7,28,15,NA,NA,NA,NA,NA
2006,7,28,18,NA,NA,NA,NA,NA
2006,7,28,21,NA,NA,NA,NA,NA
2006,7,29,0,NA,NA,NA,NA,NA
2006,7,29,3,NA,NA,NA,NA,NA
2006,7,29,6,NA,NA,NA,NA,NA
2006,7,29,9,NA,NA,NA,NA,NA
2006,7,29,12,NA,NA,NA,NA,NA
2006,7,29,15,NA,NA,NA,NA,NA
2006,7,29,18,NA,NA,NA,NA,NA
2006,7,29,21,NA,NA,NA,NA,NA
2006,7,30,0,NA,NA,NA,NA,NA
2006,7,30,3,NA,NA,NA,NA,NA
2006,7,30,6,NA,NA,NA,NA,NA
2006,7,30,9,NA,NA,NA,NA,NA
2006,7,30,12,NA,NA,NA,NA,NA
2006,7,30,15,NA,NA,NA,NA,NA
2006,7,30,18,NA,NA,NA,NA,NA
2006,7,30,21,NA,NA,NA,NA,NA
2006,7,31,0,NA,NA,NA,NA,NA
2006,7,31,3,NA,NA,NA,NA,NA
2006,7,31,6,NA,NA,NA,NA,NA
2006,7,31,9,NA,NA,NA,NA,NA
2006,7,31,12,NA,NA,NA,NA,NA
2006,7,31,15,NA,NA,NA,NA,NA
2006,7,31,18,NA,NA,NA,NA,NA
2006,7,31,21,NA,NA,NA,NA,NA
2006,8,1,0,NA,NA,NA,NA,NA
2006,8,1,3,NA,NA,NA,NA,NA
2006,8,1,6,NA,NA,NA,NA,NA
2006,8,1,9,NA,NA,NA,NA,NA
2006,8,1,12,NA,NA,NA,NA,NA
2006,8,1,15,NA,NA,NA,NA,NA
2006,8,1,18,NA,NA,NA,NA,NA
2006,8,1,21,NA,NA,NA,NA,NA
2006,8,2,0,NA,NA,NA,NA,NA
2006,8,2,3,NA,NA,NA,NA,NA
2006,8,2,6,NA,NA,NA,NA,NA
2006,8,2,9,NA,NA,NA,NA,NA
2006,8,2,12,NA,NA,NA,NA,NA
2006,8,2,15,NA,NA,NA,NA,NA
2006,8,2,18,NA,NA,NA,NA,NA
2006,8,2,21,NA,NA,NA,NA,NA
2006,8,3,0,NA,NA,NA,NA,NA
2006,8,3,3,NA,NA,NA,NA,NA
2006,8,3,6,NA,NA,NA,NA,NA
2006,8,3,9,NA,NA,NA,NA,NA
2006,8,3,12,NA,NA,NA,NA,NA
2006,8,3,15,NA,NA,NA,NA,NA
2006,8,3,18,NA,NA,NA,NA,NA
2006,8,3,21,NA,NA,NA,NA,NA
2006,8,4,0,NA,NA,NA,NA,NA
2006,8,4,3,NA,NA,NA,NA,NA
2006,8,4,6,NA,NA,NA,NA,NA
2006,8,4,9,NA,NA,NA,NA,NA
2006,8,4,12,NA,NA,NA,NA,NA
2006,8,4,15,NA,NA,NA,NA,NA
2006,8,4,18,NA,NA,NA,NA,NA
2006,8,4,21,NA,NA,NA,NA,NA
2006,8,5,0,NA,NA,NA,NA,NA
2006,8,5,3,NA,NA,NA,NA,NA
2006,8,5,6,NA,NA,NA,NA,NA
2006,8,5,9,NA,NA,NA,NA,NA
2006,8,5,12,NA,NA,NA,NA,NA
2006,8,5,15,NA,NA,NA,NA,NA
2006,8,5,18,NA,NA,NA,NA,NA
2006,8,5,21,NA,NA,NA,NA,NA
2006,8,6,0,NA,NA,NA,NA,NA
2006,8,6,3,NA,NA,NA,NA,NA
2006,8,6,6,NA,NA,NA,NA,NA
2006,8,6,9,NA,NA,NA,NA,NA
2006,8,6,12,NA,NA,NA,NA,NA
2006,8,6,15,NA,NA,NA,NA,NA
2006,8,6,18,NA,NA,NA,NA,NA
2006,8,6,21,NA,NA,NA,NA,NA
2006,8,7,0,NA,NA,NA,NA,NA
2006,8,7,3,NA,NA,NA,NA,NA
2006,8,7,6,NA,NA,NA,NA,NA
2006,8,7,9,NA,NA,NA,NA,NA
2006,8,7,12,NA,NA,NA,NA,NA
2006,8,7,15,NA,NA,NA,NA,NA
2006,8,7,18,NA,NA,NA,NA,NA
2006,8,7,21,NA,NA,NA,NA,NA
2006,8,8,0,NA,NA,NA,NA,NA
2006,8,8,3,NA,NA,NA,NA,NA
2006,8,8,6,NA,NA,NA,NA,NA
2006,8,8,9,NA,NA,NA,NA,NA
2006,8,8,12,NA,NA,NA,NA,NA
2006,8,8,15,NA,NA,NA,NA,NA
2006,8,8,18,NA,NA,NA,NA,NA
2006,8,8,21,NA,NA,NA,NA,NA
2006,8,9,0,NA,NA,NA,NA,NA
2006,8,9,3,NA,NA,NA,NA,NA
2006,8,9,6,NA,NA,NA,NA,NA
2006,8,9,9,NA,NA,NA,NA,NA
2006,8,9,12,NA,NA,NA,NA,NA
2006,8,9,15,NA,NA,NA,NA,NA
2006,8,9,18,NA,NA,NA,NA,NA
2006,8,9,21,NA,NA,NA,NA,NA
2006,8,10,0,NA,NA,NA,NA,NA
2006,8,10,3,NA,NA,NA,NA,NA
2006,8,10,6,NA,NA,NA,NA,NA
2006,8,10,9,NA,NA,NA,NA,NA
2006,8,10,12,NA,NA,NA,NA,NA
2006,8,10,15,NA,NA,NA,NA,NA
2006,8,10,18,NA,NA,NA,NA,NA
2006,8,10,21,NA,NA,NA,NA,NA
2006,8,11,0,NA,NA,NA,NA,NA
2006,8,11,3,NA,NA,NA,NA,NA
2006,8,11,6,NA,NA,NA,NA,NA
2006,8,11,9,NA,NA,NA,NA,NA
2006,8,11,12,NA,NA,NA,NA,NA
2006,8,11,15,NA,NA,NA,NA,NA
2006,8,11,18,NA,NA,NA,NA,NA
2006,8,11,21,NA,NA,NA,NA,NA
2006,8,12,0,NA,NA,NA,NA,NA
2006,8,12,3,NA,NA,NA,NA,NA
2006,8,12,6,NA,NA,NA,NA,NA
2006,8,12,9,NA,NA,NA,NA,NA
2006,8,12,12,NA,NA,NA,NA,NA
2006,8,12,15,NA,NA,NA,NA,NA
2006,8,12,18,NA,NA,NA,NA,NA
2006,8,12,21,NA,NA,NA,NA,NA
2006,8,13,0,NA,NA,NA,NA,NA
2006,8,13,3,NA,NA,NA,NA,NA
2006,8,13,6,NA,NA,NA,NA,NA
2006,8,13,9,NA,NA,NA,NA,NA
2006,8,13,12,NA,NA,NA,NA,NA
2006,8,13,15,NA,NA,NA,NA,NA
2006,8,13,18,NA,NA,NA,NA,NA
2006,8,13,21,NA,NA,NA,NA,NA
2006,8,14,0,NA,NA,NA,NA,NA
2006,8,14,3,NA,NA,NA,NA,NA
2006,8,14,6,NA,NA,NA,NA,NA
2006,8,14,9,NA,NA,NA,NA,NA
2006,8,14,12,NA,NA,NA,NA,NA
2006,8,14,15,NA,NA,NA,NA,NA
2006,8,14,18,NA,NA,NA,NA,NA
2006,8,14,21,NA,NA,NA,NA,NA
2006,8,15,0,NA,NA,NA,NA,NA
2006,8,15,3,NA,NA,NA,NA,NA
2006,8,15,6,NA,NA,NA,NA,NA
2006,8,15,9,NA,NA,NA,NA,NA
2006,8,15,12,NA,NA,NA,NA,NA
2006,8,15,15,NA,NA,NA,NA,NA
2006,8,15,18,NA,NA,NA,NA,NA
2006,8,15,21,NA,NA,NA,NA,NA
2006,8,16,0,NA,NA,NA,NA,NA
2006,8,16,3,NA,NA,NA,NA,NA
2006,8,16,6,NA,NA,NA,NA,NA
2006,8,16,9,NA,NA,NA,NA,NA
2006,8,16,12,NA,NA,NA,NA,NA
2006,8,16,15,NA,NA,NA,NA,NA
2006,8,16,18,NA,NA,NA,NA,NA
2006,8,16,21,NA,NA,NA,NA,NA
2006,8,17,0,NA,NA,NA,NA,NA
2006,8,17,3,NA,NA,NA,NA,NA
2006,8,17,6,NA,NA,NA,NA,NA
2006,8,17,9,NA,NA,NA,NA,NA
2006,8,17,12,NA,NA,NA,NA,NA
2006,8,17,15,NA,NA,NA,NA,NA
2006,8,17,18,NA,NA,NA,NA,NA
2006,8,17,21,NA,NA,NA,NA,NA
2006,8,18,0,NA,NA,NA,NA,NA
2006,8,18,3,NA,NA,NA,NA,NA
2006,8,18,6,NA,NA,NA,NA,NA
2006,8,18,9,NA,NA,NA,NA,NA
2006,8,18,12,NA,NA,NA,NA,NA
2006,8,18,15,NA,NA,NA,NA,NA
2006,8,18,18,NA,NA,NA,NA,NA
2006,8,18,21,NA,NA,NA,NA,NA
2006,8,19,0,NA,NA,NA,NA,NA
2006,8,19,3,NA,NA,NA,NA,NA
2006,8,19,6,NA,NA,NA,NA,NA
2006,8,19,9,NA,NA,NA,NA,NA
2006,8,19,12,NA,NA,NA,NA,NA
2006,8,19,15,NA,NA,NA,NA,NA
2006,8,19,18,NA,NA,NA,NA,NA
2006,8,19,21,NA,NA,NA,NA,NA
2006,8,20,0,NA,NA,NA,NA,NA
2006,8,20,3,NA,NA,NA,NA,NA
2006,8,20,6,NA,NA,NA,NA,NA
2006,8,20,9,NA,NA,NA,NA,NA
2006,8,20,12,NA,NA,NA,NA,NA
2006,8,20,15,NA,NA,NA,NA,NA
2006,8,20,18,NA,NA,NA,NA,NA
2006,8,20,21,NA,NA,NA,NA,NA
2006,8,21,0,NA,NA,NA,NA,NA
2006,8,21,3,NA,NA,NA,NA,NA
2006,8,21,6,NA,NA,NA,NA,NA
2006,8,21,9,NA,NA,NA,NA,NA
2006,8,21,12,NA,NA,NA,NA,NA
2006,8,21,15,NA,NA,NA,NA,NA
2006,8,21,18,NA,NA,NA,NA,NA
2006,8,21,21,NA,NA,NA,NA,NA
2006,8,22,0,NA,NA,NA,NA,NA
2006,8,22,3,NA,NA,NA,NA,NA
2006,8,22,6,NA,NA,NA,NA,NA
2006,8,22,9,NA,NA,NA,NA,NA
2006,8,22,12,NA,NA,NA,NA,NA
2006,8,22,15,NA,NA,NA,NA,NA
2006,8,22,18,NA,NA,NA,NA,NA
2006,8,22,21,NA,NA,NA,NA,NA
2006,8,23,0,NA,NA,NA,NA,NA
2006,8,23,3,NA,NA,NA,NA,NA
2006,8,23,6,NA,NA,NA,NA,NA
2006,8,23,9,NA,NA,NA,NA,NA
2006,8,23,12,NA,NA,NA,NA,NA
2006,8,23,15,NA,NA,NA,NA,NA
2006,8,23,18,NA,NA,NA,NA,NA
2006,8,23,21,NA,NA,NA,NA,NA
2006,8,24,0,NA,NA,NA,NA,NA
2006,8,24,3,NA,NA,NA,NA,NA
2006,8,24,6,NA,NA,NA,NA,NA
2006,8,24,9,NA,NA,NA,NA,NA
2006,8,24,12,NA,NA,NA,NA,NA
2006,8,24,15,NA,NA,NA,NA,NA
2006,8,24,18,NA,NA,NA,NA,NA
2006,8,24,21,NA,NA,NA,NA,NA
2006,8,25,0,NA,NA,NA,NA,NA
2006,8,25,3,NA,NA,NA,NA,NA
2006,8,25,6,NA,NA,NA,NA,NA
2006,8,25,9,NA,NA,NA,NA,NA
2006,8,25,12,NA,NA,NA,NA,NA
2006,8,25,15,NA,NA,NA,NA,NA
2006,8,25,18,NA,NA,NA,NA,NA
2006,8,25,21,NA,NA,NA,NA,NA
2006,8,26,0,NA,NA,NA,NA,NA
2006,8,26,3,NA,NA,NA,NA,NA
2006,8,26,6,NA,NA,NA,NA,NA
2006,8,26,9,NA,NA,NA,NA,NA
2006,8,26,12,NA,NA,NA,NA,NA
2006,8,26,15,NA,NA,NA,NA,NA
2006,8,26,18,NA,NA,NA,NA,NA
2006,8,26,21,NA,NA,NA,NA,NA
2006,8,27,0,NA,NA,NA,NA,NA
2006,8,27,3,NA,NA,NA,NA,NA
2006,8,27,6,NA,NA,NA,NA,NA
2006,8,27,9,NA,NA,NA,NA,NA
2006,8,27,12,NA,NA,NA,NA,NA
2006,8,27,15,NA,NA,NA,NA,NA
2006,8,27,18,NA,NA,NA,NA,NA
2006,8,27,21,NA,NA,NA,NA,NA
2006,8,28,0,NA,NA,NA,NA,NA
2006,8,28,3,NA,NA,NA,NA,NA
2006,8,28,6,NA,NA,NA,NA,NA
2006,8,28,9,NA,NA,NA,NA,NA
2006,8,28,12,NA,NA,NA,NA,NA
2006,8,28,15,NA,NA,NA,NA,NA
2006,8,28,18,NA,NA,NA,NA,NA
2006,8,28,21,NA,NA,NA,NA,NA
2006,8,29,0,NA,NA,NA,NA,NA
2006,8,29,3,NA,NA,NA,NA,NA
2006,8,29,6,NA,NA,NA,NA,NA
2006,8,29,9,NA,NA,NA,NA,NA
2006,8,29,12,NA,NA,NA,NA,NA
2006,8,29,15,NA,NA,NA,NA,NA
2006,8,29,18,NA,NA,NA,NA,NA
2006,8,29,21,NA,NA,NA,NA,NA
2006,8,30,0,NA,NA,NA,NA,NA
2006,8,30,3,NA,NA,NA,NA,NA
2006,8,30,6,NA,NA,NA,NA,NA
2006,8,30,9,NA,NA,NA,NA,NA
2006,8,30,12,NA,NA,NA,NA,NA
2006,8,30,15,NA,NA,NA,NA,NA
2006,8,30,18,NA,NA,NA,NA,NA
2006,8,30,21,NA,NA,NA,NA,NA
2006,8,31,0,NA,NA,NA,NA,NA
2006,8,31,3,NA,NA,NA,NA,NA
2006,8,31,6,NA,NA,NA,NA,NA
2006,8,31,9,NA,NA,NA,NA,NA
2006,8,31,12,NA,NA,NA,NA,NA
2006,8,31,15,NA,NA,NA,NA,NA
2006,8,31,18,NA,NA,NA,NA,NA
2006,8,31,21,NA,NA,NA,NA,NA
2006,9,1,0,NA,NA,NA,NA,NA
2006,9,1,3,NA,NA,NA,NA,NA
2006,9,1,6,NA,NA,NA,NA,NA
2006,9,1,9,NA,NA,NA,NA,NA
2006,9,1,12,NA,NA,NA,NA,NA
2006,9,1,15,NA,NA,NA,NA,NA
2006,9,1,18,NA,NA,NA,NA,NA
2006,9,1,21,NA,NA,NA,NA,NA
2006,9,2,0,NA,NA,NA,NA,NA
2006,9,2,3,NA,NA,NA,NA,NA
2006,9,2,6,NA,NA,NA,NA,NA
2006,9,2,9,NA,NA,NA,NA,NA
2006,9,2,12,NA,NA,NA,NA,NA
2006,9,2,15,NA,NA,NA,NA,NA
2006,9,2,18,NA,NA,NA,NA,NA
2006,9,2,21,NA,NA,NA,NA,NA
2006,9,3,0,NA,NA,NA,NA,NA
2006,9,3,3,NA,NA,NA,NA,NA
2006,9,3,6,NA,NA,NA,NA,NA
2006,9,3,9,NA,NA,NA,NA,NA
2006,9,3,12,NA,NA,NA,NA,NA
2006,9,3,15,NA,NA,NA,NA,NA
2006,9,3,18,NA,NA,NA,NA,NA
2006,9,3,21,NA,NA,NA,NA,NA
2006,9,4,0,NA,NA,NA,NA,NA
2006,9,4,3,NA,NA,NA,NA,NA
2006,9,4,6,NA,NA,NA,NA,NA
2006,9,4,9,NA,NA,NA,NA,NA
2006,9,4,12,NA,NA,NA,NA,NA
2006,9,4,15,NA,NA,NA,NA,NA
2006,9,4,18,NA,NA,NA,NA,NA
2006,9,4,21,NA,NA,NA,NA,NA
2006,9,5,0,NA,NA,NA,NA,NA
2006,9,5,3,NA,NA,NA,NA,NA
2006,9,5,6,NA,NA,NA,NA,NA
2006,9,5,9,NA,NA,NA,NA,NA
2006,9,5,12,NA,NA,NA,NA,NA
2006,9,5,15,NA,NA,NA,NA,NA
2006,9,5,18,NA,NA,NA,NA,NA
2006,9,5,21,NA,NA,NA,NA,NA
2006,9,6,0,NA,NA,NA,NA,NA
2006,9,6,3,NA,NA,NA,NA,NA
2006,9,6,6,NA,NA,NA,NA,NA
2006,9,6,9,NA,NA,NA,NA,NA
2006,9,6,12,NA,NA,NA,NA,NA
2006,9,6,15,NA,NA,NA,NA,NA
2006,9,6,18,NA,NA,NA,NA,NA
2006,9,6,21,NA,NA,NA,NA,NA
2006,9,7,0,NA,NA,NA,NA,NA
2006,9,7,3,NA,NA,NA,NA,NA
2006,9,7,6,NA,NA,NA,NA,NA
2006,9,7,9,NA,NA,NA,NA,NA
2006,9,7,12,NA,NA,NA,NA,NA
2006,9,7,15,NA,NA,NA,NA,NA
2006,9,7,18,NA,NA,NA,NA,NA
2006,9,7,21,NA,NA,NA,NA,NA
2006,9,8,0,NA,NA,NA,NA,NA
2006,9,8,3,NA,NA,NA,NA,NA
2006,9,8,6,NA,NA,NA,NA,NA
2006,9,8,9,NA,NA,NA,NA,NA
2006,9,8,12,NA,NA,NA,NA,NA
2006,9,8,15,NA,NA,NA,NA,NA
2006,9,8,18,NA,NA,NA,NA,NA
2006,9,8,21,NA,NA,NA,NA,NA
2006,9,9,0,NA,NA,NA,NA,NA
2006,9,9,3,NA,NA,NA,NA,NA
2006,9,9,6,NA,NA,NA,NA,NA
2006,9,9,9,NA,NA,NA,NA,NA
2006,9,9,12,NA,NA,NA,NA,NA
2006,9,9,15,NA,NA,NA,NA,NA
2006,9,9,18,NA,NA,NA,NA,NA
2006,9,9,21,NA,NA,NA,NA,NA
2006,9,10,0,NA,NA,NA,NA,NA
2006,9,10,3,NA,NA,NA,NA,NA
2006,9,10,6,NA,NA,NA,NA,NA
2006,9,10,9,NA,NA,NA,NA,NA
2006,9,10,12,NA,NA,NA,NA,NA
2006,9,10,15,NA,NA,NA,NA,NA
2006,9,10,18,NA,NA,NA,NA,NA
2006,9,10,21,NA,NA,NA,NA,NA
2006,9,11,0,NA,NA,NA,NA,NA
2006,9,11,3,NA,NA,NA,NA,NA
2006,9,11,6,NA,NA,NA,NA,NA
2006,9,11,9,NA,NA,NA,NA,NA
2006,9,11,12,NA,NA,NA,NA,NA
2006,9,11,15,NA,NA,NA,NA,NA
2006,9,11,18,NA,NA,NA,NA,NA
2006,9,11,21,NA,NA,NA,NA,NA
2006,9,12,0,NA,NA,NA,NA,NA
2006,9,12,3,NA,NA,NA,NA,NA
2006,9,12,6,NA,NA,NA,NA,NA
2006,9,12,9,NA,NA,NA,NA,NA
2006,9,12,12,NA,NA,NA,NA,NA
2006,9,12,15,NA,NA,NA,NA,NA
2006,9,12,18,NA,NA,NA,NA,NA
2006,9,12,21,NA,NA,NA,NA,NA
2006,9,13,0,NA,NA,NA,NA,NA
2006,9,13,3,NA,NA,NA,NA,NA
2006,9,13,6,NA,NA,NA,NA,NA
2006,9,13,9,NA,NA,NA,NA,NA
2006,9,13,12,NA,NA,NA,NA,NA
2006,9,13,15,NA,NA,NA,NA,NA
2006,9,13,18,NA,NA,NA,NA,NA
2006,9,13,21,NA,NA,NA,NA,NA
2006,9,14,0,NA,NA,NA,NA,NA
2006,9,14,3,NA,NA,NA,NA,NA
2006,9,14,6,NA,NA,NA,NA,NA
2006,9,14,9,NA,NA,NA,NA,NA
2006,9,14,12,NA,NA,NA,NA,NA
2006,9,14,15,NA,NA,NA,NA,NA
2006,9,14,18,NA,NA,NA,NA,NA
2006,9,14,21,NA,NA,NA,NA,NA
2006,9,15,0,NA,NA,NA,NA,NA
2006,9,15,3,NA,NA,NA,NA,NA
2006,9,15,6,NA,NA,NA,NA,NA
2006,9,15,9,NA,NA,NA,NA,NA
2006,9,15,12,NA,NA,NA,NA,NA
2006,9,15,15,NA,NA,NA,NA,NA
2006,9,15,18,NA,NA,NA,NA,NA
2006,9,15,21,NA,NA,NA,NA,NA
2006,9,16,0,NA,NA,NA,NA,NA
2006,9,16,3,NA,NA,NA,NA,NA
2006,9,16,6,NA,NA,NA,NA,NA
2006,9,16,9,NA,NA,NA,NA,NA
2006,9,16,12,NA,NA,NA,NA,NA
2006,9,16,15,NA,NA,NA,NA,NA
2006,9,16,18,NA,NA,NA,NA,NA
2006,9,16,21,NA,NA,NA,NA,NA
2006,9,17,0,NA,NA,NA,NA,NA
2006,9,17,3,NA,NA,NA,NA,NA
2006,9,17,6,NA,NA,NA,NA,NA
2006,9,17,9,NA,NA,NA,NA,NA
2006,9,17,12,NA,NA,NA,NA,NA
2006,9,17,15,NA,NA,NA,NA,NA
2006,9,17,18,NA,NA,NA,NA,NA
2006,9,17,21,NA,NA,NA,NA,NA
2006,9,18,0,NA,NA,NA,NA,NA
2006,9,18,3,NA,NA,NA,NA,NA
2006,9,18,6,NA,NA,NA,NA,NA
2006,9,18,9,NA,NA,NA,NA,NA
2006,9,18,12,NA,NA,NA,NA,NA
2006,9,18,15,NA,NA,NA,NA,NA
2006,9,18,18,NA,NA,NA,NA,NA
2006,9,18,21,NA,NA,NA,NA,NA
2006,9,19,0,NA,NA,NA,NA,NA
2006,9,19,3,NA,NA,NA,NA,NA
2006,9,19,6,NA,NA,NA,NA,NA
2006,9,19,9,NA,NA,NA,NA,NA
2006,9,19,12,NA,NA,NA,NA,NA
2006,9,19,15,NA,NA,NA,NA,NA
2006,9,19,18,NA,NA,NA,NA,NA
2006,9,19,21,NA,NA,NA,NA,NA
2006,9,20,0,NA,NA,NA,NA,NA
2006,9,20,3,NA,NA,NA,NA,NA
2006,9,20,6,NA,NA,NA,NA,NA
2006,9,20,9,NA,NA,NA,NA,NA
2006,9,20,12,NA,NA,NA,NA,NA
2006,9,20,15,NA,NA,NA,NA,NA
2006,9,20,18,NA,NA,NA,NA,NA
2006,9,20,21,NA,NA,NA,NA,NA
2006,9,21,0,NA,NA,NA,NA,NA
2006,9,21,3,NA,NA,NA,NA,NA
2006,9,21,6,NA,NA,NA,NA,NA
2006,9,21,9,NA,NA,NA,NA,NA
2006,9,21,12,NA,NA,NA,NA,NA
2006,9,21,15,NA,NA,NA,NA,NA
2006,9,21,18,NA,NA,NA,NA,NA
2006,9,21,21,NA,NA,NA,NA,NA
2006,9,22,0,NA,NA,NA,NA,NA
2006,9,22,3,NA,NA,NA,NA,NA
2006,9,22,6,NA,NA,NA,NA,NA
2006,9,22,9,NA,NA,NA,NA,NA
2006,9,22,12,NA,NA,NA,NA,NA
2006,9,22,15,NA,NA,NA,NA,NA
2006,9,22,18,NA,NA,NA,NA,NA
2006,9,22,21,NA,NA,NA,NA,NA
2006,9,23,0,NA,NA,NA,NA,NA
2006,9,23,3,NA,NA,NA,NA,NA
2006,9,23,6,NA,NA,NA,NA,NA
2006,9,23,9,NA,NA,NA,NA,NA
2006,9,23,12,NA,NA,NA,NA,NA
2006,9,23,15,NA,NA,NA,NA,NA
2006,9,23,18,NA,NA,NA,NA,NA
2006,9,23,21,NA,NA,NA,NA,NA
2006,9,24,0,NA,NA,NA,NA,NA
2006,9,24,3,NA,NA,NA,NA,NA
2006,9,24,6,NA,NA,NA,NA,NA
2006,9,24,9,NA,NA,NA,NA,NA
2006,9,24,12,NA,NA,NA,NA,NA
2006,9,24,15,NA,NA,NA,NA,NA
2006,9,24,18,NA,NA,NA,NA,NA
2006,9,24,21,NA,NA,NA,NA,NA
2006,9,25,0,NA,NA,NA,NA,NA
2006,9,25,3,NA,NA,NA,NA,NA
2006,9,25,6,NA,NA,NA,NA,NA
2006,9,25,9,NA,NA,NA,NA,NA
2006,9,25,12,NA,NA,NA,NA,NA
2006,9,25,15,NA,NA,NA,NA,NA
2006,9,25,18,NA,NA,NA,NA,NA
2006,9,25,21,NA,NA,NA,NA,NA
2006,9,26,0,NA,NA,NA,NA,NA
2006,9,26,3,NA,NA,NA,NA,NA
2006,9,26,6,NA,NA,NA,NA,NA
2006,9,26,9,NA,NA,NA,NA,NA
2006,9,26,12,NA,NA,NA,NA,NA
2006,9,26,15,NA,NA,NA,NA,NA
2006,9,26,18,NA,NA,NA,NA,NA
2006,9,26,21,NA,NA,NA,NA,NA
2006,9,27,0,NA,NA,NA,NA,NA
2006,9,27,3,NA,NA,NA,NA,NA
2006,9,27,6,NA,NA,NA,NA,NA
2006,9,27,9,NA,NA,NA,NA,NA
2006,9,27,12,NA,NA,NA,NA,NA
2006,9,27,15,NA,NA,NA,NA,NA
2006,9,27,18,NA,NA,NA,NA,NA
2006,9,27,21,NA,NA,NA,NA,NA
2006,9,28,0,NA,NA,NA,NA,NA
2006,9,28,3,NA,NA,NA,NA,NA
2006,9,28,6,NA,NA,NA,NA,NA
2006,9,28,9,NA,NA,NA,NA,NA
2006,9,28,12,NA,NA,NA,NA,NA
2006,9,28,15,NA,NA,NA,NA,NA
2006,9,28,18,NA,NA,NA,NA,NA
2006,9,28,21,NA,NA,NA,NA,NA
2006,9,29,0,NA,NA,NA,NA,NA
2006,9,29,3,NA,NA,NA,NA,NA
2006,9,29,6,NA,NA,NA,NA,NA
2006,9,29,9,NA,NA,NA,NA,NA
2006,9,29,12,NA,NA,NA,NA,NA
2006,9,29,15,NA,NA,NA,NA,NA
2006,9,29,18,NA,NA,NA,NA,NA
2006,9,29,21,NA,NA,NA,NA,NA
2006,9,30,0,NA,NA,NA,NA,NA
2006,9,30,3,NA,NA,NA,NA,NA
2006,9,30,6,NA,NA,NA,NA,NA
2006,9,30,9,NA,NA,NA,NA,NA
2006,9,30,12,NA,NA,NA,NA,NA
2006,9,30,15,NA,NA,NA,NA,NA
2006,9,30,18,NA,NA,NA,NA,NA
2006,9,30,21,NA,NA,NA,NA,NA
2006,10,1,0,NA,NA,NA,NA,NA
2006,10,1,3,NA,NA,NA,NA,NA
2006,10,1,6,NA,NA,NA,NA,NA
2006,10,1,9,NA,NA,NA,NA,NA
2006,10,1,12,NA,NA,NA,NA,NA
2006,10,1,15,NA,NA,NA,NA,NA
2006,10,1,18,NA,NA,NA,NA,NA
2006,10,1,21,NA,NA,NA,NA,NA
2006,10,2,0,NA,NA,NA,NA,NA
2006,10,2,3,NA,NA,NA,NA,NA
2006,10,2,6,NA,NA,NA,NA,NA
2006,10,2,9,NA,NA,NA,NA,NA
2006,10,2,12,NA,NA,NA,NA,NA
2006,10,2,15,NA,NA,NA,NA,NA
2006,10,2,18,NA,NA,NA,NA,NA
2006,10,2,21,NA,NA,NA,NA,NA
2006,10,3,0,NA,NA,NA,NA,NA
2006,10,3,3,NA,NA,NA,NA,NA
2006,10,3,6,NA,NA,NA,NA,NA
2006,10,3,9,NA,NA,NA,NA,NA
2006,10,3,12,NA,NA,NA,NA,NA
2006,10,3,15,NA,NA,NA,NA,NA
2006,10,3,18,NA,NA,NA,NA,NA
2006,10,3,21,NA,NA,NA,NA,NA
2006,10,4,0,NA,NA,NA,NA,NA
2006,10,4,3,NA,NA,NA,NA,NA
2006,10,4,6,NA,NA,NA,NA,NA
2006,10,4,9,NA,NA,NA,NA,NA
2006,10,4,12,NA,NA,NA,NA,NA
2006,10,4,15,NA,NA,NA,NA,NA
2006,10,4,18,NA,NA,NA,NA,NA
2006,10,4,21,NA,NA,NA,NA,NA
2006,10,5,0,NA,NA,NA,NA,NA
2006,10,5,3,NA,NA,NA,NA,NA
2006,10,5,6,NA,NA,NA,NA,NA
2006,10,5,9,NA,NA,NA,NA,NA
2006,10,5,12,NA,NA,NA,NA,NA
2006,10,5,15,NA,NA,NA,NA,NA
2006,10,5,18,NA,NA,NA,NA,NA
2006,10,5,21,NA,NA,NA,NA,NA
2006,10,6,0,NA,NA,NA,NA,NA
2006,10,6,3,NA,NA,NA,NA,NA
2006,10,6,6,NA,NA,NA,NA,NA
2006,10,6,9,NA,NA,NA,NA,NA
2006,10,6,12,NA,NA,NA,NA,NA
2006,10,6,15,NA,NA,NA,NA,NA
2006,10,6,18,NA,NA,NA,NA,NA
2006,10,6,21,NA,NA,NA,NA,NA
2006,10,7,0,NA,NA,NA,NA,NA
2006,10,7,3,NA,NA,NA,NA,NA
2006,10,7,6,NA,NA,NA,NA,NA
2006,10,7,9,NA,NA,NA,NA,NA
2006,10,7,12,NA,NA,NA,NA,NA
2006,10,7,15,NA,NA,NA,NA,NA
2006,10,7,18,NA,NA,NA,NA,NA
2006,10,7,21,NA,NA,NA,NA,NA
2006,10,8,0,NA,NA,NA,NA,NA
2006,10,8,3,NA,NA,NA,NA,NA
2006,10,8,6,NA,NA,NA,NA,NA
2006,10,8,9,NA,NA,NA,NA,NA
2006,10,8,12,NA,NA,NA,NA,NA
2006,10,8,15,NA,NA,NA,NA,NA
2006,10,8,18,NA,NA,NA,NA,NA
2006,10,8,21,NA,NA,NA,NA,NA
2006,10,9,0,NA,NA,NA,NA,NA
2006,10,9,3,NA,NA,NA,NA,NA
2006,10,9,6,NA,NA,NA,NA,NA
2006,10,9,9,NA,NA,NA,NA,NA
2006,10,9,12,NA,NA,NA,NA,NA
2006,10,9,15,NA,NA,NA,NA,NA
2006,10,9,18,NA,NA,NA,NA,NA
2006,10,9,21,NA,NA,NA,NA,NA
2006,10,10,0,NA,NA,NA,NA,NA
2006,10,10,3,NA,NA,NA,NA,NA
2006,10,10,6,NA,NA,NA,NA,NA
2006,10,10,9,NA,NA,NA,NA,NA
2006,10,10,12,NA,NA,NA,NA,NA
2006,10,10,15,NA,NA,NA,NA,NA
2006,10,10,18,NA,NA,NA,NA,NA
2006,10,10,21,NA,NA,NA,NA,NA
2006,10,11,0,NA,NA,NA,NA,NA
2006,10,11,3,NA,NA,NA,NA,NA
2006,10,11,6,NA,NA,NA,NA,NA
2006,10,11,9,NA,NA,NA,NA,NA
2006,10,11,12,NA,NA,NA,NA,NA
2006,10,11,15,NA,NA,NA,NA,NA
2006,10,11,18,NA,NA,NA,NA,NA
2006,10,11,21,NA,NA,NA,NA,NA
2006,10,12,0,NA,NA,NA,NA,NA
2006,10,12,3,NA,NA,NA,NA,NA
2006,10,12,6,NA,NA,NA,NA,NA
2006,10,12,9,NA,NA,NA,NA,NA
2006,10,12,12,NA,NA,NA,NA,NA
2006,10,12,15,NA,NA,NA,NA,NA
2006,10,12,18,NA,NA,NA,NA,NA
2006,10,12,21,NA,NA,NA,NA,NA
2006,10,13,0,NA,NA,NA,NA,NA
2006,10,13,3,NA,NA,NA,NA,NA
2006,10,13,6,NA,NA,NA,NA,NA
2006,10,13,9,NA,NA,NA,NA,NA
2006,10,13,12,NA,NA,NA,NA,NA
2006,10,13,15,NA,NA,NA,NA,NA
2006,10,13,18,NA,NA,NA,NA,NA
2006,10,13,21,NA,NA,NA,NA,NA
2006,10,14,0,NA,NA,NA,NA,NA
2006,10,14,3,NA,NA,NA,NA,NA
2006,10,14,6,NA,NA,NA,NA,NA
2006,10,14,9,NA,NA,NA,NA,NA
2006,10,14,12,NA,NA,NA,NA,NA
2006,10,14,15,NA,NA,NA,NA,NA
2006,10,14,18,NA,NA,NA,NA,NA
2006,10,14,21,NA,NA,NA,NA,NA
2006,10,15,0,NA,NA,NA,NA,NA
2006,10,15,3,NA,NA,NA,NA,NA
2006,10,15,6,NA,NA,NA,NA,NA
2006,10,15,9,NA,NA,NA,NA,NA
2006,10,15,12,NA,NA,NA,NA,NA
2006,10,15,15,NA,NA,NA,NA,NA
2006,10,15,18,NA,NA,NA,NA,NA
2006,10,15,21,NA,NA,NA,NA,NA
2006,10,16,0,NA,NA,NA,NA,NA
2006,10,16,3,NA,NA,NA,NA,NA
2006,10,16,6,NA,NA,NA,NA,NA
2006,10,16,9,NA,NA,NA,NA,NA
2006,10,16,12,NA,NA,NA,NA,NA
2006,10,16,15,NA,NA,NA,NA,NA
2006,10,16,18,NA,NA,NA,NA,NA
2006,10,16,21,NA,NA,NA,NA,NA
2006,10,17,0,NA,NA,NA,NA,NA
2006,10,17,3,NA,NA,NA,NA,NA
2006,10,17,6,NA,NA,NA,NA,NA
2006,10,17,9,NA,NA,NA,NA,NA
2006,10,17,12,NA,NA,NA,NA,NA
2006,10,17,15,NA,NA,NA,NA,NA
2006,10,17,18,NA,NA,NA,NA,NA
2006,10,17,21,NA,NA,NA,NA,NA
2006,10,18,0,NA,NA,NA,NA,NA
2006,10,18,3,NA,NA,NA,NA,NA
2006,10,18,6,NA,NA,NA,NA,NA
2006,10,18,9,NA,NA,NA,NA,NA
2006,10,18,12,NA,NA,NA,NA,NA
2006,10,18,15,NA,NA,NA,NA,NA
2006,10,18,18,NA,NA,NA,NA,NA
2006,10,18,21,NA,NA,NA,NA,NA
2006,10,19,0,NA,NA,NA,NA,NA
2006,10,19,3,NA,NA,NA,NA,NA
2006,10,19,6,NA,NA,NA,NA,NA
2006,10,19,9,NA,NA,NA,NA,NA
2006,10,19,12,NA,NA,NA,NA,NA
2006,10,19,15,NA,NA,NA,NA,NA
2006,10,19,18,NA,NA,NA,NA,NA
2006,10,19,21,NA,NA,NA,NA,NA
2006,10,20,0,NA,NA,NA,NA,NA
2006,10,20,3,NA,NA,NA,NA,NA
2006,10,20,6,NA,NA,NA,NA,NA
2006,10,20,9,NA,NA,NA,NA,NA
2006,10,20,12,NA,NA,NA,NA,NA
2006,10,20,15,NA,NA,NA,NA,NA
2006,10,20,18,NA,NA,NA,NA,NA
2006,10,20,21,NA,NA,NA,NA,NA
2006,10,21,0,NA,NA,NA,NA,NA
2006,10,21,3,NA,NA,NA,NA,NA
2006,10,21,6,NA,NA,NA,NA,NA
2006,10,21,9,NA,NA,NA,NA,NA
2006,10,21,12,NA,NA,NA,NA,NA
2006,10,21,15,NA,NA,NA,NA,NA
2006,10,21,18,NA,NA,NA,NA,NA
2006,10,21,21,NA,NA,NA,NA,NA
2006,10,22,0,NA,NA,NA,NA,NA
2006,10,22,3,NA,NA,NA,NA,NA
2006,10,22,6,NA,NA,NA,NA,NA
2006,10,22,9,NA,NA,NA,NA,NA
2006,10,22,12,NA,NA,NA,NA,NA
2006,10,22,15,NA,NA,NA,NA,NA
2006,10,22,18,NA,NA,NA,NA,NA
2006,10,22,21,NA,NA,NA,NA,NA
2006,10,23,0,NA,NA,NA,NA,NA
2006,10,23,3,NA,NA,NA,NA,NA
2006,10,23,6,NA,NA,NA,NA,NA
2006,10,23,9,NA,NA,NA,NA,NA
2006,10,23,12,NA,NA,NA,NA,NA
2006,10,23,15,NA,NA,NA,NA,NA
2006,10,23,18,NA,NA,NA,NA,NA
2006,10,23,21,NA,NA,NA,NA,NA
2006,10,24,0,NA,NA,NA,NA,NA
2006,10,24,3,NA,NA,NA,NA,NA
2006,10,24,6,NA,NA,NA,NA,NA
2006,10,24,9,NA,NA,NA,NA,NA
2006,10,24,12,NA,NA,NA,NA,NA
2006,10,24,15,NA,NA,NA,NA,NA
2006,10,24,18,NA,NA,NA,NA,NA
2006,10,24,21,NA,NA,NA,NA,NA
2006,10,25,0,NA,NA,NA,NA,NA
2006,10,25,3,NA,NA,NA,NA,NA
2006,10,25,6,NA,NA,NA,NA,NA
2006,10,25,9,NA,NA,NA,NA,NA
2006,10,25,12,NA,NA,NA,NA,NA
2006,10,25,15,NA,NA,NA,NA,NA
2006,10,25,18,NA,NA,NA,NA,NA
2006,10,25,21,NA,NA,NA,NA,NA
2006,10,26,0,NA,NA,NA,NA,NA
2006,10,26,3,NA,NA,NA,NA,NA
2006,10,26,6,NA,NA,NA,NA,NA
2006,10,26,9,NA,NA,NA,NA,NA
2006,10,26,12,NA,NA,NA,NA,NA
2006,10,26,15,NA,NA,NA,NA,NA
2006,10,26,18,NA,NA,NA,NA,NA
2006,10,26,21,NA,NA,NA,NA,NA
2006,10,27,0,NA,NA,NA,NA,NA
2006,10,27,3,NA,NA,NA,NA,NA
2006,10,27,6,NA,NA,NA,NA,NA
2006,10,27,9,NA,NA,NA,NA,NA
2006,10,27,12,NA,NA,NA,NA,NA
2006,10,27,15,NA,NA,NA,NA,NA
2006,10,27,18,NA,NA,NA,NA,NA
2006,10,27,21,NA,NA,NA,NA,NA
2006,10,28,0,NA,NA,NA,NA,NA
2006,10,28,3,NA,NA,NA,NA,NA
2006,10,28,6,NA,NA,NA,NA,NA
2006,10,28,9,NA,NA,NA,NA,NA
2006,10,28,12,NA,NA,NA,NA,NA
2006,10,28,15,NA,NA,NA,NA,NA
2006,10,28,18,NA,NA,NA,NA,NA
2006,10,28,21,NA,NA,NA,NA,NA
2006,10,29,0,NA,NA,NA,NA,NA
2006,10,29,3,NA,NA,NA,NA,NA
2006,10,29,6,NA,NA,NA,NA,NA
2006,10,29,9,NA,NA,NA,NA,NA
2006,10,29,12,NA,NA,NA,NA,NA
2006,10,29,15,NA,NA,NA,NA,NA
2006,10,29,18,NA,NA,NA,NA,NA
2006,10,29,21,NA,NA,NA,NA,NA
2006,10,30,0,NA,NA,NA,NA,NA
2006,10,30,3,NA,NA,NA,NA,NA
2006,10,30,6,NA,NA,NA,NA,NA
2006,10,30,9,NA,NA,NA,NA,NA
2006,10,30,12,NA,NA,NA,NA,NA
2006,10,30,15,NA,NA,NA,NA,NA
2006,10,30,18,NA,NA,NA,NA,NA
2006,10,30,21,NA,NA,NA,NA,NA
2006,10,31,0,NA,NA,NA,NA,NA
2006,10,31,3,NA,NA,NA,NA,NA
2006,10,31,6,NA,NA,NA,NA,NA
2006,10,31,9,NA,NA,NA,NA,NA
2006,10,31,12,NA,NA,NA,NA,NA
2006,10,31,15,NA,NA,NA,NA,NA
2006,10,31,18,NA,NA,NA,NA,NA
2006,10,31,21,NA,NA,NA,NA,NA
2006,11,1,0,NA,NA,NA,NA,NA
2006,11,1,3,NA,NA,NA,NA,NA
2006,11,1,6,NA,NA,NA,NA,NA
2006,11,1,9,NA,NA,NA,NA,NA
2006,11,1,12,NA,NA,NA,NA,NA
2006,11,1,15,NA,NA,NA,NA,NA
2006,11,1,18,NA,NA,NA,NA,NA
2006,11,1,21,NA,NA,NA,NA,NA
2006,11,2,0,NA,NA,NA,NA,NA
2006,11,2,3,NA,NA,NA,NA,NA
2006,11,2,6,NA,NA,NA,NA,NA
2006,11,2,9,NA,NA,NA,NA,NA
2006,11,2,12,NA,NA,NA,NA,NA
2006,11,2,15,NA,NA,NA,NA,NA
2006,11,2,18,NA,NA,NA,NA,NA
2006,11,2,21,NA,NA,NA,NA,NA
2006,11,3,0,NA,NA,NA,NA,NA
2006,11,3,3,NA,NA,NA,NA,NA
2006,11,3,6,NA,NA,NA,NA,NA
2006,11,3,9,NA,NA,NA,NA,NA
2006,11,3,12,NA,NA,NA,NA,NA
2006,11,3,15,NA,NA,NA,NA,NA
2006,11,3,18,NA,NA,NA,NA,NA
2006,11,3,21,NA,NA,NA,NA,NA
2006,11,4,0,NA,NA,NA,NA,NA
2006,11,4,3,NA,NA,NA,NA,NA
2006,11,4,6,NA,NA,NA,NA,NA
2006,11,4,9,NA,NA,NA,NA,NA
2006,11,4,12,NA,NA,NA,NA,NA
2006,11,4,15,NA,NA,NA,NA,NA
2006,11,4,18,NA,NA,NA,NA,NA
2006,11,4,21,NA,NA,NA,NA,NA
2006,11,5,0,NA,NA,NA,NA,NA
2006,11,5,3,NA,NA,NA,NA,NA
2006,11,5,6,NA,NA,NA,NA,NA
2006,11,5,9,NA,NA,NA,NA,NA
2006,11,5,12,NA,NA,NA,NA,NA
2006,11,5,15,NA,NA,NA,NA,NA
2006,11,5,18,NA,NA,NA,NA,NA
2006,11,5,21,NA,NA,NA,NA,NA
2006,11,6,0,NA,NA,NA,NA,NA
2006,11,6,3,NA,NA,NA,NA,NA
2006,11,6,6,NA,NA,NA,NA,NA
2006,11,6,9,NA,NA,NA,NA,NA
2006,11,6,12,NA,NA,NA,NA,NA
2006,11,6,15,NA,NA,NA,NA,NA
2006,11,6,18,NA,NA,NA,NA,NA
2006,11,6,21,NA,NA,NA,NA,NA
2006,11,7,0,NA,NA,NA,NA,NA
2006,11,7,3,NA,NA,NA,NA,NA
2006,11,7,6,NA,NA,NA,NA,NA
2006,11,7,9,NA,NA,NA,NA,NA
2006,11,7,12,NA,NA,NA,NA,NA
2006,11,7,15,NA,NA,NA,NA,NA
2006,11,7,18,NA,NA,NA,NA,NA
2006,11,7,21,NA,NA,NA,NA,NA
2006,11,8,0,NA,NA,NA,NA,NA
2006,11,8,3,NA,NA,NA,NA,NA
2006,11,8,6,NA,NA,NA,NA,NA
2006,11,8,9,NA,NA,NA,NA,NA
2006,11,8,12,NA,NA,NA,NA,NA
2006,11,8,15,NA,NA,NA,NA,NA
2006,11,8,18,NA,NA,NA,NA,NA
2006,11,8,21,NA,NA,NA,NA,NA
2006,11,9,0,NA,NA,NA,NA,NA
2006,11,9,3,NA,NA,NA,NA,NA
2006,11,9,6,NA,NA,NA,NA,NA
2006,11,9,9,NA,NA,NA,NA,NA
2006,11,9,12,NA,NA,NA,NA,NA
2006,11,9,15,NA,NA,NA,NA,NA
2006,11,9,18,NA,NA,NA,NA,NA
2006,11,9,21,NA,NA,NA,NA,NA
2006,11,10,0,NA,NA,NA,NA,NA
2006,11,10,3,NA,NA,NA,NA,NA
2006,11,10,6,NA,NA,NA,NA,NA
2006,11,10,9,NA,NA,NA,NA,NA
2006,11,10,12,NA,NA,NA,NA,NA
2006,11,10,15,NA,NA,NA,NA,NA
2006,11,10,18,NA,NA,NA,NA,NA
2006,11,10,21,NA,NA,NA,NA,NA
2006,11,11,0,NA,NA,NA,NA,NA
2006,11,11,3,NA,NA,NA,NA,NA
2006,11,11,6,NA,NA,NA,NA,NA
2006,11,11,9,NA,NA,NA,NA,NA
2006,11,11,12,NA,NA,NA,NA,NA
2006,11,11,15,NA,NA,NA,NA,NA
2006,11,11,18,NA,NA,NA,NA,NA
2006,11,11,21,NA,NA,NA,NA,NA
2006,11,12,0,NA,NA,NA,NA,NA
2006,11,12,3,NA,NA,NA,NA,NA
2006,11,12,6,NA,NA,NA,NA,NA
2006,11,12,9,NA,NA,NA,NA,NA
2006,11,12,12,NA,NA,NA,NA,NA
2006,11,12,15,NA,NA,NA,NA,NA
2006,11,12,18,NA,NA,NA,NA,NA
2006,11,12,21,NA,NA,NA,NA,NA
2006,11,13,0,NA,NA,NA,NA,NA
2006,11,13,3,NA,NA,NA,NA,NA
2006,11,13,6,NA,NA,NA,NA,NA
2006,11,13,9,NA,NA,NA,NA,NA
2006,11,13,12,NA,NA,NA,NA,NA
2006,11,13,15,NA,NA,NA,NA,NA
2006,11,13,18,NA,NA,NA,NA,NA
2006,11,13,21,NA,NA,NA,NA,NA
2006,11,14,0,NA,NA,NA,NA,NA
2006,11,14,3,NA,NA,NA,NA,NA
2006,11,14,6,NA,NA,NA,NA,NA
2006,11,14,9,NA,NA,NA,NA,NA
2006,11,14,12,NA,NA,NA,NA,NA
2006,11,14,15,NA,NA,NA,NA,NA
2006,11,14,18,NA,NA,NA,NA,NA
2006,11,14,21,NA,NA,NA,NA,NA
2006,11,15,0,NA,NA,NA,NA,NA
2006,11,15,3,NA,NA,NA,NA,NA
2006,11,15,6,NA,NA,NA,NA,NA
2006,11,15,9,NA,NA,NA,NA,NA
2006,11,15,12,NA,NA,NA,NA,NA
2006,11,15,15,NA,NA,NA,NA,NA
2006,11,15,18,NA,NA,NA,NA,NA
2006,11,15,21,NA,NA,NA,NA,NA
2006,11,16,0,NA,NA,NA,NA,NA
2006,11,16,3,NA,NA,NA,NA,NA
2006,11,16,6,NA,NA,NA,NA,NA
2006,11,16,9,NA,NA,NA,NA,NA
2006,11,16,12,NA,NA,NA,NA,NA
2006,11,16,15,NA,NA,NA,NA,NA
2006,11,16,18,NA,NA,NA,NA,NA
2006,11,16,21,NA,NA,NA,NA,NA
2006,11,17,0,NA,NA,NA,NA,NA
2006,11,17,3,NA,NA,NA,NA,NA
2006,11,17,6,NA,NA,NA,NA,NA
2006,11,17,9,NA,NA,NA,NA,NA
2006,11,17,12,NA,NA,NA,NA,NA
2006,11,17,15,NA,NA,NA,NA,NA
2006,11,17,18,NA,NA,NA,NA,NA
2006,11,17,21,NA,NA,NA,NA,NA
2006,11,18,0,NA,NA,NA,NA,NA
2006,11,18,3,NA,NA,NA,NA,NA
2006,11,18,6,NA,NA,NA,NA,NA
2006,11,18,9,NA,NA,NA,NA,NA
2006,11,18,12,NA,NA,NA,NA,NA
2006,11,18,15,NA,NA,NA,NA,NA
2006,11,18,18,NA,NA,NA,NA,NA
2006,11,18,21,NA,NA,NA,NA,NA
2006,11,19,0,NA,NA,NA,NA,NA
2006,11,19,3,NA,NA,NA,NA,NA
2006,11,19,6,NA,NA,NA,NA,NA
2006,11,19,9,NA,NA,NA,NA,NA
2006,11,19,12,NA,NA,NA,NA,NA
2006,11,19,15,NA,NA,NA,NA,NA
2006,11,19,18,NA,NA,NA,NA,NA
2006,11,19,21,NA,NA,NA,NA,NA
2006,11,20,0,NA,NA,NA,NA,NA
2006,11,20,3,NA,NA,NA,NA,NA
2006,11,20,6,NA,NA,NA,NA,NA
2006,11,20,9,NA,NA,NA,NA,NA
2006,11,20,12,NA,NA,NA,NA,NA
2006,11,20,15,NA,NA,NA,NA,NA
2006,11,20,18,NA,NA,NA,NA,NA
2006,11,20,21,NA,NA,NA,NA,NA
2006,11,21,0,NA,NA,NA,NA,NA
2006,11,21,3,NA,NA,NA,NA,NA
2006,11,21,6,NA,NA,NA,NA,NA
2006,11,21,9,NA,NA,NA,NA,NA
2006,11,21,12,NA,NA,NA,NA,NA
2006,11,21,15,NA,NA,NA,NA,NA
2006,11,21,18,NA,NA,NA,NA,NA
2006,11,21,21,NA,NA,NA,NA,NA
2006,11,22,0,NA,NA,NA,NA,NA
2006,11,22,3,NA,NA,NA,NA,NA
2006,11,22,6,NA,NA,NA,NA,NA
2006,11,22,9,NA,NA,NA,NA,NA
2006,11,22,12,NA,NA,NA,NA,NA
2006,11,22,15,NA,NA,NA,NA,NA
2006,11,22,18,NA,NA,NA,NA,NA
2006,11,22,21,NA,NA,NA,NA,NA
2006,11,23,0,NA,NA,NA,NA,NA
2006,11,23,3,NA,NA,NA,NA,NA
2006,11,23,6,NA,NA,NA,NA,NA
2006,11,23,9,NA,NA,NA,NA,NA
2006,11,23,12,NA,NA,NA,NA,NA
2006,11,23,15,NA,NA,NA,NA,NA
2006,11,23,18,NA,NA,NA,NA,NA
2006,11,23,21,NA,NA,NA,NA,NA
2006,11,24,0,NA,NA,NA,NA,NA
2006,11,24,3,NA,NA,NA,NA,NA
2006,11,24,6,NA,NA,NA,NA,NA
2006,11,24,9,NA,NA,NA,NA,NA
2006,11,24,12,NA,NA,NA,NA,NA
2006,11,24,15,NA,NA,NA,NA,NA
2006,11,24,18,NA,NA,NA,NA,NA
2006,11,24,21,NA,NA,NA,NA,NA
2006,11,25,0,NA,NA,NA,NA,NA
2006,11,25,3,NA,NA,NA,NA,NA
2006,11,25,6,NA,NA,NA,NA,NA
2006,11,25,9,NA,NA,NA,NA,NA
2006,11,25,12,NA,NA,NA,NA,NA
2006,11,25,15,NA,NA,NA,NA,NA
2006,11,25,18,NA,NA,NA,NA,NA
2006,11,25,21,NA,NA,NA,NA,NA
2006,11,26,0,NA,NA,NA,NA,NA
2006,11,26,3,NA,NA,NA,NA,NA
2006,11,26,6,NA,NA,NA,NA,NA
2006,11,26,9,NA,NA,NA,NA,NA
2006,11,26,12,NA,NA,NA,NA,NA
2006,11,26,15,NA,NA,NA,NA,NA
2006,11,26,18,NA,NA,NA,NA,NA
2006,11,26,21,NA,NA,NA,NA,NA
2006,11,27,0,NA,NA,NA,NA,NA
2006,11,27,3,NA,NA,NA,NA,NA
2006,11,27,6,NA,NA,NA,NA,NA
2006,11,27,9,NA,NA,NA,NA,NA
2006,11,27,12,NA,NA,NA,NA,NA
2006,11,27,15,NA,NA,NA,NA,NA
2006,11,27,18,NA,NA,NA,NA,NA
2006,11,27,21,NA,NA,NA,NA,NA
2006,11,28,0,NA,NA,NA,NA,NA
2006,11,28,3,NA,NA,NA,NA,NA
2006,11,28,6,NA,NA,NA,NA,NA
2006,11,28,9,NA,NA,NA,NA,NA
2006,11,28,12,NA,NA,NA,NA,NA
2006,11,28,15,NA,NA,NA,NA,NA
2006,11,28,18,NA,NA,NA,NA,NA
2006,11,28,21,NA,NA,NA,NA,NA
2006,11,29,0,NA,NA,NA,NA,NA
2006,11,29,3,NA,NA,NA,NA,NA
2006,11,29,6,NA,NA,NA,NA,NA
2006,11,29,9,NA,NA,NA,NA,NA
2006,11,29,12,NA,NA,NA,NA,NA
2006,11,29,15,NA,NA,NA,NA,NA
2006,11,29,18,NA,NA,NA,NA,NA
2006,11,29,21,NA,NA,NA,NA,NA
2006,11,30,0,NA,NA,NA,NA,NA
2006,11,30,3,NA,NA,NA,NA,NA
2006,11,30,6,-5.3,924.6,2,240,54
2006,11,30,9,-6.9,924.2,3,270,50
2006,11,30,12,-8.5,923.7,5,270,43
2006,11,30,15,-8.3,923.1,6,270,42
2006,11,30,18,-7,923,NA,240,52
2006,11,30,21,-5.5,923.4,3,240,47
2006,12,1,0,-5.7,923.9,5,230,42
2006,12,1,3,-6.3,924.3,5,240,45
2006,12,1,6,-5.6,924.7,6,250,49
2006,12,1,9,-5.7,924.9,4,230,44
2006,12,1,12,-6.1,924.9,3,210,43
2006,12,1,15,-6.8,924.7,NA,240,57
2006,12,1,18,-5.9,925.2,NA,140,49
2006,12,1,21,-4.9,925.3,NA,60,57
2006,12,2,0,-2.4,925.8,4,10,46
2006,12,2,3,-2.6,926.6,NA,240,50
2006,12,2,6,-3.1,927,NA,NA,45
2006,12,2,9,NA,927.3,1,50,47
2006,12,2,12,-6.7,926.8,NA,20,55
2006,12,2,15,-3.4,925.8,NA,270,40
2006,12,2,18,NA,924.9,3,270,32
2006,12,2,21,0.2,924.5,3,20,34
2006,12,3,0,0.5,924.2,2,220,39
2006,12,3,3,-0.1,924.3,3,240,30
2006,12,3,6,NA,924.4,NA,280,55
2006,12,3,9,-3.1,925.3,NA,240,45
2006,12,3,12,-6.2,926,NA,220,67
2006,12,3,15,-7.8,926.2,NA,220,84
2006,12,3,18,-8.3,926.9,NA,230,80
2006,12,3,21,-8.4,927.9,NA,230,76
2006,12,4,0,-8.5,928.1,NA,240,81
2006,12,4,3,-7.6,928.7,NA,230,70
2006,12,4,6,-6.7,929.1,17,230,64
2006,12,4,9,-6.4,929.5,20,230,55
2006,12,4,12,-6.5,929.2,NA,240,48
2006,12,4,15,-7.4,929.6,NA,230,48
2006,12,4,18,-8.3,929.6,NA,240,66
2006,12,4,21,-7.4,930.1,12,240,63
2006,12,5,0,-6.2,929.6,NA,230,55
2006,12,5,3,-7.1,929.5,NA,220,69
2006,12,5,6,-6.9,929.2,NA,230,64
2006,12,5,9,-7.1,929.9,NA,250,73
2006,12,5,12,-6.3,929.7,NA,20,48
2006,12,5,15,-6.9,929.1,NA,10,49
2006,12,5,18,-5.7,928.6,4,50,55
2006,12,5,21,-4.8,928.3,5,70,57
2006,12,6,0,-4.8,927.9,6,50,51
2006,12,6,3,-4.7,927.4,3,20,52
2006,12,6,6,-5.8,927,5,50,41
2006,12,6,9,-5.4,926.6,5,350,42
2006,12,6,12,-5.3,926.1,3,360,38
2006,12,6,15,NA,925.2,1,270,40
2006,12,6,18,-6.4,925,4,260,41
2006,12,6,21,-5.2,924.9,4,250,51
2006,12,7,0,-4.3,925,3,220,41
2006,12,7,3,-3,924.8,2,230,36
2006,12,7,6,-3.4,924.8,3,210,36
2006,12,7,9,-4.1,924.3,6,250,38
2006,12,7,12,-4.3,924.4,3,250,35
2006,12,7,15,-5,923.8,2,290,34
2006,12,7,18,NA,923.6,1,240,27
2006,12,7,21,NA,923.7,1,230,23
2006,12,8,0,-1,923.5,2,40,36
2006,12,8,3,NA,923.2,1,300,39
2006,12,8,6,NA,923.3,1,10,33
2006,12,8,9,-2.9,923.1,2,10,34
2006,12,8,12,NA,923,1,320,33
2006,12,8,15,NA,922.5,1,200,40
2006,12,8,18,-3.2,922.4,2,120,45
2006,12,8,21,-5.2,922.6,5,270,44
2006,12,9,0,-4,922.7,5,240,36
2006,12,9,3,-5.3,922.5,4,230,42
2006,12,9,6,-7.6,922.6,5,230,84
2006,12,9,9,-7.1,922.1,NA,230,82
2006,12,9,12,-7.3,920.7,NA,240,84
2006,12,9,15,-7.7,920.2,NA,230,85
2006,12,9,18,-7.5,920.1,29,240,87
2006,12,9,21,-7.4,919.8,32,240,87
2006,12,10,0,-7.6,923,NA,190,87
2006,12,10,3,-7.7,923.6,NA,230,87
2006,12,10,6,-8.3,924.1,7,220,87
2006,12,10,9,-7.7,923.9,9,240,87
2006,12,10,12,-7.5,924.2,NA,230,87
2006,12,10,15,-7.6,924,11,230,87
2006,12,10,18,-8,924.4,NA,220,87
2006,12,10,21,-8.4,924.6,NA,240,87
2006,12,11,0,-7.7,924.9,3,240,87
2006,12,11,3,-4.5,924.5,NA,0,89
2006,12,11,6,NA,924.4,1,40,88
2006,12,11,9,NA,923.8,2,20,85
2006,12,11,12,NA,923.7,1,340,79
2006,12,11,15,-9.3,923.2,NA,NA,80
2006,12,11,18,-7.3,923.2,NA,NA,85
2006,12,11,21,-6.8,923.5,4,100,85
2006,12,12,0,-6.3,923.8,2,250,85
2006,12,12,3,-7.7,923.7,NA,260,85
2006,12,12,6,-9,923.7,NA,240,86
2006,12,12,9,-9,924,8,230,86
2006,12,12,12,-9.1,924.2,10,230,86
2006,12,12,15,-9.7,923.7,NA,230,86
2006,12,12,18,-8.7,924.4,NA,240,86
2006,12,12,21,-7.4,924.9,NA,230,82
2006,12,13,0,-8.1,924.6,NA,240,78
2006,12,13,3,-7.2,924.4,NA,NA,86
2006,12,13,6,-7.4,924.4,10,NA,84
2006,12,13,9,-7.9,924.4,NA,NA,79
2006,12,13,12,-9,924.7,13,230,78
2006,12,13,15,-8.6,924.9,NA,250,77
2006,12,13,18,-7.6,924.3,NA,250,79
2006,12,13,21,-7.7,924.2,3,120,81
2006,12,14,0,-6.9,923.6,2,210,81
2006,12,14,3,-7.7,923.4,NA,240,79
2006,12,14,6,-8.8,923.6,NA,NA,86
2006,12,14,9,-8.8,924.1,NA,NA,81
2006,12,14,12,-9.3,925.2,NA,NA,77
2006,12,14,15,-8.8,925.6,NA,300,80
2006,12,14,18,-6.9,926.1,NA,260,46
2006,12,14,21,-6.3,926.3,5,20,45
2006,12,15,0,-6,925.9,NA,50,48
2006,12,15,3,-7.9,925,NA,30,53
2006,12,15,6,-7.4,923.7,NA,50,87
2006,12,15,9,-7.9,923.8,14,30,87
2006,12,15,12,-8.1,923.1,NA,50,87
2006,12,15,15,-8.8,922.6,NA,60,87
2006,12,15,18,-9.1,922.2,NA,250,86
2006,12,15,21,-8.2,921.7,NA,230,86
2006,12,16,0,-8.3,921,NA,220,86
2006,12,16,3,-8.6,920.2,NA,220,87
2006,12,16,6,-8.6,920.3,NA,230,87
2006,12,16,9,-8.3,920,NA,NA,86
2006,12,16,12,-8.6,921.3,NA,NA,85
2006,12,16,15,-8.8,922.5,NA,NA,80
2006,12,16,18,-9.7,923.1,38,240,77
2006,12,16,21,-9.8,924.9,35,240,80
2006,12,17,0,-9.2,925,35,240,80
2006,12,17,3,-8.5,925.5,NA,230,74
2006,12,17,6,-7.8,927.1,NA,240,62
2006,12,17,9,-8.4,927.3,NA,220,60
2006,12,17,12,-8.6,927.1,NA,360,47
2006,12,17,15,-8.3,926.3,NA,360,43
2006,12,17,18,-7.6,925.3,NA,60,63
2006,12,17,21,-7.2,924.5,NA,240,63
2006,12,18,0,-6.6,923.7,NA,110,64
2006,12,18,3,-7.1,923,3,40,63
2006,12,18,6,-6,922.4,2,80,78
2006,12,18,9,-6.9,922.5,2,10,75
2006,12,18,12,-6.6,922.5,2,240,65
2006,12,18,15,-8.1,922.3,NA,270,71
2006,12,18,18,-6.8,922.7,3,250,61
2006,12,18,21,-5.5,923.3,NA,100,67
2006,12,19,0,-6.4,923.6,5,230,55
2006,12,19,3,-6.9,924.1,NA,230,61
2006,12,19,6,-8.4,923.4,NA,230,83
2006,12,19,9,-7.9,923.6,NA,240,83
2006,12,19,12,-9.5,922.7,NA,230,80
2006,12,19,15,-9.1,922.2,NA,250,74
2006,12,19,18,-8,922.2,NA,240,68
2006,12,19,21,-8.4,920.6,NA,NA,79
2006,12,20,0,-8.9,921.7,NA,NA,85
2006,12,20,3,-8.6,921.6,42,NA,86
2006,12,20,6,-9.1,921.7,45,250,86
2006,12,20,9,-8.8,922.8,NA,240,86
2006,12,20,12,-8.2,924.2,NA,NA,74
2006,12,20,15,-6.8,925,NA,NA,61
2006,12,20,18,-7,926,NA,NA,58
2006,12,20,21,-8.1,927.4,NA,240,59
2006,12,21,0,-6.7,928.3,NA,240,61
2006,12,21,3,-6.9,928,NA,10,77
2006,12,21,6,-7.3,927.1,NA,360,81
2006,12,21,9,-6.9,926.6,NA,20,84
2006,12,21,12,-7.1,926.1,NA,50,86
2006,12,21,15,-7.1,925.2,NA,60,87
2006,12,21,18,-7.6,924.9,NA,30,87
2006,12,21,21,-6.7,924.4,NA,260,88
2006,12,22,0,-5,924.3,3,210,77
2006,12,22,3,-5.2,923.9,3,240,65
2006,12,22,6,-4.6,923.8,3,230,65
2006,12,22,9,NA,923.9,1,350,79
2006,12,22,12,-7.7,923.7,NA,50,86
2006,12,22,15,-8.3,922.9,5,20,72
2006,12,22,18,-7.1,922.1,5,70,87
2006,12,22,21,-6,922.3,3,100,88
2006,12,23,0,-6.2,922.4,3,120,88
2006,12,23,3,-6,922.2,3,50,88
2006,12,23,6,-6.4,922.8,2,160,87
2006,12,23,9,-7.3,923.1,NA,270,87
2006,12,23,12,-7.3,923.8,NA,260,87
2006,12,23,15,-8.4,924.1,NA,230,86
2006,12,23,18,-8.8,924.6,NA,250,86
2006,12,23,21,-7.8,925.2,6,240,84
2006,12,24,0,-7.1,925.2,NA,230,73
2006,12,24,3,-6.9,924.6,2,240,79
2006,12,24,6,-6.7,923.7,2,220,78
2006,12,24,9,-7.2,923,3,230,77
2006,12,24,12,-8,922.4,NA,250,85
2006,12,24,15,-8.3,921.7,NA,230,85
2006,12,24,18,-8.4,921.5,9,250,87
2006,12,24,21,-8.2,921.9,7,230,87
2006,12,25,0,-8.4,921.9,NA,220,85
2006,12,25,3,-8,922.1,NA,230,87
2006,12,25,6,-8.2,922.7,NA,210,87
2006,12,25,9,-8.7,923.2,10,230,87
2006,12,25,12,-9.4,924,9,250,86
2006,12,25,15,-9.7,924.2,7,230,86
2006,12,25,18,-9.6,924.2,7,240,85
2006,12,25,21,-8.9,924.3,8,230,85
2006,12,26,0,-9.1,924.1,10,230,86
2006,12,26,3,-8.7,923.4,7,240,86
2006,12,26,6,-9.1,922.6,NA,240,86
2006,12,26,9,-9,922.4,NA,230,86
2006,12,26,12,-9.3,922.8,NA,230,86
2006,12,26,15,-9.7,923,NA,180,86
2006,12,26,18,-9,923.5,NA,230,86
2006,12,26,21,NA,924.3,1,110,87
2006,12,27,0,NA,924.9,1,90,88
2006,12,27,3,-9,925.3,NA,230,88
2006,12,27,6,-9.8,925.8,NA,220,86
2006,12,27,9,-10,927,NA,250,86
2006,12,27,12,-10.9,927.5,NA,280,85
2006,12,27,15,-11.8,927.4,NA,250,84
2006,12,27,18,-11.9,928.3,NA,250,84
2006,12,27,21,-8.1,929.6,NA,260,86
2006,12,28,0,NA,930.4,NA,240,88
2006,12,28,3,-8.4,930.5,2,90,86
2006,12,28,6,-10.6,930.5,NA,350,83
2006,12,28,9,-10.9,930.6,NA,350,78
2006,12,28,12,-10.3,930.5,NA,340,70
2006,12,28,15,-9.7,929.6,NA,190,62
2006,12,28,18,-8.8,929.5,2,210,67
2006,12,28,21,-8.7,929.4,2,230,70
2006,12,29,0,NA,928.5,1,220,58
2006,12,29,3,NA,927.7,1,260,57
2006,12,29,6,-8.1,927.4,2,240,64
2006,12,29,9,-10.2,927,NA,240,63
2006,12,29,12,-9.6,925.8,NA,240,45
2006,12,29,15,-10.2,924.4,NA,230,40
2006,12,29,18,-8.4,923.3,NA,200,35
2006,12,29,21,-6.7,922.4,NA,70,43
2006,12,30,0,NA,921.9,1,220,36
2006,12,30,3,-6.9,921.4,3,20,33
2006,12,30,6,-6.2,921.2,5,220,28
2006,12,30,9,-5.4,920.7,NA,240,26
2006,12,30,12,-5.2,920.1,NA,250,24
2006,12,30,15,-4.4,919.5,NA,350,25
2006,12,30,18,-3.5,918.3,3,10,22
2006,12,30,21,-3.3,916.8,NA,50,29
2006,12,31,0,-1,915.6,NA,250,21
2006,12,31,3,-2.1,914.4,5,50,24
2006,12,31,6,0.8,913.1,6,340,21
2006,12,31,9,NA,913,NA,250,31
2006,12,31,12,NA,912.2,NA,240,37
2006,12,31,15,-5.5,911.8,NA,240,47
2006,12,31,18,-5.5,911.1,NA,240,49
2006,12,31,21,-6.6,911.4,NA,230,55
2007,1,1,0,-6,910.7,NA,240,81
2007,1,1,3,-6.8,910.5,NA,250,NA
2007,1,1,6,-6.8,913.2,NA,230,88
2007,1,1,9,-7.3,912.7,NA,240,88
2007,1,1,12,-6.9,916.5,NA,240,88
2007,1,1,15,-6.7,917.4,NA,240,88
2007,1,1,18,-6.3,919.2,NA,NA,89
2007,1,1,21,-6.2,921.7,NA,NA,89
2007,1,2,0,-5.9,921.6,NA,NA,89
2007,1,2,3,-4.3,922,NA,240,89
2007,1,2,6,-2,920.6,NA,NA,56
2007,1,2,9,-1.2,917.2,NA,NA,48
2007,1,2,12,-1,917.2,NA,NA,42
2007,1,2,15,-0.6,915.8,NA,NA,38
2007,1,2,18,-2.7,916,NA,230,50
2007,1,2,21,-2.8,913.8,NA,250,57
2007,1,3,0,-4.6,914.3,NA,230,70
2007,1,3,3,-4.3,913.4,NA,240,62
2007,1,3,6,-5.5,913.3,NA,220,61
2007,1,3,9,-5.4,916.6,NA,230,74
2007,1,3,12,-6.2,916.8,NA,250,79
2007,1,3,15,-5.4,916.1,NA,230,59
2007,1,3,18,-2.9,914.7,NA,240,45
2007,1,3,21,-4.1,915.8,NA,230,56
2007,1,4,0,-4.2,917.1,NA,230,61
2007,1,4,3,-3.7,916.9,NA,220,53
2007,1,4,6,-2.7,915.4,NA,240,46
2007,1,4,9,-3.2,915.9,NA,250,47
2007,1,4,12,-4,916.3,31,240,54
2007,1,4,15,-6.2,918,NA,240,85
2007,1,4,18,-5,919,NA,250,68
2007,1,4,21,-4.7,918.4,NA,230,69
2007,1,5,0,-3.6,915.7,NA,NA,61
2007,1,5,3,-4.6,917.3,NA,NA,75
2007,1,5,6,-4.9,915.2,NA,NA,87
2007,1,5,9,-5.7,918,NA,NA,88
2007,1,5,12,-5.4,915.7,NA,250,88
2007,1,5,15,-5.9,918.3,NA,230,88
2007,1,5,18,-6.4,918.5,NA,250,89
2007,1,5,21,-5.9,919.8,NA,250,87
2007,1,6,0,-5.8,920.7,NA,240,NA
2007,1,6,3,-6.4,922,NA,NA,89
2007,1,6,6,-6,922.8,NA,NA,89
2007,1,6,9,-6,923.4,29,NA,89
2007,1,6,12,-6.2,923.1,29,240,89
2007,1,6,15,-6.1,923.5,26,230,89
2007,1,6,18,-6.2,923.9,NA,230,89
2007,1,6,21,-5.9,923.5,NA,240,89
2007,1,7,0,-5.7,923.6,NA,220,89
2007,1,7,3,-5.3,923.6,NA,240,90
2007,1,7,6,-3.7,923.3,NA,0,90
2007,1,7,9,-5.2,923.2,NA,0,90
2007,1,7,12,-6.1,922.9,4,240,88
2007,1,7,15,-5.7,922.9,3,300,70
2007,1,7,18,-4.6,923.2,2,20,60
2007,1,7,21,-3.2,923.2,3,20,60
2007,1,8,0,-2.7,923.7,3,210,54
2007,1,8,3,-2.4,923.5,5,170,54
2007,1,8,6,NA,923.4,1,10,52
2007,1,8,9,-4.6,922.9,4,20,52
2007,1,8,12,-3.8,923.2,3,270,42
2007,1,8,15,-4.8,923.4,3,260,49
2007,1,8,18,-4.7,923.9,2,260,52
2007,1,8,21,-3.5,924.7,3,220,49
2007,1,9,0,-5,925.4,4,230,64
2007,1,9,3,-3.7,925.5,6,230,60
2007,1,9,6,-6,925.5,NA,240,71
2007,1,9,9,-6.1,925.5,NA,230,70
2007,1,9,12,-6.9,925.4,NA,240,72
2007,1,9,15,-6.8,925.3,24,240,68
2007,1,9,18,-6.6,925.1,NA,220,60
2007,1,9,21,-6.2,925.9,23,240,70
2007,1,10,0,-5.8,925.7,NA,230,74
2007,1,10,3,-5.3,926.9,NA,240,72
2007,1,10,6,-4.5,927.6,NA,240,71
2007,1,10,9,-5.2,928,NA,250,67
2007,1,10,12,-5.5,928.3,NA,240,63
2007,1,10,15,-5.9,928.2,11,230,59
2007,1,10,18,-5,928.5,15,240,53
2007,1,10,21,-3.9,928.8,NA,250,50
2007,1,11,0,-2.4,929.5,14,220,49
2007,1,11,3,-1.2,930.2,NA,230,43
2007,1,11,6,0.5,930.9,NA,240,39
2007,1,11,9,1.2,931.9,NA,240,32
2007,1,11,12,1.6,933.3,NA,270,29
2007,1,11,15,1,934.2,NA,20,30
2007,1,11,18,-0.5,935.1,NA,70,37
2007,1,11,21,0.2,935.5,6,80,47
2007,1,12,0,0.5,935.4,NA,60,45
2007,1,12,3,0.5,934.4,NA,20,41
2007,1,12,6,0.3,933.8,NA,30,32
2007,1,12,9,-0.9,933.5,NA,50,37
2007,1,12,12,-2.9,932.9,NA,250,49
2007,1,12,15,NA,932.2,NA,220,62
2007,1,12,18,-7.3,931.5,NA,250,85
2007,1,12,21,-6.9,931.3,NA,230,86
2007,1,13,0,-6.3,931,NA,230,83
2007,1,13,3,-3.8,930.2,10,240,76
2007,1,13,6,-3.5,929.5,10,220,63
2007,1,13,9,-3.2,928.6,NA,240,55
2007,1,13,12,-4.1,928,NA,240,55
2007,1,13,15,-3.8,926.5,4,240,50
2007,1,13,18,-2.2,924.7,2,50,43
2007,1,13,21,-2.9,923,NA,50,50
2007,1,14,0,-2.8,921.9,4,60,49
2007,1,14,3,-2.9,920.9,5,200,44
2007,1,14,6,-4.9,920.3,7,190,47
2007,1,14,9,-6.3,920.4,6,260,60
2007,1,14,12,-6.8,920.4,NA,250,63
2007,1,14,15,-6.5,920.3,NA,240,60
2007,1,14,18,-6.9,920.3,NA,230,60
2007,1,14,21,-7.1,921,NA,220,86
2007,1,15,0,-6.7,922.7,NA,240,87
2007,1,15,3,-7.1,922.1,NA,250,85
2007,1,15,6,-8.2,922.5,NA,240,86
2007,1,15,9,-8.3,923.4,NA,NA,86
2007,1,15,12,-8,924.7,NA,NA,86
2007,1,15,15,-7.8,925.7,39,230,82
2007,1,15,18,-7.6,927.6,NA,230,78
2007,1,15,21,-7.2,927.8,NA,230,70
2007,1,16,0,-7,928.1,36,240,64
2007,1,16,3,-6.2,930.3,NA,230,64
2007,1,16,6,-5.3,931,NA,220,62
2007,1,16,9,-6.5,931.1,NA,250,65
2007,1,16,12,-5.7,930.9,NA,250,51
2007,1,16,15,-5.2,930.7,NA,230,42
2007,1,16,18,-6.4,931.7,NA,230,49
2007,1,16,21,-8,932.5,NA,240,62
2007,1,17,0,-5.8,932.5,NA,230,68
2007,1,17,3,-6,932.8,NA,230,72
2007,1,17,6,-5.3,932.9,NA,240,60
2007,1,17,9,-5.8,932.2,NA,NA,55
2007,1,17,12,-5.8,932.8,NA,NA,72
2007,1,17,15,-6.2,932.8,NA,NA,87
2007,1,17,18,-6.2,931.8,NA,240,86
2007,1,17,21,-5.9,932.4,NA,240,83
2007,1,18,0,-5.6,932.9,NA,230,89
2007,1,18,3,-5.8,932.1,NA,230,89
2007,1,18,6,-5.8,931.5,NA,230,89
2007,1,18,9,-4.9,927.6,NA,250,88
2007,1,18,12,-4.6,926.4,NA,240,87
2007,1,18,15,-5.5,929,NA,230,89
2007,1,18,18,-5.8,929,NA,240,89
2007,1,18,21,-5.3,927.6,44,230,89
2007,1,19,0,-4.9,925.9,NA,230,90
2007,1,19,3,-4.8,924.6,NA,NA,90
2007,1,19,6,-5,924,NA,NA,90
2007,1,19,9,-5.5,925.7,NA,NA,90
2007,1,19,12,-5.3,925.3,26,NA,90
2007,1,19,15,-5,926.8,NA,NA,90
2007,1,19,18,-5,921.8,25,NA,90
2007,1,19,21,-4.6,921.4,NA,240,90
2007,1,20,0,-4.6,921,NA,240,90
2007,1,20,3,-5.2,919.5,18,250,90
2007,1,20,6,-4.8,918.5,NA,NA,90
2007,1,20,9,-4.3,918,NA,NA,89
2007,1,20,12,-4.9,916.4,NA,NA,81
2007,1,20,15,-5.5,914.1,NA,NA,88
2007,1,20,18,-5.4,916.8,50,NA,87
2007,1,20,21,-4.3,919,NA,250,89
2007,1,21,0,-4.5,918.6,NA,250,65
2007,1,21,3,-5.3,918.8,NA,240,83
2007,1,21,6,-4.6,922.1,NA,NA,81
2007,1,21,9,-3.7,921.5,NA,NA,62
2007,1,21,12,-4.9,922,NA,NA,66
2007,1,21,15,-4.7,922.2,33,250,65
2007,1,21,18,-4.2,923.7,NA,240,63
2007,1,21,21,-4,924.4,NA,240,61
2007,1,22,0,-3.5,924.9,NA,230,59
2007,1,22,3,-4.5,924.9,NA,230,63
2007,1,22,6,-4.2,925.1,NA,220,62
2007,1,22,9,-4.2,925.1,NA,230,61
2007,1,22,12,-4.9,925.4,NA,NA,61
2007,1,22,15,-5.2,925.3,NA,NA,73
2007,1,22,18,-5.3,925.7,NA,NA,70
2007,1,22,21,-5,926,19,240,68
2007,1,23,0,-4.3,926.3,18,240,66
2007,1,23,3,-4.8,926.5,15,230,74
2007,1,23,6,-4.2,926.3,16,240,73
2007,1,23,9,-5.4,926.4,NA,230,66
2007,1,23,12,-5.2,927.2,NA,220,70
2007,1,23,15,-6,926.9,NA,240,73
2007,1,23,18,-5.8,927,NA,230,66
2007,1,23,21,-4.9,927.3,NA,260,66
2007,1,24,0,-3.4,926.8,NA,210,65
2007,1,24,3,-2.9,925.7,NA,80,75
2007,1,24,6,-5.2,924.3,NA,30,83
2007,1,24,9,-5.2,923.1,NA,360,77
2007,1,24,12,-5,921.9,NA,260,76
2007,1,24,15,-6.5,920.4,NA,250,85
2007,1,24,18,-5.3,919.6,NA,240,87
2007,1,24,21,-5.4,919.9,5,240,68
2007,1,25,0,-5.8,920.2,7,240,NA
2007,1,25,3,-5.8,920.8,8,230,86
2007,1,25,6,-6.8,922,NA,220,85
2007,1,25,9,-6.8,923,NA,210,88
2007,1,25,12,-6.5,925,NA,220,88
2007,1,25,15,-6.1,926.6,NA,220,89
2007,1,25,18,-5.8,928.1,14,240,89
2007,1,25,21,-5.9,929.8,11,230,89
2007,1,26,0,-5.3,931.7,12,220,90
2007,1,26,3,-4.9,932.6,NA,220,90
2007,1,26,6,-4.5,933.3,NA,220,90
2007,1,26,9,-5.3,934.1,4,230,90
2007,1,26,12,-6,934.5,5,230,90
2007,1,26,15,NA,934.6,1,260,89
2007,1,26,18,-5.8,934.7,NA,0,89
2007,1,26,21,-4.6,934.6,NA,60,88
2007,1,27,0,-5.1,934.3,NA,20,90
2007,1,27,3,-5.1,933.5,5,30,88
2007,1,27,6,-5.5,932.8,3,10,90
2007,1,27,9,-6.4,932.4,5,10,88
2007,1,27,12,-6.5,932,4,350,89
2007,1,27,15,-6.6,931.3,2,110,89
2007,1,27,18,-6.2,930.9,2,280,89
2007,1,27,21,-5.5,931.1,3,110,85
2007,1,28,0,-4.8,931.7,NA,240,77
2007,1,28,3,-5.3,932.7,NA,180,86
2007,1,28,6,-5.7,933.6,NA,240,87
2007,1,28,9,-6.5,935.6,NA,220,84
2007,1,28,12,-5.8,937.6,NA,20,73
2007,1,28,15,-5.2,938.7,NA,270,49
2007,1,28,18,-4.4,940.4,NA,360,46
2007,1,28,21,-3.6,941.3,NA,80,70
2007,1,29,0,-3.8,941.9,5,20,67
2007,1,29,3,-4.6,942.5,NA,10,60
2007,1,29,6,-5.6,942.6,NA,10,80
2007,1,29,9,-5.5,942.9,NA,20,88
2007,1,29,12,-5.9,942.5,NA,30,89
2007,1,29,15,-5.7,941.7,NA,20,78
2007,1,29,18,-5.4,940.5,NA,250,71
2007,1,29,21,-5.9,940.4,NA,250,89
2007,1,30,0,-5.8,940.3,NA,230,89
2007,1,30,3,-4.5,940.3,NA,260,90
2007,1,30,6,-5.1,940.3,NA,250,88
2007,1,30,9,-3.4,940.4,NA,30,69
2007,1,30,12,-2.7,939.6,4,360,68
2007,1,30,15,-3,938.9,NA,0,60
2007,1,30,18,-0.7,938.7,3,270,56
2007,1,30,21,1.4,938.1,NA,90,46
2007,1,31,0,0.7,936.2,NA,50,50
2007,1,31,3,-0.2,934.6,NA,20,41
2007,1,31,6,-1.4,933.3,NA,10,45
2007,1,31,9,-0.9,932.5,NA,240,46
2007,1,31,12,-5,932.3,NA,250,67
2007,1,31,15,-4,932.3,NA,20,47
2007,1,31,18,-3.2,932.4,NA,240,48
2007,1,31,21,-3.7,931.8,NA,70,59
2007,2,1,0,-4.6,930.6,NA,10,73
2007,2,1,3,-4,929.3,NA,40,87
2007,2,1,6,-1.9,928.5,NA,360,61
2007,2,1,9,-3.5,927.7,NA,270,64
2007,2,1,12,-2.5,927.2,NA,240,69
2007,2,1,15,-4.7,926.5,NA,260,58
2007,2,1,18,NA,926.7,NA,240,71
2007,2,1,21,-6.7,927.3,16,230,79
2007,2,2,0,-4.4,927.8,NA,250,75
2007,2,2,3,-5.6,927.5,NA,240,74
2007,2,2,6,-6.4,927.5,NA,220,73
2007,2,2,9,-6.8,927.6,NA,250,75
2007,2,2,12,-7.5,927.8,NA,250,86
2007,2,2,15,-7.9,927.7,14,250,87
2007,2,2,18,-8.1,928.2,12,240,87
2007,2,2,21,-8.4,928.3,12,230,87
2007,2,3,0,-8.1,928.4,NA,250,87
2007,2,3,3,-8,927.8,NA,270,87
2007,2,3,6,-7.4,927.2,NA,0,87
2007,2,3,9,-7.8,926.7,3,80,87
2007,2,3,12,-8.5,926.1,3,10,87
2007,2,3,15,-8.8,925.1,2,280,86
2007,2,3,18,-8.7,924.5,6,250,87
2007,2,3,21,-8.7,923.9,NA,230,87
2007,2,4,0,-9,923.7,NA,240,86
2007,2,4,3,-9.1,923.1,12,250,87
2007,2,4,6,-9.5,922.8,11,250,86
2007,2,4,9,-9.5,923,11,260,86
2007,2,4,12,-9.2,922.6,10,240,86
2007,2,4,15,-9.5,921.7,NA,240,86
2007,2,4,18,-9.5,922,NA,230,86
2007,2,4,21,-9.1,923.6,NA,230,NA
2007,2,5,0,-8.7,924.1,NA,240,86
2007,2,5,3,-8.4,924.4,NA,270,86
2007,2,5,6,-6.5,924.6,NA,90,65
2007,2,5,9,-8.6,924.3,NA,10,68
2007,2,5,12,-8,923.9,NA,70,76
2007,2,5,15,-8.6,922.8,NA,40,84
2007,2,5,18,-8,922.5,7,20,87
2007,2,5,21,-9.1,922.5,NA,240,85
2007,2,6,0,-8.3,922.3,NA,250,87
2007,2,6,3,-9.4,921.8,NA,250,87
2007,2,6,6,-9.2,921.7,NA,240,86
2007,2,6,9,-8.4,921,NA,NA,86
2007,2,6,12,-8.5,920.7,NA,NA,NA
2007,2,6,15,-9.5,919.9,NA,NA,85
2007,2,6,18,-9.1,917.4,NA,NA,86
2007,2,6,21,-8.8,918.8,NA,NA,86
2007,2,7,0,-8.4,919.3,50,NA,87
2007,2,7,3,-8.6,918.4,NA,NA,87
2007,2,7,6,-9,918.3,NA,250,86
2007,2,7,9,-9.3,918.2,NA,240,86
2007,2,7,12,-9.9,919.7,56,250,86
2007,2,7,15,-9.5,919.5,NA,NA,85
2007,2,7,18,-8.7,922,NA,NA,85
2007,2,7,21,-8.5,925.9,NA,NA,81
2007,2,8,0,-7.6,928.4,NA,230,73
2007,2,8,3,-6.6,930,NA,240,71
2007,2,8,6,-7.1,930.6,NA,210,79
2007,2,8,9,-8.3,930.2,NA,20,84
2007,2,8,12,-7.5,929.3,NA,20,78
2007,2,8,15,-7.6,928.5,NA,20,82
2007,2,8,18,-8.3,928,NA,10,87
2007,2,8,21,-7.4,927.7,NA,70,80
2007,2,9,0,-7.2,927.2,2,280,79
2007,2,9,3,-6.1,926.9,3,260,77
2007,2,9,6,-6.2,926.5,NA,250,80
2007,2,9,9,-7.1,927.1,NA,230,77
2007,2,9,12,-8.9,927,NA,260,83
2007,2,9,15,-8.5,926.7,14,250,86
2007,2,9,18,-8.6,927.2,NA,240,83
2007,2,9,21,-9.6,926.9,NA,230,86
2007,2,10,0,-9.8,926.7,NA,240,86
2007,2,10,3,-10.1,926.5,NA,230,85
2007,2,10,6,-10.7,926.1,27,NA,85
2007,2,10,9,-11.3,925.1,28,NA,83
2007,2,10,12,-11.2,924.6,27,NA,74
2007,2,10,15,-11.2,923.5,26,NA,71
2007,2,10,18,-11,922.9,NA,240,66
2007,2,10,21,-11.2,922.1,NA,230,60
2007,2,11,0,-10.6,921.2,20,220,65
2007,2,11,3,-10.3,920.5,NA,240,71
2007,2,11,6,-10.4,920.3,NA,240,70
2007,2,11,9,-10.7,919.9,NA,230,68
2007,2,11,12,-11,919.8,NA,290,75
2007,2,11,15,-10.5,919.3,NA,300,79
2007,2,11,18,-10.3,918.9,3,230,82
2007,2,11,21,-10.2,918.8,4,200,79
2007,2,12,0,-10.2,918.7,6,200,79
2007,2,12,3,-10.2,918.6,7,200,83
2007,2,12,6,-10.8,919.1,8,240,81
2007,2,12,9,-11.2,919.7,NA,NA,84
2007,2,12,12,-11.4,920.3,NA,NA,84
2007,2,12,15,-11.3,920.9,13,NA,84
2007,2,12,18,-11.6,921.8,13,230,84
2007,2,12,21,-11.7,922.9,14,240,80
2007,2,13,0,-11.2,923.9,14,250,79
2007,2,13,3,-10.9,924.9,NA,230,84
2007,2,13,6,-11,926.6,NA,240,84
2007,2,13,9,-11.5,928.6,17,230,84
2007,2,13,12,-11.6,929.8,15,240,84
2007,2,13,15,-12.3,930.6,NA,250,77
2007,2,13,18,-10.6,930.6,NA,240,59
2007,2,13,21,-9.6,930.9,NA,230,43
2007,2,14,0,-7.5,930.6,NA,220,37
2007,2,14,3,-6.4,930.2,NA,100,34
2007,2,14,6,-6.5,930.1,NA,240,33
2007,2,14,9,-7.1,929.7,NA,230,36
2007,2,14,12,-7.7,929.5,NA,230,35
2007,2,14,15,-7.3,928.9,12,240,33
2007,2,14,18,-6.7,928.6,NA,290,31
2007,2,14,21,-6.4,927.8,NA,350,32
2007,2,15,0,-6.4,926.5,NA,50,35
2007,2,15,3,-6.2,925.1,NA,260,41
2007,2,15,6,-7.6,923.6,NA,40,51
2007,2,15,9,-7.1,922.4,NA,130,78
2007,2,15,12,-8.8,920.8,NA,240,82
2007,2,15,15,-8.8,918.6,NA,250,74
2007,2,15,18,-10.9,917,12,240,84
2007,2,15,21,-9.6,915.2,NA,240,78
2007,2,16,0,-9.3,915.3,NA,240,81
2007,2,16,3,-9.3,914.8,NA,250,84
2007,2,16,6,-9.2,915.1,NA,240,78
2007,2,16,9,-8.9,915.4,32,250,75
2007,2,16,12,-8.6,915.6,NA,240,72
2007,2,16,15,-8.8,916.3,34,240,77
2007,2,16,18,-8.1,916.9,NA,250,77
2007,2,16,21,-7.7,918.9,NA,240,80
2007,2,17,0,-8.3,919.7,NA,230,84
2007,2,17,3,-7.8,920.1,NA,240,85
2007,2,17,6,-8.4,920.1,16,230,82
2007,2,17,9,-8.5,920.1,NA,230,79
2007,2,17,12,-8.4,920.5,NA,250,82
2007,2,17,15,-8.8,920.3,NA,260,79
2007,2,17,18,-9.1,921.6,25,240,83
2007,2,17,21,-9.2,922.5,25,230,85
2007,2,18,0,-8.8,923.6,21,220,83
2007,2,18,3,-8.1,924.5,NA,240,79
2007,2,18,6,-8.6,925.6,17,240,79
2007,2,18,9,-9.3,926.8,18,250,77
2007,2,18,12,-9.5,928,NA,260,73
2007,2,18,15,-9,928.7,NA,360,60
2007,2,18,18,-8.3,928.3,NA,60,68
2007,2,18,21,-8.6,927.7,NA,30,73
2007,2,19,0,-9,926.8,NA,30,68
2007,2,19,3,-8.3,926.3,NA,40,83
2007,2,19,6,-8.1,927.4,NA,50,86
2007,2,19,9,-8.1,928.4,NA,40,82
2007,2,19,12,-8.9,929.5,NA,260,86
2007,2,19,15,-9.8,929.6,NA,240,86
2007,2,19,18,-9.3,930.2,NA,240,86
2007,2,19,21,-9.3,930.7,7,250,86
2007,2,20,0,NA,931.1,5,250,86
2007,2,20,3,-9.7,930.5,5,260,86
2007,2,20,6,-9.6,929.9,4,260,86
2007,2,20,9,-9.9,928.9,4,260,86
2007,2,20,12,-9.9,927.6,3,250,85
2007,2,20,15,-9.8,926,3,260,86
2007,2,20,18,-9.7,925.1,3,260,86
2007,2,20,21,NA,923.6,1,240,86
2007,2,21,0,-9.1,922.6,NA,NA,86
2007,2,21,3,NA,921.1,1,250,87
2007,2,21,6,-10,920,3,210,86
2007,2,21,9,-10.2,919,3,240,85
2007,2,21,12,NA,918,1,250,85
2007,2,21,15,-11.4,917,2,260,84
2007,2,21,18,NA,916.6,1,290,83
2007,2,21,21,-11.1,916.2,3,230,84
2007,2,22,0,-10.9,916.3,3,240,85
2007,2,22,3,-11,916.2,4,240,85
2007,2,22,6,-11.3,916.1,NA,240,84
2007,2,22,9,-11.9,917,NA,230,84
2007,2,22,12,-12,918.4,NA,240,84
2007,2,22,15,-12.4,918.9,NA,240,83
2007,2,22,18,-12.6,920,NA,240,83
2007,2,22,21,-12,920.4,NA,230,83
2007,2,23,0,-12.4,920.7,NA,240,83
2007,2,23,3,-12.4,920.6,10,230,83
2007,2,23,6,-13.9,919.8,NA,240,82
2007,2,23,9,-14.8,919,NA,230,81
2007,2,23,12,-14.8,918,14,240,80
2007,2,23,15,-14.1,917.4,NA,250,80
2007,2,23,18,-14.1,916.3,NA,240,80
2007,2,23,21,-12.4,914.9,NA,NA,80
2007,2,24,0,-11.7,913.5,NA,NA,72
2007,2,24,3,-12.4,913.4,31,NA,78
2007,2,24,6,-12.7,913.4,NA,240,77
2007,2,24,9,-12.8,913.4,NA,240,82
2007,2,24,12,-12.9,912.9,NA,230,83
2007,2,24,15,-13.5,911.2,NA,NA,82
2007,2,24,18,-13.6,910.6,NA,NA,80
2007,2,24,21,-14.1,910.2,NA,NA,79
2007,2,25,0,-13.9,911,30,NA,81
2007,2,25,3,-13.4,911.9,NA,NA,82
2007,2,25,6,-13.4,912.8,NA,250,82
2007,2,25,9,-13.1,913.4,NA,240,82
2007,2,25,12,-13.1,913.9,NA,260,82
2007,2,25,15,-13,914.1,10,260,82
2007,2,25,18,-12.9,914.6,NA,270,83
2007,2,25,21,-12.6,915.3,6,270,83
2007,2,26,0,-12.1,916.1,6,280,84
2007,2,26,3,-12.3,916.8,NA,270,83
2007,2,26,6,-12.5,917.4,NA,260,83
2007,2,26,9,-12.2,918.7,NA,240,83
2007,2,26,12,-12.4,919,11,240,83
2007,2,26,15,-12.2,919.5,11,240,83
2007,2,26,18,-12.3,920.1,11,220,83
2007,2,26,21,-12.4,920.8,10,240,83
2007,2,27,0,-11.9,921,NA,220,84
2007,2,27,3,-10.7,921,NA,230,85
2007,2,27,6,-11.7,921.3,3,190,84
2007,2,27,9,-13.4,921.7,3,280,82
2007,2,27,12,-13.1,921.5,2,320,82
2007,2,27,15,-12.9,921.1,NA,10,83
2007,2,27,18,-13.3,920.4,3,360,82
2007,2,27,21,-12.6,920,3,330,83
2007,2,28,0,-12.5,919.1,3,260,83
2007,2,28,3,-10.2,918,2,230,85
2007,2,28,6,-12.8,917,5,260,83
2007,2,28,9,-13.3,916.5,NA,260,82
2007,2,28,12,-12.9,915.8,NA,260,83
2007,2,28,15,-13.1,915.4,11,250,83
2007,2,28,18,-12.5,914.9,NA,250,83
2007,2,28,21,-11.7,915.4,13,260,80
2007,3,1,0,-11.8,915.6,NA,250,71
2007,3,1,3,-12.1,915.1,NA,240,76
2007,3,1,6,-13.9,914.8,NA,240,76
2007,3,1,9,-13.9,916.9,38,NA,75
2007,3,1,12,-12.8,916.4,NA,NA,79
2007,3,1,15,-11.8,917.6,NA,NA,81
2007,3,1,18,-11,922.5,NA,230,79
2007,3,1,21,-11.6,922.8,NA,220,84
2007,3,2,0,-12.6,923.2,33,240,83
2007,3,2,3,-13.2,923,NA,NA,82
2007,3,2,6,-13.8,924.5,NA,NA,80
2007,3,2,9,-14.2,925.4,NA,NA,80
2007,3,2,12,-15,925.6,NA,250,72
2007,3,2,15,-15.7,926.1,NA,260,61
2007,3,2,18,-15.4,925.9,NA,240,58
2007,3,2,21,-15.6,926.2,NA,240,73
2007,3,3,0,-14.9,926.7,NA,250,78
2007,3,3,3,-14.2,927.3,NA,220,79
2007,3,3,6,-13.9,927.8,NA,240,82
2007,3,3,9,-15.3,928.6,NA,20,79
2007,3,3,12,-14.8,929.3,NA,20,75
2007,3,3,15,-14,929.9,NA,30,65
2007,3,3,18,-14.1,930.6,NA,270,60
2007,3,3,21,-14.9,933,NA,260,65
2007,3,4,0,NA,934.4,12,270,79
2007,3,4,3,-11.5,935.3,NA,240,59
2007,3,4,6,-12,936.1,NA,220,79
2007,3,4,9,-12.3,936.7,NA,NA,57
2007,3,4,12,-11.3,937.1,4,270,38
2007,3,4,15,-11.5,937,NA,250,28
2007,3,4,18,-10.9,936.8,5,20,30
2007,3,4,21,-11.1,935.8,NA,30,47
2007,3,5,0,-10.8,934.4,NA,20,47
2007,3,5,3,-9.8,932.3,NA,20,38
2007,3,5,6,-9.5,930.4,NA,30,51
2007,3,5,9,-9.1,929.3,NA,20,62
2007,3,5,12,-9,927.9,NA,20,75
2007,3,5,15,-9.3,926,NA,30,85
2007,3,5,18,-9.3,923.8,NA,30,85
2007,3,5,21,-9.2,921.6,NA,40,86
2007,3,6,0,-8.2,919.2,NA,70,87
2007,3,6,3,-8.7,916.9,NA,50,87
2007,3,6,6,-8.7,915,NA,90,87
2007,3,6,9,-10.6,913.8,NA,260,85
2007,3,6,12,-11.8,913.5,NA,240,84
2007,3,6,15,-12.4,914.3,NA,NA,83
2007,3,6,18,-11.8,915.4,NA,NA,84
2007,3,6,21,-11.7,917.9,NA,NA,80
2007,3,7,0,-11.8,919,NA,NA,81
2007,3,7,3,-12,920.5,NA,NA,79
2007,3,7,6,-12.5,921.9,33,NA,83
2007,3,7,9,-12.2,923.9,NA,NA,80
2007,3,7,12,-12.2,926.1,NA,NA,75
2007,3,7,15,-12.3,927.2,24,NA,74
2007,3,7,18,-12,928.4,NA,NA,68
2007,3,7,21,-12.6,929.3,21,NA,68
2007,3,8,0,-12.5,929.6,21,NA,70
2007,3,8,3,-13.5,929.9,21,230,80
2007,3,8,6,-14.4,929.8,NA,240,81
2007,3,8,9,-14.8,930.4,23,NA,66
2007,3,8,12,-14.7,930.3,NA,NA,73
2007,3,8,15,-14.9,930.2,NA,NA,74
2007,3,8,18,-15.3,929.3,NA,NA,80
2007,3,8,21,-15.7,929.5,NA,NA,79
2007,3,9,0,-15.4,929.3,33,NA,77
2007,3,9,3,-15.5,929.5,NA,250,79
2007,3,9,6,-14.8,929.6,NA,230,73
2007,3,9,9,-15.4,929.1,NA,240,74
2007,3,9,12,-15.9,928,13,260,71
2007,3,9,15,-16.1,927.8,NA,270,76
2007,3,9,18,-16,927.8,NA,270,64
2007,3,9,21,-16.5,928,NA,260,78
2007,3,10,0,-15.8,928.2,NA,240,79
2007,3,10,3,-15.5,928.4,13,240,79
2007,3,10,6,-15.5,929.1,9,210,79
2007,3,10,9,-16.2,929.1,13,200,79
2007,3,10,12,-17.1,929.7,12,240,77
2007,3,10,15,-16.9,930.4,NA,270,67
2007,3,10,18,-15.9,931.1,NA,290,66
2007,3,10,21,-14,931.8,NA,350,62
2007,3,11,0,-13.4,932.8,NA,40,62
2007,3,11,3,-13.6,933.8,5,260,66
2007,3,11,6,-14.4,934.6,5,260,71
2007,3,11,9,-14.3,935.3,8,280,72
2007,3,11,12,-15.9,935.3,5,280,71
2007,3,11,15,-14.6,934.4,8,300,66
2007,3,11,18,-15.4,933.6,8,340,76
2007,3,11,21,-13.8,933,NA,100,70
2007,3,12,0,-14.4,932.4,7,80,77
2007,3,12,3,-14.1,931.7,NA,50,71
2007,3,12,6,-15.4,931.9,6,280,78
2007,3,12,9,-16.2,932.2,NA,270,75
2007,3,12,12,-14.5,932.4,NA,60,76
2007,3,12,15,-14.7,932.1,NA,40,78
2007,3,12,18,-14,932.6,3,80,80
2007,3,12,21,-13.8,933.7,NA,290,81
2007,3,13,0,-13.4,934.4,2,250,82
2007,3,13,3,-13.3,934.5,2,280,80
2007,3,13,6,-13.3,934.5,5,260,78
2007,3,13,9,-12.9,934.8,2,80,82
2007,3,13,12,-11.7,934.3,NA,40,83
2007,3,13,15,-12.6,934.2,NA,50,83
2007,3,13,18,-13.5,934.9,NA,70,82
2007,3,13,21,-13.1,935.7,NA,50,82
2007,3,14,0,-11.4,936.3,NA,30,83
2007,3,14,3,-10,936.9,14,30,85
2007,3,14,6,-10.4,937.5,NA,40,85
2007,3,14,9,-12.4,938,NA,260,82
2007,3,14,12,-12.2,937.9,NA,250,83
2007,3,14,15,-12.7,937.8,NA,240,83
2007,3,14,18,-13,936,NA,230,82
2007,3,14,21,-13.3,935.8,NA,230,82
2007,3,15,0,-14.2,934.8,NA,240,81
2007,3,15,3,-14.7,934.4,NA,240,81
2007,3,15,6,-14.6,935.4,55,250,81
2007,3,15,9,-14.7,936.2,NA,NA,81
2007,3,15,12,-15.5,938.9,NA,NA,80
2007,3,15,15,-16.2,939.2,NA,NA,79
2007,3,15,18,-16.3,943.1,NA,230,79
2007,3,15,21,-15.7,945.1,NA,240,79
2007,3,16,0,-14.8,945.8,NA,220,79
2007,3,16,3,-15.2,946.4,NA,230,80
2007,3,16,6,-15.1,946,NA,240,80
2007,3,16,9,-14.4,946.3,NA,180,81
2007,3,16,12,-14.6,944.9,NA,220,81
2007,3,16,15,-14.4,943.7,2,240,81
2007,3,16,18,-14.5,943,NA,0,81
2007,3,16,21,-14.5,942.4,1,240,80
2007,3,17,0,-14.1,941.1,NA,260,81
2007,3,17,3,-13.8,940.3,NA,240,81
2007,3,17,6,-13.9,939,NA,240,81
2007,3,17,9,-14.1,938.2,NA,240,81
2007,3,17,12,-13,939.2,NA,230,82
2007,3,17,15,-12.4,940.2,NA,270,80
2007,3,17,18,-12.1,940,NA,270,82
2007,3,17,21,-10.7,939.9,6,260,84
2007,3,18,0,-10.7,939.4,NA,240,84
2007,3,18,3,-11.3,938.5,NA,220,84
2007,3,18,6,-11.9,937.2,14,230,83
2007,3,18,9,-12.9,936.5,14,240,83
2007,3,18,12,-13,935.7,NA,220,82
2007,3,18,15,-13.7,934.8,11,230,82
2007,3,18,18,-14,934.3,NA,210,82
2007,3,18,21,-14.3,933.7,NA,220,81
2007,3,19,0,-14.3,932.4,7,240,81
2007,3,19,3,-15.4,931.2,5,260,80
2007,3,19,6,-15.8,930.3,NA,220,80
2007,3,19,9,-16.8,929.5,NA,250,79
2007,3,19,12,-16.1,927.9,NA,330,79
2007,3,19,15,-15.3,926.5,1,350,75
2007,3,19,18,-14.5,925.2,NA,330,52
2007,3,19,21,-13.4,924.2,NA,250,43
2007,3,20,0,-12.5,923.6,4,210,47
2007,3,20,3,-13,922.4,NA,240,40
2007,3,20,6,-11.3,922.3,NA,260,32
2007,3,20,9,-9,922.1,NA,40,38
2007,3,20,12,-9.5,921.4,5,0,32
2007,3,20,15,-9.8,921.4,NA,300,29
2007,3,20,18,-11.7,920.9,NA,250,37
2007,3,20,21,-10.4,920.7,NA,240,29
2007,3,21,0,-11.1,920.6,NA,10,31
2007,3,21,3,-11.3,920.2,NA,30,39
2007,3,21,6,-13.2,920.4,NA,30,46
2007,3,21,9,-14.6,920.5,NA,250,75
2007,3,21,12,-14.2,920.4,NA,0,80
2007,3,21,15,-13.6,920.1,3,30,81
2007,3,21,18,-15.2,919.8,2,240,80
2007,3,21,21,-15,920.1,2,240,80
2007,3,22,0,-15.2,920.4,6,250,80
2007,3,22,3,-15.4,921.2,6,250,80
2007,3,22,6,-15.3,922.5,2,240,80
2007,3,22,9,-15.5,923.4,3,240,80
2007,3,22,12,-16.1,924.9,3,240,79
2007,3,22,15,-15.5,926.4,2,250,79
2007,3,22,18,-15.5,927.5,1,260,80
2007,3,22,21,-15.3,928.5,NA,NA,80
2007,3,23,0,-13.9,929.1,NA,NA,81
2007,3,23,3,-14.1,929.3,NA,NA,81
2007,3,23,6,-14.5,929.5,NA,NA,81
2007,3,23,9,-15.2,929.7,NA,NA,80
2007,3,23,12,-15.1,929.7,NA,NA,80
2007,3,23,15,-14.3,929.4,3,40,81
2007,3,23,18,-14.5,928.4,2,10,81
2007,3,23,21,-14.5,927.8,3,20,81
2007,3,24,0,-14.4,927.2,NA,NA,81
2007,3,24,3,-13.4,925.9,NA,NA,82
2007,3,24,6,-13.1,924.8,NA,NA,82
2007,3,24,9,-13.6,922.9,NA,NA,82
2007,3,24,12,-15.9,920.9,NA,250,79
2007,3,24,15,-15.8,919.6,NA,240,79
2007,3,24,18,-17.2,917.1,NA,230,78
2007,3,24,21,-18.4,918,NA,NA,77
2007,3,25,0,-19,918.5,26,NA,76
2007,3,25,3,-18.9,920.1,NA,NA,76
2007,3,25,6,-18.5,922.4,NA,NA,75
2007,3,25,9,-18.2,924.5,40,NA,75
2007,3,25,12,-18.1,926.3,40,240,71
2007,3,25,15,-18,927.9,NA,NA,74
2007,3,25,18,-18.4,929.4,NA,NA,75
2007,3,25,21,-18.8,930.8,NA,NA,72
2007,3,26,0,-18.6,931.9,NA,200,76
2007,3,26,3,-18.2,931.5,NA,190,77
2007,3,26,6,-18.7,930.4,NA,350,76
2007,3,26,9,-17.2,929,NA,10,66
2007,3,26,12,-18.9,928,8,30,57
2007,3,26,15,-19.4,926.2,NA,260,61
2007,3,26,18,-19.4,925.4,NA,100,70
2007,3,26,21,-19.3,925.1,NA,240,75
2007,3,27,0,-20.2,926.3,NA,210,74
2007,3,27,3,-20.7,926.3,NA,200,74
2007,3,27,6,-20.8,925.9,NA,90,73
2007,3,27,9,-20.8,925.1,3,40,73
2007,3,27,12,-20.6,922.9,NA,40,74
2007,3,27,15,-20.2,920.3,NA,50,74
2007,3,27,18,-19.7,919.5,NA,130,75
2007,3,27,21,-20.4,918.3,NA,260,74
2007,3,28,0,-21.7,917.1,6,270,72
2007,3,28,3,-21.9,916.3,5,260,73
2007,3,28,6,-21.4,915.3,NA,270,73
2007,3,28,9,-21.4,914.1,2,260,73
2007,3,28,12,-21.3,913.9,3,250,73
2007,3,28,15,-20.9,913.8,3,250,73
2007,3,28,18,-20.9,914.4,3,230,73
2007,3,28,21,-22.4,914.7,6,220,72
2007,3,29,0,-22.5,916.3,NA,220,71
2007,3,29,3,-22.8,917.9,NA,240,71
2007,3,29,6,-22.6,920,NA,200,71
2007,3,29,9,-23.1,921.9,NA,250,71
2007,3,29,12,-22.5,923.2,NA,60,71
2007,3,29,15,-23,923.1,NA,50,70
2007,3,29,18,-24.7,924.2,4,310,69
2007,3,29,21,-23.5,926.4,NA,220,70
2007,3,30,0,-24.2,928.8,NA,230,69
2007,3,30,3,-24.1,929.7,NA,320,69
2007,3,30,6,-24.7,930.3,NA,230,69
2007,3,30,9,-24.7,931.3,NA,240,68
2007,3,30,12,-24.9,931.4,NA,0,68
2007,3,30,15,-23.7,931.2,NA,220,69
2007,3,30,18,-22.3,931.2,NA,220,71
2007,3,30,21,-20.5,931.5,NA,220,73
2007,3,31,0,-19.5,929.3,NA,240,71
2007,3,31,3,-19.9,931.4,NA,220,66
2007,3,31,6,-19.5,932.9,NA,240,51
2007,3,31,9,-19.7,933.6,NA,240,44
2007,3,31,12,-20.7,934.3,NA,230,60
2007,3,31,15,-20,934,NA,40,52
2007,3,31,18,-20.1,933.6,NA,40,71
2007,3,31,21,-20.7,933.6,NA,50,57
2007,4,1,0,-20.9,934.7,NA,240,70
2007,4,1,3,-20.9,935.4,NA,220,73
2007,4,1,6,-21.8,936.2,NA,240,72
2007,4,1,9,-22,936.7,NA,230,72
2007,4,1,12,-23.1,936.9,NA,290,71
2007,4,1,15,-23,937.4,NA,240,71
2007,4,1,18,-23.9,937.7,NA,260,70
2007,4,1,21,-23.1,938,NA,300,70
2007,4,2,0,-24.2,938.3,4,280,69
2007,4,2,3,-24.5,938.4,4,20,68
2007,4,2,6,-23.6,937.9,4,50,70
2007,4,2,9,-23.6,937.6,2,70,70
2007,4,2,12,-23,937.3,NA,NA,70
2007,4,2,15,-23,936.6,NA,240,70
2007,4,2,18,-23.3,935.9,NA,250,70
2007,4,2,21,-23.7,935.5,NA,240,70
2007,4,3,0,-22.8,934.7,NA,230,70
2007,4,3,3,-22.7,934.6,NA,240,71
2007,4,3,6,-23.4,933.7,NA,250,70
2007,4,3,9,-22.3,932.6,20,240,70
2007,4,3,12,-22.5,931,NA,240,71
2007,4,3,15,-22.2,929.2,NA,240,71
2007,4,3,18,-22.8,927.2,NA,NA,71
2007,4,3,21,-23.5,924.9,NA,NA,70
2007,4,4,0,-23.4,922.7,NA,NA,70
2007,4,4,3,-24.2,922.5,NA,NA,69
2007,4,4,6,-24.3,923.4,51,240,69
2007,4,4,9,-23.6,925.3,NA,NA,69
2007,4,4,12,-24,926.4,NA,NA,69
2007,4,4,15,-24.4,927.4,NA,NA,68
2007,4,4,18,-25,925.7,NA,NA,68
2007,4,4,21,-24.7,927.1,NA,NA,64
2007,4,5,0,-24.9,929.1,NA,230,64
2007,4,5,3,-24.6,929.6,NA,220,60
2007,4,5,6,-25.1,929.6,24,240,61
2007,4,5,9,-24.6,930.2,21,230,61
2007,4,5,12,-24.9,930.6,NA,230,68
2007,4,5,15,-25,930.5,NA,230,68
2007,4,5,18,-25,930,NA,210,68
2007,4,5,21,-25.1,929.5,NA,330,67
2007,4,6,0,-25,928.2,6,10,68
2007,4,6,3,-25.2,926.9,8,10,67
2007,4,6,6,-25.4,926.1,7,20,67
2007,4,6,9,-24.8,925,10,20,68
2007,4,6,12,-24.5,924,NA,50,68
2007,4,6,15,-24.5,922.4,NA,60,68
2007,4,6,18,-25.4,920.9,3,50,67
2007,4,6,21,-25,919.5,NA,20,69
2007,4,7,0,-21.6,918.1,7,30,71
2007,4,7,3,NA,917.5,NA,340,50
2007,4,7,6,-21.8,916.9,NA,20,51
2007,4,7,9,-20.2,916.8,NA,40,73
2007,4,7,12,-19.4,917.1,NA,30,74
2007,4,7,15,-18.8,918,NA,30,75
2007,4,7,18,-18.7,918.8,NA,40,75
2007,4,7,21,-18.7,920,NA,20,75
2007,4,8,0,-19.1,921.2,NA,0,75
2007,4,8,3,-19.7,921.9,2,120,75
2007,4,8,6,-20.3,922.8,1,90,74
2007,4,8,9,-20.8,923.4,1,30,73
2007,4,8,12,-21.1,923.8,NA,NA,73
2007,4,8,15,-21.5,924.1,NA,NA,72
2007,4,8,18,-21.4,923.8,1,NA,72
2007,4,8,21,-21.4,923.7,NA,NA,72
2007,4,9,0,-21.3,923.5,1,NA,73
2007,4,9,3,-21.3,923.3,NA,NA,73
2007,4,9,6,-21.1,922.5,1,90,73
2007,4,9,9,-21.2,921.8,1,NA,72
2007,4,9,12,-21.1,921,2,100,73
2007,4,9,15,-22.3,920.4,4,250,71
2007,4,9,18,-21.8,919.6,NA,250,72
2007,4,9,21,-21.8,919.6,6,240,72
2007,4,10,0,-21.2,920.2,5,230,73
2007,4,10,3,-21.1,919.8,8,230,73
2007,4,10,6,-20,920.7,NA,260,67
2007,4,10,9,-21.3,920.6,NA,230,72
2007,4,10,12,-21.1,921.1,28,230,70
2007,4,10,15,-20.7,920.3,NA,240,67
2007,4,10,18,-20.4,920.5,NA,NA,71
2007,4,10,21,-20.3,921.9,NA,NA,69
2007,4,11,0,-20.5,922.7,NA,NA,66
2007,4,11,3,-21.3,922.9,NA,230,66
2007,4,11,6,-21.2,924.2,NA,230,72
2007,4,11,9,-21.6,924.6,NA,20,72
2007,4,11,12,-21.7,925,NA,290,72
2007,4,11,15,-20.9,925.3,3,250,73
2007,4,11,18,-19.8,926.2,3,250,70
2007,4,11,21,-19,927.4,NA,NA,53
2007,4,12,0,-18.7,929,NA,250,54
2007,4,12,3,-18.9,930.3,NA,240,53
2007,4,12,6,-18.4,931.5,NA,230,48
2007,4,12,9,-18.9,932.6,NA,240,49
2007,4,12,12,-16.6,933.3,NA,220,43
2007,4,12,15,-18.7,933.6,NA,240,42
2007,4,12,18,-18.9,934.2,NA,250,56
2007,4,12,21,-17.6,936.5,NA,250,52
2007,4,13,0,-18,938.5,NA,260,39
2007,4,13,3,-16.3,938.8,NA,250,36
2007,4,13,6,-16.9,939.1,6,20,43
2007,4,13,9,-17,938.7,3,20,45
2007,4,13,12,-17.1,938.2,NA,80,49
2007,4,13,15,-16.5,937.7,NA,NA,45
2007,4,13,18,-16.5,937.6,1,30,47
2007,4,13,21,-17.4,937.2,3,50,48
2007,4,14,0,-16.8,936.4,5,20,48
2007,4,14,3,-14.5,936,NA,10,41
2007,4,14,6,-14.3,935.4,3,220,32
2007,4,14,9,-12,935,NA,20,29
2007,4,14,12,-13.6,933.7,NA,10,30
2007,4,14,15,-13.4,932.5,NA,10,27
2007,4,14,18,-14.1,931.8,NA,20,25
2007,4,14,21,-17.2,931,NA,40,35
2007,4,15,0,-17,930.2,NA,240,40
2007,4,15,3,-18.3,929.5,3,10,40
2007,4,15,6,-17.5,929.1,NA,220,36
2007,4,15,9,-17.9,929.1,5,250,35
2007,4,15,12,-19.3,928,NA,250,44
2007,4,15,15,-20.6,926.5,NA,240,54
2007,4,15,18,-21.9,926.2,NA,NA,62
2007,4,15,21,-23.9,925.8,NA,NA,67
2007,4,16,0,-23.8,925.8,NA,NA,68
2007,4,16,3,-24.3,924.9,NA,230,68
2007,4,16,6,-24.5,924.5,NA,230,55
2007,4,16,9,-24.9,924.5,NA,200,66
2007,4,16,12,-24.9,923,NA,260,66
2007,4,16,15,-25.5,921.8,NA,230,66
2007,4,16,18,-26,920.5,15,240,65
2007,4,16,21,-25.7,919.7,NA,50,61
2007,4,17,0,-25.5,918.3,NA,50,60
2007,4,17,3,-26.8,917.3,NA,110,64
2007,4,17,6,-28.1,916.4,NA,140,63
2007,4,17,9,-28.7,914.6,3,90,62
2007,4,17,12,-29.4,913.1,NA,80,61
2007,4,17,15,-30.4,911.3,NA,10,60
2007,4,17,18,-30.5,909.7,NA,360,60
2007,4,17,21,-31.2,909.2,3,30,59
2007,4,18,0,-29.7,908.7,6,NA,60
2007,4,18,3,-29.3,907.8,NA,NA,61
2007,4,18,6,-29.3,907.5,7,NA,61
2007,4,18,9,-29.3,906.8,NA,20,61
2007,4,18,12,-27.8,905.4,NA,290,62
2007,4,18,15,NA,903.8,2,300,71
2007,4,18,18,NA,903.1,2,290,42
2007,4,18,21,-20,902.9,NA,260,28
2007,4,19,0,NA,903.7,NA,270,NA
2007,4,19,3,NA,905.3,NA,230,61
2007,4,19,6,-24.5,907,NA,200,67
2007,4,19,9,-25.5,908.5,NA,210,66
2007,4,19,12,-26.2,909.9,NA,240,65
2007,4,19,15,-26.5,909.3,NA,220,65
2007,4,19,18,-25.7,905,NA,240,66
2007,4,19,21,-26.8,908,NA,240,64
2007,4,20,0,-27.6,909.9,NA,230,63
2007,4,20,3,-26.6,910.8,NA,250,64
2007,4,20,6,-25.6,916.7,NA,240,62
2007,4,20,9,-22.9,921.4,NA,230,45
2007,4,20,12,-22.8,921,NA,NA,46
2007,4,20,15,-22.1,921,NA,90,36
2007,4,20,18,-23.9,923.6,NA,240,34
2007,4,20,21,-23,920.6,NA,360,44
2007,4,21,0,-23.2,918.5,NA,40,55
2007,4,21,3,-23.3,917,NA,210,60
2007,4,21,6,NA,913.9,NA,30,33
2007,4,21,9,NA,911.4,NA,250,31
2007,4,21,12,NA,911.2,NA,240,45
2007,4,21,15,NA,909.2,NA,10,51
2007,4,21,18,-19.9,905.5,NA,340,41
2007,4,21,21,-18.4,904.9,NA,30,40
2007,4,22,0,NA,905.1,NA,220,50
2007,4,22,3,NA,905.1,NA,240,67
2007,4,22,6,-21.7,906,NA,250,46
2007,4,22,9,-20.8,905,NA,230,43
2007,4,22,12,-19,905,NA,240,32
2007,4,22,15,-18.1,905,NA,240,33
2007,4,22,18,-18.3,904.7,NA,240,39
2007,4,22,21,-16.2,904.9,NA,230,53
2007,4,23,0,-16.7,904.6,NA,220,62
2007,4,23,3,-15.8,905,NA,240,75
2007,4,23,6,-18,901.6,NA,250,75
2007,4,23,9,-18.6,902.2,NA,230,75
2007,4,23,12,-18.7,904.4,NA,260,73
2007,4,23,15,-19,905,NA,300,69
2007,4,23,18,-16.5,904.2,NA,340,49
2007,4,23,21,-18.7,905.3,NA,220,75
2007,4,24,0,-19.3,906,NA,NA,75
2007,4,24,3,-19.1,906.5,NA,230,75
2007,4,24,6,-16.6,905,NA,250,NA
2007,4,24,9,-16.9,904.5,NA,240,75
2007,4,24,12,-18.4,903.7,NA,240,75
2007,4,24,15,-21.3,911.2,NA,230,72
2007,4,24,18,-21.1,912.6,NA,240,72
2007,4,24,21,-20.4,913,NA,230,73
2007,4,25,0,-19.3,912.6,NA,240,73
2007,4,25,3,-17.9,908.6,NA,NA,66
2007,4,25,6,-17.7,906.6,NA,NA,72
2007,4,25,9,-16.2,905.1,NA,NA,77
2007,4,25,12,-17.2,902.5,NA,NA,75
2007,4,25,15,-17.7,905.9,NA,NA,75
2007,4,25,18,-15.4,910.2,NA,NA,77
2007,4,25,21,-13.5,919.4,NA,230,81
2007,4,26,0,-12.5,920.4,NA,240,82
2007,4,26,3,-11.9,924.3,NA,NA,83
2007,4,26,6,-11,924.7,NA,NA,83
2007,4,26,9,-10.2,927.7,52,NA,80
2007,4,26,12,-8.1,927.8,NA,250,55
2007,4,26,15,-12.4,927.6,NA,240,75
2007,4,26,18,NA,927.7,NA,240,64
2007,4,26,21,-15.6,927.6,NA,230,71
2007,4,27,0,-17.1,928.6,NA,240,77
2007,4,27,3,-17.8,930.5,NA,NA,76
2007,4,27,6,-18.3,931.8,NA,NA,75
2007,4,27,9,-18.6,931,NA,NA,76
2007,4,27,12,-19.2,933.3,NA,230,73
2007,4,27,15,-19.9,932.1,NA,NA,74
2007,4,27,18,-20.3,931.6,NA,NA,74
2007,4,27,21,-20.4,931.4,NA,NA,72
2007,4,28,0,-20.8,930.8,NA,NA,66
2007,4,28,3,-21.8,929.5,NA,240,72
2007,4,28,6,-21.8,929.6,NA,230,68
2007,4,28,9,-21.7,930,NA,230,71
2007,4,28,12,-21.7,929.2,NA,230,69
2007,4,28,15,-21.9,928.5,30,NA,72
2007,4,28,18,-21.8,927.1,32,NA,72
2007,4,28,21,-21.8,926.1,29,NA,72
2007,4,29,0,-21.9,926.1,NA,220,72
2007,4,29,3,-22.3,924.7,NA,230,71
2007,4,29,6,-23.1,923.3,NA,280,70
2007,4,29,9,-22.1,921.7,NA,60,71
2007,4,29,12,-22.5,920.4,6,40,71
2007,4,29,15,-23,920.3,8,20,70
2007,4,29,18,-22.9,921.4,NA,60,70
2007,4,29,21,-23.7,923.3,NA,280,70
2007,4,30,0,-23.5,925.9,2,NA,70
2007,4,30,3,-24,928.5,3,250,69
2007,4,30,6,-25.2,930.6,2,270,68
2007,4,30,9,-25,932.6,4,250,67
2007,4,30,12,-24.8,934.5,5,240,68
2007,4,30,15,-22.6,935.4,7,240,69
2007,4,30,18,-21.6,936.3,NA,230,72
2007,4,30,21,-17.8,936.6,NA,NA,40
2007,5,1,0,NA,939.3,NA,NA,42
2007,5,1,3,-13.6,937.8,NA,NA,43
2007,5,1,6,-15.1,935.2,NA,NA,53
2007,5,1,9,-16.1,934.5,NA,220,74
2007,5,1,12,-16.3,933.1,NA,230,77
2007,5,1,15,-16.6,931,NA,240,72
2007,5,1,18,-17.4,930,NA,250,77
2007,5,1,21,-16.6,928.2,NA,300,77
2007,5,2,0,-17.2,927.1,NA,NA,77
2007,5,2,3,-17.5,926.1,2,230,77
2007,5,2,6,-17.7,925.1,4,200,77
2007,5,2,9,-18,925.3,2,140,76
2007,5,2,12,-19.1,924,NA,220,76
2007,5,2,15,-18.9,924.6,NA,230,75
2007,5,2,18,-19.6,925.8,NA,240,75
2007,5,2,21,-20.1,926.9,NA,230,74
2007,5,3,0,-20.5,928,NA,230,73
2007,5,3,3,-21.2,928,NA,240,73
2007,5,3,6,-21.5,928.9,NA,250,72
2007,5,3,9,-21.6,928.8,NA,50,72
2007,5,3,12,-19,927.8,NA,30,75
2007,5,3,15,NA,926.2,NA,330,72
2007,5,3,18,-14.8,924.1,NA,0,46
2007,5,3,21,-12.4,922.5,NA,360,32
2007,5,4,0,-12.2,923.1,NA,280,28
2007,5,4,3,-13,924.7,NA,250,32
2007,5,4,6,-16.6,927.3,NA,250,36
2007,5,4,9,-17.3,928.7,NA,240,50
2007,5,4,12,NA,930.3,NA,220,56
2007,5,4,15,-14.7,930.9,NA,0,58
2007,5,4,18,-13.2,929.6,NA,250,54
2007,5,4,21,-12.6,929.5,NA,260,48
2007,5,5,0,-13.4,929.3,NA,240,50
2007,5,5,3,-12.6,927.1,NA,230,52
2007,5,5,6,-12.4,926.6,NA,NA,81
2007,5,5,9,-13.4,927.4,NA,NA,81
2007,5,5,12,-15.4,928.4,NA,NA,79
2007,5,5,15,-16.4,927.6,NA,220,78
2007,5,5,18,-16.7,928.3,NA,230,78
2007,5,5,21,-16.3,927.8,NA,250,78
2007,5,6,0,-15.1,926.2,NA,230,79
2007,5,6,3,-14,924.6,NA,230,80
2007,5,6,6,-13.7,922.9,NA,NA,81
2007,5,6,9,-14.5,922.5,32,NA,64
2007,5,6,12,-16.2,924.6,NA,230,69
2007,5,6,15,-15.8,925.6,NA,250,77
2007,5,6,18,-14.9,925.9,NA,100,55
2007,5,6,21,-16.3,926.1,NA,20,51
2007,5,7,0,-14.9,926.9,NA,360,57
2007,5,7,3,-15.1,928.4,NA,20,48
2007,5,7,6,-14.8,929.9,NA,270,52
2007,5,7,9,-14.8,930.6,NA,260,55
2007,5,7,12,-14.9,931.2,NA,30,56
2007,5,7,15,-17.1,931.5,NA,300,63
2007,5,7,18,-16.8,931.2,4,240,64
2007,5,7,21,-15.7,930.9,NA,230,52
2007,5,8,0,-15.7,930.9,NA,220,55
2007,5,8,3,-14,930.3,NA,NA,48
2007,5,8,6,-14.4,929,NA,30,49
2007,5,8,9,-14.8,927.5,NA,20,55
2007,5,8,12,-15.8,925.6,NA,40,49
2007,5,8,15,-13.6,923.4,NA,20,45
2007,5,8,18,-14.7,922.8,NA,20,45
2007,5,8,21,-12.9,923,NA,20,51
2007,5,9,0,-16.7,923.3,NA,260,56
2007,5,9,3,NA,921.3,NA,230,64
2007,5,9,6,-19,922.9,NA,NA,73
2007,5,9,9,-18.1,922.5,34,NA,73
2007,5,9,12,-18.1,922,35,NA,68
2007,5,9,15,-18.2,921.6,37,NA,68
2007,5,9,18,-18,921.3,NA,230,74
2007,5,9,21,-17.5,919.6,NA,220,76
2007,5,10,0,-17.3,919.1,NA,230,75
2007,5,10,3,-16.6,920.4,NA,240,72
2007,5,10,6,-16.9,920.2,NA,230,77
2007,5,10,9,-15,920.5,NA,240,73
2007,5,10,12,-16.3,920.9,21,230,75
2007,5,10,15,-15.7,920.9,NA,250,63
2007,5,10,18,-17.7,920.5,NA,250,72
2007,5,10,21,-16.6,919.9,NA,350,66
2007,5,11,0,-16.6,919.7,4,240,58
2007,5,11,3,-15.3,919.4,NA,260,57
2007,5,11,6,-14.5,919.1,NA,260,42
2007,5,11,9,-11.6,919.4,3,320,41
2007,5,11,12,-11.8,919.2,NA,230,34
2007,5,11,15,-11.8,920,NA,260,33
2007,5,11,18,-12.9,920.4,NA,260,45
2007,5,11,21,-12.1,921,6,300,45
2007,5,12,0,-15,921.8,NA,270,53
2007,5,12,3,-14.6,922.4,NA,260,47
2007,5,12,6,-15,923.1,1,260,53
2007,5,12,9,-15.2,924,NA,230,56
2007,5,12,12,-15.9,924.3,NA,20,52
2007,5,12,15,-18.3,924,NA,50,54
2007,5,12,18,-19.5,923.8,10,30,52
2007,5,12,21,-20.7,924,NA,40,59
2007,5,13,0,-20.5,923.8,NA,20,62
2007,5,13,3,-21.5,923.7,5,270,70
2007,5,13,6,-22.3,924,5,250,69
2007,5,13,9,-23.5,924.3,8,240,69
2007,5,13,12,-22.5,924.9,6,250,69
2007,5,13,15,-23.4,925.8,8,230,68
2007,5,13,18,-23.2,926.8,5,230,69
2007,5,13,21,-23.7,926.9,7,220,68
2007,5,14,0,-24.3,927.4,6,230,68
2007,5,14,3,-24.2,927,5,230,68
2007,5,14,6,-24.7,927,5,230,67
2007,5,14,9,-25.2,926.6,6,240,66
2007,5,14,12,-25.6,926.5,5,250,66
2007,5,14,15,-25.5,926.4,4,250,66
2007,5,14,18,-25.6,926.3,6,230,66
2007,5,14,21,-26,926.7,6,230,65
2007,5,15,0,-26.1,926.8,6,230,65
2007,5,15,3,-26.2,926.6,7,240,65
2007,5,15,6,-26.1,926.9,NA,250,65
2007,5,15,9,-26.2,926.6,5,260,65
2007,5,15,12,-26.3,925.8,8,NA,65
2007,5,15,15,-26.4,925.5,8,NA,65
2007,5,15,18,-26.3,925.3,NA,NA,65
2007,5,15,21,-26.2,926.2,NA,NA,65
2007,5,16,0,-25.9,927.2,NA,230,65
2007,5,16,3,-26.4,927,NA,NA,65
2007,5,16,6,-26.9,927.9,NA,NA,64
2007,5,16,9,-27.7,928.2,29,NA,63
2007,5,16,12,-28.5,928.6,NA,NA,62
2007,5,16,15,-28.4,929.5,32,NA,62
2007,5,16,18,-28.5,930.6,NA,NA,62
2007,5,16,21,-28.9,930.8,NA,240,62
2007,5,17,0,-29.1,930.5,NA,240,61
2007,5,17,3,-28.7,929.6,NA,280,61
2007,5,17,6,-29,927.5,NA,20,61
2007,5,17,9,-29.6,925.6,5,50,61
2007,5,17,12,-29.4,924.1,4,70,61
2007,5,17,15,-29.6,923.9,NA,0,61
2007,5,17,18,-29.7,924.3,1,280,60
2007,5,17,21,-30.3,925.7,3,270,61
2007,5,18,0,NA,927,NA,250,59
2007,5,18,3,-29.8,928.4,NA,250,60
2007,5,18,6,-29.3,929.6,10,250,61
2007,5,18,9,-29.2,930.6,NA,240,61
2007,5,18,12,-29.8,930.8,NA,250,60
2007,5,18,15,-29.8,931.1,11,250,60
2007,5,18,18,-29.2,931,NA,240,61
2007,5,18,21,-29.7,930.7,NA,240,60
2007,5,19,0,-29.7,930.2,NA,230,61
2007,5,19,3,-29.9,929.6,NA,230,60
2007,5,19,6,-29.7,928.4,NA,230,60
2007,5,19,9,-30.9,928.4,NA,260,59
2007,5,19,12,-29.6,927.8,NA,NA,60
2007,5,19,15,-30.5,927.2,NA,0,59
2007,5,19,18,-30.9,926.1,NA,NA,59
2007,5,19,21,-30.6,925.2,NA,NA,59
2007,5,20,0,-30.8,924.5,NA,NA,59
2007,5,20,3,-30.7,923.5,NA,NA,59
2007,5,20,6,-31.2,922.5,NA,NA,58
2007,5,20,9,-30,921.5,NA,NA,60
2007,5,20,12,-29.7,920.5,NA,NA,60
2007,5,20,15,-30.1,919.5,NA,NA,60
2007,5,20,18,-29.2,918.6,NA,NA,60
2007,5,20,21,-28.7,917.4,NA,230,62
2007,5,21,0,-27.5,917,NA,NA,63
2007,5,21,3,-25.8,915.7,NA,NA,65
2007,5,21,6,-23.9,913.6,NA,NA,67
2007,5,21,9,-22.9,910.7,NA,240,69
2007,5,21,12,-21.8,908.1,NA,240,70
2007,5,21,15,-20.3,908.3,NA,250,72
2007,5,21,18,-19,911.5,NA,240,72
2007,5,21,21,-18.3,915.5,NA,NA,73
2007,5,22,0,-15.5,920,NA,NA,53
2007,5,22,3,NA,921.4,NA,NA,35
2007,5,22,6,-12.3,924.7,NA,230,29
2007,5,22,9,-16.3,927.7,NA,230,46
2007,5,22,12,-15.2,929.8,NA,240,38
2007,5,22,15,-17.8,931.1,NA,320,52
2007,5,22,18,-17.6,933,NA,230,54
2007,5,22,21,-16.7,934.2,NA,260,46
2007,5,23,0,-15.6,935,NA,10,35
2007,5,23,3,-13.3,934.3,5,250,31
2007,5,23,6,-12.2,934,NA,290,24
2007,5,23,9,-12.9,933.8,NA,40,24
2007,5,23,12,-15,934.4,NA,10,30
2007,5,23,15,-15.1,933.8,NA,10,38
2007,5,23,18,-11.9,932.9,NA,350,33
2007,5,23,21,NA,932.7,NA,330,24
2007,5,24,0,-8.1,932.9,6,260,26
2007,5,24,3,-10.7,933,3,20,25
2007,5,24,6,-11.1,931.7,5,40,24
2007,5,24,9,-11.1,930.8,NA,260,26
2007,5,24,12,-8.6,930.6,7,250,25
2007,5,24,15,-8.3,930.1,NA,220,25
2007,5,24,18,-9.7,929.8,4,270,21
2007,5,24,21,-11.4,930.9,6,20,24
2007,5,25,0,NA,930.1,NA,270,25
2007,5,25,3,-7.8,930,NA,250,24
2007,5,25,6,-8.9,930.6,NA,250,21
2007,5,25,9,NA,931.7,NA,20,35
2007,5,25,12,-13.7,932.1,NA,350,43
2007,5,25,15,-11.7,930.9,NA,240,36
2007,5,25,18,-12.7,932.1,NA,240,40
2007,5,25,21,-12.6,932.3,NA,230,36
2007,5,26,0,-12.1,931.5,NA,240,28
2007,5,26,3,-12.8,930.7,NA,250,29
2007,5,26,6,-12.4,930,NA,220,29
2007,5,26,9,-11.9,930,NA,240,25
2007,5,26,12,-12.9,931,NA,260,28
2007,5,26,15,-12.8,930.4,NA,280,25
2007,5,26,18,-13.7,929.9,4,270,28
2007,5,26,21,-13,929.7,3,270,25
2007,5,27,0,-13.3,929.2,3,290,24
2007,5,27,3,-12.4,928.1,NA,250,26
2007,5,27,6,-11.5,927.9,NA,10,20
2007,5,27,9,-12.4,927.6,NA,0,20
2007,5,27,12,-11.1,926.6,NA,10,15
2007,5,27,15,-10.1,925.5,NA,350,17
2007,5,27,18,-11.5,924.2,NA,30,24
2007,5,27,21,-11.7,922.7,NA,30,20
2007,5,28,0,-10.2,921.4,NA,NA,19
2007,5,28,3,-10.5,920.7,NA,220,22
2007,5,28,6,NA,919.5,NA,250,30
2007,5,28,9,-14.3,920.3,NA,250,23
2007,5,28,12,-18.5,920.6,NA,250,36
2007,5,28,15,-17.8,920.4,NA,240,37
2007,5,28,18,-20.7,921.4,NA,240,52
2007,5,28,21,-21.8,922.4,NA,250,68
2007,5,29,0,-21.2,924.5,NA,240,68
2007,5,29,3,-21,925.1,NA,260,71
2007,5,29,6,-22.1,925.1,NA,260,70
2007,5,29,9,-22,925.7,NA,180,70
2007,5,29,12,-22.4,925.9,NA,260,70
2007,5,29,15,-22.9,925.9,2,250,69
2007,5,29,18,-23,925.7,4,270,69
2007,5,29,21,-21.1,926,2,30,70
2007,5,30,0,-20.6,926,2,360,72
2007,5,30,3,-20.5,926.3,2,290,67
2007,5,30,6,-20.1,926.6,3,290,49
2007,5,30,9,-19.1,927.2,4,220,41
2007,5,30,12,-19,927.6,1,310,42
2007,5,30,15,-18.8,927.6,1,70,42
2007,5,30,18,-18,927.6,2,NA,39
2007,5,30,21,-17.2,927.4,NA,250,41
2007,5,31,0,-16.4,927.5,NA,240,42
2007,5,31,3,-16.6,927.5,4,270,47
2007,5,31,6,-16.7,926.7,NA,250,48
2007,5,31,9,-18.9,926.1,NA,NA,54
2007,5,31,12,-18.2,924.2,NA,NA,72
2007,5,31,15,-16.7,922.6,NA,NA,75
2007,5,31,18,-14.7,919.1,NA,250,68
2007,5,31,21,-13.4,916.6,NA,240,66
2007,6,1,0,-12.7,914.9,NA,240,68
2007,6,1,3,-16,912.3,NA,230,78
2007,6,1,6,-16.2,913.2,58,240,77
2007,6,1,9,-17,914.3,55,230,76
2007,6,1,12,-15.6,915.1,NA,NA,77
2007,6,1,15,-15.1,915.7,54,NA,67
2007,6,1,18,-14.2,917.3,NA,NA,64
2007,6,1,21,-15.9,921,NA,220,62
2007,6,2,0,-15.8,921.6,NA,230,68
2007,6,2,3,-15.3,921.6,NA,230,53
2007,6,2,6,-17.7,923,NA,220,61
2007,6,2,9,-18.7,923.1,NA,140,63
2007,6,2,12,-18.2,922.1,NA,10,47
2007,6,2,15,-19.2,920.6,NA,30,44
2007,6,2,18,-18.9,919.4,NA,10,47
2007,6,2,21,-20.2,919.4,NA,0,47
2007,6,3,0,-19.9,918.9,NA,320,50
2007,6,3,3,-19.9,918.9,NA,0,60
2007,6,3,6,-20.9,919,2,210,62
2007,6,3,9,-20.4,918.9,3,40,52
2007,6,3,12,-22.6,919,NA,250,65
2007,6,3,15,-22.1,919.4,NA,240,64
2007,6,3,18,-22.1,919.6,NA,250,69
2007,6,3,21,-21.8,920.2,NA,280,70
2007,6,4,0,-22,919.8,NA,270,70
2007,6,4,3,-21.8,919.4,NA,NA,70
2007,6,4,6,-22.5,918.9,4,40,70
2007,6,4,9,-22.3,919,NA,70,70
2007,6,4,12,-23.6,919.3,NA,40,69
2007,6,4,15,-23.4,919.8,2,270,68
2007,6,4,18,-23.7,919.9,2,260,68
2007,6,4,21,-22.5,919.9,NA,NA,69
2007,6,5,0,-22.2,919.4,NA,NA,70
2007,6,5,3,-21.6,918.5,NA,NA,70
2007,6,5,6,-21.6,918.1,1,310,63
2007,6,5,9,-21.2,917.4,NA,NA,53
2007,6,5,12,-21.4,917.6,4,270,43
2007,6,5,15,-21.9,918.5,NA,250,45
2007,6,5,18,-21,919.1,7,230,44
2007,6,5,21,-21.4,918.6,6,250,46
2007,6,6,0,-20.1,918,NA,360,44
2007,6,6,3,-18.8,916.6,NA,10,37
2007,6,6,6,-18.7,915,NA,20,33
2007,6,6,9,-17.3,914.2,NA,360,32
2007,6,6,12,-18.2,915.2,NA,250,32
2007,6,6,15,-18.4,917.3,NA,240,32
2007,6,6,18,-18.7,918.9,NA,230,36
2007,6,6,21,-19.4,917.3,NA,240,49
2007,6,7,0,-18.1,914.8,NA,NA,71
2007,6,7,3,-16.2,917.4,NA,NA,71
2007,6,7,6,-15,918.3,NA,NA,69
2007,6,7,9,-12.2,913.7,NA,NA,64
2007,6,7,12,-13.5,913.8,NA,250,80
2007,6,7,15,-13.8,912.2,NA,250,79
2007,6,7,18,-15.5,915.7,NA,240,78
2007,6,7,21,-15.6,915.8,NA,NA,78
2007,6,8,0,-14.3,913.8,NA,NA,79
2007,6,8,3,-13.7,913.6,NA,NA,80
2007,6,8,6,-13.7,915.9,NA,NA,80
2007,6,8,9,-13.5,914.8,NA,NA,80
2007,6,8,12,-15,913,NA,NA,78
2007,6,8,15,-15.7,918.6,51,NA,79
2007,6,8,18,-14.3,919.3,NA,NA,65
2007,6,8,21,-12.8,919.5,47,240,44
2007,6,9,0,-14.8,922.4,NA,240,54
2007,6,9,3,-14.1,923.4,NA,250,42
2007,6,9,6,-12.5,922.7,NA,NA,35
2007,6,9,9,-11.6,921.3,NA,0,29
2007,6,9,12,-13.6,921.5,NA,330,32
2007,6,9,15,NA,922,NA,250,46
2007,6,9,18,NA,923.5,NA,240,56
2007,6,9,21,-20.9,922.7,NA,230,70
2007,6,10,0,-21,923.3,NA,230,60
2007,6,10,3,-22.4,927.7,NA,240,67
2007,6,10,6,-22.6,926.7,NA,240,69
2007,6,10,9,-22.3,929.4,NA,240,63
2007,6,10,12,-21.4,930,NA,230,61
2007,6,10,15,-20,929.7,NA,240,55
2007,6,10,18,-19.3,926.9,NA,NA,50
2007,6,10,21,-18.2,925.4,NA,NA,52
2007,6,11,0,-15.5,920.2,NA,NA,54
2007,6,11,3,-15.1,919.7,NA,NA,47
2007,6,11,6,-17.4,919,NA,230,66
2007,6,11,9,-15.8,917.6,NA,250,67
2007,6,11,12,-13.9,916.3,NA,240,45
2007,6,11,15,-14.8,916.1,NA,230,50
2007,6,11,18,-15.2,914.1,NA,220,52
2007,6,11,21,-16.4,912.6,NA,10,53
2007,6,12,0,-17.1,911.8,NA,140,70
2007,6,12,3,-18.1,910.8,NA,60,61
2007,6,12,6,-18.9,910.7,NA,20,69
2007,6,12,9,-19.3,911.4,NA,270,73
2007,6,12,12,-19.6,912.9,NA,230,73
2007,6,12,15,-20.3,914.5,NA,230,73
2007,6,12,18,-21.1,916.9,NA,240,71
2007,6,12,21,-21.3,919.1,14,240,71
2007,6,13,0,-21.2,921,11,NA,71
2007,6,13,3,-21.6,921,10,NA,71
2007,6,13,6,-21.3,921.2,10,250,71
2007,6,13,9,-21.1,921.5,NA,NA,71
2007,6,13,12,-20.5,921.5,NA,NA,72
2007,6,13,15,-20.3,921.4,16,NA,72
2007,6,13,18,-19.3,921.6,17,240,73
2007,6,13,21,-18.6,922,17,230,75
2007,6,14,0,-18.8,921.6,17,230,74
2007,6,14,3,-19.4,921.6,NA,240,73
2007,6,14,6,-20.7,922.5,NA,240,70
2007,6,14,9,-21.1,922.7,NA,240,71
2007,6,14,12,-20.5,923.1,NA,230,72
2007,6,14,15,-20,922.9,NA,240,72
2007,6,14,18,-21.3,925.5,NA,230,71
2007,6,14,21,-21.9,927,NA,240,71
2007,6,15,0,-21.2,927.3,NA,20,66
2007,6,15,3,-21.6,927.3,NA,30,66
2007,6,15,6,-21.2,927.4,6,10,54
2007,6,15,9,-22,927.1,NA,30,57
2007,6,15,12,-23.7,927.4,4,60,66
2007,6,15,15,-23.7,927.3,6,40,69
2007,6,15,18,-23.6,927.3,6,30,67
2007,6,15,21,-23,927.6,9,60,64
2007,6,16,0,-24.9,927.9,8,30,NA
2007,6,16,3,-24,927.7,8,50,68
2007,6,16,6,-25.6,928.6,NA,0,67
2007,6,16,9,-25.2,929.4,NA,250,66
2007,6,16,12,-25.6,930.6,NA,260,66
2007,6,16,15,-26.3,931.5,7,250,64
2007,6,16,18,-25.9,931.4,NA,240,65
2007,6,16,21,-25.9,932.1,NA,250,65
2007,6,17,0,-25.6,932.9,NA,260,65
2007,6,17,3,-25,932.6,13,250,66
2007,6,17,6,-24.8,933.9,NA,360,64
2007,6,17,9,-23,934.3,NA,260,59
2007,6,17,12,-21.8,935.3,NA,270,54
2007,6,17,15,-19.3,935.1,NA,250,37
2007,6,17,18,-22.7,934.1,NA,250,50
2007,6,17,21,NA,930.8,NA,250,54
2007,6,18,0,-18,928.1,NA,240,44
2007,6,18,3,-20.1,929.7,NA,230,71
2007,6,18,6,-18.8,927.3,NA,240,71
2007,6,18,9,-18.9,928.9,NA,230,70
2007,6,18,12,-18.2,928.2,NA,240,59
2007,6,18,15,-17.1,926.5,NA,240,45
2007,6,18,18,-19.5,925.4,NA,230,48
2007,6,18,21,-20.3,926.9,NA,230,55
2007,6,19,0,-20.2,926.3,NA,NA,53
2007,6,19,3,-21.7,927.3,39,NA,51
2007,6,19,6,-22,927.1,NA,NA,61
2007,6,19,9,-22.2,928.2,NA,230,54
2007,6,19,12,-21.5,931.5,NA,240,47
2007,6,19,15,-21.8,931.2,NA,230,60
2007,6,19,18,-22.3,929.2,40,230,61
2007,6,19,21,-20.7,929.4,NA,240,49
2007,6,20,0,-20,929.1,NA,NA,45
2007,6,20,3,-21.4,929.5,NA,NA,66
2007,6,20,6,-19.3,926.5,NA,NA,48
2007,6,20,9,-18.8,923.9,NA,NA,43
2007,6,20,12,-18.5,922.3,NA,250,45
2007,6,20,15,-17.3,916.9,NA,240,43
2007,6,20,18,-16,916.7,NA,250,45
2007,6,20,21,-15.1,912.1,NA,240,41
2007,6,21,0,-15.8,911.2,NA,240,37
2007,6,21,3,-17.7,908.3,NA,10,39
2007,6,21,6,-18.4,906.1,NA,100,57
2007,6,21,9,-20.6,906.7,NA,220,59
2007,6,21,12,-20.6,905.7,NA,270,69
2007,6,21,15,-22.4,904.8,NA,260,70
2007,6,21,18,-22.5,903.5,NA,360,69
2007,6,21,21,-22.3,902.5,4,290,69
2007,6,22,0,-17.9,903.1,5,310,41
2007,6,22,3,NA,904.6,2,80,25
2007,6,22,6,-16.2,908.2,NA,260,27
2007,6,22,9,-17,912.2,NA,240,49
2007,6,22,12,-16.5,917.1,NA,240,66
2007,6,22,15,-16.9,921.3,NA,250,66
2007,6,22,18,-16.6,924.2,NA,230,41
2007,6,22,21,-16.7,927.3,NA,220,68
2007,6,23,0,-17.2,931.1,NA,230,75
2007,6,23,3,-18,931.5,NA,240,75
2007,6,23,6,-21.6,933.8,NA,220,71
2007,6,23,9,-21.9,933.4,NA,240,70
2007,6,23,12,-22.3,932.8,NA,230,69
2007,6,23,15,-22,932.3,NA,240,69
2007,6,23,18,-22.5,933.8,NA,230,70
2007,6,23,21,-23.1,934.9,NA,220,69
2007,6,24,0,-23.7,936.6,NA,230,68
2007,6,24,3,-24.4,936.3,NA,240,67
2007,6,24,6,-25.9,936.4,NA,230,65
2007,6,24,9,-25.6,937.2,NA,230,65
2007,6,24,12,-26.8,936.8,NA,230,64
2007,6,24,15,-26.8,936,NA,250,64
2007,6,24,18,-26.7,935.8,NA,0,64
2007,6,24,21,-26.4,934.2,NA,60,64
2007,6,25,0,-26.7,932.4,NA,30,64
2007,6,25,3,-26.8,932.2,5,30,64
2007,6,25,6,-26.8,931.5,7,30,64
2007,6,25,9,-28.5,931.1,5,210,61
2007,6,25,12,-28.7,930.9,NA,240,61
2007,6,25,15,-27.6,930.9,4,20,62
2007,6,25,18,-27.6,931.2,1,280,63
2007,6,25,21,-27.1,931.7,3,50,63
2007,6,26,0,-27.9,932.2,4,40,62
2007,6,26,3,-27.3,932.6,3,40,63
2007,6,26,6,-23.3,933.2,NA,10,68
2007,6,26,9,NA,932,NA,310,69
2007,6,26,12,-24.6,929.2,NA,220,67
2007,6,26,15,-25.2,926.8,NA,0,66
2007,6,26,18,-24.2,924.1,NA,130,67
2007,6,26,21,-24.7,922.9,2,NA,67
2007,6,27,0,-24.6,921.6,NA,NA,66
2007,6,27,3,-23.8,921.8,4,250,67
2007,6,27,6,NA,922.8,NA,240,67
2007,6,27,9,-23.5,922.8,NA,240,52
2007,6,27,12,-24.7,922.5,NA,240,56
2007,6,27,15,-25.5,922.1,NA,230,51
2007,6,27,18,-25.4,921.3,NA,240,49
2007,6,27,21,-25.1,920.9,NA,NA,47
2007,6,28,0,-26,920.2,NA,250,51
2007,6,28,3,-25.2,920.7,NA,270,54
2007,6,28,6,-24.8,921.7,NA,0,66
2007,6,28,9,-25.6,923.1,4,250,65
2007,6,28,12,-25.6,925.5,3,280,64
2007,6,28,15,-26.5,927,NA,260,64
2007,6,28,18,-25.8,928.3,NA,0,64
2007,6,28,21,-27.9,928.9,NA,280,62
2007,6,29,0,-29.1,929.2,NA,250,61
2007,6,29,3,-30.4,929.5,NA,250,59
2007,6,29,6,-31.1,929.6,NA,240,58
2007,6,29,9,-32,930,NA,NA,57
2007,6,29,12,-32.8,931.3,14,NA,57
2007,6,29,15,-32.9,932.2,NA,NA,56
2007,6,29,18,-33.2,933.4,14,NA,56
2007,6,29,21,-33.8,934.6,15,NA,55
2007,6,30,0,-31.5,935.7,NA,350,56
2007,6,30,3,-31.7,936.2,NA,30,58
2007,6,30,6,-31.9,935.3,NA,240,57
2007,6,30,9,-32.9,936.1,NA,230,56
2007,6,30,12,-33.7,936.6,NA,230,56
2007,6,30,15,-33.7,936.5,NA,220,55
2007,6,30,18,-33.2,934.9,NA,240,55
2007,6,30,21,-31.2,932.5,NA,220,51
2007,7,1,0,-29.2,930.8,NA,230,NA
2007,7,1,3,-28.1,929.3,NA,350,25
2007,7,1,6,-27.3,926.7,NA,NA,22
2007,7,1,9,-25.5,924.6,NA,0,21
2007,7,1,12,-25.2,922.1,NA,0,21
2007,7,1,15,-24.8,919.5,NA,280,20
2007,7,1,18,-25.5,916.7,NA,30,21
2007,7,1,21,-26.1,915.8,NA,80,23
2007,7,2,0,-29.6,915.7,NA,270,34
2007,7,2,3,-25.2,917.1,NA,260,29
2007,7,2,6,-29.6,918.2,NA,240,37
2007,7,2,9,-28.6,919.8,NA,240,38
2007,7,2,12,-30.3,922.9,11,230,51
2007,7,2,15,-26.7,926.3,13,250,58
2007,7,2,18,-26.5,928.1,NA,240,53
2007,7,2,21,-24.8,928.8,NA,240,39
2007,7,3,0,-23.9,929.7,NA,230,29
2007,7,3,3,-23,929,25,240,28
2007,7,3,6,-21.1,928.4,NA,250,27
2007,7,3,9,-21,927.3,NA,230,26
2007,7,3,12,-23.9,923.7,NA,250,38
2007,7,3,15,-21.2,921.7,NA,230,63
2007,7,3,18,-20.1,919.8,NA,230,70
2007,7,3,21,-19.8,917.1,NA,240,72
2007,7,4,0,-21,921.7,56,230,71
2007,7,4,3,-21.7,922.3,NA,240,70
2007,7,4,6,-21.7,922.4,NA,230,70
2007,7,4,9,-22.2,922.3,NA,230,70
2007,7,4,12,-21.6,922.1,NA,230,65
2007,7,4,15,-22.8,920.2,NA,270,47
2007,7,4,18,-21.4,918.9,NA,NA,38
2007,7,4,21,-21.3,917.6,NA,10,37
2007,7,5,0,-22.6,916.7,NA,20,39
2007,7,5,3,-23,917,NA,20,38
2007,7,5,6,-23.4,918.1,NA,280,46
2007,7,5,9,-26.2,920,6,250,61
2007,7,5,12,-24.3,922.1,3,70,58
2007,7,5,15,-25.7,924.3,3,280,63
2007,7,5,18,-24.4,926.5,2,NA,64
2007,7,5,21,-25.9,928.8,4,270,56
2007,7,6,0,-26.2,929.6,NA,250,64
2007,7,6,3,-25,930.5,NA,240,65
2007,7,6,6,-24.8,930.7,NA,230,66
2007,7,6,9,-23.6,930,NA,240,60
2007,7,6,12,-24.1,930.4,NA,240,65
2007,7,6,15,-24.5,928.7,NA,240,66
2007,7,6,18,-23.7,926.1,NA,10,54
2007,7,6,21,-22.8,922.6,NA,40,44
2007,7,7,0,-24,919.3,NA,10,44
2007,7,7,3,-24.4,916.7,NA,NA,48
2007,7,7,6,-24.6,916.3,5,NA,48
2007,7,7,9,-24.8,917.3,NA,310,65
2007,7,7,12,-24.3,917.8,NA,300,66
2007,7,7,15,-26.9,919.3,NA,270,65
2007,7,7,18,-26.6,921,NA,250,63
2007,7,7,21,-26,922.6,NA,230,64
2007,7,8,0,-27.1,923.5,NA,230,63
2007,7,8,3,-27,925.1,NA,230,63
2007,7,8,6,-26.3,926.2,NA,NA,58
2007,7,8,9,-25.8,927.5,NA,NA,57
2007,7,8,12,-25.4,928.3,NA,240,53
2007,7,8,15,-25.4,928.2,NA,240,52
2007,7,8,18,-25.7,927.7,NA,250,46
2007,7,8,21,-24.8,926.5,NA,60,44
2007,7,9,0,-25.6,922.7,NA,20,51
2007,7,9,3,-25.3,919.4,NA,350,44
2007,7,9,6,-20.7,915.1,NA,0,35
2007,7,9,9,-21.8,911.4,NA,270,28
2007,7,9,12,NA,911.2,NA,250,59
2007,7,9,15,NA,911.3,NA,180,61
2007,7,9,18,-27.3,911,NA,20,61
2007,7,9,21,-29,912.9,2,310,61
2007,7,10,0,-29.4,915.7,NA,230,59
2007,7,10,3,-28.3,920.3,NA,230,61
2007,7,10,6,-29.1,921.9,NA,250,60
2007,7,10,9,-28.8,923.2,NA,240,60
2007,7,10,12,-29.3,925.8,NA,240,60
2007,7,10,15,-29.1,927.5,NA,230,60
2007,7,10,18,-29.4,927.7,NA,240,60
2007,7,10,21,-27.8,929.3,NA,230,54
2007,7,11,0,-27.3,930.6,NA,230,50
2007,7,11,3,-27.4,932.8,NA,240,45
2007,7,11,6,-28,935.4,NA,230,47
2007,7,11,9,-28.3,937.4,NA,250,51
2007,7,11,12,-29,937.3,NA,240,60
2007,7,11,15,-29.3,938.4,NA,270,59
2007,7,11,18,-30.3,937.4,NA,230,59
2007,7,11,21,-30.8,937,8,240,58
2007,7,12,0,-29.9,936.1,NA,260,59
2007,7,12,3,-31.2,935.2,NA,240,58
2007,7,12,6,-31.4,935.1,NA,230,57
2007,7,12,9,-31.6,935.3,NA,230,57
2007,7,12,12,-31.8,935.3,NA,230,57
2007,7,12,15,-31.9,935.5,NA,220,57
2007,7,12,18,-32,936,19,230,57
2007,7,12,21,-32.5,935.6,NA,240,56
2007,7,13,0,-33.1,935.3,NA,240,56
2007,7,13,3,-33.3,935,22,230,55
2007,7,13,6,-33.3,934.4,NA,230,55
2007,7,13,9,-33.4,934.7,NA,230,55
2007,7,13,12,-33,934.6,NA,240,56
2007,7,13,15,-32.1,933.1,NA,240,56
2007,7,13,18,-31.4,932,NA,240,56
2007,7,13,21,-29.4,930.4,NA,230,51
2007,7,14,0,-28.7,930.3,37,240,40
2007,7,14,3,-26.8,929.1,NA,250,36
2007,7,14,6,-25.9,924.7,NA,240,35
2007,7,14,9,-25.6,924.9,NA,230,32
2007,7,14,12,-24.9,923.3,NA,240,34
2007,7,14,15,-23.9,920.5,NA,230,36
2007,7,14,18,-23.3,920,NA,240,37
2007,7,14,21,-22.6,918.9,NA,250,36
2007,7,15,0,-22.3,917.4,28,240,37
2007,7,15,3,-21.6,916.8,NA,220,33
2007,7,15,6,-21.4,916.7,NA,230,33
2007,7,15,9,-21.3,915.7,NA,250,36
2007,7,15,12,-20.4,915.9,NA,240,42
2007,7,15,15,-19.8,916.6,NA,250,49
2007,7,15,18,-19.2,917.5,NA,240,43
2007,7,15,21,-18,919.9,NA,240,51
2007,7,16,0,-16.4,922.5,NA,240,60
2007,7,16,3,-15.9,925.9,NA,250,68
2007,7,16,6,-15.4,928.6,NA,230,72
2007,7,16,9,-14.3,932.5,45,240,67
2007,7,16,12,-15.5,936.7,45,230,67
2007,7,16,15,-13.6,940.5,NA,240,67
2007,7,16,18,-13.4,942.1,42,230,66
2007,7,16,21,-16.1,945,NA,230,71
2007,7,17,0,-15.1,947.2,NA,240,73
2007,7,17,3,-14,948.5,NA,260,53
2007,7,17,6,-13,948.8,NA,250,45
2007,7,17,9,-12.1,949,NA,30,37
2007,7,17,12,-9.7,948.6,7,270,26
2007,7,17,15,-10.2,947.4,NA,20,24
2007,7,17,18,-9,945.6,NA,20,20
2007,7,17,21,-9.5,944.6,NA,0,18
2007,7,18,0,-8.1,943.2,NA,300,17
2007,7,18,3,-11.3,941.2,NA,260,26
2007,7,18,6,NA,941.6,NA,250,24
2007,7,18,9,-8.5,943.4,NA,290,22
2007,7,18,12,-8.6,941.7,NA,10,25
2007,7,18,15,-8.2,939.5,NA,30,28
2007,7,18,18,-8.5,937,NA,0,28
2007,7,18,21,-8.4,934.3,NA,250,27
2007,7,19,0,-4.6,931.9,NA,270,31
2007,7,19,3,NA,928.7,NA,250,36
2007,7,19,6,NA,925.8,NA,270,43
2007,7,19,9,NA,925.8,NA,230,44
2007,7,19,12,-14,926,NA,270,54
2007,7,19,15,-15.5,925.8,NA,270,66
2007,7,19,18,NA,925.7,NA,240,64
2007,7,19,21,-20,926,NA,230,70
2007,7,20,0,-21.7,927.3,NA,220,69
2007,7,20,3,-22.4,929.2,NA,220,69
2007,7,20,6,-23.1,931.2,NA,220,69
2007,7,20,9,-23.8,931.1,NA,230,68
2007,7,20,12,-24.3,930,5,240,67
2007,7,20,15,-24.7,929.3,3,260,66
2007,7,20,18,-24.3,928.3,5,30,67
2007,7,20,21,-25.5,928.5,5,20,65
2007,7,21,0,-24.8,928.9,5,10,66
2007,7,21,3,-25.1,929.7,1,310,65
2007,7,21,6,-25.8,930.5,4,230,65
2007,7,21,9,-26.1,930.8,NA,240,64
2007,7,21,12,-26.4,930.8,NA,240,63
2007,7,21,15,-26.2,932,NA,230,64
2007,7,21,18,-26.6,931.9,NA,240,63
2007,7,21,21,-27.5,932.1,NA,230,63
2007,7,22,0,-28.4,933.2,NA,NA,61
2007,7,22,3,-29.5,931.4,NA,NA,60
2007,7,22,6,-29.7,928.3,NA,NA,60
2007,7,22,9,-27.8,931,52,240,61
2007,7,22,12,-27.1,927.4,NA,NA,62
2007,7,22,15,-25.1,927.4,NA,NA,65
2007,7,22,18,-24.4,924.6,NA,NA,67
2007,7,22,21,-24.3,925.5,NA,250,66
2007,7,23,0,-23.2,925.8,NA,240,67
2007,7,23,3,-23.3,928.8,NA,240,67
2007,7,23,6,-22.7,928.8,NA,NA,68
2007,7,23,9,-21.9,932,NA,NA,70
2007,7,23,12,-21.6,936.6,NA,NA,70
2007,7,23,15,-21.8,936.3,NA,250,70
2007,7,23,18,-21.5,939.3,NA,NA,70
2007,7,23,21,-22.3,939.4,NA,NA,70
2007,7,24,0,-22,940.6,NA,NA,70
2007,7,24,3,-21.7,941.6,NA,NA,70
2007,7,24,6,-21.5,942.2,NA,NA,70
2007,7,24,9,-21.8,943.9,NA,230,70
2007,7,24,12,-21,943.6,NA,250,71
2007,7,24,15,-21.2,943.5,NA,NA,71
2007,7,24,18,-20.9,942.6,NA,NA,71
2007,7,24,21,-20.9,944,NA,230,71
2007,7,25,0,-21.2,944.7,NA,NA,71
2007,7,25,3,-20.3,943.7,NA,NA,72
2007,7,25,6,-19.7,943.9,NA,NA,72
2007,7,25,9,-19.8,944.6,NA,NA,73
2007,7,25,12,-18.6,948.1,56,NA,73
2007,7,25,15,-17.3,949.2,NA,230,71
2007,7,25,18,-15.3,950.3,NA,NA,60
2007,7,25,21,-14.2,950.8,NA,NA,56
2007,7,26,0,-13.6,950.7,NA,NA,61
2007,7,26,3,-15.3,950.6,NA,NA,71
2007,7,26,6,-17.6,949.2,NA,240,72
2007,7,26,9,-15.7,949.2,NA,240,65
2007,7,26,12,-14.4,948.9,NA,210,44
2007,7,26,15,-16.4,947.5,NA,240,50
2007,7,26,18,-14.9,945.9,NA,230,47
2007,7,26,21,-17.6,945.5,NA,240,52
2007,7,27,0,NA,945.5,NA,240,64
2007,7,27,3,-21.4,946.1,NA,250,69
2007,7,27,6,-18.6,947.2,NA,250,71
2007,7,27,9,-21.2,947,NA,220,52
2007,7,27,12,-20.7,945.4,NA,250,50
2007,7,27,15,-20.9,944.8,NA,240,54
2007,7,27,18,-21.4,944.6,NA,240,51
2007,7,27,21,-20.4,942,NA,230,43
2007,7,28,0,-23,944.4,NA,240,42
2007,7,28,3,-21.4,945.6,NA,260,47
2007,7,28,6,-24.3,945.3,NA,230,55
2007,7,28,9,-24.9,946.4,NA,210,57
2007,7,28,12,-25.5,946.5,NA,220,62
2007,7,28,15,-27,947.8,NA,230,62
2007,7,28,18,-27.2,948.8,NA,220,62
2007,7,28,21,-26.8,949.1,NA,230,63
2007,7,29,0,-26.1,949.6,NA,230,63
2007,7,29,3,-25.2,950.7,24,240,61
2007,7,29,6,-23.8,951.5,NA,250,65
2007,7,29,9,NA,952.1,NA,260,55
2007,7,29,12,-20.4,951.4,NA,30,47
2007,7,29,15,-21.3,950.7,NA,260,53
2007,7,29,18,-22.6,949.2,NA,250,63
2007,7,29,21,-22.2,948.3,NA,210,63
2007,7,30,0,-23.5,946.6,NA,220,68
2007,7,30,3,-23.8,943.6,NA,250,67
2007,7,30,6,-23.6,943.9,NA,240,60
2007,7,30,9,-24,942.1,NA,230,65
2007,7,30,12,-23.5,937.4,NA,240,63
2007,7,30,15,-23.3,940.1,NA,230,62
2007,7,30,18,-20.9,938.1,NA,240,47
2007,7,30,21,-18.8,935,NA,250,39
2007,7,31,0,-17.7,936.3,NA,250,37
2007,7,31,3,-19.3,940,NA,230,43
2007,7,31,6,-20.3,943.1,NA,220,41
2007,7,31,9,-17.6,941.8,NA,270,31
2007,7,31,12,-16.4,940.2,NA,330,26
2007,7,31,15,-15.3,938.5,NA,20,23
2007,7,31,18,-14.4,938.4,7,260,19
2007,7,31,21,-16.5,940.8,NA,240,26
2007,8,1,0,NA,940.6,NA,240,45
2007,8,1,3,-18.1,944.6,NA,230,38
2007,8,1,6,-19.1,946.1,NA,230,43
2007,8,1,9,NA,947.4,NA,240,31
2007,8,1,12,NA,949.8,NA,240,26
2007,8,1,15,NA,949.6,NA,10,21
2007,8,1,18,-10,947.8,NA,270,21
2007,8,1,21,-10.4,947.5,NA,250,20
2007,8,2,0,NA,949.2,NA,240,36
2007,8,2,3,NA,946.1,NA,230,46
2007,8,2,6,-16.7,951.4,NA,260,53
2007,8,2,9,-16.7,954.8,NA,40,48
2007,8,2,12,-16.8,953.6,NA,40,54
2007,8,2,15,-18.7,953.1,NA,280,68
2007,8,2,18,-16.6,950.5,NA,280,54
2007,8,2,21,NA,947.7,5,NA,34
2007,8,3,0,NA,945.1,NA,10,17
2007,8,3,3,NA,940.4,NA,0,13
2007,8,3,6,-3.1,934.2,NA,270,13
2007,8,3,9,-1.7,927.8,NA,240,11
2007,8,3,12,-0.7,921.9,NA,210,15
2007,8,3,15,NA,917,NA,80,31
2007,8,3,18,-6.2,914.4,NA,230,40
2007,8,3,21,NA,910.6,NA,230,47
2007,8,4,0,NA,912,NA,240,54
2007,8,4,3,NA,910.3,NA,220,61
2007,8,4,6,NA,911.6,NA,240,66
2007,8,4,9,-23.9,912.6,NA,250,65
2007,8,4,12,-22.1,913.1,NA,240,56
2007,8,4,15,NA,912.8,NA,230,30
2007,8,4,18,-17.8,913.4,NA,240,28
2007,8,4,21,-21.9,914.3,NA,220,55
2007,8,5,0,-21.2,913.5,NA,250,54
2007,8,5,3,-19.3,916,NA,240,49
2007,8,5,6,-21,916.9,NA,240,64
2007,8,5,9,-20.5,917.2,NA,230,57
2007,8,5,12,-22.6,917.4,NA,230,66
2007,8,5,15,-22.8,916.8,NA,230,65
2007,8,5,18,-23,917.4,NA,240,54
2007,8,5,21,-24,917.5,NA,230,55
2007,8,6,0,-24.6,918,NA,230,59
2007,8,6,3,-23.3,918.8,24,240,49
2007,8,6,6,-23.6,919.2,NA,240,48
2007,8,6,9,-23.7,919.8,NA,20,46
2007,8,6,12,-24,920.2,NA,NA,38
2007,8,6,15,-24.5,921,NA,240,41
2007,8,6,18,-25.7,922.1,NA,10,55
2007,8,6,21,-26,922.9,NA,30,52
2007,8,7,0,-26.1,924.3,2,20,57
2007,8,7,3,-25.9,925.3,1,300,56
2007,8,7,6,-26.2,925.8,4,10,51
2007,8,7,9,-26.6,926.3,NA,30,60
2007,8,7,12,-26.4,926.2,7,60,62
2007,8,7,15,-26.5,925.4,7,40,62
2007,8,7,18,-26.9,924.3,3,350,62
2007,8,7,21,-26.5,922.9,3,250,62
2007,8,8,0,-23.5,921.9,4,350,64
2007,8,8,3,-23.6,920.5,4,NA,52
2007,8,8,6,-22.8,920,7,260,40
2007,8,8,9,-23.2,919.7,7,240,36
2007,8,8,12,-25,919.8,NA,250,51
2007,8,8,15,-24.8,920,NA,200,35
2007,8,8,18,-26.4,919.5,NA,70,49
2007,8,8,21,-27.7,919,NA,210,57
2007,8,9,0,-27.7,918.5,NA,60,60
2007,8,9,3,-28,917.7,2,290,60
2007,8,9,6,-28.5,916.9,1,80,60
2007,8,9,9,-28.3,916.4,NA,80,60
2007,8,9,12,-28.3,916.3,NA,60,60
2007,8,9,15,-28.3,916.6,7,50,60
2007,8,9,18,-28.5,917.3,NA,60,60
2007,8,9,21,-29,918.9,NA,60,59
2007,8,10,0,-29.1,920.5,NA,50,59
2007,8,10,3,-30,919.3,NA,230,58
2007,8,10,6,-30.1,917.4,NA,240,58
2007,8,10,9,-31.2,914.5,NA,NA,57
2007,8,10,12,-31.4,914.1,NA,NA,56
2007,8,10,15,-31.3,912.4,NA,NA,56
2007,8,10,18,-31,911,56,240,57
2007,8,10,21,-29.6,909.1,NA,NA,58
2007,8,11,0,-29.8,909.5,60,NA,58
2007,8,11,3,-28.8,911.3,NA,NA,59
2007,8,11,6,-28.3,912.1,NA,NA,60
2007,8,11,9,-28.5,914.4,NA,230,60
2007,8,11,12,-28.8,913.9,NA,230,60
2007,8,11,15,-29.4,918.6,NA,230,59
2007,8,11,18,-29,918.1,NA,240,59
2007,8,11,21,-28.1,916.7,NA,340,60
2007,8,12,0,-28.6,915.5,NA,NA,59
2007,8,12,3,-28.7,913.9,NA,0,59
2007,8,12,6,-28.4,912.8,2,30,57
2007,8,12,9,-28.8,911.5,4,30,50
2007,8,12,12,-28.4,910.4,NA,80,52
2007,8,12,15,-28.5,909.8,NA,0,60
2007,8,12,18,-28.4,909.5,NA,240,60
2007,8,12,21,-29.7,909.3,NA,230,53
2007,8,13,0,-31.5,908.5,NA,220,57
2007,8,13,3,-31.9,905.5,NA,240,56
2007,8,13,6,-30.4,903.1,NA,NA,57
2007,8,13,9,-30.4,902.4,NA,NA,53
2007,8,13,12,-31.8,906,NA,NA,51
2007,8,13,15,-30,905.7,NA,210,52
2007,8,13,18,-28.5,905.4,NA,210,41
2007,8,13,21,-29.7,902.3,NA,360,42
2007,8,14,0,-26.7,897.7,NA,170,38
2007,8,14,3,NA,894.4,NA,20,26
2007,8,14,6,NA,891.8,NA,0,20
2007,8,14,9,-15.4,889.5,NA,10,17
2007,8,14,12,-14.8,888.4,NA,330,15
2007,8,14,15,NA,888.9,NA,270,15
2007,8,14,18,NA,891.5,NA,230,38
2007,8,14,21,NA,896.4,NA,230,51
2007,8,15,0,NA,899.1,NA,NA,42
2007,8,15,3,-25.4,901.4,NA,230,41
2007,8,15,6,-23.8,903.1,NA,310,44
2007,8,15,9,-24.5,904.2,NA,260,41
2007,8,15,12,-24,905.3,NA,0,48
2007,8,15,15,-24.1,905.3,NA,250,42
2007,8,15,18,-24.5,905.7,NA,290,43
2007,8,15,21,-24,905.8,7,250,49
2007,8,16,0,-24.4,905.3,5,330,58
2007,8,16,3,-25.9,903.9,NA,80,46
2007,8,16,6,-26.8,902.8,4,30,59
2007,8,16,9,-26.2,902.3,NA,NA,58
2007,8,16,12,-26.9,903,5,NA,55
2007,8,16,15,-27.2,904.2,NA,260,60
2007,8,16,18,-29.1,904.9,NA,250,60
2007,8,16,21,-29.4,907,NA,240,60
2007,8,17,0,-29.6,907.5,NA,250,58
2007,8,17,3,-30,907.5,NA,250,58
2007,8,17,6,-29.5,907.1,12,260,58
2007,8,17,9,-29.5,906.3,NA,250,58
2007,8,17,12,-28.8,905.8,NA,290,59
2007,8,17,15,-29.1,905.3,NA,240,54
2007,8,17,18,-28.5,904.9,NA,NA,47
2007,8,17,21,-28,903.9,NA,20,45
2007,8,18,0,-26.9,902.7,NA,350,42
2007,8,18,3,-27.3,901.2,NA,320,39
2007,8,18,6,-26.5,899.6,NA,NA,36
2007,8,18,9,-26.4,899.3,2,290,36
2007,8,18,12,-24.4,899.2,NA,NA,34
2007,8,18,15,-24.6,900,4,360,29
2007,8,18,18,-24.1,902.2,4,10,29
2007,8,18,21,-24.5,905.9,4,10,26
2007,8,19,0,-24.6,909.7,NA,320,29
2007,8,19,3,-25.9,912.4,3,NA,32
2007,8,19,6,-26.7,913.3,NA,250,33
2007,8,19,9,-25.5,914.1,NA,250,50
2007,8,19,12,-26,915,8,200,58
2007,8,19,15,-27.8,913.5,NA,240,59
2007,8,19,18,-25.9,913.3,NA,230,61
2007,8,19,21,-26.9,912.7,23,NA,59
2007,8,20,0,-25.3,910.6,NA,NA,59
2007,8,20,3,-26,911,NA,NA,62
2007,8,20,6,-26,911.7,NA,NA,62
2007,8,20,9,-25.8,912.5,NA,240,63
2007,8,20,12,-23.8,912.1,NA,250,47
2007,8,20,15,-25.4,912.4,8,270,45
2007,8,20,18,-26.3,913.1,NA,240,57
2007,8,20,21,-26.4,914.7,NA,240,59
2007,8,21,0,-24.5,916,NA,230,43
2007,8,21,3,-23,916.6,16,250,41
2007,8,21,6,-25.3,916.4,NA,230,48
2007,8,21,9,-24.4,917.6,NA,230,63
2007,8,21,12,-23.7,916.2,NA,230,65
2007,8,21,15,-23.8,916.2,NA,250,65
2007,8,21,18,-24.7,918.1,NA,240,64
2007,8,21,21,-26.2,920.9,NA,250,63
2007,8,22,0,-24.7,918.9,NA,NA,60
2007,8,22,3,-24.7,917.8,NA,350,46
2007,8,22,6,-24.9,916.3,NA,340,43
2007,8,22,9,-25.1,915.4,NA,NA,40
2007,8,22,12,-24.7,914.8,3,40,39
2007,8,22,15,-24.9,914.4,NA,20,36
2007,8,22,18,-25,914.6,NA,0,34
2007,8,22,21,-23.8,915.7,NA,350,31
2007,8,23,0,-23.8,916.7,NA,NA,31
2007,8,23,3,-24.4,916.9,NA,260,33
2007,8,23,6,-23.7,917,NA,250,30
2007,8,23,9,-23.6,917.5,NA,NA,30
2007,8,23,12,-22,917.4,NA,240,42
2007,8,23,15,-21.3,917.2,NA,240,51
2007,8,23,18,-21.5,916.8,NA,220,53
2007,8,23,21,-18,915,NA,250,52
2007,8,24,0,-17.3,913.5,NA,240,58
2007,8,24,3,-16.8,909.2,NA,240,68
2007,8,24,6,-17.8,908.6,NA,240,74
2007,8,24,9,-20.1,915.1,NA,220,72
2007,8,24,12,-19.4,915.7,NA,250,72
2007,8,24,15,-21.1,918.8,NA,230,68
2007,8,24,18,-20.6,917.4,NA,230,66
2007,8,24,21,-17.6,914.9,NA,240,60
2007,8,25,0,-19.5,914.5,NA,230,68
2007,8,25,3,-19.9,916.1,58,240,62
2007,8,25,6,-21.8,918.8,NA,230,65
2007,8,25,9,-23.4,922.7,NA,230,65
2007,8,25,12,-23.8,923,NA,240,59
2007,8,25,15,-25.6,921.6,NA,230,62
2007,8,25,18,-25.9,920,NA,240,63
2007,8,25,21,-25.7,921.3,NA,230,56
2007,8,26,0,-24.5,922.2,NA,230,47
2007,8,26,3,-24.4,923,NA,230,48
2007,8,26,6,-25,924,NA,240,54
2007,8,26,9,-24.3,924.6,NA,NA,60
2007,8,26,12,-23.3,924.6,NA,NA,42
2007,8,26,15,-22,926,NA,NA,45
2007,8,26,18,-24.2,926.8,26,240,58
2007,8,26,21,-23.1,928.7,NA,280,40
2007,8,27,0,-23,929.7,NA,260,38
2007,8,27,3,-23.3,930.7,NA,270,38
2007,8,27,6,-23.2,931.1,NA,240,37
2007,8,27,9,-23.2,931.7,NA,90,37
2007,8,27,12,-24.1,932.5,NA,160,39
2007,8,27,15,-24.5,933,NA,250,36
2007,8,27,18,-24.3,933.1,NA,0,38
2007,8,27,21,-24.4,933.6,NA,NA,NA
2007,8,28,0,-24.8,933.7,2,NA,38
2007,8,28,3,-24.4,933.5,3,130,35
2007,8,28,6,-24.9,933,1,NA,33
2007,8,28,9,-25.3,932.4,4,20,33
2007,8,28,12,-25.7,931.7,NA,360,36
2007,8,28,15,-25.5,931.2,3,360,36
2007,8,28,18,-26.7,930.2,1,290,NA
2007,8,28,21,-25.8,929.8,2,360,35
2007,8,29,0,-26,929.5,3,340,36
2007,8,29,3,-25.7,928.9,3,NA,37
2007,8,29,6,-25.8,928.6,2,360,43
2007,8,29,9,-24.8,927.9,5,350,49
2007,8,29,12,-25.3,927.1,NA,10,43
2007,8,29,15,-28.5,926.5,7,70,55
2007,8,29,18,-28.8,925.9,NA,140,58
2007,8,29,21,-29.1,926,NA,0,58
2007,8,30,0,-28.8,925.6,NA,30,59
2007,8,30,3,-28.7,925,NA,40,59
2007,8,30,6,-29.1,924.7,9,40,59
2007,8,30,9,-29.4,924.5,9,20,59
2007,8,30,12,-29.2,924.4,12,20,59
2007,8,30,15,-30,924.4,11,10,58
2007,8,30,18,-29,923.9,NA,350,58
2007,8,30,21,-29.5,923.9,7,260,59
2007,8,31,0,-27.4,923.1,NA,240,60
2007,8,31,3,-27.4,921.8,NA,240,61
2007,8,31,6,-26.9,920.4,NA,240,61
2007,8,31,9,-25,916.5,NA,230,64
2007,8,31,12,-25.2,920.1,NA,230,64
2007,8,31,15,-24.6,919.3,NA,240,65
2007,8,31,18,-23.1,914,NA,240,65
2007,8,31,21,-23.6,912.3,NA,250,66
2007,9,1,0,-23.9,911.3,NA,NA,66
2007,9,1,3,-24.5,912.3,NA,NA,65
2007,9,1,6,-25.3,911.6,NA,NA,65
2007,9,1,9,-23.9,915.2,NA,NA,65
2007,9,1,12,-24.3,916.4,NA,NA,66
2007,9,1,15,-24.6,915.9,NA,NA,65
2007,9,1,18,-24.6,918.4,60,NA,65
2007,9,1,21,-24.2,917.2,NA,240,65
2007,9,2,0,-23.9,916.3,NA,240,64
2007,9,2,3,-24.2,916.3,NA,230,65
2007,9,2,6,-24,916.4,NA,230,66
2007,9,2,9,-24.3,914.6,56,240,66
2007,9,2,12,-24,912.3,NA,230,66
2007,9,2,15,-23.5,913.9,NA,NA,65
2007,9,2,18,-23,913.7,NA,NA,64
2007,9,2,21,-24.3,911.6,NA,230,65
2007,9,3,0,-23.3,910.5,NA,240,67
2007,9,3,3,-23.4,909.4,NA,240,66
2007,9,3,6,-23.8,910.1,NA,230,67
2007,9,3,9,-22.8,914.9,NA,240,68
2007,9,3,12,-21.9,913.6,60,250,68
2007,9,3,15,-19.8,914.9,NA,240,58
2007,9,3,18,-20.7,913.9,56,250,67
2007,9,3,21,-20.4,913.3,NA,240,70
2007,9,4,0,-20.3,918.6,NA,230,70
2007,9,4,3,-18.1,917.8,NA,250,54
2007,9,4,6,-17.6,918.9,NA,240,66
2007,9,4,9,-19.5,919,NA,240,69
2007,9,4,12,-17.8,919.5,NA,240,68
2007,9,4,15,-17.8,916.9,NA,250,46
2007,9,4,18,-18.6,917.6,NA,250,47
2007,9,4,21,-20.6,920.2,NA,230,64
2007,9,5,0,-20.6,919.8,NA,200,66
2007,9,5,3,-20.7,919.7,NA,320,61
2007,9,5,6,-20.7,919.3,NA,270,52
2007,9,5,9,-20.7,918.9,NA,250,45
2007,9,5,12,-20.5,918.5,7,220,48
2007,9,5,15,-22.1,917.5,NA,250,52
2007,9,5,18,-21.9,917.1,NA,240,49
2007,9,5,21,-21.1,915.7,NA,230,58
2007,9,6,0,-21.9,915.3,18,230,57
2007,9,6,3,-20.7,913.8,NA,230,61
2007,9,6,6,-20.1,911.1,NA,240,65
2007,9,6,9,-19.7,911.4,NA,240,64
2007,9,6,12,-19.3,910.8,NA,230,64
2007,9,6,15,-20.7,909.3,NA,230,61
2007,9,6,18,-21.4,907.6,NA,240,68
2007,9,6,21,-22.1,907,25,NA,69
2007,9,7,0,-22.9,905.7,NA,NA,68
2007,9,7,3,-23,905.6,NA,NA,67
2007,9,7,6,-23.3,905.8,NA,230,67
2007,9,7,9,-23.8,907.4,NA,240,66
2007,9,7,12,-23.7,907.7,NA,240,66
2007,9,7,15,-24.2,910.7,38,230,66
2007,9,7,18,-25.2,911.5,NA,230,65
2007,9,7,21,-25,913.5,NA,240,65
2007,9,8,0,-24.9,913.7,NA,240,65
2007,9,8,3,-25.6,913.6,NA,230,64
2007,9,8,6,-25.3,912.7,NA,350,65
2007,9,8,9,-24.6,911,NA,360,65
2007,9,8,12,-25.6,910.2,6,20,64
2007,9,8,15,-26.1,910.7,NA,0,64
2007,9,8,18,-27.7,910.3,NA,240,62
2007,9,8,21,-29.1,910,NA,230,60
2007,9,9,0,-29.3,910.9,24,230,59
2007,9,9,3,-29.6,911.5,28,230,59
2007,9,9,6,-27.7,912.4,NA,250,60
2007,9,9,9,-27,912,NA,230,62
2007,9,9,12,-25.1,912.9,NA,230,59
2007,9,9,15,-23.6,912.9,NA,260,60
2007,9,9,18,-23.7,912.9,NA,240,49
2007,9,9,21,-23.1,913.1,NA,NA,44
2007,9,10,0,-23,913.4,NA,NA,43
2007,9,10,3,-25.3,912.3,NA,NA,46
2007,9,10,6,-24.7,912.4,NA,230,41
2007,9,10,9,-24.5,912.1,NA,240,44
2007,9,10,12,-23.7,911.8,NA,NA,38
2007,9,10,15,-23.5,911.5,NA,NA,46
2007,9,10,18,-24.3,911.6,10,NA,51
2007,9,10,21,-24.5,912.4,NA,230,55
2007,9,11,0,-25.6,913.3,NA,240,NA
2007,9,11,3,-26.4,914.1,NA,240,62
2007,9,11,6,-25.9,915.7,23,230,63
2007,9,11,9,-26.7,917.7,24,240,62
2007,9,11,12,-26.9,919.5,23,230,62
2007,9,11,15,-27.4,921.2,NA,270,62
2007,9,11,18,-28,921.8,NA,270,61
2007,9,11,21,-26.7,922.2,NA,NA,62
2007,9,12,0,-28.8,921.8,NA,240,61
2007,9,12,3,-29.1,921.5,NA,260,60
2007,9,12,6,-29.3,921.3,3,270,59
2007,9,12,9,-29.5,921.2,3,260,59
2007,9,12,12,-29.8,921,6,260,59
2007,9,12,15,-29.6,921,NA,250,59
2007,9,12,18,-29.3,921.7,7,250,59
2007,9,12,21,-29,922.2,9,240,60
2007,9,13,0,-29.1,NA,9,230,59
2007,9,13,3,-28.9,923.5,7,250,60
2007,9,13,6,-29.2,924.1,5,260,60
2007,9,13,9,-28.8,924.4,NA,270,60
2007,9,13,12,-28.9,924.2,1,260,59
2007,9,13,15,-28.4,924.3,1,280,61
2007,9,13,18,-28.2,924.5,2,250,60
2007,9,13,21,-28.1,924.4,NA,240,61
2007,9,14,0,-27.5,924.1,NA,240,62
2007,9,14,3,-28.3,923.4,NA,250,61
2007,9,14,6,-26.3,922.6,NA,220,62
2007,9,14,9,-26.2,920.6,NA,240,62
2007,9,14,12,-25.3,917.9,10,200,55
2007,9,14,15,NA,912.4,NA,250,46
2007,9,14,18,NA,910.3,NA,270,38
2007,9,14,21,-20.4,906.4,NA,350,35
2007,9,15,0,-23.6,903.6,NA,250,36
2007,9,15,3,NA,900.3,NA,250,64
2007,9,15,6,-25.2,897.1,NA,250,64
2007,9,15,9,-23.8,898,NA,230,57
2007,9,15,12,-22.8,901,NA,280,39
2007,9,15,15,-22.1,902.4,NA,340,34
2007,9,15,18,-22.3,903.8,NA,240,36
2007,9,15,21,-21.6,905.7,NA,250,36
2007,9,16,0,-20.1,907.5,NA,260,32
2007,9,16,3,-19.4,908.4,NA,240,32
2007,9,16,6,-19.6,908.8,NA,250,55
2007,9,16,9,-18.9,909.6,NA,250,69
2007,9,16,12,-19.3,911.1,42,240,71
2007,9,16,15,-20.3,914,NA,230,67
2007,9,16,18,-21,916.6,NA,240,67
2007,9,16,21,-21.3,917.6,NA,230,69
2007,9,17,0,-22,917.3,NA,280,69
2007,9,17,3,-22.5,917.4,11,250,69
2007,9,17,6,-24,918.1,NA,260,67
2007,9,17,9,-24.4,917.9,NA,0,66
2007,9,17,12,-24.8,918,NA,10,65
2007,9,17,15,-24.9,918.6,4,10,65
2007,9,17,18,-26.5,918.4,6,270,64
2007,9,17,21,-26.5,918.4,NA,250,63
2007,9,18,0,-26,918.7,NA,250,63
2007,9,18,3,-24.2,918.3,5,260,65
2007,9,18,6,-26,917.7,4,270,64
2007,9,18,9,-25.2,917.7,NA,0,65
2007,9,18,12,-24.8,917.2,4,20,64
2007,9,18,15,-24.4,916.6,NA,350,60
2007,9,18,18,-25.3,915.9,NA,30,53
2007,9,18,21,-24.7,916.4,5,NA,42
2007,9,19,0,-24.9,917.3,NA,230,47
2007,9,19,3,-25.9,918.5,NA,240,49
2007,9,19,6,-25.8,920,8,250,43
2007,9,19,9,-24.2,921.5,NA,110,38
2007,9,19,12,-24.8,922.4,NA,240,44
2007,9,19,15,-24.5,923.8,NA,100,40
2007,9,19,18,-23.7,925,NA,250,34
2007,9,19,21,-22.1,926.3,NA,240,30
2007,9,20,0,-22,926.8,NA,220,28
2007,9,20,3,-19.9,927.2,NA,240,26
2007,9,20,6,-19.5,927,NA,240,25
2007,9,20,9,-18.1,926.7,NA,250,27
2007,9,20,12,-18.3,926.6,8,230,30
2007,9,20,15,-16.3,925.5,NA,250,33
2007,9,20,18,-16.4,925.8,NA,270,27
2007,9,20,21,-13.9,926.1,NA,NA,26
2007,9,21,0,-12.5,926.7,2,220,20
2007,9,21,3,-12.6,926.5,5,280,19
2007,9,21,6,-14.2,926.6,5,240,17
2007,9,21,9,-16.7,927,NA,40,21
2007,9,21,12,-17.8,927.2,NA,50,34
2007,9,21,15,-16.7,926,3,10,29
2007,9,21,18,-15.7,924.7,3,20,24
2007,9,21,21,-17.4,923.7,4,20,35
2007,9,22,0,-18.1,922.4,5,NA,40
2007,9,22,3,-18.8,920.9,NA,240,40
2007,9,22,6,-19.8,918.8,NA,NA,44
2007,9,22,9,-19.5,917.3,NA,NA,51
2007,9,22,12,-20.8,917.8,NA,NA,50
2007,9,22,15,-21,918.8,NA,230,51
2007,9,22,18,-22.3,919.5,NA,250,55
2007,9,22,21,-23.2,920,NA,230,50
2007,9,23,0,-23,920.4,NA,230,58
2007,9,23,3,-22.8,919.2,NA,240,49
2007,9,23,6,-20.8,920.4,NA,240,54
2007,9,23,9,-19.2,921.3,NA,230,43
2007,9,23,12,-17.7,921.3,NA,230,38
2007,9,23,15,-17,920.9,NA,240,40
2007,9,23,18,-16.2,921.6,NA,230,39
2007,9,23,21,-19.2,921.1,NA,230,46
2007,9,24,0,-19.5,921.9,NA,240,48
2007,9,24,3,-20.9,922.4,NA,250,59
2007,9,24,6,-20.9,920.8,NA,50,57
2007,9,24,9,-21,919.7,NA,10,46
2007,9,24,12,-21.4,919.4,NA,10,57
2007,9,24,15,-22.5,920.8,NA,260,65
2007,9,24,18,-21,922.4,NA,260,60
2007,9,24,21,-20.4,924.9,NA,230,49
2007,9,25,0,-19.6,922.6,NA,240,49
2007,9,25,3,-18.9,921.9,NA,230,47
2007,9,25,6,NA,921,NA,240,27
2007,9,25,9,NA,918.9,NA,230,24
2007,9,25,12,-12.5,920.7,NA,220,29
2007,9,25,15,-12.1,921.6,NA,230,29
2007,9,25,18,-12.3,921.3,NA,220,26
2007,9,25,21,-10.6,916.7,NA,360,22
2007,9,26,0,-9.3,911.3,NA,30,21
2007,9,26,3,-8.1,905.9,NA,270,18
2007,9,26,6,NA,904.5,NA,220,32
2007,9,26,9,NA,903.8,NA,230,47
2007,9,26,12,-15.9,903.4,NA,NA,49
2007,9,26,15,-17.1,904,NA,NA,65
2007,9,26,18,-18.5,909,NA,NA,69
2007,9,26,21,-19.7,911.3,NA,240,70
2007,9,27,0,-19.8,913.3,NA,270,71
2007,9,27,3,-20.2,914,NA,260,71
2007,9,27,6,-21.1,914.6,7,250,70
2007,9,27,9,-21.9,914.6,8,270,70
2007,9,27,12,-22.3,914.7,4,270,69
2007,9,27,15,-23.1,914.1,NA,240,68
2007,9,27,18,-23.5,913.4,NA,230,68
2007,9,27,21,-23.6,912.8,11,240,67
2007,9,28,0,-23.7,912.3,11,NA,67
2007,9,28,3,-24,911.5,13,NA,67
2007,9,28,6,-24.1,911,11,NA,67
2007,9,28,9,-24.7,910.4,13,230,66
2007,9,28,12,-24.8,910,11,240,66
2007,9,28,15,-24.8,909.2,12,230,65
2007,9,28,18,-25,909.2,NA,240,65
2007,9,28,21,-22.5,908.6,NA,230,68
2007,9,29,0,-21.8,910.3,22,240,69
2007,9,29,3,-22,911.3,NA,250,69
2007,9,29,6,-20.8,910.8,NA,230,69
2007,9,29,9,-20.5,910.5,NA,240,NA
2007,9,29,12,-21.5,908.9,NA,NA,67
2007,9,29,15,-22.2,910.8,NA,NA,69
2007,9,29,18,-22.6,912.4,NA,250,68
2007,9,29,21,-22.8,916.7,NA,240,68
2007,9,30,0,-22.6,917.6,NA,240,67
2007,9,30,3,-20.9,917.8,NA,NA,64
2007,9,30,6,-21.7,917.8,NA,280,46
2007,9,30,9,-22.1,917.9,NA,NA,46
2007,9,30,12,-22.1,917.5,4,270,41
2007,9,30,15,-20.8,917.1,NA,270,43
2007,9,30,18,-20.2,916.9,6,260,42
2007,9,30,21,-19.3,917,7,280,41
2007,10,1,0,-18.4,916.9,5,250,41
2007,10,1,3,-18.9,916.8,NA,290,41
2007,10,1,6,-19.5,916.8,2,260,38
2007,10,1,9,-21.3,916.6,NA,240,42
2007,10,1,12,-20.1,914.1,NA,240,65
2007,10,1,15,-21.2,915,NA,220,69
2007,10,1,18,-21.1,914.5,NA,220,62
2007,10,1,21,-21,914.1,NA,240,69
2007,10,2,0,-19.7,909.2,NA,240,NA
2007,10,2,3,-20.6,907,NA,250,70
2007,10,2,6,-20.8,907.2,55,240,69
2007,10,2,9,-20.8,908.3,58,250,70
2007,10,2,12,-20.1,908.8,54,240,71
2007,10,2,15,-19.4,911,NA,240,72
2007,10,2,18,-19,909.2,NA,240,73
2007,10,2,21,-20.6,915.9,NA,220,71
2007,10,3,0,-21.5,914.3,NA,220,70
2007,10,3,3,-20.6,913.1,NA,230,70
2007,10,3,6,-22.8,913.5,NA,230,69
2007,10,3,9,-21.7,915.6,NA,220,70
2007,10,3,12,-20.9,915.2,NA,230,50
2007,10,3,15,-24.2,914.8,NA,NA,65
2007,10,3,18,-24.2,915.7,NA,NA,60
2007,10,3,21,-23.3,914.9,NA,NA,48
2007,10,4,0,-20.1,917.6,NA,240,40
2007,10,4,3,-20,917.3,NA,NA,35
2007,10,4,6,-19.8,917.8,NA,NA,35
2007,10,4,9,-19,919.7,NA,NA,39
2007,10,4,12,-20.9,923.2,NA,230,40
2007,10,4,15,-16.7,921.8,NA,200,33
2007,10,4,18,NA,920,NA,270,22
2007,10,4,21,NA,914.6,NA,350,15
2007,10,5,0,NA,910.4,NA,310,13
2007,10,5,3,-7.5,911,NA,260,12
2007,10,5,6,NA,911.8,NA,40,23
2007,10,5,9,-9,911.9,NA,320,29
2007,10,5,12,NA,911.8,NA,290,26
2007,10,5,15,-4.3,911.7,4,300,24
2007,10,5,18,-3,912,4,290,22
2007,10,5,21,-3.5,912.4,1,280,21
2007,10,6,0,-3.8,911.7,3,20,23
2007,10,6,3,-4.2,910.7,NA,NA,25
2007,10,6,6,NA,910,NA,250,33
2007,10,6,9,NA,911.7,NA,190,31
2007,10,6,12,-11.5,912.7,NA,190,44
2007,10,6,15,-14.4,912,NA,30,48
2007,10,6,18,-13.9,911.9,NA,50,52
2007,10,6,21,-12.7,911.8,NA,70,51
2007,10,7,0,-14.9,911.6,NA,240,51
2007,10,7,3,-17.2,911,NA,240,63
2007,10,7,6,-17.3,911.4,5,250,61
2007,10,7,9,-16.2,912,NA,0,57
2007,10,7,12,-18.5,912.4,NA,350,59
2007,10,7,15,-19.1,912.8,1,60,61
2007,10,7,18,-20,914.1,NA,260,64
2007,10,7,21,-19.7,914.2,NA,230,64
2007,10,8,0,-20.8,915.3,NA,230,68
2007,10,8,3,-22.2,915.4,NA,230,68
2007,10,8,6,-23.1,916,26,240,67
2007,10,8,9,-23.7,916.8,NA,240,59
2007,10,8,12,-24.5,916.9,NA,240,64
2007,10,8,15,-25.6,916.4,NA,180,64
2007,10,8,18,-26.7,916.3,NA,230,62
2007,10,8,21,-26.8,916.6,NA,0,62
2007,10,9,0,-26.1,916.2,NA,0,62
2007,10,9,3,-28.1,916.2,NA,240,61
2007,10,9,6,-29.8,915.7,NA,260,59
2007,10,9,9,-30.9,915.6,NA,260,57
2007,10,9,12,-31.4,915.8,NA,240,57
2007,10,9,15,-30.8,915.3,NA,200,57
2007,10,9,18,-30.9,914.5,NA,120,57
2007,10,9,21,-30,913.7,NA,100,58
2007,10,10,0,-29.7,912.9,3,160,58
2007,10,10,3,-30,912.4,2,140,58
2007,10,10,6,-30.4,912.3,1,130,58
2007,10,10,9,-31.9,912.4,2,240,56
2007,10,10,12,-31.8,912.5,4,260,56
2007,10,10,15,-31.6,913,4,270,56
2007,10,10,18,-31.4,913.6,NA,240,56
2007,10,10,21,-27.9,913.7,NA,NA,57
2007,10,11,0,NA,914.8,NA,NA,38
2007,10,11,3,NA,914.7,NA,NA,36
2007,10,11,6,-21.5,915.4,NA,230,56
2007,10,11,9,-21.4,912.7,NA,240,67
2007,10,11,12,-22.3,918.5,NA,220,68
2007,10,11,15,-23.1,920.9,NA,140,67
2007,10,11,18,-20.2,920.7,NA,280,69
2007,10,11,21,-18.2,920.3,NA,30,51
2007,10,12,0,-16.7,920.6,NA,40,43
2007,10,12,3,-17.4,921.4,3,30,44
2007,10,12,6,-17.6,922.5,3,320,33
2007,10,12,9,-19,923.7,4,NA,35
2007,10,12,12,-21.3,925.6,NA,250,55
2007,10,12,15,-22.1,927.2,7,250,39
2007,10,12,18,NA,929,9,200,45
2007,10,12,21,NA,929.6,NA,270,39
2007,10,13,0,-18.3,929.6,NA,270,34
2007,10,13,3,-20.2,928.8,NA,250,46
2007,10,13,6,-18.1,927.9,NA,250,40
2007,10,13,9,-18.5,927.3,14,250,32
2007,10,13,12,-19.9,926.8,NA,230,35
2007,10,13,15,-19.3,925.1,NA,220,32
2007,10,13,18,-19.4,922.2,NA,230,37
2007,10,13,21,-18.2,920.4,NA,230,38
2007,10,14,0,-17.1,915.8,NA,230,48
2007,10,14,3,-20,917.4,55,220,67
2007,10,14,6,-19.4,917.4,56,240,70
2007,10,14,9,-19.6,917.2,NA,230,72
2007,10,14,12,-18.5,920.6,51,230,72
2007,10,14,15,-19.5,919.6,NA,230,72
2007,10,14,18,-19.7,924,NA,240,71
2007,10,14,21,-18.1,923.6,NA,NA,71
2007,10,15,0,-17.1,924.8,NA,NA,57
2007,10,15,3,-14.1,925.6,NA,NA,42
2007,10,15,6,-15.3,926.4,NA,230,47
2007,10,15,9,-15.5,926,NA,350,42
2007,10,15,12,-14.6,924.9,NA,360,32
2007,10,15,15,-14.6,923.3,NA,350,31
2007,10,15,18,-15.8,922.1,NA,270,35
2007,10,15,21,-16,921.1,7,240,40
2007,10,16,0,-16,919.7,NA,NA,42
2007,10,16,3,-18,918.4,4,210,43
2007,10,16,6,NA,917.2,NA,220,52
2007,10,16,9,-22.1,916.7,NA,240,65
2007,10,16,12,-21,917.4,NA,250,67
2007,10,16,15,-20.4,917.9,NA,240,69
2007,10,16,18,-20.2,918,NA,250,69
2007,10,16,21,-18.3,918.2,NA,0,64
2007,10,17,0,-18.4,918.3,NA,60,57
2007,10,17,3,-18.3,918,3,70,60
2007,10,17,6,-18.4,918.3,3,40,49
2007,10,17,9,-18.9,918.8,NA,270,41
2007,10,17,12,-20.6,918.9,NA,NA,62
2007,10,17,15,-21.1,920,NA,240,68
2007,10,17,18,-20.6,921.1,NA,230,69
2007,10,17,21,-19.9,921.9,NA,230,70
2007,10,18,0,-19.2,922,NA,230,70
2007,10,18,3,-18.6,922.6,NA,260,71
2007,10,18,6,-18.2,922.7,NA,220,67
2007,10,18,9,-18.6,922,NA,230,69
2007,10,18,12,-18.7,919.9,NA,240,69
2007,10,18,15,-18.4,918.6,NA,230,68
2007,10,18,18,-19.7,917.6,NA,240,68
2007,10,18,21,-20.4,918.3,NA,240,69
2007,10,19,0,-21,920.2,NA,210,67
2007,10,19,3,-21.3,919.2,NA,250,69
2007,10,19,6,-19.3,918,NA,NA,70
2007,10,19,9,-20,916.7,NA,360,63
2007,10,19,12,-19.5,915.5,6,340,46
2007,10,19,15,-19.8,914.4,NA,360,40
2007,10,19,18,-18.4,913.8,NA,20,38
2007,10,19,21,-17.2,913.4,14,30,39
2007,10,20,0,-17.3,913.9,NA,30,36
2007,10,20,3,-17.3,914.1,NA,0,39
2007,10,20,6,-18.3,914.2,NA,0,46
2007,10,20,9,-19.6,913.9,NA,NA,38
2007,10,20,12,-19.4,913.8,3,360,41
2007,10,20,15,-20.2,913.5,NA,270,38
2007,10,20,18,-20.5,913.6,2,250,40
2007,10,20,21,-20,914.5,4,210,37
2007,10,21,0,-17.7,914.9,NA,240,34
2007,10,21,3,-18.2,914.7,3,40,37
2007,10,21,6,-17.7,914.3,NA,340,40
2007,10,21,9,-17.8,914.7,4,10,36
2007,10,21,12,-17.8,914.3,NA,250,34
2007,10,21,15,-18.6,913.6,1,90,32
2007,10,21,18,-17.6,913.1,3,270,44
2007,10,21,21,-17,913.4,3,NA,44
2007,10,22,0,-17.7,913.9,NA,250,50
2007,10,22,3,-19.3,915.1,5,250,56
2007,10,22,6,-19,915.4,NA,250,63
2007,10,22,9,-20,916.3,6,210,66
2007,10,22,12,-20.2,915.9,NA,230,69
2007,10,22,15,-19.9,915.5,NA,50,70
2007,10,22,18,-19.2,915.4,2,NA,71
2007,10,22,21,-17.9,915.9,NA,NA,72
2007,10,23,0,-18.7,916.2,NA,230,72
2007,10,23,3,-19.3,915.5,NA,230,72
2007,10,23,6,-19.1,914.6,NA,220,72
2007,10,23,9,-19.5,912.8,NA,230,72
2007,10,23,12,-19.6,912.6,NA,240,72
2007,10,23,15,-19.6,912.2,NA,240,72
2007,10,23,18,-19.1,911.1,NA,240,72
2007,10,23,21,-19,913.9,NA,230,73
2007,10,24,0,-18.4,913.5,NA,230,73
2007,10,24,3,-18.2,915.2,48,NA,74
2007,10,24,6,-18,915.9,49,NA,74
2007,10,24,9,-18,918.4,48,NA,74
2007,10,24,12,-18.1,920.5,50,NA,74
2007,10,24,15,-18.1,919.8,NA,250,74
2007,10,24,18,-19.6,923.1,52,240,73
2007,10,24,21,-19.2,925.7,NA,240,73
2007,10,25,0,-18.9,926.9,50,230,73
2007,10,25,3,-17.4,929.3,NA,250,72
2007,10,25,6,-18,929.7,NA,230,63
2007,10,25,9,-18,930.7,NA,NA,63
2007,10,25,12,-18,932.9,NA,NA,60
2007,10,25,15,-17.4,932.9,NA,NA,56
2007,10,25,18,-17.9,934.5,NA,NA,53
2007,10,25,21,-17.4,934.7,NA,220,54
2007,10,26,0,-16.1,934.1,NA,220,54
2007,10,26,3,-14.5,933.1,NA,NA,48
2007,10,26,6,-15.8,932.6,3,180,49
2007,10,26,9,-16.3,931.8,3,20,52
2007,10,26,12,-16.8,930.9,1,50,54
2007,10,26,15,-16.9,930.2,2,230,52
2007,10,26,18,-16.6,929.6,1,230,46
2007,10,26,21,-15.4,929,2,NA,46
2007,10,27,0,-14.9,927.6,4,210,45
2007,10,27,3,-14.9,926.1,3,210,45
2007,10,27,6,-15.8,925,NA,240,48
2007,10,27,9,-19.1,924.2,NA,230,52
2007,10,27,12,-20,923.9,NA,230,53
2007,10,27,15,-19.3,924.3,NA,240,59
2007,10,27,18,-19,923.4,NA,230,62
2007,10,27,21,-19.4,921.5,NA,240,68
2007,10,28,0,-20.2,920.7,NA,NA,70
2007,10,28,3,-18.6,920.7,NA,NA,72
2007,10,28,6,-19.2,921.9,NA,NA,72
2007,10,28,9,-18.6,921.3,NA,NA,72
2007,10,28,12,-19.6,921.4,NA,240,68
2007,10,28,15,-19,921.2,NA,240,70
2007,10,28,18,-20.2,921.7,NA,240,71
2007,10,28,21,-20,924.7,NA,220,61
2007,10,29,0,-21,927.6,NA,210,58
2007,10,29,3,-21.3,931,NA,200,57
2007,10,29,6,-20.8,933.5,NA,NA,54
2007,10,29,9,-21,934.8,NA,30,54
2007,10,29,12,-20.5,936,NA,20,49
2007,10,29,15,-17.8,935.9,NA,10,35
2007,10,29,18,-21.5,936.3,NA,10,62
2007,10,29,21,-21.4,935.9,NA,40,69
2007,10,30,0,-20.7,935.6,NA,50,69
2007,10,30,3,-19.9,935.9,NA,50,70
2007,10,30,6,-19.4,935.4,NA,60,71
2007,10,30,9,-20.1,935.1,NA,250,71
2007,10,30,12,-21.1,934.1,NA,250,70
2007,10,30,15,-21.1,932.9,NA,240,70
2007,10,30,18,-21.1,931.6,NA,240,71
2007,10,30,21,-19,930.2,NA,220,72
2007,10,31,0,-20.2,927.9,NA,230,72
2007,10,31,3,-20.3,925.5,NA,NA,72
2007,10,31,6,-19,926.8,NA,NA,73
2007,10,31,9,-18.8,927,NA,NA,72
2007,10,31,12,-18.2,926.5,NA,220,64
2007,10,31,15,-17.4,925.7,NA,NA,57
2007,10,31,18,-18.4,925.5,NA,220,46
2007,10,31,21,-18.9,925,NA,230,65
2007,11,1,0,-17,924.2,NA,0,54
2007,11,1,3,-14.5,922.5,NA,350,53
2007,11,1,6,-14,920.5,NA,340,35
2007,11,1,9,-15,918.5,NA,360,35
2007,11,1,12,-14.9,916.7,NA,20,42
2007,11,1,15,-16.4,915.1,NA,20,42
2007,11,1,18,-19.4,915.3,NA,270,45
2007,11,1,21,-19,915.4,4,100,69
2007,11,2,0,-18.4,916,4,220,71
2007,11,2,3,-19.8,916.8,8,230,70
2007,11,2,6,-19.7,917.1,NA,240,70
2007,11,2,9,-19.5,917.7,NA,230,68
2007,11,2,12,-18.7,918.3,24,240,67
2007,11,2,15,-20,918,NA,NA,68
2007,11,2,18,-20,917.3,NA,NA,69
2007,11,2,21,-20,918.7,NA,NA,70
2007,11,3,0,-19.5,921,NA,230,71
2007,11,3,3,-18.8,921.7,NA,230,68
2007,11,3,6,-19.8,922.9,NA,230,69
2007,11,3,9,-20,922.8,NA,240,68
2007,11,3,12,-20.5,923.1,NA,240,63
2007,11,3,15,-21.9,922.6,NA,250,68
2007,11,3,18,-22.1,923.5,NA,250,68
2007,11,3,21,-22.1,924,NA,230,68
2007,11,4,0,-21.7,925.1,NA,240,69
2007,11,4,3,-21.3,925,NA,230,69
2007,11,4,6,-20,925.2,NA,NA,70
2007,11,4,9,-20.9,925.1,NA,130,69
2007,11,4,12,-20.1,925.2,NA,250,63
2007,11,4,15,-19.3,925.2,NA,NA,49
2007,11,4,18,-17.5,925.4,NA,0,44
2007,11,4,21,-16.4,925.7,NA,NA,49
2007,11,5,0,-16.4,926.1,1,NA,38
2007,11,5,3,-14.3,926.1,NA,NA,35
2007,11,5,6,-14,926.3,NA,NA,30
2007,11,5,9,-15.8,926.7,4,290,27
2007,11,5,12,-15.2,926.9,2,350,26
2007,11,5,15,-16.1,926.6,3,310,26
2007,11,5,18,-14.4,926.9,1,NA,25
2007,11,5,21,-12.6,927.1,1,110,24
2007,11,6,0,-12,926.9,2,120,25
2007,11,6,3,-14.3,926.3,NA,260,39
2007,11,6,6,-16.1,925.3,NA,280,44
2007,11,6,9,-13.6,924.1,NA,0,38
2007,11,6,12,-14.6,922.1,NA,340,32
2007,11,6,15,-13,919.9,3,360,31
2007,11,6,18,-13.1,919,6,270,31
2007,11,6,21,-13.6,917.9,NA,240,33
2007,11,7,0,-15.7,914.6,NA,230,50
2007,11,7,3,-14.7,913.5,NA,230,68
2007,11,7,6,-16.7,913.6,30,230,69
2007,11,7,9,-17.6,908.5,NA,250,73
2007,11,7,12,-16.8,907.1,NA,240,73
2007,11,7,15,-13.8,905.1,NA,240,69
2007,11,7,18,-12.1,907.9,NA,250,77
2007,11,7,21,-10.7,907.8,NA,240,82
2007,11,8,0,-10.2,910.4,NA,240,83
2007,11,8,3,-9.9,911.9,57,230,83
2007,11,8,6,-8.1,908.9,NA,240,84
2007,11,8,9,-9.8,910.2,NA,250,83
2007,11,8,12,-9.5,911,NA,240,79
2007,11,8,15,-9.6,909.9,NA,240,75
2007,11,8,18,-9.8,908,NA,250,63
2007,11,8,21,-9.5,909.6,NA,240,60
2007,11,9,0,-9.5,911.5,58,230,54
2007,11,9,3,-10.7,912.8,NA,240,74
2007,11,9,6,-10.6,915.3,NA,240,82
2007,11,9,9,-9.8,916.6,NA,250,84
2007,11,9,12,-9.6,919.4,NA,240,83
2007,11,9,15,-9.7,922.2,NA,230,83
2007,11,9,18,-9.9,923.5,NA,230,84
2007,11,9,21,-9.5,925.1,NA,240,85
2007,11,10,0,-8.8,926.8,NA,250,85
2007,11,10,3,-8,928.2,41,240,84
2007,11,10,6,-8.7,929.5,NA,220,85
2007,11,10,9,-7.7,930,NA,240,86
2007,11,10,12,-9.5,930.9,NA,210,85
2007,11,10,15,-8.5,929.9,NA,NA,84
2007,11,10,18,-8.7,929.5,NA,NA,83
2007,11,10,21,-8.1,929.4,NA,NA,77
2007,11,11,0,-7.9,932,NA,240,70
2007,11,11,3,-7.1,932.8,NA,230,67
2007,11,11,6,-6.7,932.7,NA,230,62
2007,11,11,9,-8.4,932.9,NA,250,71
2007,11,11,12,-7.9,931.7,NA,220,69
2007,11,11,15,-8.1,930.4,NA,240,55
2007,11,11,18,-9.5,929.2,NA,250,63
2007,11,11,21,-10.8,929.1,11,210,80
2007,11,12,0,-10.6,928.6,NA,130,83
2007,11,12,3,-10.5,927.6,NA,NA,84
2007,11,12,6,-11.1,926.7,3,240,84
2007,11,12,9,-11.5,926,2,150,83
2007,11,12,12,-12.5,925.7,NA,NA,83
2007,11,12,15,-12.8,925.2,4,220,82
2007,11,12,18,-13.6,925.1,NA,250,81
2007,11,12,21,-11.4,925.3,NA,110,83
2007,11,13,0,-11.6,925.1,2,80,83
2007,11,13,3,-12.8,924.7,NA,70,82
2007,11,13,6,-12.7,924.2,NA,50,82
2007,11,13,9,-13,924.1,9,40,82
2007,11,13,12,-12.9,924.8,7,30,82
2007,11,13,15,-12.8,925,6,40,82
2007,11,13,18,-12.6,925.4,NA,40,82
2007,11,13,21,-12.4,926.1,NA,50,83
2007,11,14,0,-11.6,927.3,NA,50,83
2007,11,14,3,-11,928.2,NA,50,84
2007,11,14,6,-10.5,928.9,NA,360,84
2007,11,14,9,-11.5,929.5,NA,240,84
2007,11,14,12,-11.3,930.3,NA,240,84
2007,11,14,15,-13.5,930.6,5,270,83
2007,11,14,18,-13.4,931.2,6,250,82
2007,11,14,21,-11.7,931.5,NA,270,82
2007,11,15,0,-11.2,931.4,NA,200,84
2007,11,15,3,-11.1,930.5,2,260,84
2007,11,15,6,-12,929.1,5,270,83
2007,11,15,9,-12.9,928.1,5,270,83
2007,11,15,12,-12.9,927.2,NA,240,82
2007,11,15,15,-12.9,925.9,8,NA,82
2007,11,15,18,-12.9,924.8,NA,NA,82
2007,11,15,21,-12.5,923.7,NA,NA,82
2007,11,16,0,-11.9,923.7,NA,NA,79
2007,11,16,3,-13.3,923.7,NA,NA,81
2007,11,16,6,-13.5,923.4,NA,NA,80
2007,11,16,9,-13.5,924.3,NA,230,76
2007,11,16,12,-12.1,925,NA,230,64
2007,11,16,15,-12.4,925.1,9,220,48
2007,11,16,18,-11.1,925.7,NA,230,41
2007,11,16,21,-11,926.5,NA,230,39
2007,11,17,0,-10,927.1,NA,220,39
2007,11,17,3,-10.7,927.5,NA,240,43
2007,11,17,6,-10.6,928,NA,80,60
2007,11,17,9,-11.5,928.3,2,170,77
2007,11,17,12,-12.3,928.7,NA,NA,82
2007,11,17,15,-12.9,928.3,3,220,82
2007,11,17,18,-13,928.3,NA,270,82
2007,11,17,21,-11.9,928.6,2,230,82
2007,11,18,0,-12.5,928.5,NA,240,78
2007,11,18,3,-13.3,928,NA,260,78
2007,11,18,6,-12.6,927.8,NA,280,82
2007,11,18,9,-12.6,927.8,NA,340,76
2007,11,18,12,-13.5,927.1,NA,70,78
2007,11,18,15,-13.5,926.6,5,50,81
2007,11,18,18,-13.1,926.2,2,50,81
2007,11,18,21,-12.2,925.9,3,170,83
2007,11,19,0,-11.9,925.6,2,220,83
2007,11,19,3,-12,925.4,6,260,83
2007,11,19,6,-12.1,925.2,NA,250,82
2007,11,19,9,-13.6,925,NA,250,79
2007,11,19,12,-14.2,925.3,10,260,81
2007,11,19,15,-14.3,925.3,NA,260,81
2007,11,19,18,-12.4,925.2,NA,NA,81
2007,11,19,21,-12.6,925.1,4,230,81
2007,11,20,0,-11,924.6,2,210,57
2007,11,20,3,-10.5,924.3,5,220,50
2007,11,20,6,-9.8,923.6,2,NA,40
2007,11,20,9,-10.6,923.7,4,250,39
2007,11,20,12,-10.2,923.3,3,340,36
2007,11,20,15,-11.8,923,6,10,38
2007,11,20,18,-10.3,923,3,20,37
2007,11,20,21,-8.2,923.3,3,140,52
2007,11,21,0,NA,923.2,2,NA,41
2007,11,21,3,-12,922.6,NA,260,63
2007,11,21,6,-11.8,922.5,NA,240,77
2007,11,21,9,-12.3,922.1,NA,50,77
2007,11,21,12,-13.6,921.5,3,40,80
2007,11,21,15,-12.9,921.1,NA,30,68
2007,11,21,18,-12.6,920.8,NA,210,78
2007,11,21,21,-11.7,921,4,140,80
2007,11,22,0,-10.6,920.8,1,100,78
2007,11,22,3,-8.7,920.2,1,300,72
2007,11,22,6,-10.8,919.7,NA,20,56
2007,11,22,9,-10.1,919.3,NA,10,47
2007,11,22,12,-10.1,919.2,4,280,39
2007,11,22,15,-12.2,919.3,NA,260,49
2007,11,22,18,-9.4,920.6,NA,240,40
2007,11,22,21,-10.2,921.4,NA,240,41
2007,11,23,0,-11.4,921.3,NA,240,43
2007,11,23,3,-9.4,921.9,NA,220,43
2007,11,23,6,-10,921.2,NA,80,47
2007,11,23,9,-10.2,920.4,NA,340,43
2007,11,23,12,-10.4,919.6,NA,0,41
2007,11,23,15,-10.1,918.4,NA,260,42
2007,11,23,18,-9.6,917.4,3,240,40
2007,11,23,21,-6.4,916.9,3,120,40
2007,11,24,0,-7.4,916.3,NA,60,41
2007,11,24,3,-6.4,915.3,NA,NA,32
2007,11,24,6,-6.5,914.7,NA,40,29
2007,11,24,9,-8.9,914.1,NA,10,38
2007,11,24,12,-8.6,913.8,NA,10,38
2007,11,24,15,-9.8,913.7,NA,20,40
2007,11,24,18,-9.1,913.8,NA,20,43
2007,11,24,21,-8.2,914.7,NA,NA,54
2007,11,25,0,-8.9,915.4,NA,NA,68
2007,11,25,3,-9.6,915.6,2,100,75
2007,11,25,6,-10.4,916.1,2,120,77
2007,11,25,9,-10.1,916.7,NA,NA,81
2007,11,25,12,-11,917,NA,NA,83
2007,11,25,15,-10.7,917.2,4,220,65
2007,11,25,18,-10.5,917.5,NA,240,68
2007,11,25,21,-8.7,918.1,4,120,60
2007,11,26,0,-8.6,918.4,3,120,66
2007,11,26,3,-7.5,918.3,2,70,61
2007,11,26,6,-8.3,918.6,2,30,58
2007,11,26,9,-7.4,919.3,2,250,49
2007,11,26,12,-8.9,919.8,1,160,58
2007,11,26,15,-8.6,920.1,3,250,49
2007,11,26,18,-7.9,920.6,NA,210,49
2007,11,26,21,-8.2,920.9,NA,210,58
2007,11,27,0,-8.9,920.8,NA,230,70
2007,11,27,3,-8.7,920.6,NA,110,81
2007,11,27,6,-7.2,920.2,NA,340,60
2007,11,27,9,-7.6,920,NA,10,53
2007,11,27,12,-7.2,920.3,NA,250,46
2007,11,27,15,-11.5,920.3,NA,290,80
2007,11,27,18,-9.1,920.5,NA,270,83
2007,11,27,21,-8.7,920.3,NA,70,85
2007,11,28,0,-10.2,919.8,NA,70,84
2007,11,28,3,-9.7,919.1,NA,70,85
2007,11,28,6,-9.3,919,4,90,85
2007,11,28,9,-10.1,918.9,5,130,85
2007,11,28,12,-11.3,918.3,3,240,84
2007,11,28,15,-12.2,917.9,5,250,83
2007,11,28,18,-11.7,917.5,3,270,83
2007,11,28,21,-9.8,917.1,1,80,84
2007,11,29,0,-9.2,917,1,60,85
2007,11,29,3,-9.8,916.7,2,130,85
2007,11,29,6,-9.8,916.8,NA,250,85
2007,11,29,9,-11.7,916.3,NA,240,84
2007,11,29,12,-11.6,916.3,NA,240,84
2007,11,29,15,-11.6,915.7,NA,230,77
2007,11,29,18,-11,915.8,NA,230,77
2007,11,29,21,-10,916.3,NA,240,78
2007,11,30,0,-10.3,916.8,NA,240,NA
2007,11,30,3,-9.9,917.1,NA,230,85
2007,11,30,6,-9.7,918.6,NA,220,85
2007,11,30,9,-10,920,NA,200,85
2007,11,30,12,-10,921.6,NA,190,85
2007,11,30,15,-10,923.1,7,200,85
2007,11,30,18,-9.9,924.5,8,220,85
2007,11,30,21,-9.5,924.6,NA,230,85
2007,12,1,0,-9.7,925,NA,220,85
2007,12,1,3,-9.7,925.3,NA,230,85
2007,12,1,6,-10.3,925.9,NA,210,85
2007,12,1,9,-11,925.3,NA,210,85
2007,12,1,12,-11.4,925.3,NA,190,84
2007,12,1,15,-11.7,924.3,NA,320,84
2007,12,1,18,-12.2,923,NA,0,84
2007,12,1,21,-11.4,921.4,NA,360,78
2007,12,2,0,-8.2,919.9,NA,60,72
2007,12,2,3,-8.6,918.3,NA,NA,64
2007,12,2,6,-8.6,916.8,3,280,61
2007,12,2,9,-9.3,915.7,2,260,60
2007,12,2,12,-11.1,914.4,NA,230,60
2007,12,2,15,-11.9,914,NA,250,80
2007,12,2,18,-11.3,913.6,NA,240,82
2007,12,2,21,-9.9,913.3,NA,230,80
2007,12,3,0,NA,913.3,1,230,72
2007,12,3,3,-9.1,913.4,2,230,67
2007,12,3,6,NA,913.8,1,NA,63
2007,12,3,9,NA,914.5,1,260,67
2007,12,3,12,NA,915.2,1,260,66
2007,12,3,15,-12.2,915.7,2,10,73
2007,12,3,18,-12.1,916.5,NA,70,73
2007,12,3,21,-10.8,917.1,2,70,75
2007,12,4,0,-10.7,917.6,5,80,82
2007,12,4,3,-11.1,917.9,6,50,83
2007,12,4,6,-10.9,918.1,4,60,84
2007,12,4,9,-10.6,918.2,NA,90,82
2007,12,4,12,-11.7,918.6,5,360,80
2007,12,4,15,-11.6,918.7,5,350,71
2007,12,4,18,-11,919,5,320,69
2007,12,4,21,-10.5,919.4,3,240,67
2007,12,5,0,-10.1,919.4,5,240,65
2007,12,5,3,-9.6,919,5,230,59
2007,12,5,6,-11.4,918.5,NA,240,73
2007,12,5,9,-11.5,917.9,NA,230,75
2007,12,5,12,-11.4,917.4,NA,240,76
2007,12,5,15,-12,916.8,12,NA,81
2007,12,5,18,-12.1,916.1,NA,NA,82
2007,12,5,21,-11.5,915.4,NA,NA,82
2007,12,6,0,-9.3,914.8,NA,230,53
2007,12,6,3,-8.7,913.9,3,100,59
2007,12,6,6,-9.3,913.1,2,40,44
2007,12,6,9,-8,912.5,2,250,32
2007,12,6,12,-11,911.8,NA,250,48
2007,12,6,15,-12.2,910.6,NA,NA,80
2007,12,6,18,-11.9,911.6,NA,NA,66
2007,12,6,21,-11.5,911.6,NA,NA,68
2007,12,7,0,-11.5,NA,NA,240,69
2007,12,7,3,-11.1,914.9,NA,220,67
2007,12,7,6,-10.8,915.6,NA,240,52
2007,12,7,9,-10.4,915.9,NA,200,50
2007,12,7,12,-10,915.7,NA,220,45
2007,12,7,15,-9.9,915.5,NA,240,42
2007,12,7,18,-8.4,916,NA,250,40
2007,12,7,21,-6.5,915.6,NA,260,29
2007,12,8,0,-6.8,915.5,NA,20,42
2007,12,8,3,-6.7,914.4,4,70,31
2007,12,8,6,-6.9,913.1,NA,20,38
2007,12,8,9,-8.5,912,NA,20,36
2007,12,8,12,-8.5,911.3,5,270,34
2007,12,8,15,-7.9,910.6,NA,280,33
2007,12,8,18,-8.7,910.6,NA,250,40
2007,12,8,21,-7.2,911.5,3,70,36
2007,12,9,0,-7.6,912.3,NA,40,63
2007,12,9,3,-8.1,911.8,7,50,56
2007,12,9,6,-8.2,910.3,5,30,44
2007,12,9,9,-8.1,908.4,NA,250,52
2007,12,9,12,-7.1,907.4,NA,240,71
2007,12,9,15,-7.3,907.6,NA,230,41
2007,12,9,18,-9.7,907.9,NA,180,56
2007,12,9,21,-9.6,908.8,6,180,76
2007,12,10,0,-9.6,910.5,3,240,NA
2007,12,10,3,-8.7,911.3,2,30,78
2007,12,10,6,-9.6,912,2,60,83
2007,12,10,9,-9.9,913.2,3,110,84
2007,12,10,12,-11.4,914.7,NA,280,84
2007,12,10,15,-12.1,915,NA,230,83
2007,12,10,18,-12.5,915.8,9,230,82
2007,12,10,21,-12.2,916.2,NA,220,82
2007,12,11,0,-10.7,916.8,NA,230,83
2007,12,11,3,-9.2,917.1,NA,250,69
2007,12,11,6,-9,918.3,NA,230,70
2007,12,11,9,-8.7,919.6,NA,230,64
2007,12,11,12,-9.6,921.1,NA,240,69
2007,12,11,15,-8.5,920.7,NA,70,72
2007,12,11,18,-7,919.1,NA,130,66
2007,12,11,21,-8.7,917.3,NA,250,58
2007,12,12,0,-7,916.8,NA,250,46
2007,12,12,3,-5.1,916.5,NA,230,37
2007,12,12,6,-4,916.2,NA,150,31
2007,12,12,9,-5,915.3,4,280,30
2007,12,12,12,-6.5,914.9,3,290,32
2007,12,12,15,-5.9,913.8,3,290,32
2007,12,12,18,-5.5,912.9,2,20,34
2007,12,12,21,-4.5,912.3,4,50,35
2007,12,13,0,-3,911.7,2,80,32
2007,12,13,3,-2.7,911.4,2,240,34
2007,12,13,6,-2.9,911.3,3,260,28
2007,12,13,9,-5.2,911.9,NA,240,32
2007,12,13,12,-6.7,912.7,NA,220,35
2007,12,13,15,-5.7,913.2,NA,300,29
2007,12,13,18,-6.6,913.7,NA,260,29
2007,12,13,21,-4.1,914.2,NA,230,27
2007,12,14,0,-2.7,914.5,NA,190,28
2007,12,14,3,-2.6,914.8,2,160,31
2007,12,14,6,-2.5,914.8,3,250,28
2007,12,14,9,-4,914,NA,240,34
2007,12,14,12,-4.8,913,NA,240,32
2007,12,14,15,-4.1,911.9,NA,230,32
2007,12,14,18,-4.4,911,NA,240,38
2007,12,14,21,-4.5,912.6,NA,230,48
2007,12,15,0,-3.5,916.3,NA,250,NA
2007,12,15,3,-2.1,915.5,NA,250,46
2007,12,15,6,-1.1,918.7,NA,250,41
2007,12,15,9,-0.8,919.9,NA,240,37
2007,12,15,12,-1.4,921.1,NA,NA,41
2007,12,15,15,-2.4,921.4,NA,NA,44
2007,12,15,18,-3.3,922.4,NA,NA,41
2007,12,15,21,-0.9,923.7,NA,210,39
2007,12,16,0,-0.4,924.3,NA,220,40
2007,12,16,3,-0.2,924,NA,240,36
2007,12,16,6,-1.1,923.5,NA,240,38
2007,12,16,9,-1.1,923.5,NA,240,50
2007,12,16,12,-1.9,923,NA,250,34
2007,12,16,15,-3.2,922.5,3,210,52
2007,12,16,18,-2.6,922,NA,250,39
2007,12,16,21,-2.3,921.2,NA,250,46
2007,12,17,0,-4.7,918.7,NA,220,58
2007,12,17,3,-4.5,914.9,NA,240,54
2007,12,17,6,-3.8,917.2,NA,NA,53
2007,12,17,9,-4.4,915.5,NA,NA,52
2007,12,17,12,-3.6,916.9,NA,NA,48
2007,12,17,15,-4.9,912.7,NA,NA,61
2007,12,17,18,-4.1,917,NA,230,49
2007,12,17,21,-3.2,918.3,NA,230,43
2007,12,18,0,-3.1,919,NA,230,48
2007,12,18,3,-4.8,916.2,NA,240,61
2007,12,18,6,-4.4,918.8,NA,NA,67
2007,12,18,9,-4.9,921.1,NA,NA,66
2007,12,18,12,-6.4,921.9,NA,NA,82
2007,12,18,15,-5.4,921,NA,230,59
2007,12,18,18,-5.9,918.3,NA,240,65
2007,12,18,21,-6.5,919.7,NA,230,70
2007,12,19,0,-6,922.4,NA,230,64
2007,12,19,3,-5.4,921.9,NA,250,60
2007,12,19,6,-4.7,920.6,NA,20,58
2007,12,19,9,-4.9,918.4,NA,350,34
2007,12,19,12,-5.5,916.4,NA,10,35
2007,12,19,15,-4.6,913.8,NA,270,35
2007,12,19,18,-3.9,912.6,NA,50,53
2007,12,19,21,-4.8,911.9,NA,260,61
2007,12,20,0,-4.4,911.5,NA,170,51
2007,12,20,3,-4.6,911.2,6,20,64
2007,12,20,6,-6,910.8,4,40,82
2007,12,20,9,-3.3,911,2,250,46
2007,12,20,12,-6.7,911.5,NA,250,76
2007,12,20,15,-7.1,912,NA,240,86
2007,12,20,18,-5.3,913,NA,210,80
2007,12,20,21,-4,914.3,2,220,53
2007,12,21,0,-3.4,916,2,170,47
2007,12,21,3,-3.1,917.3,3,240,44
2007,12,21,6,NA,918.7,1,190,45
2007,12,21,9,-1,920.1,2,290,33
2007,12,21,12,-3.8,921.1,5,290,35
2007,12,21,15,-3.7,921.4,NA,290,35
2007,12,21,18,-3.4,921.3,5,240,34
2007,12,21,21,-4.2,921.2,NA,230,55
2007,12,22,0,-4.5,920.2,NA,230,NA
2007,12,22,3,-4.7,919.8,NA,210,89
2007,12,22,6,-5.2,919.7,NA,230,89
2007,12,22,9,-5.2,917.7,NA,220,89
2007,12,22,12,-5.8,917.5,NA,220,89
2007,12,22,15,-6.3,918.4,13,240,89
2007,12,22,18,-6,919.2,13,240,89
2007,12,22,21,-5.8,922,NA,230,89
2007,12,23,0,-4.4,922.6,NA,230,90
2007,12,23,3,-4.6,922.5,NA,10,90
2007,12,23,6,NA,921.5,1,330,91
2007,12,23,9,-4.3,921.2,NA,320,84
2007,12,23,12,-4.2,920.1,NA,320,51
2007,12,23,15,-2.8,918.8,NA,20,42
2007,12,23,18,-0.2,917.9,2,340,30
2007,12,23,21,-0.4,916.7,NA,10,34
2007,12,24,0,0.9,915.8,NA,30,32
2007,12,24,3,0.3,916.1,NA,260,36
2007,12,24,6,-0.1,915.5,NA,240,36
2007,12,24,9,-2.6,915.3,9,240,44
2007,12,24,12,NA,914.7,NA,250,78
2007,12,24,15,-6.7,914.5,NA,240,87
2007,12,24,18,-6.6,914.9,NA,230,88
2007,12,24,21,-5.9,915.3,2,220,89
2007,12,25,0,-5.2,915.6,NA,200,87
2007,12,25,3,-5.2,915.7,5,NA,87
2007,12,25,6,-5.3,916,NA,NA,86
2007,12,25,9,-6,916.4,6,NA,85
2007,12,25,12,-6.7,916.8,6,250,80
2007,12,25,15,-7.5,916.8,9,240,84
2007,12,25,18,-7.4,917.4,6,240,84
2007,12,25,21,-6.3,917.8,NA,210,79
2007,12,26,0,-6,918.7,NA,210,74
2007,12,26,3,-6,919.3,13,240,82
2007,12,26,6,-5.6,919.3,NA,230,74
2007,12,26,9,-5.5,920,NA,230,69
2007,12,26,12,-5.8,921,24,240,71
2007,12,26,15,-6.3,920.9,NA,230,79
2007,12,26,18,-7.2,923.3,NA,230,87
2007,12,26,21,-7,925.5,NA,220,88
2007,12,27,0,-6.3,926.1,NA,210,88
2007,12,27,3,-6.1,927.1,4,200,89
2007,12,27,6,-6,927.8,2,220,89
2007,12,27,9,NA,928.4,1,80,89
2007,12,27,12,-7.4,928.9,2,30,88
2007,12,27,15,-7.3,928.7,5,30,87
2007,12,27,18,-7.2,929.1,3,60,87
2007,12,27,21,-6.4,929.7,5,70,88
2007,12,28,0,-6.5,930.2,NA,60,87
2007,12,28,3,-6.6,930.3,NA,30,87
2007,12,28,6,-6.4,930.2,9,50,88
2007,12,28,9,-6.1,930.4,NA,40,88
2007,12,28,12,-6.7,930.1,NA,60,89
2007,12,28,15,-6.3,929.9,NA,230,89
2007,12,28,18,-6.4,929.2,NA,240,89
2007,12,28,21,-5.9,929.2,NA,240,89
2007,12,29,0,-5.8,929.4,14,230,90
2007,12,29,3,-5.9,928.7,NA,NA,89
2007,12,29,6,-5.9,928.4,NA,NA,90
2007,12,29,9,-6.1,927.9,NA,NA,90
2007,12,29,12,-6,927.2,NA,220,90
2007,12,29,15,-6.5,927,6,230,90
2007,12,29,18,-6.3,926.9,4,250,89
2007,12,29,21,-5.4,926.9,NA,0,89
2007,12,30,0,-2.7,926.7,2,240,71
2007,12,30,3,-3.1,926.6,3,240,70
2007,12,30,6,-6,926.1,NA,250,73
2007,12,30,9,-5.7,926.5,NA,230,81
2007,12,30,12,-6.1,925.5,NA,240,76
2007,12,30,15,-5.7,924.1,NA,220,76
2007,12,30,18,-5.4,923.6,NA,240,85
2007,12,30,21,-6.3,922.7,NA,230,88
2007,12,31,0,-6,922.2,NA,240,87
2007,12,31,3,-6.1,920.5,NA,240,87
2007,12,31,6,-6,920.9,NA,240,87
2007,12,31,9,-5.8,921.7,NA,230,81
2007,12,31,12,-6.4,922.7,NA,240,87
2007,12,31,15,-6.1,922.3,NA,240,79
2007,12,31,18,-6.3,922.5,NA,220,76
2007,12,31,21,-5.9,923,NA,220,64
2008,1,1,0,NA,NA,NA,NA,NA
2008,1,1,3,NA,NA,NA,NA,NA
2008,1,1,6,NA,NA,NA,NA,NA
2008,1,1,9,NA,NA,NA,NA,NA
2008,1,1,12,NA,NA,NA,NA,NA
2008,1,1,15,NA,NA,NA,NA,NA
2008,1,1,18,NA,NA,NA,NA,NA
2008,1,1,21,NA,NA,NA,NA,NA
2008,1,2,0,NA,NA,NA,NA,NA
2008,1,2,3,NA,NA,NA,NA,NA
2008,1,2,6,NA,NA,NA,NA,NA
2008,1,2,9,NA,NA,NA,NA,NA
2008,1,2,12,NA,NA,NA,NA,NA
2008,1,2,15,NA,NA,NA,NA,NA
2008,1,2,18,NA,NA,NA,NA,NA
2008,1,2,21,NA,NA,NA,NA,NA
2008,1,3,0,NA,NA,NA,NA,NA
2008,1,3,3,NA,NA,NA,NA,NA
2008,1,3,6,NA,NA,NA,NA,NA
2008,1,3,9,NA,NA,NA,NA,NA
2008,1,3,12,NA,NA,NA,NA,NA
2008,1,3,15,NA,NA,NA,NA,NA
2008,1,3,18,NA,NA,NA,NA,NA
2008,1,3,21,NA,NA,NA,NA,NA
2008,1,4,0,NA,NA,NA,NA,NA
2008,1,4,3,NA,NA,NA,NA,NA
2008,1,4,6,NA,NA,NA,NA,NA
2008,1,4,9,NA,NA,NA,NA,NA
2008,1,4,12,NA,NA,NA,NA,NA
2008,1,4,15,NA,NA,NA,NA,NA
2008,1,4,18,NA,NA,NA,NA,NA
2008,1,4,21,NA,NA,NA,NA,NA
2008,1,5,0,NA,NA,NA,NA,NA
2008,1,5,3,NA,NA,NA,NA,NA
2008,1,5,6,NA,NA,NA,NA,NA
2008,1,5,9,NA,NA,NA,NA,NA
2008,1,5,12,NA,NA,NA,NA,NA
2008,1,5,15,NA,NA,NA,NA,NA
2008,1,5,18,NA,NA,NA,NA,NA
2008,1,5,21,NA,NA,NA,NA,NA
2008,1,6,0,NA,NA,NA,NA,NA
2008,1,6,3,NA,NA,NA,NA,NA
2008,1,6,6,NA,NA,NA,NA,NA
2008,1,6,9,NA,NA,NA,NA,NA
2008,1,6,12,NA,NA,NA,NA,NA
2008,1,6,15,NA,NA,NA,NA,NA
2008,1,6,18,NA,NA,NA,NA,NA
2008,1,6,21,NA,NA,NA,NA,NA
2008,1,7,0,NA,NA,NA,NA,NA
2008,1,7,3,NA,NA,NA,NA,NA
2008,1,7,6,NA,NA,NA,NA,NA
2008,1,7,9,NA,NA,NA,NA,NA
2008,1,7,12,NA,NA,NA,NA,NA
2008,1,7,15,NA,NA,NA,NA,NA
2008,1,7,18,NA,NA,NA,NA,NA
2008,1,7,21,NA,NA,NA,NA,NA
2008,1,8,0,NA,NA,NA,NA,NA
2008,1,8,3,NA,NA,NA,NA,NA
2008,1,8,6,NA,NA,NA,NA,NA
2008,1,8,9,NA,NA,NA,NA,NA
2008,1,8,12,NA,NA,NA,NA,NA
2008,1,8,15,NA,NA,NA,NA,NA
2008,1,8,18,NA,NA,NA,NA,NA
2008,1,8,21,NA,NA,NA,NA,NA
2008,1,9,0,NA,NA,NA,NA,NA
2008,1,9,3,NA,NA,NA,NA,NA
2008,1,9,6,NA,NA,NA,NA,NA
2008,1,9,9,NA,NA,NA,NA,NA
2008,1,9,12,NA,NA,NA,NA,NA
2008,1,9,15,NA,NA,NA,NA,NA
2008,1,9,18,NA,NA,NA,NA,NA
2008,1,9,21,NA,NA,NA,NA,NA
2008,1,10,0,NA,NA,NA,NA,NA
2008,1,10,3,NA,NA,NA,NA,NA
2008,1,10,6,NA,NA,NA,NA,NA
2008,1,10,9,NA,NA,NA,NA,NA
2008,1,10,12,NA,NA,NA,NA,NA
2008,1,10,15,NA,NA,NA,NA,NA
2008,1,10,18,NA,NA,NA,NA,NA
2008,1,10,21,NA,NA,NA,NA,NA
2008,1,11,0,NA,NA,NA,NA,NA
2008,1,11,3,NA,NA,NA,NA,NA
2008,1,11,6,NA,NA,NA,NA,NA
2008,1,11,9,NA,NA,NA,NA,NA
2008,1,11,12,NA,NA,NA,NA,NA
2008,1,11,15,NA,NA,NA,NA,NA
2008,1,11,18,NA,NA,NA,NA,NA
2008,1,11,21,NA,NA,NA,NA,NA
2008,1,12,0,NA,NA,NA,NA,NA
2008,1,12,3,NA,NA,NA,NA,NA
2008,1,12,6,NA,NA,NA,NA,NA
2008,1,12,9,NA,NA,NA,NA,NA
2008,1,12,12,NA,NA,NA,NA,NA
2008,1,12,15,NA,NA,NA,NA,NA
2008,1,12,18,NA,NA,NA,NA,NA
2008,1,12,21,NA,NA,NA,NA,NA
2008,1,13,0,NA,NA,NA,NA,NA
2008,1,13,3,NA,NA,NA,NA,NA
2008,1,13,6,NA,NA,NA,NA,NA
2008,1,13,9,NA,NA,NA,NA,NA
2008,1,13,12,NA,NA,NA,NA,NA
2008,1,13,15,NA,NA,NA,NA,NA
2008,1,13,18,NA,NA,NA,NA,NA
2008,1,13,21,NA,NA,NA,NA,NA
2008,1,14,0,NA,NA,NA,NA,NA
2008,1,14,3,NA,NA,NA,NA,NA
2008,1,14,6,NA,NA,NA,NA,NA
2008,1,14,9,NA,NA,NA,NA,NA
2008,1,14,12,NA,NA,NA,NA,NA
2008,1,14,15,NA,NA,NA,NA,NA
2008,1,14,18,NA,NA,NA,NA,NA
2008,1,14,21,NA,NA,NA,NA,NA
2008,1,15,0,NA,NA,NA,NA,NA
2008,1,15,3,NA,NA,NA,NA,NA
2008,1,15,6,NA,NA,NA,NA,NA
2008,1,15,9,NA,NA,NA,NA,NA
2008,1,15,12,NA,NA,NA,NA,NA
2008,1,15,15,NA,NA,NA,NA,NA
2008,1,15,18,NA,NA,NA,NA,NA
2008,1,15,21,NA,NA,NA,NA,NA
2008,1,16,0,NA,NA,NA,NA,NA
2008,1,16,3,NA,NA,NA,NA,NA
2008,1,16,6,NA,NA,NA,NA,NA
2008,1,16,9,NA,NA,NA,NA,NA
2008,1,16,12,NA,NA,NA,NA,NA
2008,1,16,15,NA,NA,NA,NA,NA
2008,1,16,18,NA,NA,NA,NA,NA
2008,1,16,21,NA,NA,NA,NA,NA
2008,1,17,0,NA,NA,NA,NA,NA
2008,1,17,3,NA,NA,NA,NA,NA
2008,1,17,6,NA,NA,NA,NA,NA
2008,1,17,9,NA,NA,NA,NA,NA
2008,1,17,12,NA,NA,NA,NA,NA
2008,1,17,15,NA,NA,NA,NA,NA
2008,1,17,18,NA,NA,NA,NA,NA
2008,1,17,21,NA,NA,NA,NA,NA
2008,1,18,0,NA,NA,NA,NA,NA
2008,1,18,3,NA,NA,NA,NA,NA
2008,1,18,6,NA,NA,NA,NA,NA
2008,1,18,9,NA,NA,NA,NA,NA
2008,1,18,12,NA,NA,NA,NA,NA
2008,1,18,15,NA,NA,NA,NA,NA
2008,1,18,18,NA,NA,NA,NA,NA
2008,1,18,21,NA,NA,NA,NA,NA
2008,1,19,0,NA,NA,NA,NA,NA
2008,1,19,3,NA,NA,NA,NA,NA
2008,1,19,6,NA,NA,NA,NA,NA
2008,1,19,9,NA,NA,NA,NA,NA
2008,1,19,12,NA,NA,NA,NA,NA
2008,1,19,15,NA,NA,NA,NA,NA
2008,1,19,18,NA,NA,NA,NA,NA
2008,1,19,21,NA,NA,NA,NA,NA
2008,1,20,0,NA,NA,NA,NA,NA
2008,1,20,3,NA,NA,NA,NA,NA
2008,1,20,6,NA,NA,NA,NA,NA
2008,1,20,9,NA,NA,NA,NA,NA
2008,1,20,12,NA,NA,NA,NA,NA
2008,1,20,15,NA,NA,NA,NA,NA
2008,1,20,18,NA,NA,NA,NA,NA
2008,1,20,21,NA,NA,NA,NA,NA
2008,1,21,0,NA,NA,NA,NA,NA
2008,1,21,3,NA,NA,NA,NA,NA
2008,1,21,6,NA,NA,NA,NA,NA
2008,1,21,9,NA,NA,NA,NA,NA
2008,1,21,12,NA,NA,NA,NA,NA
2008,1,21,15,NA,NA,NA,NA,NA
2008,1,21,18,NA,NA,NA,NA,NA
2008,1,21,21,NA,NA,NA,NA,NA
2008,1,22,0,NA,NA,NA,NA,NA
2008,1,22,3,NA,NA,NA,NA,NA
2008,1,22,6,NA,NA,NA,NA,NA
2008,1,22,9,NA,NA,NA,NA,NA
2008,1,22,12,NA,NA,NA,NA,NA
2008,1,22,15,NA,NA,NA,NA,NA
2008,1,22,18,NA,NA,NA,NA,NA
2008,1,22,21,NA,NA,NA,NA,NA
2008,1,23,0,NA,NA,NA,NA,NA
2008,1,23,3,NA,NA,NA,NA,NA
2008,1,23,6,NA,NA,NA,NA,NA
2008,1,23,9,NA,NA,NA,NA,NA
2008,1,23,12,NA,NA,NA,NA,NA
2008,1,23,15,NA,NA,NA,NA,NA
2008,1,23,18,NA,NA,NA,NA,NA
2008,1,23,21,NA,NA,NA,NA,NA
2008,1,24,0,NA,NA,NA,NA,NA
2008,1,24,3,NA,NA,NA,NA,NA
2008,1,24,6,NA,NA,NA,NA,NA
2008,1,24,9,NA,NA,NA,NA,NA
2008,1,24,12,NA,NA,NA,NA,NA
2008,1,24,15,NA,NA,NA,NA,NA
2008,1,24,18,NA,NA,NA,NA,NA
2008,1,24,21,NA,NA,NA,NA,NA
2008,1,25,0,NA,NA,NA,NA,NA
2008,1,25,3,NA,NA,NA,NA,NA
2008,1,25,6,NA,NA,NA,NA,NA
2008,1,25,9,NA,NA,NA,NA,NA
2008,1,25,12,NA,NA,NA,NA,NA
2008,1,25,15,NA,NA,NA,NA,NA
2008,1,25,18,NA,NA,NA,NA,NA
2008,1,25,21,NA,NA,NA,NA,NA
2008,1,26,0,NA,NA,NA,NA,NA
2008,1,26,3,NA,NA,NA,NA,NA
2008,1,26,6,NA,NA,NA,NA,NA
2008,1,26,9,NA,NA,NA,NA,NA
2008,1,26,12,NA,NA,NA,NA,NA
2008,1,26,15,NA,NA,NA,NA,NA
2008,1,26,18,NA,NA,NA,NA,NA
2008,1,26,21,NA,NA,NA,NA,NA
2008,1,27,0,NA,NA,NA,NA,NA
2008,1,27,3,NA,NA,NA,NA,NA
2008,1,27,6,NA,NA,NA,NA,NA
2008,1,27,9,NA,NA,NA,NA,NA
2008,1,27,12,NA,NA,NA,NA,NA
2008,1,27,15,NA,NA,NA,NA,NA
2008,1,27,18,NA,NA,NA,NA,NA
2008,1,27,21,NA,NA,NA,NA,NA
2008,1,28,0,NA,NA,NA,NA,NA
2008,1,28,3,NA,NA,NA,NA,NA
2008,1,28,6,NA,NA,NA,NA,NA
2008,1,28,9,NA,NA,NA,NA,NA
2008,1,28,12,NA,NA,NA,NA,NA
2008,1,28,15,NA,NA,NA,NA,NA
2008,1,28,18,NA,NA,NA,NA,NA
2008,1,28,21,NA,NA,NA,NA,NA
2008,1,29,0,NA,NA,NA,NA,NA
2008,1,29,3,NA,NA,NA,NA,NA
2008,1,29,6,NA,NA,NA,NA,NA
2008,1,29,9,NA,NA,NA,NA,NA
2008,1,29,12,NA,NA,NA,NA,NA
2008,1,29,15,NA,NA,NA,NA,NA
2008,1,29,18,NA,NA,NA,NA,NA
2008,1,29,21,NA,NA,NA,NA,NA
2008,1,30,0,NA,NA,NA,NA,NA
2008,1,30,3,NA,NA,NA,NA,NA
2008,1,30,6,NA,NA,NA,NA,NA
2008,1,30,9,NA,NA,NA,NA,NA
2008,1,30,12,NA,NA,NA,NA,NA
2008,1,30,15,NA,NA,NA,NA,NA
2008,1,30,18,NA,NA,NA,NA,NA
2008,1,30,21,NA,NA,NA,NA,NA
2008,1,31,0,NA,NA,NA,NA,NA
2008,1,31,3,NA,NA,NA,NA,NA
2008,1,31,6,NA,NA,NA,NA,NA
2008,1,31,9,NA,NA,NA,NA,NA
2008,1,31,12,NA,NA,NA,NA,NA
2008,1,31,15,NA,NA,NA,NA,NA
2008,1,31,18,NA,NA,NA,NA,NA
2008,1,31,21,NA,NA,NA,NA,NA
2008,2,1,0,NA,NA,NA,NA,NA
2008,2,1,3,NA,NA,NA,NA,NA
2008,2,1,6,NA,NA,NA,NA,NA
2008,2,1,9,NA,NA,NA,NA,NA
2008,2,1,12,NA,NA,NA,NA,NA
2008,2,1,15,NA,NA,NA,NA,NA
2008,2,1,18,NA,NA,NA,NA,NA
2008,2,1,21,NA,NA,NA,NA,NA
2008,2,2,0,NA,NA,NA,NA,NA
2008,2,2,3,NA,NA,NA,NA,NA
2008,2,2,6,NA,NA,NA,NA,NA
2008,2,2,9,NA,NA,NA,NA,NA
2008,2,2,12,NA,NA,NA,NA,NA
2008,2,2,15,NA,NA,NA,NA,NA
2008,2,2,18,NA,NA,NA,NA,NA
2008,2,2,21,NA,NA,NA,NA,NA
2008,2,3,0,NA,NA,NA,NA,NA
2008,2,3,3,NA,NA,NA,NA,NA
2008,2,3,6,NA,NA,NA,NA,NA
2008,2,3,9,NA,NA,NA,NA,NA
2008,2,3,12,NA,NA,NA,NA,NA
2008,2,3,15,NA,NA,NA,NA,NA
2008,2,3,18,NA,NA,NA,NA,NA
2008,2,3,21,NA,NA,NA,NA,NA
2008,2,4,0,NA,NA,NA,NA,NA
2008,2,4,3,NA,NA,NA,NA,NA
2008,2,4,6,NA,NA,NA,NA,NA
2008,2,4,9,NA,NA,NA,NA,NA
2008,2,4,12,NA,NA,NA,NA,NA
2008,2,4,15,NA,NA,NA,NA,NA
2008,2,4,18,NA,NA,NA,NA,NA
2008,2,4,21,NA,NA,NA,NA,NA
2008,2,5,0,NA,NA,NA,NA,NA
2008,2,5,3,NA,NA,NA,NA,NA
2008,2,5,6,NA,NA,NA,NA,NA
2008,2,5,9,NA,NA,NA,NA,NA
2008,2,5,12,NA,NA,NA,NA,NA
2008,2,5,15,NA,NA,NA,NA,NA
2008,2,5,18,NA,NA,NA,NA,NA
2008,2,5,21,NA,NA,NA,NA,NA
2008,2,6,0,NA,NA,NA,NA,NA
2008,2,6,3,NA,NA,NA,NA,NA
2008,2,6,6,NA,NA,NA,NA,NA
2008,2,6,9,NA,NA,NA,NA,NA
2008,2,6,12,NA,NA,NA,NA,NA
2008,2,6,15,NA,NA,NA,NA,NA
2008,2,6,18,NA,NA,NA,NA,NA
2008,2,6,21,NA,NA,NA,NA,NA
2008,2,7,0,NA,NA,NA,NA,NA
2008,2,7,3,NA,NA,NA,NA,NA
2008,2,7,6,NA,NA,NA,NA,NA
2008,2,7,9,NA,NA,NA,NA,NA
2008,2,7,12,NA,NA,NA,NA,NA
2008,2,7,15,NA,NA,NA,NA,NA
2008,2,7,18,NA,NA,NA,NA,NA
2008,2,7,21,NA,NA,NA,NA,NA
2008,2,8,0,NA,NA,NA,NA,NA
2008,2,8,3,NA,NA,NA,NA,NA
2008,2,8,6,NA,NA,NA,NA,NA
2008,2,8,9,NA,NA,NA,NA,NA
2008,2,8,12,NA,NA,NA,NA,NA
2008,2,8,15,NA,NA,NA,NA,NA
2008,2,8,18,NA,NA,NA,NA,NA
2008,2,8,21,NA,NA,NA,NA,NA
2008,2,9,0,NA,NA,NA,NA,NA
2008,2,9,3,NA,NA,NA,NA,NA
2008,2,9,6,NA,NA,NA,NA,NA
2008,2,9,9,NA,NA,NA,NA,NA
2008,2,9,12,NA,NA,NA,NA,NA
2008,2,9,15,NA,NA,NA,NA,NA
2008,2,9,18,NA,NA,NA,NA,NA
2008,2,9,21,NA,NA,NA,NA,NA
2008,2,10,0,NA,NA,NA,NA,NA
2008,2,10,3,NA,NA,NA,NA,NA
2008,2,10,6,NA,NA,NA,NA,NA
2008,2,10,9,NA,NA,NA,NA,NA
2008,2,10,12,NA,NA,NA,NA,NA
2008,2,10,15,NA,NA,NA,NA,NA
2008,2,10,18,NA,NA,NA,NA,NA
2008,2,10,21,NA,NA,NA,NA,NA
2008,2,11,0,NA,NA,NA,NA,NA
2008,2,11,3,NA,NA,NA,NA,NA
2008,2,11,6,NA,NA,NA,NA,NA
2008,2,11,9,NA,NA,NA,NA,NA
2008,2,11,12,NA,NA,NA,NA,NA
2008,2,11,15,NA,NA,NA,NA,NA
2008,2,11,18,NA,NA,NA,NA,NA
2008,2,11,21,NA,NA,NA,NA,NA
2008,2,12,0,NA,NA,NA,NA,NA
2008,2,12,3,NA,NA,NA,NA,NA
2008,2,12,6,NA,NA,NA,NA,NA
2008,2,12,9,NA,NA,NA,NA,NA
2008,2,12,12,NA,NA,NA,NA,NA
2008,2,12,15,NA,NA,NA,NA,NA
2008,2,12,18,NA,NA,NA,NA,NA
2008,2,12,21,NA,NA,NA,NA,NA
2008,2,13,0,NA,NA,NA,NA,NA
2008,2,13,3,NA,NA,NA,NA,NA
2008,2,13,6,NA,NA,NA,NA,NA
2008,2,13,9,NA,NA,NA,NA,NA
2008,2,13,12,NA,NA,NA,NA,NA
2008,2,13,15,NA,NA,NA,NA,NA
2008,2,13,18,NA,NA,NA,NA,NA
2008,2,13,21,NA,NA,NA,NA,NA
2008,2,14,0,NA,NA,NA,NA,NA
2008,2,14,3,NA,NA,NA,NA,NA
2008,2,14,6,NA,NA,NA,NA,NA
2008,2,14,9,NA,NA,NA,NA,NA
2008,2,14,12,NA,NA,NA,NA,NA
2008,2,14,15,NA,NA,NA,NA,NA
2008,2,14,18,NA,NA,NA,NA,NA
2008,2,14,21,NA,NA,NA,NA,NA
2008,2,15,0,NA,NA,NA,NA,NA
2008,2,15,3,NA,NA,NA,NA,NA
2008,2,15,6,NA,NA,NA,NA,NA
2008,2,15,9,NA,NA,NA,NA,NA
2008,2,15,12,NA,NA,NA,NA,NA
2008,2,15,15,NA,NA,NA,NA,NA
2008,2,15,18,NA,NA,NA,NA,NA
2008,2,15,21,NA,NA,NA,NA,NA
2008,2,16,0,NA,NA,NA,NA,NA
2008,2,16,3,NA,NA,NA,NA,NA
2008,2,16,6,NA,NA,NA,NA,NA
2008,2,16,9,NA,NA,NA,NA,NA
2008,2,16,12,NA,NA,NA,NA,NA
2008,2,16,15,NA,NA,NA,NA,NA
2008,2,16,18,NA,NA,NA,NA,NA
2008,2,16,21,NA,NA,NA,NA,NA
2008,2,17,0,NA,NA,NA,NA,NA
2008,2,17,3,NA,NA,NA,NA,NA
2008,2,17,6,NA,NA,NA,NA,NA
2008,2,17,9,NA,NA,NA,NA,NA
2008,2,17,12,NA,NA,NA,NA,NA
2008,2,17,15,NA,NA,NA,NA,NA
2008,2,17,18,NA,NA,NA,NA,NA
2008,2,17,21,NA,NA,NA,NA,NA
2008,2,18,0,NA,NA,NA,NA,NA
2008,2,18,3,NA,NA,NA,NA,NA
2008,2,18,6,NA,NA,NA,NA,NA
2008,2,18,9,NA,NA,NA,NA,NA
2008,2,18,12,NA,NA,NA,NA,NA
2008,2,18,15,NA,NA,NA,NA,NA
2008,2,18,18,NA,NA,NA,NA,NA
2008,2,18,21,NA,NA,NA,NA,NA
2008,2,19,0,NA,NA,NA,NA,NA
2008,2,19,3,NA,NA,NA,NA,NA
2008,2,19,6,NA,NA,NA,NA,NA
2008,2,19,9,NA,NA,NA,NA,NA
2008,2,19,12,NA,NA,NA,NA,NA
2008,2,19,15,NA,NA,NA,NA,NA
2008,2,19,18,NA,NA,NA,NA,NA
2008,2,19,21,NA,NA,NA,NA,NA
2008,2,20,0,NA,NA,NA,NA,NA
2008,2,20,3,NA,NA,NA,NA,NA
2008,2,20,6,NA,NA,NA,NA,NA
2008,2,20,9,NA,NA,NA,NA,NA
2008,2,20,12,NA,NA,NA,NA,NA
2008,2,20,15,NA,NA,NA,NA,NA
2008,2,20,18,NA,NA,NA,NA,NA
2008,2,20,21,NA,NA,NA,NA,NA
2008,2,21,0,NA,NA,NA,NA,NA
2008,2,21,3,NA,NA,NA,NA,NA
2008,2,21,6,NA,NA,NA,NA,NA
2008,2,21,9,NA,NA,NA,NA,NA
2008,2,21,12,NA,NA,NA,NA,NA
2008,2,21,15,NA,NA,NA,NA,NA
2008,2,21,18,NA,NA,NA,NA,NA
2008,2,21,21,NA,NA,NA,NA,NA
2008,2,22,0,NA,NA,NA,NA,NA
2008,2,22,3,NA,NA,NA,NA,NA
2008,2,22,6,NA,NA,NA,NA,NA
2008,2,22,9,NA,NA,NA,NA,NA
2008,2,22,12,NA,NA,NA,NA,NA
2008,2,22,15,NA,NA,NA,NA,NA
2008,2,22,18,NA,NA,NA,NA,NA
2008,2,22,21,NA,NA,NA,NA,NA
2008,2,23,0,NA,NA,NA,NA,NA
2008,2,23,3,NA,NA,NA,NA,NA
2008,2,23,6,NA,NA,NA,NA,NA
2008,2,23,9,NA,NA,NA,NA,NA
2008,2,23,12,NA,NA,NA,NA,NA
2008,2,23,15,NA,NA,NA,NA,NA
2008,2,23,18,NA,NA,NA,NA,NA
2008,2,23,21,NA,NA,NA,NA,NA
2008,2,24,0,NA,NA,NA,NA,NA
2008,2,24,3,NA,NA,NA,NA,NA
2008,2,24,6,NA,NA,NA,NA,NA
2008,2,24,9,NA,NA,NA,NA,NA
2008,2,24,12,NA,NA,NA,NA,NA
2008,2,24,15,NA,NA,NA,NA,NA
2008,2,24,18,NA,NA,NA,NA,NA
2008,2,24,21,NA,NA,NA,NA,NA
2008,2,25,0,NA,NA,NA,NA,NA
2008,2,25,3,NA,NA,NA,NA,NA
2008,2,25,6,NA,NA,NA,NA,NA
2008,2,25,9,NA,NA,NA,NA,NA
2008,2,25,12,NA,NA,NA,NA,NA
2008,2,25,15,NA,NA,NA,NA,NA
2008,2,25,18,NA,NA,NA,NA,NA
2008,2,25,21,NA,NA,NA,NA,NA
2008,2,26,0,NA,NA,NA,NA,NA
2008,2,26,3,NA,NA,NA,NA,NA
2008,2,26,6,NA,NA,NA,NA,NA
2008,2,26,9,NA,NA,NA,NA,NA
2008,2,26,12,NA,NA,NA,NA,NA
2008,2,26,15,NA,NA,NA,NA,NA
2008,2,26,18,NA,NA,NA,NA,NA
2008,2,26,21,NA,NA,NA,NA,NA
2008,2,27,0,NA,NA,NA,NA,NA
2008,2,27,3,NA,NA,NA,NA,NA
2008,2,27,6,NA,NA,NA,NA,NA
2008,2,27,9,NA,NA,NA,NA,NA
2008,2,27,12,NA,NA,NA,NA,NA
2008,2,27,15,NA,NA,NA,NA,NA
2008,2,27,18,NA,NA,NA,NA,NA
2008,2,27,21,NA,NA,NA,NA,NA
2008,2,28,0,NA,NA,NA,NA,NA
2008,2,28,3,NA,NA,NA,NA,NA
2008,2,28,6,NA,NA,NA,NA,NA
2008,2,28,9,NA,NA,NA,NA,NA
2008,2,28,12,NA,NA,NA,NA,NA
2008,2,28,15,NA,NA,NA,NA,NA
2008,2,28,18,NA,NA,NA,NA,NA
2008,2,28,21,NA,NA,NA,NA,NA
2008,2,29,0,NA,NA,NA,NA,NA
2008,2,29,3,NA,NA,NA,NA,NA
2008,2,29,6,NA,NA,NA,NA,NA
2008,2,29,9,NA,NA,NA,NA,NA
2008,2,29,12,NA,NA,NA,NA,NA
2008,2,29,15,NA,NA,NA,NA,NA
2008,2,29,18,NA,NA,NA,NA,NA
2008,2,29,21,NA,NA,NA,NA,NA
2008,3,1,0,NA,NA,NA,NA,NA
2008,3,1,3,NA,NA,NA,NA,NA
2008,3,1,6,NA,NA,NA,NA,NA
2008,3,1,9,NA,NA,NA,NA,NA
2008,3,1,12,NA,NA,NA,NA,NA
2008,3,1,15,NA,NA,NA,NA,NA
2008,3,1,18,NA,NA,NA,NA,NA
2008,3,1,21,NA,NA,NA,NA,NA
2008,3,2,0,NA,NA,NA,NA,NA
2008,3,2,3,NA,NA,NA,NA,NA
2008,3,2,6,NA,NA,NA,NA,NA
2008,3,2,9,NA,NA,NA,NA,NA
2008,3,2,12,NA,NA,NA,NA,NA
2008,3,2,15,NA,NA,NA,NA,NA
2008,3,2,18,NA,NA,NA,NA,NA
2008,3,2,21,NA,NA,NA,NA,NA
2008,3,3,0,NA,NA,NA,NA,NA
2008,3,3,3,NA,NA,NA,NA,NA
2008,3,3,6,NA,NA,NA,NA,NA
2008,3,3,9,NA,NA,NA,NA,NA
2008,3,3,12,NA,NA,NA,NA,NA
2008,3,3,15,NA,NA,NA,NA,NA
2008,3,3,18,NA,NA,NA,NA,NA
2008,3,3,21,NA,NA,NA,NA,NA
2008,3,4,0,NA,NA,NA,NA,NA
2008,3,4,3,NA,NA,NA,NA,NA
2008,3,4,6,NA,NA,NA,NA,NA
2008,3,4,9,NA,NA,NA,NA,NA
2008,3,4,12,NA,NA,NA,NA,NA
2008,3,4,15,NA,NA,NA,NA,NA
2008,3,4,18,NA,NA,NA,NA,NA
2008,3,4,21,NA,NA,NA,NA,NA
2008,3,5,0,NA,NA,NA,NA,NA
2008,3,5,3,NA,NA,NA,NA,NA
2008,3,5,6,NA,NA,NA,NA,NA
2008,3,5,9,NA,NA,NA,NA,NA
2008,3,5,12,NA,NA,NA,NA,NA
2008,3,5,15,NA,NA,NA,NA,NA
2008,3,5,18,NA,NA,NA,NA,NA
2008,3,5,21,NA,NA,NA,NA,NA
2008,3,6,0,NA,NA,NA,NA,NA
2008,3,6,3,NA,NA,NA,NA,NA
2008,3,6,6,NA,NA,NA,NA,NA
2008,3,6,9,NA,NA,NA,NA,NA
2008,3,6,12,NA,NA,NA,NA,NA
2008,3,6,15,NA,NA,NA,NA,NA
2008,3,6,18,NA,NA,NA,NA,NA
2008,3,6,21,NA,NA,NA,NA,NA
2008,3,7,0,NA,NA,NA,NA,NA
2008,3,7,3,NA,NA,NA,NA,NA
2008,3,7,6,NA,NA,NA,NA,NA
2008,3,7,9,NA,NA,NA,NA,NA
2008,3,7,12,NA,NA,NA,NA,NA
2008,3,7,15,NA,NA,NA,NA,NA
2008,3,7,18,NA,NA,NA,NA,NA
2008,3,7,21,NA,NA,NA,NA,NA
2008,3,8,0,NA,NA,NA,NA,NA
2008,3,8,3,NA,NA,NA,NA,NA
2008,3,8,6,NA,NA,NA,NA,NA
2008,3,8,9,NA,NA,NA,NA,NA
2008,3,8,12,NA,NA,NA,NA,NA
2008,3,8,15,NA,NA,NA,NA,NA
2008,3,8,18,NA,NA,NA,NA,NA
2008,3,8,21,NA,NA,NA,NA,NA
2008,3,9,0,NA,NA,NA,NA,NA
2008,3,9,3,NA,NA,NA,NA,NA
2008,3,9,6,NA,NA,NA,NA,NA
2008,3,9,9,NA,NA,NA,NA,NA
2008,3,9,12,NA,NA,NA,NA,NA
2008,3,9,15,NA,NA,NA,NA,NA
2008,3,9,18,NA,NA,NA,NA,NA
2008,3,9,21,NA,NA,NA,NA,NA
2008,3,10,0,NA,NA,NA,NA,NA
2008,3,10,3,NA,NA,NA,NA,NA
2008,3,10,6,NA,NA,NA,NA,NA
2008,3,10,9,NA,NA,NA,NA,NA
2008,3,10,12,NA,NA,NA,NA,NA
2008,3,10,15,NA,NA,NA,NA,NA
2008,3,10,18,NA,NA,NA,NA,NA
2008,3,10,21,NA,NA,NA,NA,NA
2008,3,11,0,NA,NA,NA,NA,NA
2008,3,11,3,NA,NA,NA,NA,NA
2008,3,11,6,NA,NA,NA,NA,NA
2008,3,11,9,NA,NA,NA,NA,NA
2008,3,11,12,NA,NA,NA,NA,NA
2008,3,11,15,NA,NA,NA,NA,NA
2008,3,11,18,NA,NA,NA,NA,NA
2008,3,11,21,NA,NA,NA,NA,NA
2008,3,12,0,NA,NA,NA,NA,NA
2008,3,12,3,NA,NA,NA,NA,NA
2008,3,12,6,NA,NA,NA,NA,NA
2008,3,12,9,NA,NA,NA,NA,NA
2008,3,12,12,NA,NA,NA,NA,NA
2008,3,12,15,NA,NA,NA,NA,NA
2008,3,12,18,NA,NA,NA,NA,NA
2008,3,12,21,NA,NA,NA,NA,NA
2008,3,13,0,NA,NA,NA,NA,NA
2008,3,13,3,NA,NA,NA,NA,NA
2008,3,13,6,NA,NA,NA,NA,NA
2008,3,13,9,NA,NA,NA,NA,NA
2008,3,13,12,NA,NA,NA,NA,NA
2008,3,13,15,NA,NA,NA,NA,NA
2008,3,13,18,NA,NA,NA,NA,NA
2008,3,13,21,NA,NA,NA,NA,NA
2008,3,14,0,NA,NA,NA,NA,NA
2008,3,14,3,NA,NA,NA,NA,NA
2008,3,14,6,NA,NA,NA,NA,NA
2008,3,14,9,NA,NA,NA,NA,NA
2008,3,14,12,NA,NA,NA,NA,NA
2008,3,14,15,NA,NA,NA,NA,NA
2008,3,14,18,NA,NA,NA,NA,NA
2008,3,14,21,NA,NA,NA,NA,NA
2008,3,15,0,NA,NA,NA,NA,NA
2008,3,15,3,NA,NA,NA,NA,NA
2008,3,15,6,NA,NA,NA,NA,NA
2008,3,15,9,NA,NA,NA,NA,NA
2008,3,15,12,NA,NA,NA,NA,NA
2008,3,15,15,NA,NA,NA,NA,NA
2008,3,15,18,NA,NA,NA,NA,NA
2008,3,15,21,NA,NA,NA,NA,NA
2008,3,16,0,NA,NA,NA,NA,NA
2008,3,16,3,NA,NA,NA,NA,NA
2008,3,16,6,NA,NA,NA,NA,NA
2008,3,16,9,NA,NA,NA,NA,NA
2008,3,16,12,NA,NA,NA,NA,NA
2008,3,16,15,NA,NA,NA,NA,NA
2008,3,16,18,NA,NA,NA,NA,NA
2008,3,16,21,NA,NA,NA,NA,NA
2008,3,17,0,NA,NA,NA,NA,NA
2008,3,17,3,NA,NA,NA,NA,NA
2008,3,17,6,NA,NA,NA,NA,NA
2008,3,17,9,NA,NA,NA,NA,NA
2008,3,17,12,NA,NA,NA,NA,NA
2008,3,17,15,NA,NA,NA,NA,NA
2008,3,17,18,NA,NA,NA,NA,NA
2008,3,17,21,NA,NA,NA,NA,NA
2008,3,18,0,NA,NA,NA,NA,NA
2008,3,18,3,NA,NA,NA,NA,NA
2008,3,18,6,NA,NA,NA,NA,NA
2008,3,18,9,NA,NA,NA,NA,NA
2008,3,18,12,NA,NA,NA,NA,NA
2008,3,18,15,NA,NA,NA,NA,NA
2008,3,18,18,NA,NA,NA,NA,NA
2008,3,18,21,NA,NA,NA,NA,NA
2008,3,19,0,NA,NA,NA,NA,NA
2008,3,19,3,NA,NA,NA,NA,NA
2008,3,19,6,NA,NA,NA,NA,NA
2008,3,19,9,NA,NA,NA,NA,NA
2008,3,19,12,NA,NA,NA,NA,NA
2008,3,19,15,NA,NA,NA,NA,NA
2008,3,19,18,NA,NA,NA,NA,NA
2008,3,19,21,NA,NA,NA,NA,NA
2008,3,20,0,NA,NA,NA,NA,NA
2008,3,20,3,NA,NA,NA,NA,NA
2008,3,20,6,NA,NA,NA,NA,NA
2008,3,20,9,NA,NA,NA,NA,NA
2008,3,20,12,NA,NA,NA,NA,NA
2008,3,20,15,NA,NA,NA,NA,NA
2008,3,20,18,NA,NA,NA,NA,NA
2008,3,20,21,NA,NA,NA,NA,NA
2008,3,21,0,NA,NA,NA,NA,NA
2008,3,21,3,NA,NA,NA,NA,NA
2008,3,21,6,NA,NA,NA,NA,NA
2008,3,21,9,NA,NA,NA,NA,NA
2008,3,21,12,NA,NA,NA,NA,NA
2008,3,21,15,NA,NA,NA,NA,NA
2008,3,21,18,NA,NA,NA,NA,NA
2008,3,21,21,NA,NA,NA,NA,NA
2008,3,22,0,NA,NA,NA,NA,NA
2008,3,22,3,NA,NA,NA,NA,NA
2008,3,22,6,NA,NA,NA,NA,NA
2008,3,22,9,NA,NA,NA,NA,NA
2008,3,22,12,NA,NA,NA,NA,NA
2008,3,22,15,NA,NA,NA,NA,NA
2008,3,22,18,NA,NA,NA,NA,NA
2008,3,22,21,NA,NA,NA,NA,NA
2008,3,23,0,NA,NA,NA,NA,NA
2008,3,23,3,NA,NA,NA,NA,NA
2008,3,23,6,NA,NA,NA,NA,NA
2008,3,23,9,NA,NA,NA,NA,NA
2008,3,23,12,NA,NA,NA,NA,NA
2008,3,23,15,NA,NA,NA,NA,NA
2008,3,23,18,NA,NA,NA,NA,NA
2008,3,23,21,NA,NA,NA,NA,NA
2008,3,24,0,NA,NA,NA,NA,NA
2008,3,24,3,NA,NA,NA,NA,NA
2008,3,24,6,NA,NA,NA,NA,NA
2008,3,24,9,NA,NA,NA,NA,NA
2008,3,24,12,NA,NA,NA,NA,NA
2008,3,24,15,NA,NA,NA,NA,NA
2008,3,24,18,NA,NA,NA,NA,NA
2008,3,24,21,NA,NA,NA,NA,NA
2008,3,25,0,NA,NA,NA,NA,NA
2008,3,25,3,NA,NA,NA,NA,NA
2008,3,25,6,NA,NA,NA,NA,NA
2008,3,25,9,NA,NA,NA,NA,NA
2008,3,25,12,NA,NA,NA,NA,NA
2008,3,25,15,NA,NA,NA,NA,NA
2008,3,25,18,NA,NA,NA,NA,NA
2008,3,25,21,NA,NA,NA,NA,NA
2008,3,26,0,NA,NA,NA,NA,NA
2008,3,26,3,NA,NA,NA,NA,NA
2008,3,26,6,NA,NA,NA,NA,NA
2008,3,26,9,NA,NA,NA,NA,NA
2008,3,26,12,NA,NA,NA,NA,NA
2008,3,26,15,NA,NA,NA,NA,NA
2008,3,26,18,NA,NA,NA,NA,NA
2008,3,26,21,NA,NA,NA,NA,NA
2008,3,27,0,NA,NA,NA,NA,NA
2008,3,27,3,NA,NA,NA,NA,NA
2008,3,27,6,NA,NA,NA,NA,NA
2008,3,27,9,NA,NA,NA,NA,NA
2008,3,27,12,NA,NA,NA,NA,NA
2008,3,27,15,NA,NA,NA,NA,NA
2008,3,27,18,NA,NA,NA,NA,NA
2008,3,27,21,NA,NA,NA,NA,NA
2008,3,28,0,NA,NA,NA,NA,NA
2008,3,28,3,NA,NA,NA,NA,NA
2008,3,28,6,NA,NA,NA,NA,NA
2008,3,28,9,NA,NA,NA,NA,NA
2008,3,28,12,NA,NA,NA,NA,NA
2008,3,28,15,NA,NA,NA,NA,NA
2008,3,28,18,NA,NA,NA,NA,NA
2008,3,28,21,NA,NA,NA,NA,NA
2008,3,29,0,NA,NA,NA,NA,NA
2008,3,29,3,NA,NA,NA,NA,NA
2008,3,29,6,NA,NA,NA,NA,NA
2008,3,29,9,NA,NA,NA,NA,NA
2008,3,29,12,NA,NA,NA,NA,NA
2008,3,29,15,NA,NA,NA,NA,NA
2008,3,29,18,NA,NA,NA,NA,NA
2008,3,29,21,NA,NA,NA,NA,NA
2008,3,30,0,NA,NA,NA,NA,NA
2008,3,30,3,NA,NA,NA,NA,NA
2008,3,30,6,NA,NA,NA,NA,NA
2008,3,30,9,NA,NA,NA,NA,NA
2008,3,30,12,NA,NA,NA,NA,NA
2008,3,30,15,NA,NA,NA,NA,NA
2008,3,30,18,NA,NA,NA,NA,NA
2008,3,30,21,NA,NA,NA,NA,NA
2008,3,31,0,NA,NA,NA,NA,NA
2008,3,31,3,NA,NA,NA,NA,NA
2008,3,31,6,NA,NA,NA,NA,NA
2008,3,31,9,NA,NA,NA,NA,NA
2008,3,31,12,NA,NA,NA,NA,NA
2008,3,31,15,NA,NA,NA,NA,NA
2008,3,31,18,NA,NA,NA,NA,NA
2008,3,31,21,NA,NA,NA,NA,NA
2008,4,1,0,NA,NA,NA,NA,NA
2008,4,1,3,NA,NA,NA,NA,NA
2008,4,1,6,NA,NA,NA,NA,NA
2008,4,1,9,NA,NA,NA,NA,NA
2008,4,1,12,NA,NA,NA,NA,NA
2008,4,1,15,NA,NA,NA,NA,NA
2008,4,1,18,NA,NA,NA,NA,NA
2008,4,1,21,NA,NA,NA,NA,NA
2008,4,2,0,NA,NA,NA,NA,NA
2008,4,2,3,NA,NA,NA,NA,NA
2008,4,2,6,NA,NA,NA,NA,NA
2008,4,2,9,NA,NA,NA,NA,NA
2008,4,2,12,NA,NA,NA,NA,NA
2008,4,2,15,NA,NA,NA,NA,NA
2008,4,2,18,NA,NA,NA,NA,NA
2008,4,2,21,NA,NA,NA,NA,NA
2008,4,3,0,NA,NA,NA,NA,NA
2008,4,3,3,NA,NA,NA,NA,NA
2008,4,3,6,NA,NA,NA,NA,NA
2008,4,3,9,NA,NA,NA,NA,NA
2008,4,3,12,NA,NA,NA,NA,NA
2008,4,3,15,NA,NA,NA,NA,NA
2008,4,3,18,NA,NA,NA,NA,NA
2008,4,3,21,NA,NA,NA,NA,NA
2008,4,4,0,NA,NA,NA,NA,NA
2008,4,4,3,NA,NA,NA,NA,NA
2008,4,4,6,NA,NA,NA,NA,NA
2008,4,4,9,NA,NA,NA,NA,NA
2008,4,4,12,NA,NA,NA,NA,NA
2008,4,4,15,NA,NA,NA,NA,NA
2008,4,4,18,NA,NA,NA,NA,NA
2008,4,4,21,NA,NA,NA,NA,NA
2008,4,5,0,NA,NA,NA,NA,NA
2008,4,5,3,NA,NA,NA,NA,NA
2008,4,5,6,NA,NA,NA,NA,NA
2008,4,5,9,NA,NA,NA,NA,NA
2008,4,5,12,NA,NA,NA,NA,NA
2008,4,5,15,NA,NA,NA,NA,NA
2008,4,5,18,NA,NA,NA,NA,NA
2008,4,5,21,NA,NA,NA,NA,NA
2008,4,6,0,NA,NA,NA,NA,NA
2008,4,6,3,NA,NA,NA,NA,NA
2008,4,6,6,NA,NA,NA,NA,NA
2008,4,6,9,NA,NA,NA,NA,NA
2008,4,6,12,NA,NA,NA,NA,NA
2008,4,6,15,NA,NA,NA,NA,NA
2008,4,6,18,NA,NA,NA,NA,NA
2008,4,6,21,NA,NA,NA,NA,NA
2008,4,7,0,NA,NA,NA,NA,NA
2008,4,7,3,NA,NA,NA,NA,NA
2008,4,7,6,NA,NA,NA,NA,NA
2008,4,7,9,NA,NA,NA,NA,NA
2008,4,7,12,NA,NA,NA,NA,NA
2008,4,7,15,NA,NA,NA,NA,NA
2008,4,7,18,NA,NA,NA,NA,NA
2008,4,7,21,NA,NA,NA,NA,NA
2008,4,8,0,NA,NA,NA,NA,NA
2008,4,8,3,NA,NA,NA,NA,NA
2008,4,8,6,NA,NA,NA,NA,NA
2008,4,8,9,NA,NA,NA,NA,NA
2008,4,8,12,NA,NA,NA,NA,NA
2008,4,8,15,NA,NA,NA,NA,NA
2008,4,8,18,NA,NA,NA,NA,NA
2008,4,8,21,NA,NA,NA,NA,NA
2008,4,9,0,NA,NA,NA,NA,NA
2008,4,9,3,NA,NA,NA,NA,NA
2008,4,9,6,NA,NA,NA,NA,NA
2008,4,9,9,NA,NA,NA,NA,NA
2008,4,9,12,NA,NA,NA,NA,NA
2008,4,9,15,NA,NA,NA,NA,NA
2008,4,9,18,NA,NA,NA,NA,NA
2008,4,9,21,NA,NA,NA,NA,NA
2008,4,10,0,NA,NA,NA,NA,NA
2008,4,10,3,NA,NA,NA,NA,NA
2008,4,10,6,NA,NA,NA,NA,NA
2008,4,10,9,NA,NA,NA,NA,NA
2008,4,10,12,NA,NA,NA,NA,NA
2008,4,10,15,NA,NA,NA,NA,NA
2008,4,10,18,NA,NA,NA,NA,NA
2008,4,10,21,NA,NA,NA,NA,NA
2008,4,11,0,NA,NA,NA,NA,NA
2008,4,11,3,NA,NA,NA,NA,NA
2008,4,11,6,NA,NA,NA,NA,NA
2008,4,11,9,NA,NA,NA,NA,NA
2008,4,11,12,NA,NA,NA,NA,NA
2008,4,11,15,NA,NA,NA,NA,NA
2008,4,11,18,NA,NA,NA,NA,NA
2008,4,11,21,NA,NA,NA,NA,NA
2008,4,12,0,NA,NA,NA,NA,NA
2008,4,12,3,NA,NA,NA,NA,NA
2008,4,12,6,NA,NA,NA,NA,NA
2008,4,12,9,NA,NA,NA,NA,NA
2008,4,12,12,NA,NA,NA,NA,NA
2008,4,12,15,NA,NA,NA,NA,NA
2008,4,12,18,NA,NA,NA,NA,NA
2008,4,12,21,NA,NA,NA,NA,NA
2008,4,13,0,NA,NA,NA,NA,NA
2008,4,13,3,NA,NA,NA,NA,NA
2008,4,13,6,NA,NA,NA,NA,NA
2008,4,13,9,NA,NA,NA,NA,NA
2008,4,13,12,NA,NA,NA,NA,NA
2008,4,13,15,NA,NA,NA,NA,NA
2008,4,13,18,NA,NA,NA,NA,NA
2008,4,13,21,NA,NA,NA,NA,NA
2008,4,14,0,NA,NA,NA,NA,NA
2008,4,14,3,NA,NA,NA,NA,NA
2008,4,14,6,NA,NA,NA,NA,NA
2008,4,14,9,NA,NA,NA,NA,NA
2008,4,14,12,NA,NA,NA,NA,NA
2008,4,14,15,NA,NA,NA,NA,NA
2008,4,14,18,NA,NA,NA,NA,NA
2008,4,14,21,NA,NA,NA,NA,NA
2008,4,15,0,NA,NA,NA,NA,NA
2008,4,15,3,NA,NA,NA,NA,NA
2008,4,15,6,NA,NA,NA,NA,NA
2008,4,15,9,NA,NA,NA,NA,NA
2008,4,15,12,NA,NA,NA,NA,NA
2008,4,15,15,NA,NA,NA,NA,NA
2008,4,15,18,NA,NA,NA,NA,NA
2008,4,15,21,NA,NA,NA,NA,NA
2008,4,16,0,NA,NA,NA,NA,NA
2008,4,16,3,NA,NA,NA,NA,NA
2008,4,16,6,NA,NA,NA,NA,NA
2008,4,16,9,NA,NA,NA,NA,NA
2008,4,16,12,NA,NA,NA,NA,NA
2008,4,16,15,NA,NA,NA,NA,NA
2008,4,16,18,NA,NA,NA,NA,NA
2008,4,16,21,NA,NA,NA,NA,NA
2008,4,17,0,NA,NA,NA,NA,NA
2008,4,17,3,NA,NA,NA,NA,NA
2008,4,17,6,NA,NA,NA,NA,NA
2008,4,17,9,NA,NA,NA,NA,NA
2008,4,17,12,NA,NA,NA,NA,NA
2008,4,17,15,NA,NA,NA,NA,NA
2008,4,17,18,NA,NA,NA,NA,NA
2008,4,17,21,NA,NA,NA,NA,NA
2008,4,18,0,NA,NA,NA,NA,NA
2008,4,18,3,NA,NA,NA,NA,NA
2008,4,18,6,NA,NA,NA,NA,NA
2008,4,18,9,NA,NA,NA,NA,NA
2008,4,18,12,NA,NA,NA,NA,NA
2008,4,18,15,NA,NA,NA,NA,NA
2008,4,18,18,NA,NA,NA,NA,NA
2008,4,18,21,NA,NA,NA,NA,NA
2008,4,19,0,NA,NA,NA,NA,NA
2008,4,19,3,NA,NA,NA,NA,NA
2008,4,19,6,NA,NA,NA,NA,NA
2008,4,19,9,NA,NA,NA,NA,NA
2008,4,19,12,NA,NA,NA,NA,NA
2008,4,19,15,NA,NA,NA,NA,NA
2008,4,19,18,NA,NA,NA,NA,NA
2008,4,19,21,NA,NA,NA,NA,NA
2008,4,20,0,NA,NA,NA,NA,NA
2008,4,20,3,NA,NA,NA,NA,NA
2008,4,20,6,NA,NA,NA,NA,NA
2008,4,20,9,NA,NA,NA,NA,NA
2008,4,20,12,NA,NA,NA,NA,NA
2008,4,20,15,NA,NA,NA,NA,NA
2008,4,20,18,NA,NA,NA,NA,NA
2008,4,20,21,NA,NA,NA,NA,NA
2008,4,21,0,NA,NA,NA,NA,NA
2008,4,21,3,NA,NA,NA,NA,NA
2008,4,21,6,NA,NA,NA,NA,NA
2008,4,21,9,NA,NA,NA,NA,NA
2008,4,21,12,NA,NA,NA,NA,NA
2008,4,21,15,NA,NA,NA,NA,NA
2008,4,21,18,NA,NA,NA,NA,NA
2008,4,21,21,NA,NA,NA,NA,NA
2008,4,22,0,NA,NA,NA,NA,NA
2008,4,22,3,NA,NA,NA,NA,NA
2008,4,22,6,NA,NA,NA,NA,NA
2008,4,22,9,NA,NA,NA,NA,NA
2008,4,22,12,NA,NA,NA,NA,NA
2008,4,22,15,NA,NA,NA,NA,NA
2008,4,22,18,NA,NA,NA,NA,NA
2008,4,22,21,NA,NA,NA,NA,NA
2008,4,23,0,NA,NA,NA,NA,NA
2008,4,23,3,NA,NA,NA,NA,NA
2008,4,23,6,NA,NA,NA,NA,NA
2008,4,23,9,NA,NA,NA,NA,NA
2008,4,23,12,NA,NA,NA,NA,NA
2008,4,23,15,NA,NA,NA,NA,NA
2008,4,23,18,NA,NA,NA,NA,NA
2008,4,23,21,NA,NA,NA,NA,NA
2008,4,24,0,NA,NA,NA,NA,NA
2008,4,24,3,NA,NA,NA,NA,NA
2008,4,24,6,NA,NA,NA,NA,NA
2008,4,24,9,NA,NA,NA,NA,NA
2008,4,24,12,NA,NA,NA,NA,NA
2008,4,24,15,NA,NA,NA,NA,NA
2008,4,24,18,NA,NA,NA,NA,NA
2008,4,24,21,NA,NA,NA,NA,NA
2008,4,25,0,NA,NA,NA,NA,NA
2008,4,25,3,NA,NA,NA,NA,NA
2008,4,25,6,NA,NA,NA,NA,NA
2008,4,25,9,NA,NA,NA,NA,NA
2008,4,25,12,NA,NA,NA,NA,NA
2008,4,25,15,NA,NA,NA,NA,NA
2008,4,25,18,NA,NA,NA,NA,NA
2008,4,25,21,NA,NA,NA,NA,NA
2008,4,26,0,NA,NA,NA,NA,NA
2008,4,26,3,NA,NA,NA,NA,NA
2008,4,26,6,NA,NA,NA,NA,NA
2008,4,26,9,NA,NA,NA,NA,NA
2008,4,26,12,NA,NA,NA,NA,NA
2008,4,26,15,NA,NA,NA,NA,NA
2008,4,26,18,NA,NA,NA,NA,NA
2008,4,26,21,NA,NA,NA,NA,NA
2008,4,27,0,NA,NA,NA,NA,NA
2008,4,27,3,NA,NA,NA,NA,NA
2008,4,27,6,NA,NA,NA,NA,NA
2008,4,27,9,NA,NA,NA,NA,NA
2008,4,27,12,NA,NA,NA,NA,NA
2008,4,27,15,NA,NA,NA,NA,NA
2008,4,27,18,NA,NA,NA,NA,NA
2008,4,27,21,NA,NA,NA,NA,NA
2008,4,28,0,NA,NA,NA,NA,NA
2008,4,28,3,NA,NA,NA,NA,NA
2008,4,28,6,NA,NA,NA,NA,NA
2008,4,28,9,NA,NA,NA,NA,NA
2008,4,28,12,NA,NA,NA,NA,NA
2008,4,28,15,NA,NA,NA,NA,NA
2008,4,28,18,NA,NA,NA,NA,NA
2008,4,28,21,NA,NA,NA,NA,NA
2008,4,29,0,NA,NA,NA,NA,NA
2008,4,29,3,NA,NA,NA,NA,NA
2008,4,29,6,NA,NA,NA,NA,NA
2008,4,29,9,NA,NA,NA,NA,NA
2008,4,29,12,NA,NA,NA,NA,NA
2008,4,29,15,NA,NA,NA,NA,NA
2008,4,29,18,NA,NA,NA,NA,NA
2008,4,29,21,NA,NA,NA,NA,NA
2008,4,30,0,NA,NA,NA,NA,NA
2008,4,30,3,NA,NA,NA,NA,NA
2008,4,30,6,NA,NA,NA,NA,NA
2008,4,30,9,NA,NA,NA,NA,NA
2008,4,30,12,NA,NA,NA,NA,NA
2008,4,30,15,NA,NA,NA,NA,NA
2008,4,30,18,NA,NA,NA,NA,NA
2008,4,30,21,NA,NA,NA,NA,NA
2008,5,1,0,NA,NA,NA,NA,NA
2008,5,1,3,NA,NA,NA,NA,NA
2008,5,1,6,NA,NA,NA,NA,NA
2008,5,1,9,NA,NA,NA,NA,NA
2008,5,1,12,NA,NA,NA,NA,NA
2008,5,1,15,NA,NA,NA,NA,NA
2008,5,1,18,NA,NA,NA,NA,NA
2008,5,1,21,NA,NA,NA,NA,NA
2008,5,2,0,NA,NA,NA,NA,NA
2008,5,2,3,NA,NA,NA,NA,NA
2008,5,2,6,NA,NA,NA,NA,NA
2008,5,2,9,NA,NA,NA,NA,NA
2008,5,2,12,NA,NA,NA,NA,NA
2008,5,2,15,NA,NA,NA,NA,NA
2008,5,2,18,NA,NA,NA,NA,NA
2008,5,2,21,NA,NA,NA,NA,NA
2008,5,3,0,NA,NA,NA,NA,NA
2008,5,3,3,NA,NA,NA,NA,NA
2008,5,3,6,NA,NA,NA,NA,NA
2008,5,3,9,NA,NA,NA,NA,NA
2008,5,3,12,NA,NA,NA,NA,NA
2008,5,3,15,NA,NA,NA,NA,NA
2008,5,3,18,NA,NA,NA,NA,NA
2008,5,3,21,NA,NA,NA,NA,NA
2008,5,4,0,NA,NA,NA,NA,NA
2008,5,4,3,NA,NA,NA,NA,NA
2008,5,4,6,NA,NA,NA,NA,NA
2008,5,4,9,NA,NA,NA,NA,NA
2008,5,4,12,NA,NA,NA,NA,NA
2008,5,4,15,NA,NA,NA,NA,NA
2008,5,4,18,NA,NA,NA,NA,NA
2008,5,4,21,NA,NA,NA,NA,NA
2008,5,5,0,NA,NA,NA,NA,NA
2008,5,5,3,NA,NA,NA,NA,NA
2008,5,5,6,NA,NA,NA,NA,NA
2008,5,5,9,NA,NA,NA,NA,NA
2008,5,5,12,NA,NA,NA,NA,NA
2008,5,5,15,NA,NA,NA,NA,NA
2008,5,5,18,NA,NA,NA,NA,NA
2008,5,5,21,NA,NA,NA,NA,NA
2008,5,6,0,NA,NA,NA,NA,NA
2008,5,6,3,NA,NA,NA,NA,NA
2008,5,6,6,NA,NA,NA,NA,NA
2008,5,6,9,NA,NA,NA,NA,NA
2008,5,6,12,NA,NA,NA,NA,NA
2008,5,6,15,NA,NA,NA,NA,NA
2008,5,6,18,NA,NA,NA,NA,NA
2008,5,6,21,NA,NA,NA,NA,NA
2008,5,7,0,NA,NA,NA,NA,NA
2008,5,7,3,NA,NA,NA,NA,NA
2008,5,7,6,NA,NA,NA,NA,NA
2008,5,7,9,NA,NA,NA,NA,NA
2008,5,7,12,NA,NA,NA,NA,NA
2008,5,7,15,NA,NA,NA,NA,NA
2008,5,7,18,NA,NA,NA,NA,NA
2008,5,7,21,NA,NA,NA,NA,NA
2008,5,8,0,NA,NA,NA,NA,NA
2008,5,8,3,NA,NA,NA,NA,NA
2008,5,8,6,NA,NA,NA,NA,NA
2008,5,8,9,NA,NA,NA,NA,NA
2008,5,8,12,NA,NA,NA,NA,NA
2008,5,8,15,NA,NA,NA,NA,NA
2008,5,8,18,NA,NA,NA,NA,NA
2008,5,8,21,NA,NA,NA,NA,NA
2008,5,9,0,NA,NA,NA,NA,NA
2008,5,9,3,NA,NA,NA,NA,NA
2008,5,9,6,NA,NA,NA,NA,NA
2008,5,9,9,NA,NA,NA,NA,NA
2008,5,9,12,NA,NA,NA,NA,NA
2008,5,9,15,NA,NA,NA,NA,NA
2008,5,9,18,NA,NA,NA,NA,NA
2008,5,9,21,NA,NA,NA,NA,NA
2008,5,10,0,NA,NA,NA,NA,NA
2008,5,10,3,NA,NA,NA,NA,NA
2008,5,10,6,NA,NA,NA,NA,NA
2008,5,10,9,NA,NA,NA,NA,NA
2008,5,10,12,NA,NA,NA,NA,NA
2008,5,10,15,NA,NA,NA,NA,NA
2008,5,10,18,NA,NA,NA,NA,NA
2008,5,10,21,NA,NA,NA,NA,NA
2008,5,11,0,NA,NA,NA,NA,NA
2008,5,11,3,NA,NA,NA,NA,NA
2008,5,11,6,NA,NA,NA,NA,NA
2008,5,11,9,NA,NA,NA,NA,NA
2008,5,11,12,NA,NA,NA,NA,NA
2008,5,11,15,NA,NA,NA,NA,NA
2008,5,11,18,NA,NA,NA,NA,NA
2008,5,11,21,NA,NA,NA,NA,NA
2008,5,12,0,NA,NA,NA,NA,NA
2008,5,12,3,NA,NA,NA,NA,NA
2008,5,12,6,NA,NA,NA,NA,NA
2008,5,12,9,NA,NA,NA,NA,NA
2008,5,12,12,NA,NA,NA,NA,NA
2008,5,12,15,NA,NA,NA,NA,NA
2008,5,12,18,NA,NA,NA,NA,NA
2008,5,12,21,NA,NA,NA,NA,NA
2008,5,13,0,NA,NA,NA,NA,NA
2008,5,13,3,NA,NA,NA,NA,NA
2008,5,13,6,NA,NA,NA,NA,NA
2008,5,13,9,NA,NA,NA,NA,NA
2008,5,13,12,NA,NA,NA,NA,NA
2008,5,13,15,NA,NA,NA,NA,NA
2008,5,13,18,NA,NA,NA,NA,NA
2008,5,13,21,NA,NA,NA,NA,NA
2008,5,14,0,NA,NA,NA,NA,NA
2008,5,14,3,NA,NA,NA,NA,NA
2008,5,14,6,NA,NA,NA,NA,NA
2008,5,14,9,NA,NA,NA,NA,NA
2008,5,14,12,NA,NA,NA,NA,NA
2008,5,14,15,NA,NA,NA,NA,NA
2008,5,14,18,NA,NA,NA,NA,NA
2008,5,14,21,NA,NA,NA,NA,NA
2008,5,15,0,NA,NA,NA,NA,NA
2008,5,15,3,NA,NA,NA,NA,NA
2008,5,15,6,NA,NA,NA,NA,NA
2008,5,15,9,NA,NA,NA,NA,NA
2008,5,15,12,NA,NA,NA,NA,NA
2008,5,15,15,NA,NA,NA,NA,NA
2008,5,15,18,NA,NA,NA,NA,NA
2008,5,15,21,NA,NA,NA,NA,NA
2008,5,16,0,NA,NA,NA,NA,NA
2008,5,16,3,NA,NA,NA,NA,NA
2008,5,16,6,NA,NA,NA,NA,NA
2008,5,16,9,NA,NA,NA,NA,NA
2008,5,16,12,NA,NA,NA,NA,NA
2008,5,16,15,NA,NA,NA,NA,NA
2008,5,16,18,NA,NA,NA,NA,NA
2008,5,16,21,NA,NA,NA,NA,NA
2008,5,17,0,NA,NA,NA,NA,NA
2008,5,17,3,NA,NA,NA,NA,NA
2008,5,17,6,NA,NA,NA,NA,NA
2008,5,17,9,NA,NA,NA,NA,NA
2008,5,17,12,NA,NA,NA,NA,NA
2008,5,17,15,NA,NA,NA,NA,NA
2008,5,17,18,NA,NA,NA,NA,NA
2008,5,17,21,NA,NA,NA,NA,NA
2008,5,18,0,NA,NA,NA,NA,NA
2008,5,18,3,NA,NA,NA,NA,NA
2008,5,18,6,NA,NA,NA,NA,NA
2008,5,18,9,NA,NA,NA,NA,NA
2008,5,18,12,NA,NA,NA,NA,NA
2008,5,18,15,NA,NA,NA,NA,NA
2008,5,18,18,NA,NA,NA,NA,NA
2008,5,18,21,NA,NA,NA,NA,NA
2008,5,19,0,NA,NA,NA,NA,NA
2008,5,19,3,NA,NA,NA,NA,NA
2008,5,19,6,NA,NA,NA,NA,NA
2008,5,19,9,NA,NA,NA,NA,NA
2008,5,19,12,NA,NA,NA,NA,NA
2008,5,19,15,NA,NA,NA,NA,NA
2008,5,19,18,NA,NA,NA,NA,NA
2008,5,19,21,NA,NA,NA,NA,NA
2008,5,20,0,NA,NA,NA,NA,NA
2008,5,20,3,NA,NA,NA,NA,NA
2008,5,20,6,NA,NA,NA,NA,NA
2008,5,20,9,NA,NA,NA,NA,NA
2008,5,20,12,NA,NA,NA,NA,NA
2008,5,20,15,NA,NA,NA,NA,NA
2008,5,20,18,NA,NA,NA,NA,NA
2008,5,20,21,NA,NA,NA,NA,NA
2008,5,21,0,NA,NA,NA,NA,NA
2008,5,21,3,NA,NA,NA,NA,NA
2008,5,21,6,NA,NA,NA,NA,NA
2008,5,21,9,NA,NA,NA,NA,NA
2008,5,21,12,NA,NA,NA,NA,NA
2008,5,21,15,NA,NA,NA,NA,NA
2008,5,21,18,NA,NA,NA,NA,NA
2008,5,21,21,NA,NA,NA,NA,NA
2008,5,22,0,NA,NA,NA,NA,NA
2008,5,22,3,NA,NA,NA,NA,NA
2008,5,22,6,NA,NA,NA,NA,NA
2008,5,22,9,NA,NA,NA,NA,NA
2008,5,22,12,NA,NA,NA,NA,NA
2008,5,22,15,NA,NA,NA,NA,NA
2008,5,22,18,NA,NA,NA,NA,NA
2008,5,22,21,NA,NA,NA,NA,NA
2008,5,23,0,NA,NA,NA,NA,NA
2008,5,23,3,NA,NA,NA,NA,NA
2008,5,23,6,NA,NA,NA,NA,NA
2008,5,23,9,NA,NA,NA,NA,NA
2008,5,23,12,NA,NA,NA,NA,NA
2008,5,23,15,NA,NA,NA,NA,NA
2008,5,23,18,NA,NA,NA,NA,NA
2008,5,23,21,NA,NA,NA,NA,NA
2008,5,24,0,NA,NA,NA,NA,NA
2008,5,24,3,NA,NA,NA,NA,NA
2008,5,24,6,NA,NA,NA,NA,NA
2008,5,24,9,NA,NA,NA,NA,NA
2008,5,24,12,NA,NA,NA,NA,NA
2008,5,24,15,NA,NA,NA,NA,NA
2008,5,24,18,NA,NA,NA,NA,NA
2008,5,24,21,NA,NA,NA,NA,NA
2008,5,25,0,NA,NA,NA,NA,NA
2008,5,25,3,NA,NA,NA,NA,NA
2008,5,25,6,NA,NA,NA,NA,NA
2008,5,25,9,NA,NA,NA,NA,NA
2008,5,25,12,NA,NA,NA,NA,NA
2008,5,25,15,NA,NA,NA,NA,NA
2008,5,25,18,NA,NA,NA,NA,NA
2008,5,25,21,NA,NA,NA,NA,NA
2008,5,26,0,NA,NA,NA,NA,NA
2008,5,26,3,NA,NA,NA,NA,NA
2008,5,26,6,NA,NA,NA,NA,NA
2008,5,26,9,NA,NA,NA,NA,NA
2008,5,26,12,NA,NA,NA,NA,NA
2008,5,26,15,NA,NA,NA,NA,NA
2008,5,26,18,NA,NA,NA,NA,NA
2008,5,26,21,NA,NA,NA,NA,NA
2008,5,27,0,NA,NA,NA,NA,NA
2008,5,27,3,NA,NA,NA,NA,NA
2008,5,27,6,NA,NA,NA,NA,NA
2008,5,27,9,NA,NA,NA,NA,NA
2008,5,27,12,NA,NA,NA,NA,NA
2008,5,27,15,NA,NA,NA,NA,NA
2008,5,27,18,NA,NA,NA,NA,NA
2008,5,27,21,NA,NA,NA,NA,NA
2008,5,28,0,NA,NA,NA,NA,NA
2008,5,28,3,NA,NA,NA,NA,NA
2008,5,28,6,NA,NA,NA,NA,NA
2008,5,28,9,NA,NA,NA,NA,NA
2008,5,28,12,NA,NA,NA,NA,NA
2008,5,28,15,NA,NA,NA,NA,NA
2008,5,28,18,NA,NA,NA,NA,NA
2008,5,28,21,NA,NA,NA,NA,NA
2008,5,29,0,NA,NA,NA,NA,NA
2008,5,29,3,NA,NA,NA,NA,NA
2008,5,29,6,NA,NA,NA,NA,NA
2008,5,29,9,NA,NA,NA,NA,NA
2008,5,29,12,NA,NA,NA,NA,NA
2008,5,29,15,NA,NA,NA,NA,NA
2008,5,29,18,NA,NA,NA,NA,NA
2008,5,29,21,NA,NA,NA,NA,NA
2008,5,30,0,NA,NA,NA,NA,NA
2008,5,30,3,NA,NA,NA,NA,NA
2008,5,30,6,NA,NA,NA,NA,NA
2008,5,30,9,NA,NA,NA,NA,NA
2008,5,30,12,NA,NA,NA,NA,NA
2008,5,30,15,NA,NA,NA,NA,NA
2008,5,30,18,NA,NA,NA,NA,NA
2008,5,30,21,NA,NA,NA,NA,NA
2008,5,31,0,NA,NA,NA,NA,NA
2008,5,31,3,NA,NA,NA,NA,NA
2008,5,31,6,NA,NA,NA,NA,NA
2008,5,31,9,NA,NA,NA,NA,NA
2008,5,31,12,NA,NA,NA,NA,NA
2008,5,31,15,NA,NA,NA,NA,NA
2008,5,31,18,NA,NA,NA,NA,NA
2008,5,31,21,NA,NA,NA,NA,NA
2008,6,1,0,NA,NA,NA,NA,NA
2008,6,1,3,NA,NA,NA,NA,NA
2008,6,1,6,NA,NA,NA,NA,NA
2008,6,1,9,NA,NA,NA,NA,NA
2008,6,1,12,NA,NA,NA,NA,NA
2008,6,1,15,NA,NA,NA,NA,NA
2008,6,1,18,NA,NA,NA,NA,NA
2008,6,1,21,NA,NA,NA,NA,NA
2008,6,2,0,NA,NA,NA,NA,NA
2008,6,2,3,NA,NA,NA,NA,NA
2008,6,2,6,NA,NA,NA,NA,NA
2008,6,2,9,NA,NA,NA,NA,NA
2008,6,2,12,NA,NA,NA,NA,NA
2008,6,2,15,NA,NA,NA,NA,NA
2008,6,2,18,NA,NA,NA,NA,NA
2008,6,2,21,NA,NA,NA,NA,NA
2008,6,3,0,NA,NA,NA,NA,NA
2008,6,3,3,NA,NA,NA,NA,NA
2008,6,3,6,NA,NA,NA,NA,NA
2008,6,3,9,NA,NA,NA,NA,NA
2008,6,3,12,NA,NA,NA,NA,NA
2008,6,3,15,NA,NA,NA,NA,NA
2008,6,3,18,NA,NA,NA,NA,NA
2008,6,3,21,NA,NA,NA,NA,NA
2008,6,4,0,NA,NA,NA,NA,NA
2008,6,4,3,NA,NA,NA,NA,NA
2008,6,4,6,NA,NA,NA,NA,NA
2008,6,4,9,NA,NA,NA,NA,NA
2008,6,4,12,NA,NA,NA,NA,NA
2008,6,4,15,NA,NA,NA,NA,NA
2008,6,4,18,NA,NA,NA,NA,NA
2008,6,4,21,NA,NA,NA,NA,NA
2008,6,5,0,NA,NA,NA,NA,NA
2008,6,5,3,NA,NA,NA,NA,NA
2008,6,5,6,NA,NA,NA,NA,NA
2008,6,5,9,NA,NA,NA,NA,NA
2008,6,5,12,NA,NA,NA,NA,NA
2008,6,5,15,NA,NA,NA,NA,NA
2008,6,5,18,NA,NA,NA,NA,NA
2008,6,5,21,NA,NA,NA,NA,NA
2008,6,6,0,NA,NA,NA,NA,NA
2008,6,6,3,NA,NA,NA,NA,NA
2008,6,6,6,NA,NA,NA,NA,NA
2008,6,6,9,NA,NA,NA,NA,NA
2008,6,6,12,NA,NA,NA,NA,NA
2008,6,6,15,NA,NA,NA,NA,NA
2008,6,6,18,NA,NA,NA,NA,NA
2008,6,6,21,NA,NA,NA,NA,NA
2008,6,7,0,NA,NA,NA,NA,NA
2008,6,7,3,NA,NA,NA,NA,NA
2008,6,7,6,NA,NA,NA,NA,NA
2008,6,7,9,NA,NA,NA,NA,NA
2008,6,7,12,NA,NA,NA,NA,NA
2008,6,7,15,NA,NA,NA,NA,NA
2008,6,7,18,NA,NA,NA,NA,NA
2008,6,7,21,NA,NA,NA,NA,NA
2008,6,8,0,NA,NA,NA,NA,NA
2008,6,8,3,NA,NA,NA,NA,NA
2008,6,8,6,NA,NA,NA,NA,NA
2008,6,8,9,NA,NA,NA,NA,NA
2008,6,8,12,NA,NA,NA,NA,NA
2008,6,8,15,NA,NA,NA,NA,NA
2008,6,8,18,NA,NA,NA,NA,NA
2008,6,8,21,NA,NA,NA,NA,NA
2008,6,9,0,NA,NA,NA,NA,NA
2008,6,9,3,NA,NA,NA,NA,NA
2008,6,9,6,NA,NA,NA,NA,NA
2008,6,9,9,NA,NA,NA,NA,NA
2008,6,9,12,NA,NA,NA,NA,NA
2008,6,9,15,NA,NA,NA,NA,NA
2008,6,9,18,NA,NA,NA,NA,NA
2008,6,9,21,NA,NA,NA,NA,NA
2008,6,10,0,NA,NA,NA,NA,NA
2008,6,10,3,NA,NA,NA,NA,NA
2008,6,10,6,NA,NA,NA,NA,NA
2008,6,10,9,NA,NA,NA,NA,NA
2008,6,10,12,NA,NA,NA,NA,NA
2008,6,10,15,NA,NA,NA,NA,NA
2008,6,10,18,NA,NA,NA,NA,NA
2008,6,10,21,NA,NA,NA,NA,NA
2008,6,11,0,NA,NA,NA,NA,NA
2008,6,11,3,NA,NA,NA,NA,NA
2008,6,11,6,NA,NA,NA,NA,NA
2008,6,11,9,NA,NA,NA,NA,NA
2008,6,11,12,NA,NA,NA,NA,NA
2008,6,11,15,NA,NA,NA,NA,NA
2008,6,11,18,NA,NA,NA,NA,NA
2008,6,11,21,NA,NA,NA,NA,NA
2008,6,12,0,NA,NA,NA,NA,NA
2008,6,12,3,NA,NA,NA,NA,NA
2008,6,12,6,NA,NA,NA,NA,NA
2008,6,12,9,NA,NA,NA,NA,NA
2008,6,12,12,NA,NA,NA,NA,NA
2008,6,12,15,NA,NA,NA,NA,NA
2008,6,12,18,NA,NA,NA,NA,NA
2008,6,12,21,NA,NA,NA,NA,NA
2008,6,13,0,NA,NA,NA,NA,NA
2008,6,13,3,NA,NA,NA,NA,NA
2008,6,13,6,NA,NA,NA,NA,NA
2008,6,13,9,NA,NA,NA,NA,NA
2008,6,13,12,NA,NA,NA,NA,NA
2008,6,13,15,NA,NA,NA,NA,NA
2008,6,13,18,NA,NA,NA,NA,NA
2008,6,13,21,NA,NA,NA,NA,NA
2008,6,14,0,NA,NA,NA,NA,NA
2008,6,14,3,NA,NA,NA,NA,NA
2008,6,14,6,NA,NA,NA,NA,NA
2008,6,14,9,NA,NA,NA,NA,NA
2008,6,14,12,NA,NA,NA,NA,NA
2008,6,14,15,NA,NA,NA,NA,NA
2008,6,14,18,NA,NA,NA,NA,NA
2008,6,14,21,NA,NA,NA,NA,NA
2008,6,15,0,NA,NA,NA,NA,NA
2008,6,15,3,NA,NA,NA,NA,NA
2008,6,15,6,NA,NA,NA,NA,NA
2008,6,15,9,NA,NA,NA,NA,NA
2008,6,15,12,NA,NA,NA,NA,NA
2008,6,15,15,NA,NA,NA,NA,NA
2008,6,15,18,NA,NA,NA,NA,NA
2008,6,15,21,NA,NA,NA,NA,NA
2008,6,16,0,NA,NA,NA,NA,NA
2008,6,16,3,NA,NA,NA,NA,NA
2008,6,16,6,NA,NA,NA,NA,NA
2008,6,16,9,NA,NA,NA,NA,NA
2008,6,16,12,NA,NA,NA,NA,NA
2008,6,16,15,NA,NA,NA,NA,NA
2008,6,16,18,NA,NA,NA,NA,NA
2008,6,16,21,NA,NA,NA,NA,NA
2008,6,17,0,NA,NA,NA,NA,NA
2008,6,17,3,NA,NA,NA,NA,NA
2008,6,17,6,NA,NA,NA,NA,NA
2008,6,17,9,NA,NA,NA,NA,NA
2008,6,17,12,NA,NA,NA,NA,NA
2008,6,17,15,NA,NA,NA,NA,NA
2008,6,17,18,NA,NA,NA,NA,NA
2008,6,17,21,NA,NA,NA,NA,NA
2008,6,18,0,NA,NA,NA,NA,NA
2008,6,18,3,NA,NA,NA,NA,NA
2008,6,18,6,NA,NA,NA,NA,NA
2008,6,18,9,NA,NA,NA,NA,NA
2008,6,18,12,NA,NA,NA,NA,NA
2008,6,18,15,NA,NA,NA,NA,NA
2008,6,18,18,NA,NA,NA,NA,NA
2008,6,18,21,NA,NA,NA,NA,NA
2008,6,19,0,NA,NA,NA,NA,NA
2008,6,19,3,NA,NA,NA,NA,NA
2008,6,19,6,NA,NA,NA,NA,NA
2008,6,19,9,NA,NA,NA,NA,NA
2008,6,19,12,NA,NA,NA,NA,NA
2008,6,19,15,NA,NA,NA,NA,NA
2008,6,19,18,NA,NA,NA,NA,NA
2008,6,19,21,NA,NA,NA,NA,NA
2008,6,20,0,NA,NA,NA,NA,NA
2008,6,20,3,NA,NA,NA,NA,NA
2008,6,20,6,NA,NA,NA,NA,NA
2008,6,20,9,NA,NA,NA,NA,NA
2008,6,20,12,NA,NA,NA,NA,NA
2008,6,20,15,NA,NA,NA,NA,NA
2008,6,20,18,NA,NA,NA,NA,NA
2008,6,20,21,NA,NA,NA,NA,NA
2008,6,21,0,NA,NA,NA,NA,NA
2008,6,21,3,NA,NA,NA,NA,NA
2008,6,21,6,NA,NA,NA,NA,NA
2008,6,21,9,NA,NA,NA,NA,NA
2008,6,21,12,NA,NA,NA,NA,NA
2008,6,21,15,NA,NA,NA,NA,NA
2008,6,21,18,NA,NA,NA,NA,NA
2008,6,21,21,NA,NA,NA,NA,NA
2008,6,22,0,NA,NA,NA,NA,NA
2008,6,22,3,NA,NA,NA,NA,NA
2008,6,22,6,NA,NA,NA,NA,NA
2008,6,22,9,NA,NA,NA,NA,NA
2008,6,22,12,NA,NA,NA,NA,NA
2008,6,22,15,NA,NA,NA,NA,NA
2008,6,22,18,NA,NA,NA,NA,NA
2008,6,22,21,NA,NA,NA,NA,NA
2008,6,23,0,NA,NA,NA,NA,NA
2008,6,23,3,NA,NA,NA,NA,NA
2008,6,23,6,NA,NA,NA,NA,NA
2008,6,23,9,NA,NA,NA,NA,NA
2008,6,23,12,NA,NA,NA,NA,NA
2008,6,23,15,NA,NA,NA,NA,NA
2008,6,23,18,NA,NA,NA,NA,NA
2008,6,23,21,NA,NA,NA,NA,NA
2008,6,24,0,NA,NA,NA,NA,NA
2008,6,24,3,NA,NA,NA,NA,NA
2008,6,24,6,NA,NA,NA,NA,NA
2008,6,24,9,NA,NA,NA,NA,NA
2008,6,24,12,NA,NA,NA,NA,NA
2008,6,24,15,NA,NA,NA,NA,NA
2008,6,24,18,NA,NA,NA,NA,NA
2008,6,24,21,NA,NA,NA,NA,NA
2008,6,25,0,NA,NA,NA,NA,NA
2008,6,25,3,NA,NA,NA,NA,NA
2008,6,25,6,NA,NA,NA,NA,NA
2008,6,25,9,NA,NA,NA,NA,NA
2008,6,25,12,NA,NA,NA,NA,NA
2008,6,25,15,NA,NA,NA,NA,NA
2008,6,25,18,NA,NA,NA,NA,NA
2008,6,25,21,NA,NA,NA,NA,NA
2008,6,26,0,NA,NA,NA,NA,NA
2008,6,26,3,NA,NA,NA,NA,NA
2008,6,26,6,NA,NA,NA,NA,NA
2008,6,26,9,NA,NA,NA,NA,NA
2008,6,26,12,NA,NA,NA,NA,NA
2008,6,26,15,NA,NA,NA,NA,NA
2008,6,26,18,NA,NA,NA,NA,NA
2008,6,26,21,NA,NA,NA,NA,NA
2008,6,27,0,NA,NA,NA,NA,NA
2008,6,27,3,NA,NA,NA,NA,NA
2008,6,27,6,NA,NA,NA,NA,NA
2008,6,27,9,NA,NA,NA,NA,NA
2008,6,27,12,NA,NA,NA,NA,NA
2008,6,27,15,NA,NA,NA,NA,NA
2008,6,27,18,NA,NA,NA,NA,NA
2008,6,27,21,NA,NA,NA,NA,NA
2008,6,28,0,NA,NA,NA,NA,NA
2008,6,28,3,NA,NA,NA,NA,NA
2008,6,28,6,NA,NA,NA,NA,NA
2008,6,28,9,NA,NA,NA,NA,NA
2008,6,28,12,NA,NA,NA,NA,NA
2008,6,28,15,NA,NA,NA,NA,NA
2008,6,28,18,NA,NA,NA,NA,NA
2008,6,28,21,NA,NA,NA,NA,NA
2008,6,29,0,NA,NA,NA,NA,NA
2008,6,29,3,NA,NA,NA,NA,NA
2008,6,29,6,NA,NA,NA,NA,NA
2008,6,29,9,NA,NA,NA,NA,NA
2008,6,29,12,NA,NA,NA,NA,NA
2008,6,29,15,NA,NA,NA,NA,NA
2008,6,29,18,NA,NA,NA,NA,NA
2008,6,29,21,NA,NA,NA,NA,NA
2008,6,30,0,NA,NA,NA,NA,NA
2008,6,30,3,NA,NA,NA,NA,NA
2008,6,30,6,NA,NA,NA,NA,NA
2008,6,30,9,NA,NA,NA,NA,NA
2008,6,30,12,NA,NA,NA,NA,NA
2008,6,30,15,NA,NA,NA,NA,NA
2008,6,30,18,NA,NA,NA,NA,NA
2008,6,30,21,NA,NA,NA,NA,NA
2008,7,1,0,NA,NA,NA,NA,NA
2008,7,1,3,NA,NA,NA,NA,NA
2008,7,1,6,NA,NA,NA,NA,NA
2008,7,1,9,NA,NA,NA,NA,NA
2008,7,1,12,NA,NA,NA,NA,NA
2008,7,1,15,NA,NA,NA,NA,NA
2008,7,1,18,NA,NA,NA,NA,NA
2008,7,1,21,NA,NA,NA,NA,NA
2008,7,2,0,NA,NA,NA,NA,NA
2008,7,2,3,NA,NA,NA,NA,NA
2008,7,2,6,NA,NA,NA,NA,NA
2008,7,2,9,NA,NA,NA,NA,NA
2008,7,2,12,NA,NA,NA,NA,NA
2008,7,2,15,NA,NA,NA,NA,NA
2008,7,2,18,NA,NA,NA,NA,NA
2008,7,2,21,NA,NA,NA,NA,NA
2008,7,3,0,NA,NA,NA,NA,NA
2008,7,3,3,NA,NA,NA,NA,NA
2008,7,3,6,NA,NA,NA,NA,NA
2008,7,3,9,NA,NA,NA,NA,NA
2008,7,3,12,NA,NA,NA,NA,NA
2008,7,3,15,NA,NA,NA,NA,NA
2008,7,3,18,NA,NA,NA,NA,NA
2008,7,3,21,NA,NA,NA,NA,NA
2008,7,4,0,NA,NA,NA,NA,NA
2008,7,4,3,NA,NA,NA,NA,NA
2008,7,4,6,NA,NA,NA,NA,NA
2008,7,4,9,NA,NA,NA,NA,NA
2008,7,4,12,NA,NA,NA,NA,NA
2008,7,4,15,NA,NA,NA,NA,NA
2008,7,4,18,NA,NA,NA,NA,NA
2008,7,4,21,NA,NA,NA,NA,NA
2008,7,5,0,NA,NA,NA,NA,NA
2008,7,5,3,NA,NA,NA,NA,NA
2008,7,5,6,NA,NA,NA,NA,NA
2008,7,5,9,NA,NA,NA,NA,NA
2008,7,5,12,NA,NA,NA,NA,NA
2008,7,5,15,NA,NA,NA,NA,NA
2008,7,5,18,NA,NA,NA,NA,NA
2008,7,5,21,NA,NA,NA,NA,NA
2008,7,6,0,NA,NA,NA,NA,NA
2008,7,6,3,NA,NA,NA,NA,NA
2008,7,6,6,NA,NA,NA,NA,NA
2008,7,6,9,NA,NA,NA,NA,NA
2008,7,6,12,NA,NA,NA,NA,NA
2008,7,6,15,NA,NA,NA,NA,NA
2008,7,6,18,NA,NA,NA,NA,NA
2008,7,6,21,NA,NA,NA,NA,NA
2008,7,7,0,NA,NA,NA,NA,NA
2008,7,7,3,NA,NA,NA,NA,NA
2008,7,7,6,NA,NA,NA,NA,NA
2008,7,7,9,NA,NA,NA,NA,NA
2008,7,7,12,NA,NA,NA,NA,NA
2008,7,7,15,NA,NA,NA,NA,NA
2008,7,7,18,NA,NA,NA,NA,NA
2008,7,7,21,NA,NA,NA,NA,NA
2008,7,8,0,NA,NA,NA,NA,NA
2008,7,8,3,NA,NA,NA,NA,NA
2008,7,8,6,NA,NA,NA,NA,NA
2008,7,8,9,NA,NA,NA,NA,NA
2008,7,8,12,NA,NA,NA,NA,NA
2008,7,8,15,NA,NA,NA,NA,NA
2008,7,8,18,NA,NA,NA,NA,NA
2008,7,8,21,NA,NA,NA,NA,NA
2008,7,9,0,NA,NA,NA,NA,NA
2008,7,9,3,NA,NA,NA,NA,NA
2008,7,9,6,NA,NA,NA,NA,NA
2008,7,9,9,NA,NA,NA,NA,NA
2008,7,9,12,NA,NA,NA,NA,NA
2008,7,9,15,NA,NA,NA,NA,NA
2008,7,9,18,NA,NA,NA,NA,NA
2008,7,9,21,NA,NA,NA,NA,NA
2008,7,10,0,NA,NA,NA,NA,NA
2008,7,10,3,NA,NA,NA,NA,NA
2008,7,10,6,NA,NA,NA,NA,NA
2008,7,10,9,NA,NA,NA,NA,NA
2008,7,10,12,NA,NA,NA,NA,NA
2008,7,10,15,NA,NA,NA,NA,NA
2008,7,10,18,NA,NA,NA,NA,NA
2008,7,10,21,NA,NA,NA,NA,NA
2008,7,11,0,NA,NA,NA,NA,NA
2008,7,11,3,NA,NA,NA,NA,NA
2008,7,11,6,NA,NA,NA,NA,NA
2008,7,11,9,NA,NA,NA,NA,NA
2008,7,11,12,NA,NA,NA,NA,NA
2008,7,11,15,NA,NA,NA,NA,NA
2008,7,11,18,NA,NA,NA,NA,NA
2008,7,11,21,NA,NA,NA,NA,NA
2008,7,12,0,NA,NA,NA,NA,NA
2008,7,12,3,NA,NA,NA,NA,NA
2008,7,12,6,NA,NA,NA,NA,NA
2008,7,12,9,NA,NA,NA,NA,NA
2008,7,12,12,NA,NA,NA,NA,NA
2008,7,12,15,NA,NA,NA,NA,NA
2008,7,12,18,NA,NA,NA,NA,NA
2008,7,12,21,NA,NA,NA,NA,NA
2008,7,13,0,NA,NA,NA,NA,NA
2008,7,13,3,NA,NA,NA,NA,NA
2008,7,13,6,NA,NA,NA,NA,NA
2008,7,13,9,NA,NA,NA,NA,NA
2008,7,13,12,NA,NA,NA,NA,NA
2008,7,13,15,NA,NA,NA,NA,NA
2008,7,13,18,NA,NA,NA,NA,NA
2008,7,13,21,NA,NA,NA,NA,NA
2008,7,14,0,NA,NA,NA,NA,NA
2008,7,14,3,NA,NA,NA,NA,NA
2008,7,14,6,NA,NA,NA,NA,NA
2008,7,14,9,NA,NA,NA,NA,NA
2008,7,14,12,NA,NA,NA,NA,NA
2008,7,14,15,NA,NA,NA,NA,NA
2008,7,14,18,NA,NA,NA,NA,NA
2008,7,14,21,NA,NA,NA,NA,NA
2008,7,15,0,NA,NA,NA,NA,NA
2008,7,15,3,NA,NA,NA,NA,NA
2008,7,15,6,NA,NA,NA,NA,NA
2008,7,15,9,NA,NA,NA,NA,NA
2008,7,15,12,NA,NA,NA,NA,NA
2008,7,15,15,NA,NA,NA,NA,NA
2008,7,15,18,NA,NA,NA,NA,NA
2008,7,15,21,NA,NA,NA,NA,NA
2008,7,16,0,NA,NA,NA,NA,NA
2008,7,16,3,NA,NA,NA,NA,NA
2008,7,16,6,NA,NA,NA,NA,NA
2008,7,16,9,NA,NA,NA,NA,NA
2008,7,16,12,NA,NA,NA,NA,NA
2008,7,16,15,NA,NA,NA,NA,NA
2008,7,16,18,NA,NA,NA,NA,NA
2008,7,16,21,NA,NA,NA,NA,NA
2008,7,17,0,NA,NA,NA,NA,NA
2008,7,17,3,NA,NA,NA,NA,NA
2008,7,17,6,NA,NA,NA,NA,NA
2008,7,17,9,NA,NA,NA,NA,NA
2008,7,17,12,NA,NA,NA,NA,NA
2008,7,17,15,NA,NA,NA,NA,NA
2008,7,17,18,NA,NA,NA,NA,NA
2008,7,17,21,NA,NA,NA,NA,NA
2008,7,18,0,NA,NA,NA,NA,NA
2008,7,18,3,NA,NA,NA,NA,NA
2008,7,18,6,NA,NA,NA,NA,NA
2008,7,18,9,NA,NA,NA,NA,NA
2008,7,18,12,NA,NA,NA,NA,NA
2008,7,18,15,NA,NA,NA,NA,NA
2008,7,18,18,NA,NA,NA,NA,NA
2008,7,18,21,NA,NA,NA,NA,NA
2008,7,19,0,NA,NA,NA,NA,NA
2008,7,19,3,NA,NA,NA,NA,NA
2008,7,19,6,NA,NA,NA,NA,NA
2008,7,19,9,NA,NA,NA,NA,NA
2008,7,19,12,NA,NA,NA,NA,NA
2008,7,19,15,NA,NA,NA,NA,NA
2008,7,19,18,NA,NA,NA,NA,NA
2008,7,19,21,NA,NA,NA,NA,NA
2008,7,20,0,NA,NA,NA,NA,NA
2008,7,20,3,NA,NA,NA,NA,NA
2008,7,20,6,NA,NA,NA,NA,NA
2008,7,20,9,NA,NA,NA,NA,NA
2008,7,20,12,NA,NA,NA,NA,NA
2008,7,20,15,NA,NA,NA,NA,NA
2008,7,20,18,NA,NA,NA,NA,NA
2008,7,20,21,NA,NA,NA,NA,NA
2008,7,21,0,NA,NA,NA,NA,NA
2008,7,21,3,NA,NA,NA,NA,NA
2008,7,21,6,NA,NA,NA,NA,NA
2008,7,21,9,NA,NA,NA,NA,NA
2008,7,21,12,NA,NA,NA,NA,NA
2008,7,21,15,NA,NA,NA,NA,NA
2008,7,21,18,NA,NA,NA,NA,NA
2008,7,21,21,NA,NA,NA,NA,NA
2008,7,22,0,NA,NA,NA,NA,NA
2008,7,22,3,NA,NA,NA,NA,NA
2008,7,22,6,NA,NA,NA,NA,NA
2008,7,22,9,NA,NA,NA,NA,NA
2008,7,22,12,NA,NA,NA,NA,NA
2008,7,22,15,NA,NA,NA,NA,NA
2008,7,22,18,NA,NA,NA,NA,NA
2008,7,22,21,NA,NA,NA,NA,NA
2008,7,23,0,NA,NA,NA,NA,NA
2008,7,23,3,NA,NA,NA,NA,NA
2008,7,23,6,NA,NA,NA,NA,NA
2008,7,23,9,NA,NA,NA,NA,NA
2008,7,23,12,NA,NA,NA,NA,NA
2008,7,23,15,NA,NA,NA,NA,NA
2008,7,23,18,NA,NA,NA,NA,NA
2008,7,23,21,NA,NA,NA,NA,NA
2008,7,24,0,NA,NA,NA,NA,NA
2008,7,24,3,NA,NA,NA,NA,NA
2008,7,24,6,NA,NA,NA,NA,NA
2008,7,24,9,NA,NA,NA,NA,NA
2008,7,24,12,NA,NA,NA,NA,NA
2008,7,24,15,NA,NA,NA,NA,NA
2008,7,24,18,NA,NA,NA,NA,NA
2008,7,24,21,NA,NA,NA,NA,NA
2008,7,25,0,NA,NA,NA,NA,NA
2008,7,25,3,NA,NA,NA,NA,NA
2008,7,25,6,NA,NA,NA,NA,NA
2008,7,25,9,NA,NA,NA,NA,NA
2008,7,25,12,NA,NA,NA,NA,NA
2008,7,25,15,NA,NA,NA,NA,NA
2008,7,25,18,NA,NA,NA,NA,NA
2008,7,25,21,NA,NA,NA,NA,NA
2008,7,26,0,NA,NA,NA,NA,NA
2008,7,26,3,NA,NA,NA,NA,NA
2008,7,26,6,NA,NA,NA,NA,NA
2008,7,26,9,NA,NA,NA,NA,NA
2008,7,26,12,NA,NA,NA,NA,NA
2008,7,26,15,NA,NA,NA,NA,NA
2008,7,26,18,NA,NA,NA,NA,NA
2008,7,26,21,NA,NA,NA,NA,NA
2008,7,27,0,NA,NA,NA,NA,NA
2008,7,27,3,NA,NA,NA,NA,NA
2008,7,27,6,NA,NA,NA,NA,NA
2008,7,27,9,NA,NA,NA,NA,NA
2008,7,27,12,NA,NA,NA,NA,NA
2008,7,27,15,NA,NA,NA,NA,NA
2008,7,27,18,NA,NA,NA,NA,NA
2008,7,27,21,NA,NA,NA,NA,NA
2008,7,28,0,NA,NA,NA,NA,NA
2008,7,28,3,NA,NA,NA,NA,NA
2008,7,28,6,NA,NA,NA,NA,NA
2008,7,28,9,NA,NA,NA,NA,NA
2008,7,28,12,NA,NA,NA,NA,NA
2008,7,28,15,NA,NA,NA,NA,NA
2008,7,28,18,NA,NA,NA,NA,NA
2008,7,28,21,NA,NA,NA,NA,NA
2008,7,29,0,NA,NA,NA,NA,NA
2008,7,29,3,NA,NA,NA,NA,NA
2008,7,29,6,NA,NA,NA,NA,NA
2008,7,29,9,NA,NA,NA,NA,NA
2008,7,29,12,NA,NA,NA,NA,NA
2008,7,29,15,NA,NA,NA,NA,NA
2008,7,29,18,NA,NA,NA,NA,NA
2008,7,29,21,NA,NA,NA,NA,NA
2008,7,30,0,NA,NA,NA,NA,NA
2008,7,30,3,NA,NA,NA,NA,NA
2008,7,30,6,NA,NA,NA,NA,NA
2008,7,30,9,NA,NA,NA,NA,NA
2008,7,30,12,NA,NA,NA,NA,NA
2008,7,30,15,NA,NA,NA,NA,NA
2008,7,30,18,NA,NA,NA,NA,NA
2008,7,30,21,NA,NA,NA,NA,NA
2008,7,31,0,NA,NA,NA,NA,NA
2008,7,31,3,NA,NA,NA,NA,NA
2008,7,31,6,NA,NA,NA,NA,NA
2008,7,31,9,NA,NA,NA,NA,NA
2008,7,31,12,NA,NA,NA,NA,NA
2008,7,31,15,NA,NA,NA,NA,NA
2008,7,31,18,NA,NA,NA,NA,NA
2008,7,31,21,NA,NA,NA,NA,NA
2008,8,1,0,NA,NA,NA,NA,NA
2008,8,1,3,NA,NA,NA,NA,NA
2008,8,1,6,NA,NA,NA,NA,NA
2008,8,1,9,NA,NA,NA,NA,NA
2008,8,1,12,NA,NA,NA,NA,NA
2008,8,1,15,NA,NA,NA,NA,NA
2008,8,1,18,NA,NA,NA,NA,NA
2008,8,1,21,NA,NA,NA,NA,NA
2008,8,2,0,NA,NA,NA,NA,NA
2008,8,2,3,NA,NA,NA,NA,NA
2008,8,2,6,NA,NA,NA,NA,NA
2008,8,2,9,NA,NA,NA,NA,NA
2008,8,2,12,NA,NA,NA,NA,NA
2008,8,2,15,NA,NA,NA,NA,NA
2008,8,2,18,NA,NA,NA,NA,NA
2008,8,2,21,NA,NA,NA,NA,NA
2008,8,3,0,NA,NA,NA,NA,NA
2008,8,3,3,NA,NA,NA,NA,NA
2008,8,3,6,NA,NA,NA,NA,NA
2008,8,3,9,NA,NA,NA,NA,NA
2008,8,3,12,NA,NA,NA,NA,NA
2008,8,3,15,NA,NA,NA,NA,NA
2008,8,3,18,NA,NA,NA,NA,NA
2008,8,3,21,NA,NA,NA,NA,NA
2008,8,4,0,NA,NA,NA,NA,NA
2008,8,4,3,NA,NA,NA,NA,NA
2008,8,4,6,NA,NA,NA,NA,NA
2008,8,4,9,NA,NA,NA,NA,NA
2008,8,4,12,NA,NA,NA,NA,NA
2008,8,4,15,NA,NA,NA,NA,NA
2008,8,4,18,NA,NA,NA,NA,NA
2008,8,4,21,NA,NA,NA,NA,NA
2008,8,5,0,NA,NA,NA,NA,NA
2008,8,5,3,NA,NA,NA,NA,NA
2008,8,5,6,NA,NA,NA,NA,NA
2008,8,5,9,NA,NA,NA,NA,NA
2008,8,5,12,NA,NA,NA,NA,NA
2008,8,5,15,NA,NA,NA,NA,NA
2008,8,5,18,NA,NA,NA,NA,NA
2008,8,5,21,NA,NA,NA,NA,NA
2008,8,6,0,NA,NA,NA,NA,NA
2008,8,6,3,NA,NA,NA,NA,NA
2008,8,6,6,NA,NA,NA,NA,NA
2008,8,6,9,NA,NA,NA,NA,NA
2008,8,6,12,NA,NA,NA,NA,NA
2008,8,6,15,NA,NA,NA,NA,NA
2008,8,6,18,NA,NA,NA,NA,NA
2008,8,6,21,NA,NA,NA,NA,NA
2008,8,7,0,NA,NA,NA,NA,NA
2008,8,7,3,NA,NA,NA,NA,NA
2008,8,7,6,NA,NA,NA,NA,NA
2008,8,7,9,NA,NA,NA,NA,NA
2008,8,7,12,NA,NA,NA,NA,NA
2008,8,7,15,NA,NA,NA,NA,NA
2008,8,7,18,NA,NA,NA,NA,NA
2008,8,7,21,NA,NA,NA,NA,NA
2008,8,8,0,NA,NA,NA,NA,NA
2008,8,8,3,NA,NA,NA,NA,NA
2008,8,8,6,NA,NA,NA,NA,NA
2008,8,8,9,NA,NA,NA,NA,NA
2008,8,8,12,NA,NA,NA,NA,NA
2008,8,8,15,NA,NA,NA,NA,NA
2008,8,8,18,NA,NA,NA,NA,NA
2008,8,8,21,NA,NA,NA,NA,NA
2008,8,9,0,NA,NA,NA,NA,NA
2008,8,9,3,NA,NA,NA,NA,NA
2008,8,9,6,NA,NA,NA,NA,NA
2008,8,9,9,NA,NA,NA,NA,NA
2008,8,9,12,NA,NA,NA,NA,NA
2008,8,9,15,NA,NA,NA,NA,NA
2008,8,9,18,NA,NA,NA,NA,NA
2008,8,9,21,NA,NA,NA,NA,NA
2008,8,10,0,NA,NA,NA,NA,NA
2008,8,10,3,NA,NA,NA,NA,NA
2008,8,10,6,NA,NA,NA,NA,NA
2008,8,10,9,NA,NA,NA,NA,NA
2008,8,10,12,NA,NA,NA,NA,NA
2008,8,10,15,NA,NA,NA,NA,NA
2008,8,10,18,NA,NA,NA,NA,NA
2008,8,10,21,NA,NA,NA,NA,NA
2008,8,11,0,NA,NA,NA,NA,NA
2008,8,11,3,NA,NA,NA,NA,NA
2008,8,11,6,NA,NA,NA,NA,NA
2008,8,11,9,NA,NA,NA,NA,NA
2008,8,11,12,NA,NA,NA,NA,NA
2008,8,11,15,NA,NA,NA,NA,NA
2008,8,11,18,NA,NA,NA,NA,NA
2008,8,11,21,NA,NA,NA,NA,NA
2008,8,12,0,NA,NA,NA,NA,NA
2008,8,12,3,NA,NA,NA,NA,NA
2008,8,12,6,NA,NA,NA,NA,NA
2008,8,12,9,NA,NA,NA,NA,NA
2008,8,12,12,NA,NA,NA,NA,NA
2008,8,12,15,NA,NA,NA,NA,NA
2008,8,12,18,NA,NA,NA,NA,NA
2008,8,12,21,NA,NA,NA,NA,NA
2008,8,13,0,NA,NA,NA,NA,NA
2008,8,13,3,NA,NA,NA,NA,NA
2008,8,13,6,NA,NA,NA,NA,NA
2008,8,13,9,NA,NA,NA,NA,NA
2008,8,13,12,NA,NA,NA,NA,NA
2008,8,13,15,NA,NA,NA,NA,NA
2008,8,13,18,NA,NA,NA,NA,NA
2008,8,13,21,NA,NA,NA,NA,NA
2008,8,14,0,NA,NA,NA,NA,NA
2008,8,14,3,NA,NA,NA,NA,NA
2008,8,14,6,NA,NA,NA,NA,NA
2008,8,14,9,NA,NA,NA,NA,NA
2008,8,14,12,NA,NA,NA,NA,NA
2008,8,14,15,NA,NA,NA,NA,NA
2008,8,14,18,NA,NA,NA,NA,NA
2008,8,14,21,NA,NA,NA,NA,NA
2008,8,15,0,NA,NA,NA,NA,NA
2008,8,15,3,NA,NA,NA,NA,NA
2008,8,15,6,NA,NA,NA,NA,NA
2008,8,15,9,NA,NA,NA,NA,NA
2008,8,15,12,NA,NA,NA,NA,NA
2008,8,15,15,NA,NA,NA,NA,NA
2008,8,15,18,NA,NA,NA,NA,NA
2008,8,15,21,NA,NA,NA,NA,NA
2008,8,16,0,NA,NA,NA,NA,NA
2008,8,16,3,NA,NA,NA,NA,NA
2008,8,16,6,NA,NA,NA,NA,NA
2008,8,16,9,NA,NA,NA,NA,NA
2008,8,16,12,NA,NA,NA,NA,NA
2008,8,16,15,NA,NA,NA,NA,NA
2008,8,16,18,NA,NA,NA,NA,NA
2008,8,16,21,NA,NA,NA,NA,NA
2008,8,17,0,NA,NA,NA,NA,NA
2008,8,17,3,NA,NA,NA,NA,NA
2008,8,17,6,NA,NA,NA,NA,NA
2008,8,17,9,NA,NA,NA,NA,NA
2008,8,17,12,NA,NA,NA,NA,NA
2008,8,17,15,NA,NA,NA,NA,NA
2008,8,17,18,NA,NA,NA,NA,NA
2008,8,17,21,NA,NA,NA,NA,NA
2008,8,18,0,NA,NA,NA,NA,NA
2008,8,18,3,NA,NA,NA,NA,NA
2008,8,18,6,NA,NA,NA,NA,NA
2008,8,18,9,NA,NA,NA,NA,NA
2008,8,18,12,NA,NA,NA,NA,NA
2008,8,18,15,NA,NA,NA,NA,NA
2008,8,18,18,NA,NA,NA,NA,NA
2008,8,18,21,NA,NA,NA,NA,NA
2008,8,19,0,NA,NA,NA,NA,NA
2008,8,19,3,NA,NA,NA,NA,NA
2008,8,19,6,NA,NA,NA,NA,NA
2008,8,19,9,NA,NA,NA,NA,NA
2008,8,19,12,NA,NA,NA,NA,NA
2008,8,19,15,NA,NA,NA,NA,NA
2008,8,19,18,NA,NA,NA,NA,NA
2008,8,19,21,NA,NA,NA,NA,NA
2008,8,20,0,NA,NA,NA,NA,NA
2008,8,20,3,NA,NA,NA,NA,NA
2008,8,20,6,NA,NA,NA,NA,NA
2008,8,20,9,NA,NA,NA,NA,NA
2008,8,20,12,NA,NA,NA,NA,NA
2008,8,20,15,NA,NA,NA,NA,NA
2008,8,20,18,NA,NA,NA,NA,NA
2008,8,20,21,NA,NA,NA,NA,NA
2008,8,21,0,NA,NA,NA,NA,NA
2008,8,21,3,NA,NA,NA,NA,NA
2008,8,21,6,NA,NA,NA,NA,NA
2008,8,21,9,NA,NA,NA,NA,NA
2008,8,21,12,NA,NA,NA,NA,NA
2008,8,21,15,NA,NA,NA,NA,NA
2008,8,21,18,NA,NA,NA,NA,NA
2008,8,21,21,NA,NA,NA,NA,NA
2008,8,22,0,NA,NA,NA,NA,NA
2008,8,22,3,NA,NA,NA,NA,NA
2008,8,22,6,NA,NA,NA,NA,NA
2008,8,22,9,NA,NA,NA,NA,NA
2008,8,22,12,NA,NA,NA,NA,NA
2008,8,22,15,NA,NA,NA,NA,NA
2008,8,22,18,NA,NA,NA,NA,NA
2008,8,22,21,NA,NA,NA,NA,NA
2008,8,23,0,NA,NA,NA,NA,NA
2008,8,23,3,NA,NA,NA,NA,NA
2008,8,23,6,NA,NA,NA,NA,NA
2008,8,23,9,NA,NA,NA,NA,NA
2008,8,23,12,NA,NA,NA,NA,NA
2008,8,23,15,NA,NA,NA,NA,NA
2008,8,23,18,NA,NA,NA,NA,NA
2008,8,23,21,NA,NA,NA,NA,NA
2008,8,24,0,NA,NA,NA,NA,NA
2008,8,24,3,NA,NA,NA,NA,NA
2008,8,24,6,NA,NA,NA,NA,NA
2008,8,24,9,NA,NA,NA,NA,NA
2008,8,24,12,NA,NA,NA,NA,NA
2008,8,24,15,NA,NA,NA,NA,NA
2008,8,24,18,NA,NA,NA,NA,NA
2008,8,24,21,NA,NA,NA,NA,NA
2008,8,25,0,NA,NA,NA,NA,NA
2008,8,25,3,NA,NA,NA,NA,NA
2008,8,25,6,NA,NA,NA,NA,NA
2008,8,25,9,NA,NA,NA,NA,NA
2008,8,25,12,NA,NA,NA,NA,NA
2008,8,25,15,NA,NA,NA,NA,NA
2008,8,25,18,NA,NA,NA,NA,NA
2008,8,25,21,NA,NA,NA,NA,NA
2008,8,26,0,NA,NA,NA,NA,NA
2008,8,26,3,NA,NA,NA,NA,NA
2008,8,26,6,NA,NA,NA,NA,NA
2008,8,26,9,NA,NA,NA,NA,NA
2008,8,26,12,NA,NA,NA,NA,NA
2008,8,26,15,NA,NA,NA,NA,NA
2008,8,26,18,NA,NA,NA,NA,NA
2008,8,26,21,NA,NA,NA,NA,NA
2008,8,27,0,NA,NA,NA,NA,NA
2008,8,27,3,NA,NA,NA,NA,NA
2008,8,27,6,NA,NA,NA,NA,NA
2008,8,27,9,NA,NA,NA,NA,NA
2008,8,27,12,NA,NA,NA,NA,NA
2008,8,27,15,NA,NA,NA,NA,NA
2008,8,27,18,NA,NA,NA,NA,NA
2008,8,27,21,NA,NA,NA,NA,NA
2008,8,28,0,NA,NA,NA,NA,NA
2008,8,28,3,NA,NA,NA,NA,NA
2008,8,28,6,NA,NA,NA,NA,NA
2008,8,28,9,NA,NA,NA,NA,NA
2008,8,28,12,NA,NA,NA,NA,NA
2008,8,28,15,NA,NA,NA,NA,NA
2008,8,28,18,NA,NA,NA,NA,NA
2008,8,28,21,NA,NA,NA,NA,NA
2008,8,29,0,NA,NA,NA,NA,NA
2008,8,29,3,NA,NA,NA,NA,NA
2008,8,29,6,NA,NA,NA,NA,NA
2008,8,29,9,NA,NA,NA,NA,NA
2008,8,29,12,NA,NA,NA,NA,NA
2008,8,29,15,NA,NA,NA,NA,NA
2008,8,29,18,NA,NA,NA,NA,NA
2008,8,29,21,NA,NA,NA,NA,NA
2008,8,30,0,NA,NA,NA,NA,NA
2008,8,30,3,NA,NA,NA,NA,NA
2008,8,30,6,NA,NA,NA,NA,NA
2008,8,30,9,NA,NA,NA,NA,NA
2008,8,30,12,NA,NA,NA,NA,NA
2008,8,30,15,NA,NA,NA,NA,NA
2008,8,30,18,NA,NA,NA,NA,NA
2008,8,30,21,NA,NA,NA,NA,NA
2008,8,31,0,NA,NA,NA,NA,NA
2008,8,31,3,NA,NA,NA,NA,NA
2008,8,31,6,NA,NA,NA,NA,NA
2008,8,31,9,NA,NA,NA,NA,NA
2008,8,31,12,NA,NA,NA,NA,NA
2008,8,31,15,NA,NA,NA,NA,NA
2008,8,31,18,NA,NA,NA,NA,NA
2008,8,31,21,NA,NA,NA,NA,NA
2008,9,1,0,NA,NA,NA,NA,NA
2008,9,1,3,NA,NA,NA,NA,NA
2008,9,1,6,NA,NA,NA,NA,NA
2008,9,1,9,NA,NA,NA,NA,NA
2008,9,1,12,NA,NA,NA,NA,NA
2008,9,1,15,NA,NA,NA,NA,NA
2008,9,1,18,NA,NA,NA,NA,NA
2008,9,1,21,NA,NA,NA,NA,NA
2008,9,2,0,NA,NA,NA,NA,NA
2008,9,2,3,NA,NA,NA,NA,NA
2008,9,2,6,NA,NA,NA,NA,NA
2008,9,2,9,NA,NA,NA,NA,NA
2008,9,2,12,NA,NA,NA,NA,NA
2008,9,2,15,NA,NA,NA,NA,NA
2008,9,2,18,NA,NA,NA,NA,NA
2008,9,2,21,NA,NA,NA,NA,NA
2008,9,3,0,NA,NA,NA,NA,NA
2008,9,3,3,NA,NA,NA,NA,NA
2008,9,3,6,NA,NA,NA,NA,NA
2008,9,3,9,NA,NA,NA,NA,NA
2008,9,3,12,NA,NA,NA,NA,NA
2008,9,3,15,NA,NA,NA,NA,NA
2008,9,3,18,NA,NA,NA,NA,NA
2008,9,3,21,NA,NA,NA,NA,NA
2008,9,4,0,NA,NA,NA,NA,NA
2008,9,4,3,NA,NA,NA,NA,NA
2008,9,4,6,NA,NA,NA,NA,NA
2008,9,4,9,NA,NA,NA,NA,NA
2008,9,4,12,NA,NA,NA,NA,NA
2008,9,4,15,NA,NA,NA,NA,NA
2008,9,4,18,NA,NA,NA,NA,NA
2008,9,4,21,NA,NA,NA,NA,NA
2008,9,5,0,NA,NA,NA,NA,NA
2008,9,5,3,NA,NA,NA,NA,NA
2008,9,5,6,NA,NA,NA,NA,NA
2008,9,5,9,NA,NA,NA,NA,NA
2008,9,5,12,NA,NA,NA,NA,NA
2008,9,5,15,NA,NA,NA,NA,NA
2008,9,5,18,NA,NA,NA,NA,NA
2008,9,5,21,NA,NA,NA,NA,NA
2008,9,6,0,NA,NA,NA,NA,NA
2008,9,6,3,NA,NA,NA,NA,NA
2008,9,6,6,NA,NA,NA,NA,NA
2008,9,6,9,NA,NA,NA,NA,NA
2008,9,6,12,NA,NA,NA,NA,NA
2008,9,6,15,NA,NA,NA,NA,NA
2008,9,6,18,NA,NA,NA,NA,NA
2008,9,6,21,NA,NA,NA,NA,NA
2008,9,7,0,NA,NA,NA,NA,NA
2008,9,7,3,NA,NA,NA,NA,NA
2008,9,7,6,NA,NA,NA,NA,NA
2008,9,7,9,NA,NA,NA,NA,NA
2008,9,7,12,NA,NA,NA,NA,NA
2008,9,7,15,NA,NA,NA,NA,NA
2008,9,7,18,NA,NA,NA,NA,NA
2008,9,7,21,NA,NA,NA,NA,NA
2008,9,8,0,NA,NA,NA,NA,NA
2008,9,8,3,NA,NA,NA,NA,NA
2008,9,8,6,NA,NA,NA,NA,NA
2008,9,8,9,NA,NA,NA,NA,NA
2008,9,8,12,NA,NA,NA,NA,NA
2008,9,8,15,NA,NA,NA,NA,NA
2008,9,8,18,NA,NA,NA,NA,NA
2008,9,8,21,NA,NA,NA,NA,NA
2008,9,9,0,NA,NA,NA,NA,NA
2008,9,9,3,NA,NA,NA,NA,NA
2008,9,9,6,NA,NA,NA,NA,NA
2008,9,9,9,NA,NA,NA,NA,NA
2008,9,9,12,NA,NA,NA,NA,NA
2008,9,9,15,NA,NA,NA,NA,NA
2008,9,9,18,NA,NA,NA,NA,NA
2008,9,9,21,NA,NA,NA,NA,NA
2008,9,10,0,NA,NA,NA,NA,NA
2008,9,10,3,NA,NA,NA,NA,NA
2008,9,10,6,NA,NA,NA,NA,NA
2008,9,10,9,NA,NA,NA,NA,NA
2008,9,10,12,NA,NA,NA,NA,NA
2008,9,10,15,NA,NA,NA,NA,NA
2008,9,10,18,NA,NA,NA,NA,NA
2008,9,10,21,NA,NA,NA,NA,NA
2008,9,11,0,NA,NA,NA,NA,NA
2008,9,11,3,NA,NA,NA,NA,NA
2008,9,11,6,NA,NA,NA,NA,NA
2008,9,11,9,NA,NA,NA,NA,NA
2008,9,11,12,NA,NA,NA,NA,NA
2008,9,11,15,NA,NA,NA,NA,NA
2008,9,11,18,NA,NA,NA,NA,NA
2008,9,11,21,NA,NA,NA,NA,NA
2008,9,12,0,NA,NA,NA,NA,NA
2008,9,12,3,NA,NA,NA,NA,NA
2008,9,12,6,NA,NA,NA,NA,NA
2008,9,12,9,NA,NA,NA,NA,NA
2008,9,12,12,NA,NA,NA,NA,NA
2008,9,12,15,NA,NA,NA,NA,NA
2008,9,12,18,NA,NA,NA,NA,NA
2008,9,12,21,NA,NA,NA,NA,NA
2008,9,13,0,NA,NA,NA,NA,NA
2008,9,13,3,NA,NA,NA,NA,NA
2008,9,13,6,NA,NA,NA,NA,NA
2008,9,13,9,NA,NA,NA,NA,NA
2008,9,13,12,NA,NA,NA,NA,NA
2008,9,13,15,NA,NA,NA,NA,NA
2008,9,13,18,NA,NA,NA,NA,NA
2008,9,13,21,NA,NA,NA,NA,NA
2008,9,14,0,NA,NA,NA,NA,NA
2008,9,14,3,NA,NA,NA,NA,NA
2008,9,14,6,NA,NA,NA,NA,NA
2008,9,14,9,NA,NA,NA,NA,NA
2008,9,14,12,NA,NA,NA,NA,NA
2008,9,14,15,NA,NA,NA,NA,NA
2008,9,14,18,NA,NA,NA,NA,NA
2008,9,14,21,NA,NA,NA,NA,NA
2008,9,15,0,NA,NA,NA,NA,NA
2008,9,15,3,NA,NA,NA,NA,NA
2008,9,15,6,NA,NA,NA,NA,NA
2008,9,15,9,NA,NA,NA,NA,NA
2008,9,15,12,NA,NA,NA,NA,NA
2008,9,15,15,NA,NA,NA,NA,NA
2008,9,15,18,NA,NA,NA,NA,NA
2008,9,15,21,NA,NA,NA,NA,NA
2008,9,16,0,NA,NA,NA,NA,NA
2008,9,16,3,NA,NA,NA,NA,NA
2008,9,16,6,NA,NA,NA,NA,NA
2008,9,16,9,NA,NA,NA,NA,NA
2008,9,16,12,NA,NA,NA,NA,NA
2008,9,16,15,NA,NA,NA,NA,NA
2008,9,16,18,NA,NA,NA,NA,NA
2008,9,16,21,NA,NA,NA,NA,NA
2008,9,17,0,NA,NA,NA,NA,NA
2008,9,17,3,NA,NA,NA,NA,NA
2008,9,17,6,NA,NA,NA,NA,NA
2008,9,17,9,NA,NA,NA,NA,NA
2008,9,17,12,NA,NA,NA,NA,NA
2008,9,17,15,NA,NA,NA,NA,NA
2008,9,17,18,NA,NA,NA,NA,NA
2008,9,17,21,NA,NA,NA,NA,NA
2008,9,18,0,NA,NA,NA,NA,NA
2008,9,18,3,NA,NA,NA,NA,NA
2008,9,18,6,NA,NA,NA,NA,NA
2008,9,18,9,NA,NA,NA,NA,NA
2008,9,18,12,NA,NA,NA,NA,NA
2008,9,18,15,NA,NA,NA,NA,NA
2008,9,18,18,NA,NA,NA,NA,NA
2008,9,18,21,NA,NA,NA,NA,NA
2008,9,19,0,NA,NA,NA,NA,NA
2008,9,19,3,NA,NA,NA,NA,NA
2008,9,19,6,NA,NA,NA,NA,NA
2008,9,19,9,NA,NA,NA,NA,NA
2008,9,19,12,NA,NA,NA,NA,NA
2008,9,19,15,NA,NA,NA,NA,NA
2008,9,19,18,NA,NA,NA,NA,NA
2008,9,19,21,NA,NA,NA,NA,NA
2008,9,20,0,NA,NA,NA,NA,NA
2008,9,20,3,NA,NA,NA,NA,NA
2008,9,20,6,NA,NA,NA,NA,NA
2008,9,20,9,NA,NA,NA,NA,NA
2008,9,20,12,NA,NA,NA,NA,NA
2008,9,20,15,NA,NA,NA,NA,NA
2008,9,20,18,NA,NA,NA,NA,NA
2008,9,20,21,NA,NA,NA,NA,NA
2008,9,21,0,NA,NA,NA,NA,NA
2008,9,21,3,NA,NA,NA,NA,NA
2008,9,21,6,NA,NA,NA,NA,NA
2008,9,21,9,NA,NA,NA,NA,NA
2008,9,21,12,NA,NA,NA,NA,NA
2008,9,21,15,NA,NA,NA,NA,NA
2008,9,21,18,NA,NA,NA,NA,NA
2008,9,21,21,NA,NA,NA,NA,NA
2008,9,22,0,NA,NA,NA,NA,NA
2008,9,22,3,NA,NA,NA,NA,NA
2008,9,22,6,NA,NA,NA,NA,NA
2008,9,22,9,NA,NA,NA,NA,NA
2008,9,22,12,NA,NA,NA,NA,NA
2008,9,22,15,NA,NA,NA,NA,NA
2008,9,22,18,NA,NA,NA,NA,NA
2008,9,22,21,NA,NA,NA,NA,NA
2008,9,23,0,NA,NA,NA,NA,NA
2008,9,23,3,NA,NA,NA,NA,NA
2008,9,23,6,NA,NA,NA,NA,NA
2008,9,23,9,NA,NA,NA,NA,NA
2008,9,23,12,NA,NA,NA,NA,NA
2008,9,23,15,NA,NA,NA,NA,NA
2008,9,23,18,NA,NA,NA,NA,NA
2008,9,23,21,NA,NA,NA,NA,NA
2008,9,24,0,NA,NA,NA,NA,NA
2008,9,24,3,NA,NA,NA,NA,NA
2008,9,24,6,NA,NA,NA,NA,NA
2008,9,24,9,NA,NA,NA,NA,NA
2008,9,24,12,NA,NA,NA,NA,NA
2008,9,24,15,NA,NA,NA,NA,NA
2008,9,24,18,NA,NA,NA,NA,NA
2008,9,24,21,NA,NA,NA,NA,NA
2008,9,25,0,NA,NA,NA,NA,NA
2008,9,25,3,NA,NA,NA,NA,NA
2008,9,25,6,NA,NA,NA,NA,NA
2008,9,25,9,NA,NA,NA,NA,NA
2008,9,25,12,NA,NA,NA,NA,NA
2008,9,25,15,NA,NA,NA,NA,NA
2008,9,25,18,NA,NA,NA,NA,NA
2008,9,25,21,NA,NA,NA,NA,NA
2008,9,26,0,NA,NA,NA,NA,NA
2008,9,26,3,NA,NA,NA,NA,NA
2008,9,26,6,NA,NA,NA,NA,NA
2008,9,26,9,NA,NA,NA,NA,NA
2008,9,26,12,NA,NA,NA,NA,NA
2008,9,26,15,NA,NA,NA,NA,NA
2008,9,26,18,NA,NA,NA,NA,NA
2008,9,26,21,NA,NA,NA,NA,NA
2008,9,27,0,NA,NA,NA,NA,NA
2008,9,27,3,NA,NA,NA,NA,NA
2008,9,27,6,NA,NA,NA,NA,NA
2008,9,27,9,NA,NA,NA,NA,NA
2008,9,27,12,NA,NA,NA,NA,NA
2008,9,27,15,NA,NA,NA,NA,NA
2008,9,27,18,NA,NA,NA,NA,NA
2008,9,27,21,NA,NA,NA,NA,NA
2008,9,28,0,NA,NA,NA,NA,NA
2008,9,28,3,NA,NA,NA,NA,NA
2008,9,28,6,NA,NA,NA,NA,NA
2008,9,28,9,NA,NA,NA,NA,NA
2008,9,28,12,NA,NA,NA,NA,NA
2008,9,28,15,NA,NA,NA,NA,NA
2008,9,28,18,NA,NA,NA,NA,NA
2008,9,28,21,NA,NA,NA,NA,NA
2008,9,29,0,NA,NA,NA,NA,NA
2008,9,29,3,NA,NA,NA,NA,NA
2008,9,29,6,NA,NA,NA,NA,NA
2008,9,29,9,NA,NA,NA,NA,NA
2008,9,29,12,NA,NA,NA,NA,NA
2008,9,29,15,NA,NA,NA,NA,NA
2008,9,29,18,NA,NA,NA,NA,NA
2008,9,29,21,NA,NA,NA,NA,NA
2008,9,30,0,NA,NA,NA,NA,NA
2008,9,30,3,NA,NA,NA,NA,NA
2008,9,30,6,NA,NA,NA,NA,NA
2008,9,30,9,NA,NA,NA,NA,NA
2008,9,30,12,NA,NA,NA,NA,NA
2008,9,30,15,NA,NA,NA,NA,NA
2008,9,30,18,NA,NA,NA,NA,NA
2008,9,30,21,NA,NA,NA,NA,NA
2008,10,1,0,NA,NA,NA,NA,NA
2008,10,1,3,NA,NA,NA,NA,NA
2008,10,1,6,NA,NA,NA,NA,NA
2008,10,1,9,NA,NA,NA,NA,NA
2008,10,1,12,NA,NA,NA,NA,NA
2008,10,1,15,NA,NA,NA,NA,NA
2008,10,1,18,NA,NA,NA,NA,NA
2008,10,1,21,NA,NA,NA,NA,NA
2008,10,2,0,NA,NA,NA,NA,NA
2008,10,2,3,NA,NA,NA,NA,NA
2008,10,2,6,NA,NA,NA,NA,NA
2008,10,2,9,NA,NA,NA,NA,NA
2008,10,2,12,NA,NA,NA,NA,NA
2008,10,2,15,NA,NA,NA,NA,NA
2008,10,2,18,NA,NA,NA,NA,NA
2008,10,2,21,NA,NA,NA,NA,NA
2008,10,3,0,NA,NA,NA,NA,NA
2008,10,3,3,NA,NA,NA,NA,NA
2008,10,3,6,NA,NA,NA,NA,NA
2008,10,3,9,NA,NA,NA,NA,NA
2008,10,3,12,NA,NA,NA,NA,NA
2008,10,3,15,NA,NA,NA,NA,NA
2008,10,3,18,NA,NA,NA,NA,NA
2008,10,3,21,NA,NA,NA,NA,NA
2008,10,4,0,NA,NA,NA,NA,NA
2008,10,4,3,NA,NA,NA,NA,NA
2008,10,4,6,NA,NA,NA,NA,NA
2008,10,4,9,NA,NA,NA,NA,NA
2008,10,4,12,NA,NA,NA,NA,NA
2008,10,4,15,NA,NA,NA,NA,NA
2008,10,4,18,NA,NA,NA,NA,NA
2008,10,4,21,NA,NA,NA,NA,NA
2008,10,5,0,NA,NA,NA,NA,NA
2008,10,5,3,NA,NA,NA,NA,NA
2008,10,5,6,NA,NA,NA,NA,NA
2008,10,5,9,NA,NA,NA,NA,NA
2008,10,5,12,NA,NA,NA,NA,NA
2008,10,5,15,NA,NA,NA,NA,NA
2008,10,5,18,NA,NA,NA,NA,NA
2008,10,5,21,NA,NA,NA,NA,NA
2008,10,6,0,NA,NA,NA,NA,NA
2008,10,6,3,NA,NA,NA,NA,NA
2008,10,6,6,NA,NA,NA,NA,NA
2008,10,6,9,NA,NA,NA,NA,NA
2008,10,6,12,NA,NA,NA,NA,NA
2008,10,6,15,NA,NA,NA,NA,NA
2008,10,6,18,NA,NA,NA,NA,NA
2008,10,6,21,NA,NA,NA,NA,NA
2008,10,7,0,NA,NA,NA,NA,NA
2008,10,7,3,NA,NA,NA,NA,NA
2008,10,7,6,NA,NA,NA,NA,NA
2008,10,7,9,NA,NA,NA,NA,NA
2008,10,7,12,NA,NA,NA,NA,NA
2008,10,7,15,NA,NA,NA,NA,NA
2008,10,7,18,NA,NA,NA,NA,NA
2008,10,7,21,NA,NA,NA,NA,NA
2008,10,8,0,NA,NA,NA,NA,NA
2008,10,8,3,NA,NA,NA,NA,NA
2008,10,8,6,NA,NA,NA,NA,NA
2008,10,8,9,NA,NA,NA,NA,NA
2008,10,8,12,NA,NA,NA,NA,NA
2008,10,8,15,NA,NA,NA,NA,NA
2008,10,8,18,NA,NA,NA,NA,NA
2008,10,8,21,NA,NA,NA,NA,NA
2008,10,9,0,NA,NA,NA,NA,NA
2008,10,9,3,NA,NA,NA,NA,NA
2008,10,9,6,NA,NA,NA,NA,NA
2008,10,9,9,NA,NA,NA,NA,NA
2008,10,9,12,NA,NA,NA,NA,NA
2008,10,9,15,NA,NA,NA,NA,NA
2008,10,9,18,NA,NA,NA,NA,NA
2008,10,9,21,NA,NA,NA,NA,NA
2008,10,10,0,NA,NA,NA,NA,NA
2008,10,10,3,NA,NA,NA,NA,NA
2008,10,10,6,NA,NA,NA,NA,NA
2008,10,10,9,NA,NA,NA,NA,NA
2008,10,10,12,NA,NA,NA,NA,NA
2008,10,10,15,NA,NA,NA,NA,NA
2008,10,10,18,NA,NA,NA,NA,NA
2008,10,10,21,NA,NA,NA,NA,NA
2008,10,11,0,NA,NA,NA,NA,NA
2008,10,11,3,NA,NA,NA,NA,NA
2008,10,11,6,NA,NA,NA,NA,NA
2008,10,11,9,NA,NA,NA,NA,NA
2008,10,11,12,NA,NA,NA,NA,NA
2008,10,11,15,NA,NA,NA,NA,NA
2008,10,11,18,NA,NA,NA,NA,NA
2008,10,11,21,NA,NA,NA,NA,NA
2008,10,12,0,NA,NA,NA,NA,NA
2008,10,12,3,NA,NA,NA,NA,NA
2008,10,12,6,NA,NA,NA,NA,NA
2008,10,12,9,NA,NA,NA,NA,NA
2008,10,12,12,NA,NA,NA,NA,NA
2008,10,12,15,NA,NA,NA,NA,NA
2008,10,12,18,NA,NA,NA,NA,NA
2008,10,12,21,NA,NA,NA,NA,NA
2008,10,13,0,NA,NA,NA,NA,NA
2008,10,13,3,NA,NA,NA,NA,NA
2008,10,13,6,NA,NA,NA,NA,NA
2008,10,13,9,NA,NA,NA,NA,NA
2008,10,13,12,NA,NA,NA,NA,NA
2008,10,13,15,NA,NA,NA,NA,NA
2008,10,13,18,NA,NA,NA,NA,NA
2008,10,13,21,NA,NA,NA,NA,NA
2008,10,14,0,NA,NA,NA,NA,NA
2008,10,14,3,NA,NA,NA,NA,NA
2008,10,14,6,NA,NA,NA,NA,NA
2008,10,14,9,NA,NA,NA,NA,NA
2008,10,14,12,NA,NA,NA,NA,NA
2008,10,14,15,NA,NA,NA,NA,NA
2008,10,14,18,NA,NA,NA,NA,NA
2008,10,14,21,NA,NA,NA,NA,NA
2008,10,15,0,NA,NA,NA,NA,NA
2008,10,15,3,NA,NA,NA,NA,NA
2008,10,15,6,NA,NA,NA,NA,NA
2008,10,15,9,NA,NA,NA,NA,NA
2008,10,15,12,NA,NA,NA,NA,NA
2008,10,15,15,NA,NA,NA,NA,NA
2008,10,15,18,NA,NA,NA,NA,NA
2008,10,15,21,NA,NA,NA,NA,NA
2008,10,16,0,NA,NA,NA,NA,NA
2008,10,16,3,NA,NA,NA,NA,NA
2008,10,16,6,NA,NA,NA,NA,NA
2008,10,16,9,NA,NA,NA,NA,NA
2008,10,16,12,NA,NA,NA,NA,NA
2008,10,16,15,NA,NA,NA,NA,NA
2008,10,16,18,NA,NA,NA,NA,NA
2008,10,16,21,NA,NA,NA,NA,NA
2008,10,17,0,NA,NA,NA,NA,NA
2008,10,17,3,NA,NA,NA,NA,NA
2008,10,17,6,NA,NA,NA,NA,NA
2008,10,17,9,NA,NA,NA,NA,NA
2008,10,17,12,NA,NA,NA,NA,NA
2008,10,17,15,NA,NA,NA,NA,NA
2008,10,17,18,NA,NA,NA,NA,NA
2008,10,17,21,NA,NA,NA,NA,NA
2008,10,18,0,NA,NA,NA,NA,NA
2008,10,18,3,NA,NA,NA,NA,NA
2008,10,18,6,NA,NA,NA,NA,NA
2008,10,18,9,NA,NA,NA,NA,NA
2008,10,18,12,NA,NA,NA,NA,NA
2008,10,18,15,NA,NA,NA,NA,NA
2008,10,18,18,NA,NA,NA,NA,NA
2008,10,18,21,NA,NA,NA,NA,NA
2008,10,19,0,NA,NA,NA,NA,NA
2008,10,19,3,NA,NA,NA,NA,NA
2008,10,19,6,NA,NA,NA,NA,NA
2008,10,19,9,NA,NA,NA,NA,NA
2008,10,19,12,NA,NA,NA,NA,NA
2008,10,19,15,NA,NA,NA,NA,NA
2008,10,19,18,NA,NA,NA,NA,NA
2008,10,19,21,NA,NA,NA,NA,NA
2008,10,20,0,NA,NA,NA,NA,NA
2008,10,20,3,NA,NA,NA,NA,NA
2008,10,20,6,NA,NA,NA,NA,NA
2008,10,20,9,NA,NA,NA,NA,NA
2008,10,20,12,NA,NA,NA,NA,NA
2008,10,20,15,NA,NA,NA,NA,NA
2008,10,20,18,NA,NA,NA,NA,NA
2008,10,20,21,NA,NA,NA,NA,NA
2008,10,21,0,NA,NA,NA,NA,NA
2008,10,21,3,NA,NA,NA,NA,NA
2008,10,21,6,NA,NA,NA,NA,NA
2008,10,21,9,NA,NA,NA,NA,NA
2008,10,21,12,NA,NA,NA,NA,NA
2008,10,21,15,NA,NA,NA,NA,NA
2008,10,21,18,NA,NA,NA,NA,NA
2008,10,21,21,NA,NA,NA,NA,NA
2008,10,22,0,NA,NA,NA,NA,NA
2008,10,22,3,NA,NA,NA,NA,NA
2008,10,22,6,NA,NA,NA,NA,NA
2008,10,22,9,NA,NA,NA,NA,NA
2008,10,22,12,NA,NA,NA,NA,NA
2008,10,22,15,NA,NA,NA,NA,NA
2008,10,22,18,NA,NA,NA,NA,NA
2008,10,22,21,NA,NA,NA,NA,NA
2008,10,23,0,NA,NA,NA,NA,NA
2008,10,23,3,NA,NA,NA,NA,NA
2008,10,23,6,NA,NA,NA,NA,NA
2008,10,23,9,NA,NA,NA,NA,NA
2008,10,23,12,NA,NA,NA,NA,NA
2008,10,23,15,NA,NA,NA,NA,NA
2008,10,23,18,NA,NA,NA,NA,NA
2008,10,23,21,NA,NA,NA,NA,NA
2008,10,24,0,NA,NA,NA,NA,NA
2008,10,24,3,NA,NA,NA,NA,NA
2008,10,24,6,NA,NA,NA,NA,NA
2008,10,24,9,NA,NA,NA,NA,NA
2008,10,24,12,NA,NA,NA,NA,NA
2008,10,24,15,NA,NA,NA,NA,NA
2008,10,24,18,NA,NA,NA,NA,NA
2008,10,24,21,NA,NA,NA,NA,NA
2008,10,25,0,NA,NA,NA,NA,NA
2008,10,25,3,NA,NA,NA,NA,NA
2008,10,25,6,NA,NA,NA,NA,NA
2008,10,25,9,NA,NA,NA,NA,NA
2008,10,25,12,NA,NA,NA,NA,NA
2008,10,25,15,NA,NA,NA,NA,NA
2008,10,25,18,NA,NA,NA,NA,NA
2008,10,25,21,NA,NA,NA,NA,NA
2008,10,26,0,NA,NA,NA,NA,NA
2008,10,26,3,NA,NA,NA,NA,NA
2008,10,26,6,NA,NA,NA,NA,NA
2008,10,26,9,NA,NA,NA,NA,NA
2008,10,26,12,NA,NA,NA,NA,NA
2008,10,26,15,NA,NA,NA,NA,NA
2008,10,26,18,NA,NA,NA,NA,NA
2008,10,26,21,NA,NA,NA,NA,NA
2008,10,27,0,NA,NA,NA,NA,NA
2008,10,27,3,NA,NA,NA,NA,NA
2008,10,27,6,NA,NA,NA,NA,NA
2008,10,27,9,NA,NA,NA,NA,NA
2008,10,27,12,NA,NA,NA,NA,NA
2008,10,27,15,NA,NA,NA,NA,NA
2008,10,27,18,NA,NA,NA,NA,NA
2008,10,27,21,NA,NA,NA,NA,NA
2008,10,28,0,NA,NA,NA,NA,NA
2008,10,28,3,NA,NA,NA,NA,NA
2008,10,28,6,NA,NA,NA,NA,NA
2008,10,28,9,NA,NA,NA,NA,NA
2008,10,28,12,NA,NA,NA,NA,NA
2008,10,28,15,NA,NA,NA,NA,NA
2008,10,28,18,NA,NA,NA,NA,NA
2008,10,28,21,NA,NA,NA,NA,NA
2008,10,29,0,NA,NA,NA,NA,NA
2008,10,29,3,NA,NA,NA,NA,NA
2008,10,29,6,NA,NA,NA,NA,NA
2008,10,29,9,NA,NA,NA,NA,NA
2008,10,29,12,NA,NA,NA,NA,NA
2008,10,29,15,NA,NA,NA,NA,NA
2008,10,29,18,NA,NA,NA,NA,NA
2008,10,29,21,NA,NA,NA,NA,NA
2008,10,30,0,NA,NA,NA,NA,NA
2008,10,30,3,NA,NA,NA,NA,NA
2008,10,30,6,NA,NA,NA,NA,NA
2008,10,30,9,NA,NA,NA,NA,NA
2008,10,30,12,NA,NA,NA,NA,NA
2008,10,30,15,NA,NA,NA,NA,NA
2008,10,30,18,NA,NA,NA,NA,NA
2008,10,30,21,NA,NA,NA,NA,NA
2008,10,31,0,NA,NA,NA,NA,NA
2008,10,31,3,NA,NA,NA,NA,NA
2008,10,31,6,NA,NA,NA,NA,NA
2008,10,31,9,NA,NA,NA,NA,NA
2008,10,31,12,NA,NA,NA,NA,NA
2008,10,31,15,NA,NA,NA,NA,NA
2008,10,31,18,NA,NA,NA,NA,NA
2008,10,31,21,NA,NA,NA,NA,NA
2008,11,1,0,NA,NA,NA,NA,NA
2008,11,1,3,NA,NA,NA,NA,NA
2008,11,1,6,NA,NA,NA,NA,NA
2008,11,1,9,NA,NA,NA,NA,NA
2008,11,1,12,NA,NA,NA,NA,NA
2008,11,1,15,NA,NA,NA,NA,NA
2008,11,1,18,NA,NA,NA,NA,NA
2008,11,1,21,NA,NA,NA,NA,NA
2008,11,2,0,NA,NA,NA,NA,NA
2008,11,2,3,NA,NA,NA,NA,NA
2008,11,2,6,NA,NA,NA,NA,NA
2008,11,2,9,NA,NA,NA,NA,NA
2008,11,2,12,NA,NA,NA,NA,NA
2008,11,2,15,NA,NA,NA,NA,NA
2008,11,2,18,NA,NA,NA,NA,NA
2008,11,2,21,NA,NA,NA,NA,NA
2008,11,3,0,NA,NA,NA,NA,NA
2008,11,3,3,NA,NA,NA,NA,NA
2008,11,3,6,NA,NA,NA,NA,NA
2008,11,3,9,NA,NA,NA,NA,NA
2008,11,3,12,NA,NA,NA,NA,NA
2008,11,3,15,NA,NA,NA,NA,NA
2008,11,3,18,NA,NA,NA,NA,NA
2008,11,3,21,NA,NA,NA,NA,NA
2008,11,4,0,NA,NA,NA,NA,NA
2008,11,4,3,NA,NA,NA,NA,NA
2008,11,4,6,NA,NA,NA,NA,NA
2008,11,4,9,NA,NA,NA,NA,NA
2008,11,4,12,NA,NA,NA,NA,NA
2008,11,4,15,NA,NA,NA,NA,NA
2008,11,4,18,NA,NA,NA,NA,NA
2008,11,4,21,NA,NA,NA,NA,NA
2008,11,5,0,NA,NA,NA,NA,NA
2008,11,5,3,NA,NA,NA,NA,NA
2008,11,5,6,NA,NA,NA,NA,NA
2008,11,5,9,NA,NA,NA,NA,NA
2008,11,5,12,NA,NA,NA,NA,NA
2008,11,5,15,NA,NA,NA,NA,NA
2008,11,5,18,NA,NA,NA,NA,NA
2008,11,5,21,NA,NA,NA,NA,NA
2008,11,6,0,NA,NA,NA,NA,NA
2008,11,6,3,NA,NA,NA,NA,NA
2008,11,6,6,NA,NA,NA,NA,NA
2008,11,6,9,NA,NA,NA,NA,NA
2008,11,6,12,NA,NA,NA,NA,NA
2008,11,6,15,NA,NA,NA,NA,NA
2008,11,6,18,NA,NA,NA,NA,NA
2008,11,6,21,NA,NA,NA,NA,NA
2008,11,7,0,NA,NA,NA,NA,NA
2008,11,7,3,NA,NA,NA,NA,NA
2008,11,7,6,NA,NA,NA,NA,NA
2008,11,7,9,NA,NA,NA,NA,NA
2008,11,7,12,NA,NA,NA,NA,NA
2008,11,7,15,NA,NA,NA,NA,NA
2008,11,7,18,NA,NA,NA,NA,NA
2008,11,7,21,NA,NA,NA,NA,NA
2008,11,8,0,NA,NA,NA,NA,NA
2008,11,8,3,NA,NA,NA,NA,NA
2008,11,8,6,NA,NA,NA,NA,NA
2008,11,8,9,NA,NA,NA,NA,NA
2008,11,8,12,NA,NA,NA,NA,NA
2008,11,8,15,NA,NA,NA,NA,NA
2008,11,8,18,NA,NA,NA,NA,NA
2008,11,8,21,NA,NA,NA,NA,NA
2008,11,9,0,NA,NA,NA,NA,NA
2008,11,9,3,NA,NA,NA,NA,NA
2008,11,9,6,NA,NA,NA,NA,NA
2008,11,9,9,NA,NA,NA,NA,NA
2008,11,9,12,NA,NA,NA,NA,NA
2008,11,9,15,NA,NA,NA,NA,NA
2008,11,9,18,NA,NA,NA,NA,NA
2008,11,9,21,NA,NA,NA,NA,NA
2008,11,10,0,NA,NA,NA,NA,NA
2008,11,10,3,NA,NA,NA,NA,NA
2008,11,10,6,NA,NA,NA,NA,NA
2008,11,10,9,NA,NA,NA,NA,NA
2008,11,10,12,NA,NA,NA,NA,NA
2008,11,10,15,NA,NA,NA,NA,NA
2008,11,10,18,NA,NA,NA,NA,NA
2008,11,10,21,NA,NA,NA,NA,NA
2008,11,11,0,NA,NA,NA,NA,NA
2008,11,11,3,NA,NA,NA,NA,NA
2008,11,11,6,NA,NA,NA,NA,NA
2008,11,11,9,NA,NA,NA,NA,NA
2008,11,11,12,NA,NA,NA,NA,NA
2008,11,11,15,NA,NA,NA,NA,NA
2008,11,11,18,NA,NA,NA,NA,NA
2008,11,11,21,NA,NA,NA,NA,NA
2008,11,12,0,NA,NA,NA,NA,NA
2008,11,12,3,NA,NA,NA,NA,NA
2008,11,12,6,NA,NA,NA,NA,NA
2008,11,12,9,NA,NA,NA,NA,NA
2008,11,12,12,NA,NA,NA,NA,NA
2008,11,12,15,NA,NA,NA,NA,NA
2008,11,12,18,NA,NA,NA,NA,NA
2008,11,12,21,NA,NA,NA,NA,NA
2008,11,13,0,NA,NA,NA,NA,NA
2008,11,13,3,NA,NA,NA,NA,NA
2008,11,13,6,NA,NA,NA,NA,NA
2008,11,13,9,NA,NA,NA,NA,NA
2008,11,13,12,NA,NA,NA,NA,NA
2008,11,13,15,NA,NA,NA,NA,NA
2008,11,13,18,NA,NA,NA,NA,NA
2008,11,13,21,NA,NA,NA,NA,NA
2008,11,14,0,NA,NA,NA,NA,NA
2008,11,14,3,NA,NA,NA,NA,NA
2008,11,14,6,NA,NA,NA,NA,NA
2008,11,14,9,NA,NA,NA,NA,NA
2008,11,14,12,NA,NA,NA,NA,NA
2008,11,14,15,NA,NA,NA,NA,NA
2008,11,14,18,NA,NA,NA,NA,NA
2008,11,14,21,NA,NA,NA,NA,NA
2008,11,15,0,NA,NA,NA,NA,NA
2008,11,15,3,NA,NA,NA,NA,NA
2008,11,15,6,NA,NA,NA,NA,NA
2008,11,15,9,NA,NA,NA,NA,NA
2008,11,15,12,NA,NA,NA,NA,NA
2008,11,15,15,NA,NA,NA,NA,NA
2008,11,15,18,NA,NA,NA,NA,NA
2008,11,15,21,NA,NA,NA,NA,NA
2008,11,16,0,NA,NA,NA,NA,NA
2008,11,16,3,NA,NA,NA,NA,NA
2008,11,16,6,NA,NA,NA,NA,NA
2008,11,16,9,NA,NA,NA,NA,NA
2008,11,16,12,NA,NA,NA,NA,NA
2008,11,16,15,NA,NA,NA,NA,NA
2008,11,16,18,NA,NA,NA,NA,NA
2008,11,16,21,NA,NA,NA,NA,NA
2008,11,17,0,NA,NA,NA,NA,NA
2008,11,17,3,NA,NA,NA,NA,NA
2008,11,17,6,NA,NA,NA,NA,NA
2008,11,17,9,NA,NA,NA,NA,NA
2008,11,17,12,NA,NA,NA,NA,NA
2008,11,17,15,NA,NA,NA,NA,NA
2008,11,17,18,NA,NA,NA,NA,NA
2008,11,17,21,NA,NA,NA,NA,NA
2008,11,18,0,NA,NA,NA,NA,NA
2008,11,18,3,NA,NA,NA,NA,NA
2008,11,18,6,NA,NA,NA,NA,NA
2008,11,18,9,NA,NA,NA,NA,NA
2008,11,18,12,NA,NA,NA,NA,NA
2008,11,18,15,NA,NA,NA,NA,NA
2008,11,18,18,NA,NA,NA,NA,NA
2008,11,18,21,NA,NA,NA,NA,NA
2008,11,19,0,NA,NA,NA,NA,NA
2008,11,19,3,NA,NA,NA,NA,NA
2008,11,19,6,NA,NA,NA,NA,NA
2008,11,19,9,NA,NA,NA,NA,NA
2008,11,19,12,NA,NA,NA,NA,NA
2008,11,19,15,NA,NA,NA,NA,NA
2008,11,19,18,NA,NA,NA,NA,NA
2008,11,19,21,NA,NA,NA,NA,NA
2008,11,20,0,NA,NA,NA,NA,NA
2008,11,20,3,NA,NA,NA,NA,NA
2008,11,20,6,NA,NA,NA,NA,NA
2008,11,20,9,NA,NA,NA,NA,NA
2008,11,20,12,NA,NA,NA,NA,NA
2008,11,20,15,NA,NA,NA,NA,NA
2008,11,20,18,NA,NA,NA,NA,NA
2008,11,20,21,NA,NA,NA,NA,NA
2008,11,21,0,NA,NA,NA,NA,NA
2008,11,21,3,NA,NA,NA,NA,NA
2008,11,21,6,NA,NA,NA,NA,NA
2008,11,21,9,NA,NA,NA,NA,NA
2008,11,21,12,NA,NA,NA,NA,NA
2008,11,21,15,NA,NA,NA,NA,NA
2008,11,21,18,NA,NA,NA,NA,NA
2008,11,21,21,NA,NA,NA,NA,NA
2008,11,22,0,NA,NA,NA,NA,NA
2008,11,22,3,NA,NA,NA,NA,NA
2008,11,22,6,NA,NA,NA,NA,NA
2008,11,22,9,NA,NA,NA,NA,NA
2008,11,22,12,NA,NA,NA,NA,NA
2008,11,22,15,NA,NA,NA,NA,NA
2008,11,22,18,NA,NA,NA,NA,NA
2008,11,22,21,NA,NA,NA,NA,NA
2008,11,23,0,NA,NA,NA,NA,NA
2008,11,23,3,NA,NA,NA,NA,NA
2008,11,23,6,NA,NA,NA,NA,NA
2008,11,23,9,NA,NA,NA,NA,NA
2008,11,23,12,NA,NA,NA,NA,NA
2008,11,23,15,NA,NA,NA,NA,NA
2008,11,23,18,NA,NA,NA,NA,NA
2008,11,23,21,NA,NA,NA,NA,NA
2008,11,24,0,NA,NA,NA,NA,NA
2008,11,24,3,NA,NA,NA,NA,NA
2008,11,24,6,NA,NA,NA,NA,NA
2008,11,24,9,NA,NA,NA,NA,NA
2008,11,24,12,NA,NA,NA,NA,NA
2008,11,24,15,NA,NA,NA,NA,NA
2008,11,24,18,NA,NA,NA,NA,NA
2008,11,24,21,NA,NA,NA,NA,NA
2008,11,25,0,NA,NA,NA,NA,NA
2008,11,25,3,NA,NA,NA,NA,NA
2008,11,25,6,NA,NA,NA,NA,NA
2008,11,25,9,NA,NA,NA,NA,NA
2008,11,25,12,NA,NA,NA,NA,NA
2008,11,25,15,NA,NA,NA,NA,NA
2008,11,25,18,NA,NA,NA,NA,NA
2008,11,25,21,NA,NA,NA,NA,NA
2008,11,26,0,-10.7,911.6,3,210,38
2008,11,26,3,-11.4,910.8,NA,230,39
2008,11,26,6,-12.2,909.8,NA,240,44
2008,11,26,9,-12.8,909.3,NA,220,53
2008,11,26,12,-12.2,908.6,NA,230,49
2008,11,26,15,-12.8,907.4,NA,250,69
2008,11,26,18,-12.8,907.7,NA,250,74
2008,11,26,21,-12.2,907.6,NA,240,77
2008,11,27,0,-12.6,905.2,NA,230,80
2008,11,27,3,-12.6,908.4,NA,230,80
2008,11,27,6,-12.9,909.5,NA,220,81
2008,11,27,9,-12.6,910.1,NA,230,81
2008,11,27,12,-12.7,909.8,NA,230,82
2008,11,27,15,-12.9,909.2,NA,220,77
2008,11,27,18,-11.8,907.8,NA,230,80
2008,11,27,21,-10.2,909.3,NA,240,64
2008,11,28,0,-9.2,908.7,NA,190,69
2008,11,28,3,-7.8,908,NA,220,58
2008,11,28,6,-9,906.4,NA,230,50
2008,11,28,9,-8.3,904.9,NA,240,79
2008,11,28,12,-8.2,902.8,NA,250,77
2008,11,28,15,-9,903.3,NA,230,81
2008,11,28,18,-8.7,903.9,NA,240,76
2008,11,28,21,-7.1,904.3,NA,250,62
2008,11,29,0,-7.7,903.5,NA,230,62
2008,11,29,3,-7.8,904.3,NA,230,61
2008,11,29,6,-8.4,904.5,NA,240,66
2008,11,29,9,-8.4,905,NA,240,63
2008,11,29,12,-8.1,905.1,NA,230,58
2008,11,29,15,-7.3,906,NA,250,54
2008,11,29,18,-7.6,908.7,NA,240,52
2008,11,29,21,-7.6,911.5,NA,240,65
2008,11,30,0,-6.6,912.3,NA,110,57
2008,11,30,3,-4.8,913.5,1,230,66
2008,11,30,6,-5.4,915,NA,340,56
2008,11,30,9,-6,917.1,4,230,56
2008,11,30,12,-5.8,919.5,4,270,49
2008,11,30,15,-6.1,921.9,2,240,44
2008,11,30,18,-6,923.5,4,60,54
2008,11,30,21,-4.7,923.3,5,50,58
2008,12,1,0,-4.8,921.3,6,260,55
2008,12,1,3,-4.9,920.9,NA,240,47
2008,12,1,6,NA,921.8,NA,240,53
2008,12,1,9,-2.5,922.6,NA,270,39
2008,12,1,12,-5.2,921.9,NA,20,49
2008,12,1,15,-7.2,920.4,NA,20,59
2008,12,1,18,-7.3,917.9,10,40,67
2008,12,1,21,-7.1,916,NA,240,74
2008,12,2,0,-8.2,913.8,NA,220,84
2008,12,2,3,-8.9,913.4,NA,230,85
2008,12,2,6,-6.9,913.5,NA,240,83
2008,12,2,9,-6.4,912.6,NA,210,55
2008,12,2,12,-6,911.5,NA,350,42
2008,12,2,15,-7.1,909.6,NA,330,39
2008,12,2,18,-7.6,909.1,NA,0,47
2008,12,2,21,-5.9,908.9,NA,50,57
2008,12,3,0,-8.2,908.8,NA,20,77
2008,12,3,3,-7.7,907.8,NA,10,76
2008,12,3,6,-7.9,907,NA,20,85
2008,12,3,9,-8.3,906.8,NA,30,86
2008,12,3,12,-8.6,906.5,NA,350,86
2008,12,3,15,-8.7,906,NA,210,86
2008,12,3,18,-9.1,905.6,NA,240,86
2008,12,3,21,-9.2,905.9,NA,230,86
2008,12,4,0,-7.7,906.7,NA,200,87
2008,12,4,3,-8.1,906.7,NA,220,86
2008,12,4,6,-9.3,908,NA,230,85
2008,12,4,9,-10,909.2,NA,230,85
2008,12,4,12,-9.5,910.2,NA,230,85
2008,12,4,15,-8.7,910.8,NA,240,68
2008,12,4,18,-8.7,911.9,NA,NA,62
2008,12,4,21,-8.2,912.2,NA,NA,59
2008,12,5,0,-8.7,913.5,NA,NA,64
2008,12,5,3,-8.3,914,26,NA,60
2008,12,5,6,-8.4,914.7,30,250,70
2008,12,5,9,-8.8,916.9,NA,230,70
2008,12,5,12,-9,917.2,NA,230,65
2008,12,5,15,-8.6,917.6,NA,230,51
2008,12,5,18,-8.2,917.7,NA,240,53
2008,12,5,21,-6.7,917.4,2,250,49
2008,12,6,0,-6.7,917.4,3,160,48
2008,12,6,3,-7.3,917.1,6,230,54
2008,12,6,6,-8.6,916.9,6,240,81
2008,12,6,9,-9.3,916.6,5,230,59
2008,12,6,12,-9.3,916.1,4,240,57
2008,12,6,15,-9.2,915.5,5,240,56
2008,12,6,18,-9.7,915.8,3,240,68
2008,12,6,21,-8.3,916.4,3,220,53
2008,12,7,0,-7.3,917.1,2,190,48
2008,12,7,3,-6.8,917.8,3,230,44
2008,12,7,6,-6.5,918.6,NA,160,41
2008,12,7,9,-6.4,918.8,6,330,35
2008,12,7,12,-6,919,NA,350,28
2008,12,7,15,-5.4,918.6,NA,290,27
2008,12,7,18,-3.3,918.1,NA,60,27
2008,12,7,21,-3.6,917.2,NA,20,32
2008,12,8,0,NA,915.9,NA,40,33
2008,12,8,3,-6.6,913.8,NA,40,54
2008,12,8,6,-7,912.6,NA,60,75
2008,12,8,9,-7,911.3,NA,360,86
2008,12,8,12,-7.3,909.8,NA,20,87
2008,12,8,15,-6.9,909.1,NA,250,87
2008,12,8,18,-6.7,909.3,2,210,78
2008,12,8,21,-5.9,910.2,2,220,72
2008,12,9,0,-4.3,911,4,210,66
2008,12,9,3,-3.7,912,4,130,47
2008,12,9,6,-3.6,912.4,4,80,43
2008,12,9,9,-4.7,912.7,2,110,44
2008,12,9,12,-6.3,912.2,NA,220,67
2008,12,9,15,-6.4,910.9,NA,240,65
2008,12,9,18,-6.8,909.7,NA,250,73
2008,12,9,21,-6.8,911.1,NA,240,72
2008,12,10,0,-7.4,912.8,NA,230,80
2008,12,10,3,-6.1,915.2,NA,230,79
2008,12,10,6,-6.6,915.8,NA,10,76
2008,12,10,9,-7.2,916,NA,350,81
2008,12,10,12,-5,916.8,NA,240,70
2008,12,10,15,-2.6,917.2,NA,260,29
2008,12,10,18,-5.8,917.7,NA,260,40
2008,12,10,21,-4.6,919.2,NA,170,57
2008,12,11,0,-4.2,919.2,NA,130,47
2008,12,11,3,-4.5,917.5,NA,20,64
2008,12,11,6,-6,915.8,NA,30,80
2008,12,11,9,-6.6,914.2,NA,60,87
2008,12,11,12,-6.7,912.5,4,170,88
2008,12,11,15,-7.1,910.6,NA,220,88
2008,12,11,18,-6.5,910.1,NA,210,88
2008,12,11,21,-7,910.2,NA,200,88
2008,12,12,0,-5.4,910.7,NA,230,89
2008,12,12,3,-6.1,910.8,NA,220,81
2008,12,12,6,-6.5,912.2,NA,NA,79
2008,12,12,9,-5.8,914.1,NA,NA,76
2008,12,12,12,-6.3,916.5,NA,NA,72
2008,12,12,15,-6.8,918.1,NA,NA,71
2008,12,12,18,-6.3,919.5,NA,230,81
2008,12,12,21,-6.1,921.7,10,230,86
2008,12,13,0,-5.6,922.7,NA,200,88
2008,12,13,3,-5.6,923,NA,280,89
2008,12,13,6,-5.5,923.2,5,140,90
2008,12,13,9,-6,923.2,2,200,90
2008,12,13,12,-6.2,922.6,4,140,90
2008,12,13,15,-7.4,921.4,NA,160,89
2008,12,13,18,-7.7,920.2,NA,230,88
2008,12,13,21,-7.5,918.7,NA,220,88
2008,12,14,0,-7.5,915.7,NA,220,89
2008,12,14,3,-7.4,914,NA,230,88
2008,12,14,6,-7.3,912.6,30,NA,89
2008,12,14,9,-7.5,912.2,30,NA,88
2008,12,14,12,-7.3,913,27,NA,89
2008,12,14,15,-7.6,913,NA,NA,88
2008,12,14,18,-7.9,912.4,NA,240,88
2008,12,14,21,-8.1,914.3,NA,NA,88
2008,12,15,0,-7.7,915.7,NA,NA,88
2008,12,15,3,-8.3,916.1,24,NA,88
2008,12,15,6,-8.2,916.7,NA,230,88
2008,12,15,9,-8.3,917.6,28,240,88
2008,12,15,12,-9.1,919.3,NA,230,87
2008,12,15,15,-8.9,920.4,NA,230,87
2008,12,15,18,-9.2,922.3,NA,230,87
2008,12,15,21,-8.6,924.2,NA,220,87
2008,12,16,0,-7.9,924.5,NA,100,88
2008,12,16,3,-8.6,924.4,4,20,88
2008,12,16,6,-8.8,924,NA,10,87
2008,12,16,9,-8.8,923.5,NA,20,87
2008,12,16,12,-8.6,923.7,NA,50,88
2008,12,16,15,-8.7,923.3,NA,80,88
2008,12,16,18,-8.4,923.2,2,100,88
2008,12,16,21,NA,923.7,1,260,88
2008,12,17,0,-6.5,924.3,4,80,89
2008,12,17,3,-6.8,924.7,4,120,89
2008,12,17,6,-6.5,925.2,NA,100,89
2008,12,17,9,-8.7,925.6,4,360,88
2008,12,17,12,-8.8,925.5,3,330,85
2008,12,17,15,-9,924.7,NA,10,82
2008,12,17,18,-7.2,924.3,NA,30,75
2008,12,17,21,-5.3,924.9,NA,80,82
2008,12,18,0,-6.6,925.8,4,30,79
2008,12,18,3,-7.4,926.6,7,20,81
2008,12,18,6,-7.1,927.5,8,350,85
2008,12,18,9,-6.2,928.1,NA,270,67
2008,12,18,12,-8,928.4,NA,340,79
2008,12,18,15,-8.3,928.8,NA,20,70
2008,12,18,18,-8.3,929.3,NA,360,74
2008,12,18,21,-6.7,929.9,5,30,62
2008,12,19,0,-4,929.9,3,10,60
2008,12,19,3,-3.4,929.5,NA,0,51
2008,12,19,6,-4.1,929.7,4,240,47
2008,12,19,9,-4.2,929.7,NA,240,38
2008,12,19,12,-4.9,929.4,8,250,35
2008,12,19,15,-4.9,929.1,NA,290,34
2008,12,19,18,-3.6,929.2,NA,240,33
2008,12,19,21,-4.7,929.3,NA,230,32
2008,12,20,0,-5.9,929.1,NA,240,51
2008,12,20,3,-6.5,928.5,NA,230,69
2008,12,20,6,-5.9,928.7,NA,230,80
2008,12,20,9,-7,928.5,NA,240,79
2008,12,20,12,-6.5,928.2,NA,200,85
2008,12,20,15,-7.9,926.8,NA,30,83
2008,12,20,18,-6.4,925.6,NA,50,83
2008,12,20,21,-5.4,925.1,NA,110,79
2008,12,21,0,-5.5,924.9,NA,20,73
2008,12,21,3,-6.5,924.9,NA,30,70
2008,12,21,6,-6.7,925.1,13,10,84
2008,12,21,9,-7.7,925.2,NA,350,87
2008,12,21,12,-7.5,925.4,11,10,43
2008,12,21,15,-7.5,925.4,NA,20,40
2008,12,21,18,-5.3,925.5,NA,110,62
2008,12,21,21,-4.6,926.1,3,200,55
2008,12,22,0,-4.9,926.7,2,240,58
2008,12,22,3,-5.3,927,4,250,60
2008,12,22,6,-3.7,927.5,2,240,46
2008,12,22,9,-5.9,928,4,270,53
2008,12,22,12,-5.6,928.6,3,290,57
2008,12,22,15,-7.2,928.4,NA,40,59
2008,12,22,18,-5.2,928.6,3,110,54
2008,12,22,21,-4.4,928.9,NA,130,53
2008,12,23,0,-4.1,929.4,NA,230,46
2008,12,23,3,-3.5,929.4,NA,210,42
2008,12,23,6,-3.1,929.5,NA,240,39
2008,12,23,9,-3.9,929.8,5,230,41
2008,12,23,12,-5.4,930,NA,250,43
2008,12,23,15,-5.4,930.4,NA,260,42
2008,12,23,18,-4.3,930.9,12,240,40
2008,12,23,21,-4.9,931.2,NA,240,49
2008,12,24,0,-5.2,931.5,NA,240,58
2008,12,24,3,-5.6,931.2,NA,NA,53
2008,12,24,6,-5.2,931.3,NA,NA,48
2008,12,24,9,-4.9,931.7,NA,NA,43
2008,12,24,12,-4.3,930.7,30,NA,38
2008,12,24,15,-5.5,931.1,NA,230,48
2008,12,24,18,-4.7,930.3,NA,240,52
2008,12,24,21,-4.7,931.5,NA,NA,51
2008,12,25,0,-4.1,930.8,NA,NA,50
2008,12,25,3,-3.6,929.8,NA,NA,51
2008,12,25,6,-5.3,929.5,NA,230,63
2008,12,25,9,-5.8,932,NA,240,64
2008,12,25,12,-6.5,932.5,NA,240,59
2008,12,25,15,-5.3,932.6,NA,240,54
2008,12,25,18,-5.5,932.1,NA,230,56
2008,12,25,21,-3.7,931.7,NA,240,54
2008,12,26,0,-2.6,931.7,NA,NA,53
2008,12,26,3,-1.7,931.2,NA,NA,48
2008,12,26,6,-1.8,928.8,NA,NA,44
2008,12,26,9,-4.7,930.3,NA,230,60
2008,12,26,12,-6.2,932.3,NA,230,80
2008,12,26,15,-5.5,932.5,NA,240,75
2008,12,26,18,-7,933.1,NA,240,80
2008,12,26,21,-3.6,933,NA,220,56
2008,12,27,0,NA,931,NA,230,52
2008,12,27,3,-0.6,928.8,NA,230,43
2008,12,27,6,-1.4,927.8,NA,240,45
2008,12,27,9,-2.7,928.5,NA,230,52
2008,12,27,12,-4,929.8,NA,NA,60
2008,12,27,15,-2.7,929.9,NA,NA,54
2008,12,27,18,-4.7,930.7,NA,NA,52
2008,12,27,21,-5.2,931.4,NA,NA,63
2008,12,28,0,-4.2,932.1,NA,210,78
2008,12,28,3,-4.5,932.7,NA,140,85
2008,12,28,6,-4.3,933.3,3,70,78
2008,12,28,9,NA,934.4,1,70,76
2008,12,28,12,-5.9,934.7,NA,10,74
2008,12,28,15,-5.5,934.6,NA,20,76
2008,12,28,18,-5.4,934.5,9,10,75
2008,12,28,21,-5,934.2,9,NA,74
2008,12,29,0,-4.9,933.5,NA,NA,82
2008,12,29,3,-5.5,932.6,NA,10,86
2008,12,29,6,-5.4,931.7,7,10,86
2008,12,29,9,-5.4,930.8,NA,30,87
2008,12,29,12,-5.2,930.2,NA,350,82
2008,12,29,15,-5.7,929.4,NA,20,80
2008,12,29,18,NA,928.5,1,150,78
2008,12,29,21,-5.9,927.9,NA,30,84
2008,12,30,0,-5.2,926.9,2,70,88
2008,12,30,3,-4.8,925.8,3,40,89
2008,12,30,6,-2.7,924.7,4,10,72
2008,12,30,9,-4.3,924.1,4,20,58
2008,12,30,12,-3.9,924.2,NA,NA,69
2008,12,30,15,-6.1,923.4,NA,240,78
2008,12,30,18,-5,923.1,NA,240,64
2008,12,30,21,-4.8,922.9,NA,220,62
2008,12,31,0,-5.3,922.1,NA,240,76
2008,12,31,3,-5,921.5,NA,240,72
2008,12,31,6,-5.7,922.3,36,230,72
2008,12,31,9,-5.9,922.5,NA,230,86
2008,12,31,12,-5.4,925,NA,250,75
2008,12,31,15,-3.8,925.1,NA,250,47
2008,12,31,18,-6.3,927.9,NA,250,77
2008,12,31,21,-6,929.3,NA,230,78
2009,1,1,0,-5.7,931.1,NA,230,85
2009,1,1,3,-4.4,932.1,NA,230,76
2009,1,1,6,-3.6,933.1,NA,240,76
2009,1,1,9,-4.4,933.6,NA,250,83
2009,1,1,12,-3.8,933.7,3,270,57
2009,1,1,15,NA,932.5,1,150,56
2009,1,1,18,-5.6,931.4,3,30,85
2009,1,1,21,-2.9,930.1,4,60,77
2009,1,2,0,-2.6,928.7,3,60,77
2009,1,2,3,-4.5,926.7,NA,30,76
2009,1,2,6,-4.2,925,NA,20,80
2009,1,2,9,-6.6,924.2,NA,20,87
2009,1,2,12,-7.1,923.6,NA,10,88
2009,1,2,15,-7.4,923,NA,40,88
2009,1,2,18,-8,923.5,3,20,88
2009,1,2,21,-7.2,924.3,4,20,88
2009,1,3,0,-5.8,925.6,3,10,89
2009,1,3,3,-5.6,926.4,3,160,89
2009,1,3,6,-6.1,926.9,3,100,89
2009,1,3,9,-6.5,926.9,NA,210,89
2009,1,3,12,-6.5,927.2,NA,200,89
2009,1,3,15,-6.6,926.4,NA,200,89
2009,1,3,18,-7.1,926.2,8,220,89
2009,1,3,21,-6.7,926.1,NA,220,89
2009,1,4,0,-6.5,925.8,NA,200,89
2009,1,4,3,-5.8,925.5,10,220,89
2009,1,4,6,-5.9,925.5,9,230,89
2009,1,4,9,-6.7,925.4,NA,250,88
2009,1,4,12,-6.8,925.3,NA,40,84
2009,1,4,15,-7,924.5,NA,310,84
2009,1,4,18,NA,924.3,1,220,80
2009,1,4,21,-6.2,923.9,3,230,77
2009,1,5,0,-4.9,923.5,3,180,82
2009,1,5,3,-4.6,923,NA,200,76
2009,1,5,6,-5.3,922.5,NA,210,84
2009,1,5,9,-5.2,921.7,NA,200,84
2009,1,5,12,-5.7,920.6,NA,340,61
2009,1,5,15,-6.1,919.4,NA,360,47
2009,1,5,18,-4.8,918.2,NA,40,56
2009,1,5,21,-3.4,917.7,NA,80,66
2009,1,6,0,-6.2,917.8,NA,20,75
2009,1,6,3,-6.1,918,NA,60,83
2009,1,6,6,-5.5,918.8,NA,200,86
2009,1,6,9,-4.9,919.8,NA,320,76
2009,1,6,12,-6.1,921.4,NA,270,70
2009,1,6,15,-6.9,922.8,NA,220,82
2009,1,6,18,-6.5,923.6,3,220,86
2009,1,6,21,-6.2,924.6,3,230,88
2009,1,7,0,-6.3,925.4,NA,220,89
2009,1,7,3,-6.7,925.9,NA,240,89
2009,1,7,6,-6.4,926.2,NA,220,89
2009,1,7,9,-6.3,927.1,15,240,89
2009,1,7,12,-6.3,928.3,13,240,89
2009,1,7,15,-5.9,928.6,15,230,89
2009,1,7,18,-5.5,929.2,14,230,90
2009,1,7,21,-5.7,929.9,13,250,90
2009,1,8,0,-5.1,930.6,11,230,90
2009,1,8,3,-4.8,930.4,NA,250,91
2009,1,8,6,-5,929.9,7,280,91
2009,1,8,9,-5.2,929.5,7,280,86
2009,1,8,12,-6.2,928.9,NA,270,80
2009,1,8,15,-5.1,927.4,NA,240,72
2009,1,8,18,-3.7,926.2,5,240,54
2009,1,8,21,-3.1,925.4,2,220,54
2009,1,9,0,-2.1,924.7,6,220,45
2009,1,9,3,-0.6,923.6,4,230,43
2009,1,9,6,NA,922.5,2,20,38
2009,1,9,9,-2,921.6,NA,350,41
2009,1,9,12,-2.6,920.9,NA,10,40
2009,1,9,15,-2.2,920,NA,30,40
2009,1,9,18,-2.4,919.7,NA,10,45
2009,1,9,21,-1.7,919.7,NA,40,47
2009,1,10,0,-2.8,920,10,50,NA
2009,1,10,3,-4.4,920.1,9,70,86
2009,1,10,6,-4.3,920.3,7,70,90
2009,1,10,9,-5.6,921.1,NA,20,90
2009,1,10,12,-5.9,921.5,NA,140,90
2009,1,10,15,NA,921.8,1,80,90
2009,1,10,18,NA,922.2,1,210,90
2009,1,10,21,-5.9,922.8,2,210,90
2009,1,11,0,-4.8,923,3,140,90
2009,1,11,3,-3.9,922.9,2,160,90
2009,1,11,6,-3.9,922.9,2,220,86
2009,1,11,9,NA,923,1,220,84
2009,1,11,12,-5.1,923.2,NA,200,82
2009,1,11,15,-4.5,922.8,NA,330,75
2009,1,11,18,-3.9,922.7,NA,270,66
2009,1,11,21,-3.1,922.5,2,230,63
2009,1,12,0,NA,922.4,1,20,67
2009,1,12,3,-2.2,922.1,2,220,61
2009,1,12,6,NA,921.9,1,20,57
2009,1,12,9,-2.2,921.6,5,310,46
2009,1,12,12,-3.5,921.5,NA,350,45
2009,1,12,15,-3.3,921.6,NA,360,46
2009,1,12,18,-4.9,922.1,NA,260,49
2009,1,12,21,-2.6,922.5,NA,230,48
2009,1,13,0,-4,923.2,NA,240,62
2009,1,13,3,-3.2,923.1,3,70,63
2009,1,13,6,-2.3,923.3,2,240,62
2009,1,13,9,-5.5,923.1,NA,10,61
2009,1,13,12,-5.5,923.1,NA,10,54
2009,1,13,15,-5.7,923.1,NA,20,51
2009,1,13,18,-5.2,923.4,NA,260,63
2009,1,13,21,-5.9,923.7,5,260,78
2009,1,14,0,-5.1,923.4,NA,250,78
2009,1,14,3,-5.9,922.8,NA,240,82
2009,1,14,6,-5.3,922.1,NA,230,82
2009,1,14,9,-6,921.6,NA,220,86
2009,1,14,12,-6.5,920.1,NA,230,82
2009,1,14,15,-6.3,919.3,NA,240,74
2009,1,14,18,-6,920.3,NA,240,72
2009,1,14,21,-5.4,920.8,NA,250,69
2009,1,15,0,-3.3,920.5,NA,120,63
2009,1,15,3,-3.4,919.6,NA,40,61
2009,1,15,6,-2.1,919.6,4,280,50
2009,1,15,9,-4,919.4,6,270,43
2009,1,15,12,-4.3,919.4,NA,330,40
2009,1,15,15,-4.8,919,NA,330,45
2009,1,15,18,NA,918.9,1,250,49
2009,1,15,21,-4.9,919.1,2,250,62
2009,1,16,0,-4.9,919.3,5,240,68
2009,1,16,3,-4.2,919,5,220,64
2009,1,16,6,-6,919.2,3,120,72
2009,1,16,9,NA,919.6,1,250,71
2009,1,16,12,-7.1,919.8,2,40,85
2009,1,16,15,-7.2,919.7,NA,240,75
2009,1,16,18,-7.7,920.3,NA,NA,85
2009,1,16,21,-7.4,921,10,NA,87
2009,1,17,0,-7.3,921.3,NA,NA,88
2009,1,17,3,-6.8,921.7,12,250,88
2009,1,17,6,-6.7,921.8,NA,230,88
2009,1,17,9,-6.8,921.9,NA,230,89
2009,1,17,12,-7.3,921.8,NA,230,88
2009,1,17,15,-8.1,921.7,5,280,88
2009,1,17,18,-6.3,921.6,NA,0,88
2009,1,17,21,-5.9,921.8,2,220,87
2009,1,18,0,-4.6,921.8,2,170,86
2009,1,18,3,-4.1,921.5,2,30,82
2009,1,18,6,-1.8,921.3,4,320,42
2009,1,18,9,-3.1,922.2,NA,240,31
2009,1,18,12,-2.9,922.7,NA,270,30
2009,1,18,15,-3.3,922.8,NA,340,24
2009,1,18,18,-4.1,923.8,NA,190,39
2009,1,18,21,-4.5,924.6,NA,240,52
2009,1,19,0,-4.9,924.2,NA,70,59
2009,1,19,3,-4.6,923.8,5,50,80
2009,1,19,6,-5.2,923.5,7,60,84
2009,1,19,9,-5.6,922.8,NA,230,88
2009,1,19,12,-3.5,922.1,5,240,71
2009,1,19,15,-5.5,921.5,NA,280,57
2009,1,19,18,-5.4,922.1,NA,80,51
2009,1,19,21,-3.1,923.3,NA,250,47
2009,1,20,0,-5.5,924.8,5,240,77
2009,1,20,3,-5.7,924.7,NA,240,87
2009,1,20,6,-5.5,925.3,9,260,77
2009,1,20,9,-5,923.4,NA,230,73
2009,1,20,12,-6.5,923,NA,240,85
2009,1,20,15,-6.6,921.6,NA,NA,87
2009,1,20,18,-7,921.2,NA,NA,88
2009,1,20,21,-7.7,921.3,50,NA,88
2009,1,21,0,-7.9,920.6,NA,240,88
2009,1,21,3,-8.3,923.1,51,NA,87
2009,1,21,6,-8.4,924.4,NA,NA,87
2009,1,21,9,-9.1,925,NA,230,87
2009,1,21,12,-8.8,924.8,NA,NA,85
2009,1,21,15,-8,925.4,NA,NA,59
2009,1,21,18,-6.5,926.1,NA,190,53
2009,1,21,21,-6.1,925.5,NA,110,64
2009,1,22,0,-5.1,924.1,6,20,61
2009,1,22,3,-4.3,921.9,NA,20,48
2009,1,22,6,-2.6,920.3,NA,0,41
2009,1,22,9,-1.6,919.8,NA,330,29
2009,1,22,12,-1.9,919.5,10,260,25
2009,1,22,15,-4,917.4,NA,20,29
2009,1,22,18,-0.6,915.3,NA,80,29
2009,1,22,21,0.7,915,NA,250,30
2009,1,23,0,2.7,915.3,NA,270,20
2009,1,23,3,NA,916.8,NA,130,28
2009,1,23,6,NA,917.5,NA,270,46
2009,1,23,9,-1.6,918.3,NA,70,39
2009,1,23,12,-3,919.4,NA,360,35
2009,1,23,15,-3.7,920,5,250,45
2009,1,23,18,-4.1,919.8,NA,240,45
2009,1,23,21,-4.3,919.3,NA,230,48
2009,1,24,0,-5.8,919.3,NA,220,60
2009,1,24,3,-5.4,919.8,NA,220,72
2009,1,24,6,-5.3,921.7,NA,230,67
2009,1,24,9,-5.7,923.9,NA,230,67
2009,1,24,12,-6.3,924.6,NA,250,77
2009,1,24,15,-6.8,924.5,NA,10,69
2009,1,24,18,-5.9,924.1,5,40,59
2009,1,24,21,-5.4,923.1,3,60,83
2009,1,25,0,-5.2,921.5,3,220,85
2009,1,25,3,-5.9,920.2,5,130,75
2009,1,25,6,NA,918.8,1,20,76
2009,1,25,9,NA,918.2,1,230,81
2009,1,25,12,-6.6,917.7,2,280,72
2009,1,25,15,-7.1,917.7,2,270,69
2009,1,25,18,-5,918.2,2,210,64
2009,1,25,21,-4,918.8,5,350,55
2009,1,26,0,-4.1,918.3,NA,20,60
2009,1,26,3,-4.2,918.1,7,30,53
2009,1,26,6,-3.2,918,NA,230,51
2009,1,26,9,-6,918.9,NA,230,84
2009,1,26,12,-6.5,919.3,6,240,85
2009,1,26,15,-6.1,919.5,5,250,62
2009,1,26,18,-6.6,919.9,7,210,78
2009,1,26,21,-6.2,920.3,5,230,79
2009,1,27,0,-6.3,920.3,NA,250,78
2009,1,27,3,-6.7,920.3,NA,240,80
2009,1,27,6,-6.5,920.6,10,240,81
2009,1,27,9,-7.1,921.2,12,240,85
2009,1,27,12,-7.2,921.4,NA,210,87
2009,1,27,15,-7.6,921.2,NA,260,88
2009,1,27,18,-7.5,921,3,260,87
2009,1,27,21,NA,920.8,1,290,76
2009,1,28,0,NA,920.5,1,250,82
2009,1,28,3,-5.4,920,2,230,73
2009,1,28,6,-6.7,920,3,240,83
2009,1,28,9,-7.4,919.9,NA,240,86
2009,1,28,12,-8.1,919.1,NA,240,86
2009,1,28,15,-8.4,918.8,11,220,87
2009,1,28,18,-9.3,918.4,9,240,87
2009,1,28,21,-8.6,918.1,8,230,87
2009,1,29,0,-6.8,917.7,NA,100,85
2009,1,29,3,-6.8,917.3,NA,130,82
2009,1,29,6,-6.9,917.3,2,220,74
2009,1,29,9,-7.4,916.8,NA,240,60
2009,1,29,12,-7.7,916.3,NA,230,61
2009,1,29,15,-8.5,915.3,15,230,60
2009,1,29,18,-8.1,914.7,NA,230,64
2009,1,29,21,-8,914.3,NA,240,72
2009,1,30,0,-7.6,914.1,NA,230,75
2009,1,30,3,-7.7,914,10,230,76
2009,1,30,6,-7.4,914.9,7,220,79
2009,1,30,9,-7.8,916.1,NA,240,82
2009,1,30,12,-7.9,916.4,NA,240,82
2009,1,30,15,-8.7,916.8,NA,240,83
2009,1,30,18,-8.7,916.8,NA,230,86
2009,1,30,21,-8.7,918.4,NA,230,86
2009,1,31,0,-8.8,917.8,NA,230,86
2009,1,31,3,-8.5,917,NA,240,86
2009,1,31,6,-8.4,913.7,NA,240,79
2009,1,31,9,-8.4,914.9,NA,NA,83
2009,1,31,12,-9.1,912.1,NA,NA,84
2009,1,31,15,-8.8,914.7,58,NA,86
2009,1,31,18,-9.5,910.8,NA,240,85
2009,1,31,21,-9.3,910.6,NA,250,86
2009,2,1,0,-9.5,910,NA,240,85
2009,2,1,3,-9.5,908.4,NA,240,86
2009,2,1,6,-9.2,909.1,NA,NA,86
2009,2,1,9,-8.5,913,NA,NA,87
2009,2,1,12,-8.3,911.7,NA,NA,87
2009,2,1,15,-8.1,911.2,NA,230,87
2009,2,1,18,-8.4,913.4,NA,NA,87
2009,2,1,21,-8.5,912,NA,NA,87
2009,2,2,0,-8.1,914.4,NA,NA,87
2009,2,2,3,-8.2,916.6,NA,240,87
2009,2,2,6,-8,916.2,NA,240,87
2009,2,2,9,-7.8,920.3,57,230,88
2009,2,2,12,-7.4,921.5,NA,240,88
2009,2,2,15,-7.3,924.4,NA,NA,88
2009,2,2,18,-6.9,925.7,NA,NA,88
2009,2,2,21,-7.6,929.2,NA,NA,88
2009,2,3,0,-7.1,929.3,49,NA,88
2009,2,3,3,-7.1,930,NA,NA,88
2009,2,3,6,-5.7,930.5,NA,230,62
2009,2,3,9,-5.7,932.1,NA,230,60
2009,2,3,12,-6,933.5,NA,210,59
2009,2,3,15,-4.6,932.7,NA,270,60
2009,2,3,18,-3.7,932,NA,100,56
2009,2,3,21,-6.1,931.4,NA,10,80
2009,2,4,0,-5.8,930.5,NA,30,88
2009,2,4,3,-5.3,929.6,7,70,60
2009,2,4,6,-6,929.1,NA,10,66
2009,2,4,9,-6.2,928.6,NA,20,63
2009,2,4,12,-6.6,928.7,NA,40,82
2009,2,4,15,-7.1,928,NA,40,86
2009,2,4,18,-5.7,927.7,NA,100,83
2009,2,4,21,-5.8,927.8,NA,190,88
2009,2,5,0,-6.4,927.4,4,110,89
2009,2,5,3,-6.3,926.4,2,220,89
2009,2,5,6,-6.7,924.8,NA,220,89
2009,2,5,9,-7.3,923.9,NA,230,89
2009,2,5,12,-7.7,923.3,NA,120,88
2009,2,5,15,-8,922.6,NA,250,88
2009,2,5,18,-8,922,4,220,88
2009,2,5,21,-7.6,920.7,NA,260,88
2009,2,6,0,-7.5,920,NA,200,88
2009,2,6,3,-8.1,919.3,NA,220,88
2009,2,6,6,-7.9,918.4,NA,210,88
2009,2,6,9,-8.3,917.9,3,250,88
2009,2,6,12,NA,917.5,1,300,87
2009,2,6,15,-9,917.2,5,340,87
2009,2,6,18,-8.6,917.1,4,330,86
2009,2,6,21,-8.5,918.1,3,280,82
2009,2,7,0,-8.1,919.6,5,210,82
2009,2,7,3,-8.1,920.7,NA,240,80
2009,2,7,6,-8.3,921.4,7,260,86
2009,2,7,9,-8.3,922.4,NA,250,84
2009,2,7,12,-8.4,922.9,NA,NA,84
2009,2,7,15,-8.6,923.3,13,NA,84
2009,2,7,18,-8.7,923.9,11,NA,86
2009,2,7,21,-8.6,924.3,13,NA,87
2009,2,8,0,-8.4,924.1,11,250,87
2009,2,8,3,-8.1,923.8,9,270,87
2009,2,8,6,-8,923.5,9,250,88
2009,2,8,9,-8.3,923.6,5,250,88
2009,2,8,12,-8.4,923.2,8,260,88
2009,2,8,15,-8.5,923.1,NA,240,88
2009,2,8,18,-8.4,923.3,11,230,88
2009,2,8,21,-8.1,923.8,11,NA,88
2009,2,9,0,-7.8,923.5,NA,NA,88
2009,2,9,3,-8.4,923.5,NA,NA,87
2009,2,9,6,-8.4,924.1,NA,230,82
2009,2,9,9,-9,922.9,NA,250,86
2009,2,9,12,-8.5,925.2,NA,240,80
2009,2,9,15,-8.1,925.5,NA,240,83
2009,2,9,18,-8,925.7,NA,240,81
2009,2,9,21,-7.4,926.4,NA,NA,77
2009,2,10,0,-7.7,926.4,NA,NA,84
2009,2,10,3,-7.6,926.9,38,NA,86
2009,2,10,6,-7.8,926.1,42,250,85
2009,2,10,9,-8.1,925.1,NA,250,85
2009,2,10,12,-7.7,926.5,NA,240,81
2009,2,10,15,-7.8,928.8,NA,260,78
2009,2,10,18,-6.1,929.5,NA,250,68
2009,2,10,21,-6.2,929.1,34,250,72
2009,2,11,0,-7.3,930.1,30,240,77
2009,2,11,3,-7,929.8,31,250,82
2009,2,11,6,-7.5,929.9,NA,230,85
2009,2,11,9,-7.7,929.6,NA,240,78
2009,2,11,12,-7.6,929.3,NA,250,81
2009,2,11,15,-7.8,929.2,NA,230,75
2009,2,11,18,-7.8,928.6,NA,230,83
2009,2,11,21,-7.7,928.6,NA,240,85
2009,2,12,0,-8,928.5,NA,240,86
2009,2,12,3,-7.5,928.1,9,200,87
2009,2,12,6,-8.3,928.3,10,230,88
2009,2,12,9,-8.5,928.4,13,NA,88
2009,2,12,12,-8.7,929.3,11,NA,87
2009,2,12,15,-8.8,929.2,12,NA,82
2009,2,12,18,-8.7,929,NA,250,77
2009,2,12,21,-8.1,928.6,NA,340,73
2009,2,13,0,-7.9,927.6,3,70,81
2009,2,13,3,-7.9,926.3,4,40,78
2009,2,13,6,-7.6,925.6,NA,70,86
2009,2,13,9,NA,924.7,1,10,81
2009,2,13,12,-10.5,923.9,NA,270,75
2009,2,13,15,-10,923.2,NA,250,82
2009,2,13,18,-10.2,922.2,NA,240,83
2009,2,13,21,-9.2,921.3,NA,240,74
2009,2,14,0,-10.7,919.5,NA,230,84
2009,2,14,3,-10.9,918.4,NA,240,77
2009,2,14,6,-12.3,916,NA,230,74
2009,2,14,9,-12.9,917.2,NA,230,78
2009,2,14,12,-12.5,917.2,NA,250,78
2009,2,14,15,-13.3,915.8,NA,250,80
2009,2,14,18,-13,915.3,NA,240,81
2009,2,14,21,-12.6,917.1,38,NA,71
2009,2,15,0,-12.1,917.6,39,NA,76
2009,2,15,3,-11.9,916.9,38,NA,77
2009,2,15,6,-11.5,918.5,37,NA,77
2009,2,15,9,-10.7,919.7,NA,NA,76
2009,2,15,12,-11.4,919.5,NA,NA,77
2009,2,15,15,-11.4,919.9,NA,230,82
2009,2,15,18,-11.4,919.8,NA,230,79
2009,2,15,21,-11.9,919,NA,240,77
2009,2,16,0,-11.1,919.3,33,230,81
2009,2,16,3,-11,919.6,29,240,76
2009,2,16,6,-10.7,919.6,NA,240,80
2009,2,16,9,-10.9,919.9,30,230,73
2009,2,16,12,-10.9,920.4,29,230,72
2009,2,16,15,-9.2,920.7,26,240,67
2009,2,16,18,-8.8,919.5,NA,240,75
2009,2,16,21,-10,918.6,NA,250,84
2009,2,17,0,-9.8,917.2,NA,240,85
2009,2,17,3,-9.9,918.8,NA,250,85
2009,2,17,6,-8.5,920,NA,260,84
2009,2,17,9,-9.7,921.4,NA,250,85
2009,2,17,12,-10.4,922.4,NA,240,85
2009,2,17,15,-10.1,923.2,NA,240,82
2009,2,17,18,-10.3,923.5,NA,230,71
2009,2,17,21,-10.9,924.7,NA,230,82
2009,2,18,0,-11.1,924.6,NA,230,85
2009,2,18,3,-11.9,923.6,32,NA,84
2009,2,18,6,-12.2,923.7,32,NA,84
2009,2,18,9,-12.6,923.9,31,NA,83
2009,2,18,12,-12.8,923.4,NA,NA,83
2009,2,18,15,-13.1,923.5,NA,NA,83
2009,2,18,18,-12.7,924.5,NA,230,83
2009,2,18,21,-12.6,925.1,NA,230,83
2009,2,19,0,-11.3,926,NA,250,81
2009,2,19,3,-12.3,926.9,NA,NA,74
2009,2,19,6,-12.1,928.6,NA,NA,76
2009,2,19,9,-11.1,929.9,NA,NA,72
2009,2,19,12,-11.3,931.5,NA,NA,75
2009,2,19,15,-12.2,932.3,NA,240,78
2009,2,19,18,-13,933.4,26,250,79
2009,2,19,21,-13.3,934.6,24,240,77
2009,2,20,0,-12.6,934.8,NA,230,71
2009,2,20,3,-12.9,934.8,NA,230,79
2009,2,20,6,-13.1,934.9,NA,230,82
2009,2,20,9,-13.3,934.6,14,240,75
2009,2,20,12,-13.9,934.5,10,230,81
2009,2,20,15,-13.9,933.6,NA,200,81
2009,2,20,18,-14,932.4,NA,260,82
2009,2,20,21,-14.5,931.4,9,250,81
2009,2,21,0,-13.6,930.5,NA,270,82
2009,2,21,3,-12.8,929.3,NA,80,83
2009,2,21,6,-12.8,928.3,NA,60,83
2009,2,21,9,-12.4,927.3,NA,70,71
2009,2,21,12,-12.4,925.6,NA,50,78
2009,2,21,15,-12.5,924.1,NA,70,83
2009,2,21,18,-12.5,922.2,NA,60,83
2009,2,21,21,-11.6,920.9,6,50,84
2009,2,22,0,NA,NA,NA,NA,NA
2009,2,22,3,-14.3,917.8,11,270,82
2009,2,22,6,-13.1,917.4,11,260,83
2009,2,22,9,-12.7,917.5,13,230,83
2009,2,22,12,-12.3,918.6,12,230,83
2009,2,22,15,-13.1,918.7,NA,240,83
2009,2,22,18,-14.1,919,NA,250,74
2009,2,22,21,-14,921,NA,240,72
2009,2,23,0,-13.9,923.6,NA,230,78
2009,2,23,3,-13.6,926.3,NA,230,79
2009,2,23,6,-13.1,929.3,NA,270,79
2009,2,23,9,-12.4,929.8,NA,40,83
2009,2,23,12,-12.3,929.6,NA,60,78
2009,2,23,15,-13.6,927.2,NA,260,83
2009,2,23,18,-13.2,924.1,NA,250,83
2009,2,23,21,-13,921.5,NA,230,76
2009,2,24,0,-13.5,920.1,NA,230,82
2009,2,24,3,-14.1,920,NA,230,82
2009,2,24,6,-14.5,920.1,NA,220,81
2009,2,24,9,-15.1,918.9,NA,220,81
2009,2,24,12,-14.9,917.1,NA,60,81
2009,2,24,15,-13.4,914.8,NA,20,79
2009,2,24,18,-13.1,913.4,NA,140,82
2009,2,24,21,-13.9,912.2,NA,240,82
2009,2,25,0,-15,910.9,NA,210,81
2009,2,25,3,-15.3,909.6,NA,220,81
2009,2,25,6,-15.3,909.3,16,230,81
2009,2,25,9,-15.8,909.1,NA,230,79
2009,2,25,12,NA,NA,NA,NA,NA
2009,2,25,15,NA,NA,NA,NA,NA
2009,2,25,18,NA,NA,NA,NA,NA
2009,2,25,21,NA,NA,NA,NA,NA
2009,2,26,0,NA,NA,NA,NA,NA
2009,2,26,3,NA,NA,NA,NA,NA
2009,2,26,6,NA,NA,NA,NA,NA
2009,2,26,9,NA,NA,NA,NA,NA
2009,2,26,12,NA,NA,NA,NA,NA
2009,2,26,15,NA,NA,NA,NA,NA
2009,2,26,18,NA,NA,NA,NA,NA
2009,2,26,21,NA,NA,NA,NA,NA
2009,2,27,0,NA,NA,NA,NA,NA
2009,2,27,3,NA,NA,NA,NA,NA
2009,2,27,6,NA,NA,NA,NA,NA
2009,2,27,9,NA,NA,NA,NA,NA
2009,2,27,12,NA,NA,NA,NA,NA
2009,2,27,15,NA,NA,NA,NA,NA
2009,2,27,18,NA,NA,NA,NA,NA
2009,2,27,21,NA,NA,NA,NA,NA
2009,2,28,0,NA,NA,NA,NA,NA
2009,2,28,3,NA,NA,NA,NA,NA
2009,2,28,6,NA,NA,NA,NA,NA
2009,2,28,9,NA,NA,NA,NA,NA
2009,2,28,12,NA,NA,NA,NA,NA
2009,2,28,15,NA,NA,NA,NA,NA
2009,2,28,18,NA,NA,NA,NA,NA
2009,2,28,21,NA,NA,NA,NA,NA
2009,3,1,0,NA,NA,NA,NA,NA
2009,3,1,3,NA,NA,NA,NA,NA
2009,3,1,6,NA,NA,NA,NA,NA
2009,3,1,9,NA,NA,NA,NA,NA
2009,3,1,12,NA,NA,NA,NA,NA
2009,3,1,15,NA,NA,NA,NA,NA
2009,3,1,18,NA,NA,NA,NA,NA
2009,3,1,21,NA,NA,NA,NA,NA
2009,3,2,0,NA,NA,NA,NA,NA
2009,3,2,3,NA,NA,NA,NA,NA
2009,3,2,6,NA,NA,NA,NA,NA
2009,3,2,9,NA,NA,NA,NA,NA
2009,3,2,12,NA,NA,NA,NA,NA
2009,3,2,15,NA,NA,NA,NA,NA
2009,3,2,18,NA,NA,NA,NA,NA
2009,3,2,21,NA,NA,NA,NA,NA
2009,3,3,0,NA,NA,NA,NA,NA
2009,3,3,3,NA,NA,NA,NA,NA
2009,3,3,6,NA,NA,NA,NA,NA
2009,3,3,9,NA,NA,NA,NA,NA
2009,3,3,12,NA,NA,NA,NA,NA
2009,3,3,15,NA,NA,NA,NA,NA
2009,3,3,18,NA,NA,NA,NA,NA
2009,3,3,21,NA,NA,NA,NA,NA
2009,3,4,0,NA,NA,NA,NA,NA
2009,3,4,3,NA,NA,NA,NA,NA
2009,3,4,6,NA,NA,NA,NA,NA
2009,3,4,9,NA,NA,NA,NA,NA
2009,3,4,12,NA,NA,NA,NA,NA
2009,3,4,15,NA,NA,NA,NA,NA
2009,3,4,18,NA,NA,NA,NA,NA
2009,3,4,21,NA,NA,NA,NA,NA
2009,3,5,0,NA,NA,NA,NA,NA
2009,3,5,3,NA,NA,NA,NA,NA
2009,3,5,6,NA,NA,NA,NA,NA
2009,3,5,9,NA,NA,NA,NA,NA
2009,3,5,12,NA,NA,NA,NA,NA
2009,3,5,15,NA,NA,NA,NA,NA
2009,3,5,18,NA,NA,NA,NA,NA
2009,3,5,21,NA,NA,NA,NA,NA
2009,3,6,0,NA,NA,NA,NA,NA
2009,3,6,3,NA,NA,NA,NA,NA
2009,3,6,6,NA,NA,NA,NA,NA
2009,3,6,9,NA,NA,NA,NA,NA
2009,3,6,12,NA,NA,NA,NA,NA
2009,3,6,15,NA,NA,NA,NA,NA
2009,3,6,18,NA,NA,NA,NA,NA
2009,3,6,21,NA,NA,NA,NA,NA
2009,3,7,0,NA,NA,NA,NA,NA
2009,3,7,3,NA,NA,NA,NA,NA
2009,3,7,6,NA,NA,NA,NA,NA
2009,3,7,9,NA,NA,NA,NA,NA
2009,3,7,12,NA,NA,NA,NA,NA
2009,3,7,15,NA,NA,NA,NA,NA
2009,3,7,18,NA,NA,NA,NA,NA
2009,3,7,21,NA,NA,NA,NA,NA
2009,3,8,0,NA,NA,NA,NA,NA
2009,3,8,3,NA,NA,NA,NA,NA
2009,3,8,6,NA,NA,NA,NA,NA
2009,3,8,9,NA,NA,NA,NA,NA
2009,3,8,12,NA,NA,NA,NA,NA
2009,3,8,15,NA,NA,NA,NA,NA
2009,3,8,18,NA,NA,NA,NA,NA
2009,3,8,21,NA,NA,NA,NA,NA
2009,3,9,0,NA,NA,NA,NA,NA
2009,3,9,3,NA,NA,NA,NA,NA
2009,3,9,6,NA,NA,NA,NA,NA
2009,3,9,9,NA,NA,NA,NA,NA
2009,3,9,12,NA,NA,NA,NA,NA
2009,3,9,15,NA,NA,NA,NA,NA
2009,3,9,18,NA,NA,NA,NA,NA
2009,3,9,21,NA,NA,NA,NA,NA
2009,3,10,0,NA,NA,NA,NA,NA
2009,3,10,3,NA,NA,NA,NA,NA
2009,3,10,6,NA,NA,NA,NA,NA
2009,3,10,9,NA,NA,NA,NA,NA
2009,3,10,12,NA,NA,NA,NA,NA
2009,3,10,15,NA,NA,NA,NA,NA
2009,3,10,18,NA,NA,NA,NA,NA
2009,3,10,21,NA,NA,NA,NA,NA
2009,3,11,0,NA,NA,NA,NA,NA
2009,3,11,3,NA,NA,NA,NA,NA
2009,3,11,6,NA,NA,NA,NA,NA
2009,3,11,9,NA,NA,NA,NA,NA
2009,3,11,12,NA,NA,NA,NA,NA
2009,3,11,15,NA,NA,NA,NA,NA
2009,3,11,18,NA,NA,NA,NA,NA
2009,3,11,21,NA,NA,NA,NA,NA
2009,3,12,0,NA,NA,NA,NA,NA
2009,3,12,3,NA,NA,NA,NA,NA
2009,3,12,6,NA,NA,NA,NA,NA
2009,3,12,9,NA,NA,NA,NA,NA
2009,3,12,12,NA,NA,NA,NA,NA
2009,3,12,15,NA,NA,NA,NA,NA
2009,3,12,18,NA,NA,NA,NA,NA
2009,3,12,21,NA,NA,NA,NA,NA
2009,3,13,0,NA,NA,NA,NA,NA
2009,3,13,3,NA,NA,NA,NA,NA
2009,3,13,6,NA,NA,NA,NA,NA
2009,3,13,9,NA,NA,NA,NA,NA
2009,3,13,12,NA,NA,NA,NA,NA
2009,3,13,15,NA,NA,NA,NA,NA
2009,3,13,18,NA,NA,NA,NA,NA
2009,3,13,21,NA,NA,NA,NA,NA
2009,3,14,0,NA,NA,NA,NA,NA
2009,3,14,3,NA,NA,NA,NA,NA
2009,3,14,6,NA,NA,NA,NA,NA
2009,3,14,9,NA,NA,NA,NA,NA
2009,3,14,12,NA,NA,NA,NA,NA
2009,3,14,15,NA,NA,NA,NA,NA
2009,3,14,18,NA,NA,NA,NA,NA
2009,3,14,21,NA,NA,NA,NA,NA
2009,3,15,0,NA,NA,NA,NA,NA
2009,3,15,3,NA,NA,NA,NA,NA
2009,3,15,6,NA,NA,NA,NA,NA
2009,3,15,9,NA,NA,NA,NA,NA
2009,3,15,12,NA,NA,NA,NA,NA
2009,3,15,15,NA,NA,NA,NA,NA
2009,3,15,18,NA,NA,NA,NA,NA
2009,3,15,21,NA,NA,NA,NA,NA
2009,3,16,0,NA,NA,NA,NA,NA
2009,3,16,3,NA,NA,NA,NA,NA
2009,3,16,6,NA,NA,NA,NA,NA
2009,3,16,9,NA,NA,NA,NA,NA
2009,3,16,12,NA,NA,NA,NA,NA
2009,3,16,15,NA,NA,NA,NA,NA
2009,3,16,18,NA,NA,NA,NA,NA
2009,3,16,21,NA,NA,NA,NA,NA
2009,3,17,0,NA,NA,NA,NA,NA
2009,3,17,3,NA,NA,NA,NA,NA
2009,3,17,6,NA,NA,NA,NA,NA
2009,3,17,9,NA,NA,NA,NA,NA
2009,3,17,12,NA,NA,NA,NA,NA
2009,3,17,15,NA,NA,NA,NA,NA
2009,3,17,18,NA,NA,NA,NA,NA
2009,3,17,21,NA,NA,NA,NA,NA
2009,3,18,0,NA,NA,NA,NA,NA
2009,3,18,3,NA,NA,NA,NA,NA
2009,3,18,6,NA,NA,NA,NA,NA
2009,3,18,9,NA,NA,NA,NA,NA
2009,3,18,12,NA,NA,NA,NA,NA
2009,3,18,15,NA,NA,NA,NA,NA
2009,3,18,18,NA,NA,NA,NA,NA
2009,3,18,21,NA,NA,NA,NA,NA
2009,3,19,0,NA,NA,NA,NA,NA
2009,3,19,3,NA,NA,NA,NA,NA
2009,3,19,6,NA,NA,NA,NA,NA
2009,3,19,9,NA,NA,NA,NA,NA
2009,3,19,12,NA,NA,NA,NA,NA
2009,3,19,15,NA,NA,NA,NA,NA
2009,3,19,18,NA,NA,NA,NA,NA
2009,3,19,21,NA,NA,NA,NA,NA
2009,3,20,0,NA,NA,NA,NA,NA
2009,3,20,3,NA,NA,NA,NA,NA
2009,3,20,6,NA,NA,NA,NA,NA
2009,3,20,9,NA,NA,NA,NA,NA
2009,3,20,12,NA,NA,NA,NA,NA
2009,3,20,15,NA,NA,NA,NA,NA
2009,3,20,18,NA,NA,NA,NA,NA
2009,3,20,21,NA,NA,NA,NA,NA
2009,3,21,0,NA,NA,NA,NA,NA
2009,3,21,3,NA,NA,NA,NA,NA
2009,3,21,6,NA,NA,NA,NA,NA
2009,3,21,9,NA,NA,NA,NA,NA
2009,3,21,12,NA,NA,NA,NA,NA
2009,3,21,15,NA,NA,NA,NA,NA
2009,3,21,18,NA,NA,NA,NA,NA
2009,3,21,21,NA,NA,NA,NA,NA
2009,3,22,0,NA,NA,NA,NA,NA
2009,3,22,3,NA,NA,NA,NA,NA
2009,3,22,6,NA,NA,NA,NA,NA
2009,3,22,9,NA,NA,NA,NA,NA
2009,3,22,12,NA,NA,NA,NA,NA
2009,3,22,15,NA,NA,NA,NA,NA
2009,3,22,18,NA,NA,NA,NA,NA
2009,3,22,21,NA,NA,NA,NA,NA
2009,3,23,0,NA,NA,NA,NA,NA
2009,3,23,3,NA,NA,NA,NA,NA
2009,3,23,6,NA,NA,NA,NA,NA
2009,3,23,9,NA,NA,NA,NA,NA
2009,3,23,12,NA,NA,NA,NA,NA
2009,3,23,15,NA,NA,NA,NA,NA
2009,3,23,18,NA,NA,NA,NA,NA
2009,3,23,21,NA,NA,NA,NA,NA
2009,3,24,0,NA,NA,NA,NA,NA
2009,3,24,3,NA,NA,NA,NA,NA
2009,3,24,6,NA,NA,NA,NA,NA
2009,3,24,9,NA,NA,NA,NA,NA
2009,3,24,12,NA,NA,NA,NA,NA
2009,3,24,15,NA,NA,NA,NA,NA
2009,3,24,18,NA,NA,NA,NA,NA
2009,3,24,21,NA,NA,NA,NA,NA
2009,3,25,0,NA,NA,NA,NA,NA
2009,3,25,3,NA,NA,NA,NA,NA
2009,3,25,6,NA,NA,NA,NA,NA
2009,3,25,9,NA,NA,NA,NA,NA
2009,3,25,12,NA,NA,NA,NA,NA
2009,3,25,15,NA,NA,NA,NA,NA
2009,3,25,18,NA,NA,NA,NA,NA
2009,3,25,21,NA,NA,NA,NA,NA
2009,3,26,0,NA,NA,NA,NA,NA
2009,3,26,3,NA,NA,NA,NA,NA
2009,3,26,6,NA,NA,NA,NA,NA
2009,3,26,9,NA,NA,NA,NA,NA
2009,3,26,12,NA,NA,NA,NA,NA
2009,3,26,15,NA,NA,NA,NA,NA
2009,3,26,18,NA,NA,NA,NA,NA
2009,3,26,21,NA,NA,NA,NA,NA
2009,3,27,0,NA,NA,NA,NA,NA
2009,3,27,3,NA,NA,NA,NA,NA
2009,3,27,6,NA,NA,NA,NA,NA
2009,3,27,9,NA,NA,NA,NA,NA
2009,3,27,12,NA,NA,NA,NA,NA
2009,3,27,15,NA,NA,NA,NA,NA
2009,3,27,18,NA,NA,NA,NA,NA
2009,3,27,21,NA,NA,NA,NA,NA
2009,3,28,0,NA,NA,NA,NA,NA
2009,3,28,3,NA,NA,NA,NA,NA
2009,3,28,6,NA,NA,NA,NA,NA
2009,3,28,9,NA,NA,NA,NA,NA
2009,3,28,12,NA,NA,NA,NA,NA
2009,3,28,15,NA,NA,NA,NA,NA
2009,3,28,18,NA,NA,NA,NA,NA
2009,3,28,21,NA,NA,NA,NA,NA
2009,3,29,0,NA,NA,NA,NA,NA
2009,3,29,3,NA,NA,NA,NA,NA
2009,3,29,6,NA,NA,NA,NA,NA
2009,3,29,9,NA,NA,NA,NA,NA
2009,3,29,12,NA,NA,NA,NA,NA
2009,3,29,15,NA,NA,NA,NA,NA
2009,3,29,18,NA,NA,NA,NA,NA
2009,3,29,21,NA,NA,NA,NA,NA
2009,3,30,0,NA,NA,NA,NA,NA
2009,3,30,3,NA,NA,NA,NA,NA
2009,3,30,6,NA,NA,NA,NA,NA
2009,3,30,9,NA,NA,NA,NA,NA
2009,3,30,12,NA,NA,NA,NA,NA
2009,3,30,15,NA,NA,NA,NA,NA
2009,3,30,18,NA,NA,NA,NA,NA
2009,3,30,21,NA,NA,NA,NA,NA
2009,3,31,0,NA,NA,NA,NA,NA
2009,3,31,3,NA,NA,NA,NA,NA
2009,3,31,6,NA,NA,NA,NA,NA
2009,3,31,9,NA,NA,NA,NA,NA
2009,3,31,12,NA,NA,NA,NA,NA
2009,3,31,15,NA,NA,NA,NA,NA
2009,3,31,18,NA,NA,NA,NA,NA
2009,3,31,21,NA,NA,NA,NA,NA
2009,4,1,0,NA,NA,NA,NA,NA
2009,4,1,3,NA,NA,NA,NA,NA
2009,4,1,6,NA,NA,NA,NA,NA
2009,4,1,9,NA,NA,NA,NA,NA
2009,4,1,12,NA,NA,NA,NA,NA
2009,4,1,15,NA,NA,NA,NA,NA
2009,4,1,18,NA,NA,NA,NA,NA
2009,4,1,21,NA,NA,NA,NA,NA
2009,4,2,0,NA,NA,NA,NA,NA
2009,4,2,3,NA,NA,NA,NA,NA
2009,4,2,6,NA,NA,NA,NA,NA
2009,4,2,9,NA,NA,NA,NA,NA
2009,4,2,12,NA,NA,NA,NA,NA
2009,4,2,15,NA,NA,NA,NA,NA
2009,4,2,18,NA,NA,NA,NA,NA
2009,4,2,21,NA,NA,NA,NA,NA
2009,4,3,0,NA,NA,NA,NA,NA
2009,4,3,3,NA,NA,NA,NA,NA
2009,4,3,6,NA,NA,NA,NA,NA
2009,4,3,9,NA,NA,NA,NA,NA
2009,4,3,12,NA,NA,NA,NA,NA
2009,4,3,15,NA,NA,NA,NA,NA
2009,4,3,18,NA,NA,NA,NA,NA
2009,4,3,21,NA,NA,NA,NA,NA
2009,4,4,0,NA,NA,NA,NA,NA
2009,4,4,3,NA,NA,NA,NA,NA
2009,4,4,6,NA,NA,NA,NA,NA
2009,4,4,9,NA,NA,NA,NA,NA
2009,4,4,12,NA,NA,NA,NA,NA
2009,4,4,15,NA,NA,NA,NA,NA
2009,4,4,18,NA,NA,NA,NA,NA
2009,4,4,21,NA,NA,NA,NA,NA
2009,4,5,0,NA,NA,NA,NA,NA
2009,4,5,3,NA,NA,NA,NA,NA
2009,4,5,6,NA,NA,NA,NA,NA
2009,4,5,9,NA,NA,NA,NA,NA
2009,4,5,12,NA,NA,NA,NA,NA
2009,4,5,15,NA,NA,NA,NA,NA
2009,4,5,18,NA,NA,NA,NA,NA
2009,4,5,21,NA,NA,NA,NA,NA
2009,4,6,0,NA,NA,NA,NA,NA
2009,4,6,3,NA,NA,NA,NA,NA
2009,4,6,6,NA,NA,NA,NA,NA
2009,4,6,9,NA,NA,NA,NA,NA
2009,4,6,12,NA,NA,NA,NA,NA
2009,4,6,15,NA,NA,NA,NA,NA
2009,4,6,18,NA,NA,NA,NA,NA
2009,4,6,21,NA,NA,NA,NA,NA
2009,4,7,0,NA,NA,NA,NA,NA
2009,4,7,3,NA,NA,NA,NA,NA
2009,4,7,6,NA,NA,NA,NA,NA
2009,4,7,9,NA,NA,NA,NA,NA
2009,4,7,12,NA,NA,NA,NA,NA
2009,4,7,15,NA,NA,NA,NA,NA
2009,4,7,18,NA,NA,NA,NA,NA
2009,4,7,21,NA,NA,NA,NA,NA
2009,4,8,0,NA,NA,NA,NA,NA
2009,4,8,3,NA,NA,NA,NA,NA
2009,4,8,6,NA,NA,NA,NA,NA
2009,4,8,9,NA,NA,NA,NA,NA
2009,4,8,12,NA,NA,NA,NA,NA
2009,4,8,15,NA,NA,NA,NA,NA
2009,4,8,18,NA,NA,NA,NA,NA
2009,4,8,21,NA,NA,NA,NA,NA
2009,4,9,0,NA,NA,NA,NA,NA
2009,4,9,3,NA,NA,NA,NA,NA
2009,4,9,6,NA,NA,NA,NA,NA
2009,4,9,9,NA,NA,NA,NA,NA
2009,4,9,12,NA,NA,NA,NA,NA
2009,4,9,15,NA,NA,NA,NA,NA
2009,4,9,18,NA,NA,NA,NA,NA
2009,4,9,21,NA,NA,NA,NA,NA
2009,4,10,0,NA,NA,NA,NA,NA
2009,4,10,3,NA,NA,NA,NA,NA
2009,4,10,6,NA,NA,NA,NA,NA
2009,4,10,9,NA,NA,NA,NA,NA
2009,4,10,12,NA,NA,NA,NA,NA
2009,4,10,15,NA,NA,NA,NA,NA
2009,4,10,18,NA,NA,NA,NA,NA
2009,4,10,21,NA,NA,NA,NA,NA
2009,4,11,0,NA,NA,NA,NA,NA
2009,4,11,3,NA,NA,NA,NA,NA
2009,4,11,6,NA,NA,NA,NA,NA
2009,4,11,9,NA,NA,NA,NA,NA
2009,4,11,12,NA,NA,NA,NA,NA
2009,4,11,15,NA,NA,NA,NA,NA
2009,4,11,18,NA,NA,NA,NA,NA
2009,4,11,21,NA,NA,NA,NA,NA
2009,4,12,0,NA,NA,NA,NA,NA
2009,4,12,3,NA,NA,NA,NA,NA
2009,4,12,6,NA,NA,NA,NA,NA
2009,4,12,9,NA,NA,NA,NA,NA
2009,4,12,12,NA,NA,NA,NA,NA
2009,4,12,15,NA,NA,NA,NA,NA
2009,4,12,18,NA,NA,NA,NA,NA
2009,4,12,21,NA,NA,NA,NA,NA
2009,4,13,0,NA,NA,NA,NA,NA
2009,4,13,3,NA,NA,NA,NA,NA
2009,4,13,6,NA,NA,NA,NA,NA
2009,4,13,9,NA,NA,NA,NA,NA
2009,4,13,12,NA,NA,NA,NA,NA
2009,4,13,15,NA,NA,NA,NA,NA
2009,4,13,18,NA,NA,NA,NA,NA
2009,4,13,21,NA,NA,NA,NA,NA
2009,4,14,0,NA,NA,NA,NA,NA
2009,4,14,3,NA,NA,NA,NA,NA
2009,4,14,6,NA,NA,NA,NA,NA
2009,4,14,9,NA,NA,NA,NA,NA
2009,4,14,12,NA,NA,NA,NA,NA
2009,4,14,15,NA,NA,NA,NA,NA
2009,4,14,18,NA,NA,NA,NA,NA
2009,4,14,21,NA,NA,NA,NA,NA
2009,4,15,0,NA,NA,NA,NA,NA
2009,4,15,3,NA,NA,NA,NA,NA
2009,4,15,6,NA,NA,NA,NA,NA
2009,4,15,9,NA,NA,NA,NA,NA
2009,4,15,12,NA,NA,NA,NA,NA
2009,4,15,15,NA,NA,NA,NA,NA
2009,4,15,18,NA,NA,NA,NA,NA
2009,4,15,21,NA,NA,NA,NA,NA
2009,4,16,0,NA,NA,NA,NA,NA
2009,4,16,3,NA,NA,NA,NA,NA
2009,4,16,6,NA,NA,NA,NA,NA
2009,4,16,9,NA,NA,NA,NA,NA
2009,4,16,12,NA,NA,NA,NA,NA
2009,4,16,15,NA,NA,NA,NA,NA
2009,4,16,18,NA,NA,NA,NA,NA
2009,4,16,21,NA,NA,NA,NA,NA
2009,4,17,0,NA,NA,NA,NA,NA
2009,4,17,3,NA,NA,NA,NA,NA
2009,4,17,6,NA,NA,NA,NA,NA
2009,4,17,9,NA,NA,NA,NA,NA
2009,4,17,12,NA,NA,NA,NA,NA
2009,4,17,15,NA,NA,NA,NA,NA
2009,4,17,18,NA,NA,NA,NA,NA
2009,4,17,21,NA,NA,NA,NA,NA
2009,4,18,0,NA,NA,NA,NA,NA
2009,4,18,3,NA,NA,NA,NA,NA
2009,4,18,6,NA,NA,NA,NA,NA
2009,4,18,9,NA,NA,NA,NA,NA
2009,4,18,12,NA,NA,NA,NA,NA
2009,4,18,15,NA,NA,NA,NA,NA
2009,4,18,18,NA,NA,NA,NA,NA
2009,4,18,21,NA,NA,NA,NA,NA
2009,4,19,0,NA,NA,NA,NA,NA
2009,4,19,3,NA,NA,NA,NA,NA
2009,4,19,6,NA,NA,NA,NA,NA
2009,4,19,9,NA,NA,NA,NA,NA
2009,4,19,12,NA,NA,NA,NA,NA
2009,4,19,15,NA,NA,NA,NA,NA
2009,4,19,18,NA,NA,NA,NA,NA
2009,4,19,21,NA,NA,NA,NA,NA
2009,4,20,0,NA,NA,NA,NA,NA
2009,4,20,3,NA,NA,NA,NA,NA
2009,4,20,6,NA,NA,NA,NA,NA
2009,4,20,9,NA,NA,NA,NA,NA
2009,4,20,12,NA,NA,NA,NA,NA
2009,4,20,15,NA,NA,NA,NA,NA
2009,4,20,18,NA,NA,NA,NA,NA
2009,4,20,21,NA,NA,NA,NA,NA
2009,4,21,0,NA,NA,NA,NA,NA
2009,4,21,3,NA,NA,NA,NA,NA
2009,4,21,6,NA,NA,NA,NA,NA
2009,4,21,9,NA,NA,NA,NA,NA
2009,4,21,12,NA,NA,NA,NA,NA
2009,4,21,15,NA,NA,NA,NA,NA
2009,4,21,18,NA,NA,NA,NA,NA
2009,4,21,21,NA,NA,NA,NA,NA
2009,4,22,0,NA,NA,NA,NA,NA
2009,4,22,3,NA,NA,NA,NA,NA
2009,4,22,6,NA,NA,NA,NA,NA
2009,4,22,9,NA,NA,NA,NA,NA
2009,4,22,12,NA,NA,NA,NA,NA
2009,4,22,15,NA,NA,NA,NA,NA
2009,4,22,18,NA,NA,NA,NA,NA
2009,4,22,21,NA,NA,NA,NA,NA
2009,4,23,0,NA,NA,NA,NA,NA
2009,4,23,3,NA,NA,NA,NA,NA
2009,4,23,6,NA,NA,NA,NA,NA
2009,4,23,9,NA,NA,NA,NA,NA
2009,4,23,12,NA,NA,NA,NA,NA
2009,4,23,15,NA,NA,NA,NA,NA
2009,4,23,18,NA,NA,NA,NA,NA
2009,4,23,21,NA,NA,NA,NA,NA
2009,4,24,0,NA,NA,NA,NA,NA
2009,4,24,3,NA,NA,NA,NA,NA
2009,4,24,6,NA,NA,NA,NA,NA
2009,4,24,9,NA,NA,NA,NA,NA
2009,4,24,12,NA,NA,NA,NA,NA
2009,4,24,15,NA,NA,NA,NA,NA
2009,4,24,18,NA,NA,NA,NA,NA
2009,4,24,21,NA,NA,NA,NA,NA
2009,4,25,0,NA,NA,NA,NA,NA
2009,4,25,3,NA,NA,NA,NA,NA
2009,4,25,6,NA,NA,NA,NA,NA
2009,4,25,9,NA,NA,NA,NA,NA
2009,4,25,12,NA,NA,NA,NA,NA
2009,4,25,15,NA,NA,NA,NA,NA
2009,4,25,18,NA,NA,NA,NA,NA
2009,4,25,21,NA,NA,NA,NA,NA
2009,4,26,0,NA,NA,NA,NA,NA
2009,4,26,3,NA,NA,NA,NA,NA
2009,4,26,6,NA,NA,NA,NA,NA
2009,4,26,9,NA,NA,NA,NA,NA
2009,4,26,12,NA,NA,NA,NA,NA
2009,4,26,15,NA,NA,NA,NA,NA
2009,4,26,18,NA,NA,NA,NA,NA
2009,4,26,21,NA,NA,NA,NA,NA
2009,4,27,0,NA,NA,NA,NA,NA
2009,4,27,3,NA,NA,NA,NA,NA
2009,4,27,6,NA,NA,NA,NA,NA
2009,4,27,9,NA,NA,NA,NA,NA
2009,4,27,12,NA,NA,NA,NA,NA
2009,4,27,15,NA,NA,NA,NA,NA
2009,4,27,18,NA,NA,NA,NA,NA
2009,4,27,21,NA,NA,NA,NA,NA
2009,4,28,0,NA,NA,NA,NA,NA
2009,4,28,3,NA,NA,NA,NA,NA
2009,4,28,6,NA,NA,NA,NA,NA
2009,4,28,9,NA,NA,NA,NA,NA
2009,4,28,12,NA,NA,NA,NA,NA
2009,4,28,15,NA,NA,NA,NA,NA
2009,4,28,18,NA,NA,NA,NA,NA
2009,4,28,21,NA,NA,NA,NA,NA
2009,4,29,0,NA,NA,NA,NA,NA
2009,4,29,3,NA,NA,NA,NA,NA
2009,4,29,6,NA,NA,NA,NA,NA
2009,4,29,9,NA,NA,NA,NA,NA
2009,4,29,12,NA,NA,NA,NA,NA
2009,4,29,15,NA,NA,NA,NA,NA
2009,4,29,18,NA,NA,NA,NA,NA
2009,4,29,21,NA,NA,NA,NA,NA
2009,4,30,0,NA,NA,NA,NA,NA
2009,4,30,3,NA,NA,NA,NA,NA
2009,4,30,6,NA,NA,NA,NA,NA
2009,4,30,9,NA,NA,NA,NA,NA
2009,4,30,12,NA,NA,NA,NA,NA
2009,4,30,15,NA,NA,NA,NA,NA
2009,4,30,18,NA,NA,NA,NA,NA
2009,4,30,21,NA,NA,NA,NA,NA
2009,5,1,0,NA,NA,NA,NA,NA
2009,5,1,3,NA,NA,NA,NA,NA
2009,5,1,6,NA,NA,NA,NA,NA
2009,5,1,9,NA,NA,NA,NA,NA
2009,5,1,12,NA,NA,NA,NA,NA
2009,5,1,15,NA,NA,NA,NA,NA
2009,5,1,18,NA,NA,NA,NA,NA
2009,5,1,21,NA,NA,NA,NA,NA
2009,5,2,0,NA,NA,NA,NA,NA
2009,5,2,3,NA,NA,NA,NA,NA
2009,5,2,6,NA,NA,NA,NA,NA
2009,5,2,9,NA,NA,NA,NA,NA
2009,5,2,12,NA,NA,NA,NA,NA
2009,5,2,15,NA,NA,NA,NA,NA
2009,5,2,18,NA,NA,NA,NA,NA
2009,5,2,21,NA,NA,NA,NA,NA
2009,5,3,0,NA,NA,NA,NA,NA
2009,5,3,3,NA,NA,NA,NA,NA
2009,5,3,6,NA,NA,NA,NA,NA
2009,5,3,9,NA,NA,NA,NA,NA
2009,5,3,12,NA,NA,NA,NA,NA
2009,5,3,15,NA,NA,NA,NA,NA
2009,5,3,18,NA,NA,NA,NA,NA
2009,5,3,21,NA,NA,NA,NA,NA
2009,5,4,0,NA,NA,NA,NA,NA
2009,5,4,3,NA,NA,NA,NA,NA
2009,5,4,6,NA,NA,NA,NA,NA
2009,5,4,9,NA,NA,NA,NA,NA
2009,5,4,12,NA,NA,NA,NA,NA
2009,5,4,15,NA,NA,NA,NA,NA
2009,5,4,18,NA,NA,NA,NA,NA
2009,5,4,21,NA,NA,NA,NA,NA
2009,5,5,0,NA,NA,NA,NA,NA
2009,5,5,3,NA,NA,NA,NA,NA
2009,5,5,6,NA,NA,NA,NA,NA
2009,5,5,9,NA,NA,NA,NA,NA
2009,5,5,12,NA,NA,NA,NA,NA
2009,5,5,15,NA,NA,NA,NA,NA
2009,5,5,18,NA,NA,NA,NA,NA
2009,5,5,21,NA,NA,NA,NA,NA
2009,5,6,0,NA,NA,NA,NA,NA
2009,5,6,3,NA,NA,NA,NA,NA
2009,5,6,6,NA,NA,NA,NA,NA
2009,5,6,9,NA,NA,NA,NA,NA
2009,5,6,12,NA,NA,NA,NA,NA
2009,5,6,15,NA,NA,NA,NA,NA
2009,5,6,18,NA,NA,NA,NA,NA
2009,5,6,21,NA,NA,NA,NA,NA
2009,5,7,0,NA,NA,NA,NA,NA
2009,5,7,3,NA,NA,NA,NA,NA
2009,5,7,6,NA,NA,NA,NA,NA
2009,5,7,9,NA,NA,NA,NA,NA
2009,5,7,12,NA,NA,NA,NA,NA
2009,5,7,15,NA,NA,NA,NA,NA
2009,5,7,18,NA,NA,NA,NA,NA
2009,5,7,21,NA,NA,NA,NA,NA
2009,5,8,0,NA,NA,NA,NA,NA
2009,5,8,3,NA,NA,NA,NA,NA
2009,5,8,6,NA,NA,NA,NA,NA
2009,5,8,9,NA,NA,NA,NA,NA
2009,5,8,12,NA,NA,NA,NA,NA
2009,5,8,15,NA,NA,NA,NA,NA
2009,5,8,18,NA,NA,NA,NA,NA
2009,5,8,21,NA,NA,NA,NA,NA
2009,5,9,0,NA,NA,NA,NA,NA
2009,5,9,3,NA,NA,NA,NA,NA
2009,5,9,6,NA,NA,NA,NA,NA
2009,5,9,9,NA,NA,NA,NA,NA
2009,5,9,12,NA,NA,NA,NA,NA
2009,5,9,15,NA,NA,NA,NA,NA
2009,5,9,18,NA,NA,NA,NA,NA
2009,5,9,21,NA,NA,NA,NA,NA
2009,5,10,0,NA,NA,NA,NA,NA
2009,5,10,3,NA,NA,NA,NA,NA
2009,5,10,6,NA,NA,NA,NA,NA
2009,5,10,9,NA,NA,NA,NA,NA
2009,5,10,12,NA,NA,NA,NA,NA
2009,5,10,15,NA,NA,NA,NA,NA
2009,5,10,18,NA,NA,NA,NA,NA
2009,5,10,21,NA,NA,NA,NA,NA
2009,5,11,0,NA,NA,NA,NA,NA
2009,5,11,3,NA,NA,NA,NA,NA
2009,5,11,6,NA,NA,NA,NA,NA
2009,5,11,9,NA,NA,NA,NA,NA
2009,5,11,12,NA,NA,NA,NA,NA
2009,5,11,15,NA,NA,NA,NA,NA
2009,5,11,18,NA,NA,NA,NA,NA
2009,5,11,21,NA,NA,NA,NA,NA
2009,5,12,0,NA,NA,NA,NA,NA
2009,5,12,3,NA,NA,NA,NA,NA
2009,5,12,6,NA,NA,NA,NA,NA
2009,5,12,9,NA,NA,NA,NA,NA
2009,5,12,12,NA,NA,NA,NA,NA
2009,5,12,15,NA,NA,NA,NA,NA
2009,5,12,18,NA,NA,NA,NA,NA
2009,5,12,21,NA,NA,NA,NA,NA
2009,5,13,0,NA,NA,NA,NA,NA
2009,5,13,3,NA,NA,NA,NA,NA
2009,5,13,6,NA,NA,NA,NA,NA
2009,5,13,9,NA,NA,NA,NA,NA
2009,5,13,12,NA,NA,NA,NA,NA
2009,5,13,15,NA,NA,NA,NA,NA
2009,5,13,18,NA,NA,NA,NA,NA
2009,5,13,21,NA,NA,NA,NA,NA
2009,5,14,0,NA,NA,NA,NA,NA
2009,5,14,3,NA,NA,NA,NA,NA
2009,5,14,6,NA,NA,NA,NA,NA
2009,5,14,9,NA,NA,NA,NA,NA
2009,5,14,12,NA,NA,NA,NA,NA
2009,5,14,15,NA,NA,NA,NA,NA
2009,5,14,18,NA,NA,NA,NA,NA
2009,5,14,21,NA,NA,NA,NA,NA
2009,5,15,0,NA,NA,NA,NA,NA
2009,5,15,3,NA,NA,NA,NA,NA
2009,5,15,6,NA,NA,NA,NA,NA
2009,5,15,9,NA,NA,NA,NA,NA
2009,5,15,12,NA,NA,NA,NA,NA
2009,5,15,15,NA,NA,NA,NA,NA
2009,5,15,18,NA,NA,NA,NA,NA
2009,5,15,21,NA,NA,NA,NA,NA
2009,5,16,0,NA,NA,NA,NA,NA
2009,5,16,3,NA,NA,NA,NA,NA
2009,5,16,6,NA,NA,NA,NA,NA
2009,5,16,9,NA,NA,NA,NA,NA
2009,5,16,12,NA,NA,NA,NA,NA
2009,5,16,15,NA,NA,NA,NA,NA
2009,5,16,18,NA,NA,NA,NA,NA
2009,5,16,21,NA,NA,NA,NA,NA
2009,5,17,0,NA,NA,NA,NA,NA
2009,5,17,3,NA,NA,NA,NA,NA
2009,5,17,6,NA,NA,NA,NA,NA
2009,5,17,9,NA,NA,NA,NA,NA
2009,5,17,12,NA,NA,NA,NA,NA
2009,5,17,15,NA,NA,NA,NA,NA
2009,5,17,18,NA,NA,NA,NA,NA
2009,5,17,21,NA,NA,NA,NA,NA
2009,5,18,0,NA,NA,NA,NA,NA
2009,5,18,3,NA,NA,NA,NA,NA
2009,5,18,6,NA,NA,NA,NA,NA
2009,5,18,9,NA,NA,NA,NA,NA
2009,5,18,12,NA,NA,NA,NA,NA
2009,5,18,15,NA,NA,NA,NA,NA
2009,5,18,18,NA,NA,NA,NA,NA
2009,5,18,21,NA,NA,NA,NA,NA
2009,5,19,0,NA,NA,NA,NA,NA
2009,5,19,3,NA,NA,NA,NA,NA
2009,5,19,6,NA,NA,NA,NA,NA
2009,5,19,9,NA,NA,NA,NA,NA
2009,5,19,12,NA,NA,NA,NA,NA
2009,5,19,15,NA,NA,NA,NA,NA
2009,5,19,18,NA,NA,NA,NA,NA
2009,5,19,21,NA,NA,NA,NA,NA
2009,5,20,0,NA,NA,NA,NA,NA
2009,5,20,3,NA,NA,NA,NA,NA
2009,5,20,6,NA,NA,NA,NA,NA
2009,5,20,9,NA,NA,NA,NA,NA
2009,5,20,12,NA,NA,NA,NA,NA
2009,5,20,15,NA,NA,NA,NA,NA
2009,5,20,18,NA,NA,NA,NA,NA
2009,5,20,21,NA,NA,NA,NA,NA
2009,5,21,0,NA,NA,NA,NA,NA
2009,5,21,3,NA,NA,NA,NA,NA
2009,5,21,6,NA,NA,NA,NA,NA
2009,5,21,9,NA,NA,NA,NA,NA
2009,5,21,12,NA,NA,NA,NA,NA
2009,5,21,15,NA,NA,NA,NA,NA
2009,5,21,18,NA,NA,NA,NA,NA
2009,5,21,21,NA,NA,NA,NA,NA
2009,5,22,0,NA,NA,NA,NA,NA
2009,5,22,3,NA,NA,NA,NA,NA
2009,5,22,6,NA,NA,NA,NA,NA
2009,5,22,9,NA,NA,NA,NA,NA
2009,5,22,12,NA,NA,NA,NA,NA
2009,5,22,15,NA,NA,NA,NA,NA
2009,5,22,18,NA,NA,NA,NA,NA
2009,5,22,21,NA,NA,NA,NA,NA
2009,5,23,0,NA,NA,NA,NA,NA
2009,5,23,3,NA,NA,NA,NA,NA
2009,5,23,6,NA,NA,NA,NA,NA
2009,5,23,9,NA,NA,NA,NA,NA
2009,5,23,12,NA,NA,NA,NA,NA
2009,5,23,15,NA,NA,NA,NA,NA
2009,5,23,18,NA,NA,NA,NA,NA
2009,5,23,21,NA,NA,NA,NA,NA
2009,5,24,0,NA,NA,NA,NA,NA
2009,5,24,3,NA,NA,NA,NA,NA
2009,5,24,6,NA,NA,NA,NA,NA
2009,5,24,9,NA,NA,NA,NA,NA
2009,5,24,12,NA,NA,NA,NA,NA
2009,5,24,15,NA,NA,NA,NA,NA
2009,5,24,18,NA,NA,NA,NA,NA
2009,5,24,21,NA,NA,NA,NA,NA
2009,5,25,0,NA,NA,NA,NA,NA
2009,5,25,3,NA,NA,NA,NA,NA
2009,5,25,6,NA,NA,NA,NA,NA
2009,5,25,9,NA,NA,NA,NA,NA
2009,5,25,12,NA,NA,NA,NA,NA
2009,5,25,15,NA,NA,NA,NA,NA
2009,5,25,18,NA,NA,NA,NA,NA
2009,5,25,21,NA,NA,NA,NA,NA
2009,5,26,0,NA,NA,NA,NA,NA
2009,5,26,3,NA,NA,NA,NA,NA
2009,5,26,6,NA,NA,NA,NA,NA
2009,5,26,9,NA,NA,NA,NA,NA
2009,5,26,12,NA,NA,NA,NA,NA
2009,5,26,15,NA,NA,NA,NA,NA
2009,5,26,18,NA,NA,NA,NA,NA
2009,5,26,21,NA,NA,NA,NA,NA
2009,5,27,0,NA,NA,NA,NA,NA
2009,5,27,3,NA,NA,NA,NA,NA
2009,5,27,6,NA,NA,NA,NA,NA
2009,5,27,9,NA,NA,NA,NA,NA
2009,5,27,12,NA,NA,NA,NA,NA
2009,5,27,15,NA,NA,NA,NA,NA
2009,5,27,18,NA,NA,NA,NA,NA
2009,5,27,21,NA,NA,NA,NA,NA
2009,5,28,0,NA,NA,NA,NA,NA
2009,5,28,3,NA,NA,NA,NA,NA
2009,5,28,6,NA,NA,NA,NA,NA
2009,5,28,9,NA,NA,NA,NA,NA
2009,5,28,12,NA,NA,NA,NA,NA
2009,5,28,15,NA,NA,NA,NA,NA
2009,5,28,18,NA,NA,NA,NA,NA
2009,5,28,21,NA,NA,NA,NA,NA
2009,5,29,0,NA,NA,NA,NA,NA
2009,5,29,3,NA,NA,NA,NA,NA
2009,5,29,6,NA,NA,NA,NA,NA
2009,5,29,9,NA,NA,NA,NA,NA
2009,5,29,12,NA,NA,NA,NA,NA
2009,5,29,15,NA,NA,NA,NA,NA
2009,5,29,18,NA,NA,NA,NA,NA
2009,5,29,21,NA,NA,NA,NA,NA
2009,5,30,0,NA,NA,NA,NA,NA
2009,5,30,3,NA,NA,NA,NA,NA
2009,5,30,6,NA,NA,NA,NA,NA
2009,5,30,9,NA,NA,NA,NA,NA
2009,5,30,12,NA,NA,NA,NA,NA
2009,5,30,15,NA,NA,NA,NA,NA
2009,5,30,18,NA,NA,NA,NA,NA
2009,5,30,21,NA,NA,NA,NA,NA
2009,5,31,0,NA,NA,NA,NA,NA
2009,5,31,3,NA,NA,NA,NA,NA
2009,5,31,6,NA,NA,NA,NA,NA
2009,5,31,9,NA,NA,NA,NA,NA
2009,5,31,12,NA,NA,NA,NA,NA
2009,5,31,15,NA,NA,NA,NA,NA
2009,5,31,18,NA,NA,NA,NA,NA
2009,5,31,21,NA,NA,NA,NA,NA
2009,6,1,0,NA,NA,NA,NA,NA
2009,6,1,3,NA,NA,NA,NA,NA
2009,6,1,6,NA,NA,NA,NA,NA
2009,6,1,9,NA,NA,NA,NA,NA
2009,6,1,12,NA,NA,NA,NA,NA
2009,6,1,15,NA,NA,NA,NA,NA
2009,6,1,18,NA,NA,NA,NA,NA
2009,6,1,21,NA,NA,NA,NA,NA
2009,6,2,0,NA,NA,NA,NA,NA
2009,6,2,3,NA,NA,NA,NA,NA
2009,6,2,6,NA,NA,NA,NA,NA
2009,6,2,9,NA,NA,NA,NA,NA
2009,6,2,12,NA,NA,NA,NA,NA
2009,6,2,15,NA,NA,NA,NA,NA
2009,6,2,18,NA,NA,NA,NA,NA
2009,6,2,21,NA,NA,NA,NA,NA
2009,6,3,0,NA,NA,NA,NA,NA
2009,6,3,3,NA,NA,NA,NA,NA
2009,6,3,6,NA,NA,NA,NA,NA
2009,6,3,9,NA,NA,NA,NA,NA
2009,6,3,12,NA,NA,NA,NA,NA
2009,6,3,15,NA,NA,NA,NA,NA
2009,6,3,18,NA,NA,NA,NA,NA
2009,6,3,21,NA,NA,NA,NA,NA
2009,6,4,0,NA,NA,NA,NA,NA
2009,6,4,3,NA,NA,NA,NA,NA
2009,6,4,6,NA,NA,NA,NA,NA
2009,6,4,9,NA,NA,NA,NA,NA
2009,6,4,12,NA,NA,NA,NA,NA
2009,6,4,15,NA,NA,NA,NA,NA
2009,6,4,18,NA,NA,NA,NA,NA
2009,6,4,21,NA,NA,NA,NA,NA
2009,6,5,0,NA,NA,NA,NA,NA
2009,6,5,3,NA,NA,NA,NA,NA
2009,6,5,6,NA,NA,NA,NA,NA
2009,6,5,9,NA,NA,NA,NA,NA
2009,6,5,12,NA,NA,NA,NA,NA
2009,6,5,15,NA,NA,NA,NA,NA
2009,6,5,18,NA,NA,NA,NA,NA
2009,6,5,21,NA,NA,NA,NA,NA
2009,6,6,0,NA,NA,NA,NA,NA
2009,6,6,3,NA,NA,NA,NA,NA
2009,6,6,6,NA,NA,NA,NA,NA
2009,6,6,9,NA,NA,NA,NA,NA
2009,6,6,12,NA,NA,NA,NA,NA
2009,6,6,15,NA,NA,NA,NA,NA
2009,6,6,18,NA,NA,NA,NA,NA
2009,6,6,21,NA,NA,NA,NA,NA
2009,6,7,0,NA,NA,NA,NA,NA
2009,6,7,3,NA,NA,NA,NA,NA
2009,6,7,6,NA,NA,NA,NA,NA
2009,6,7,9,NA,NA,NA,NA,NA
2009,6,7,12,NA,NA,NA,NA,NA
2009,6,7,15,NA,NA,NA,NA,NA
2009,6,7,18,NA,NA,NA,NA,NA
2009,6,7,21,NA,NA,NA,NA,NA
2009,6,8,0,NA,NA,NA,NA,NA
2009,6,8,3,NA,NA,NA,NA,NA
2009,6,8,6,NA,NA,NA,NA,NA
2009,6,8,9,NA,NA,NA,NA,NA
2009,6,8,12,NA,NA,NA,NA,NA
2009,6,8,15,NA,NA,NA,NA,NA
2009,6,8,18,NA,NA,NA,NA,NA
2009,6,8,21,NA,NA,NA,NA,NA
2009,6,9,0,NA,NA,NA,NA,NA
2009,6,9,3,NA,NA,NA,NA,NA
2009,6,9,6,NA,NA,NA,NA,NA
2009,6,9,9,NA,NA,NA,NA,NA
2009,6,9,12,NA,NA,NA,NA,NA
2009,6,9,15,NA,NA,NA,NA,NA
2009,6,9,18,NA,NA,NA,NA,NA
2009,6,9,21,NA,NA,NA,NA,NA
2009,6,10,0,NA,NA,NA,NA,NA
2009,6,10,3,NA,NA,NA,NA,NA
2009,6,10,6,NA,NA,NA,NA,NA
2009,6,10,9,NA,NA,NA,NA,NA
2009,6,10,12,NA,NA,NA,NA,NA
2009,6,10,15,NA,NA,NA,NA,NA
2009,6,10,18,NA,NA,NA,NA,NA
2009,6,10,21,NA,NA,NA,NA,NA
2009,6,11,0,NA,NA,NA,NA,NA
2009,6,11,3,NA,NA,NA,NA,NA
2009,6,11,6,NA,NA,NA,NA,NA
2009,6,11,9,NA,NA,NA,NA,NA
2009,6,11,12,NA,NA,NA,NA,NA
2009,6,11,15,NA,NA,NA,NA,NA
2009,6,11,18,NA,NA,NA,NA,NA
2009,6,11,21,NA,NA,NA,NA,NA
2009,6,12,0,NA,NA,NA,NA,NA
2009,6,12,3,NA,NA,NA,NA,NA
2009,6,12,6,NA,NA,NA,NA,NA
2009,6,12,9,NA,NA,NA,NA,NA
2009,6,12,12,NA,NA,NA,NA,NA
2009,6,12,15,NA,NA,NA,NA,NA
2009,6,12,18,NA,NA,NA,NA,NA
2009,6,12,21,NA,NA,NA,NA,NA
2009,6,13,0,NA,NA,NA,NA,NA
2009,6,13,3,NA,NA,NA,NA,NA
2009,6,13,6,NA,NA,NA,NA,NA
2009,6,13,9,NA,NA,NA,NA,NA
2009,6,13,12,NA,NA,NA,NA,NA
2009,6,13,15,NA,NA,NA,NA,NA
2009,6,13,18,NA,NA,NA,NA,NA
2009,6,13,21,NA,NA,NA,NA,NA
2009,6,14,0,NA,NA,NA,NA,NA
2009,6,14,3,NA,NA,NA,NA,NA
2009,6,14,6,NA,NA,NA,NA,NA
2009,6,14,9,NA,NA,NA,NA,NA
2009,6,14,12,NA,NA,NA,NA,NA
2009,6,14,15,NA,NA,NA,NA,NA
2009,6,14,18,NA,NA,NA,NA,NA
2009,6,14,21,NA,NA,NA,NA,NA
2009,6,15,0,NA,NA,NA,NA,NA
2009,6,15,3,NA,NA,NA,NA,NA
2009,6,15,6,NA,NA,NA,NA,NA
2009,6,15,9,NA,NA,NA,NA,NA
2009,6,15,12,NA,NA,NA,NA,NA
2009,6,15,15,NA,NA,NA,NA,NA
2009,6,15,18,NA,NA,NA,NA,NA
2009,6,15,21,NA,NA,NA,NA,NA
2009,6,16,0,NA,NA,NA,NA,NA
2009,6,16,3,NA,NA,NA,NA,NA
2009,6,16,6,NA,NA,NA,NA,NA
2009,6,16,9,NA,NA,NA,NA,NA
2009,6,16,12,NA,NA,NA,NA,NA
2009,6,16,15,NA,NA,NA,NA,NA
2009,6,16,18,NA,NA,NA,NA,NA
2009,6,16,21,NA,NA,NA,NA,NA
2009,6,17,0,NA,NA,NA,NA,NA
2009,6,17,3,NA,NA,NA,NA,NA
2009,6,17,6,NA,NA,NA,NA,NA
2009,6,17,9,NA,NA,NA,NA,NA
2009,6,17,12,NA,NA,NA,NA,NA
2009,6,17,15,NA,NA,NA,NA,NA
2009,6,17,18,NA,NA,NA,NA,NA
2009,6,17,21,NA,NA,NA,NA,NA
2009,6,18,0,NA,NA,NA,NA,NA
2009,6,18,3,NA,NA,NA,NA,NA
2009,6,18,6,NA,NA,NA,NA,NA
2009,6,18,9,NA,NA,NA,NA,NA
2009,6,18,12,NA,NA,NA,NA,NA
2009,6,18,15,NA,NA,NA,NA,NA
2009,6,18,18,NA,NA,NA,NA,NA
2009,6,18,21,NA,NA,NA,NA,NA
2009,6,19,0,NA,NA,NA,NA,NA
2009,6,19,3,NA,NA,NA,NA,NA
2009,6,19,6,NA,NA,NA,NA,NA
2009,6,19,9,NA,NA,NA,NA,NA
2009,6,19,12,NA,NA,NA,NA,NA
2009,6,19,15,NA,NA,NA,NA,NA
2009,6,19,18,NA,NA,NA,NA,NA
2009,6,19,21,NA,NA,NA,NA,NA
2009,6,20,0,NA,NA,NA,NA,NA
2009,6,20,3,NA,NA,NA,NA,NA
2009,6,20,6,NA,NA,NA,NA,NA
2009,6,20,9,NA,NA,NA,NA,NA
2009,6,20,12,NA,NA,NA,NA,NA
2009,6,20,15,NA,NA,NA,NA,NA
2009,6,20,18,NA,NA,NA,NA,NA
2009,6,20,21,NA,NA,NA,NA,NA
2009,6,21,0,NA,NA,NA,NA,NA
2009,6,21,3,NA,NA,NA,NA,NA
2009,6,21,6,NA,NA,NA,NA,NA
2009,6,21,9,NA,NA,NA,NA,NA
2009,6,21,12,NA,NA,NA,NA,NA
2009,6,21,15,NA,NA,NA,NA,NA
2009,6,21,18,NA,NA,NA,NA,NA
2009,6,21,21,NA,NA,NA,NA,NA
2009,6,22,0,NA,NA,NA,NA,NA
2009,6,22,3,NA,NA,NA,NA,NA
2009,6,22,6,NA,NA,NA,NA,NA
2009,6,22,9,NA,NA,NA,NA,NA
2009,6,22,12,NA,NA,NA,NA,NA
2009,6,22,15,NA,NA,NA,NA,NA
2009,6,22,18,NA,NA,NA,NA,NA
2009,6,22,21,NA,NA,NA,NA,NA
2009,6,23,0,NA,NA,NA,NA,NA
2009,6,23,3,NA,NA,NA,NA,NA
2009,6,23,6,NA,NA,NA,NA,NA
2009,6,23,9,NA,NA,NA,NA,NA
2009,6,23,12,NA,NA,NA,NA,NA
2009,6,23,15,NA,NA,NA,NA,NA
2009,6,23,18,NA,NA,NA,NA,NA
2009,6,23,21,NA,NA,NA,NA,NA
2009,6,24,0,NA,NA,NA,NA,NA
2009,6,24,3,NA,NA,NA,NA,NA
2009,6,24,6,NA,NA,NA,NA,NA
2009,6,24,9,NA,NA,NA,NA,NA
2009,6,24,12,NA,NA,NA,NA,NA
2009,6,24,15,NA,NA,NA,NA,NA
2009,6,24,18,NA,NA,NA,NA,NA
2009,6,24,21,NA,NA,NA,NA,NA
2009,6,25,0,NA,NA,NA,NA,NA
2009,6,25,3,NA,NA,NA,NA,NA
2009,6,25,6,NA,NA,NA,NA,NA
2009,6,25,9,NA,NA,NA,NA,NA
2009,6,25,12,NA,NA,NA,NA,NA
2009,6,25,15,NA,NA,NA,NA,NA
2009,6,25,18,NA,NA,NA,NA,NA
2009,6,25,21,NA,NA,NA,NA,NA
2009,6,26,0,NA,NA,NA,NA,NA
2009,6,26,3,NA,NA,NA,NA,NA
2009,6,26,6,NA,NA,NA,NA,NA
2009,6,26,9,NA,NA,NA,NA,NA
2009,6,26,12,NA,NA,NA,NA,NA
2009,6,26,15,NA,NA,NA,NA,NA
2009,6,26,18,NA,NA,NA,NA,NA
2009,6,26,21,NA,NA,NA,NA,NA
2009,6,27,0,NA,NA,NA,NA,NA
2009,6,27,3,NA,NA,NA,NA,NA
2009,6,27,6,NA,NA,NA,NA,NA
2009,6,27,9,NA,NA,NA,NA,NA
2009,6,27,12,NA,NA,NA,NA,NA
2009,6,27,15,NA,NA,NA,NA,NA
2009,6,27,18,NA,NA,NA,NA,NA
2009,6,27,21,NA,NA,NA,NA,NA
2009,6,28,0,NA,NA,NA,NA,NA
2009,6,28,3,NA,NA,NA,NA,NA
2009,6,28,6,NA,NA,NA,NA,NA
2009,6,28,9,NA,NA,NA,NA,NA
2009,6,28,12,NA,NA,NA,NA,NA
2009,6,28,15,NA,NA,NA,NA,NA
2009,6,28,18,NA,NA,NA,NA,NA
2009,6,28,21,NA,NA,NA,NA,NA
2009,6,29,0,NA,NA,NA,NA,NA
2009,6,29,3,NA,NA,NA,NA,NA
2009,6,29,6,NA,NA,NA,NA,NA
2009,6,29,9,NA,NA,NA,NA,NA
2009,6,29,12,NA,NA,NA,NA,NA
2009,6,29,15,NA,NA,NA,NA,NA
2009,6,29,18,NA,NA,NA,NA,NA
2009,6,29,21,NA,NA,NA,NA,NA
2009,6,30,0,NA,NA,NA,NA,NA
2009,6,30,3,NA,NA,NA,NA,NA
2009,6,30,6,NA,NA,NA,NA,NA
2009,6,30,9,NA,NA,NA,NA,NA
2009,6,30,12,NA,NA,NA,NA,NA
2009,6,30,15,NA,NA,NA,NA,NA
2009,6,30,18,NA,NA,NA,NA,NA
2009,6,30,21,NA,NA,NA,NA,NA
2009,7,1,0,NA,NA,NA,NA,NA
2009,7,1,3,NA,NA,NA,NA,NA
2009,7,1,6,NA,NA,NA,NA,NA
2009,7,1,9,NA,NA,NA,NA,NA
2009,7,1,12,NA,NA,NA,NA,NA
2009,7,1,15,NA,NA,NA,NA,NA
2009,7,1,18,NA,NA,NA,NA,NA
2009,7,1,21,NA,NA,NA,NA,NA
2009,7,2,0,NA,NA,NA,NA,NA
2009,7,2,3,NA,NA,NA,NA,NA
2009,7,2,6,NA,NA,NA,NA,NA
2009,7,2,9,NA,NA,NA,NA,NA
2009,7,2,12,NA,NA,NA,NA,NA
2009,7,2,15,NA,NA,NA,NA,NA
2009,7,2,18,NA,NA,NA,NA,NA
2009,7,2,21,NA,NA,NA,NA,NA
2009,7,3,0,NA,NA,NA,NA,NA
2009,7,3,3,NA,NA,NA,NA,NA
2009,7,3,6,NA,NA,NA,NA,NA
2009,7,3,9,NA,NA,NA,NA,NA
2009,7,3,12,NA,NA,NA,NA,NA
2009,7,3,15,NA,NA,NA,NA,NA
2009,7,3,18,NA,NA,NA,NA,NA
2009,7,3,21,NA,NA,NA,NA,NA
2009,7,4,0,NA,NA,NA,NA,NA
2009,7,4,3,NA,NA,NA,NA,NA
2009,7,4,6,NA,NA,NA,NA,NA
2009,7,4,9,NA,NA,NA,NA,NA
2009,7,4,12,NA,NA,NA,NA,NA
2009,7,4,15,NA,NA,NA,NA,NA
2009,7,4,18,NA,NA,NA,NA,NA
2009,7,4,21,NA,NA,NA,NA,NA
2009,7,5,0,NA,NA,NA,NA,NA
2009,7,5,3,NA,NA,NA,NA,NA
2009,7,5,6,NA,NA,NA,NA,NA
2009,7,5,9,NA,NA,NA,NA,NA
2009,7,5,12,NA,NA,NA,NA,NA
2009,7,5,15,NA,NA,NA,NA,NA
2009,7,5,18,NA,NA,NA,NA,NA
2009,7,5,21,NA,NA,NA,NA,NA
2009,7,6,0,NA,NA,NA,NA,NA
2009,7,6,3,NA,NA,NA,NA,NA
2009,7,6,6,NA,NA,NA,NA,NA
2009,7,6,9,NA,NA,NA,NA,NA
2009,7,6,12,NA,NA,NA,NA,NA
2009,7,6,15,NA,NA,NA,NA,NA
2009,7,6,18,NA,NA,NA,NA,NA
2009,7,6,21,NA,NA,NA,NA,NA
2009,7,7,0,NA,NA,NA,NA,NA
2009,7,7,3,NA,NA,NA,NA,NA
2009,7,7,6,NA,NA,NA,NA,NA
2009,7,7,9,NA,NA,NA,NA,NA
2009,7,7,12,NA,NA,NA,NA,NA
2009,7,7,15,NA,NA,NA,NA,NA
2009,7,7,18,NA,NA,NA,NA,NA
2009,7,7,21,NA,NA,NA,NA,NA
2009,7,8,0,NA,NA,NA,NA,NA
2009,7,8,3,NA,NA,NA,NA,NA
2009,7,8,6,NA,NA,NA,NA,NA
2009,7,8,9,NA,NA,NA,NA,NA
2009,7,8,12,NA,NA,NA,NA,NA
2009,7,8,15,NA,NA,NA,NA,NA
2009,7,8,18,NA,NA,NA,NA,NA
2009,7,8,21,NA,NA,NA,NA,NA
2009,7,9,0,NA,NA,NA,NA,NA
2009,7,9,3,NA,NA,NA,NA,NA
2009,7,9,6,NA,NA,NA,NA,NA
2009,7,9,9,NA,NA,NA,NA,NA
2009,7,9,12,NA,NA,NA,NA,NA
2009,7,9,15,NA,NA,NA,NA,NA
2009,7,9,18,NA,NA,NA,NA,NA
2009,7,9,21,NA,NA,NA,NA,NA
2009,7,10,0,NA,NA,NA,NA,NA
2009,7,10,3,NA,NA,NA,NA,NA
2009,7,10,6,NA,NA,NA,NA,NA
2009,7,10,9,NA,NA,NA,NA,NA
2009,7,10,12,NA,NA,NA,NA,NA
2009,7,10,15,NA,NA,NA,NA,NA
2009,7,10,18,NA,NA,NA,NA,NA
2009,7,10,21,NA,NA,NA,NA,NA
2009,7,11,0,NA,NA,NA,NA,NA
2009,7,11,3,NA,NA,NA,NA,NA
2009,7,11,6,NA,NA,NA,NA,NA
2009,7,11,9,NA,NA,NA,NA,NA
2009,7,11,12,NA,NA,NA,NA,NA
2009,7,11,15,NA,NA,NA,NA,NA
2009,7,11,18,NA,NA,NA,NA,NA
2009,7,11,21,NA,NA,NA,NA,NA
2009,7,12,0,NA,NA,NA,NA,NA
2009,7,12,3,NA,NA,NA,NA,NA
2009,7,12,6,NA,NA,NA,NA,NA
2009,7,12,9,NA,NA,NA,NA,NA
2009,7,12,12,NA,NA,NA,NA,NA
2009,7,12,15,NA,NA,NA,NA,NA
2009,7,12,18,NA,NA,NA,NA,NA
2009,7,12,21,NA,NA,NA,NA,NA
2009,7,13,0,NA,NA,NA,NA,NA
2009,7,13,3,NA,NA,NA,NA,NA
2009,7,13,6,NA,NA,NA,NA,NA
2009,7,13,9,NA,NA,NA,NA,NA
2009,7,13,12,NA,NA,NA,NA,NA
2009,7,13,15,NA,NA,NA,NA,NA
2009,7,13,18,NA,NA,NA,NA,NA
2009,7,13,21,NA,NA,NA,NA,NA
2009,7,14,0,NA,NA,NA,NA,NA
2009,7,14,3,NA,NA,NA,NA,NA
2009,7,14,6,NA,NA,NA,NA,NA
2009,7,14,9,NA,NA,NA,NA,NA
2009,7,14,12,NA,NA,NA,NA,NA
2009,7,14,15,NA,NA,NA,NA,NA
2009,7,14,18,NA,NA,NA,NA,NA
2009,7,14,21,NA,NA,NA,NA,NA
2009,7,15,0,NA,NA,NA,NA,NA
2009,7,15,3,NA,NA,NA,NA,NA
2009,7,15,6,NA,NA,NA,NA,NA
2009,7,15,9,NA,NA,NA,NA,NA
2009,7,15,12,NA,NA,NA,NA,NA
2009,7,15,15,NA,NA,NA,NA,NA
2009,7,15,18,NA,NA,NA,NA,NA
2009,7,15,21,NA,NA,NA,NA,NA
2009,7,16,0,NA,NA,NA,NA,NA
2009,7,16,3,NA,NA,NA,NA,NA
2009,7,16,6,NA,NA,NA,NA,NA
2009,7,16,9,NA,NA,NA,NA,NA
2009,7,16,12,NA,NA,NA,NA,NA
2009,7,16,15,NA,NA,NA,NA,NA
2009,7,16,18,NA,NA,NA,NA,NA
2009,7,16,21,NA,NA,NA,NA,NA
2009,7,17,0,NA,NA,NA,NA,NA
2009,7,17,3,NA,NA,NA,NA,NA
2009,7,17,6,NA,NA,NA,NA,NA
2009,7,17,9,NA,NA,NA,NA,NA
2009,7,17,12,NA,NA,NA,NA,NA
2009,7,17,15,NA,NA,NA,NA,NA
2009,7,17,18,NA,NA,NA,NA,NA
2009,7,17,21,NA,NA,NA,NA,NA
2009,7,18,0,NA,NA,NA,NA,NA
2009,7,18,3,NA,NA,NA,NA,NA
2009,7,18,6,NA,NA,NA,NA,NA
2009,7,18,9,NA,NA,NA,NA,NA
2009,7,18,12,NA,NA,NA,NA,NA
2009,7,18,15,NA,NA,NA,NA,NA
2009,7,18,18,NA,NA,NA,NA,NA
2009,7,18,21,NA,NA,NA,NA,NA
2009,7,19,0,NA,NA,NA,NA,NA
2009,7,19,3,NA,NA,NA,NA,NA
2009,7,19,6,NA,NA,NA,NA,NA
2009,7,19,9,NA,NA,NA,NA,NA
2009,7,19,12,NA,NA,NA,NA,NA
2009,7,19,15,NA,NA,NA,NA,NA
2009,7,19,18,NA,NA,NA,NA,NA
2009,7,19,21,NA,NA,NA,NA,NA
2009,7,20,0,NA,NA,NA,NA,NA
2009,7,20,3,NA,NA,NA,NA,NA
2009,7,20,6,NA,NA,NA,NA,NA
2009,7,20,9,NA,NA,NA,NA,NA
2009,7,20,12,NA,NA,NA,NA,NA
2009,7,20,15,NA,NA,NA,NA,NA
2009,7,20,18,NA,NA,NA,NA,NA
2009,7,20,21,-23,903.3,NA,250,52
2009,7,21,0,-23.1,905.2,NA,250,64
2009,7,21,3,-21.5,905.3,NA,240,67
2009,7,21,6,-21.1,906.5,NA,230,69
2009,7,21,9,-21.5,904.5,NA,230,70
2009,7,21,12,-22.4,904,NA,230,69
2009,7,21,15,-22.1,898.1,NA,250,68
2009,7,21,18,-19.9,900.5,NA,NA,67
2009,7,21,21,-19.3,894.3,NA,NA,66
2009,7,22,0,-18.5,898.9,NA,NA,72
2009,7,22,3,-16.6,901.1,NA,250,74
2009,7,22,6,-14.3,899.8,NA,250,72
2009,7,22,9,-14.7,899.5,NA,240,75
2009,7,22,12,-12.5,898,60,250,72
2009,7,22,15,-13.6,899.9,NA,240,79
2009,7,22,18,-14,897.4,NA,230,80
2009,7,22,21,-13.9,900.3,NA,NA,80
2009,7,23,0,-13.9,903.6,NA,NA,81
2009,7,23,3,-13.8,905.3,NA,NA,77
2009,7,23,6,-13.9,906.2,NA,240,72
2009,7,23,9,-12.9,908.7,NA,270,69
2009,7,23,12,-12.8,908.3,NA,210,65
2009,7,23,15,-12.6,908.3,NA,230,79
2009,7,23,18,-12.3,908.8,NA,190,72
2009,7,23,21,-11.3,906.7,NA,230,81
2009,7,24,0,-12.5,904.7,NA,240,82
2009,7,24,3,-13.1,905,NA,240,82
2009,7,24,6,-13.2,909.4,NA,230,82
2009,7,24,9,-12.8,912.6,NA,230,77
2009,7,24,12,-12.1,915.2,NA,240,67
2009,7,24,15,-13.4,917.9,NA,240,79
2009,7,24,18,-15.5,919.2,NA,220,80
2009,7,24,21,-16.6,920.4,NA,230,79
2009,7,25,0,-17.2,922.5,16,230,78
2009,7,25,3,-16.4,924.3,NA,220,78
2009,7,25,6,-15.5,924.8,NA,240,79
2009,7,25,9,-14.8,925.1,NA,240,66
2009,7,25,12,-18.6,927.5,NA,240,67
2009,7,25,15,-17.9,930.9,NA,220,53
2009,7,25,18,-19.7,932.3,NA,230,73
2009,7,25,21,-19.8,933.6,NA,220,73
2009,7,26,0,-20.9,934.3,11,230,69
2009,7,26,3,-21.8,934.9,NA,250,66
2009,7,26,6,-18.7,935.4,NA,210,63
2009,7,26,9,-21.9,935.8,NA,240,67
2009,7,26,12,-20.3,935.9,2,220,64
2009,7,26,15,-21.9,934.9,NA,270,58
2009,7,26,18,-23.2,933.5,4,40,62
2009,7,26,21,-22.9,932.5,NA,20,67
2009,7,27,0,-24.3,931.3,6,30,68
2009,7,27,3,-24.3,930.8,6,20,69
2009,7,27,6,-24.7,931.4,2,330,68
2009,7,27,9,-23.9,933.5,NA,40,68
2009,7,27,12,-24.8,935.1,NA,260,68
2009,7,27,15,-23.8,936.6,NA,NA,69
2009,7,27,18,-26.1,937.5,4,260,67
2009,7,27,21,-25.3,938.1,3,260,67
2009,7,28,0,-25,938.7,1,20,67
2009,7,28,3,-25.4,938.6,NA,NA,67
2009,7,28,6,-25.3,937.7,1,60,67
2009,7,28,9,-25.1,936.3,2,70,67
2009,7,28,12,-22.6,933.8,NA,40,70
2009,7,28,15,-22.5,931.8,NA,360,70
2009,7,28,18,-18.8,930.6,NA,20,73
2009,7,28,21,-21.8,930.4,NA,20,71
2009,7,29,0,-21.6,930,NA,0,71
2009,7,29,3,-21.5,929.5,2,250,71
2009,7,29,6,-19,929.8,NA,NA,71
2009,7,29,9,-20.3,929.8,2,80,57
2009,7,29,12,-21.1,929.1,NA,40,69
2009,7,29,15,-22.6,928.5,5,30,54
2009,7,29,18,-19.6,928.7,2,260,59
2009,7,29,21,-20.7,929.2,4,220,37
2009,7,30,0,NA,926.6,NA,230,63
2009,7,30,3,NA,927.3,NA,230,64
2009,7,30,6,-26.7,928.9,NA,230,65
2009,7,30,9,-26.9,930,NA,220,64
2009,7,30,12,-27.2,930.2,NA,240,64
2009,7,30,15,-28.7,929.4,NA,230,62
2009,7,30,18,-29.5,928.9,NA,240,60
2009,7,30,21,-30.3,928.7,NA,250,59
2009,7,31,0,-31.7,926.8,NA,20,58
2009,7,31,3,-31.4,925.1,5,90,59
2009,7,31,6,-32.9,923.4,5,80,57
2009,7,31,9,-33.3,922,3,30,57
2009,7,31,12,-32.5,921.9,NA,40,57
2009,7,31,15,-32.3,921.8,NA,50,57
2009,7,31,18,-32.5,922.2,NA,70,56
2009,7,31,21,-32.9,923.2,NA,270,56
2009,8,1,0,-32,923.4,NA,250,57
2009,8,1,3,-31.8,923.9,NA,230,49
2009,8,1,6,-31.7,924.2,NA,230,57
2009,8,1,9,-29.9,924.3,NA,230,52
2009,8,1,12,-29.4,924.8,NA,240,54
2009,8,1,15,-26.7,924.2,NA,230,59
2009,8,1,18,-25.9,923.5,NA,NA,58
2009,8,1,21,-24.5,923.2,NA,NA,56
2009,8,2,0,-22.8,923,NA,NA,49
2009,8,2,3,-21.1,922.8,NA,240,53
2009,8,2,6,-20.1,923.5,NA,230,62
2009,8,2,9,-19.6,925.8,NA,240,72
2009,8,2,12,-19.9,927.8,NA,230,73
2009,8,2,15,-18.5,928.2,NA,230,71
2009,8,2,18,-18.5,927.9,NA,230,71
2009,8,2,21,-18.5,928.2,NA,240,72
2009,8,3,0,-15.3,928.6,NA,60,55
2009,8,3,3,-15.7,928,NA,10,64
2009,8,3,6,-15.3,927.4,NA,20,69
2009,8,3,9,-15.8,926.8,NA,30,69
2009,8,3,12,-17.1,927,NA,30,69
2009,8,3,15,-17,927.2,NA,270,62
2009,8,3,18,-17.1,928.2,NA,300,66
2009,8,3,21,-19.2,928.5,NA,240,70
2009,8,4,0,-20.4,931.2,NA,0,74
2009,8,4,3,-20.7,933.2,NA,0,74
2009,8,4,6,-21.2,934.7,NA,230,73
2009,8,4,9,-21.4,936.6,NA,260,72
2009,8,4,12,-21.1,937.6,NA,220,72
2009,8,4,15,-22.4,936.6,NA,250,71
2009,8,4,18,-22.9,935.2,NA,240,70
2009,8,4,21,-22.8,933.1,NA,240,70
2009,8,5,0,-22,931.1,NA,230,71
2009,8,5,3,-20.7,928.1,NA,NA,72
2009,8,5,6,-20.9,928.4,34,NA,72
2009,8,5,9,-19.9,928.6,35,240,72
2009,8,5,12,-22.1,929.3,38,230,71
2009,8,5,15,-21.5,932.2,NA,240,71
2009,8,5,18,-20,934,NA,240,72
2009,8,5,21,-19,935.8,NA,240,65
2009,8,6,0,-18.8,939.2,NA,270,61
2009,8,6,3,-18.5,941.8,NA,80,54
2009,8,6,6,-17.7,943.7,NA,310,60
2009,8,6,9,-16.5,944.5,NA,20,47
2009,8,6,12,-16.9,944,NA,20,47
2009,8,6,15,-16.7,942.9,NA,20,52
2009,8,6,18,-18.3,940.4,NA,30,70
2009,8,6,21,-18.7,937.5,24,20,74
2009,8,7,0,-19,935.8,NA,40,74
2009,8,7,3,-19.5,932.9,NA,240,74
2009,8,7,6,-18.5,931.6,NA,260,73
2009,8,7,9,-20.4,929.9,NA,240,73
2009,8,7,12,-19.9,928.7,4,290,73
2009,8,7,15,-20.1,928.6,8,240,73
2009,8,7,18,-19.1,928.1,NA,350,75
2009,8,7,21,NA,927,NA,0,78
2009,8,8,0,-14.5,925.2,NA,NA,78
2009,8,8,3,NA,924.1,1,70,75
2009,8,8,6,NA,919.8,NA,230,74
2009,8,8,9,-21.7,912.2,NA,220,72
2009,8,8,12,-22.8,908.1,NA,230,70
2009,8,8,15,-22.1,904.2,NA,250,71
2009,8,8,18,-23.6,901.4,NA,250,69
2009,8,8,21,-25.3,904.1,57,240,67
2009,8,9,0,-23.9,908.1,NA,240,68
2009,8,9,3,-24.9,910.5,NA,240,67
2009,8,9,6,-24.8,913.9,NA,210,67
2009,8,9,9,-26.1,915.2,NA,250,66
2009,8,9,12,-25.8,915.1,7,20,67
2009,8,9,15,-26.1,914.5,9,350,66
2009,8,9,18,-27.1,912.8,8,0,64
2009,8,9,21,-26.6,911.5,NA,360,65
2009,8,10,0,-22.7,910.3,NA,240,69
2009,8,10,3,NA,909.4,2,320,74
2009,8,10,6,NA,907.6,NA,270,33
2009,8,10,9,-12.8,904.7,NA,360,29
2009,8,10,12,-13.5,901.8,NA,290,33
2009,8,10,15,NA,902.4,NA,90,55
2009,8,10,18,NA,902.6,NA,190,63
2009,8,10,21,-27.2,900.9,NA,240,64
2009,8,11,0,-28.4,900.9,NA,240,62
2009,8,11,3,-28.5,902.6,NA,240,62
2009,8,11,6,-30.3,902.3,NA,230,60
2009,8,11,9,-31.3,901.9,NA,230,59
2009,8,11,12,-32.3,901.7,NA,240,57
2009,8,11,15,-34.3,902.6,24,230,55
2009,8,11,18,-33.6,903.8,NA,240,49
2009,8,11,21,-31.6,902.8,NA,240,43
2009,8,12,0,-29.1,900.7,NA,240,42
2009,8,12,3,NA,900.6,NA,NA,53
2009,8,12,6,NA,897.7,NA,NA,64
2009,8,12,9,-27.7,904.4,NA,220,64
2009,8,12,12,-26.3,906.1,NA,230,64
2009,8,12,15,-24.7,909.8,56,240,64
2009,8,12,18,-21.6,910.6,NA,240,68
2009,8,12,21,-25,916.3,NA,220,67
2009,8,13,0,-22.9,918.9,NA,240,69
2009,8,13,3,-21.8,921,NA,230,70
2009,8,13,6,-21.6,925.2,NA,240,70
2009,8,13,9,-20,923.5,NA,240,72
2009,8,13,12,-20.3,925.3,NA,230,72
2009,8,13,15,-18.8,923.7,NA,240,71
2009,8,13,18,-18.7,923.7,NA,230,75
2009,8,13,21,-19.7,926.9,45,220,74
2009,8,14,0,-18.8,927.3,NA,230,74
2009,8,14,3,-19.3,925.2,NA,230,74
2009,8,14,6,-19.2,921.9,NA,240,72
2009,8,14,9,-17.8,929.1,NA,240,52
2009,8,14,12,-15.8,928.8,NA,240,48
2009,8,14,15,-16.1,932,NA,230,46
2009,8,14,18,-17.7,933.7,NA,230,53
2009,8,14,21,-18.5,934.3,NA,240,41
2009,8,15,0,-18,934.7,NA,220,39
2009,8,15,3,-17.4,934.8,NA,240,41
2009,8,15,6,-17.3,935.1,NA,230,46
2009,8,15,9,-20.7,936,NA,220,53
2009,8,15,12,-19.4,938.6,NA,240,42
2009,8,15,15,-22.2,939.5,NA,250,52
2009,8,15,18,-22.9,942,NA,250,60
2009,8,15,21,-20.4,942.8,NA,270,58
2009,8,16,0,-20.3,943.6,NA,90,61
2009,8,16,3,-19,944.3,NA,350,51
2009,8,16,6,-20,943.6,NA,20,35
2009,8,16,9,-21.6,942.1,NA,30,44
2009,8,16,12,-23,941,NA,250,42
2009,8,16,15,-22.9,939.2,NA,260,43
2009,8,16,18,-23.3,936.5,5,270,54
2009,8,16,21,-25.6,935.1,NA,210,57
2009,8,17,0,-27.6,934.1,NA,230,61
2009,8,17,3,-27.4,934,NA,240,62
2009,8,17,6,-26.6,933.6,NA,230,63
2009,8,17,9,-26.6,933.9,19,230,63
2009,8,17,12,-26.6,933.7,NA,240,64
2009,8,17,15,-27.2,932.4,NA,240,64
2009,8,17,18,-26.2,931,NA,230,64
2009,8,17,21,-25.8,929.5,NA,NA,65
2009,8,18,0,-25.9,929,NA,NA,65
2009,8,18,3,-26.2,928.6,NA,NA,65
2009,8,18,6,-26.4,929.3,NA,NA,64
2009,8,18,9,-26.8,930.7,NA,230,64
2009,8,18,12,-26.4,931.5,NA,NA,64
2009,8,18,15,-25.9,931.4,NA,NA,65
2009,8,18,18,-25.5,930.9,NA,NA,65
2009,8,18,21,-26.3,932.1,NA,230,63
2009,8,19,0,-26.6,932.4,NA,230,64
2009,8,19,3,-24.3,932.4,NA,250,62
2009,8,19,6,-26,931.1,NA,250,60
2009,8,19,9,-25.9,929.2,NA,30,57
2009,8,19,12,-26.5,926.5,NA,120,64
2009,8,19,15,-27.9,922.9,NA,240,63
2009,8,19,18,-27.8,921.3,NA,230,62
2009,8,19,21,-26.8,921.1,NA,50,63
2009,8,20,0,-27,920.6,NA,10,63
2009,8,20,3,NA,921.4,NA,270,66
2009,8,20,6,NA,922,NA,260,64
2009,8,20,9,NA,922.1,2,60,45
2009,8,20,12,NA,921.1,NA,10,40
2009,8,20,15,-13.8,920.9,NA,30,45
2009,8,20,18,-14.2,921.1,NA,260,42
2009,8,20,21,NA,922.8,NA,240,49
2009,8,21,0,NA,926.3,NA,250,49
2009,8,21,3,-23,926.6,NA,50,52
2009,8,21,6,-22.7,927.1,7,30,53
2009,8,21,9,-23.4,927.7,NA,350,53
2009,8,21,12,-24,928.9,7,40,58
2009,8,21,15,-24,929.2,6,10,66
2009,8,21,18,-23.9,929.2,10,30,67
2009,8,21,21,-23.8,929.7,NA,20,58
2009,8,22,0,-23.2,929.5,NA,40,46
2009,8,22,3,-22.5,928.5,NA,20,50
2009,8,22,6,NA,926.8,NA,340,44
2009,8,22,9,NA,926.1,NA,30,32
2009,8,22,12,-13.6,924.6,NA,350,29
2009,8,22,15,NA,925.9,NA,180,48
2009,8,22,18,NA,925.1,NA,30,48
2009,8,22,21,-24.3,925.4,NA,30,61
2009,8,23,0,-24.3,926.6,NA,260,43
2009,8,23,3,NA,926.4,NA,340,31
2009,8,23,6,NA,925.9,4,10,30
2009,8,23,9,-13.3,924.4,NA,250,23
2009,8,23,12,-13.9,922.7,NA,320,18
2009,8,23,15,-14.8,921.4,NA,290,19
2009,8,23,18,NA,924,NA,200,43
2009,8,23,21,NA,923.9,NA,230,49
2009,8,24,0,NA,923.5,NA,240,51
2009,8,24,3,-29.3,925.4,NA,240,52
2009,8,24,6,-30.7,926,26,230,48
2009,8,24,9,-30.6,926.7,NA,230,49
2009,8,24,12,-31.1,927.6,NA,220,47
2009,8,24,15,-30.6,928,NA,30,46
2009,8,24,18,-30.8,927.4,NA,20,50
2009,8,24,21,-29.1,927.4,NA,10,41
2009,8,25,0,-28.9,926.2,NA,360,40
2009,8,25,3,-28.8,925.1,4,20,33
2009,8,25,6,-29.4,923.6,NA,10,33
2009,8,25,9,-30.2,923.2,NA,0,42
2009,8,25,12,-31.7,922.4,NA,250,34
2009,8,25,15,NA,923.7,NA,270,35
2009,8,25,18,NA,924.6,5,230,33
2009,8,25,21,-25.1,924.8,NA,80,38
2009,8,26,0,-26.1,925.2,NA,220,43
2009,8,26,3,-27.5,926.2,NA,230,43
2009,8,26,6,-28,926.8,NA,250,43
2009,8,26,9,-27.6,927.6,NA,230,42
2009,8,26,12,-25.8,927.9,NA,230,36
2009,8,26,15,-23.2,927,NA,230,34
2009,8,26,18,-24.6,927.1,NA,20,26
2009,8,26,21,-22.5,927.9,NA,10,24
2009,8,27,0,-25.6,929.6,NA,250,37
2009,8,27,3,-26.4,928.7,NA,230,35
2009,8,27,6,-23.8,926.9,NA,290,32
2009,8,27,9,-22.8,925.3,NA,270,29
2009,8,27,12,-20.9,923.7,NA,310,30
2009,8,27,15,-18.5,922.2,5,240,28
2009,8,27,18,-19.5,921.4,NA,20,28
2009,8,27,21,-19.9,918.5,NA,10,28
2009,8,28,0,-17.1,915,NA,20,25
2009,8,28,3,-19.5,911.8,NA,250,22
2009,8,28,6,NA,910.9,NA,50,34
2009,8,28,9,NA,909.4,NA,230,49
2009,8,28,12,-27,910.5,NA,230,58
2009,8,28,15,-27.1,912.9,NA,220,57
2009,8,28,18,-26.6,913.7,NA,180,53
2009,8,28,21,-27.3,913.9,NA,30,54
2009,8,29,0,-25.5,914,NA,250,38
2009,8,29,3,-24.5,914.1,NA,230,36
2009,8,29,6,-23.8,914.3,NA,230,34
2009,8,29,9,-21.4,914.9,NA,230,33
2009,8,29,12,-20.4,916.2,NA,210,37
2009,8,29,15,-19.9,916,NA,200,56
2009,8,29,18,-20.1,915.6,NA,230,60
2009,8,29,21,-18.3,916.3,NA,190,58
2009,8,30,0,-19.9,916.6,NA,240,60
2009,8,30,3,-19,917.3,4,260,64
2009,8,30,6,-21.4,918.1,NA,240,57
2009,8,30,9,NA,920.2,NA,250,59
2009,8,30,12,-25.2,921.3,NA,250,58
2009,8,30,15,-26.7,922.9,NA,250,63
2009,8,30,18,-28,924.8,NA,230,62
2009,8,30,21,-28.7,926.6,NA,230,61
2009,8,31,0,-31.1,928.6,17,240,58
2009,8,31,3,-31.3,929.8,NA,250,57
2009,8,31,6,-32.5,931.2,NA,230,56
2009,8,31,9,-33.9,933,NA,220,55
2009,8,31,12,-34.3,933.7,NA,230,54
2009,8,31,15,-33.5,934.3,5,260,54
2009,8,31,18,-33.3,934.9,NA,0,55
2009,8,31,21,-33.7,935.9,2,0,54
2009,9,1,0,-34.2,936.5,NA,270,54
2009,9,1,3,-34.9,936.7,NA,240,53
2009,9,1,6,-35.3,937.2,NA,250,52
2009,9,1,9,-35.3,937.2,NA,220,52
2009,9,1,12,-33.7,934.9,NA,230,53
2009,9,1,15,-32.6,928.1,NA,NA,55
2009,9,1,18,-32.4,929.4,NA,NA,47
2009,9,1,21,-31.6,927.1,NA,NA,45
2009,9,2,0,-31.2,924.9,NA,NA,43
2009,9,2,3,-31.6,923.3,NA,240,44
2009,9,2,6,-31.1,921.1,NA,NA,51
2009,9,2,9,-30.6,921.5,60,NA,55
2009,9,2,12,-30.9,922.8,59,NA,51
2009,9,2,15,-31.3,926.4,NA,230,52
2009,9,2,18,-31.1,927.1,NA,230,53
2009,9,2,21,-32.7,929.4,NA,230,51
2009,9,3,0,-32.9,929.3,NA,240,52
2009,9,3,3,-33.7,929.3,32,240,50
2009,9,3,6,-33.9,928.6,29,NA,49
2009,9,3,9,-33.8,928.9,NA,NA,46
2009,9,3,12,-35.4,929.6,32,NA,51
2009,9,3,15,-34.2,928.4,33,240,50
2009,9,3,18,-32.1,928.8,NA,230,36
2009,9,3,21,-33.1,927.8,NA,240,45
2009,9,4,0,-30.3,928,NA,230,35
2009,9,4,3,NA,927.5,NA,220,25
2009,9,4,6,-26.4,925.9,NA,230,27
2009,9,4,9,-25.9,927.6,NA,230,30
2009,9,4,12,-22.9,925.8,NA,220,24
2009,9,4,15,NA,924.5,NA,230,24
2009,9,4,18,-20.4,924.7,NA,250,25
2009,9,4,21,-18.9,923.8,NA,240,19
2009,9,5,0,-16.6,921.5,NA,340,19
2009,9,5,3,-17.9,917.1,NA,350,22
2009,9,5,6,NA,914.3,NA,220,19
2009,9,5,9,-12.9,910.7,NA,250,25
2009,9,5,12,-11.4,908.4,NA,210,30
2009,9,5,15,-11.5,904.6,NA,230,34
2009,9,5,18,NA,903.9,NA,200,43
2009,9,5,21,NA,896.2,NA,250,53
2009,9,6,0,NA,NA,NA,240,44
2009,9,6,3,-24.9,905.3,NA,240,54
2009,9,6,6,-24.3,907,NA,230,43
2009,9,6,9,-25.3,908.4,NA,30,46
2009,9,6,12,-25.1,908.7,NA,50,44
2009,9,6,15,-25.2,908.1,NA,10,40
2009,9,6,18,-24.9,908.3,NA,20,33
2009,9,6,21,-25.2,908.6,NA,10,38
2009,9,7,0,-25.3,911.8,NA,10,45
2009,9,7,3,-27.8,913.6,NA,120,55
2009,9,7,6,-28.8,915.8,NA,10,55
2009,9,7,9,-27.4,916.3,NA,320,54
2009,9,7,12,-25.8,917.7,NA,250,38
2009,9,7,15,-23.9,920.1,NA,340,24
2009,9,7,18,-22.4,922.5,NA,0,24
2009,9,7,21,NA,923.7,NA,240,24
2009,9,8,0,-17.6,926.2,NA,30,20
2009,9,8,3,-20.7,927.8,NA,40,22
2009,9,8,6,NA,930.4,NA,20,42
2009,9,8,9,-25.1,930.9,NA,20,49
2009,9,8,12,-24.9,929.5,NA,40,57
2009,9,8,15,-25.2,927.7,10,20,60
2009,9,8,18,-24.8,924.3,11,30,62
2009,9,8,21,-24,920.8,NA,30,53
2009,9,9,0,-24.5,918.9,NA,20,61
2009,9,9,3,-26.4,918.3,NA,240,63
2009,9,9,6,-23.5,918.4,NA,30,64
2009,9,9,9,-26,918.6,NA,100,60
2009,9,9,12,NA,917.7,3,340,35
2009,9,9,15,NA,916.2,NA,360,26
2009,9,9,18,-18.5,914.6,NA,20,25
2009,9,9,21,NA,913.2,NA,250,34
2009,9,10,0,NA,915.4,NA,220,47
2009,9,10,3,-27.6,915.9,NA,220,53
2009,9,10,6,-27.5,916.3,NA,240,57
2009,9,10,9,-27.3,916.3,NA,250,50
2009,9,10,12,-28.1,915.9,NA,140,50
2009,9,10,15,-27.1,915.2,6,280,54
2009,9,10,18,NA,913.6,NA,80,37
2009,9,10,21,-25.9,913.1,6,250,27
2009,9,11,0,-26.2,911.9,5,220,28
2009,9,11,3,-27.4,912.2,6,230,44
2009,9,11,6,-27.1,911.1,3,130,45
2009,9,11,9,-29.4,908.8,NA,360,46
2009,9,11,12,-29.9,909.1,NA,260,52
2009,9,11,15,-29,912.5,NA,240,54
2009,9,11,18,-28.2,914.2,NA,NA,53
2009,9,11,21,-26.8,916.4,NA,NA,44
2009,9,12,0,-26.5,919,30,NA,47
2009,9,12,3,-26.1,921,NA,230,52
2009,9,12,6,-22.3,920.1,NA,NA,33
2009,9,12,9,NA,923.4,NA,NA,27
2009,9,12,12,NA,920.7,NA,NA,29
2009,9,12,15,NA,923.3,57,NA,27
2009,9,12,18,-8.1,929.4,NA,240,23
2009,9,12,21,-9,931.6,NA,230,22
2009,9,13,0,-10,929.1,NA,40,29
2009,9,13,3,NA,NA,NA,NA,NA
2009,9,13,6,NA,NA,NA,NA,NA
2009,9,13,9,-15.5,925.6,27,240,39
2009,9,13,12,NA,NA,NA,NA,NA
2009,9,13,15,NA,NA,NA,NA,NA
2009,9,13,18,NA,NA,NA,250,NA
2009,9,13,21,-11.8,927.6,NA,230,28
2009,9,14,0,-13.5,926.9,NA,240,32
2009,9,14,3,NA,NA,NA,NA,NA
2009,9,14,6,NA,NA,NA,NA,NA
2009,9,14,9,NA,NA,NA,NA,NA
2009,9,14,12,NA,NA,NA,NA,NA
2009,9,14,15,NA,NA,NA,NA,NA
2009,9,14,18,NA,NA,NA,NA,NA
2009,9,14,21,NA,NA,NA,NA,NA
2009,9,15,0,NA,NA,NA,NA,NA
2009,9,15,3,NA,NA,NA,NA,NA
2009,9,15,6,NA,NA,NA,NA,NA
2009,9,15,9,NA,NA,NA,NA,NA
2009,9,15,12,NA,NA,NA,NA,NA
2009,9,15,15,NA,NA,NA,NA,NA
2009,9,15,18,NA,NA,NA,NA,NA
2009,9,15,21,NA,NA,NA,NA,NA
2009,9,16,0,-26.1,925.9,11,240,59
2009,9,16,3,-24.2,924.2,NA,NA,50
2009,9,16,6,-22.5,923,NA,NA,34
2009,9,16,9,-21,922.9,NA,NA,29
2009,9,16,12,-21.5,922.4,NA,340,28
2009,9,16,15,-21.8,922.7,NA,230,27
2009,9,16,18,-25.3,922.3,NA,NA,52
2009,9,16,21,-24.9,922.4,NA,NA,53
2009,9,17,0,-23.9,923.9,NA,NA,43
2009,9,17,3,-22.6,924.5,NA,240,40
2009,9,17,6,-21,924.2,NA,230,40
2009,9,17,9,-21.2,923.9,NA,240,39
2009,9,17,12,-21,923.8,NA,230,39
2009,9,17,15,-21.8,924.5,NA,240,40
2009,9,17,18,-21.6,924.7,NA,230,38
2009,9,17,21,-20,924.3,NA,230,33
2009,9,18,0,-19.3,923.5,NA,230,32
2009,9,18,3,-20.5,922.8,NA,220,33
2009,9,18,6,-22.5,924.1,NA,230,43
2009,9,18,9,-19.3,925.5,NA,260,31
2009,9,18,12,-23.1,924.9,NA,240,36
2009,9,18,15,NA,924.7,NA,230,48
2009,9,18,18,-24.6,922.8,NA,220,48
2009,9,18,21,-24.9,923.6,NA,230,46
2009,9,19,0,-21.1,922.6,NA,240,40
2009,9,19,3,-22,919.6,NA,240,37
2009,9,19,6,-19.5,921.7,NA,240,36
2009,9,19,9,-20,918.9,NA,230,39
2009,9,19,12,-20.8,926.2,NA,220,39
2009,9,19,15,-21.1,927.5,NA,240,42
2009,9,19,18,-18.7,927.2,NA,240,35
2009,9,19,21,-21.1,928.2,NA,240,36
2009,9,20,0,-21.6,928.3,NA,230,49
2009,9,20,3,-22.3,928.2,NA,250,50
2009,9,20,6,NA,928.2,NA,220,31
2009,9,20,9,-19.7,927.6,NA,250,35
2009,9,20,12,-19.9,926.8,NA,150,34
2009,9,20,15,-18.9,926.3,NA,210,28
2009,9,20,18,-18.2,925.7,NA,350,28
2009,9,20,21,-19,925.9,NA,250,29
2009,9,21,0,-20.9,925.6,NA,250,39
2009,9,21,3,-21.2,926.2,NA,250,33
2009,9,21,6,-22.9,926.3,NA,240,40
2009,9,21,9,-24.8,927.1,NA,230,40
2009,9,21,12,-24.3,927.5,16,230,45
2009,9,21,15,-25.8,928.3,NA,240,48
2009,9,21,18,-25.4,928.9,NA,240,49
2009,9,21,21,-25.7,929.2,NA,230,50
2009,9,22,0,-25.8,929.7,NA,240,NA
2009,9,22,3,-26.1,930.2,21,230,56
2009,9,22,6,-27,930.8,NA,230,55
2009,9,22,9,-27,931.6,23,240,56
2009,9,22,12,-27.4,932.6,NA,230,55
2009,9,22,15,-26.6,933.8,NA,230,56
2009,9,22,18,-27,933.9,NA,230,55
2009,9,22,21,-26.1,934.6,NA,240,57
2009,9,23,0,-26.6,934.7,NA,250,56
2009,9,23,3,-26.5,934.9,20,240,54
2009,9,23,6,-26.8,935.7,NA,260,60
2009,9,23,9,-26.9,935.9,NA,270,61
2009,9,23,12,-26.9,935.5,NA,240,61
2009,9,23,15,-27,934.8,6,240,61
2009,9,23,18,-26.5,934.7,NA,240,62
2009,9,23,21,-25.7,934.3,NA,110,62
2009,9,24,0,-24.9,934.1,1,10,61
2009,9,24,3,-24.4,933.6,1,250,59
2009,9,24,6,-26.9,933,NA,NA,61
2009,9,24,9,-27.1,932.7,NA,10,62
2009,9,24,12,-26.9,932.4,3,20,62
2009,9,24,15,-26.8,931.9,NA,0,62
2009,9,24,18,-27.2,931.9,1,10,62
2009,9,24,21,-25.1,931.9,NA,NA,64
2009,9,25,0,-22.6,932.3,2,260,65
2009,9,25,3,-22.1,932.3,2,10,47
2009,9,25,6,-22.4,931.9,NA,350,27
2009,9,25,9,-22.7,931.7,NA,360,25
2009,9,25,12,-23.8,930.8,6,30,27
2009,9,25,15,-24.2,929.5,5,240,34
2009,9,25,18,-23.3,928.3,6,250,33
2009,9,25,21,-23.5,927.2,6,230,33
2009,9,26,0,-22.4,925.7,5,240,41
2009,9,26,3,-22.1,924.7,3,230,56
2009,9,26,6,-20.8,923.9,1,350,46
2009,9,26,9,-21.4,923,4,20,39
2009,9,26,12,-22.5,921.4,NA,20,49
2009,9,26,15,-23.9,919.7,NA,10,44
2009,9,26,18,-23.7,918.1,NA,30,54
2009,9,26,21,NA,NA,NA,NA,NA
2009,9,27,0,-24.8,912.4,NA,10,55
2009,9,27,3,-26.1,910.9,NA,30,51
2009,9,27,6,-26.9,914.9,NA,220,59
2009,9,27,9,-25,911.9,NA,230,54
2009,9,27,12,NA,908.1,NA,30,32
2009,9,27,15,NA,903.9,NA,280,26
2009,9,27,18,-13.5,901.3,NA,230,20
2009,9,27,21,NA,898.9,NA,50,36
2009,9,28,0,NA,897.3,NA,90,47
2009,9,28,3,-21.4,898,NA,90,53
2009,9,28,6,-22.5,898.5,NA,340,61
2009,9,28,9,-21.6,899.6,NA,240,61
2009,9,28,12,-21.1,900.2,NA,340,45
2009,9,28,15,-19.4,899.3,NA,340,37
2009,9,28,18,-16.8,898.5,NA,10,30
2009,9,28,21,-15.4,898.3,NA,0,31
2009,9,29,0,-14,899,NA,10,33
2009,9,29,3,NA,NA,NA,NA,NA
2009,9,29,6,NA,NA,NA,NA,NA
2009,9,29,9,NA,NA,NA,NA,NA
2009,9,29,12,NA,NA,NA,NA,NA
2009,9,29,15,NA,NA,NA,NA,NA
2009,9,29,18,NA,NA,NA,NA,NA
2009,9,29,21,NA,NA,NA,NA,NA
2009,9,30,0,NA,NA,NA,NA,NA
2009,9,30,3,NA,NA,NA,NA,NA
2009,9,30,6,NA,NA,NA,NA,NA
2009,9,30,9,NA,NA,NA,NA,NA
2009,9,30,12,NA,NA,NA,NA,NA
2009,9,30,15,NA,NA,NA,NA,NA
2009,9,30,18,NA,NA,NA,NA,NA
2009,9,30,21,NA,NA,NA,NA,NA
2009,10,1,0,NA,NA,NA,NA,NA
2009,10,1,3,NA,NA,NA,NA,NA
2009,10,1,6,-26.8,919.4,NA,240,63
2009,10,1,9,-26.4,920.3,NA,250,63
2009,10,1,12,-27.2,919.8,NA,230,62
2009,10,1,15,-26.8,919,NA,240,56
2009,10,1,18,-27.1,916.8,NA,220,57
2009,10,1,21,-26.2,914.6,NA,230,62
2009,10,2,0,-26.6,913.9,NA,240,62
2009,10,2,3,-26.2,911.5,NA,NA,62
2009,10,2,6,-25.9,910.7,NA,NA,63
2009,10,2,9,-25.5,911,51,NA,56
2009,10,2,12,NA,NA,NA,250,46
2009,10,2,15,NA,NA,NA,250,NA
2009,10,2,18,NA,NA,NA,260,NA
2009,10,2,21,NA,NA,NA,250,NA
2009,10,3,0,NA,913.3,NA,240,NA
2009,10,3,3,-26.1,914.3,NA,230,63
2009,10,3,6,-27.2,914.6,NA,230,62
2009,10,3,9,-26,913.9,NA,260,63
2009,10,3,12,NA,NA,NA,NA,NA
2009,10,3,15,NA,NA,NA,NA,NA
2009,10,3,18,NA,NA,NA,NA,NA
2009,10,3,21,-25.2,908.5,8,230,64
2009,10,4,0,-25.4,907.3,NA,240,63
2009,10,4,3,-25.2,906.4,11,230,63
2009,10,4,6,-25.2,906.2,NA,NA,59
2009,10,4,9,-24.1,905.9,NA,NA,49
2009,10,4,12,-24.3,904.3,NA,NA,61
2009,10,4,15,-23.3,904.7,NA,NA,59
2009,10,4,18,-23.1,905.2,NA,NA,58
2009,10,4,21,-22.4,905.8,NA,NA,63
2009,10,5,0,-21.1,907.9,NA,240,50
2009,10,5,3,-20.7,907,42,240,54
2009,10,5,6,-22.1,908.2,NA,NA,66
2009,10,5,9,-21.4,908.3,NA,NA,69
2009,10,5,12,-20.9,909.2,NA,NA,70
2009,10,5,15,-21.4,911.1,NA,NA,70
2009,10,5,18,-21.9,912,52,230,69
2009,10,5,21,-21.2,917.2,NA,230,70
2009,10,6,0,-21.1,919,NA,230,70
2009,10,6,3,NA,NA,NA,NA,NA
2009,10,6,6,-21.3,917.3,6,20,65
2009,10,6,9,-22.8,915.4,NA,20,67
2009,10,6,12,-23,913.6,NA,20,67
2009,10,6,15,-24.2,912.6,NA,270,67
2009,10,6,18,-24.9,911.8,NA,220,66
2009,10,6,21,NA,NA,NA,NA,NA
2009,10,7,0,NA,NA,NA,NA,NA
2009,10,7,3,-27.1,911.9,NA,230,63
2009,10,7,6,-27.1,911.8,NA,240,63
2009,10,7,9,-25.4,912.3,NA,240,63
2009,10,7,12,NA,NA,NA,NA,NA
2009,10,7,15,NA,NA,NA,NA,NA
2009,10,7,18,NA,NA,NA,NA,NA
2009,10,7,21,NA,NA,NA,NA,NA
2009,10,8,0,-23.4,910,7,60,61
2009,10,8,3,-22.6,910.1,4,20,60
2009,10,8,6,-22.9,910.7,NA,20,52
2009,10,8,9,-21.9,910.7,NA,360,45
2009,10,8,12,-23.8,910.9,NA,20,44
2009,10,8,15,-22.9,911.5,NA,350,46
2009,10,8,18,-22,912.5,NA,30,45
2009,10,8,21,-22.1,912.7,NA,30,51
2009,10,9,0,-23.9,NA,NA,240,52
2009,10,9,3,-24.1,912.5,20,230,53
2009,10,9,6,-24.9,912.9,NA,230,51
2009,10,9,9,-25.5,912.5,NA,240,54
2009,10,9,12,-25.9,NA,NA,230,60
2009,10,9,15,-25.4,912.8,NA,240,55
2009,10,9,18,NA,NA,NA,NA,NA
2009,10,9,21,NA,NA,NA,170,NA
2009,10,10,0,NA,909.3,NA,120,NA
2009,10,10,3,-22.3,907.3,43,240,60
2009,10,10,6,-23.2,907.6,NA,NA,64
2009,10,10,9,-22.2,908.6,NA,NA,58
2009,10,10,12,-24.4,907.5,NA,NA,63
2009,10,10,15,NA,905.5,NA,NA,44
2009,10,10,18,NA,NA,NA,250,NA
2009,10,10,21,-16.4,903.8,NA,240,39
2009,10,11,0,-15.2,901.1,NA,240,NA
2009,10,11,3,NA,896.9,NA,240,66
2009,10,11,6,-14.4,901.2,NA,230,NA
2009,10,11,9,NA,896.9,NA,240,78
2009,10,11,12,-14.8,900.6,NA,230,76
2009,10,11,15,-16.7,901.7,NA,230,77
2009,10,11,18,-16.6,906.2,NA,NA,77
2009,10,11,21,-17,908.6,59,NA,75
2009,10,12,0,-17.4,912.2,NA,NA,75
2009,10,12,3,-18.1,914.2,NA,230,75
2009,10,12,6,-18.2,916.7,NA,230,75
2009,10,12,9,-17.1,917.1,NA,240,70
2009,10,12,12,-17.3,918.5,NA,230,70
2009,10,12,15,-16.9,924.2,NA,230,67
2009,10,12,18,-15,923.2,NA,240,62
2009,10,12,21,NA,NA,NA,NA,NA
2009,10,13,0,-18.6,920,32,230,68
2009,10,13,3,-18.6,920.8,NA,220,70
2009,10,13,6,-19.2,919.9,NA,240,70
2009,10,13,9,-19.7,917,NA,350,69
2009,10,13,12,-18.5,914,NA,20,68
2009,10,13,15,-20,911.3,NA,360,65
2009,10,13,18,-19.6,908.3,NA,250,67
2009,10,13,21,NA,NA,NA,NA,NA
2009,10,14,0,-20.2,904.7,2,260,70
2009,10,14,3,-20.7,902.1,NA,220,70
2009,10,14,6,-21.8,901.4,NA,220,70
2009,10,14,9,-20.9,899.9,NA,NA,71
2009,10,14,12,-19.8,902,NA,NA,71
2009,10,14,15,-19.5,905.2,NA,NA,71
2009,10,14,18,NA,NA,NA,NA,NA
2009,10,14,21,NA,909.6,NA,NA,61
2009,10,15,0,NA,NA,NA,NA,NA
2009,10,15,3,NA,NA,NA,NA,NA
2009,10,15,6,NA,NA,NA,NA,NA
2009,10,15,9,NA,NA,NA,NA,NA
2009,10,15,12,NA,NA,NA,NA,NA
2009,10,15,15,NA,NA,NA,NA,NA
2009,10,15,18,NA,NA,NA,NA,NA
2009,10,15,21,NA,NA,NA,NA,NA
2009,10,16,0,NA,NA,NA,NA,NA
2009,10,16,3,NA,NA,NA,NA,NA
2009,10,16,6,NA,NA,NA,NA,NA
2009,10,16,9,NA,NA,NA,NA,NA
2009,10,16,12,NA,NA,NA,NA,NA
2009,10,16,15,NA,NA,NA,NA,NA
2009,10,16,18,NA,NA,NA,NA,NA
2009,10,16,21,NA,NA,NA,NA,NA
2009,10,17,0,NA,NA,NA,NA,NA
2009,10,17,3,NA,NA,NA,NA,NA
2009,10,17,6,NA,NA,NA,NA,NA
2009,10,17,9,NA,NA,NA,NA,NA
2009,10,17,12,NA,NA,NA,NA,NA
2009,10,17,15,NA,NA,NA,NA,NA
2009,10,17,18,NA,NA,NA,NA,NA
2009,10,17,21,NA,NA,NA,NA,NA
2009,10,18,0,NA,NA,NA,NA,NA
2009,10,18,3,NA,NA,NA,NA,NA
2009,10,18,6,NA,NA,NA,NA,NA
2009,10,18,9,NA,NA,NA,NA,NA
2009,10,18,12,NA,NA,NA,NA,NA
2009,10,18,15,NA,NA,NA,NA,NA
2009,10,18,18,NA,NA,NA,NA,NA
2009,10,18,21,NA,NA,NA,NA,NA
2009,10,19,0,NA,NA,NA,NA,NA
2009,10,19,3,NA,NA,NA,NA,NA
2009,10,19,6,NA,NA,NA,NA,NA
2009,10,19,9,NA,NA,NA,NA,NA
2009,10,19,12,NA,NA,NA,NA,NA
2009,10,19,15,NA,NA,NA,NA,NA
2009,10,19,18,NA,NA,NA,NA,NA
2009,10,19,21,NA,NA,NA,NA,NA
2009,10,20,0,NA,NA,NA,NA,NA
2009,10,20,3,NA,NA,NA,NA,NA
2009,10,20,6,NA,NA,NA,NA,NA
2009,10,20,9,NA,NA,NA,NA,NA
2009,10,20,12,NA,NA,NA,NA,NA
2009,10,20,15,NA,908.5,NA,NA,NA
2009,10,20,18,NA,NA,NA,250,NA
2009,10,20,21,NA,909.2,NA,NA,NA
2009,10,21,0,NA,909.9,NA,NA,45
2009,10,21,3,NA,909,NA,NA,34
2009,10,21,6,NA,908.2,NA,250,37
2009,10,21,9,-18.9,907.5,NA,240,70
2009,10,21,12,-20.7,913.8,NA,NA,71
2009,10,21,15,-20.4,914.6,NA,NA,72
2009,10,21,18,-17.2,918.1,NA,NA,57
2009,10,21,21,NA,917.1,NA,NA,49
2009,10,22,0,-17.4,919.6,NA,230,53
2009,10,22,3,-17.4,920.4,NA,50,53
2009,10,22,6,-16.8,919,NA,340,46
2009,10,22,9,-16.4,917,NA,30,42
2009,10,22,12,NA,NA,NA,NA,NA
2009,10,22,15,NA,NA,NA,NA,NA
2009,10,22,18,NA,NA,NA,NA,NA
2009,10,22,21,NA,NA,NA,NA,NA
2009,10,23,0,NA,NA,NA,NA,NA
2009,10,23,3,NA,NA,NA,NA,NA
2009,10,23,6,NA,NA,NA,NA,NA
2009,10,23,9,NA,NA,NA,NA,NA
2009,10,23,12,NA,NA,NA,NA,NA
2009,10,23,15,NA,NA,NA,NA,NA
2009,10,23,18,NA,NA,NA,NA,NA
2009,10,23,21,NA,NA,NA,NA,NA
2009,10,24,0,NA,NA,NA,NA,NA
2009,10,24,3,NA,NA,NA,NA,NA
2009,10,24,6,NA,NA,NA,NA,NA
2009,10,24,9,NA,NA,NA,NA,NA
2009,10,24,12,NA,NA,NA,NA,NA
2009,10,24,15,NA,NA,NA,NA,NA
2009,10,24,18,NA,NA,NA,NA,NA
2009,10,24,21,NA,NA,NA,NA,NA
2009,10,25,0,NA,NA,NA,NA,NA
2009,10,25,3,NA,NA,NA,NA,NA
2009,10,25,6,NA,NA,NA,NA,NA
2009,10,25,9,NA,NA,NA,NA,NA
2009,10,25,12,NA,NA,NA,NA,NA
2009,10,25,15,NA,NA,NA,NA,NA
2009,10,25,18,NA,NA,NA,NA,NA
2009,10,25,21,NA,NA,NA,NA,NA
2009,10,26,0,NA,NA,NA,NA,NA
2009,10,26,3,NA,NA,NA,NA,NA
2009,10,26,6,NA,NA,NA,NA,NA
2009,10,26,9,NA,NA,NA,NA,NA
2009,10,26,12,NA,NA,NA,NA,NA
2009,10,26,15,NA,NA,NA,NA,NA
2009,10,26,18,NA,NA,NA,NA,NA
2009,10,26,21,NA,NA,NA,NA,NA
2009,10,27,0,NA,NA,NA,NA,NA
2009,10,27,3,NA,NA,NA,NA,NA
2009,10,27,6,NA,NA,NA,NA,NA
2009,10,27,9,NA,NA,NA,NA,NA
2009,10,27,12,NA,NA,NA,NA,NA
2009,10,27,15,NA,NA,NA,NA,NA
2009,10,27,18,NA,NA,NA,NA,NA
2009,10,27,21,NA,NA,NA,NA,NA
2009,10,28,0,NA,NA,NA,NA,NA
2009,10,28,3,NA,NA,NA,NA,NA
2009,10,28,6,NA,NA,NA,NA,NA
2009,10,28,9,NA,NA,NA,NA,NA
2009,10,28,12,NA,NA,NA,NA,NA
2009,10,28,15,NA,NA,NA,NA,NA
2009,10,28,18,NA,NA,NA,NA,NA
2009,10,28,21,NA,NA,NA,NA,NA
2009,10,29,0,NA,NA,NA,NA,NA
2009,10,29,3,NA,NA,NA,NA,NA
2009,10,29,6,NA,NA,NA,NA,NA
2009,10,29,9,NA,NA,NA,NA,NA
2009,10,29,12,NA,NA,NA,NA,NA
2009,10,29,15,NA,NA,NA,NA,NA
2009,10,29,18,NA,NA,NA,NA,NA
2009,10,29,21,NA,NA,NA,NA,NA
2009,10,30,0,NA,NA,NA,NA,NA
2009,10,30,3,NA,NA,NA,NA,NA
2009,10,30,6,NA,NA,NA,NA,NA
2009,10,30,9,NA,NA,NA,NA,NA
2009,10,30,12,NA,NA,NA,NA,NA
2009,10,30,15,NA,NA,NA,NA,NA
2009,10,30,18,NA,NA,NA,NA,NA
2009,10,30,21,NA,NA,NA,NA,NA
2009,10,31,0,NA,NA,NA,NA,NA
2009,10,31,3,NA,NA,NA,NA,NA
2009,10,31,6,NA,NA,NA,NA,NA
2009,10,31,9,NA,NA,NA,NA,NA
2009,10,31,12,NA,NA,NA,NA,NA
2009,10,31,15,NA,NA,NA,NA,NA
2009,10,31,18,NA,NA,NA,NA,NA
2009,10,31,21,NA,NA,NA,NA,NA
2009,11,1,0,NA,NA,NA,NA,NA
2009,11,1,3,NA,NA,NA,NA,NA
2009,11,1,6,NA,NA,NA,NA,NA
2009,11,1,9,NA,NA,NA,NA,NA
2009,11,1,12,NA,NA,NA,NA,NA
2009,11,1,15,NA,NA,NA,NA,NA
2009,11,1,18,NA,NA,NA,NA,NA
2009,11,1,21,NA,NA,NA,NA,NA
2009,11,2,0,NA,NA,NA,NA,NA
2009,11,2,3,NA,NA,NA,NA,NA
2009,11,2,6,NA,NA,NA,NA,NA
2009,11,2,9,NA,NA,NA,NA,NA
2009,11,2,12,NA,NA,NA,NA,NA
2009,11,2,15,NA,NA,NA,NA,NA
2009,11,2,18,NA,NA,NA,NA,NA
2009,11,2,21,NA,NA,NA,NA,NA
2009,11,3,0,NA,NA,NA,NA,NA
2009,11,3,3,NA,NA,NA,NA,NA
2009,11,3,6,NA,NA,NA,NA,NA
2009,11,3,9,NA,NA,NA,NA,NA
2009,11,3,12,NA,NA,NA,NA,NA
2009,11,3,15,NA,NA,NA,NA,NA
2009,11,3,18,NA,NA,NA,NA,NA
2009,11,3,21,NA,NA,NA,NA,NA
2009,11,4,0,NA,NA,NA,NA,NA
2009,11,4,3,NA,NA,NA,NA,NA
2009,11,4,6,NA,NA,NA,NA,NA
2009,11,4,9,NA,NA,NA,NA,NA
2009,11,4,12,NA,NA,NA,NA,NA
2009,11,4,15,NA,NA,NA,NA,NA
2009,11,4,18,NA,NA,NA,NA,NA
2009,11,4,21,NA,NA,NA,NA,NA
2009,11,5,0,NA,NA,NA,NA,NA
2009,11,5,3,NA,NA,NA,NA,NA
2009,11,5,6,NA,NA,NA,NA,NA
2009,11,5,9,NA,NA,NA,NA,NA
2009,11,5,12,NA,NA,NA,NA,NA
2009,11,5,15,NA,NA,NA,NA,NA
2009,11,5,18,NA,NA,NA,NA,NA
2009,11,5,21,NA,NA,NA,NA,NA
2009,11,6,0,NA,NA,NA,NA,NA
2009,11,6,3,NA,NA,NA,NA,NA
2009,11,6,6,NA,NA,NA,NA,NA
2009,11,6,9,NA,NA,NA,NA,NA
2009,11,6,12,NA,NA,NA,NA,NA
2009,11,6,15,NA,NA,NA,NA,NA
2009,11,6,18,NA,NA,NA,NA,NA
2009,11,6,21,NA,NA,NA,NA,NA
2009,11,7,0,NA,NA,NA,NA,NA
2009,11,7,3,NA,NA,NA,NA,NA
2009,11,7,6,NA,NA,NA,NA,NA
2009,11,7,9,NA,NA,NA,NA,NA
2009,11,7,12,NA,NA,NA,NA,NA
2009,11,7,15,NA,NA,NA,NA,NA
2009,11,7,18,NA,NA,NA,NA,NA
2009,11,7,21,NA,NA,NA,NA,NA
2009,11,8,0,NA,NA,NA,NA,NA
2009,11,8,3,NA,NA,NA,NA,NA
2009,11,8,6,NA,NA,NA,NA,NA
2009,11,8,9,NA,NA,NA,NA,NA
2009,11,8,12,NA,NA,NA,NA,NA
2009,11,8,15,NA,NA,NA,NA,NA
2009,11,8,18,NA,NA,NA,NA,NA
2009,11,8,21,NA,NA,NA,NA,NA
2009,11,9,0,NA,NA,NA,NA,NA
2009,11,9,3,NA,NA,NA,NA,NA
2009,11,9,6,NA,NA,NA,NA,NA
2009,11,9,9,NA,NA,NA,NA,NA
2009,11,9,12,NA,NA,NA,NA,NA
2009,11,9,15,NA,NA,NA,NA,NA
2009,11,9,18,NA,NA,NA,NA,NA
2009,11,9,21,NA,NA,NA,NA,NA
2009,11,10,0,NA,NA,NA,NA,NA
2009,11,10,3,NA,NA,NA,NA,NA
2009,11,10,6,NA,NA,NA,NA,NA
2009,11,10,9,NA,NA,NA,NA,NA
2009,11,10,12,NA,NA,NA,NA,NA
2009,11,10,15,NA,NA,NA,NA,NA
2009,11,10,18,NA,NA,NA,NA,NA
2009,11,10,21,NA,NA,NA,NA,NA
2009,11,11,0,NA,NA,NA,NA,NA
2009,11,11,3,NA,NA,NA,NA,NA
2009,11,11,6,NA,NA,NA,NA,NA
2009,11,11,9,NA,NA,NA,NA,NA
2009,11,11,12,NA,NA,NA,NA,NA
2009,11,11,15,NA,NA,NA,NA,NA
2009,11,11,18,NA,NA,NA,NA,NA
2009,11,11,21,NA,NA,NA,NA,NA
2009,11,12,0,NA,NA,NA,NA,NA
2009,11,12,3,NA,NA,NA,NA,NA
2009,11,12,6,NA,NA,NA,NA,NA
2009,11,12,9,NA,NA,NA,NA,NA
2009,11,12,12,NA,NA,NA,NA,NA
2009,11,12,15,NA,NA,NA,NA,NA
2009,11,12,18,NA,NA,NA,NA,NA
2009,11,12,21,NA,NA,NA,NA,NA
2009,11,13,0,NA,NA,NA,NA,NA
2009,11,13,3,NA,NA,NA,NA,NA
2009,11,13,6,NA,NA,NA,NA,NA
2009,11,13,9,NA,NA,NA,NA,NA
2009,11,13,12,NA,NA,NA,NA,NA
2009,11,13,15,NA,NA,NA,NA,NA
2009,11,13,18,NA,NA,NA,NA,NA
2009,11,13,21,NA,NA,NA,NA,NA
2009,11,14,0,NA,NA,NA,NA,NA
2009,11,14,3,NA,NA,NA,NA,NA
2009,11,14,6,NA,NA,NA,NA,NA
2009,11,14,9,NA,NA,NA,NA,NA
2009,11,14,12,NA,NA,NA,NA,NA
2009,11,14,15,NA,NA,NA,NA,NA
2009,11,14,18,NA,NA,NA,NA,NA
2009,11,14,21,NA,NA,NA,NA,NA
2009,11,15,0,NA,NA,NA,NA,NA
2009,11,15,3,NA,NA,NA,NA,NA
2009,11,15,6,NA,NA,NA,NA,NA
2009,11,15,9,NA,NA,NA,NA,NA
2009,11,15,12,NA,NA,NA,NA,NA
2009,11,15,15,NA,NA,NA,NA,NA
2009,11,15,18,NA,NA,NA,NA,NA
2009,11,15,21,NA,NA,NA,NA,NA
2009,11,16,0,NA,NA,NA,NA,NA
2009,11,16,3,NA,NA,NA,NA,NA
2009,11,16,6,NA,NA,NA,NA,NA
2009,11,16,9,NA,NA,NA,NA,NA
2009,11,16,12,NA,NA,NA,NA,NA
2009,11,16,15,NA,NA,NA,NA,NA
2009,11,16,18,NA,NA,NA,NA,NA
2009,11,16,21,NA,NA,NA,NA,NA
2009,11,17,0,NA,NA,NA,NA,NA
2009,11,17,3,NA,NA,NA,NA,NA
2009,11,17,6,NA,NA,NA,NA,NA
2009,11,17,9,NA,NA,NA,NA,NA
2009,11,17,12,NA,NA,NA,NA,NA
2009,11,17,15,NA,NA,NA,NA,NA
2009,11,17,18,NA,NA,NA,NA,NA
2009,11,17,21,NA,NA,NA,NA,NA
2009,11,18,0,NA,NA,NA,NA,NA
2009,11,18,3,NA,NA,NA,NA,NA
2009,11,18,6,NA,NA,NA,NA,NA
2009,11,18,9,NA,NA,NA,NA,NA
2009,11,18,12,NA,NA,NA,NA,NA
2009,11,18,15,NA,NA,NA,NA,NA
2009,11,18,18,NA,NA,NA,NA,NA
2009,11,18,21,NA,NA,NA,NA,NA
2009,11,19,0,NA,NA,NA,NA,NA
2009,11,19,3,NA,NA,NA,NA,NA
2009,11,19,6,NA,NA,NA,NA,NA
2009,11,19,9,NA,NA,NA,NA,NA
2009,11,19,12,NA,NA,NA,NA,NA
2009,11,19,15,NA,NA,NA,NA,NA
2009,11,19,18,NA,NA,NA,NA,NA
2009,11,19,21,NA,NA,NA,NA,NA
2009,11,20,0,NA,NA,NA,NA,NA
2009,11,20,3,NA,NA,NA,NA,NA
2009,11,20,6,NA,NA,NA,NA,NA
2009,11,20,9,NA,NA,NA,NA,NA
2009,11,20,12,NA,NA,NA,NA,NA
2009,11,20,15,NA,NA,NA,NA,NA
2009,11,20,18,NA,NA,NA,NA,NA
2009,11,20,21,NA,NA,NA,NA,NA
2009,11,21,0,NA,NA,NA,NA,NA
2009,11,21,3,NA,NA,NA,NA,NA
2009,11,21,6,NA,NA,NA,NA,NA
2009,11,21,9,NA,NA,NA,NA,NA
2009,11,21,12,NA,NA,NA,NA,NA
2009,11,21,15,NA,NA,NA,NA,NA
2009,11,21,18,NA,NA,NA,NA,NA
2009,11,21,21,NA,NA,NA,NA,NA
2009,11,22,0,NA,NA,NA,NA,NA
2009,11,22,3,NA,NA,NA,NA,NA
2009,11,22,6,NA,NA,NA,NA,NA
2009,11,22,9,NA,NA,NA,NA,NA
2009,11,22,12,NA,NA,NA,NA,NA
2009,11,22,15,NA,NA,NA,NA,NA
2009,11,22,18,NA,NA,NA,NA,NA
2009,11,22,21,NA,NA,NA,NA,NA
2009,11,23,0,NA,NA,NA,NA,NA
2009,11,23,3,NA,NA,NA,NA,NA
2009,11,23,6,NA,NA,NA,NA,NA
2009,11,23,9,NA,NA,NA,NA,NA
2009,11,23,12,NA,NA,NA,NA,NA
2009,11,23,15,NA,NA,NA,NA,NA
2009,11,23,18,NA,NA,NA,NA,NA
2009,11,23,21,NA,NA,NA,NA,NA
2009,11,24,0,NA,NA,NA,NA,NA
2009,11,24,3,NA,NA,NA,NA,NA
2009,11,24,6,NA,NA,NA,NA,NA
2009,11,24,9,NA,NA,NA,NA,NA
2009,11,24,12,NA,NA,NA,NA,NA
2009,11,24,15,NA,NA,NA,NA,NA
2009,11,24,18,NA,NA,NA,NA,NA
2009,11,24,21,NA,NA,NA,NA,NA
2009,11,25,0,NA,NA,NA,NA,NA
2009,11,25,3,NA,NA,NA,NA,NA
2009,11,25,6,NA,NA,NA,NA,NA
2009,11,25,9,NA,NA,NA,NA,NA
2009,11,25,12,NA,NA,NA,NA,NA
2009,11,25,15,NA,NA,NA,NA,NA
2009,11,25,18,NA,NA,NA,NA,NA
2009,11,25,21,NA,NA,NA,NA,NA
2009,11,26,0,5.7,919.4,NA,220,70
2009,11,26,3,6.1,918.9,NA,250,82
2009,11,26,6,7.7,918.9,NA,150,53
2009,11,26,9,4.8,919.1,5,40,57
2009,11,26,12,4.4,919.2,NA,20,54
2009,11,26,15,5,919.5,NA,280,61
2009,11,26,18,3.3,920.3,5,270,63
2009,11,26,21,2.6,921.1,NA,230,92
2009,11,27,0,2.9,921.8,NA,230,90
2009,11,27,3,2.8,921.8,NA,240,94
2009,11,27,6,2.2,922.2,NA,230,95
2009,11,27,9,1.7,923.9,NA,220,90
2009,11,27,12,2.6,924.5,28,230,75
2009,11,27,15,2.7,924.8,27,NA,84
2009,11,27,18,3.2,926.1,26,NA,77
2009,11,27,21,2.7,926.3,NA,NA,88
2009,11,28,0,3.2,925.3,NA,220,86
2009,11,28,3,2.3,924.9,24,230,91
2009,11,28,6,3.1,924.1,26,230,86
2009,11,28,9,3.5,923.7,NA,240,72
2009,11,28,12,3.3,923,29,240,68
2009,11,28,15,3.2,921.6,NA,250,67
2009,11,28,18,3.6,920.7,NA,250,68
2009,11,28,21,4,920.7,35,250,68
2009,11,29,0,3.4,920.3,35,NA,75
2009,11,29,3,3.5,920.2,NA,NA,79
2009,11,29,6,3.7,918.4,NA,NA,67
2009,11,29,9,3.6,918.3,NA,250,68
2009,11,29,12,3.7,918.5,40,240,59
2009,11,29,15,3.3,917.4,NA,250,67
2009,11,29,18,3.7,919,NA,240,65
2009,11,29,21,4.7,918.2,NA,240,55
2009,11,30,0,4.1,917.8,36,230,58
2009,11,30,3,5.2,917.2,NA,240,60
2009,11,30,6,5.8,915.2,NA,240,39
2009,11,30,9,3.9,913.6,NA,230,51
2009,11,30,12,3.3,915.2,NA,240,95
2009,11,30,15,2.9,915.7,NA,230,95
2009,11,30,18,3.3,916.6,43,230,96
2009,11,30,21,3.6,915.9,NA,240,96
2009,12,1,0,3.7,917.3,47,240,96
2009,12,1,3,4.2,917.9,NA,240,96
2009,12,1,6,4.3,919,NA,230,96
2009,12,1,9,4.9,919.6,NA,240,94
2009,12,1,12,6.9,919.6,NA,240,70
2009,12,1,15,5.7,921.2,NA,230,79
2009,12,1,18,5.3,921.9,NA,230,80
2009,12,1,21,3.1,922.9,NA,240,75
2009,12,2,0,NA,922.6,NA,230,79
2009,12,2,3,NA,921.8,NA,230,78
2009,12,2,6,-6.3,923.8,NA,230,73
2009,12,2,9,-5.2,923.9,NA,240,66
2009,12,2,12,-5.4,924.5,NA,90,57
2009,12,2,15,-6.4,923.2,NA,360,68
2009,12,2,18,-5.3,921.9,NA,10,63
2009,12,2,21,-6.8,920.8,NA,10,78
2009,12,3,0,-5.6,919.6,NA,10,87
2009,12,3,3,-5.3,918.2,NA,20,92
2009,12,3,6,-5.3,917.8,2,140,94
2009,12,3,9,-7.3,917.1,4,230,93
2009,12,3,12,-7.2,916.2,NA,270,92
2009,12,3,15,-6.4,915.3,NA,300,68
2009,12,3,18,-9.3,914.4,NA,240,95
2009,12,3,21,-8.5,913.7,NA,240,92
2009,12,4,0,-7.8,913.7,NA,230,81
2009,12,4,3,-7.5,913.7,15,240,84
2009,12,4,6,-6.1,914.6,NA,250,64
2009,12,4,9,-6.3,915.1,12,240,61
2009,12,4,12,-5.9,915.3,NA,240,54
2009,12,4,15,-5.8,915.7,15,250,53
2009,12,4,18,-4.3,915.9,18,240,48
2009,12,4,21,-3.5,916.2,NA,220,54
2009,12,5,0,-5.3,916.1,NA,230,64
2009,12,5,3,-6.1,914,NA,250,90
2009,12,5,6,-5.8,917.1,NA,240,98
2009,12,5,9,-5.4,917.7,NA,230,96
2009,12,5,12,-6.5,919.6,NA,230,98
2009,12,5,15,-6.2,919.6,NA,60,98
2009,12,5,18,-6.5,919.7,5,360,98
2009,12,5,21,-5.2,920.1,NA,50,98
2009,12,6,0,-4.6,921.3,4,70,98
2009,12,6,3,-4.7,922.5,NA,40,97
2009,12,6,6,-5.7,923.9,4,220,99
2009,12,6,9,-4.9,924.8,NA,230,89
2009,12,6,12,-6,925.7,4,260,78
2009,12,6,15,-6.4,925.9,NA,230,91
2009,12,6,18,-7,926.2,NA,250,92
2009,12,6,21,-5.5,926.5,NA,240,83
2009,12,7,0,-4.2,926.8,6,240,75
2009,12,7,3,-3.5,925.9,NA,240,65
2009,12,7,6,-3.1,926.1,9,250,65
2009,12,7,9,-3.6,925,11,250,64
2009,12,7,12,-3.6,924.7,NA,230,57
2009,12,7,15,-3.5,923.8,NA,240,55
2009,12,7,18,-2.4,923.3,NA,150,59
2009,12,7,21,NA,923,1,290,58
2009,12,8,0,-3.1,922.6,NA,230,62
2009,12,8,3,-2.8,922.7,NA,240,66
2009,12,8,6,-1.7,922.9,NA,260,56
2009,12,8,9,-4.8,922.8,NA,260,68
2009,12,8,12,-4.6,923.1,NA,270,63
2009,12,8,15,-5.9,922.8,NA,240,72
2009,12,8,18,-5.9,923.4,NA,230,77
2009,12,8,21,-5.4,924.4,NA,250,78
2009,12,9,0,-2.2,924.5,NA,60,64
2009,12,9,3,-3.9,924.2,NA,110,80
2009,12,9,6,-3.9,924.5,5,270,66
2009,12,9,9,NA,924.8,1,20,56
2009,12,9,12,-6.4,925.3,5,250,70
2009,12,9,15,-7.3,925.2,2,10,98
2009,12,9,18,-7.3,925.1,2,40,98
2009,12,9,21,-6.7,925.1,4,50,98
2009,12,10,0,-6.3,924.8,6,60,98
2009,12,10,3,-6.5,924.2,6,NA,98
2009,12,10,6,-7.1,924.1,7,NA,98
2009,12,10,9,-7.6,924.1,6,NA,98
2009,12,10,12,-8.1,923.8,5,20,98
2009,12,10,15,-8.2,923.3,3,20,97
2009,12,10,18,-7.9,923.2,3,50,98
2009,12,10,21,-7.5,923.2,5,70,98
2009,12,11,0,-6.6,923.2,3,130,98
2009,12,11,3,-6,923.2,2,160,98
2009,12,11,6,-6.5,923.1,2,200,98
2009,12,11,9,NA,923.4,1,50,98
2009,12,11,12,-7.2,923.5,NA,NA,98
2009,12,11,15,NA,923.2,1,40,98
2009,12,11,18,NA,923.4,1,360,98
2009,12,11,21,-6.3,923.7,3,90,98
2009,12,12,0,-5.4,924.3,4,90,99
2009,12,12,3,-5.9,924.4,6,60,99
2009,12,12,6,-6.8,924.6,NA,20,98
2009,12,12,9,-6.2,924.8,NA,50,99
2009,12,12,12,-6.7,926,11,360,98
2009,12,12,15,-7,926.4,NA,50,98
2009,12,12,18,-7.3,926.9,NA,250,98
2009,12,12,21,-6.6,927.8,2,240,98
2009,12,13,0,-7.3,928.7,NA,210,98
2009,12,13,3,-6.8,928.9,NA,240,98
2009,12,13,6,-7,929.1,7,230,96
2009,12,13,9,-7.3,929.4,NA,220,96
2009,12,13,12,-8,929.3,NA,240,98
2009,12,13,15,-8.1,928.3,NA,220,98
2009,12,13,18,-7.4,928.2,NA,240,NA
2009,12,13,21,-7.9,928.3,NA,220,98
2009,12,14,0,-7.9,928.5,NA,230,98
2009,12,14,3,-7.4,927.3,NA,240,98
2009,12,14,6,-7.6,926,NA,220,98
2009,12,14,9,-8,925.5,NA,230,98
2009,12,14,12,-8.1,924.5,NA,240,97
2009,12,14,15,-8.1,924.1,NA,220,83
2009,12,14,18,-7.5,923.6,NA,220,90
2009,12,14,21,-7.3,923.6,NA,210,89
2009,12,15,0,-7.8,923.1,NA,NA,97
2009,12,15,3,-8.2,922.4,NA,NA,97
2009,12,15,6,-8,923.2,NA,NA,94
2009,12,15,9,-8.7,923.7,NA,230,93
2009,12,15,12,-8.1,923.8,NA,240,87
2009,12,15,15,-8.8,924.9,NA,240,89
2009,12,15,18,-8,925.5,NA,200,93
2009,12,15,21,-6.2,926.3,NA,230,88
2009,12,16,0,-5.9,926.5,4,110,88
2009,12,16,3,-7.2,926.6,5,30,95
2009,12,16,6,-6.7,926.9,3,20,86
2009,12,16,9,-8.1,926.5,NA,360,89
2009,12,16,12,-8.8,926.2,NA,10,91
2009,12,16,15,-8.7,925.6,NA,0,81
2009,12,16,18,-6.3,924.9,NA,110,93
2009,12,16,21,-5.6,924.1,5,90,90
2009,12,17,0,-6.7,923.4,NA,50,NA
2009,12,17,3,-7.5,922.3,8,30,97
2009,12,17,6,-6.9,921.4,NA,70,97
2009,12,17,9,-6.5,920.7,NA,80,98
2009,12,17,12,-7.1,920,5,120,98
2009,12,17,15,-8.1,919.2,3,230,98
2009,12,17,18,-8.5,918.6,NA,230,98
2009,12,17,21,-8.6,917.9,7,250,97
2009,12,18,0,-7.9,917.1,9,220,98
2009,12,18,3,-8.3,916.1,NA,220,98
2009,12,18,6,-8.2,915.3,NA,230,98
2009,12,18,9,-8.3,914.9,17,230,98
2009,12,18,12,-8.6,914.8,NA,NA,97
2009,12,18,15,-8.7,914,NA,NA,97
2009,12,18,18,-8.4,914.1,NA,NA,98
2009,12,18,21,-8.3,914.1,NA,NA,98
2009,12,19,0,-7.9,915.6,NA,NA,98
2009,12,19,3,-7.8,916,24,NA,98
2009,12,19,6,-7.1,917.4,NA,230,87
2009,12,19,9,-7.2,918.8,20,240,84
2009,12,19,12,-6.7,919.9,20,240,84
2009,12,19,15,-6.9,920.3,22,240,86
2009,12,19,18,-7.7,921.8,NA,230,91
2009,12,19,21,-6.2,922.7,NA,210,87
2009,12,20,0,-7,923.9,NA,200,86
2009,12,20,3,-5.4,924.4,NA,200,86
2009,12,20,6,-6.2,925.1,NA,140,91
2009,12,20,9,-5.8,925.5,NA,240,84
2009,12,20,12,-5.7,925.3,2,300,77
2009,12,20,15,-7.2,924.8,NA,360,80
2009,12,20,18,-5.8,924.5,6,60,90
2009,12,20,21,-5.1,924.3,NA,210,86
2009,12,21,0,-4.7,924.2,NA,220,89
2009,12,21,3,-5,923.5,NA,200,94
2009,12,21,6,-5.5,923.4,NA,70,89
2009,12,21,9,-5.4,923.5,3,60,97
2009,12,21,12,NA,923.7,1,340,95
2009,12,21,15,-6.2,923.3,2,270,92
2009,12,21,18,-4.2,923.6,2,100,91
2009,12,21,21,-3.9,924.1,NA,80,88
2009,12,22,0,-5.9,924.8,3,120,NA
2009,12,22,3,-5.8,925.1,4,130,95
2009,12,22,6,-6.6,925.3,6,220,98
2009,12,22,9,-6.8,925.4,NA,250,98
2009,12,22,12,-7.7,925.1,6,270,98
2009,12,22,15,-8.1,924.4,NA,250,98
2009,12,22,18,-8.1,923.8,NA,230,97
2009,12,22,21,-8,923.5,NA,240,98
2009,12,23,0,-7.7,923.5,13,240,98
2009,12,23,3,-7.3,923.6,NA,250,98
2009,12,23,6,-7.5,923.6,12,240,98
2009,12,23,9,-7.6,923.9,11,240,98
2009,12,23,12,-8,924.2,11,240,98
2009,12,23,15,-8.6,924.2,NA,250,98
2009,12,23,18,-8.6,924.4,NA,250,98
2009,12,23,21,-8.5,924.4,14,230,98
2009,12,24,0,-7.9,924.2,NA,220,98
2009,12,24,3,-7.7,924.8,15,240,98
2009,12,24,6,-7.8,924.7,NA,240,98
2009,12,24,9,-8,924.9,NA,230,98
2009,12,24,12,-8.3,925,11,NA,98
2009,12,24,15,-7.9,925.2,NA,NA,98
2009,12,24,18,-7.7,925.3,9,NA,98
2009,12,24,21,-6.9,925.3,NA,250,98
2009,12,25,0,-5.6,925.6,NA,160,99
2009,12,25,3,-5.7,925.2,6,80,99
2009,12,25,6,-6.7,924.5,NA,60,98
2009,12,25,9,-7.5,924.1,NA,50,98
2009,12,25,12,-7.9,923.6,NA,10,98
2009,12,25,15,-7.5,923.1,NA,40,98
2009,12,25,18,-7,922.7,NA,80,98
2009,12,25,21,-6.6,922.4,2,80,98
2009,12,26,0,-7.7,922,3,240,98
2009,12,26,3,-7.5,921.2,3,260,98
2009,12,26,6,-8.1,920.5,7,250,98
2009,12,26,9,-8.1,919.8,NA,240,98
2009,12,26,12,-8.3,919.7,NA,250,98
2009,12,26,15,-8.4,919.8,NA,0,98
2009,12,26,18,-8.1,920.3,NA,130,97
2009,12,26,21,-6.6,920.6,3,80,98
2009,12,27,0,-7.1,921.2,3,220,95
2009,12,27,3,-7.6,921.3,4,210,89
2009,12,27,6,-8.1,921.4,NA,250,87
2009,12,27,9,-5.7,922,NA,220,63
2009,12,27,12,-6.8,922.4,NA,350,60
2009,12,27,15,-6.8,921.9,4,360,57
2009,12,27,18,-6.9,922.1,4,40,54
2009,12,27,21,-5.6,922.5,3,130,65
2009,12,28,0,-5.1,923,2,150,61
2009,12,28,3,-4.8,923.3,2,20,57
2009,12,28,6,NA,923.7,1,360,56
2009,12,28,9,-5.2,924.5,3,310,45
2009,12,28,12,-7.2,925.2,4,290,47
2009,12,28,15,-6.6,925.5,4,230,52
2009,12,28,18,-5.6,926.1,NA,260,49
2009,12,28,21,-3.8,926.8,2,210,41
2009,12,29,0,-3.8,927.2,2,210,38
2009,12,29,3,-3.7,927.4,4,200,42
2009,12,29,6,-5.9,927.6,6,250,50
2009,12,29,9,-5.8,928.2,8,240,47
2009,12,29,12,-6.6,928.7,5,240,56
2009,12,29,15,-6.8,928.8,4,240,93
2009,12,29,18,-5.9,929.4,3,220,93
2009,12,29,21,NA,930,1,230,86
2009,12,30,0,-5.5,930.2,5,260,91
2009,12,30,3,-5.6,929.8,3,250,93
2009,12,30,6,-5.4,929.5,2,250,95
2009,12,30,9,-5.9,929.4,2,110,99
2009,12,30,12,NA,929.2,1,30,99
2009,12,30,15,-6,928.7,NA,60,99
2009,12,30,18,-6,929.2,NA,50,99
2009,12,30,21,-5.2,929.8,2,60,99
2009,12,31,0,-5,930.1,3,110,99
2009,12,31,3,-4.9,930.2,5,70,99
2009,12,31,6,-4.8,930.8,3,70,99
2009,12,31,9,-5.1,931.8,4,70,99
2009,12,31,12,-5.9,932.6,3,110,99
2009,12,31,15,-6.1,933.5,4,230,96
2009,12,31,18,-5.9,934.4,NA,220,98
2009,12,31,21,-6.1,935.4,NA,210,97
2010,1,1,0,-5.5,935.4,NA,230,90
2010,1,1,3,-6.4,935.1,NA,240,97
2010,1,1,6,-6,933.9,NA,230,99
2010,1,1,9,-6.5,933.6,NA,NA,99
2010,1,1,12,-6.6,932.4,NA,NA,99
2010,1,1,15,-6.3,930.5,NA,NA,99
2010,1,1,18,-6.1,931.3,NA,NA,99
2010,1,1,21,-5.7,930.3,NA,NA,99
2010,1,2,0,-5.6,931.4,NA,NA,99
2010,1,2,3,-5.6,929.5,52,NA,99
2010,1,2,6,-5.4,930.7,55,NA,99
2010,1,2,9,-5.5,932.5,54,NA,99
2010,1,2,12,-5.7,934,55,NA,99
2010,1,2,15,-5.7,933.5,55,NA,99
2010,1,2,18,-5.8,935.5,NA,240,99
2010,1,2,21,-5.7,936.3,NA,240,99
2010,1,3,0,-4.1,935.2,NA,230,87
2010,1,3,3,-4.1,934.8,43,240,80
2010,1,3,6,-4.4,934.2,40,230,73
2010,1,3,9,-4.9,933.8,40,230,85
2010,1,3,12,-4.8,934.4,NA,240,83
2010,1,3,15,-5.6,934.7,NA,230,84
2010,1,3,18,-8,935.3,NA,NA,80
2010,1,3,21,-4.9,935,NA,NA,86
2010,1,4,0,-6,934.2,NA,NA,75
2010,1,4,3,-6.3,933.8,NA,NA,73
2010,1,4,6,-5.8,932.9,NA,250,83
2010,1,4,9,-5.4,934.9,48,250,76
2010,1,4,12,-6,935.1,NA,240,84
2010,1,4,15,-6.4,937,NA,240,89
2010,1,4,18,-8,938,NA,230,98
2010,1,4,21,-7.9,938.7,NA,210,98
2010,1,5,0,-7.5,938.1,NA,220,98
2010,1,5,3,-6.9,936.6,NA,240,88
2010,1,5,6,-6.5,935.3,NA,250,79
2010,1,5,9,-6.4,934.5,NA,240,75
2010,1,5,12,-6.4,933.7,NA,240,63
2010,1,5,15,-7.4,935,NA,230,79
2010,1,5,18,-6.1,934.8,NA,240,66
2010,1,5,21,-5.4,934.5,NA,230,NA
2010,1,6,0,-7.2,932.8,NA,240,85
2010,1,6,3,-6.3,932.6,NA,250,98
2010,1,6,6,-6.3,931.7,NA,250,87
2010,1,6,9,-7,930,NA,240,97
2010,1,6,12,-7.1,930.8,NA,240,99
2010,1,6,15,-7.1,931.6,NA,240,99
2010,1,6,18,-7.7,932.6,NA,250,99
2010,1,6,21,-7.3,932.8,38,250,99
2010,1,7,0,-7.4,933.5,38,240,99
2010,1,7,3,-6.8,933.4,37,240,99
2010,1,7,6,-6.8,934,37,240,99
2010,1,7,9,-7,933.2,NA,250,99
2010,1,7,12,-5.9,935.3,NA,240,98
2010,1,7,15,-6.3,936.3,NA,NA,95
2010,1,7,18,-5.9,937.1,NA,NA,94
2010,1,7,21,-6.7,937.9,NA,NA,93
2010,1,8,0,-5.5,939,NA,230,99
2010,1,8,3,-4.2,939,NA,220,87
2010,1,8,6,-4,939.1,6,220,86
2010,1,8,9,-5.8,939.1,6,40,93
2010,1,8,12,-6.5,939.1,6,10,93
2010,1,8,15,-5.8,938.5,NA,20,98
2010,1,8,18,-4.9,938.2,NA,160,96
2010,1,8,21,NA,938.5,1,250,96
2010,1,9,0,-4.7,939.1,3,100,94
2010,1,9,3,NA,939.7,1,60,95
2010,1,9,6,NA,940.3,1,90,91
2010,1,9,9,NA,941.1,1,350,88
2010,1,9,12,-5.3,941.6,NA,NA,82
2010,1,9,15,-6.1,942,3,50,90
2010,1,9,18,NA,942.3,1,200,91
2010,1,9,21,-3.4,942.3,NA,80,85
2010,1,10,0,-3.3,942.2,NA,70,83
2010,1,10,3,-3.9,941.4,5,70,84
2010,1,10,6,-3,940.3,NA,0,86
2010,1,10,9,NA,939.8,1,110,95
2010,1,10,12,-4.3,939.4,2,210,81
2010,1,10,15,-3.9,938.5,3,260,59
2010,1,10,18,-2.9,937.7,2,40,83
2010,1,10,21,-4.2,937.3,NA,20,81
2010,1,11,0,-3.4,937.1,NA,10,78
2010,1,11,3,-3.1,936.2,NA,10,56
2010,1,11,6,-4.5,935.4,NA,20,72
2010,1,11,9,-4.8,934.8,NA,260,99
2010,1,11,12,-5.9,934.3,NA,240,99
2010,1,11,15,-6.6,934,NA,250,99
2010,1,11,18,-6.9,934.7,NA,220,99
2010,1,11,21,-4.6,935.3,NA,120,99
2010,1,12,0,-5.1,935.9,3,210,89
2010,1,12,3,-4.4,935.8,4,80,79
2010,1,12,6,-5.4,935.3,7,40,98
2010,1,12,9,-5.1,935,NA,10,89
2010,1,12,12,-5.1,934.8,NA,360,80
2010,1,12,15,-5.8,934.3,NA,20,97
2010,1,12,18,-4.9,934,NA,230,71
2010,1,12,21,-5.2,933.8,5,250,82
2010,1,13,0,-5.4,934.4,7,210,93
2010,1,13,3,-3.6,934.3,NA,240,88
2010,1,13,6,-4.3,934.5,NA,80,77
2010,1,13,9,NA,934.6,1,10,92
2010,1,13,12,-4.9,934.7,2,300,49
2010,1,13,15,NA,933.8,1,80,82
2010,1,13,18,NA,933.5,1,220,92
2010,1,13,21,-6,933.1,NA,230,95
2010,1,14,0,-7.1,932,NA,240,99
2010,1,14,3,-6.7,930.6,NA,230,99
2010,1,14,6,-7.3,928.9,NA,230,NA
2010,1,14,9,-7,927.2,NA,240,99
2010,1,14,12,-6.9,928.7,NA,NA,99
2010,1,14,15,-7.1,929.3,NA,NA,99
2010,1,14,18,-6.9,930.2,29,NA,99
2010,1,14,21,-6.7,931,NA,230,99
2010,1,15,0,-6.3,932.4,25,220,NA
2010,1,15,3,-5.9,933.6,NA,230,NA
2010,1,15,6,-5.9,934.7,NA,220,NA
2010,1,15,9,-6.2,934.7,NA,230,99
2010,1,15,12,-6.5,934.6,NA,220,99
2010,1,15,15,-7.2,933.1,NA,20,96
2010,1,15,18,-6.7,931.7,NA,10,93
2010,1,15,21,-6.2,930,8,20,95
2010,1,16,0,-4.9,928.5,NA,230,87
2010,1,16,3,-3.8,927.4,4,240,84
2010,1,16,6,-3.6,926.8,2,140,97
2010,1,16,9,-5.4,926.6,3,220,99
2010,1,16,12,-6.3,926.2,2,30,99
2010,1,16,15,-7,925.9,5,300,98
2010,1,16,18,-5.4,924.9,2,90,96
2010,1,16,21,-3.7,924.6,3,130,64
2010,1,17,0,-2.9,923.6,NA,70,65
2010,1,17,3,-3.3,923,3,250,67
2010,1,17,6,-4.1,922.2,NA,70,87
2010,1,17,9,-6.2,921.7,NA,250,92
2010,1,17,12,-8,921.9,NA,240,98
2010,1,17,15,-8,922.2,NA,250,93
2010,1,17,18,-6.7,922.8,11,260,78
2010,1,17,21,-6.2,923.5,NA,230,78
2010,1,18,0,-4.1,924.2,NA,100,80
2010,1,18,3,-3.5,924.9,NA,240,57
2010,1,18,6,-5.2,926.1,NA,230,74
2010,1,18,9,-4.2,928.3,NA,220,93
2010,1,18,12,-6.4,931.9,NA,250,99
2010,1,18,15,-5.2,934.3,NA,280,95
2010,1,18,18,-4.2,935.8,NA,20,90
2010,1,18,21,-5.1,937.2,NA,20,97
2010,1,19,0,-2.9,938.1,5,20,84
2010,1,19,3,-1.5,938.4,NA,120,77
2010,1,19,6,-2.6,938.5,3,40,68
2010,1,19,9,-5.3,937.6,NA,50,92
2010,1,19,12,-5.6,937.2,NA,60,91
2010,1,19,15,-3.4,936.5,NA,320,81
2010,1,19,18,-2.2,935.9,NA,230,67
2010,1,19,21,-4.1,935.4,NA,250,77
2010,1,20,0,-3.8,935.4,7,240,81
2010,1,20,3,-2.5,934.9,5,220,65
2010,1,20,6,-3.5,934.8,NA,220,75
2010,1,20,9,-4.2,935.2,NA,190,99
2010,1,20,12,-6.8,934.5,NA,20,99
2010,1,20,15,-2.6,934.8,NA,350,67
2010,1,20,18,-2,934.9,NA,50,NA
2010,1,20,21,-2,936.9,NA,10,58
2010,1,21,0,0.7,938.8,NA,250,47
2010,1,21,3,1.4,939.4,NA,20,36
2010,1,21,6,2,938.3,NA,340,33
2010,1,21,9,0.8,936.9,NA,20,37
2010,1,21,12,0.8,935.8,NA,20,44
2010,1,21,15,-0.9,935,NA,40,54
2010,1,21,18,NA,934.9,NA,40,99
2010,1,21,21,-4.3,935,NA,80,NA
2010,1,22,0,-3.4,935.4,2,240,NA
2010,1,22,3,-2.4,935.1,3,240,98
2010,1,22,6,-2.6,935.3,6,220,94
2010,1,22,9,-3.8,935.9,5,220,97
2010,1,22,12,-4.5,936,2,180,99
2010,1,22,15,-4.7,934.6,NA,230,NA
2010,1,22,18,-5.4,933.7,NA,240,NA
2010,1,22,21,-5.3,932.1,NA,230,NA
2010,1,23,0,-4.8,930.3,NA,220,NA
2010,1,23,3,-5,928.7,NA,220,NA
2010,1,23,6,-5.4,927.4,15,250,NA
2010,1,23,9,-5.6,927.8,18,240,NA
2010,1,23,12,-5.3,929.9,18,230,NA
2010,1,23,15,-5.7,932.8,16,NA,NA
2010,1,23,18,-6.4,936.2,NA,NA,99
2010,1,23,21,-5.5,939.4,NA,NA,NA
2010,1,24,0,-5.1,941.2,NA,10,NA
2010,1,24,3,-5.9,940.5,NA,0,NA
2010,1,24,6,-5.8,939.8,3,20,NA
2010,1,24,9,-5.8,939,3,360,NA
2010,1,24,12,-5.9,938.1,NA,NA,NA
2010,1,24,15,NA,936.8,1,30,99
2010,1,24,18,-6.1,936.1,2,40,NA
2010,1,24,21,-6.1,935.7,4,20,NA
2010,1,25,0,-5.1,935.4,2,40,NA
2010,1,25,3,NA,935.3,1,20,NA
2010,1,25,6,-5.6,935.2,NA,NA,NA
2010,1,25,9,NA,936,1,230,NA
2010,1,25,12,-5.7,935.9,NA,NA,NA
2010,1,25,15,-5.8,936.2,NA,NA,NA
2010,1,25,18,-5.9,935.8,NA,NA,NA
2010,1,25,21,-6,936,NA,NA,NA
2010,1,26,0,-5.5,935.8,NA,NA,NA
2010,1,26,3,-5.4,936.8,NA,NA,NA
2010,1,26,6,-6.4,938.1,NA,NA,NA
2010,1,26,9,-6.2,939.9,NA,NA,NA
2010,1,26,12,-6.6,939.9,NA,NA,NA
2010,1,26,15,-6.7,940,NA,NA,NA
2010,1,26,18,-6.4,939.5,NA,NA,NA
2010,1,26,21,-5.9,939,NA,NA,NA
2010,1,27,0,-2.2,938.2,NA,NA,NA
2010,1,27,3,-4.4,937,NA,NA,NA
2010,1,27,6,-6,936.5,NA,NA,NA
2010,1,27,9,-6.7,935.8,NA,NA,NA
2010,1,27,12,-7.1,935.5,NA,NA,99
2010,1,27,15,-7.1,934.7,NA,NA,99
2010,1,27,18,-7.5,934.6,NA,NA,99
2010,1,27,21,-4.8,934.4,NA,NA,NA
2010,1,28,0,-5.2,935.3,NA,NA,NA
2010,1,28,3,-4.1,935.3,NA,NA,NA
2010,1,28,6,-5.6,935.8,NA,NA,NA
2010,1,28,9,NA,936.7,NA,NA,NA
2010,1,28,12,-6.8,937.4,NA,NA,NA
2010,1,28,15,-7.1,937.8,NA,NA,NA
2010,1,28,18,-7.2,938.4,NA,NA,NA
2010,1,28,21,-6.5,939,NA,NA,NA
2010,1,29,0,-6.2,939.5,NA,NA,NA
2010,1,29,3,-6.5,939.2,NA,NA,NA
2010,1,29,6,-5.2,938.9,NA,NA,NA
2010,1,29,9,-6.7,938.7,NA,NA,NA
2010,1,29,12,-6.8,938,NA,NA,NA
2010,1,29,15,-7.1,937.1,NA,NA,NA
2010,1,29,18,-6.3,936.4,NA,NA,NA
2010,1,29,21,-7.6,936.2,NA,NA,NA
2010,1,30,0,-7.1,935.6,NA,NA,NA
2010,1,30,3,-7.1,934.8,NA,NA,99
2010,1,30,6,-7.1,934.1,NA,NA,99
2010,1,30,9,-7.8,933.3,NA,NA,99
2010,1,30,12,-8.1,932.9,NA,NA,99
2010,1,30,15,-8.2,931.9,NA,NA,99
2010,1,30,18,-7.6,931.7,NA,NA,99
2010,1,30,21,-7.8,931.4,NA,NA,99
2010,1,31,0,-7.8,931.3,NA,NA,99
2010,1,31,3,-7.9,931.2,NA,NA,99
2010,1,31,6,-7.2,932.8,NA,NA,NA
2010,1,31,9,-8.9,932.6,10,250,99
2010,1,31,12,-9.3,933.1,NA,30,99
2010,1,31,15,-9.4,932.9,NA,350,99
2010,1,31,18,-6.6,932.9,NA,NA,99
2010,1,31,21,-6.2,932.6,NA,NA,99
2010,2,1,0,-7,932.5,NA,40,NA
2010,2,1,3,-7.5,931.4,NA,10,99
2010,2,1,6,-7.3,929.8,NA,20,99
2010,2,1,9,-7.5,928.5,NA,20,99
2010,2,1,12,-7.1,926.8,NA,40,NA
2010,2,1,15,-7.4,925.8,NA,70,99
2010,2,1,18,-8.2,924.1,NA,240,99
2010,2,1,21,-7.7,922.8,NA,240,99
2010,2,2,0,-7.6,921.8,NA,250,99
2010,2,2,3,-8.5,921.7,NA,220,99
2010,2,2,6,-7.4,922.9,30,240,NA
2010,2,2,9,-8,924,28,250,NA
2010,2,2,12,-8.5,924.4,NA,NA,99
2010,2,2,15,-8.4,924.6,NA,NA,99
2010,2,2,18,-8.1,926,NA,NA,99
2010,2,2,21,-8.1,927.3,NA,230,NA
2010,2,3,0,-7.5,927.8,NA,230,NA
2010,2,3,3,-7.6,927.3,NA,230,NA
2010,2,3,6,-8,926.8,NA,220,99
2010,2,3,9,-9,926.5,NA,240,99
2010,2,3,12,-9.2,927.8,NA,240,99
2010,2,3,15,-9.6,927.8,NA,240,98
2010,2,3,18,-9.1,928.2,NA,210,97
2010,2,3,21,-8.2,927.4,NA,70,97
2010,2,4,0,-7.6,927.2,NA,20,93
2010,2,4,3,-7,927,NA,60,93
2010,2,4,6,-7.5,927.2,4,10,63
2010,2,4,9,-6.5,927.3,3,320,46
2010,2,4,12,-7.2,927.3,NA,360,39
2010,2,4,15,-9.1,928.1,6,250,48
2010,2,4,18,-8.4,929.2,NA,310,90
2010,2,4,21,-6.4,930.7,5,100,89
2010,2,5,0,-6.4,932.8,3,20,85
2010,2,5,3,-7.1,934.8,4,60,75
2010,2,5,6,-8.2,936.5,4,60,94
2010,2,5,9,-8.7,937.7,3,10,89
2010,2,5,12,-9.2,938.8,2,20,96
2010,2,5,15,-8.8,939,NA,40,97
2010,2,5,18,-8.5,939,6,30,96
2010,2,5,21,-8.4,939.3,NA,250,93
2010,2,6,0,-9.5,938.4,NA,240,NA
2010,2,6,3,-8.7,937.2,NA,240,99
2010,2,6,6,-8.5,936.4,17,250,99
2010,2,6,9,-8.3,935.5,NA,230,99
2010,2,6,12,-7.9,935.1,NA,240,99
2010,2,6,15,-7.5,934.3,NA,230,99
2010,2,6,18,-7,934.9,31,NA,99
2010,2,6,21,-6.7,935.5,NA,NA,NA
2010,2,7,0,-5.9,936.6,32,NA,NA
2010,2,7,3,-5.3,936.7,33,NA,NA
2010,2,7,6,-5.4,939,NA,NA,NA
2010,2,7,9,-5.8,938.4,18,230,NA
2010,2,7,12,-5.8,938.7,NA,NA,NA
2010,2,7,15,-6.1,937.6,NA,NA,NA
2010,2,7,18,-7,936,NA,10,97
2010,2,7,21,-6.4,935.6,NA,40,NA
2010,2,8,0,-5.4,934.7,NA,60,NA
2010,2,8,3,-5.7,933.2,2,320,NA
2010,2,8,6,NA,932.6,1,270,NA
2010,2,8,9,-6.6,931.5,4,30,94
2010,2,8,12,-7,931.2,NA,0,99
2010,2,8,15,NA,930.5,1,40,NA
2010,2,8,18,-8.4,930.3,2,20,99
2010,2,8,21,-9.4,931.7,NA,250,99
2010,2,9,0,-10.1,932.8,NA,230,98
2010,2,9,3,-9.6,933.9,14,240,90
2010,2,9,6,-9.7,934.4,NA,230,90
2010,2,9,9,-9.5,935.7,NA,240,86
2010,2,9,12,-9.7,937.1,19,240,81
2010,2,9,15,-9.7,937.6,22,250,79
2010,2,9,18,-9.9,939.1,NA,230,83
2010,2,9,21,-10,939.8,NA,240,96
2010,2,10,0,-9.8,940.3,NA,220,91
2010,2,10,3,-9.6,940.5,11,220,98
2010,2,10,6,-9.4,940.5,13,230,96
2010,2,10,9,-10.1,940.4,NA,230,94
2010,2,10,12,-10.9,940.4,NA,240,88
2010,2,10,15,-10.5,940.5,NA,240,83
2010,2,10,18,-10.4,940.1,NA,250,80
2010,2,10,21,-9.5,940.2,NA,240,72
2010,2,11,0,-9.2,940,NA,240,74
2010,2,11,3,-9.5,939.7,NA,250,88
2010,2,11,6,-9.3,939.7,NA,250,76
2010,2,11,9,-10.3,939,NA,240,87
2010,2,11,12,-9.4,939.5,NA,230,80
2010,2,11,15,-10.6,940.1,NA,230,91
2010,2,11,18,-9.6,939.7,20,250,76
2010,2,11,21,-9.8,939.3,NA,240,85
2010,2,12,0,-9.6,939.8,24,240,94
2010,2,12,3,-9.5,939.5,NA,250,90
2010,2,12,6,-9.9,939.4,NA,NA,88
2010,2,12,9,-9.8,938,NA,NA,99
2010,2,12,12,-9.6,937.7,NA,NA,98
2010,2,12,15,-9.4,937.8,31,NA,99
2010,2,12,18,-8.3,938.3,NA,250,97
2010,2,12,21,-9.5,938.2,NA,240,99
2010,2,13,0,-9.4,936.7,24,230,99
2010,2,13,3,-9,937,NA,230,99
2010,2,13,6,-9.3,936.2,NA,250,99
2010,2,13,9,-9.5,935.2,NA,240,99
2010,2,13,12,-9.3,934.5,15,NA,99
2010,2,13,15,-8.3,934.1,14,NA,84
2010,2,13,18,-8.9,932.9,NA,NA,75
2010,2,13,21,-8.7,932.9,NA,230,90
2010,2,14,0,-8.5,933,28,230,99
2010,2,14,3,-8.7,931.5,30,240,99
2010,2,14,6,-8.8,932.9,NA,240,99
2010,2,14,9,-9,932.9,NA,240,99
2010,2,14,12,-8.3,934.4,26,230,99
2010,2,14,15,-8.7,934.7,24,240,99
2010,2,14,18,-8.1,935.9,NA,NA,99
2010,2,14,21,-7.8,936.8,NA,NA,98
2010,2,15,0,-8.1,936.7,NA,NA,99
2010,2,15,3,-8,936.2,NA,220,99
2010,2,15,6,-8.6,935.1,13,240,99
2010,2,15,9,-8.8,934.8,NA,230,99
2010,2,15,12,-9,933.7,NA,270,99
2010,2,15,15,-9.1,933,5,240,99
2010,2,15,18,-9.5,932.7,4,250,99
2010,2,15,21,-9.2,932.6,5,230,99
2010,2,16,0,-9.3,932.3,NA,240,99
2010,2,16,3,-9.4,932.3,NA,230,99
2010,2,16,6,-9.4,932.6,NA,220,99
2010,2,16,9,-9.6,932.8,NA,230,99
2010,2,16,12,-9.6,933.3,4,250,99
2010,2,16,15,-9.5,933.4,NA,220,99
2010,2,16,18,-9.3,933.3,2,250,99
2010,2,16,21,-9.2,933.4,4,260,99
2010,2,17,0,-9.4,933.4,6,230,99
2010,2,17,3,-9.4,933.5,5,240,99
2010,2,17,6,-9.8,932.9,7,230,99
2010,2,17,9,-9.8,933,7,240,99
2010,2,17,12,-10.5,932.7,8,230,99
2010,2,17,15,-11,932.1,9,240,99
2010,2,17,18,-11.4,931.9,10,240,99
2010,2,17,21,-11.3,931.9,9,240,98
2010,2,18,0,-11.2,931.8,NA,NA,99
2010,2,18,3,-11.3,932.1,NA,NA,98
2010,2,18,6,-11.2,931.9,23,NA,99
2010,2,18,9,-11.1,932.1,26,NA,99
2010,2,18,12,-10.9,932.7,NA,240,98
2010,2,18,15,-11.2,932.4,NA,240,98
2010,2,18,18,-11.2,932,19,230,98
2010,2,18,21,-11.2,932.2,NA,240,98
2010,2,19,0,-11.1,932,18,240,99
2010,2,19,3,-10.9,930.8,NA,230,99
2010,2,19,6,-11,930.4,NA,230,99
2010,2,19,9,-10.9,929.7,NA,250,99
2010,2,19,12,-10.7,929,25,240,96
2010,2,19,15,-10.7,928.2,28,240,94
2010,2,19,18,-11.4,927.5,26,230,99
2010,2,19,21,-11.2,926.8,28,240,99
2010,2,20,0,-11.3,926.5,27,230,99
2010,2,20,3,-11.4,925.5,28,230,99
2010,2,20,6,-11.8,925.3,29,NA,99
2010,2,20,9,-12,925.5,NA,NA,98
2010,2,20,12,-12.3,925.4,NA,230,97
2010,2,20,15,-12.4,925.6,NA,220,97
2010,2,20,18,-12.6,925.2,NA,240,98
2010,2,20,21,-12.1,925,NA,90,98
2010,2,21,0,-11.2,924.8,2,100,98
2010,2,21,3,-11.3,924.4,2,120,99
2010,2,21,6,-11.5,924.3,3,260,98
2010,2,21,9,-11.7,924.1,NA,260,98
2010,2,21,12,-11.6,923.9,6,270,98
2010,2,21,15,-10.9,923.7,3,270,99
2010,2,21,18,-11.9,923.7,NA,260,98
2010,2,21,21,-11.3,923.8,6,250,98
2010,2,22,0,-11.1,924,5,260,99
2010,2,22,3,-10.5,924.3,NA,270,99
2010,2,22,6,NA,924.2,1,280,99
2010,2,22,9,NA,924.9,1,230,99
2010,2,22,12,-10.9,925.2,NA,NA,99
2010,2,22,15,-11,925.1,NA,NA,99
2010,2,22,18,-11.1,924.8,NA,50,98
2010,2,22,21,-11.1,924.8,NA,50,99
2010,2,23,0,-10.1,924.4,NA,280,99
2010,2,23,3,-12.4,923.4,6,270,97
2010,2,23,6,-9.2,922.1,NA,270,96
2010,2,23,9,-10.8,920.4,4,30,96
2010,2,23,12,-11.9,918.6,5,280,98
2010,2,23,15,-11.7,916.1,NA,240,98
2010,2,23,18,-11.6,915.9,NA,230,NA
2010,2,23,21,-10.6,917.7,NA,250,98
2010,2,24,0,-11,921.5,NA,230,98
2010,2,24,3,-10,926.1,NA,240,99
2010,2,24,6,-10.1,927.7,NA,30,92
2010,2,24,9,-10.3,927.1,NA,10,91
2010,2,24,12,-9.9,926.7,NA,40,97
2010,2,24,15,-9.5,925.6,NA,70,96
2010,2,24,18,-10.9,924.8,NA,260,98
2010,2,24,21,-11,924.1,NA,250,98
2010,2,25,0,-10.8,923.7,15,250,98
2010,2,25,3,-8.8,922.9,NA,340,98
2010,2,25,6,-8.8,922,NA,10,88
2010,2,25,9,-8.7,921.6,NA,260,55
2010,2,25,12,-9.1,921.1,NA,270,55
2010,2,25,15,-9.6,920,NA,260,87
2010,2,25,18,-11.9,919.1,NA,260,96
2010,2,25,21,-11.1,917.9,NA,220,96
2010,2,26,0,-11.4,915.4,NA,230,98
2010,2,26,3,-11.7,912.1,NA,NA,98
2010,2,26,6,-11.9,907.5,NA,NA,98
2010,2,26,9,-11.4,902.4,NA,NA,98
2010,2,26,12,-11.3,902.8,59,NA,99
2010,2,26,15,-10.7,901,NA,NA,99
2010,2,26,18,-10.2,901.9,57,230,99
2010,2,26,21,-10.4,900.8,NA,240,99
2010,2,27,0,-11.1,900.4,NA,250,99
2010,2,27,3,-11.6,898.5,NA,240,99
2010,2,27,6,-12.2,900.5,60,240,98
2010,2,27,9,-11.9,901.9,NA,240,98
2010,2,27,12,-11.9,903.6,NA,250,98
2010,2,27,15,-11.8,903.8,NA,250,98
2010,2,27,18,-11.5,904.8,NA,250,98
2010,2,27,21,-11.6,904.9,NA,NA,99
2010,2,28,0,-10.8,906.7,NA,NA,93
2010,2,28,3,-10.7,906.2,NA,NA,90
2010,2,28,6,-10.5,905.8,41,NA,84
2010,2,28,9,-10.1,904.9,NA,NA,97
2010,2,28,12,-9.7,904.8,NA,240,99
2010,2,28,15,-9.8,905.1,NA,250,99
2010,2,28,18,-9.9,903.7,NA,250,99
2010,2,28,21,-9.5,902.7,NA,250,99
2010,3,1,0,-9.1,906.2,NA,NA,NA
2010,3,1,3,-9.9,908.5,56,NA,99
2010,3,1,6,-9.9,911.5,NA,NA,99
2010,3,1,9,-9.1,915,NA,250,99
2010,3,1,12,-9,918,NA,NA,99
2010,3,1,15,-9.5,918.1,NA,NA,93
2010,3,1,18,-9,918.1,NA,NA,79
2010,3,1,21,-8.9,920.7,NA,240,84
2010,3,2,0,-9,922.4,NA,240,87
2010,3,2,3,-9.3,923.3,NA,250,94
2010,3,2,6,-9.6,924.4,NA,240,96
2010,3,2,9,-10,925.8,20,230,92
2010,3,2,12,-9.8,926.3,19,240,83
2010,3,2,15,-10.3,926.9,NA,230,86
2010,3,2,18,-10,927.3,17,230,86
2010,3,2,21,-9.9,927.7,16,250,95
2010,3,3,0,-9.8,928.2,15,210,98
2010,3,3,3,-9.7,927.6,NA,220,99
2010,3,3,6,-9.9,927.9,NA,220,98
2010,3,3,9,-10.5,928.1,NA,230,99
2010,3,3,12,-11.1,927.5,NA,240,98
2010,3,3,15,-11.2,928.2,28,230,98
2010,3,3,18,-11.4,928.2,31,240,99
2010,3,3,21,-11.5,927.2,NA,230,99
2010,3,4,0,NA,928.4,NA,240,96
2010,3,4,3,-11.4,929.1,NA,230,99
2010,3,4,6,-11.5,929.5,NA,230,97
2010,3,4,9,-11.8,929.6,NA,240,99
2010,3,4,12,-11.4,929.6,NA,240,97
2010,3,4,15,-11.7,929,13,230,99
2010,3,4,18,-11.7,929,NA,260,99
2010,3,4,21,-11.6,928.6,NA,250,99
2010,3,5,0,-11.5,928.5,6,240,99
2010,3,5,3,-11.4,928.6,7,230,99
2010,3,5,6,-11.1,928.5,6,240,99
2010,3,5,9,-11.3,928,6,250,99
2010,3,5,12,-10.6,926.9,NA,40,99
2010,3,5,15,-11.5,925.1,3,280,99
2010,3,5,18,-11.1,923.1,3,260,99
2010,3,5,21,-11,921.4,3,260,98
2010,3,6,0,-11.2,919.6,NA,240,97
2010,3,6,3,-10.9,917.3,7,240,91
2010,3,6,6,-10.1,915.6,NA,250,70
2010,3,6,9,-10.4,914.4,NA,230,33
2010,3,6,12,-10.4,913.3,21,230,26
2010,3,6,15,-11.5,912.2,NA,240,33
2010,3,6,18,-11.6,912.4,NA,220,24
2010,3,6,21,-11.5,911.7,NA,240,22
2010,3,7,0,-10.8,911.1,NA,100,12
2010,3,7,3,-11,910.6,NA,0,NA
2010,3,7,6,-11.9,909.7,3,120,NA
2010,3,7,9,-12.1,909.2,2,140,NA
2010,3,7,12,-11.9,908.4,2,110,NA
2010,3,7,15,-12.1,907.9,3,80,NA
2010,3,7,18,-11.9,907.5,3,100,NA
2010,3,7,21,-12,907.4,1,270,NA
2010,3,8,0,-11.4,907.2,NA,NA,NA
2010,3,8,3,-10.5,906.6,NA,NA,NA
2010,3,8,6,-11.1,906.4,NA,NA,NA
2010,3,8,9,-12.8,906.5,NA,NA,NA
2010,3,8,12,-12.6,906.2,2,260,NA
2010,3,8,15,-12.6,906,2,250,NA
2010,3,8,18,-12.6,905.4,2,240,NA
2010,3,8,21,-12.4,905.2,NA,NA,NA
2010,3,9,0,-12.6,904.3,NA,NA,NA
2010,3,9,3,-13.1,903,2,240,NA
2010,3,9,6,-13.7,901.4,NA,240,NA
2010,3,9,9,-13.8,900,NA,240,NA
2010,3,9,12,-14.2,900.3,NA,230,NA
2010,3,9,15,-15.8,900.7,NA,NA,NA
2010,3,9,18,-16.3,901.4,NA,NA,NA
2010,3,9,21,-16.1,903,NA,NA,NA
2010,3,10,0,-15.8,905.9,NA,NA,NA
2010,3,10,3,-15,907.8,NA,NA,NA
2010,3,10,6,-14.1,909.8,NA,NA,NA
2010,3,10,9,-13.4,911.8,NA,220,NA
2010,3,10,12,-13.7,913.3,NA,240,NA
2010,3,10,15,-13,914.9,16,240,NA
2010,3,10,18,-13.8,916.3,NA,250,NA
2010,3,10,21,-12.8,917.9,NA,230,NA
2010,3,11,0,-12.9,918.8,NA,220,NA
2010,3,11,3,-12.7,919.5,NA,NA,NA
2010,3,11,6,-12.4,920,18,NA,NA
2010,3,11,9,-13,920.4,17,NA,NA
2010,3,11,12,-13.7,920.8,NA,230,NA
2010,3,11,15,-14,920.6,NA,230,NA
2010,3,11,18,-13.6,920.7,8,240,NA
2010,3,11,21,-14.5,920.7,NA,240,NA
2010,3,12,0,-14.3,921.1,NA,260,NA
2010,3,12,3,-15.1,921.4,10,250,NA
2010,3,12,6,-14.8,922,NA,250,NA
2010,3,12,9,-15.8,922.8,NA,250,NA
2010,3,12,12,-15.2,923.1,NA,230,NA
2010,3,12,15,-13.9,924.6,NA,240,NA
2010,3,12,18,-13.3,924.5,NA,240,NA
2010,3,12,21,-13.1,925.7,NA,240,NA
2010,3,13,0,-12.9,927.9,NA,230,NA
2010,3,13,3,-13.1,928,NA,230,NA
2010,3,13,6,-14.3,927.7,NA,230,NA
2010,3,13,9,-14.1,929.9,NA,240,NA
2010,3,13,12,-13.9,930.6,30,230,NA
2010,3,13,15,-12.7,932.4,NA,250,NA
2010,3,13,18,-12.4,933.5,27,240,NA
2010,3,13,21,-13.5,934.6,26,230,NA
2010,3,14,0,-12.9,936,NA,240,NA
2010,3,14,3,-13.1,936.9,22,220,NA
2010,3,14,6,-13.4,937.4,23,220,NA
2010,3,14,9,-12.9,937.7,NA,230,NA
2010,3,14,12,-12.3,938.3,NA,250,NA
2010,3,14,15,-12.5,937.5,NA,20,NA
2010,3,14,18,-12.5,937,3,60,NA
2010,3,14,21,-12.1,936.7,2,190,NA
2010,3,15,0,-12.4,935.9,NA,230,NA
2010,3,15,3,-13.3,934.9,NA,220,NA
2010,3,15,6,-14.4,932.7,NA,220,NA
2010,3,15,9,-14.6,931.2,NA,NA,NA
2010,3,15,12,-15.2,930.7,NA,NA,NA
2010,3,15,15,-15.2,930.6,NA,NA,NA
2010,3,15,18,-15.6,930.8,NA,230,NA
2010,3,15,21,-15.8,931.6,NA,230,NA
2010,3,16,0,-15.9,931.8,NA,230,NA
2010,3,16,3,-15.9,930.8,30,240,NA
2010,3,16,6,-16.2,929.8,NA,NA,NA
2010,3,16,9,-16.3,929.7,NA,NA,NA
2010,3,16,12,-15.9,929,38,NA,NA
2010,3,16,15,-16.4,928.9,37,NA,NA
2010,3,16,18,-16.7,931,NA,240,NA
2010,3,16,21,-16,931,NA,230,NA
2010,3,17,0,-16.1,929.6,NA,NA,NA
2010,3,17,3,-15.6,928.2,NA,NA,NA
2010,3,17,6,-15.2,926.9,NA,240,NA
2010,3,17,9,-15.9,924.8,NA,NA,NA
2010,3,17,12,-15.1,921.9,NA,NA,NA
2010,3,17,15,-15.5,918.7,NA,NA,NA
2010,3,17,18,-15.4,916.1,NA,NA,NA
2010,3,17,21,-14.7,914.2,NA,NA,NA
2010,3,18,0,-13,913.5,NA,250,NA
2010,3,18,3,-13.2,911.6,NA,240,NA
2010,3,18,6,-12.4,907.5,NA,240,NA
2010,3,18,9,-11.9,909.3,NA,240,NA
2010,3,18,12,-11.1,908.6,NA,250,NA
2010,3,18,15,-10.8,908.4,59,240,NA
2010,3,18,18,-9.9,913.4,57,230,NA
2010,3,18,21,-9.7,913.5,56,NA,NA
2010,3,19,0,-8.6,913.3,NA,NA,NA
2010,3,19,3,-7.9,914.6,54,NA,NA
2010,3,19,6,-6.7,917.9,NA,NA,NA
2010,3,19,9,-7,917.6,NA,NA,NA
2010,3,19,12,-7.2,915.1,NA,250,NA
2010,3,19,15,-8.1,920,NA,240,NA
2010,3,19,18,-8.5,922,NA,230,NA
2010,3,19,21,-7.2,920.8,NA,240,NA
2010,3,20,0,-7.5,920.8,NA,240,NA
2010,3,20,3,-7.8,922.5,NA,230,NA
2010,3,20,6,-8.2,921.8,NA,NA,NA
2010,3,20,9,-7.5,919.1,NA,NA,NA
2010,3,20,12,-8.4,920.3,NA,NA,NA
2010,3,20,15,-9.1,919.3,NA,240,NA
2010,3,20,18,-8.9,919.8,49,250,NA
2010,3,20,21,-9.1,917.4,49,240,NA
2010,3,21,0,-9.3,917.9,49,230,NA
2010,3,21,3,-8.5,919.2,NA,240,NA
2010,3,21,6,-7.9,918,NA,250,NA
2010,3,21,9,-9.4,918.1,35,240,NA
2010,3,21,12,-9.8,918.4,35,240,NA
2010,3,21,15,-10,919.6,NA,210,NA
2010,3,21,18,-10.4,919.2,NA,240,NA
2010,3,21,21,-10.5,919,NA,230,NA
2010,3,22,0,-9.9,918.9,NA,220,NA
2010,3,22,3,-10.5,918.9,NA,NA,NA
2010,3,22,6,-11.3,918,NA,NA,NA
2010,3,22,9,-11.8,918.1,24,NA,NA
2010,3,22,12,-12.2,919.1,NA,230,NA
2010,3,22,15,-12.4,919.1,NA,230,NA
2010,3,22,18,-12.5,919.8,24,NA,NA
2010,3,22,21,-12.8,921.6,25,NA,NA
2010,3,23,0,-12.8,922.5,NA,220,NA
2010,3,23,3,-13.3,923.8,NA,230,NA
2010,3,23,6,-13.5,924.4,NA,250,NA
2010,3,23,9,-14.1,925,NA,190,NA
2010,3,23,12,-14.5,924.9,NA,250,NA
2010,3,23,15,-14.6,923.7,NA,70,NA
2010,3,23,18,-14.8,923,NA,50,NA
2010,3,23,21,-14.9,922.5,8,50,NA
2010,3,24,0,-14.6,922.5,NA,70,NA
2010,3,24,3,-15.2,922,NA,190,NA
2010,3,24,6,-16.1,922.1,NA,230,NA
2010,3,24,9,-17.8,923.4,9,240,NA
2010,3,24,12,-18.6,925.7,8,230,NA
2010,3,24,15,-18.8,928,5,220,NA
2010,3,24,18,-19,929.6,NA,260,NA
2010,3,24,21,-18.7,930.5,1,240,NA
2010,3,25,0,-17.4,931.7,1,100,NA
2010,3,25,3,-17.6,932,1,110,NA
2010,3,25,6,-18.4,932,2,180,NA
2010,3,25,9,-18.8,932.2,NA,NA,NA
2010,3,25,12,-19.1,931.3,2,200,NA
2010,3,25,15,-19.6,929.7,3,210,NA
2010,3,25,18,-20.3,928.6,2,190,NA
2010,3,25,21,-21,925.1,NA,220,NA
2010,3,26,0,-22.1,922.6,NA,230,NA
2010,3,26,3,-22.5,918.1,NA,240,NA
2010,3,26,6,-22.8,918.1,NA,NA,NA
2010,3,26,9,-23.1,915.6,NA,NA,NA
2010,3,26,12,-23.3,915.6,59,NA,NA
2010,3,26,15,-23.5,917.7,NA,NA,NA
2010,3,26,18,-23.7,918.7,NA,NA,NA
2010,3,26,21,-23.1,920.3,NA,NA,NA
2010,3,27,0,-22.9,921.6,NA,250,NA
2010,3,27,3,-22.2,922.6,NA,220,NA
2010,3,27,6,-22.9,921.8,NA,260,NA
2010,3,27,9,-22.3,920.9,NA,50,NA
2010,3,27,12,-22.4,919.8,NA,50,NA
2010,3,27,15,-22.4,919.4,NA,40,NA
2010,3,27,18,-22.4,919.4,NA,30,NA
2010,3,27,21,-22.7,919.4,4,20,NA
2010,3,28,0,-23.1,919.2,6,250,NA
2010,3,28,3,-23.5,919.5,NA,230,NA
2010,3,28,6,-23,920.7,NA,230,NA
2010,3,28,9,-24.1,921.3,NA,220,NA
2010,3,28,12,-24.5,922.6,NA,240,NA
2010,3,28,15,-24.8,923.6,13,230,NA
2010,3,28,18,-25,924.8,NA,240,NA
2010,3,28,21,-25.2,925.4,NA,230,NA
2010,3,29,0,-25.1,925.5,NA,230,NA
2010,3,29,3,-24,925.6,NA,40,NA
2010,3,29,6,-24,925.4,3,310,NA
2010,3,29,9,-25.2,924.9,2,280,NA
2010,3,29,12,-24.8,924.2,3,270,NA
2010,3,29,15,-25.2,923,3,270,NA
2010,3,29,18,-22.4,921.9,2,10,NA
2010,3,29,21,-23.5,920.6,1,250,NA
2010,3,30,0,-23.2,919.2,4,260,NA
2010,3,30,3,-23.7,917.5,NA,230,NA
2010,3,30,6,-23.7,916.3,NA,230,NA
2010,3,30,9,-22.8,914.3,NA,220,NA
2010,3,30,12,-21.6,913.1,NA,240,NA
2010,3,30,15,-20.7,915.1,NA,230,NA
2010,3,30,18,-20.5,919.8,NA,210,NA
2010,3,30,21,-20.5,920.8,NA,240,NA
2010,3,31,0,-19,922.1,NA,260,NA
2010,3,31,3,-19.7,923.7,3,50,NA
2010,3,31,6,-21.3,925.3,2,360,NA
2010,3,31,9,-21.8,926.6,3,350,NA
2010,3,31,12,-22,927.7,NA,360,NA
2010,3,31,15,-21.9,928.8,NA,80,NA
2010,3,31,18,-23,928.4,NA,230,NA
2010,3,31,21,-22.7,928.1,4,10,NA
2010,4,1,0,-23.3,928.1,3,0,NA
2010,4,1,3,-22.3,928.8,1,270,NA
2010,4,1,6,-22.6,929.3,3,260,NA
2010,4,1,9,-22.9,929.8,4,280,NA
2010,4,1,12,-22.5,930,NA,0,NA
2010,4,1,15,-22.4,929.8,4,50,NA
2010,4,1,18,-22.2,929.8,2,60,NA
2010,4,1,21,-21.6,930.1,4,40,NA
2010,4,2,0,NA,930.6,1,40,NA
2010,4,2,3,-23.5,930.7,5,270,NA
2010,4,2,6,-23.9,930.7,NA,260,NA
2010,4,2,9,-23.9,930.5,8,230,NA
2010,4,2,12,-23.5,928.7,NA,230,NA
2010,4,2,15,-23.5,929.2,NA,240,NA
2010,4,2,18,-24,929.6,NA,230,NA
2010,4,2,21,-24.1,929.9,NA,210,NA
2010,4,3,0,-24.1,930.4,9,220,NA
2010,4,3,3,-24.1,930,NA,260,NA
2010,4,3,6,-24.9,929,NA,50,NA
2010,4,3,9,-24,928,5,20,NA
2010,4,3,12,-23,927.3,NA,40,NA
2010,4,3,15,-21.1,926.5,NA,20,NA
2010,4,3,18,-20.5,925.9,NA,270,NA
2010,4,3,21,-22.7,925.2,NA,20,NA
2010,4,4,0,-22,924.9,3,30,NA
2010,4,4,3,-22.9,924.1,3,280,NA
2010,4,4,6,-24.9,923.6,5,230,NA
2010,4,4,9,-24.5,923.1,4,200,NA
2010,4,4,12,-24.9,922.7,2,320,NA
2010,4,4,15,-24.5,920.7,NA,10,NA
2010,4,4,18,-24.7,918.4,NA,10,NA
2010,4,4,21,-23.6,916.5,NA,340,NA
2010,4,5,0,-22.9,915.3,NA,310,NA
2010,4,5,3,-20.3,913.5,NA,20,NA
2010,4,5,6,-20.2,912,3,0,NA
2010,4,5,9,-19.7,910.5,3,270,NA
2010,4,5,12,-19,910.1,3,290,NA
2010,4,5,15,-19.6,910.2,7,260,NA
2010,4,5,18,-19.5,910,NA,240,NA
2010,4,5,21,-19.1,910.2,NA,230,NA
2010,4,6,0,-15.6,910.3,NA,240,NA
2010,4,6,3,-15.8,910.6,NA,260,NA
2010,4,6,6,-16.1,909.5,NA,240,NA
2010,4,6,9,-19.6,912.1,NA,220,NA
2010,4,6,12,-20.7,914.8,NA,220,NA
2010,4,6,15,-22.6,917.5,NA,210,NA
2010,4,6,18,-22.9,921.2,NA,190,NA
2010,4,6,21,-24.3,923.3,NA,240,NA
2010,4,7,0,-23.8,924.5,NA,0,NA
2010,4,7,3,-24.2,925.4,4,240,NA
2010,4,7,6,-21.9,927.1,NA,250,NA
2010,4,7,9,-20.2,928.9,5,250,NA
2010,4,7,12,-19.7,930.1,NA,240,NA
2010,4,7,15,-20.6,929.6,NA,240,NA
2010,4,7,18,-22.6,931.6,NA,260,NA
2010,4,7,21,-23.9,930.1,NA,10,NA
2010,4,8,0,-23.5,928,NA,10,NA
2010,4,8,3,-24.5,926.4,NA,50,NA
2010,4,8,6,-23.8,925.1,NA,360,NA
2010,4,8,9,-24.2,924.2,NA,260,NA
2010,4,8,12,-24.8,924,NA,210,NA
2010,4,8,15,-26.1,922.1,8,280,NA
2010,4,8,18,-26.6,920.3,NA,40,NA
2010,4,8,21,-24.4,919,NA,70,NA
2010,4,9,0,-23.2,918.6,NA,NA,NA
2010,4,9,3,-23.3,916.8,3,330,NA
2010,4,9,6,-23.6,915.7,4,250,NA
2010,4,9,9,-24,915.5,4,250,NA
2010,4,9,12,-21.6,914.5,2,210,NA
2010,4,9,15,-19.3,913.9,4,240,NA
2010,4,9,18,-18.3,912.7,3,350,NA
2010,4,9,21,-17.3,912.2,NA,310,NA
2010,4,10,0,-18.5,912.1,NA,240,NA
2010,4,10,3,-20.2,911.4,NA,240,NA
2010,4,10,6,-20.7,913,NA,220,NA
2010,4,10,9,-21.2,913,NA,360,NA
2010,4,10,12,-20.8,913.5,NA,40,NA
2010,4,10,15,-21.5,914,4,250,NA
2010,4,10,18,-22.1,914.6,3,240,NA
2010,4,10,21,-22.2,915.4,1,160,NA
2010,4,11,0,-23,915.7,4,350,NA
2010,4,11,3,-22.4,915.9,3,250,NA
2010,4,11,6,-22.2,915.8,3,240,NA
2010,4,11,9,-21.7,915.5,5,260,NA
2010,4,11,12,-22.5,914.6,3,310,NA
2010,4,11,15,-22,913.4,3,260,NA
2010,4,11,18,-20.4,912.7,1,330,NA
2010,4,11,21,-20.4,912.5,3,260,NA
2010,4,12,0,-17.3,911.8,NA,230,NA
2010,4,12,3,-17.8,911.4,NA,0,NA
2010,4,12,6,-18.3,911,NA,230,NA
2010,4,12,9,-17.2,910.5,NA,240,NA
2010,4,12,12,-15.5,910.6,NA,270,NA
2010,4,12,15,-16.1,910.5,NA,270,NA
2010,4,12,18,-17.2,910.7,NA,30,NA
2010,4,12,21,NA,910.7,NA,250,NA
2010,4,13,0,-21.4,911.1,NA,230,NA
2010,4,13,3,-21.7,911,12,250,NA
2010,4,13,6,-21.7,911.1,13,250,NA
2010,4,13,9,-21.5,911.8,NA,270,NA
2010,4,13,12,-19,912.5,NA,140,NA
2010,4,13,15,-20.9,913.4,NA,10,NA
2010,4,13,18,-21.9,914,3,260,NA
2010,4,13,21,-21.7,914.9,2,0,NA
2010,4,14,0,-22.1,915.4,2,220,NA
2010,4,14,3,-22.6,915.6,2,30,NA
2010,4,14,6,-23.3,916,NA,50,NA
2010,4,14,9,-23.4,916.3,6,50,NA
2010,4,14,12,-24.2,916.7,NA,0,NA
2010,4,14,15,-23.1,917.1,2,50,NA
2010,4,14,18,-23.4,917.6,3,260,NA
2010,4,14,21,-25.4,917.3,NA,250,NA
2010,4,15,0,-24.8,918.4,NA,250,NA
2010,4,15,3,-24.3,918.8,15,250,NA
2010,4,15,6,-23.4,918.7,15,230,NA
2010,4,15,9,-23.4,917.3,16,230,NA
2010,4,15,12,-23.3,915.1,NA,220,NA
2010,4,15,15,-23.5,911.7,NA,230,NA
2010,4,15,18,-24.1,910.6,NA,230,NA
2010,4,15,21,-24.2,911.1,44,240,NA
2010,4,16,0,-21.6,910.6,NA,240,NA
2010,4,16,3,-21.9,910.5,NA,230,NA
2010,4,16,6,-20.7,908,NA,240,NA
2010,4,16,9,-20.2,912.2,NA,230,NA
2010,4,16,12,-18,913,NA,240,NA
2010,4,16,15,-20.1,914.7,NA,240,NA
2010,4,16,18,-19.4,914.2,NA,230,NA
2010,4,16,21,-17.3,915,29,NA,NA
2010,4,17,0,-16.3,916,28,NA,NA
2010,4,17,3,-16,915.5,NA,NA,NA
2010,4,17,6,-17.4,918,NA,230,NA
2010,4,17,9,-17,918.9,NA,250,NA
2010,4,17,12,-16.8,918.7,NA,240,NA
2010,4,17,15,-17.3,920,NA,250,NA
2010,4,17,18,-18.4,920.7,20,230,NA
2010,4,17,21,-18.7,921.3,NA,230,NA
2010,4,18,0,-19,922.1,NA,NA,NA
2010,4,18,3,-18,922.1,NA,NA,NA
2010,4,18,6,-17.7,923.9,NA,240,NA
2010,4,18,9,-19,924.8,NA,250,NA
2010,4,18,12,-18.1,925.3,NA,260,NA
2010,4,18,15,-16,925.5,NA,290,NA
2010,4,18,18,-16.9,925.3,NA,120,NA
2010,4,18,21,-18.7,925.4,4,20,NA
2010,4,19,0,-18.1,925.5,2,120,NA
2010,4,19,3,-19.7,925.5,6,240,NA
2010,4,19,6,-21.2,925.3,NA,230,NA
2010,4,19,9,-22.2,925.1,NA,230,NA
2010,4,19,12,-23,925.6,NA,240,NA
2010,4,19,15,-23.1,925.4,NA,240,NA
2010,4,19,18,-22.9,926.3,NA,240,NA
2010,4,19,21,-22.6,927.2,NA,230,NA
2010,4,20,0,-22.5,927.5,NA,250,NA
2010,4,20,3,-22.4,926.9,NA,230,NA
2010,4,20,6,-22.5,926.9,11,230,NA
2010,4,20,9,-23,925.9,NA,240,NA
2010,4,20,12,-22.7,925.5,NA,260,NA
2010,4,20,15,-23,924.4,NA,20,NA
2010,4,20,18,-23.4,923.3,4,40,NA
2010,4,20,21,-22.4,923.3,NA,360,NA
2010,4,21,0,-22.8,923.9,NA,280,NA
2010,4,21,3,-23.3,924.2,NA,260,NA
2010,4,21,6,-23.2,925.1,NA,240,NA
2010,4,21,9,-22.2,926.2,NA,NA,NA
2010,4,21,12,-22.1,927.3,12,NA,NA
2010,4,21,15,-22.7,927.3,NA,NA,NA
2010,4,21,18,-23,928.2,NA,230,NA
2010,4,21,21,-23.8,927.7,NA,NA,NA
2010,4,22,0,-24,926.5,22,NA,NA
2010,4,22,3,-24.2,925.4,NA,NA,NA
2010,4,22,6,-25,924,NA,220,NA
2010,4,22,9,-23.7,920.6,NA,230,NA
2010,4,22,12,-23.6,918.8,NA,240,NA
2010,4,22,15,-23.6,916.9,NA,240,NA
2010,4,22,18,-21.9,915.9,NA,230,NA
2010,4,22,21,-22.5,913.3,NA,NA,NA
2010,4,23,0,-22.1,912.5,NA,NA,NA
2010,4,23,3,-20.7,910.7,NA,NA,NA
2010,4,23,6,-19.7,911.9,NA,NA,NA
2010,4,23,9,-19.8,910,47,NA,NA
2010,4,23,12,-19.5,910,NA,230,NA
2010,4,23,15,-18.7,910.4,NA,240,NA
2010,4,23,18,-18.7,909,NA,230,NA
2010,4,23,21,-18.2,908.6,NA,240,NA
2010,4,24,0,-17.2,907.9,46,240,NA
2010,4,24,3,-16.8,908.1,46,240,NA
2010,4,24,6,-18.3,908.6,NA,220,NA
2010,4,24,9,-18.4,906.1,NA,230,NA
2010,4,24,12,-17,906.9,NA,230,NA
2010,4,24,15,-16.8,908.1,NA,240,NA
2010,4,24,18,-17.5,908.2,44,230,NA
2010,4,24,21,-16.8,909.4,NA,230,NA
2010,4,25,0,-16.3,912,NA,240,NA
2010,4,25,3,-15.8,913,NA,240,NA
2010,4,25,6,-15.6,913.8,NA,240,NA
2010,4,25,9,-15.5,914.8,NA,230,NA
2010,4,25,12,-15.6,914.5,NA,230,NA
2010,4,25,15,-14.8,915.1,NA,240,NA
2010,4,25,18,-16.1,915.9,NA,230,NA
2010,4,25,21,-15.3,917.2,NA,260,NA
2010,4,26,0,-13.8,917.9,NA,240,NA
2010,4,26,3,-14,917.7,NA,350,NA
2010,4,26,6,-12.3,917.5,NA,10,NA
2010,4,26,9,-12.6,917.3,NA,30,NA
2010,4,26,12,-11.5,918,6,240,NA
2010,4,26,15,-10.5,919.1,3,260,NA
2010,4,26,18,-10.9,920.7,NA,230,NA
2010,4,26,21,-11.9,922.4,NA,100,NA
2010,4,27,0,-12.6,923.1,NA,40,NA
2010,4,27,3,-13.6,923.5,NA,0,NA
2010,4,27,6,NA,922.8,NA,110,NA
2010,4,27,9,-17.2,922.5,NA,250,NA
2010,4,27,12,-17.3,921.8,NA,220,NA
2010,4,27,15,-17.5,921.2,NA,230,NA
2010,4,27,18,-17.4,921.1,NA,210,NA
2010,4,27,21,-17.4,920.7,NA,190,NA
2010,4,28,0,-18.8,920.1,NA,240,NA
2010,4,28,3,-18.7,919.9,NA,240,NA
2010,4,28,6,-20.2,920.2,7,270,NA
2010,4,28,9,-19.3,921.1,NA,210,NA
2010,4,28,12,-20.3,921.4,NA,260,NA
2010,4,28,15,-20,921.9,4,350,NA
2010,4,28,18,-20.1,922,4,360,NA
2010,4,28,21,-20.7,922.5,5,250,NA
2010,4,29,0,-21.2,923.1,6,220,NA
2010,4,29,3,-21.6,923.2,5,260,NA
2010,4,29,6,-21.4,923.1,2,280,NA
2010,4,29,9,-21.7,923.3,4,290,NA
2010,4,29,12,-22.6,923.3,2,280,NA
2010,4,29,15,-22.5,923.2,5,260,NA
2010,4,29,18,-22.3,922.8,4,230,NA
2010,4,29,21,-22.2,922.8,3,270,NA
2010,4,30,0,-22.3,922.5,5,240,NA
2010,4,30,3,-22.4,922.2,NA,250,NA
2010,4,30,6,-23,921.4,NA,230,NA
2010,4,30,9,-22.9,920.7,NA,230,NA
2010,4,30,12,-22.7,918.9,NA,240,NA
2010,4,30,15,-22.4,918.5,NA,240,NA
2010,4,30,18,-21.7,919.5,NA,240,NA
2010,4,30,21,-21.3,920.2,NA,230,NA
2010,5,1,0,-21,920.2,NA,270,NA
2010,5,1,3,-20.3,919.4,NA,240,NA
2010,5,1,6,-19.5,918.7,NA,240,NA
2010,5,1,9,-19.2,918.6,NA,200,NA
2010,5,1,12,-21.7,919.5,NA,230,NA
2010,5,1,15,-22.5,920.6,NA,210,NA
2010,5,1,18,-21.5,920.3,NA,230,NA
2010,5,1,21,-20.9,920.9,NA,230,NA
2010,5,2,0,-21.2,921.1,NA,240,NA
2010,5,2,3,-20,920.4,NA,350,NA
2010,5,2,6,-20.2,919.9,NA,270,NA
2010,5,2,9,-21.4,919.2,NA,10,NA
2010,5,2,12,-22.7,917.6,NA,40,NA
2010,5,2,15,-23.6,915.8,NA,270,NA
2010,5,2,18,-23.6,914.7,NA,240,NA
2010,5,2,21,-25,914.6,NA,240,NA
2010,5,3,0,-24.8,916.5,NA,240,NA
2010,5,3,3,-26.3,916.8,NA,280,NA
2010,5,3,6,-25.5,917.1,NA,260,NA
2010,5,3,9,-23.3,917.1,NA,240,NA
2010,5,3,12,-22.7,917.2,NA,250,NA
2010,5,3,15,-21.6,917.7,NA,160,NA
2010,5,3,18,-20.9,918.1,NA,20,NA
2010,5,3,21,-22.6,918.8,NA,230,NA
2010,5,4,0,-22.5,919.4,NA,20,NA
2010,5,4,3,-23,919.7,NA,30,NA
2010,5,4,6,-23.3,920.9,NA,360,NA
2010,5,4,9,-24.9,922,NA,230,NA
2010,5,4,12,-24.4,923.8,NA,180,NA
2010,5,4,15,-24.3,925.8,NA,220,NA
2010,5,4,18,-25.7,927.7,4,290,NA
2010,5,4,21,-24.5,928.8,NA,360,NA
2010,5,5,0,-25.2,929.2,NA,50,NA
2010,5,5,3,-24.2,928,NA,220,NA
2010,5,5,6,-22.1,927.7,NA,230,NA
2010,5,5,9,-21.7,927.3,NA,240,NA
2010,5,5,12,-22.1,926.9,NA,250,NA
2010,5,5,15,-24.1,927.4,NA,240,NA
2010,5,5,18,-24.7,929,NA,230,NA
2010,5,5,21,-23.1,931,NA,200,NA
2010,5,6,0,-23.6,932.8,3,260,NA
2010,5,6,3,-23.1,933.7,NA,240,NA
2010,5,6,6,-23.3,935,NA,170,NA
2010,5,6,9,-22.9,935.9,5,250,NA
2010,5,6,12,-22.9,936.4,2,160,NA
2010,5,6,15,-19.6,935.9,NA,220,NA
2010,5,6,18,NA,935.2,NA,240,NA
2010,5,6,21,-17.7,935.8,NA,230,NA
2010,5,7,0,-16,935,NA,250,NA
2010,5,7,3,-16,934.8,14,230,NA
2010,5,7,6,-18.5,934.2,NA,230,NA
2010,5,7,9,-15.4,931.2,NA,230,NA
2010,5,7,12,-15.8,929,NA,NA,NA
2010,5,7,15,-17.4,929.7,NA,NA,NA
2010,5,7,18,-17,933.6,NA,230,NA
2010,5,7,21,-15.8,936.5,NA,250,NA
2010,5,8,0,-16.3,937.6,NA,230,NA
2010,5,8,3,-13.6,938.1,NA,230,NA
2010,5,8,6,-16.4,937.2,NA,20,NA
2010,5,8,9,-15,936.7,NA,220,NA
2010,5,8,12,-17.8,936.3,NA,240,NA
2010,5,8,15,-15.8,934.7,NA,260,NA
2010,5,8,18,-18.6,932.7,NA,240,NA
2010,5,8,21,-17.1,932.6,NA,250,NA
2010,5,9,0,-17.2,931.8,NA,250,NA
2010,5,9,3,-15.2,929.9,NA,240,NA
2010,5,9,6,-15.7,928.7,NA,220,NA
2010,5,9,9,-17.9,927.9,28,230,NA
2010,5,9,12,-18.2,927.3,NA,240,NA
2010,5,9,15,-17.7,926.6,NA,240,NA
2010,5,9,18,-17.5,925.9,NA,240,NA
2010,5,9,21,-17.5,925.2,NA,210,NA
2010,5,10,0,-18,924.2,NA,260,NA
2010,5,10,3,-16.3,923.7,NA,350,NA
2010,5,10,6,-17,923.6,NA,240,NA
2010,5,10,9,-17.2,924.6,NA,250,NA
2010,5,10,12,-18.7,926,NA,240,NA
2010,5,10,15,-19.3,926.7,NA,240,NA
2010,5,10,18,-20.3,928.5,NA,230,NA
2010,5,10,21,-19.6,927.8,NA,30,NA
2010,5,11,0,-19.6,927,NA,20,NA
2010,5,11,3,-19.9,926.8,17,30,NA
2010,5,11,6,-20.7,926.9,NA,40,NA
2010,5,11,9,-22,927.1,NA,60,NA
2010,5,11,12,-23.8,927.9,8,260,NA
2010,5,11,15,-22,928.4,8,230,NA
2010,5,11,18,-22.3,928.4,NA,230,NA
2010,5,11,21,-22.9,927.6,NA,NA,NA
2010,5,12,0,-23.4,928.1,NA,NA,NA
2010,5,12,3,-23.7,928.5,NA,NA,NA
2010,5,12,6,-23.8,929.5,41,NA,NA
2010,5,12,9,-23.9,929.3,NA,230,NA
2010,5,12,12,-24,931.1,NA,240,NA
2010,5,12,15,-23.9,933.1,NA,230,NA
2010,5,12,18,-23.9,936.3,NA,NA,NA
2010,5,12,21,-24.4,937.7,NA,NA,NA
2010,5,13,0,-24.8,938.4,NA,NA,NA
2010,5,13,3,-25.2,938.7,NA,NA,NA
2010,5,13,6,-25.3,938.8,4,50,NA
2010,5,13,9,-25.6,938.7,NA,360,NA
2010,5,13,12,-26.8,938.4,4,20,NA
2010,5,13,15,-27.2,937.1,5,30,NA
2010,5,13,18,-27.3,934.4,6,50,NA
2010,5,13,21,-26.5,930.6,8,50,NA
2010,5,14,0,NA,NA,NA,270,NA
2010,5,14,3,-28,927.8,5,260,NA
2010,5,14,6,-28.1,926.6,NA,240,NA
2010,5,14,9,-27.6,926,NA,230,NA
2010,5,14,12,-28.2,927.2,8,230,NA
2010,5,14,15,-28.5,927.3,NA,230,NA
2010,5,14,18,-28.2,927.2,6,210,NA
2010,5,14,21,-28.9,926.7,7,240,NA
2010,5,15,0,-28.9,927.3,NA,250,NA
2010,5,15,3,-29.4,927.8,NA,270,NA
2010,5,15,6,-28.2,928.1,2,260,NA
2010,5,15,9,-27.5,928.6,1,340,NA
2010,5,15,12,-25.9,928.8,1,10,NA
2010,5,15,15,-28.6,928.7,1,20,NA
2010,5,15,18,-28.3,928.1,NA,NA,NA
2010,5,15,21,-27.2,927.5,NA,NA,NA
2010,5,16,0,-28,926.9,1,360,NA
2010,5,16,3,-27.7,925.9,4,60,NA
2010,5,16,6,-24,923.4,4,0,NA
2010,5,16,9,NA,920.5,NA,20,NA
2010,5,16,12,-20.7,917.3,NA,360,NA
2010,5,16,15,-21.6,915.4,NA,20,NA
2010,5,16,18,-25.5,913.1,NA,30,NA
2010,5,16,21,-25.8,910.8,NA,250,NA
2010,5,17,0,-25.2,909,NA,240,NA
2010,5,17,3,NA,907.3,NA,260,NA
2010,5,17,6,-28,906.8,NA,230,NA
2010,5,17,9,-26.6,906.4,3,10,NA
2010,5,17,12,-27.9,907.2,5,60,NA
2010,5,17,15,-28,908.7,6,90,NA
2010,5,17,18,-29.1,910.2,NA,30,NA
2010,5,17,21,-29.2,911.5,5,10,NA
2010,5,18,0,-29.1,912.9,NA,0,NA
2010,5,18,3,-29.1,914.3,NA,240,NA
2010,5,18,6,-29.7,915.7,NA,260,NA
2010,5,18,9,-29.7,916.7,NA,100,NA
2010,5,18,12,-30.3,917,NA,0,NA
2010,5,18,15,-31,916.6,1,290,NA
2010,5,18,18,-31.7,916.3,4,260,NA
2010,5,18,21,-32.8,916.4,5,250,NA
2010,5,19,0,-33.5,916.4,NA,210,NA
2010,5,19,3,-34.8,917.5,NA,230,NA
2010,5,19,6,-35.8,917.5,16,240,NA
2010,5,19,9,-35.8,918.8,17,230,NA
2010,5,19,12,-35.7,919.1,NA,230,NA
2010,5,19,15,-35.6,919.3,NA,230,NA
2010,5,19,18,-35.3,918.2,NA,260,NA
2010,5,19,21,-35.8,918.1,NA,200,NA
2010,5,20,0,-35.4,917.9,NA,260,NA
2010,5,20,3,-35.2,917,3,90,NA
2010,5,20,6,-35.3,915.8,4,330,NA
2010,5,20,9,-35,914.6,5,10,NA
2010,5,20,12,-32.9,913.3,NA,330,NA
2010,5,20,15,-34.2,911.7,2,30,NA
2010,5,20,18,-33.2,909.9,3,290,NA
2010,5,20,21,-31.6,908,3,30,NA
2010,5,21,0,-31,906.3,4,290,NA
2010,5,21,3,-30.7,905,3,280,NA
2010,5,21,6,-27.8,904.3,NA,220,NA
2010,5,21,9,-27,903.3,NA,10,NA
2010,5,21,12,-25.4,902.8,NA,320,NA
2010,5,21,15,-24.5,902.4,NA,360,NA
2010,5,21,18,-23.5,901.8,NA,340,NA
2010,5,21,21,-22.9,903.4,NA,240,NA
2010,5,22,0,-26.3,904.2,NA,240,NA
2010,5,22,3,-26.4,906.1,NA,250,NA
2010,5,22,6,-27.1,907.5,NA,220,NA
2010,5,22,9,-27,907.3,NA,100,NA
2010,5,22,12,-27.6,907.3,NA,260,NA
2010,5,22,15,-27.6,907.1,NA,20,NA
2010,5,22,18,-27,907.1,NA,10,NA
2010,5,22,21,-23.8,907.1,NA,230,NA
2010,5,23,0,NA,907.6,NA,250,NA
2010,5,23,3,-21.6,909,NA,230,NA
2010,5,23,6,-19,907.8,NA,230,NA
2010,5,23,9,-20,912.9,NA,240,NA
2010,5,23,12,-21.5,914.1,NA,230,NA
2010,5,23,15,-21.9,917.5,NA,240,NA
2010,5,23,18,-19.4,917,NA,210,NA
2010,5,23,21,NA,915.4,NA,260,NA
2010,5,24,0,-15,915.2,NA,240,NA
2010,5,24,3,-15.1,915.6,NA,NA,NA
2010,5,24,6,NA,915.3,NA,NA,NA
2010,5,24,9,-15.8,917,NA,NA,NA
2010,5,24,12,-14.9,917.1,NA,350,NA
2010,5,24,15,-19.9,917.7,NA,40,NA
2010,5,24,18,-19.1,917.8,8,20,NA
2010,5,24,21,-21.2,916.9,6,20,NA
2010,5,25,0,-23.1,915.9,NA,120,NA
2010,5,25,3,-22.7,915.2,NA,250,NA
2010,5,25,6,-24.2,914.7,NA,260,NA
2010,5,25,9,-23.9,914.6,NA,260,NA
2010,5,25,12,-24.2,915.4,NA,260,NA
2010,5,25,15,-23.9,915.3,NA,10,NA
2010,5,25,18,-23.3,915.4,3,30,NA
2010,5,25,21,-22.3,916.5,3,10,NA
2010,5,26,0,-23,917.8,2,270,NA
2010,5,26,3,-24.3,918.6,2,240,NA
2010,5,26,6,-24.7,918.9,3,40,NA
2010,5,26,9,-25.5,918.7,5,40,NA
2010,5,26,12,-25.6,918.4,5,30,NA
2010,5,26,15,-25.5,918.6,NA,0,NA
2010,5,26,18,-26.5,917.2,NA,260,NA
2010,5,26,21,-26.9,916.4,NA,250,NA
2010,5,27,0,-27.3,916.2,4,260,NA
2010,5,27,3,-27.6,915.9,NA,240,NA
2010,5,27,6,-28.2,914.8,1,20,NA
2010,5,27,9,-28.4,914.1,2,360,NA
2010,5,27,12,-29.1,913.9,2,300,NA
2010,5,27,15,-27.7,914,1,280,NA
2010,5,27,18,-27.2,915.3,1,280,NA
2010,5,27,21,-26.9,916.9,1,330,NA
2010,5,28,0,-27.2,918,NA,240,NA
2010,5,28,3,-26.7,919,3,240,NA
2010,5,28,6,-29.1,918.9,NA,230,NA
2010,5,28,9,-30,919.1,7,240,NA
2010,5,28,12,-28.8,920.7,NA,190,NA
2010,5,28,15,-28.7,920.5,3,360,NA
2010,5,28,18,-29.5,920.6,3,320,NA
2010,5,28,21,-26.7,921.9,2,10,NA
2010,5,29,0,NA,923.9,1,100,NA
2010,5,29,3,NA,924.8,4,220,NA
2010,5,29,6,-21.2,924.3,NA,350,NA
2010,5,29,9,-20.4,921.5,NA,360,NA
2010,5,29,12,-21.2,919.6,NA,20,NA
2010,5,29,15,-18.6,919.5,NA,10,NA
2010,5,29,18,-21,920,NA,250,NA
2010,5,29,21,-22.9,920.3,8,260,NA
2010,5,30,0,-21.5,920,NA,210,NA
2010,5,30,3,-18.6,920.3,NA,230,NA
2010,5,30,6,-17.6,919.7,NA,NA,NA
2010,5,30,9,-15.9,918.2,NA,NA,NA
2010,5,30,12,-15.7,918.6,NA,NA,NA
2010,5,30,15,-16.6,917.2,NA,240,NA
2010,5,30,18,-18,918.1,NA,240,NA
2010,5,30,21,-19.1,917.6,NA,240,NA
2010,5,31,0,-17.9,916.3,NA,230,NA
2010,5,31,3,-16.2,915.3,NA,230,NA
2010,5,31,6,-18.8,913.9,NA,220,NA
2010,5,31,9,NA,915,NA,240,NA
2010,5,31,12,-20.7,916.2,NA,240,NA
2010,5,31,15,-17.9,916,NA,340,NA
2010,5,31,18,-17.2,916,NA,300,NA
2010,5,31,21,-17.9,916.1,NA,260,NA
2010,6,1,0,-17.3,917.2,NA,350,NA
2010,6,1,3,-18.9,917.6,4,310,NA
2010,6,1,6,-20.2,917.7,NA,260,NA
2010,6,1,9,-22,917.1,NA,250,NA
2010,6,1,12,-21.7,918.5,NA,240,NA
2010,6,1,15,-24.5,918.9,NA,240,NA
2010,6,1,18,-25.3,918.6,NA,240,NA
2010,6,1,21,-26.1,919.5,NA,230,NA
2010,6,2,0,-27.1,922.1,NA,230,NA
2010,6,2,3,-27.5,923.5,NA,250,NA
2010,6,2,6,-27.5,924.2,NA,220,NA
2010,6,2,9,-28,924.1,6,260,NA
2010,6,2,12,-27.1,923.8,NA,30,NA
2010,6,2,15,-27.3,923.1,2,30,NA
2010,6,2,18,-27,922.3,1,90,NA
2010,6,2,21,-25.7,922.2,1,330,NA
2010,6,3,0,-25.3,922.1,4,250,NA
2010,6,3,3,-28.1,920.8,NA,240,NA
2010,6,3,6,-28.4,920.2,NA,220,NA
2010,6,3,9,-28.2,918.8,NA,230,NA
2010,6,3,12,-27.3,914.9,NA,230,NA
2010,6,3,15,-27.6,913,NA,NA,NA
2010,6,3,18,-26.3,912,NA,NA,NA
2010,6,3,21,-26.4,913.1,NA,NA,NA
2010,6,4,0,-24,914.3,NA,NA,NA
2010,6,4,3,-23.5,913.3,NA,220,NA
2010,6,4,6,-23.5,913.7,NA,240,NA
2010,6,4,9,-23.5,913.4,NA,230,NA
2010,6,4,12,-25.9,913.5,NA,230,NA
2010,6,4,15,-26.7,913.4,NA,250,NA
2010,6,4,18,-27.3,913.1,NA,240,NA
2010,6,4,21,-25.3,913.4,NA,240,NA
2010,6,5,0,-25.4,914,NA,230,NA
2010,6,5,3,-24.5,914.7,NA,240,NA
2010,6,5,6,-24.6,916.4,NA,200,NA
2010,6,5,9,-25.4,917.4,NA,240,NA
2010,6,5,12,-24.4,918.6,NA,300,NA
2010,6,5,15,-24.5,919.8,NA,80,NA
2010,6,5,18,-23.6,920.5,3,290,NA
2010,6,5,21,-23.1,921.3,5,360,NA
2010,6,6,0,-22.3,922,4,360,NA
2010,6,6,3,-22,922.4,4,20,NA
2010,6,6,6,-22.8,922.9,4,260,NA
2010,6,6,9,-21.3,923.2,1,290,NA
2010,6,6,12,-20.8,923.5,3,240,NA
2010,6,6,15,-21,923.9,NA,220,NA
2010,6,6,18,-20.7,924.1,NA,230,NA
2010,6,6,21,-23.8,923.4,NA,230,NA
2010,6,7,0,-23.3,924.1,NA,150,NA
2010,6,7,3,-23.2,921.1,NA,320,NA
2010,6,7,6,-21.7,918.9,NA,250,NA
2010,6,7,9,-21.4,916.8,3,20,NA
2010,6,7,12,-21,915.2,2,320,NA
2010,6,7,15,-21.8,914,3,80,NA
2010,6,7,18,-22.7,913,NA,30,NA
2010,6,7,21,-25.5,913.2,NA,40,NA
2010,6,8,0,-25.3,913.9,NA,120,NA
2010,6,8,3,-26.6,912.9,NA,30,NA
2010,6,8,6,-26.7,912.6,NA,0,NA
2010,6,8,9,-27.2,912.1,NA,360,NA
2010,6,8,12,-27.8,912.7,NA,30,NA
2010,6,8,15,-27.5,913.3,NA,10,NA
2010,6,8,18,-25.8,913.5,7,350,NA
2010,6,8,21,-26.6,914.4,NA,20,NA
2010,6,9,0,-26.2,915,NA,340,NA
2010,6,9,3,-27.1,915.2,11,20,NA
2010,6,9,6,-28.3,916.4,NA,210,NA
2010,6,9,9,-28.7,917,NA,240,NA
2010,6,9,12,-30.5,918.3,NA,230,NA
2010,6,9,15,-30,919.6,NA,10,NA
2010,6,9,18,-29.4,920.5,NA,340,NA
2010,6,9,21,-28.6,921.2,NA,350,NA
2010,6,10,0,-28,921.8,10,350,NA
2010,6,10,3,-27.1,922.1,NA,340,NA
2010,6,10,6,-25.8,922.2,NA,310,NA
2010,6,10,9,-25.8,922.1,3,30,NA
2010,6,10,12,-24.2,922.2,1,220,NA
2010,6,10,15,-23.4,921.1,4,20,NA
2010,6,10,18,-21.6,919.9,4,300,NA
2010,6,10,21,-21.9,919.2,NA,290,NA
2010,6,11,0,-20.2,918.2,NA,300,NA
2010,6,11,3,-18.4,916.4,NA,260,NA
2010,6,11,6,-17.8,914.6,NA,360,NA
2010,6,11,9,-17.3,913.4,NA,20,NA
2010,6,11,12,-18.7,913,NA,360,NA
2010,6,11,15,-20.2,913.3,NA,30,NA
2010,6,11,18,-21.5,913.9,NA,210,NA
2010,6,11,21,NA,914,NA,240,NA
2010,6,12,0,-25.8,914.2,NA,230,NA
2010,6,12,3,-26.6,913.5,NA,230,NA
2010,6,12,6,-26.7,913.4,NA,NA,NA
2010,6,12,9,-27,913.2,NA,NA,NA
2010,6,12,12,-28.6,916.3,NA,NA,NA
2010,6,12,15,-28.7,917,NA,NA,NA
2010,6,12,18,-29.1,916.5,NA,NA,NA
2010,6,12,21,-28.4,916.9,NA,NA,NA
2010,6,13,0,-28.4,917.2,NA,NA,NA
2010,6,13,3,-27.5,918,NA,NA,NA
2010,6,13,6,-26,918.2,NA,220,NA
2010,6,13,9,-25.4,918.8,NA,220,NA
2010,6,13,12,-24.2,918.4,NA,230,NA
2010,6,13,15,-22.9,917,NA,240,NA
2010,6,13,18,-23.3,917.9,NA,260,NA
2010,6,13,21,-21.2,916.6,NA,290,NA
2010,6,14,0,-20.6,915.9,NA,350,NA
2010,6,14,3,-23.5,915.5,NA,280,NA
2010,6,14,6,-22.7,913.7,NA,280,NA
2010,6,14,9,-22,911.5,NA,360,NA
2010,6,14,12,-23.6,909.7,NA,150,NA
2010,6,14,15,-23.3,906.7,NA,20,NA
2010,6,14,18,-25,904.7,NA,60,NA
2010,6,14,21,-26.6,904.3,NA,250,NA
2010,6,15,0,-28.7,904.3,4,240,NA
2010,6,15,3,-27.5,904.5,2,30,NA
2010,6,15,6,-29.1,904.9,4,250,NA
2010,6,15,9,-28.9,905.5,3,270,NA
2010,6,15,12,-28.3,906.6,NA,240,NA
2010,6,15,15,-28.1,907.7,NA,250,NA
2010,6,15,18,-28.3,908.5,NA,240,NA
2010,6,15,21,-27.4,908.8,NA,260,NA
2010,6,16,0,-28.3,909,NA,240,NA
2010,6,16,3,-28,907.9,NA,230,NA
2010,6,16,6,-29,909.5,NA,230,NA
2010,6,16,9,-27.6,910.6,43,240,NA
2010,6,16,12,-27.4,911.3,41,240,NA
2010,6,16,15,-26.6,912.2,NA,230,NA
2010,6,16,18,-25.1,909.2,NA,NA,NA
2010,6,16,21,-23.9,916.3,NA,NA,NA
2010,6,17,0,-23.5,NA,NA,NA,NA
2010,6,17,3,-23.7,923.1,NA,NA,NA
2010,6,17,6,-23.8,925.2,NA,230,NA
2010,6,17,9,-23.7,926.6,NA,200,NA
2010,6,17,12,-25.6,927.5,NA,30,NA
2010,6,17,15,-24.8,926.9,NA,220,NA
2010,6,17,18,-25.3,927.3,NA,30,NA
2010,6,17,21,-26.3,926.6,NA,70,NA
2010,6,18,0,NA,925.2,NA,40,NA
2010,6,18,3,-27.3,924.1,3,10,NA
2010,6,18,6,-27.2,923.5,3,30,NA
2010,6,18,9,-28.4,921.9,3,260,NA
2010,6,18,12,-28.2,919.8,2,210,NA
2010,6,18,15,-28,918.1,NA,NA,NA
2010,6,18,18,-28.2,916.4,2,260,NA
2010,6,18,21,-28,914.1,2,350,NA
2010,6,19,0,-28.3,911.9,5,250,NA
2010,6,19,3,-27.6,909.3,4,250,NA
2010,6,19,6,-26.8,907.2,NA,240,NA
2010,6,19,9,-27.6,905,NA,240,NA
2010,6,19,12,-26.9,903.3,NA,240,NA
2010,6,19,15,-28.1,903.4,NA,250,NA
2010,6,19,18,-28.1,904.1,NA,240,NA
2010,6,19,21,-28.7,905.1,NA,230,NA
2010,6,20,0,-28.5,906.6,NA,220,NA
2010,6,20,3,-27.8,907.4,NA,90,NA
2010,6,20,6,-27.9,908.3,NA,230,NA
2010,6,20,9,-27.9,908.7,NA,220,NA
2010,6,20,12,-28,908.9,NA,220,NA
2010,6,20,15,-28.1,907.6,NA,220,NA
2010,6,20,18,-27,907,NA,NA,NA
2010,6,20,21,-26.8,906.1,NA,NA,NA
2010,6,21,0,-26.4,907.2,NA,NA,NA
2010,6,21,3,-26,909.5,NA,230,NA
2010,6,21,6,-26.2,910.6,NA,240,NA
2010,6,21,9,-24.8,910.9,NA,360,NA
2010,6,21,12,-25.6,911.5,NA,30,NA
2010,6,21,15,-28.2,911.7,NA,20,NA
2010,6,21,18,-28.5,910.9,NA,250,NA
2010,6,21,21,-29.3,909.7,7,260,NA
2010,6,22,0,-29.9,911.2,NA,240,NA
2010,6,22,3,-30.3,912.8,NA,160,NA
2010,6,22,6,-30.9,912.8,NA,0,NA
2010,6,22,9,-30.9,911.2,NA,30,NA
2010,6,22,12,-29.9,910.3,4,340,NA
2010,6,22,15,-30.3,909.9,3,120,NA
2010,6,22,18,-31.4,909.1,3,20,NA
2010,6,22,21,-32.1,908.5,4,350,NA
2010,6,23,0,-32.6,908.9,1,330,NA
2010,6,23,3,-32.6,908.3,NA,230,NA
2010,6,23,6,-32.9,910.1,NA,250,NA
2010,6,23,9,-32.2,910.6,NA,270,NA
2010,6,23,12,-31.5,910.2,NA,350,NA
2010,6,23,15,-32,909.5,3,260,NA
2010,6,23,18,-30.2,908.7,2,270,NA
2010,6,23,21,-30.2,908.4,4,260,NA
2010,6,24,0,-29.6,908.4,2,300,NA
2010,6,24,3,-28.7,907.9,1,30,NA
2010,6,24,6,-29.8,908.2,2,250,NA
2010,6,24,9,-28.3,908.7,1,300,NA
2010,6,24,12,-27.4,909.3,2,290,NA
2010,6,24,15,-27.8,909.6,2,230,NA
2010,6,24,18,-26.8,910.1,NA,260,NA
2010,6,24,21,NA,NA,NA,NA,NA
2010,6,25,0,NA,NA,NA,NA,NA
2010,6,25,3,NA,NA,NA,NA,NA
2010,6,25,6,NA,NA,NA,NA,NA
2010,6,25,9,-23.3,919,18,250,NA
2010,6,25,12,-21.3,921.5,19,NA,NA
2010,6,25,15,-20.9,923.6,18,NA,NA
2010,6,25,18,-20.9,925.7,NA,NA,NA
2010,6,25,21,-19.6,926.9,NA,260,NA
2010,6,26,0,-17.1,927.7,6,350,NA
2010,6,26,3,-17.7,927.3,NA,290,NA
2010,6,26,6,-15.7,927.1,5,300,NA
2010,6,26,9,-16,927.6,4,280,NA
2010,6,26,12,-14.4,928,3,280,NA
2010,6,26,15,-16.2,927.8,3,260,NA
2010,6,26,18,-16.3,926.9,4,260,NA
2010,6,26,21,-16.4,926.1,1,310,NA
2010,6,27,0,-15.7,924.7,NA,330,NA
2010,6,27,3,-14.6,923.8,NA,280,NA
2010,6,27,6,-13.8,923.8,4,270,NA
2010,6,27,9,-13.1,923.3,NA,360,NA
2010,6,27,12,-17.1,923.4,NA,40,NA
2010,6,27,15,-17,922.9,NA,250,NA
2010,6,27,18,-17.5,922.5,NA,250,NA
2010,6,27,21,-16.9,922.3,NA,240,NA
2010,6,28,0,-16.1,922.2,3,280,NA
2010,6,28,3,-16.6,921.8,NA,NA,NA
2010,6,28,6,-17.5,921.1,NA,20,NA
2010,6,28,9,-16.9,920.1,NA,20,NA
2010,6,28,12,-17.5,918.2,NA,10,NA
2010,6,28,15,-16.6,916.5,NA,10,NA
2010,6,28,18,-18.7,915,23,0,NA
2010,6,28,21,-18.8,915.3,NA,280,NA
2010,6,29,0,-21,915.8,NA,250,NA
2010,6,29,3,-21.6,916.5,NA,220,NA
2010,6,29,6,-20.7,917.7,NA,220,NA
2010,6,29,9,-20.2,917.5,NA,10,NA
2010,6,29,12,-21.6,917.2,NA,280,NA
2010,6,29,15,-22.8,916,NA,NA,NA
2010,6,29,18,-23.4,914.8,NA,90,NA
2010,6,29,21,-24,913.6,NA,240,NA
2010,6,30,0,-24.3,912.7,NA,240,NA
2010,6,30,3,NA,NA,NA,NA,NA
2010,6,30,6,NA,NA,NA,NA,NA
2010,6,30,9,NA,NA,NA,NA,NA
2010,6,30,12,NA,NA,NA,NA,NA
2010,6,30,15,NA,NA,NA,NA,NA
2010,6,30,18,NA,NA,NA,NA,NA
2010,6,30,21,NA,NA,NA,NA,NA
2010,7,1,0,NA,NA,NA,NA,NA
2010,7,1,3,NA,NA,NA,NA,NA
2010,7,1,6,NA,NA,NA,NA,NA
2010,7,1,9,NA,NA,NA,NA,NA
2010,7,1,12,NA,NA,NA,NA,NA
2010,7,1,15,NA,NA,NA,NA,NA
2010,7,1,18,NA,NA,NA,NA,NA
2010,7,1,21,NA,NA,NA,NA,NA
2010,7,2,0,NA,NA,NA,NA,NA
2010,7,2,3,NA,NA,NA,NA,NA
2010,7,2,6,NA,NA,NA,NA,NA
2010,7,2,9,NA,NA,NA,NA,NA
2010,7,2,12,NA,NA,NA,NA,NA
2010,7,2,15,NA,NA,NA,NA,NA
2010,7,2,18,NA,NA,NA,NA,NA
2010,7,2,21,NA,NA,NA,NA,NA
2010,7,3,0,NA,NA,NA,NA,NA
2010,7,3,3,NA,NA,NA,NA,NA
2010,7,3,6,NA,NA,NA,NA,NA
2010,7,3,9,NA,NA,NA,NA,NA
2010,7,3,12,NA,NA,NA,NA,NA
2010,7,3,15,NA,NA,NA,NA,NA
2010,7,3,18,NA,NA,NA,NA,NA
2010,7,3,21,NA,NA,NA,NA,NA
2010,7,4,0,NA,NA,NA,NA,NA
2010,7,4,3,NA,NA,NA,NA,NA
2010,7,4,6,NA,NA,NA,NA,NA
2010,7,4,9,NA,NA,NA,NA,NA
2010,7,4,12,NA,NA,NA,NA,NA
2010,7,4,15,NA,NA,NA,NA,NA
2010,7,4,18,NA,NA,NA,NA,NA
2010,7,4,21,NA,NA,NA,NA,NA
2010,7,5,0,NA,NA,NA,NA,NA
2010,7,5,3,NA,NA,NA,NA,NA
2010,7,5,6,NA,NA,NA,NA,NA
2010,7,5,9,NA,NA,NA,NA,NA
2010,7,5,12,NA,NA,NA,NA,NA
2010,7,5,15,NA,NA,NA,NA,NA
2010,7,5,18,NA,NA,NA,NA,NA
2010,7,5,21,NA,NA,NA,NA,NA
2010,7,6,0,NA,NA,NA,NA,NA
2010,7,6,3,NA,NA,NA,NA,NA
2010,7,6,6,NA,NA,NA,NA,NA
2010,7,6,9,NA,NA,NA,NA,NA
2010,7,6,12,NA,NA,NA,NA,NA
2010,7,6,15,NA,NA,NA,NA,NA
2010,7,6,18,NA,NA,NA,NA,NA
2010,7,6,21,NA,NA,NA,NA,NA
2010,7,7,0,NA,NA,NA,NA,NA
2010,7,7,3,NA,NA,NA,NA,NA
2010,7,7,6,NA,NA,NA,NA,NA
2010,7,7,9,NA,NA,NA,NA,NA
2010,7,7,12,NA,NA,NA,NA,NA
2010,7,7,15,NA,NA,NA,NA,NA
2010,7,7,18,NA,NA,NA,NA,NA
2010,7,7,21,NA,NA,NA,NA,NA
2010,7,8,0,NA,NA,NA,NA,NA
2010,7,8,3,NA,NA,NA,NA,NA
2010,7,8,6,NA,NA,NA,NA,NA
2010,7,8,9,NA,NA,NA,NA,NA
2010,7,8,12,NA,NA,NA,NA,NA
2010,7,8,15,NA,NA,NA,NA,NA
2010,7,8,18,NA,NA,NA,NA,NA
2010,7,8,21,NA,NA,NA,NA,NA
2010,7,9,0,NA,NA,NA,NA,NA
2010,7,9,3,NA,NA,NA,NA,NA
2010,7,9,6,NA,NA,NA,NA,NA
2010,7,9,9,NA,NA,NA,NA,NA
2010,7,9,12,NA,NA,NA,NA,NA
2010,7,9,15,NA,NA,NA,NA,NA
2010,7,9,18,NA,NA,NA,NA,NA
2010,7,9,21,NA,NA,NA,NA,NA
2010,7,10,0,NA,NA,NA,NA,NA
2010,7,10,3,NA,NA,NA,NA,NA
2010,7,10,6,NA,NA,NA,NA,NA
2010,7,10,9,NA,NA,NA,NA,NA
2010,7,10,12,NA,NA,NA,NA,NA
2010,7,10,15,NA,NA,NA,NA,NA
2010,7,10,18,NA,NA,NA,NA,NA
2010,7,10,21,NA,NA,NA,NA,NA
2010,7,11,0,NA,NA,NA,NA,NA
2010,7,11,3,NA,NA,NA,NA,NA
2010,7,11,6,NA,NA,NA,NA,NA
2010,7,11,9,NA,NA,NA,NA,NA
2010,7,11,12,NA,NA,NA,NA,NA
2010,7,11,15,NA,NA,NA,NA,NA
2010,7,11,18,NA,NA,NA,NA,NA
2010,7,11,21,NA,NA,NA,NA,NA
2010,7,12,0,NA,NA,NA,NA,NA
2010,7,12,3,NA,NA,NA,NA,NA
2010,7,12,6,NA,NA,NA,NA,NA
2010,7,12,9,NA,NA,NA,NA,NA
2010,7,12,12,NA,NA,NA,NA,NA
2010,7,12,15,NA,NA,NA,NA,NA
2010,7,12,18,NA,NA,NA,NA,NA
2010,7,12,21,NA,NA,NA,NA,NA
2010,7,13,0,NA,NA,NA,NA,NA
2010,7,13,3,NA,NA,NA,NA,NA
2010,7,13,6,NA,NA,NA,NA,NA
2010,7,13,9,NA,NA,NA,NA,NA
2010,7,13,12,NA,NA,NA,NA,NA
2010,7,13,15,NA,NA,NA,NA,NA
2010,7,13,18,NA,NA,NA,NA,NA
2010,7,13,21,NA,NA,NA,NA,NA
2010,7,14,0,NA,NA,NA,NA,NA
2010,7,14,3,NA,NA,NA,NA,NA
2010,7,14,6,NA,NA,NA,NA,NA
2010,7,14,9,NA,NA,NA,NA,NA
2010,7,14,12,NA,NA,NA,NA,NA
2010,7,14,15,NA,NA,NA,NA,NA
2010,7,14,18,NA,NA,NA,NA,NA
2010,7,14,21,NA,NA,NA,NA,NA
2010,7,15,0,NA,NA,NA,NA,NA
2010,7,15,3,NA,NA,NA,NA,NA
2010,7,15,6,NA,NA,NA,NA,NA
2010,7,15,9,NA,NA,NA,NA,NA
2010,7,15,12,NA,NA,NA,NA,NA
2010,7,15,15,NA,NA,NA,NA,NA
2010,7,15,18,NA,NA,NA,NA,NA
2010,7,15,21,NA,NA,NA,NA,NA
2010,7,16,0,NA,NA,NA,NA,NA
2010,7,16,3,NA,NA,NA,NA,NA
2010,7,16,6,NA,NA,NA,NA,NA
2010,7,16,9,NA,NA,NA,NA,NA
2010,7,16,12,NA,NA,NA,NA,NA
2010,7,16,15,NA,NA,NA,NA,NA
2010,7,16,18,NA,NA,NA,NA,NA
2010,7,16,21,NA,NA,NA,NA,NA
2010,7,17,0,NA,NA,NA,NA,NA
2010,7,17,3,NA,NA,NA,NA,NA
2010,7,17,6,NA,NA,NA,NA,NA
2010,7,17,9,NA,NA,NA,NA,NA
2010,7,17,12,NA,NA,NA,NA,NA
2010,7,17,15,NA,NA,NA,NA,NA
2010,7,17,18,NA,NA,NA,NA,NA
2010,7,17,21,NA,NA,NA,NA,NA
2010,7,18,0,NA,NA,NA,NA,NA
2010,7,18,3,NA,NA,NA,NA,NA
2010,7,18,6,NA,NA,NA,NA,NA
2010,7,18,9,NA,NA,NA,NA,NA
2010,7,18,12,NA,NA,NA,NA,NA
2010,7,18,15,NA,NA,NA,NA,NA
2010,7,18,18,NA,NA,NA,NA,NA
2010,7,18,21,NA,NA,NA,NA,NA
2010,7,19,0,NA,NA,NA,NA,NA
2010,7,19,3,NA,NA,NA,NA,NA
2010,7,19,6,NA,NA,NA,NA,NA
2010,7,19,9,NA,NA,NA,NA,NA
2010,7,19,12,NA,NA,NA,NA,NA
2010,7,19,15,NA,NA,NA,NA,NA
2010,7,19,18,NA,NA,NA,NA,NA
2010,7,19,21,NA,NA,NA,NA,NA
2010,7,20,0,NA,NA,NA,NA,NA
2010,7,20,3,NA,NA,NA,NA,NA
2010,7,20,6,NA,NA,NA,NA,NA
2010,7,20,9,NA,NA,NA,NA,NA
2010,7,20,12,NA,NA,NA,NA,NA
2010,7,20,15,NA,NA,NA,NA,NA
2010,7,20,18,NA,NA,NA,NA,NA
2010,7,20,21,NA,NA,NA,NA,NA
2010,7,21,0,NA,NA,NA,NA,NA
2010,7,21,3,NA,NA,NA,NA,NA
2010,7,21,6,NA,NA,NA,NA,NA
2010,7,21,9,NA,NA,NA,NA,NA
2010,7,21,12,NA,NA,NA,NA,NA
2010,7,21,15,NA,NA,NA,NA,NA
2010,7,21,18,NA,NA,NA,NA,NA
2010,7,21,21,NA,NA,NA,NA,NA
2010,7,22,0,NA,NA,NA,NA,NA
2010,7,22,3,NA,NA,NA,NA,NA
2010,7,22,6,NA,NA,NA,NA,NA
2010,7,22,9,NA,NA,NA,NA,NA
2010,7,22,12,NA,NA,NA,NA,NA
2010,7,22,15,NA,NA,NA,NA,NA
2010,7,22,18,NA,NA,NA,NA,NA
2010,7,22,21,NA,NA,NA,NA,NA
2010,7,23,0,NA,NA,NA,NA,NA
2010,7,23,3,NA,NA,NA,NA,NA
2010,7,23,6,NA,NA,NA,NA,NA
2010,7,23,9,NA,NA,NA,NA,NA
2010,7,23,12,NA,NA,NA,NA,NA
2010,7,23,15,NA,NA,NA,NA,NA
2010,7,23,18,NA,NA,NA,NA,NA
2010,7,23,21,NA,NA,NA,NA,NA
2010,7,24,0,NA,NA,NA,NA,NA
2010,7,24,3,NA,NA,NA,NA,NA
2010,7,24,6,NA,NA,NA,NA,NA
2010,7,24,9,NA,NA,NA,NA,NA
2010,7,24,12,NA,NA,NA,NA,NA
2010,7,24,15,NA,NA,NA,NA,NA
2010,7,24,18,NA,NA,NA,NA,NA
2010,7,24,21,NA,NA,NA,NA,NA
2010,7,25,0,NA,NA,NA,NA,NA
2010,7,25,3,NA,NA,NA,NA,NA
2010,7,25,6,NA,NA,NA,NA,NA
2010,7,25,9,NA,NA,NA,NA,NA
2010,7,25,12,NA,NA,NA,NA,NA
2010,7,25,15,NA,NA,NA,NA,NA
2010,7,25,18,NA,NA,NA,NA,NA
2010,7,25,21,NA,NA,NA,NA,NA
2010,7,26,0,NA,NA,NA,NA,NA
2010,7,26,3,NA,NA,NA,NA,NA
2010,7,26,6,NA,NA,NA,NA,NA
2010,7,26,9,NA,NA,NA,NA,NA
2010,7,26,12,NA,NA,NA,NA,NA
2010,7,26,15,NA,NA,NA,NA,NA
2010,7,26,18,NA,NA,NA,NA,NA
2010,7,26,21,NA,NA,NA,NA,NA
2010,7,27,0,NA,NA,NA,NA,NA
2010,7,27,3,NA,NA,NA,NA,NA
2010,7,27,6,NA,NA,NA,NA,NA
2010,7,27,9,NA,NA,NA,NA,NA
2010,7,27,12,NA,NA,NA,NA,NA
2010,7,27,15,NA,NA,NA,NA,NA
2010,7,27,18,NA,NA,NA,NA,NA
2010,7,27,21,NA,NA,NA,NA,NA
2010,7,28,0,NA,NA,NA,NA,NA
2010,7,28,3,NA,NA,NA,NA,NA
2010,7,28,6,NA,NA,NA,NA,NA
2010,7,28,9,NA,NA,NA,NA,NA
2010,7,28,12,NA,NA,NA,NA,NA
2010,7,28,15,NA,NA,NA,NA,NA
2010,7,28,18,NA,NA,NA,NA,NA
2010,7,28,21,NA,NA,NA,NA,NA
2010,7,29,0,NA,NA,NA,NA,NA
2010,7,29,3,NA,NA,NA,NA,NA
2010,7,29,6,NA,NA,NA,NA,NA
2010,7,29,9,NA,NA,NA,NA,NA
2010,7,29,12,NA,NA,NA,NA,NA
2010,7,29,15,NA,NA,NA,NA,NA
2010,7,29,18,NA,NA,NA,NA,NA
2010,7,29,21,NA,NA,NA,NA,NA
2010,7,30,0,NA,NA,NA,NA,NA
2010,7,30,3,NA,NA,NA,NA,NA
2010,7,30,6,NA,NA,NA,NA,NA
2010,7,30,9,NA,NA,NA,NA,NA
2010,7,30,12,NA,NA,NA,NA,NA
2010,7,30,15,NA,NA,NA,NA,NA
2010,7,30,18,NA,NA,NA,NA,NA
2010,7,30,21,NA,NA,NA,NA,NA
2010,7,31,0,NA,NA,NA,NA,NA
2010,7,31,3,NA,NA,NA,NA,NA
2010,7,31,6,NA,NA,NA,NA,NA
2010,7,31,9,NA,NA,NA,NA,NA
2010,7,31,12,NA,NA,NA,NA,NA
2010,7,31,15,NA,NA,NA,NA,NA
2010,7,31,18,NA,NA,NA,NA,NA
2010,7,31,21,NA,NA,NA,NA,NA
2010,8,1,0,NA,NA,NA,NA,NA
2010,8,1,3,NA,NA,NA,NA,NA
2010,8,1,6,NA,NA,NA,NA,NA
2010,8,1,9,NA,NA,NA,NA,NA
2010,8,1,12,NA,NA,NA,NA,NA
2010,8,1,15,NA,NA,NA,NA,NA
2010,8,1,18,NA,NA,NA,NA,NA
2010,8,1,21,NA,NA,NA,NA,NA
2010,8,2,0,NA,NA,NA,NA,NA
2010,8,2,3,NA,NA,NA,NA,NA
2010,8,2,6,NA,NA,NA,NA,NA
2010,8,2,9,NA,NA,NA,NA,NA
2010,8,2,12,NA,NA,NA,NA,NA
2010,8,2,15,NA,NA,NA,NA,NA
2010,8,2,18,NA,NA,NA,NA,NA
2010,8,2,21,NA,NA,NA,NA,NA
2010,8,3,0,NA,NA,NA,NA,NA
2010,8,3,3,NA,NA,NA,NA,NA
2010,8,3,6,NA,NA,NA,NA,NA
2010,8,3,9,NA,NA,NA,NA,NA
2010,8,3,12,NA,NA,NA,NA,NA
2010,8,3,15,NA,NA,NA,NA,NA
2010,8,3,18,NA,NA,NA,NA,NA
2010,8,3,21,NA,NA,NA,NA,NA
2010,8,4,0,NA,NA,NA,NA,NA
2010,8,4,3,NA,NA,NA,NA,NA
2010,8,4,6,NA,NA,NA,NA,NA
2010,8,4,9,NA,NA,NA,NA,NA
2010,8,4,12,NA,NA,NA,NA,NA
2010,8,4,15,NA,NA,NA,NA,NA
2010,8,4,18,NA,NA,NA,NA,NA
2010,8,4,21,NA,NA,NA,NA,NA
2010,8,5,0,NA,NA,NA,NA,NA
2010,8,5,3,NA,NA,NA,NA,NA
2010,8,5,6,NA,NA,NA,NA,NA
2010,8,5,9,NA,NA,NA,NA,NA
2010,8,5,12,NA,NA,NA,NA,NA
2010,8,5,15,NA,NA,NA,NA,NA
2010,8,5,18,NA,NA,NA,NA,NA
2010,8,5,21,NA,NA,NA,NA,NA
2010,8,6,0,NA,NA,NA,NA,NA
2010,8,6,3,NA,NA,NA,NA,NA
2010,8,6,6,NA,NA,NA,NA,NA
2010,8,6,9,NA,NA,NA,NA,NA
2010,8,6,12,NA,NA,NA,NA,NA
2010,8,6,15,NA,NA,NA,NA,NA
2010,8,6,18,NA,NA,NA,NA,NA
2010,8,6,21,NA,NA,NA,NA,NA
2010,8,7,0,NA,NA,NA,NA,NA
2010,8,7,3,NA,NA,NA,NA,NA
2010,8,7,6,NA,NA,NA,NA,NA
2010,8,7,9,NA,NA,NA,NA,NA
2010,8,7,12,NA,NA,NA,NA,NA
2010,8,7,15,NA,NA,NA,NA,NA
2010,8,7,18,NA,NA,NA,NA,NA
2010,8,7,21,NA,NA,NA,NA,NA
2010,8,8,0,NA,NA,NA,NA,NA
2010,8,8,3,NA,NA,NA,NA,NA
2010,8,8,6,NA,NA,NA,NA,NA
2010,8,8,9,NA,NA,NA,NA,NA
2010,8,8,12,NA,NA,NA,NA,NA
2010,8,8,15,NA,NA,NA,NA,NA
2010,8,8,18,NA,NA,NA,NA,NA
2010,8,8,21,NA,NA,NA,NA,NA
2010,8,9,0,NA,NA,NA,NA,NA
2010,8,9,3,NA,NA,NA,NA,NA
2010,8,9,6,NA,NA,NA,NA,NA
2010,8,9,9,NA,NA,NA,NA,NA
2010,8,9,12,NA,NA,NA,NA,NA
2010,8,9,15,NA,NA,NA,NA,NA
2010,8,9,18,NA,NA,NA,NA,NA
2010,8,9,21,NA,NA,NA,NA,NA
2010,8,10,0,NA,NA,NA,NA,NA
2010,8,10,3,NA,NA,NA,NA,NA
2010,8,10,6,NA,NA,NA,NA,NA
2010,8,10,9,NA,NA,NA,NA,NA
2010,8,10,12,NA,NA,NA,NA,NA
2010,8,10,15,NA,NA,NA,NA,NA
2010,8,10,18,NA,NA,NA,NA,NA
2010,8,10,21,NA,NA,NA,NA,NA
2010,8,11,0,NA,NA,NA,NA,NA
2010,8,11,3,NA,NA,NA,NA,NA
2010,8,11,6,NA,NA,NA,NA,NA
2010,8,11,9,NA,NA,NA,NA,NA
2010,8,11,12,NA,NA,NA,NA,NA
2010,8,11,15,NA,NA,NA,NA,NA
2010,8,11,18,NA,NA,NA,NA,NA
2010,8,11,21,NA,NA,NA,NA,NA
2010,8,12,0,NA,NA,NA,NA,NA
2010,8,12,3,NA,NA,NA,NA,NA
2010,8,12,6,NA,NA,NA,NA,NA
2010,8,12,9,NA,NA,NA,NA,NA
2010,8,12,12,NA,NA,NA,NA,NA
2010,8,12,15,NA,NA,NA,NA,NA
2010,8,12,18,NA,NA,NA,NA,NA
2010,8,12,21,NA,NA,NA,NA,NA
2010,8,13,0,NA,NA,NA,NA,NA
2010,8,13,3,NA,NA,NA,NA,NA
2010,8,13,6,NA,NA,NA,NA,NA
2010,8,13,9,NA,NA,NA,NA,NA
2010,8,13,12,NA,NA,NA,NA,NA
2010,8,13,15,NA,NA,NA,NA,NA
2010,8,13,18,NA,NA,NA,NA,NA
2010,8,13,21,NA,NA,NA,NA,NA
2010,8,14,0,NA,NA,NA,NA,NA
2010,8,14,3,NA,NA,NA,NA,NA
2010,8,14,6,NA,NA,NA,NA,NA
2010,8,14,9,NA,NA,NA,NA,NA
2010,8,14,12,NA,NA,NA,NA,NA
2010,8,14,15,NA,NA,NA,NA,NA
2010,8,14,18,NA,NA,NA,NA,NA
2010,8,14,21,NA,NA,NA,NA,NA
2010,8,15,0,NA,NA,NA,NA,NA
2010,8,15,3,NA,NA,NA,NA,NA
2010,8,15,6,NA,NA,NA,NA,NA
2010,8,15,9,NA,NA,NA,NA,NA
2010,8,15,12,NA,NA,NA,NA,NA
2010,8,15,15,NA,NA,NA,NA,NA
2010,8,15,18,NA,NA,NA,NA,NA
2010,8,15,21,NA,NA,NA,NA,NA
2010,8,16,0,NA,NA,NA,NA,NA
2010,8,16,3,NA,NA,NA,NA,NA
2010,8,16,6,NA,NA,NA,NA,NA
2010,8,16,9,NA,NA,NA,NA,NA
2010,8,16,12,NA,NA,NA,NA,NA
2010,8,16,15,NA,NA,NA,NA,NA
2010,8,16,18,NA,NA,NA,NA,NA
2010,8,16,21,NA,NA,NA,NA,NA
2010,8,17,0,NA,NA,NA,NA,NA
2010,8,17,3,NA,NA,NA,NA,NA
2010,8,17,6,NA,NA,NA,NA,NA
2010,8,17,9,NA,NA,NA,NA,NA
2010,8,17,12,NA,NA,NA,NA,NA
2010,8,17,15,NA,NA,NA,NA,NA
2010,8,17,18,NA,NA,NA,NA,NA
2010,8,17,21,NA,NA,NA,NA,NA
2010,8,18,0,NA,NA,NA,NA,NA
2010,8,18,3,NA,NA,NA,NA,NA
2010,8,18,6,NA,NA,NA,NA,NA
2010,8,18,9,NA,NA,NA,NA,NA
2010,8,18,12,NA,NA,NA,NA,NA
2010,8,18,15,NA,NA,NA,NA,NA
2010,8,18,18,NA,NA,NA,NA,NA
2010,8,18,21,NA,NA,NA,NA,NA
2010,8,19,0,NA,NA,NA,NA,NA
2010,8,19,3,NA,NA,NA,NA,NA
2010,8,19,6,NA,NA,NA,NA,NA
2010,8,19,9,NA,NA,NA,NA,NA
2010,8,19,12,NA,NA,NA,NA,NA
2010,8,19,15,NA,NA,NA,NA,NA
2010,8,19,18,NA,NA,NA,NA,NA
2010,8,19,21,NA,NA,NA,NA,NA
2010,8,20,0,NA,NA,NA,NA,NA
2010,8,20,3,NA,NA,NA,NA,NA
2010,8,20,6,NA,NA,NA,NA,NA
2010,8,20,9,NA,NA,NA,NA,NA
2010,8,20,12,NA,NA,NA,NA,NA
2010,8,20,15,NA,NA,NA,NA,NA
2010,8,20,18,NA,NA,NA,NA,NA
2010,8,20,21,NA,NA,NA,NA,NA
2010,8,21,0,NA,NA,NA,NA,NA
2010,8,21,3,NA,NA,NA,NA,NA
2010,8,21,6,NA,NA,NA,NA,NA
2010,8,21,9,NA,NA,NA,NA,NA
2010,8,21,12,NA,NA,NA,NA,NA
2010,8,21,15,NA,NA,NA,NA,NA
2010,8,21,18,NA,NA,NA,NA,NA
2010,8,21,21,NA,NA,NA,NA,NA
2010,8,22,0,NA,NA,NA,NA,NA
2010,8,22,3,NA,NA,NA,NA,NA
2010,8,22,6,NA,NA,NA,NA,NA
2010,8,22,9,NA,NA,NA,NA,NA
2010,8,22,12,NA,NA,NA,NA,NA
2010,8,22,15,NA,NA,NA,NA,NA
2010,8,22,18,NA,NA,NA,NA,NA
2010,8,22,21,NA,NA,NA,NA,NA
2010,8,23,0,NA,NA,NA,NA,NA
2010,8,23,3,NA,NA,NA,NA,NA
2010,8,23,6,NA,NA,NA,NA,NA
2010,8,23,9,NA,NA,NA,NA,NA
2010,8,23,12,NA,NA,NA,NA,NA
2010,8,23,15,NA,NA,NA,NA,NA
2010,8,23,18,NA,NA,NA,NA,NA
2010,8,23,21,NA,NA,NA,NA,NA
2010,8,24,0,NA,NA,NA,NA,NA
2010,8,24,3,NA,NA,NA,NA,NA
2010,8,24,6,NA,NA,NA,NA,NA
2010,8,24,9,NA,NA,NA,NA,NA
2010,8,24,12,NA,NA,NA,NA,NA
2010,8,24,15,NA,NA,NA,NA,NA
2010,8,24,18,NA,NA,NA,NA,NA
2010,8,24,21,NA,NA,NA,NA,NA
2010,8,25,0,NA,NA,NA,NA,NA
2010,8,25,3,NA,NA,NA,NA,NA
2010,8,25,6,NA,NA,NA,NA,NA
2010,8,25,9,NA,NA,NA,NA,NA
2010,8,25,12,NA,NA,NA,NA,NA
2010,8,25,15,NA,NA,NA,NA,NA
2010,8,25,18,NA,NA,NA,NA,NA
2010,8,25,21,NA,NA,NA,NA,NA
2010,8,26,0,NA,NA,NA,NA,NA
2010,8,26,3,NA,NA,NA,NA,NA
2010,8,26,6,NA,NA,NA,NA,NA
2010,8,26,9,NA,NA,NA,NA,NA
2010,8,26,12,NA,NA,NA,NA,NA
2010,8,26,15,NA,NA,NA,NA,NA
2010,8,26,18,NA,NA,NA,NA,NA
2010,8,26,21,NA,NA,NA,NA,NA
2010,8,27,0,NA,NA,NA,NA,NA
2010,8,27,3,NA,NA,NA,NA,NA
2010,8,27,6,NA,NA,NA,NA,NA
2010,8,27,9,NA,NA,NA,NA,NA
2010,8,27,12,NA,NA,NA,NA,NA
2010,8,27,15,NA,NA,NA,NA,NA
2010,8,27,18,NA,NA,NA,NA,NA
2010,8,27,21,NA,NA,NA,NA,NA
2010,8,28,0,NA,NA,NA,NA,NA
2010,8,28,3,NA,NA,NA,NA,NA
2010,8,28,6,NA,NA,NA,NA,NA
2010,8,28,9,NA,NA,NA,NA,NA
2010,8,28,12,NA,NA,NA,NA,NA
2010,8,28,15,NA,NA,NA,NA,NA
2010,8,28,18,NA,NA,NA,NA,NA
2010,8,28,21,NA,NA,NA,NA,NA
2010,8,29,0,NA,NA,NA,NA,NA
2010,8,29,3,NA,NA,NA,NA,NA
2010,8,29,6,NA,NA,NA,NA,NA
2010,8,29,9,NA,NA,NA,NA,NA
2010,8,29,12,NA,NA,NA,NA,NA
2010,8,29,15,NA,NA,NA,NA,NA
2010,8,29,18,NA,NA,NA,NA,NA
2010,8,29,21,NA,NA,NA,NA,NA
2010,8,30,0,NA,NA,NA,NA,NA
2010,8,30,3,NA,NA,NA,NA,NA
2010,8,30,6,NA,NA,NA,NA,NA
2010,8,30,9,NA,NA,NA,NA,NA
2010,8,30,12,NA,NA,NA,NA,NA
2010,8,30,15,NA,NA,NA,NA,NA
2010,8,30,18,NA,NA,NA,NA,NA
2010,8,30,21,NA,NA,NA,NA,NA
2010,8,31,0,NA,NA,NA,NA,NA
2010,8,31,3,NA,NA,NA,NA,NA
2010,8,31,6,NA,NA,NA,NA,NA
2010,8,31,9,NA,NA,NA,NA,NA
2010,8,31,12,NA,NA,NA,NA,NA
2010,8,31,15,NA,NA,NA,NA,NA
2010,8,31,18,NA,NA,NA,NA,NA
2010,8,31,21,NA,NA,NA,NA,NA
2010,9,1,0,NA,NA,NA,NA,NA
2010,9,1,3,NA,NA,NA,NA,NA
2010,9,1,6,NA,NA,NA,NA,NA
2010,9,1,9,NA,NA,NA,NA,NA
2010,9,1,12,NA,NA,NA,NA,NA
2010,9,1,15,NA,NA,NA,NA,NA
2010,9,1,18,NA,NA,NA,NA,NA
2010,9,1,21,NA,NA,NA,NA,NA
2010,9,2,0,NA,NA,NA,NA,NA
2010,9,2,3,NA,NA,NA,NA,NA
2010,9,2,6,NA,NA,NA,NA,NA
2010,9,2,9,NA,NA,NA,NA,NA
2010,9,2,12,NA,NA,NA,NA,NA
2010,9,2,15,NA,NA,NA,NA,NA
2010,9,2,18,NA,NA,NA,NA,NA
2010,9,2,21,NA,NA,NA,NA,NA
2010,9,3,0,NA,NA,NA,NA,NA
2010,9,3,3,NA,NA,NA,NA,NA
2010,9,3,6,NA,NA,NA,NA,NA
2010,9,3,9,NA,NA,NA,NA,NA
2010,9,3,12,NA,NA,NA,NA,NA
2010,9,3,15,NA,NA,NA,NA,NA
2010,9,3,18,NA,NA,NA,NA,NA
2010,9,3,21,NA,NA,NA,NA,NA
2010,9,4,0,NA,NA,NA,NA,NA
2010,9,4,3,NA,NA,NA,NA,NA
2010,9,4,6,NA,NA,NA,NA,NA
2010,9,4,9,NA,NA,NA,NA,NA
2010,9,4,12,NA,NA,NA,NA,NA
2010,9,4,15,NA,NA,NA,NA,NA
2010,9,4,18,NA,NA,NA,NA,NA
2010,9,4,21,NA,NA,NA,NA,NA
2010,9,5,0,NA,NA,NA,NA,NA
2010,9,5,3,NA,NA,NA,NA,NA
2010,9,5,6,NA,NA,NA,NA,NA
2010,9,5,9,NA,NA,NA,NA,NA
2010,9,5,12,NA,NA,NA,NA,NA
2010,9,5,15,NA,NA,NA,NA,NA
2010,9,5,18,NA,NA,NA,NA,NA
2010,9,5,21,NA,NA,NA,NA,NA
2010,9,6,0,NA,NA,NA,NA,NA
2010,9,6,3,NA,NA,NA,NA,NA
2010,9,6,6,NA,NA,NA,NA,NA
2010,9,6,9,NA,NA,NA,NA,NA
2010,9,6,12,NA,NA,NA,NA,NA
2010,9,6,15,NA,NA,NA,NA,NA
2010,9,6,18,NA,NA,NA,NA,NA
2010,9,6,21,NA,NA,NA,NA,NA
2010,9,7,0,NA,NA,NA,NA,NA
2010,9,7,3,NA,NA,NA,NA,NA
2010,9,7,6,NA,NA,NA,NA,NA
2010,9,7,9,NA,NA,NA,NA,NA
2010,9,7,12,NA,NA,NA,NA,NA
2010,9,7,15,NA,NA,NA,NA,NA
2010,9,7,18,NA,NA,NA,NA,NA
2010,9,7,21,NA,NA,NA,NA,NA
2010,9,8,0,NA,NA,NA,NA,NA
2010,9,8,3,NA,NA,NA,NA,NA
2010,9,8,6,NA,NA,NA,NA,NA
2010,9,8,9,NA,NA,NA,NA,NA
2010,9,8,12,NA,NA,NA,NA,NA
2010,9,8,15,NA,NA,NA,NA,NA
2010,9,8,18,NA,NA,NA,NA,NA
2010,9,8,21,NA,NA,NA,NA,NA
2010,9,9,0,NA,NA,NA,NA,NA
2010,9,9,3,NA,NA,NA,NA,NA
2010,9,9,6,NA,NA,NA,NA,NA
2010,9,9,9,NA,NA,NA,NA,NA
2010,9,9,12,NA,NA,NA,NA,NA
2010,9,9,15,NA,NA,NA,NA,NA
2010,9,9,18,NA,NA,NA,NA,NA
2010,9,9,21,NA,NA,NA,NA,NA
2010,9,10,0,NA,NA,NA,NA,NA
2010,9,10,3,NA,NA,NA,NA,NA
2010,9,10,6,NA,NA,NA,NA,NA
2010,9,10,9,NA,NA,NA,NA,NA
2010,9,10,12,NA,NA,NA,NA,NA
2010,9,10,15,NA,NA,NA,NA,NA
2010,9,10,18,NA,NA,NA,NA,NA
2010,9,10,21,NA,NA,NA,NA,NA
2010,9,11,0,NA,NA,NA,NA,NA
2010,9,11,3,NA,NA,NA,NA,NA
2010,9,11,6,NA,NA,NA,NA,NA
2010,9,11,9,NA,NA,NA,NA,NA
2010,9,11,12,NA,NA,NA,NA,NA
2010,9,11,15,NA,NA,NA,NA,NA
2010,9,11,18,NA,NA,NA,NA,NA
2010,9,11,21,NA,NA,NA,NA,NA
2010,9,12,0,NA,NA,NA,NA,NA
2010,9,12,3,NA,NA,NA,NA,NA
2010,9,12,6,NA,NA,NA,NA,NA
2010,9,12,9,NA,NA,NA,NA,NA
2010,9,12,12,NA,NA,NA,NA,NA
2010,9,12,15,NA,NA,NA,NA,NA
2010,9,12,18,NA,NA,NA,NA,NA
2010,9,12,21,NA,NA,NA,NA,NA
2010,9,13,0,NA,NA,NA,NA,NA
2010,9,13,3,NA,NA,NA,NA,NA
2010,9,13,6,NA,NA,NA,NA,NA
2010,9,13,9,NA,NA,NA,NA,NA
2010,9,13,12,NA,NA,NA,NA,NA
2010,9,13,15,NA,NA,NA,NA,NA
2010,9,13,18,NA,NA,NA,NA,NA
2010,9,13,21,NA,NA,NA,NA,NA
2010,9,14,0,NA,NA,NA,NA,NA
2010,9,14,3,NA,NA,NA,NA,NA
2010,9,14,6,NA,NA,NA,NA,NA
2010,9,14,9,NA,NA,NA,NA,NA
2010,9,14,12,NA,NA,NA,NA,NA
2010,9,14,15,NA,NA,NA,NA,NA
2010,9,14,18,NA,NA,NA,NA,NA
2010,9,14,21,NA,NA,NA,NA,NA
2010,9,15,0,NA,NA,NA,NA,NA
2010,9,15,3,NA,NA,NA,NA,NA
2010,9,15,6,NA,NA,NA,NA,NA
2010,9,15,9,NA,NA,NA,NA,NA
2010,9,15,12,NA,NA,NA,NA,NA
2010,9,15,15,NA,NA,NA,NA,NA
2010,9,15,18,NA,NA,NA,NA,NA
2010,9,15,21,NA,NA,NA,NA,NA
2010,9,16,0,NA,NA,NA,NA,NA
2010,9,16,3,NA,NA,NA,NA,NA
2010,9,16,6,NA,NA,NA,NA,NA
2010,9,16,9,NA,NA,NA,NA,NA
2010,9,16,12,NA,NA,NA,NA,NA
2010,9,16,15,NA,NA,NA,NA,NA
2010,9,16,18,NA,NA,NA,NA,NA
2010,9,16,21,NA,NA,NA,NA,NA
2010,9,17,0,NA,NA,NA,NA,NA
2010,9,17,3,NA,NA,NA,NA,NA
2010,9,17,6,NA,NA,NA,NA,NA
2010,9,17,9,NA,NA,NA,NA,NA
2010,9,17,12,NA,NA,NA,NA,NA
2010,9,17,15,NA,NA,NA,NA,NA
2010,9,17,18,NA,NA,NA,NA,NA
2010,9,17,21,NA,NA,NA,NA,NA
2010,9,18,0,NA,NA,NA,NA,NA
2010,9,18,3,NA,NA,NA,NA,NA
2010,9,18,6,NA,NA,NA,NA,NA
2010,9,18,9,NA,NA,NA,NA,NA
2010,9,18,12,NA,NA,NA,NA,NA
2010,9,18,15,NA,NA,NA,NA,NA
2010,9,18,18,NA,NA,NA,NA,NA
2010,9,18,21,NA,NA,NA,NA,NA
2010,9,19,0,NA,NA,NA,NA,NA
2010,9,19,3,NA,NA,NA,NA,NA
2010,9,19,6,NA,NA,NA,NA,NA
2010,9,19,9,NA,NA,NA,NA,NA
2010,9,19,12,NA,NA,NA,NA,NA
2010,9,19,15,NA,NA,NA,NA,NA
2010,9,19,18,NA,NA,NA,NA,NA
2010,9,19,21,NA,NA,NA,NA,NA
2010,9,20,0,NA,NA,NA,NA,NA
2010,9,20,3,NA,NA,NA,NA,NA
2010,9,20,6,NA,NA,NA,NA,NA
2010,9,20,9,NA,NA,NA,NA,NA
2010,9,20,12,NA,NA,NA,NA,NA
2010,9,20,15,NA,NA,NA,NA,NA
2010,9,20,18,NA,NA,NA,NA,NA
2010,9,20,21,NA,NA,NA,NA,NA
2010,9,21,0,NA,NA,NA,NA,NA
2010,9,21,3,NA,NA,NA,NA,NA
2010,9,21,6,NA,NA,NA,NA,NA
2010,9,21,9,NA,NA,NA,NA,NA
2010,9,21,12,NA,NA,NA,NA,NA
2010,9,21,15,NA,NA,NA,NA,NA
2010,9,21,18,NA,NA,NA,NA,NA
2010,9,21,21,NA,NA,NA,NA,NA
2010,9,22,0,NA,NA,NA,NA,NA
2010,9,22,3,NA,NA,NA,NA,NA
2010,9,22,6,NA,NA,NA,NA,NA
2010,9,22,9,NA,NA,NA,NA,NA
2010,9,22,12,NA,NA,NA,NA,NA
2010,9,22,15,NA,NA,NA,NA,NA
2010,9,22,18,NA,NA,NA,NA,NA
2010,9,22,21,NA,NA,NA,NA,NA
2010,9,23,0,NA,NA,NA,NA,NA
2010,9,23,3,NA,NA,NA,NA,NA
2010,9,23,6,NA,NA,NA,NA,NA
2010,9,23,9,NA,NA,NA,NA,NA
2010,9,23,12,NA,NA,NA,NA,NA
2010,9,23,15,NA,NA,NA,NA,NA
2010,9,23,18,NA,NA,NA,NA,NA
2010,9,23,21,NA,NA,NA,NA,NA
2010,9,24,0,NA,NA,NA,NA,NA
2010,9,24,3,NA,NA,NA,NA,NA
2010,9,24,6,NA,NA,NA,NA,NA
2010,9,24,9,NA,NA,NA,NA,NA
2010,9,24,12,NA,NA,NA,NA,NA
2010,9,24,15,NA,NA,NA,NA,NA
2010,9,24,18,NA,NA,NA,NA,NA
2010,9,24,21,NA,NA,NA,NA,NA
2010,9,25,0,NA,NA,NA,NA,NA
2010,9,25,3,NA,NA,NA,NA,NA
2010,9,25,6,NA,NA,NA,NA,NA
2010,9,25,9,NA,NA,NA,NA,NA
2010,9,25,12,NA,NA,NA,NA,NA
2010,9,25,15,NA,NA,NA,NA,NA
2010,9,25,18,NA,NA,NA,NA,NA
2010,9,25,21,NA,NA,NA,NA,NA
2010,9,26,0,NA,NA,NA,NA,NA
2010,9,26,3,NA,NA,NA,NA,NA
2010,9,26,6,NA,NA,NA,NA,NA
2010,9,26,9,NA,NA,NA,NA,NA
2010,9,26,12,NA,NA,NA,NA,NA
2010,9,26,15,NA,NA,NA,NA,NA
2010,9,26,18,NA,NA,NA,NA,NA
2010,9,26,21,NA,NA,NA,NA,NA
2010,9,27,0,NA,NA,NA,NA,NA
2010,9,27,3,NA,NA,NA,NA,NA
2010,9,27,6,NA,NA,NA,NA,NA
2010,9,27,9,NA,NA,NA,NA,NA
2010,9,27,12,NA,NA,NA,NA,NA
2010,9,27,15,NA,NA,NA,NA,NA
2010,9,27,18,NA,NA,NA,NA,NA
2010,9,27,21,NA,NA,NA,NA,NA
2010,9,28,0,NA,NA,NA,NA,NA
2010,9,28,3,NA,NA,NA,NA,NA
2010,9,28,6,NA,NA,NA,NA,NA
2010,9,28,9,NA,NA,NA,NA,NA
2010,9,28,12,NA,NA,NA,NA,NA
2010,9,28,15,NA,NA,NA,NA,NA
2010,9,28,18,NA,NA,NA,NA,NA
2010,9,28,21,NA,NA,NA,NA,NA
2010,9,29,0,NA,NA,NA,NA,NA
2010,9,29,3,NA,NA,NA,NA,NA
2010,9,29,6,NA,NA,NA,NA,NA
2010,9,29,9,NA,NA,NA,NA,NA
2010,9,29,12,NA,NA,NA,NA,NA
2010,9,29,15,NA,NA,NA,NA,NA
2010,9,29,18,NA,NA,NA,NA,NA
2010,9,29,21,NA,NA,NA,NA,NA
2010,9,30,0,NA,NA,NA,NA,NA
2010,9,30,3,NA,NA,NA,NA,NA
2010,9,30,6,NA,NA,NA,NA,NA
2010,9,30,9,NA,NA,NA,NA,NA
2010,9,30,12,NA,NA,NA,NA,NA
2010,9,30,15,NA,NA,NA,NA,NA
2010,9,30,18,NA,NA,NA,NA,NA
2010,9,30,21,NA,NA,NA,NA,NA
2010,10,1,0,NA,NA,NA,NA,NA
2010,10,1,3,NA,NA,NA,NA,NA
2010,10,1,6,NA,NA,NA,NA,NA
2010,10,1,9,NA,NA,NA,NA,NA
2010,10,1,12,NA,NA,NA,NA,NA
2010,10,1,15,NA,NA,NA,NA,NA
2010,10,1,18,NA,NA,NA,NA,NA
2010,10,1,21,NA,NA,NA,NA,NA
2010,10,2,0,NA,NA,NA,NA,NA
2010,10,2,3,NA,NA,NA,NA,NA
2010,10,2,6,NA,NA,NA,NA,NA
2010,10,2,9,NA,NA,NA,NA,NA
2010,10,2,12,NA,NA,NA,NA,NA
2010,10,2,15,NA,NA,NA,NA,NA
2010,10,2,18,NA,NA,NA,NA,NA
2010,10,2,21,NA,NA,NA,NA,NA
2010,10,3,0,NA,NA,NA,NA,NA
2010,10,3,3,NA,NA,NA,NA,NA
2010,10,3,6,NA,NA,NA,NA,NA
2010,10,3,9,NA,NA,NA,NA,NA
2010,10,3,12,NA,NA,NA,NA,NA
2010,10,3,15,NA,NA,NA,NA,NA
2010,10,3,18,NA,NA,NA,NA,NA
2010,10,3,21,NA,NA,NA,NA,NA
2010,10,4,0,NA,NA,NA,NA,NA
2010,10,4,3,NA,NA,NA,NA,NA
2010,10,4,6,NA,NA,NA,NA,NA
2010,10,4,9,NA,NA,NA,NA,NA
2010,10,4,12,NA,NA,NA,NA,NA
2010,10,4,15,NA,NA,NA,NA,NA
2010,10,4,18,NA,NA,NA,NA,NA
2010,10,4,21,NA,NA,NA,NA,NA
2010,10,5,0,NA,NA,NA,NA,NA
2010,10,5,3,NA,NA,NA,NA,NA
2010,10,5,6,NA,NA,NA,NA,NA
2010,10,5,9,NA,NA,NA,NA,NA
2010,10,5,12,NA,NA,NA,NA,NA
2010,10,5,15,NA,NA,NA,NA,NA
2010,10,5,18,NA,NA,NA,NA,NA
2010,10,5,21,NA,NA,NA,NA,NA
2010,10,6,0,NA,NA,NA,NA,NA
2010,10,6,3,NA,NA,NA,NA,NA
2010,10,6,6,NA,NA,NA,NA,NA
2010,10,6,9,NA,NA,NA,NA,NA
2010,10,6,12,NA,NA,NA,NA,NA
2010,10,6,15,NA,NA,NA,NA,NA
2010,10,6,18,NA,NA,NA,NA,NA
2010,10,6,21,NA,NA,NA,NA,NA
2010,10,7,0,NA,NA,NA,NA,NA
2010,10,7,3,NA,NA,NA,NA,NA
2010,10,7,6,NA,NA,NA,NA,NA
2010,10,7,9,NA,NA,NA,NA,NA
2010,10,7,12,NA,NA,NA,NA,NA
2010,10,7,15,NA,NA,NA,NA,NA
2010,10,7,18,NA,NA,NA,NA,NA
2010,10,7,21,NA,NA,NA,NA,NA
2010,10,8,0,NA,NA,NA,NA,NA
2010,10,8,3,NA,NA,NA,NA,NA
2010,10,8,6,NA,NA,NA,NA,NA
2010,10,8,9,NA,NA,NA,NA,NA
2010,10,8,12,NA,NA,NA,NA,NA
2010,10,8,15,NA,NA,NA,NA,NA
2010,10,8,18,NA,NA,NA,NA,NA
2010,10,8,21,NA,NA,NA,NA,NA
2010,10,9,0,NA,NA,NA,NA,NA
2010,10,9,3,NA,NA,NA,NA,NA
2010,10,9,6,NA,NA,NA,NA,NA
2010,10,9,9,NA,NA,NA,NA,NA
2010,10,9,12,NA,NA,NA,NA,NA
2010,10,9,15,NA,NA,NA,NA,NA
2010,10,9,18,NA,NA,NA,NA,NA
2010,10,9,21,NA,NA,NA,NA,NA
2010,10,10,0,NA,NA,NA,NA,NA
2010,10,10,3,NA,NA,NA,NA,NA
2010,10,10,6,NA,NA,NA,NA,NA
2010,10,10,9,NA,NA,NA,NA,NA
2010,10,10,12,NA,NA,NA,NA,NA
2010,10,10,15,NA,NA,NA,NA,NA
2010,10,10,18,NA,NA,NA,NA,NA
2010,10,10,21,NA,NA,NA,NA,NA
2010,10,11,0,NA,NA,NA,NA,NA
2010,10,11,3,NA,NA,NA,NA,NA
2010,10,11,6,NA,NA,NA,NA,NA
2010,10,11,9,NA,NA,NA,NA,NA
2010,10,11,12,NA,NA,NA,NA,NA
2010,10,11,15,NA,NA,NA,NA,NA
2010,10,11,18,NA,NA,NA,NA,NA
2010,10,11,21,NA,NA,NA,NA,NA
2010,10,12,0,NA,NA,NA,NA,NA
2010,10,12,3,NA,NA,NA,NA,NA
2010,10,12,6,NA,NA,NA,NA,NA
2010,10,12,9,NA,NA,NA,NA,NA
2010,10,12,12,NA,NA,NA,NA,NA
2010,10,12,15,NA,NA,NA,NA,NA
2010,10,12,18,NA,NA,NA,NA,NA
2010,10,12,21,NA,NA,NA,NA,NA
2010,10,13,0,NA,NA,NA,NA,NA
2010,10,13,3,NA,NA,NA,NA,NA
2010,10,13,6,NA,NA,NA,NA,NA
2010,10,13,9,NA,NA,NA,NA,NA
2010,10,13,12,NA,NA,NA,NA,NA
2010,10,13,15,NA,NA,NA,NA,NA
2010,10,13,18,NA,NA,NA,NA,NA
2010,10,13,21,NA,NA,NA,NA,NA
2010,10,14,0,NA,NA,NA,NA,NA
2010,10,14,3,NA,NA,NA,NA,NA
2010,10,14,6,NA,NA,NA,NA,NA
2010,10,14,9,NA,NA,NA,NA,NA
2010,10,14,12,NA,NA,NA,NA,NA
2010,10,14,15,NA,NA,NA,NA,NA
2010,10,14,18,NA,NA,NA,NA,NA
2010,10,14,21,NA,NA,NA,NA,NA
2010,10,15,0,NA,NA,NA,NA,NA
2010,10,15,3,NA,NA,NA,NA,NA
2010,10,15,6,NA,NA,NA,NA,NA
2010,10,15,9,NA,NA,NA,NA,NA
2010,10,15,12,NA,NA,NA,NA,NA
2010,10,15,15,NA,NA,NA,NA,NA
2010,10,15,18,NA,NA,NA,NA,NA
2010,10,15,21,NA,NA,NA,NA,NA
2010,10,16,0,NA,NA,NA,NA,NA
2010,10,16,3,NA,NA,NA,NA,NA
2010,10,16,6,NA,NA,NA,NA,NA
2010,10,16,9,NA,NA,NA,NA,NA
2010,10,16,12,NA,NA,NA,NA,NA
2010,10,16,15,NA,NA,NA,NA,NA
2010,10,16,18,NA,NA,NA,NA,NA
2010,10,16,21,NA,NA,NA,NA,NA
2010,10,17,0,NA,NA,NA,NA,NA
2010,10,17,3,NA,NA,NA,NA,NA
2010,10,17,6,NA,NA,NA,NA,NA
2010,10,17,9,NA,NA,NA,NA,NA
2010,10,17,12,NA,NA,NA,NA,NA
2010,10,17,15,NA,NA,NA,NA,NA
2010,10,17,18,NA,NA,NA,NA,NA
2010,10,17,21,NA,NA,NA,NA,NA
2010,10,18,0,NA,NA,NA,NA,NA
2010,10,18,3,NA,NA,NA,NA,NA
2010,10,18,6,NA,NA,NA,NA,NA
2010,10,18,9,NA,NA,NA,NA,NA
2010,10,18,12,NA,NA,NA,NA,NA
2010,10,18,15,NA,NA,NA,NA,NA
2010,10,18,18,NA,NA,NA,NA,NA
2010,10,18,21,NA,NA,NA,NA,NA
2010,10,19,0,NA,NA,NA,NA,NA
2010,10,19,3,NA,NA,NA,NA,NA
2010,10,19,6,NA,NA,NA,NA,NA
2010,10,19,9,NA,NA,NA,NA,NA
2010,10,19,12,NA,NA,NA,NA,NA
2010,10,19,15,NA,NA,NA,NA,NA
2010,10,19,18,NA,NA,NA,NA,NA
2010,10,19,21,NA,NA,NA,NA,NA
2010,10,20,0,NA,NA,NA,NA,NA
2010,10,20,3,NA,NA,NA,NA,NA
2010,10,20,6,NA,NA,NA,NA,NA
2010,10,20,9,NA,NA,NA,NA,NA
2010,10,20,12,NA,NA,NA,NA,NA
2010,10,20,15,NA,NA,NA,NA,NA
2010,10,20,18,NA,NA,NA,NA,NA
2010,10,20,21,NA,NA,NA,NA,NA
2010,10,21,0,NA,NA,NA,NA,NA
2010,10,21,3,NA,NA,NA,NA,NA
2010,10,21,6,NA,NA,NA,NA,NA
2010,10,21,9,NA,NA,NA,NA,NA
2010,10,21,12,NA,NA,NA,NA,NA
2010,10,21,15,NA,NA,NA,NA,NA
2010,10,21,18,NA,NA,NA,NA,NA
2010,10,21,21,NA,NA,NA,NA,NA
2010,10,22,0,NA,NA,NA,NA,NA
2010,10,22,3,NA,NA,NA,NA,NA
2010,10,22,6,NA,NA,NA,NA,NA
2010,10,22,9,NA,NA,NA,NA,NA
2010,10,22,12,NA,NA,NA,NA,NA
2010,10,22,15,NA,NA,NA,NA,NA
2010,10,22,18,NA,NA,NA,NA,NA
2010,10,22,21,NA,NA,NA,NA,NA
2010,10,23,0,NA,NA,NA,NA,NA
2010,10,23,3,NA,NA,NA,NA,NA
2010,10,23,6,NA,NA,NA,NA,NA
2010,10,23,9,NA,NA,NA,NA,NA
2010,10,23,12,NA,NA,NA,NA,NA
2010,10,23,15,NA,NA,NA,NA,NA
2010,10,23,18,NA,NA,NA,NA,NA
2010,10,23,21,NA,NA,NA,NA,NA
2010,10,24,0,NA,NA,NA,NA,NA
2010,10,24,3,NA,NA,NA,NA,NA
2010,10,24,6,NA,NA,NA,NA,NA
2010,10,24,9,NA,NA,NA,NA,NA
2010,10,24,12,NA,NA,NA,NA,NA
2010,10,24,15,NA,NA,NA,NA,NA
2010,10,24,18,NA,NA,NA,NA,NA
2010,10,24,21,NA,NA,NA,NA,NA
2010,10,25,0,NA,NA,NA,NA,NA
2010,10,25,3,NA,NA,NA,NA,NA
2010,10,25,6,NA,NA,NA,NA,NA
2010,10,25,9,NA,NA,NA,NA,NA
2010,10,25,12,NA,NA,NA,NA,NA
2010,10,25,15,NA,NA,NA,NA,NA
2010,10,25,18,NA,NA,NA,NA,NA
2010,10,25,21,NA,NA,NA,NA,NA
2010,10,26,0,NA,NA,NA,NA,NA
2010,10,26,3,NA,NA,NA,NA,NA
2010,10,26,6,NA,NA,NA,NA,NA
2010,10,26,9,NA,NA,NA,NA,NA
2010,10,26,12,NA,NA,NA,NA,NA
2010,10,26,15,NA,NA,NA,NA,NA
2010,10,26,18,NA,NA,NA,NA,NA
2010,10,26,21,NA,NA,NA,NA,NA
2010,10,27,0,NA,NA,NA,NA,NA
2010,10,27,3,NA,NA,NA,NA,NA
2010,10,27,6,NA,NA,NA,NA,NA
2010,10,27,9,NA,NA,NA,NA,NA
2010,10,27,12,NA,NA,NA,NA,NA
2010,10,27,15,NA,NA,NA,NA,NA
2010,10,27,18,NA,NA,NA,NA,NA
2010,10,27,21,NA,NA,NA,NA,NA
2010,10,28,0,NA,NA,NA,NA,NA
2010,10,28,3,NA,NA,NA,NA,NA
2010,10,28,6,NA,NA,NA,NA,NA
2010,10,28,9,NA,NA,NA,NA,NA
2010,10,28,12,NA,NA,NA,NA,NA
2010,10,28,15,NA,NA,NA,NA,NA
2010,10,28,18,NA,NA,NA,NA,NA
2010,10,28,21,NA,NA,NA,NA,NA
2010,10,29,0,NA,NA,NA,NA,NA
2010,10,29,3,NA,NA,NA,NA,NA
2010,10,29,6,NA,NA,NA,NA,NA
2010,10,29,9,NA,NA,NA,NA,NA
2010,10,29,12,NA,NA,NA,NA,NA
2010,10,29,15,NA,NA,NA,NA,NA
2010,10,29,18,NA,NA,NA,NA,NA
2010,10,29,21,NA,NA,NA,NA,NA
2010,10,30,0,NA,NA,NA,NA,NA
2010,10,30,3,NA,NA,NA,NA,NA
2010,10,30,6,NA,NA,NA,NA,NA
2010,10,30,9,NA,NA,NA,NA,NA
2010,10,30,12,NA,NA,NA,NA,NA
2010,10,30,15,NA,NA,NA,NA,NA
2010,10,30,18,NA,NA,NA,NA,NA
2010,10,30,21,NA,NA,NA,NA,NA
2010,10,31,0,NA,NA,NA,NA,NA
2010,10,31,3,NA,NA,NA,NA,NA
2010,10,31,6,NA,NA,NA,NA,NA
2010,10,31,9,NA,NA,NA,NA,NA
2010,10,31,12,NA,NA,NA,NA,NA
2010,10,31,15,NA,NA,NA,NA,NA
2010,10,31,18,NA,NA,NA,NA,NA
2010,10,31,21,NA,NA,NA,NA,NA
2010,11,1,0,NA,NA,NA,NA,NA
2010,11,1,3,NA,NA,NA,NA,NA
2010,11,1,6,NA,NA,NA,NA,NA
2010,11,1,9,NA,NA,NA,NA,NA
2010,11,1,12,NA,NA,NA,NA,NA
2010,11,1,15,NA,NA,NA,NA,NA
2010,11,1,18,NA,NA,NA,NA,NA
2010,11,1,21,NA,NA,NA,NA,NA
2010,11,2,0,NA,NA,NA,NA,NA
2010,11,2,3,NA,NA,NA,NA,NA
2010,11,2,6,NA,NA,NA,NA,NA
2010,11,2,9,NA,NA,NA,NA,NA
2010,11,2,12,NA,NA,NA,NA,NA
2010,11,2,15,NA,NA,NA,NA,NA
2010,11,2,18,NA,NA,NA,NA,NA
2010,11,2,21,NA,NA,NA,NA,NA
2010,11,3,0,NA,NA,NA,NA,NA
2010,11,3,3,NA,NA,NA,NA,NA
2010,11,3,6,NA,NA,NA,NA,NA
2010,11,3,9,NA,NA,NA,NA,NA
2010,11,3,12,NA,NA,NA,NA,NA
2010,11,3,15,NA,NA,NA,NA,NA
2010,11,3,18,NA,NA,NA,NA,NA
2010,11,3,21,NA,NA,NA,NA,NA
2010,11,4,0,NA,NA,NA,NA,NA
2010,11,4,3,NA,NA,NA,NA,NA
2010,11,4,6,NA,NA,NA,NA,NA
2010,11,4,9,NA,NA,NA,NA,NA
2010,11,4,12,NA,NA,NA,NA,NA
2010,11,4,15,NA,NA,NA,NA,NA
2010,11,4,18,NA,NA,NA,NA,NA
2010,11,4,21,NA,NA,NA,NA,NA
2010,11,5,0,NA,NA,NA,NA,NA
2010,11,5,3,NA,NA,NA,NA,NA
2010,11,5,6,NA,NA,NA,NA,NA
2010,11,5,9,NA,NA,NA,NA,NA
2010,11,5,12,NA,NA,NA,NA,NA
2010,11,5,15,NA,NA,NA,NA,NA
2010,11,5,18,NA,NA,NA,NA,NA
2010,11,5,21,NA,NA,NA,NA,NA
2010,11,6,0,NA,NA,NA,NA,NA
2010,11,6,3,NA,NA,NA,NA,NA
2010,11,6,6,NA,NA,NA,NA,NA
2010,11,6,9,NA,NA,NA,NA,NA
2010,11,6,12,NA,NA,NA,NA,NA
2010,11,6,15,NA,NA,NA,NA,NA
2010,11,6,18,NA,NA,NA,NA,NA
2010,11,6,21,NA,NA,NA,NA,NA
2010,11,7,0,NA,NA,NA,NA,NA
2010,11,7,3,NA,NA,NA,NA,NA
2010,11,7,6,NA,NA,NA,NA,NA
2010,11,7,9,NA,NA,NA,NA,NA
2010,11,7,12,NA,NA,NA,NA,NA
2010,11,7,15,NA,NA,NA,NA,NA
2010,11,7,18,NA,NA,NA,NA,NA
2010,11,7,21,NA,NA,NA,NA,NA
2010,11,8,0,NA,NA,NA,NA,NA
2010,11,8,3,NA,NA,NA,NA,NA
2010,11,8,6,NA,NA,NA,NA,NA
2010,11,8,9,NA,NA,NA,NA,NA
2010,11,8,12,NA,NA,NA,NA,NA
2010,11,8,15,NA,NA,NA,NA,NA
2010,11,8,18,NA,NA,NA,NA,NA
2010,11,8,21,NA,NA,NA,NA,NA
2010,11,9,0,NA,NA,NA,NA,NA
2010,11,9,3,NA,NA,NA,NA,NA
2010,11,9,6,NA,NA,NA,NA,NA
2010,11,9,9,NA,NA,NA,NA,NA
2010,11,9,12,NA,NA,NA,NA,NA
2010,11,9,15,NA,NA,NA,NA,NA
2010,11,9,18,NA,NA,NA,NA,NA
2010,11,9,21,NA,NA,NA,NA,NA
2010,11,10,0,NA,NA,NA,NA,NA
2010,11,10,3,NA,NA,NA,NA,NA
2010,11,10,6,NA,NA,NA,NA,NA
2010,11,10,9,NA,NA,NA,NA,NA
2010,11,10,12,NA,NA,NA,NA,NA
2010,11,10,15,NA,NA,NA,NA,NA
2010,11,10,18,NA,NA,NA,NA,NA
2010,11,10,21,NA,NA,NA,NA,NA
2010,11,11,0,NA,NA,NA,NA,NA
2010,11,11,3,NA,NA,NA,NA,NA
2010,11,11,6,NA,NA,NA,NA,NA
2010,11,11,9,NA,NA,NA,NA,NA
2010,11,11,12,NA,NA,NA,NA,NA
2010,11,11,15,NA,NA,NA,NA,NA
2010,11,11,18,NA,NA,NA,NA,NA
2010,11,11,21,NA,NA,NA,NA,NA
2010,11,12,0,NA,NA,NA,NA,NA
2010,11,12,3,NA,NA,NA,NA,NA
2010,11,12,6,NA,NA,NA,NA,NA
2010,11,12,9,NA,NA,NA,NA,NA
2010,11,12,12,NA,NA,NA,NA,NA
2010,11,12,15,NA,NA,NA,NA,NA
2010,11,12,18,NA,NA,NA,NA,NA
2010,11,12,21,NA,NA,NA,NA,NA
2010,11,13,0,NA,NA,NA,NA,NA
2010,11,13,3,NA,NA,NA,NA,NA
2010,11,13,6,NA,NA,NA,NA,NA
2010,11,13,9,NA,NA,NA,NA,NA
2010,11,13,12,NA,NA,NA,NA,NA
2010,11,13,15,NA,NA,NA,NA,NA
2010,11,13,18,NA,NA,NA,NA,NA
2010,11,13,21,NA,NA,NA,NA,NA
2010,11,14,0,NA,NA,NA,NA,NA
2010,11,14,3,NA,NA,NA,NA,NA
2010,11,14,6,NA,NA,NA,NA,NA
2010,11,14,9,NA,NA,NA,NA,NA
2010,11,14,12,NA,NA,NA,NA,NA
2010,11,14,15,NA,NA,NA,NA,NA
2010,11,14,18,NA,NA,NA,NA,NA
2010,11,14,21,NA,NA,NA,NA,NA
2010,11,15,0,NA,NA,NA,NA,NA
2010,11,15,3,NA,NA,NA,NA,NA
2010,11,15,6,NA,NA,NA,NA,NA
2010,11,15,9,NA,NA,NA,NA,NA
2010,11,15,12,NA,NA,NA,NA,NA
2010,11,15,15,NA,NA,NA,NA,NA
2010,11,15,18,NA,NA,NA,NA,NA
2010,11,15,21,NA,NA,NA,NA,NA
2010,11,16,0,NA,NA,NA,NA,NA
2010,11,16,3,-12.6,911,19,10,26
2010,11,16,6,-12.9,910.6,NA,10,43
2010,11,16,9,-12.6,910.9,NA,40,49
2010,11,16,12,-12.8,910.9,NA,50,50
2010,11,16,15,-13,910.9,9,30,50
2010,11,16,18,-12.5,911.6,6,60,50
2010,11,16,21,-11.5,912.6,NA,280,52
2010,11,17,0,-11.3,913.6,5,70,54
2010,11,17,3,-10.8,914.5,2,90,55
2010,11,17,6,-11.6,915.3,4,260,51
2010,11,17,9,-11,916.5,2,250,48
2010,11,17,12,-12.7,917.7,NA,260,50
2010,11,17,15,-13,918.4,NA,240,50
2010,11,17,18,-12.7,919.4,12,240,46
2010,11,17,21,-11.4,920.8,11,230,40
2010,11,18,0,-10.7,921.4,NA,230,34
2010,11,18,3,-9.9,921.6,7,230,39
2010,11,18,6,-11.9,921.3,7,240,47
2010,11,18,9,-10.8,920.3,NA,230,17
2010,11,18,12,-12.1,918.8,NA,230,22
2010,11,18,15,-13.3,918.8,NA,230,24
2010,11,18,18,-10.5,918.4,NA,240,20
2010,11,18,21,-10.6,918.2,21,230,20
2010,11,19,0,-8.6,918.9,NA,230,19
2010,11,19,3,-7.2,917.7,NA,20,11
2010,11,19,6,-8.1,917,NA,360,15
2010,11,19,9,-8.2,916.9,NA,340,8
2010,11,19,12,-11.4,916.1,NA,260,22
2010,11,19,15,-10.8,915.8,NA,240,20
2010,11,19,18,-10.9,915.7,15,240,18
2010,11,19,21,-9.6,915.4,NA,230,13
2010,11,20,0,-9.8,914.7,NA,270,27
2010,11,20,3,-9.8,913.5,NA,100,32
2010,11,20,6,-10.8,913.2,4,110,47
2010,11,20,9,-10.8,913.3,3,190,54
2010,11,20,12,-12,912.9,3,130,53
2010,11,20,15,-12.7,912.3,NA,260,52
2010,11,20,18,-13,912.2,NA,260,50
2010,11,20,21,-12.4,912.1,NA,240,41
2010,11,21,0,-11.6,912.2,NA,250,33
2010,11,21,3,-12.1,911.1,NA,240,40
2010,11,21,6,-12.6,911.5,NA,250,51
2010,11,21,9,-13.1,912.3,NA,240,42
2010,11,21,12,-13.9,912.4,NA,270,30
2010,11,21,15,-13.3,912.2,NA,0,22
2010,11,21,18,-11.6,912.4,NA,240,18
2010,11,21,21,-11.7,913,NA,240,14
2010,11,22,0,-11.2,913.3,NA,240,10
2010,11,22,3,-11.1,913.9,4,230,20
2010,11,22,6,-11,914.2,NA,190,20
2010,11,22,9,-12.2,914.9,NA,NA,22
2010,11,22,12,-13,915.5,NA,360,27
2010,11,22,15,-13.7,915.9,NA,20,36
2010,11,22,18,-12.7,916.3,NA,40,37
2010,11,22,21,-10.9,916.8,NA,70,36
2010,11,23,0,-11.3,917.3,6,70,41
2010,11,23,3,-11.5,917.1,3,20,53
2010,11,23,6,-12,917.1,NA,30,42
2010,11,23,9,-12.6,917,6,20,55
2010,11,23,12,-13.3,916.6,7,20,36
2010,11,23,15,-13,916,5,30,38
2010,11,23,18,-11.7,915.8,NA,140,46
2010,11,23,21,-10.6,915.8,3,100,35
2010,11,24,0,-11,915.4,1,230,33
2010,11,24,3,-11.7,915.5,NA,250,45
2010,11,24,6,-11.2,915.7,NA,250,21
2010,11,24,9,-11.4,915.8,4,230,16
2010,11,24,12,-10.7,916.3,NA,220,9
2010,11,24,15,-12,916.7,5,360,4
2010,11,24,18,-11.3,917.4,3,50,11
2010,11,24,21,-9.7,917.6,4,50,8
2010,11,25,0,-10,917.6,5,70,21
2010,11,25,3,-11.2,917.5,7,50,26
2010,11,25,6,-11.2,917.1,NA,60,49
2010,11,25,9,-11.2,917,10,70,55
2010,11,25,12,-12.2,917.5,NA,360,54
2010,11,25,15,-12.4,917.4,NA,0,38
2010,11,25,18,-11.9,916.8,1,240,35
2010,11,25,21,-10.9,916.5,4,120,39
2010,11,26,0,-10.7,915.9,2,250,37
2010,11,26,3,-12.9,915,NA,240,37
2010,11,26,6,-12.3,914.1,NA,230,35
2010,11,26,9,-11.6,914.4,NA,230,36
2010,11,26,12,-11.7,914.4,22,240,47
2010,11,26,15,-12.4,914.8,18,230,49
2010,11,26,18,-12.9,914.8,21,NA,35
2010,11,26,21,-11.8,914.5,NA,NA,25
2010,11,27,0,-11.9,915.2,NA,230,30
2010,11,27,3,-11.7,915.5,33,230,31
2010,11,27,6,-11.4,917.2,NA,230,22
2010,11,27,9,-11,918.5,NA,240,10
2010,11,27,12,-9.8,918.6,NA,270,NA
2010,11,27,15,-9.6,917.6,NA,60,NA
2010,11,27,18,-9.3,917.2,NA,180,7
2010,11,27,21,-9,916.7,NA,120,12
2010,11,28,0,-7.9,915.7,4,90,16
2010,11,28,3,-9.5,914.3,NA,40,24
2010,11,28,6,-7.9,913,7,340,18
2010,11,28,9,-9.2,912.7,NA,290,NA
2010,11,28,12,-9.8,912.2,NA,280,16
2010,11,28,15,-9.4,910.7,NA,80,17
2010,11,28,18,-9.5,909.6,NA,70,17
2010,11,28,21,-8.9,908.5,NA,NA,17
2010,11,29,0,-9.5,907.6,8,NA,16
2010,11,29,3,-10.4,906.6,NA,NA,49
2010,11,29,6,-10.8,906.3,6,80,46
2010,11,29,9,-10.3,906.9,2,120,50
2010,11,29,12,-10.7,907.4,NA,300,35
2010,11,29,15,-11.2,907.4,3,270,24
2010,11,29,18,-12.5,908.1,NA,250,53
2010,11,29,21,-11.4,908.7,NA,240,43
2010,11,30,0,-10.8,909.1,7,240,37
2010,11,30,3,-11,909.1,NA,230,34
2010,11,30,6,-11.8,909.6,NA,250,32
2010,11,30,9,-12.8,910,10,240,42
2010,11,30,12,-13.1,910.1,10,250,33
2010,11,30,15,-13.5,909.7,NA,290,20
2010,11,30,18,-11.1,909.4,9,70,20
2010,11,30,21,-10.7,909.5,NA,70,18
2010,12,1,0,-10.8,909.8,13,80,23
2010,12,1,3,-11.3,910.1,11,70,28
2010,12,1,6,-11.3,911.4,NA,240,41
2010,12,1,9,-12.7,911.8,NA,230,39
2010,12,1,12,-12.5,911.2,NA,250,22
2010,12,1,15,-12.2,910,NA,250,10
2010,12,1,18,-12.3,906.5,NA,250,51
2010,12,1,21,-12.3,908.2,NA,NA,50
2010,12,2,0,-12.2,908.9,NA,NA,54
2010,12,2,3,-11.7,912,NA,240,54
2010,12,2,6,-11.4,911.7,NA,250,54
2010,12,2,9,-11.3,912,NA,250,23
2010,12,2,12,-10.5,912.4,36,240,9
2010,12,2,15,-11.3,911.2,38,NA,20
2010,12,2,18,-12.2,912.3,NA,NA,45
2010,12,2,21,-11.9,913.3,38,NA,55
2010,12,3,0,-11.7,914.5,NA,240,43
2010,12,3,3,-11.3,915,NA,240,38
2010,12,3,6,-10.8,914,NA,250,25
2010,12,3,9,-10.9,913.9,NA,NA,17
2010,12,3,12,-9.9,913.4,NA,NA,15
2010,12,3,15,-10.9,912.8,NA,NA,53
2010,12,3,18,-10.2,913.4,NA,NA,56
2010,12,3,21,-9.6,913.8,NA,NA,63
2010,12,4,0,-9.5,914.9,NA,NA,64
2010,12,4,3,-9.1,914.2,40,240,65
2010,12,4,6,-9,916.1,NA,NA,67
2010,12,4,9,-9,915.4,NA,NA,67
2010,12,4,12,-9.3,915.1,NA,NA,67
2010,12,4,15,-9.5,916.1,NA,NA,67
2010,12,4,18,-9.4,914.9,29,220,67
2010,12,4,21,-9.6,916.7,NA,240,67
2010,12,5,0,-9.3,916.3,NA,230,68
2010,12,5,3,-9.1,916.9,24,230,68
2010,12,5,6,-8.7,917.1,22,250,69
2010,12,5,9,-8.8,916.9,21,230,71
2010,12,5,12,-8.8,916.2,NA,NA,70
2010,12,5,15,-9.1,918.2,23,NA,70
2010,12,5,18,-9.3,920.2,21,NA,69
2010,12,5,21,-8.1,922.1,19,240,70
2010,12,6,0,-8,923,19,230,71
2010,12,6,3,-8.6,924.6,NA,240,71
2010,12,6,6,-8.5,925.6,NA,NA,71
2010,12,6,9,-8.6,926.7,10,NA,71
2010,12,6,12,-8.8,926.3,12,240,71
2010,12,6,15,-8.8,928.3,NA,NA,71
2010,12,6,18,-8.4,930.3,NA,NA,72
2010,12,6,21,-8.6,932.6,NA,NA,72
2010,12,7,0,-8.1,933.6,NA,230,72
2010,12,7,3,-8,934.7,NA,240,72
2010,12,7,6,-7.5,935.9,20,240,72
2010,12,7,9,-8,937.7,NA,230,70
2010,12,7,12,-8.7,939.2,NA,240,62
2010,12,7,15,-8.4,941.1,NA,250,33
2010,12,7,18,-6.8,942.5,NA,330,10
2010,12,7,21,-7.8,943.8,NA,240,24
2010,12,8,0,-7.3,943.6,NA,240,26
2010,12,8,3,-6.2,944.6,NA,240,18
2010,12,8,6,-5.1,944.2,NA,250,10
2010,12,8,9,-4.6,945.3,NA,240,6
2010,12,8,12,-6.6,944.7,NA,240,21
2010,12,8,15,-6.8,943.1,NA,250,68
2010,12,8,18,-7.5,946,NA,240,74
2010,12,8,21,-7.3,949.1,NA,240,71
2010,12,9,0,-7,947.9,NA,250,75
2010,12,9,3,-5.2,946.5,NA,240,65
2010,12,9,6,-4.4,947.8,NA,230,18
2010,12,9,9,-5.6,951,NA,240,38
2010,12,9,12,-4.9,950.7,NA,240,6
2010,12,9,15,-2.5,948.6,NA,250,NA
2010,12,9,18,-1.6,945.6,NA,190,2
2010,12,9,21,0.6,941.8,NA,20,NA
2010,12,10,0,0.7,936.5,NA,30,NA
2010,12,10,3,1.6,932.8,NA,280,NA
2010,12,10,6,3.6,931.2,NA,250,NA
2010,12,10,9,2.4,929.5,NA,240,NA
2010,12,10,12,0.9,926.8,NA,230,2
2010,12,10,15,0.7,923.7,NA,240,10
2010,12,10,18,-1.4,923.7,NA,230,19
2010,12,10,21,-2.7,915.8,NA,240,19
2010,12,11,0,-3.8,924.4,NA,210,35
2010,12,11,3,-4.6,924.3,NA,230,53
2010,12,11,6,-3.4,923.8,NA,250,45
2010,12,11,9,-2.6,923.1,NA,260,15
2010,12,11,12,-3.8,923,NA,230,21
2010,12,11,15,-5.1,922.8,NA,240,28
2010,12,11,18,-3.9,923.5,NA,240,25
2010,12,11,21,-2.6,924,NA,240,12
2010,12,12,0,-1,924.8,NA,170,6
2010,12,12,3,-1.2,926,NA,250,7
2010,12,12,6,-2.9,927.4,NA,250,7
2010,12,12,9,-2.3,928.3,NA,250,17
2010,12,12,12,-3,929.7,NA,240,14
2010,12,12,15,-2.5,930.5,NA,240,11
2010,12,12,18,-3.4,932.4,NA,230,23
2010,12,12,21,-2.8,933.4,NA,230,20
2010,12,13,0,-2.9,934,NA,250,22
2010,12,13,3,-2.5,934,NA,250,28
2010,12,13,6,-3.2,934.1,NA,250,26
2010,12,13,9,-2.9,934.1,NA,240,17
2010,12,13,12,-4.7,933.6,NA,60,33
2010,12,13,15,-5.4,932.1,NA,30,35
2010,12,13,18,-3.9,931.6,4,60,47
2010,12,13,21,-3.4,931,3,60,52
2010,12,14,0,-3.8,930.4,NA,20,36
2010,12,14,3,-4,929.7,NA,10,31
2010,12,14,6,-4.5,929.4,13,10,24
2010,12,14,9,-5.2,929.5,11,10,34
2010,12,14,12,-5.6,929.8,9,20,14
2010,12,14,15,-5.2,929.8,NA,10,21
2010,12,14,18,-4.2,930.5,NA,20,27
2010,12,14,21,-2,931.2,2,340,27
2010,12,15,0,-2.3,931.7,3,60,24
2010,12,15,3,-3.9,931.8,5,40,15
2010,12,15,6,-3.8,931.9,4,50,15
2010,12,15,9,-4.8,931.3,NA,0,13
2010,12,15,12,-4.9,930.9,NA,20,7
2010,12,15,15,-5.8,931.4,NA,240,42
2010,12,15,18,-7.7,932.4,NA,230,73
2010,12,15,21,-6.2,933.3,NA,240,51
2010,12,16,0,-5.8,934.9,NA,230,66
2010,12,16,3,-4.9,935.5,NA,230,60
2010,12,16,6,-4.3,934.7,NA,70,71
2010,12,16,9,-3,933.9,3,310,39
2010,12,16,12,-4.4,932.8,NA,290,6
2010,12,16,15,-2.8,931.5,5,320,NA
2010,12,16,18,-1.7,929.6,NA,330,NA
2010,12,16,21,-2.3,928.3,8,50,NA
2010,12,17,0,-5.1,927.2,4,60,71
2010,12,17,3,-5.2,926.2,4,80,72
2010,12,17,6,-6.1,926.1,6,70,77
2010,12,17,9,-6.2,926.3,NA,70,81
2010,12,17,12,-7.2,926.8,3,340,80
2010,12,17,15,-7.5,927.1,NA,30,79
2010,12,17,18,-6.5,927.8,3,20,80
2010,12,17,21,-5.2,928.6,2,60,83
2010,12,18,0,-2.4,929.5,3,50,75
2010,12,18,3,NA,930.2,2,20,8
2010,12,18,6,-0.5,930.3,2,250,16
2010,12,18,9,-2,930.4,4,0,21
2010,12,18,12,-3.2,930.1,NA,250,13
2010,12,18,15,NA,929.1,1,20,82
2010,12,18,18,-6,928.1,5,250,82
2010,12,18,21,-5.9,927.4,2,20,83
2010,12,19,0,-5.2,926.6,2,110,84
2010,12,19,3,-5.9,926.1,5,200,84
2010,12,19,6,-6,925.8,NA,220,84
2010,12,19,9,-5.5,926.1,NA,220,84
2010,12,19,12,-6.6,925.9,NA,230,83
2010,12,19,15,-5.3,926,NA,310,84
2010,12,19,18,-6.5,926.3,NA,300,83
2010,12,19,21,-5.4,926.6,2,230,83
2010,12,20,0,-4.2,927.2,3,140,82
2010,12,20,3,-4.9,927.1,4,30,84
2010,12,20,6,-4,926.7,NA,50,56
2010,12,20,9,-6.5,925.3,NA,10,52
2010,12,20,12,-6.2,924.4,NA,30,84
2010,12,20,15,-6.2,924.5,NA,NA,85
2010,12,20,18,-6.5,923.9,NA,NA,84
2010,12,20,21,-5.7,923.9,3,70,85
2010,12,21,0,-5.1,924,3,20,86
2010,12,21,3,-5,924.1,6,30,87
2010,12,21,6,-4.9,924.6,7,20,87
2010,12,21,9,-5.6,925,9,30,87
2010,12,21,12,-5.8,925.8,NA,20,86
2010,12,21,15,-5.5,926.4,NA,50,87
2010,12,21,18,-5.8,927.3,NA,50,87
2010,12,21,21,-5,928,NA,20,87
2010,12,22,0,-5.4,928.6,NA,20,87
2010,12,22,3,-4.6,929.2,6,20,88
2010,12,22,6,-5.1,929.5,6,10,88
2010,12,22,9,-4.3,930,NA,250,87
2010,12,22,12,-5.1,930.6,NA,30,86
2010,12,22,15,-5.1,930.6,NA,NA,83
2010,12,22,18,-5.2,930.8,3,30,80
2010,12,22,21,-2.4,931.1,3,50,83
2010,12,23,0,-1.3,931.4,2,80,73
2010,12,23,3,-2.4,931.8,5,50,43
2010,12,23,6,-1.6,932.4,3,330,48
2010,12,23,9,NA,933.1,1,340,38
2010,12,23,12,-2.3,933.8,4,260,18
2010,12,23,15,-1.7,934,5,250,9
2010,12,23,18,-1,934.7,NA,260,5
2010,12,23,21,-0.4,935.4,3,170,8
2010,12,24,0,-1.4,935.7,4,30,28
2010,12,24,3,-0.4,935.6,2,240,21
2010,12,24,6,-1.4,935.7,2,250,26
2010,12,24,9,-1.2,935.9,2,230,28
2010,12,24,12,NA,935.8,NA,260,82
2010,12,24,15,NA,935.2,NA,130,84
2010,12,24,18,-6.5,935.3,NA,180,86
2010,12,24,21,-6.2,935.5,3,110,86
2010,12,25,0,-5.8,935.6,4,110,86
2010,12,25,3,-5.7,935.3,3,200,87
2010,12,25,6,-6.1,935.1,2,160,87
2010,12,25,9,NA,935.3,1,240,86
2010,12,25,12,-7.1,935.2,2,210,86
2010,12,25,15,-7.2,934.9,2,110,86
2010,12,25,18,-6.8,934.9,3,220,86
2010,12,25,21,-6.3,934.8,NA,220,81
2010,12,26,0,-5,934.9,NA,240,66
2010,12,26,3,-4.7,934,NA,230,54
2010,12,26,6,-5.3,934.3,NA,240,60
2010,12,26,9,-3.3,934.6,NA,250,33
2010,12,26,12,-3.4,933.9,NA,240,24
2010,12,26,15,-3.2,933.2,15,240,22
2010,12,26,18,-4,932.9,NA,230,34
2010,12,26,21,-4.2,932.1,NA,230,65
2010,12,27,0,-5.5,932.9,NA,220,87
2010,12,27,3,-5.4,932.2,NA,210,87
2010,12,27,6,-6.1,931.2,NA,220,87
2010,12,27,9,-6.5,932.1,NA,220,87
2010,12,27,12,-6.7,931.8,NA,230,86
2010,12,27,15,-6.6,930.6,NA,220,86
2010,12,27,18,-6.4,931.2,NA,210,80
2010,12,27,21,-6.5,931.1,NA,220,87
2010,12,28,0,-6.1,932.6,NA,230,79
2010,12,28,3,-5.8,932.1,NA,230,79
2010,12,28,6,-5.2,932,NA,230,75
2010,12,28,9,-6.3,932.6,NA,240,85
2010,12,28,12,-4.8,931.2,NA,240,62
2010,12,28,15,-5.6,932.4,NA,230,89
2010,12,28,18,-5.9,932.3,NA,220,89
2010,12,28,21,-5.9,932.5,16,230,90
2010,12,29,0,-5.6,932.1,NA,NA,90
2010,12,29,3,-5.6,931.7,NA,NA,90
2010,12,29,6,-5.5,931.4,NA,NA,90
2010,12,29,9,-5.4,931.3,NA,220,90
2010,12,29,12,-6.1,930.8,NA,220,90
2010,12,29,15,-5.6,929.9,NA,NA,91
2010,12,29,18,NA,929.4,1,250,91
2010,12,29,21,NA,929,1,240,93
2010,12,30,0,-3.6,929.1,NA,NA,93
2010,12,30,3,-3.1,929,2,190,89
2010,12,30,6,-3,929,4,220,89
2010,12,30,9,-5,929.3,3,250,89
2010,12,30,12,NA,929.2,1,240,85
2010,12,30,15,-6.4,929.1,4,250,76
2010,12,30,18,NA,929.4,1,240,87
2010,12,30,21,-3.9,929.8,4,140,87
2010,12,31,0,-2.4,930.1,3,240,84
2010,12,31,3,-3.7,930.1,3,70,90
2010,12,31,6,-5.2,930,NA,0,89
2010,12,31,9,-5.7,930.1,NA,10,82
2010,12,31,12,-6.6,930,NA,20,90
2010,12,31,15,-6.1,929.6,NA,190,91
2010,12,31,18,-6.2,929.3,4,250,91
2010,12,31,21,-5.6,928.9,NA,240,91
2011,1,1,0,-5.6,928.3,NA,230,91
2011,1,1,3,-6.3,927.5,NA,240,91
2011,1,1,6,-5.6,927.3,13,230,91
2011,1,1,9,-5.8,926.9,NA,240,91
2011,1,1,12,-5.4,928,NA,260,80
2011,1,1,15,-4.9,929.5,NA,190,50
2011,1,1,18,-4.1,929.5,NA,350,42
2011,1,1,21,-3.8,929.5,5,50,52
2011,1,2,0,-3.8,929.5,2,140,59
2011,1,2,3,-4.1,929.3,5,280,58
2011,1,2,6,-3.4,929.1,NA,30,45
2011,1,2,9,-4.9,929,NA,10,43
2011,1,2,12,-8,929.3,3,10,88
2011,1,2,15,-8.1,929.1,2,60,88
2011,1,2,18,-8.7,929.5,5,40,87
2011,1,2,21,-8.1,929.8,5,70,88
2011,1,3,0,-6.9,929.9,2,270,90
2011,1,3,3,-7.3,929.3,2,120,89
2011,1,3,6,-6,929.1,2,40,84
2011,1,3,9,-5.9,928.7,NA,10,75
2011,1,3,12,-5.6,928.4,4,290,72
2011,1,3,15,-5.9,927.3,4,270,54
2011,1,3,18,NA,926.7,1,230,83
2011,1,3,21,-5.6,926.2,5,230,70
2011,1,4,0,-5.3,925.8,NA,240,70
2011,1,4,3,-4.9,925,NA,250,58
2011,1,4,6,-5.7,924.9,NA,240,71
2011,1,4,9,-5.4,924.7,10,230,54
2011,1,4,12,-6.2,924.5,11,240,54
2011,1,4,15,-6.1,924.1,11,240,52
2011,1,4,18,-6.4,924.2,9,240,54
2011,1,4,21,-4.5,924.7,NA,210,46
2011,1,5,0,-3.8,925.2,NA,260,47
2011,1,5,3,-4.4,925.2,4,120,54
2011,1,5,6,-5.7,925.2,NA,40,63
2011,1,5,9,-6.5,925.1,6,30,60
2011,1,5,12,-6.7,924.9,NA,20,52
2011,1,5,15,-6.7,924.5,7,20,60
2011,1,5,18,-6.6,924.2,NA,30,72
2011,1,5,21,-5.3,923.9,3,230,70
2011,1,6,0,-5.5,923.7,5,240,77
2011,1,6,3,-5.8,923,NA,230,90
2011,1,6,6,-6.2,922.7,NA,240,90
2011,1,6,9,-6.6,922.6,NA,240,90
2011,1,6,12,-6.8,921.8,NA,230,79
2011,1,6,15,-6.8,922,NA,230,81
2011,1,6,18,-6.2,922,NA,250,90
2011,1,6,21,-6.7,922.4,NA,NA,94
2011,1,7,0,-6.2,923.8,33,NA,93
2011,1,7,3,-6,924.5,NA,NA,92
2011,1,7,6,-6.3,925,NA,NA,95
2011,1,7,9,-5.6,927.6,NA,240,86
2011,1,7,12,-5.5,928.6,NA,250,83
2011,1,7,15,-5.4,929.5,NA,250,70
2011,1,7,18,-4.8,929.5,NA,0,47
2011,1,7,21,-4.9,929.7,NA,20,59
2011,1,8,0,-3.4,929.7,3,110,46
2011,1,8,3,-3.8,929.6,3,50,50
2011,1,8,6,-3.1,929.9,2,360,42
2011,1,8,9,-3.5,930.3,3,270,22
2011,1,8,12,-3.9,930.4,NA,280,23
2011,1,8,15,-4.4,930.1,NA,260,23
2011,1,8,18,-3.8,930.3,NA,260,17
2011,1,8,21,-4,930.6,2,240,25
2011,1,9,0,-3.2,930.9,4,220,17
2011,1,9,3,-2.2,931,NA,0,31
2011,1,9,6,-3,931.1,3,250,35
2011,1,9,9,-5.7,931,NA,240,77
2011,1,9,12,-6.1,930.5,NA,240,73
2011,1,9,15,-6.8,930.2,NA,240,82
2011,1,9,18,-6.3,930.3,NA,230,68
2011,1,9,21,-6.7,931.1,NA,240,84
2011,1,10,0,-4.9,931.2,NA,210,50
2011,1,10,3,-4.9,930.8,NA,110,74
2011,1,10,6,-5.7,930.5,NA,50,81
2011,1,10,9,-6.8,930.3,NA,360,87
2011,1,10,12,-7.4,930.4,NA,360,79
2011,1,10,15,-7.5,930,NA,300,52
2011,1,10,18,-7.7,930,8,250,70
2011,1,10,21,-5.4,930.7,NA,NA,66
2011,1,11,0,-4.6,931,NA,NA,43
2011,1,11,3,-6.1,930.9,NA,NA,54
2011,1,11,6,-5.5,930.9,NA,NA,64
2011,1,11,9,-6.7,931,NA,240,93
2011,1,11,12,-6.8,931.4,NA,230,96
2011,1,11,15,-7.1,931.3,NA,220,96
2011,1,11,18,-8,931.6,NA,230,95
2011,1,11,21,-7.9,931.4,12,NA,96
2011,1,12,0,-7,931.6,8,NA,97
2011,1,12,3,-8.2,930.7,NA,NA,97
2011,1,12,6,-7.5,930.2,NA,NA,88
2011,1,12,9,-7.9,929.9,NA,240,94
2011,1,12,12,-8.1,929,19,230,96
2011,1,12,15,-8.5,927.8,NA,240,88
2011,1,12,18,-8.1,927.6,NA,NA,81
2011,1,12,21,-7.9,926.6,12,NA,89
2011,1,13,0,-6.5,925.1,NA,NA,NA
2011,1,13,3,-6.6,922.3,NA,250,95
2011,1,13,6,-7.1,921.4,NA,240,92
2011,1,13,9,-6.9,919.3,NA,240,97
2011,1,13,12,-5.8,919.8,NA,250,93
2011,1,13,15,-6.9,916.7,NA,250,99
2011,1,13,18,-6.5,919.6,NA,240,99
2011,1,13,21,-6.1,919.7,NA,230,99
2011,1,14,0,-6,919.9,28,230,99
2011,1,14,3,-6.5,919.5,NA,250,99
2011,1,14,6,-5.3,921.5,NA,220,NA
2011,1,14,9,-6.1,921,NA,250,99
2011,1,14,12,-5.4,922.4,NA,230,NA
2011,1,14,15,-5.1,925.2,NA,210,NA
2011,1,14,18,-5.5,926.5,NA,NA,99
2011,1,14,21,-5.2,929.7,7,170,99
2011,1,15,0,-5.4,931.3,7,220,99
2011,1,15,3,-4.9,931.7,9,230,NA
2011,1,15,6,-4.8,931.8,5,220,NA
2011,1,15,9,-5.4,931.8,NA,230,99
2011,1,15,12,-6.2,930,5,240,99
2011,1,15,15,-6.2,929.9,5,250,99
2011,1,15,18,-5.8,930.9,4,240,99
2011,1,15,21,-6.1,930.9,4,240,99
2011,1,16,0,-6.1,929.6,3,250,99
2011,1,16,3,-5.9,929.9,NA,250,99
2011,1,16,6,-5.8,929.6,NA,250,99
2011,1,16,9,-5.6,929.1,NA,240,99
2011,1,16,12,-4.9,930.3,NA,240,98
2011,1,16,15,-4.5,927.1,NA,250,NA
2011,1,16,18,-5.2,926.9,NA,250,NA
2011,1,16,21,-5,930.3,NA,240,NA
2011,1,17,0,-4,933.4,NA,NA,NA
2011,1,17,3,-3.1,934.3,NA,NA,40
2011,1,17,6,-3.2,934.9,37,NA,44
2011,1,17,9,-4.8,936.8,NA,230,73
2011,1,17,12,-3.5,939,NA,240,69
2011,1,17,15,-4.2,939.8,NA,240,43
2011,1,17,18,-5.3,941.7,NA,250,NA
2011,1,17,21,-2.4,942.9,NA,240,38
2011,1,18,0,-1.1,942.9,NA,90,20
2011,1,18,3,0.7,943,NA,20,9
2011,1,18,6,-1.8,942.6,NA,30,17
2011,1,18,9,-3.5,942,NA,30,22
2011,1,18,12,-3.6,941.7,NA,50,37
2011,1,18,15,-4.2,940.6,NA,20,49
2011,1,18,18,-3.2,939.9,NA,60,55
2011,1,18,21,-3.5,939.7,NA,70,94
2011,1,19,0,-3.1,939.7,NA,160,NA
2011,1,19,3,-4.7,939.2,NA,20,NA
2011,1,19,6,-5.7,939.1,NA,50,NA
2011,1,19,9,-6.2,939.1,NA,30,NA
2011,1,19,12,-6.5,939.5,3,200,NA
2011,1,19,15,-6.2,939.6,NA,220,NA
2011,1,19,18,-5.5,939,NA,250,98
2011,1,19,21,-5.4,939.7,NA,230,96
2011,1,20,0,-4.6,940.2,NA,240,90
2011,1,20,3,-4,940.6,NA,220,95
2011,1,20,6,-3.5,940.4,NA,310,95
2011,1,20,9,NA,939.9,1,340,34
2011,1,20,12,-2.5,939.3,NA,340,6
2011,1,20,15,-3.6,938.4,NA,10,7
2011,1,20,18,-3.2,937,NA,30,10
2011,1,20,21,-3.4,935.7,NA,40,28
2011,1,21,0,-3.5,935.3,NA,150,51
2011,1,21,3,-2.6,934.7,3,260,35
2011,1,21,6,-4.1,934.5,NA,270,46
2011,1,21,9,-3.7,934.5,3,250,29
2011,1,21,12,-7.2,934.6,6,20,86
2011,1,21,15,-4.4,933.4,NA,270,21
2011,1,21,18,-4.1,933.1,5,290,12
2011,1,21,21,-3.2,933,NA,150,30
2011,1,22,0,-4,932.5,NA,70,27
2011,1,22,3,-3.1,930.8,NA,40,33
2011,1,22,6,-0.7,929.2,NA,20,6
2011,1,22,9,0.2,927.8,NA,20,NA
2011,1,22,12,-1.2,926.1,NA,360,NA
2011,1,22,15,NA,924.6,NA,250,NA
2011,1,22,18,NA,924,NA,230,NA
2011,1,22,21,-6.1,923.9,NA,220,NA
2011,1,23,0,-6,924.1,NA,220,99
2011,1,23,3,-5.6,926,NA,230,98
2011,1,23,6,-5.7,927.7,NA,240,98
2011,1,23,9,-5.8,929.1,NA,250,73
2011,1,23,12,-6.8,929.7,NA,250,88
2011,1,23,15,-6.3,929.9,2,130,76
2011,1,23,18,NA,930.3,1,200,54
2011,1,23,21,-6.6,930.7,4,250,95
2011,1,24,0,NA,930.7,1,290,32
2011,1,24,3,-5.7,930.3,NA,250,88
2011,1,24,6,-5.6,929.9,NA,70,97
2011,1,24,9,-6.3,929.5,6,60,NA
2011,1,24,12,-6.4,929.7,NA,90,NA
2011,1,24,15,-6.4,929.9,NA,300,NA
2011,1,24,18,NA,929.9,1,50,99
2011,1,24,21,-5.7,930.3,3,60,NA
2011,1,25,0,-5.7,930.5,4,50,NA
2011,1,25,3,-5.6,930.8,6,30,NA
2011,1,25,6,-5.8,930.4,8,60,NA
2011,1,25,9,-5.1,929.3,NA,40,83
2011,1,25,12,-2.5,928.8,NA,30,NA
2011,1,25,15,-3.5,928.8,NA,250,2
2011,1,25,18,-4.6,930,NA,240,78
2011,1,25,21,-4.9,930.5,3,30,89
2011,1,26,0,-3.5,931.3,3,80,94
2011,1,26,3,-4.4,931.8,2,160,97
2011,1,26,6,-5.8,932,NA,250,99
2011,1,26,9,-5.9,932.4,NA,240,97
2011,1,26,12,-6.2,933,11,NA,96
2011,1,26,15,-6.9,933,NA,NA,93
2011,1,26,18,-7.3,933.2,NA,NA,98
2011,1,26,21,-6.8,934.1,16,230,95
2011,1,27,0,-6.4,934.5,13,240,96
2011,1,27,3,-5.8,934.2,NA,NA,96
2011,1,27,6,-5.7,934.6,15,NA,97
2011,1,27,9,-6.4,935.2,NA,NA,99
2011,1,27,12,-6.7,935.3,NA,NA,98
2011,1,27,15,-7.1,935.5,NA,30,99
2011,1,27,18,-5,935.3,NA,170,98
2011,1,27,21,-6.1,935.3,NA,250,97
2011,1,28,0,-5.6,934.6,3,90,99
2011,1,28,3,-5.6,933.7,3,90,NA
2011,1,28,6,-5.8,932.3,5,40,NA
2011,1,28,9,-6.2,930.6,NA,70,NA
2011,1,28,12,-7.5,928.7,6,20,99
2011,1,28,15,-6.2,926.9,3,230,97
2011,1,28,18,-7.4,926,NA,260,99
2011,1,28,21,-6.5,926,NA,220,99
2011,1,29,0,-7,926,NA,230,99
2011,1,29,3,-7,925.9,NA,240,97
2011,1,29,6,-6.6,926.2,NA,250,92
2011,1,29,9,-6.9,926.8,NA,250,75
2011,1,29,12,-8,927.3,11,260,66
2011,1,29,15,-8.5,927.4,11,250,81
2011,1,29,18,-7.5,927.7,13,240,47
2011,1,29,21,-7.6,928,NA,230,74
2011,1,30,0,-6.8,928.5,13,230,66
2011,1,30,3,-8,928,15,240,96
2011,1,30,6,-6.3,927.7,NA,250,85
2011,1,30,9,-6.1,928.3,17,240,90
2011,1,30,12,-6.3,928.6,NA,230,89
2011,1,30,15,-7,928.6,14,250,98
2011,1,30,18,-6.6,929,11,250,98
2011,1,30,21,-7.2,930.1,NA,210,98
2011,1,31,0,-7.1,930.7,NA,200,98
2011,1,31,3,-7.8,929.9,NA,230,97
2011,1,31,6,-8.1,930,NA,230,97
2011,1,31,9,-7.9,930.5,24,230,94
2011,1,31,12,-7.8,930.8,NA,220,NA
2011,1,31,15,-8,930,NA,240,86
2011,1,31,18,-7.5,930.4,NA,250,86
2011,1,31,21,-7.8,930.2,28,250,88
2011,2,1,0,-7.7,930.3,29,240,99
2011,2,1,3,-7.7,930.1,28,250,97
2011,2,1,6,-7.7,929.7,27,250,95
2011,2,1,9,-8,929.7,27,250,99
2011,2,1,12,-8.1,930.2,NA,240,98
2011,2,1,15,-8.8,929.8,NA,220,NA
2011,2,1,18,-9.1,929.4,NA,230,96
2011,2,1,21,-8.2,929,NA,240,93
2011,2,2,0,-7.5,928.7,NA,230,85
2011,2,2,3,-6.9,928.3,NA,240,45
2011,2,2,6,-7.6,928,NA,250,82
2011,2,2,9,-8.4,928.1,6,250,61
2011,2,2,12,-9,927.7,NA,0,44
2011,2,2,15,-9.3,926.9,5,10,54
2011,2,2,18,-8.9,926.3,6,30,58
2011,2,2,21,-7.8,926.2,7,60,85
2011,2,3,0,-7,925.9,NA,70,56
2011,2,3,3,-7.3,925.9,NA,30,81
2011,2,3,6,-7.9,926.1,10,30,70
2011,2,3,9,-7.8,926.7,8,40,39
2011,2,3,12,-7.9,927.2,NA,40,84
2011,2,3,15,-8.5,927.1,4,30,92
2011,2,3,18,-9.1,927.4,4,60,95
2011,2,3,21,-9.9,927.8,4,280,94
2011,2,4,0,NA,928,1,240,87
2011,2,4,3,-8.2,927.4,2,250,86
2011,2,4,6,NA,927,1,10,82
2011,2,4,9,-8.7,926.6,3,300,44
2011,2,4,12,-9.4,925.6,3,340,36
2011,2,4,15,-9.9,924.7,6,280,88
2011,2,4,18,-10.4,923.8,NA,260,93
2011,2,4,21,-10.2,923.4,NA,240,94
2011,2,5,0,-9.1,922.8,NA,250,95
2011,2,5,3,-9.4,922.2,NA,260,95
2011,2,5,6,-8.4,922.8,NA,260,96
2011,2,5,9,-9.3,923.4,NA,270,95
2011,2,5,12,-9.1,924.1,7,210,96
2011,2,5,15,-9.2,924.2,4,230,95
2011,2,5,18,-9.7,923.8,NA,260,95
2011,2,5,21,-9.5,923.7,NA,250,95
2011,2,6,0,-9,924.5,NA,240,95
2011,2,6,3,-8.9,924.5,20,240,96
2011,2,6,6,-8.4,924.9,NA,230,93
2011,2,6,9,-7.2,926,NA,240,97
2011,2,6,12,-6.8,927.9,NA,230,98
2011,2,6,15,-7.3,928.3,NA,230,NA
2011,2,6,18,-8.5,929.4,NA,220,NA
2011,2,6,21,-8.3,930.7,NA,230,99
2011,2,7,0,-8.2,930.2,23,230,98
2011,2,7,3,-7.7,930.2,19,240,92
2011,2,7,6,-7.8,930.1,NA,230,96
2011,2,7,9,-8.2,929.4,NA,270,96
2011,2,7,12,-9.7,928.3,NA,10,87
2011,2,7,15,-8.5,926.6,NA,0,23
2011,2,7,18,-8.3,925.1,5,60,44
2011,2,7,21,-7.3,923.3,5,70,59
2011,2,8,0,-7,922.8,NA,260,83
2011,2,8,3,-7.7,922.9,5,280,83
2011,2,8,6,-8.7,922.1,NA,230,67
2011,2,8,9,-9,922.5,NA,250,92
2011,2,8,12,-8.9,922.9,NA,240,98
2011,2,8,15,-9.7,923.4,20,230,99
2011,2,8,18,-9.4,924.1,21,240,98
2011,2,8,21,-9.6,923.7,NA,250,99
2011,2,9,0,-9.6,923.7,NA,250,99
2011,2,9,3,-9.4,923.7,34,NA,NA
2011,2,9,6,-9.1,923.6,NA,NA,94
2011,2,9,9,-8.9,923.7,NA,NA,39
2011,2,9,12,-8.6,923.3,NA,250,24
2011,2,9,15,-8.3,922.7,30,250,36
2011,2,9,18,-8.1,923.2,NA,260,28
2011,2,9,21,-7.3,922.8,NA,250,60
2011,2,10,0,-6.8,923.4,NA,220,42
2011,2,10,3,-6.9,922.4,NA,60,67
2011,2,10,6,-8.8,921.2,NA,40,95
2011,2,10,9,-7.6,921.2,NA,350,25
2011,2,10,12,-10.1,921.4,NA,270,97
2011,2,10,15,-10.1,922,NA,260,95
2011,2,10,18,-9.3,922.7,NA,290,62
2011,2,10,21,-8.5,923.2,NA,280,84
2011,2,11,0,-7,923.8,2,60,48
2011,2,11,3,-6.9,923.9,3,260,57
2011,2,11,6,-7.5,923.9,NA,250,96
2011,2,11,9,-8.1,923.1,NA,190,99
2011,2,11,12,-8.5,922.4,NA,220,99
2011,2,11,15,-8.8,920.6,NA,250,99
2011,2,11,18,-9.4,919.8,NA,250,99
2011,2,11,21,-9.2,921.1,NA,250,99
2011,2,12,0,-8.5,925.3,NA,240,NA
2011,2,12,3,-8.2,929.3,NA,240,NA
2011,2,12,6,-8.3,931.5,NA,230,NA
2011,2,12,9,-8.7,933.5,NA,230,NA
2011,2,12,12,-8.9,934.7,NA,200,NA
2011,2,12,15,-9,933.9,NA,290,96
2011,2,12,18,-9.7,933,5,250,91
2011,2,12,21,-10,932,NA,250,NA
2011,2,13,0,-9.7,930,NA,240,99
2011,2,13,3,-10,927.3,NA,240,97
2011,2,13,6,-9.7,925.6,NA,230,NA
2011,2,13,9,-10,925.3,NA,230,NA
2011,2,13,12,-10.4,924.7,NA,NA,NA
2011,2,13,15,-10.6,923.9,34,NA,NA
2011,2,13,18,-10.8,924.9,NA,NA,NA
2011,2,13,21,-10.7,925.4,NA,250,98
2011,2,14,0,-10.1,925.4,NA,240,57
2011,2,14,3,-9.6,924.4,NA,260,95
2011,2,14,6,-10.8,923.7,12,240,98
2011,2,14,9,-11.5,922.9,13,250,97
2011,2,14,12,-12.3,922.6,NA,260,26
2011,2,14,15,-12.4,922.1,NA,240,96
2011,2,14,18,-12.2,922.4,11,250,96
2011,2,14,21,-11.1,923.2,11,250,88
2011,2,15,0,-10.1,924.3,NA,240,50
2011,2,15,3,-9.6,925.1,NA,240,67
2011,2,15,6,-10.3,926.8,19,220,93
2011,2,15,9,-10.3,928.7,NA,230,89
2011,2,15,12,-10.2,929.7,15,250,89
2011,2,15,15,-12.6,930.2,14,250,98
2011,2,15,18,-11,930.9,NA,240,32
2011,2,15,21,-11.7,931.7,11,NA,40
2011,2,16,0,-9.8,932.2,10,NA,48
2011,2,16,3,-10,932.1,NA,NA,99
2011,2,16,6,-10.3,932.3,NA,NA,99
2011,2,16,9,-10.9,932,NA,270,98
2011,2,16,12,-11.3,930.6,NA,10,40
2011,2,16,15,-10.6,928.5,NA,40,53
2011,2,16,18,-11.5,926.5,5,320,95
2011,2,16,21,-10.7,924.3,NA,240,63
2011,2,17,0,-10.8,922.1,NA,240,49
2011,2,17,3,-8.9,920.3,7,240,40
2011,2,17,6,-10.4,918.7,NA,260,80
2011,2,17,9,-10.1,917.6,NA,250,76
2011,2,17,12,-11.4,916.5,14,NA,96
2011,2,17,15,-12.2,914.9,NA,NA,90
2011,2,17,18,-12.3,914,14,NA,44
2011,2,17,21,-11.3,913.3,NA,240,39
2011,2,18,0,-11.2,913.1,NA,260,NA
2011,2,18,3,-10.8,912.6,NA,280,23
2011,2,18,6,-8.7,912.6,4,350,16
2011,2,18,9,-10.7,913.1,6,270,18
2011,2,18,12,-10.5,913.7,NA,330,8
2011,2,18,15,-10.5,914.1,NA,250,6
2011,2,18,18,-9.3,915.3,NA,NA,7
2011,2,18,21,-7.6,916.5,7,NA,3
2011,2,19,0,-7.2,917.9,7,NA,5
2011,2,19,3,-8.4,919,NA,NA,16
2011,2,19,6,-8,920.3,NA,240,33
2011,2,19,9,-7.9,921.1,NA,260,31
2011,2,19,12,-8.5,922.9,NA,230,93
2011,2,19,15,-8.4,923.1,NA,240,97
2011,2,19,18,-8.6,923,NA,250,NA
2011,2,19,21,-8.5,926.1,NA,240,NA
2011,2,20,0,-8.2,928.6,NA,250,59
2011,2,20,3,-6.5,929.8,NA,250,91
2011,2,20,6,-6.5,929.4,NA,360,22
2011,2,20,9,-6.8,928.8,NA,30,9
2011,2,20,12,-5.9,927.7,NA,340,NA
2011,2,20,15,-7.3,926.7,NA,30,4
2011,2,20,18,-5.7,926.4,NA,10,NA
2011,2,20,21,-6.6,925.6,NA,260,6
2011,2,21,0,-6,925,NA,250,33
2011,2,21,3,-6.7,924.1,NA,240,87
2011,2,21,6,-8,923.5,9,250,62
2011,2,21,9,-7.4,921.8,NA,240,94
2011,2,21,12,-7.2,919.3,NA,230,96
2011,2,21,15,-6.7,916.6,NA,240,99
2011,2,21,18,-6.1,915,NA,230,NA
2011,2,21,21,-5.8,913.1,NA,240,68
2011,2,22,0,-4.8,909.6,NA,240,NA
2011,2,22,3,-6.6,907.2,NA,250,NA
2011,2,22,6,-7.1,907.3,NA,250,NA
2011,2,22,9,-7.5,906.4,NA,250,NA
2011,2,22,12,-7.3,901.2,NA,NA,NA
2011,2,22,15,-7.8,902.5,NA,NA,NA
2011,2,22,18,-8.3,903.8,NA,240,NA
2011,2,22,21,-8.2,905.2,NA,250,NA
2011,2,23,0,-7.9,906.5,NA,250,NA
2011,2,23,3,-8,908.5,NA,240,NA
2011,2,23,6,-8.3,911.2,60,240,NA
2011,2,23,9,-8.4,913.3,NA,250,NA
2011,2,23,12,-8.6,913.1,NA,240,NA
2011,2,23,15,-8.9,915.5,NA,250,NA
2011,2,23,18,-8.3,916.9,NA,250,NA
2011,2,23,21,-9.2,918,NA,230,NA
2011,2,24,0,-7.9,918.2,NA,250,NA
2011,2,24,3,-8,918.6,NA,230,NA
2011,2,24,6,-8.3,918.2,NA,240,NA
2011,2,24,9,-9.5,917.7,5,270,NA
2011,2,24,12,-9.2,917.1,5,30,NA
2011,2,24,15,-9.4,916.7,7,20,NA
2011,2,24,18,-9.2,916.3,3,40,NA
2011,2,24,21,-8.9,916.1,4,90,NA
2011,2,25,0,-8.6,916.5,3,120,NA
2011,2,25,3,-8.6,916,5,210,NA
2011,2,25,6,-9.2,915.9,NA,250,NA
2011,2,25,9,-9.2,915.5,NA,240,NA
2011,2,25,12,-8,915.6,NA,240,NA
2011,2,25,15,-8.6,915.7,NA,240,NA
2011,2,25,18,-8.7,916.3,NA,230,NA
2011,2,25,21,-8.7,915.8,NA,250,NA
2011,2,26,0,-8.7,916.8,NA,240,NA
2011,2,26,3,-8.8,918.6,NA,230,NA
2011,2,26,6,-8.9,918.6,NA,240,NA
2011,2,26,9,-8.9,919.1,NA,250,NA
2011,2,26,12,-9.1,921,NA,NA,NA
2011,2,26,15,-9.2,922.2,NA,NA,NA
2011,2,26,18,-9.3,922.6,NA,NA,NA
2011,2,26,21,-9.3,923.7,NA,NA,NA
2011,2,27,0,-9,924.6,NA,NA,NA
2011,2,27,3,-9.1,924.7,NA,230,NA
2011,2,27,6,-9.1,925,NA,190,NA
2011,2,27,9,-9.4,925.1,NA,190,NA
2011,2,27,12,-10.1,925.1,6,330,NA
2011,2,27,15,-9.8,924.6,NA,10,NA
2011,2,27,18,-9.5,923.9,NA,60,NA
2011,2,27,21,-9.5,923.7,NA,40,NA
2011,2,28,0,-9.4,923.4,11,50,NA
2011,2,28,3,-9.4,922.7,NA,40,NA
2011,2,28,6,-10.1,921.9,NA,270,NA
2011,2,28,9,-10.2,920.9,NA,250,NA
2011,2,28,12,-9.9,919.5,NA,250,NA
2011,2,28,15,-9.3,916.5,NA,240,NA
2011,2,28,18,-9.6,915,NA,240,NA
2011,2,28,21,-10.1,912.1,NA,250,NA
2011,3,1,0,-9.9,912.4,NA,NA,NA
2011,3,1,3,-9.9,911.6,NA,NA,NA
2011,3,1,6,-10.1,911.2,NA,NA,NA
2011,3,1,9,-9.8,911.9,NA,NA,NA
2011,3,1,12,-10,916.6,NA,NA,NA
2011,3,1,15,-9.9,924.2,54,NA,NA
2011,3,1,18,-10.7,927.8,NA,NA,NA
2011,3,1,21,-10.8,931.7,NA,NA,NA
2011,3,2,0,-10.4,934.2,NA,NA,NA
2011,3,2,3,-10.2,935.6,NA,240,NA
2011,3,2,6,-10.1,936.7,NA,240,NA
2011,3,2,9,-10,936.8,NA,260,NA
2011,3,2,12,-10.1,935.3,NA,100,NA
2011,3,2,15,-10.2,933.3,NA,20,NA
2011,3,2,18,-10.5,930.9,7,10,NA
2011,3,2,21,-10.8,928.1,NA,40,NA
2011,3,3,0,-10.8,925.4,NA,260,NA
2011,3,3,3,-11.1,921.9,NA,240,NA
2011,3,3,6,-11.7,918.8,NA,230,NA
2011,3,3,9,-11.7,914.6,NA,210,NA
2011,3,3,12,-12.7,912.8,NA,230,NA
2011,3,3,15,-13.7,909.8,NA,250,NA
2011,3,3,18,-13.4,910.3,NA,250,NA
2011,3,3,21,-12.9,912.2,NA,250,NA
2011,3,4,0,-12.7,914.2,NA,240,NA
2011,3,4,3,-11.5,914.8,NA,90,NA
2011,3,4,6,-12.4,914.4,NA,140,NA
2011,3,4,9,-13,913.6,NA,20,NA
2011,3,4,12,-12.3,912.3,NA,50,NA
2011,3,4,15,-13.1,910.5,NA,250,NA
2011,3,4,18,-11.6,909,NA,250,NA
2011,3,4,21,-12.9,908.3,NA,230,NA
2011,3,5,0,-12.9,909,NA,230,NA
2011,3,5,3,-12.6,909.9,NA,240,NA
2011,3,5,6,-12.5,910.4,NA,230,NA
2011,3,5,9,-12.5,911.3,NA,210,NA
2011,3,5,12,-12.7,911.9,12,250,NA
2011,3,5,15,-12.6,913,9,250,NA
2011,3,5,18,-12.6,913.8,9,250,NA
2011,3,5,21,-12.4,914.6,10,NA,NA
2011,3,6,0,-12.3,914.8,NA,NA,NA
2011,3,6,3,-12.4,914,NA,NA,NA
2011,3,6,6,-12.4,912.3,NA,250,NA
2011,3,6,9,-11.1,912,NA,260,NA
2011,3,6,12,-11,909.6,NA,260,NA
2011,3,6,15,-10,910.4,NA,260,NA
2011,3,6,18,-9.3,908,NA,250,NA
2011,3,6,21,-10.1,908.5,58,NA,NA
2011,3,7,0,-10.7,910,55,NA,NA
2011,3,7,3,-10.8,911.7,NA,NA,NA
2011,3,7,6,-10.8,912.2,52,NA,NA
2011,3,7,9,-10.8,913.4,52,NA,NA
2011,3,7,12,-10,914.6,52,NA,NA
2011,3,7,15,-10.3,915.4,50,NA,NA
2011,3,7,18,-10.7,917.7,52,NA,NA
2011,3,7,21,-10.8,918.8,51,NA,NA
2011,3,8,0,-10.6,921.3,NA,NA,NA
2011,3,8,3,-10.8,921.8,NA,240,NA
2011,3,8,6,-10.4,925.5,43,NA,NA
2011,3,8,9,-10.2,928,NA,NA,NA
2011,3,8,12,-10.5,932.3,NA,230,NA
2011,3,8,15,-10.4,934.5,NA,220,NA
2011,3,8,18,-10.9,936,NA,260,NA
2011,3,8,21,-10.1,936.9,NA,350,NA
2011,3,9,0,-9.6,936.3,10,60,NA
2011,3,9,3,-10.4,935.4,NA,50,NA
2011,3,9,6,-9.6,933.7,NA,30,NA
2011,3,9,9,-9.1,931.9,16,40,NA
2011,3,9,12,-8.9,930.7,NA,50,NA
2011,3,9,15,-8.5,928.4,NA,90,NA
2011,3,9,18,-10.1,925.9,NA,250,NA
2011,3,9,21,-10.9,923.5,NA,260,NA
2011,3,10,0,-11.6,924.5,NA,250,NA
2011,3,10,3,-12.9,924.9,NA,240,NA
2011,3,10,6,-12.7,924.8,NA,240,NA
2011,3,10,9,-12.9,924.1,NA,230,NA
2011,3,10,12,-13.7,923,18,250,NA
2011,3,10,15,-14.2,921.5,NA,240,NA
2011,3,10,18,-14.7,920.9,NA,240,NA
2011,3,10,21,-14.7,921,NA,240,NA
2011,3,11,0,-14.9,920.8,NA,250,NA
2011,3,11,3,-14.3,919.5,NA,250,NA
2011,3,11,6,-14.2,918.6,13,250,NA
2011,3,11,9,-14.3,918.7,NA,210,NA
2011,3,11,12,-14.7,918.4,10,210,NA
2011,3,11,15,-15.4,917.8,NA,220,NA
2011,3,11,18,-15.9,918.3,NA,240,NA
2011,3,11,21,-15.6,918.5,NA,40,NA
2011,3,12,0,-15.8,917.5,NA,360,NA
2011,3,12,3,-14.1,916.3,NA,30,NA
2011,3,12,6,-14.5,914.6,NA,10,NA
2011,3,12,9,-12.4,914,NA,30,NA
2011,3,12,12,-11.5,913.5,NA,50,NA
2011,3,12,15,-13.5,913.2,NA,280,NA
2011,3,12,18,-13.2,913.3,NA,250,NA
2011,3,12,21,-11.8,914.3,NA,250,NA
2011,3,13,0,-16,914.4,NA,240,NA
2011,3,13,3,-16.1,915.4,NA,240,NA
2011,3,13,6,-16.8,915.2,34,230,NA
2011,3,13,9,-17.4,915.5,32,NA,NA
2011,3,13,12,-17.4,916.2,NA,NA,NA
2011,3,13,15,-17.5,915.2,NA,NA,NA
2011,3,13,18,-17.8,915.9,30,240,NA
2011,3,13,21,-17.8,916.5,29,230,NA
2011,3,14,0,-17.5,917,NA,240,NA
2011,3,14,3,-17.5,917.3,25,230,NA
2011,3,14,6,-17.5,917.5,NA,230,NA
2011,3,14,9,-17.8,917.9,NA,240,NA
2011,3,14,12,-17.8,918.3,NA,220,NA
2011,3,14,15,-18,918.9,NA,230,NA
2011,3,14,18,-18.3,919.2,12,240,NA
2011,3,14,21,-18.2,920,13,230,NA
2011,3,15,0,-17.8,920.6,13,230,NA
2011,3,15,3,-18,921,NA,240,NA
2011,3,15,6,-18,920.9,15,260,NA
2011,3,15,9,-18.1,920.9,16,250,NA
2011,3,15,12,-18.3,920.8,17,250,NA
2011,3,15,15,-18.3,921.4,18,240,NA
2011,3,15,18,-17.9,922.9,17,240,NA
2011,3,15,21,-18,924.3,16,250,NA
2011,3,16,0,-17.8,925.6,17,260,NA
2011,3,16,3,-17.7,926.5,20,250,NA
2011,3,16,6,-17.3,927.5,20,250,NA
2011,3,16,9,-17.7,928.3,24,250,NA
2011,3,16,12,-17.1,929.3,24,240,NA
2011,3,16,15,-17.5,929.1,28,NA,NA
2011,3,16,18,-17.6,929.7,28,NA,NA
2011,3,16,21,-17.5,929.8,31,NA,NA
2011,3,17,0,-16.6,930.6,NA,260,NA
2011,3,17,3,-16.2,930.2,NA,260,NA
2011,3,17,6,-16.1,928.8,26,260,NA
2011,3,17,9,-15.3,929.1,24,250,NA
2011,3,17,12,-14,928.8,NA,250,NA
2011,3,17,15,-13.1,928.3,21,240,NA
2011,3,17,18,-13.9,927.9,22,250,NA
2011,3,17,21,-14.2,928,21,250,NA
2011,3,18,0,-14.8,928.2,NA,240,NA
2011,3,18,3,-15.2,927.3,NA,240,NA
2011,3,18,6,-16,927.1,11,250,NA
2011,3,18,9,-16.3,925.3,NA,240,NA
2011,3,18,12,-16.3,924.8,NA,230,NA
2011,3,18,15,-16.8,922.9,NA,240,NA
2011,3,18,18,-17.5,921,NA,230,NA
2011,3,18,21,-18.5,920.5,NA,240,NA
2011,3,19,0,-18.7,919.4,NA,NA,NA
2011,3,19,3,-19.3,919.9,NA,NA,NA
2011,3,19,6,-20.1,916.4,NA,NA,NA
2011,3,19,9,-20.2,916.5,NA,240,NA
2011,3,19,12,-20.3,917.4,NA,240,NA
2011,3,19,15,-20.3,916.4,NA,240,NA
2011,3,19,18,-19.9,911.9,NA,250,NA
2011,3,19,21,-19.7,913.4,NA,240,NA
2011,3,20,0,-19.1,916.8,NA,240,NA
2011,3,20,3,-18.7,918,NA,250,NA
2011,3,20,6,-17.8,921,NA,NA,NA
2011,3,20,9,-18.2,919.1,NA,NA,NA
2011,3,20,12,-19.2,920.5,58,NA,NA
2011,3,20,15,-19.8,920,NA,240,NA
2011,3,20,18,-19.6,919.4,NA,NA,NA
2011,3,20,21,-19.1,920.2,NA,NA,NA
2011,3,21,0,-18.3,919,49,NA,NA
2011,3,21,3,-17.8,919.9,49,NA,NA
2011,3,21,6,-16.4,918.9,NA,NA,NA
2011,3,21,9,-16.4,919.2,NA,NA,NA
2011,3,21,12,-15.7,918,NA,NA,NA
2011,3,21,15,-15.1,917.3,NA,NA,NA
2011,3,21,18,-14.4,918.3,NA,NA,NA
2011,3,21,21,-13.7,919.4,60,240,NA
2011,3,22,0,-13,919.9,60,250,NA
2011,3,22,3,-12.3,920.6,NA,240,NA
2011,3,22,6,-12,922.1,53,NA,NA
2011,3,22,9,-12,923.1,NA,NA,NA
2011,3,22,12,-11.4,923.8,50,NA,NA
2011,3,22,15,-10.7,924.8,NA,250,NA
2011,3,22,18,-12.9,924.8,NA,240,NA
2011,3,22,21,-13.1,924.6,45,230,NA
2011,3,23,0,-13.2,926.1,NA,240,NA
2011,3,23,3,-13.3,926.7,NA,230,NA
2011,3,23,6,-13.7,927.1,NA,240,NA
2011,3,23,9,-13.7,926.8,NA,230,NA
2011,3,23,12,-13.3,927.6,NA,230,NA
2011,3,23,15,-12.8,929.5,NA,NA,NA
2011,3,23,18,-12.7,927.6,NA,NA,NA
2011,3,23,21,-12.3,927.4,NA,NA,NA
2011,3,24,0,-11.8,927,NA,250,NA
2011,3,24,3,-11.7,930.9,NA,250,NA
2011,3,24,6,-11.4,931.7,NA,250,NA
2011,3,24,9,-12.1,935.8,NA,240,NA
2011,3,24,12,-11.5,937,NA,230,NA
2011,3,24,15,-11.1,939.4,NA,240,NA
2011,3,24,18,-11.3,942.2,NA,230,NA
2011,3,24,21,-11.9,943.6,NA,270,NA
2011,3,25,0,-13,944.2,NA,100,NA
2011,3,25,3,-12.4,944.8,NA,40,NA
2011,3,25,6,-14.8,945.2,NA,240,NA
2011,3,25,9,-15.8,945.6,NA,250,NA
2011,3,25,12,-15.9,946.1,NA,350,NA
2011,3,25,15,-17,945.6,NA,270,NA
2011,3,25,18,-16.6,945.5,3,260,NA
2011,3,25,21,-16.7,945,3,40,NA
2011,3,26,0,-15.9,943.8,4,60,NA
2011,3,26,3,-16,942.7,7,60,NA
2011,3,26,6,-15.9,940.8,NA,60,NA
2011,3,26,9,-16,939.7,NA,20,NA
2011,3,26,12,-13.8,937.6,NA,20,NA
2011,3,26,15,NA,935,NA,40,NA
2011,3,26,18,-9.2,932.4,NA,10,NA
2011,3,26,21,-11.2,930.6,NA,30,NA
2011,3,27,0,-10.8,931.1,NA,240,NA
2011,3,27,3,NA,932,NA,260,NA
2011,3,27,6,-14.2,933.2,NA,240,NA
2011,3,27,9,-15.7,932.8,NA,NA,NA
2011,3,27,12,-16.7,932.9,NA,NA,NA
2011,3,27,15,-18.2,934.2,NA,NA,NA
2011,3,27,18,-17.4,934.8,NA,250,NA
2011,3,27,21,-18.4,935.2,NA,240,NA
2011,3,28,0,-18.8,934.9,NA,NA,NA
2011,3,28,3,-19.1,935,13,NA,NA
2011,3,28,6,-19.5,935.1,NA,NA,NA
2011,3,28,9,-19.8,935.7,NA,220,NA
2011,3,28,12,-20.3,935.7,7,220,NA
2011,3,28,15,-20.8,935.5,NA,240,NA
2011,3,28,18,-20.8,935.8,NA,210,NA
2011,3,28,21,-20.5,936.1,4,190,NA
2011,3,29,0,-20.7,935.6,5,130,NA
2011,3,29,3,-20.7,934.3,4,80,NA
2011,3,29,6,-21.1,933.6,5,30,NA
2011,3,29,9,-21.4,933.1,NA,20,NA
2011,3,29,12,-21.6,933.3,4,30,NA
2011,3,29,15,-19.8,933.1,NA,100,NA
2011,3,29,18,-19.6,933,4,50,NA
2011,3,29,21,-19,933.4,NA,40,NA
2011,3,30,0,-18.8,933.9,6,40,NA
2011,3,30,3,-19.1,934.3,4,40,NA
2011,3,30,6,-19.8,934.8,3,260,NA
2011,3,30,9,-19.8,935.6,2,230,NA
2011,3,30,12,-20,935.7,3,260,NA
2011,3,30,15,-21.8,935.3,NA,270,NA
2011,3,30,18,-21.9,935.3,NA,240,NA
2011,3,30,21,-21.8,934.9,NA,230,NA
2011,3,31,0,-21.7,933.9,NA,240,NA
2011,3,31,3,-22.4,932.6,NA,NA,NA
2011,3,31,6,-23.1,931.3,NA,NA,NA
2011,3,31,9,-23.1,929.8,NA,NA,NA
2011,3,31,12,-22.8,930.8,NA,230,NA
2011,3,31,15,-22.1,931.6,NA,240,NA
2011,3,31,18,-22,931.5,NA,230,NA
2011,3,31,21,-21.1,931.9,31,240,NA
2011,4,1,0,-20.8,932.1,33,250,NA
2011,4,1,3,-20.6,932.7,NA,240,NA
2011,4,1,6,-21.3,934.3,NA,250,NA
2011,4,1,9,-21.2,933.1,NA,40,NA
2011,4,1,12,-21.1,930.3,NA,20,NA
2011,4,1,15,-21.2,927.9,NA,280,NA
2011,4,1,18,NA,926.2,NA,20,NA
2011,4,1,21,NA,925.6,5,270,NA
2011,4,2,0,NA,926,NA,250,NA
2011,4,2,3,NA,926.9,8,270,NA
2011,4,2,6,NA,928.1,NA,240,NA
2011,4,2,9,-18.5,930.1,NA,0,NA
2011,4,2,12,-20.4,931.3,NA,270,NA
2011,4,2,15,-20.4,932.3,NA,240,NA
2011,4,2,18,-20.8,933.4,5,260,NA
2011,4,2,21,-20.6,934.7,5,220,NA
2011,4,3,0,-20.4,936.4,4,200,NA
2011,4,3,3,-20.5,937.3,3,220,NA
2011,4,3,6,-20.9,937.8,5,230,NA
2011,4,3,9,-21,938.5,4,260,NA
2011,4,3,12,-21.7,939,NA,220,NA
2011,4,3,15,-21.8,939,8,250,NA
2011,4,3,18,-22,939,10,230,NA
2011,4,3,21,-22.3,938.4,6,250,NA
2011,4,4,0,-22.2,938.1,NA,280,NA
2011,4,4,3,-22.5,937.1,6,250,NA
2011,4,4,6,-23.1,935.8,NA,260,NA
2011,4,4,9,-22.5,934,NA,0,NA
2011,4,4,12,-22.3,932.7,NA,NA,NA
2011,4,4,15,-22.8,932.1,NA,NA,NA
2011,4,4,18,-23.9,931.3,4,230,NA
2011,4,4,21,-23.8,930.4,3,230,NA
2011,4,5,0,-23.5,929.5,NA,NA,NA
2011,4,5,3,-22,928.4,NA,NA,NA
2011,4,5,6,-24.3,928.1,NA,NA,NA
2011,4,5,9,-24.4,929.3,NA,NA,NA
2011,4,5,12,-25.6,930.2,2,220,NA
2011,4,5,15,-25.7,930.6,2,240,NA
2011,4,5,18,-25.1,930.9,NA,NA,NA
2011,4,5,21,-24.9,931.7,NA,NA,NA
2011,4,6,0,-24.8,931.4,NA,NA,NA
2011,4,6,3,-24.8,931.6,NA,NA,NA
2011,4,6,6,-25,931,NA,NA,NA
2011,4,6,9,-23.6,929.4,NA,NA,NA
2011,4,6,12,-27.3,927.8,3,260,NA
2011,4,6,15,NA,928,NA,230,NA
2011,4,6,18,-28.7,932.2,NA,220,NA
2011,4,6,21,-28.4,935,NA,280,NA
2011,4,7,0,NA,936.3,NA,240,NA
2011,4,7,3,-24.6,937.2,NA,360,NA
2011,4,7,6,-25.4,938.2,5,40,NA
2011,4,7,9,-24.5,937.5,6,50,NA
2011,4,7,12,-24.5,936.6,NA,70,NA
2011,4,7,15,-24.2,935.6,4,260,NA
2011,4,7,18,-23.8,934.6,NA,240,NA
2011,4,7,21,-22.6,933.5,NA,240,NA
2011,4,8,0,-24.3,932,NA,260,NA
2011,4,8,3,-24,930,NA,NA,NA
2011,4,8,6,-24.2,928.6,21,NA,NA
2011,4,8,9,-24.5,926.6,NA,NA,NA
2011,4,8,12,-25.1,924.4,NA,240,NA
2011,4,8,15,-24.8,922.5,NA,230,NA
2011,4,8,18,-26.2,918.2,NA,230,NA
2011,4,8,21,-27,914.9,NA,240,NA
2011,4,9,0,-27.7,915.7,NA,NA,NA
2011,4,9,3,-27.2,915.8,NA,NA,NA
2011,4,9,6,-26.9,913.7,NA,NA,NA
2011,4,9,9,-26.2,913.3,NA,NA,NA
2011,4,9,12,-26.1,911.8,NA,NA,NA
2011,4,9,15,-25.3,910.4,NA,NA,NA
2011,4,9,18,-26.3,909.1,NA,30,NA
2011,4,9,21,-26.8,906.7,NA,20,NA
2011,4,10,0,-26.8,905.5,NA,20,NA
2011,4,10,3,-25.7,903.7,NA,130,NA
2011,4,10,6,-26.6,901.9,3,270,NA
2011,4,10,9,-25.6,901.5,NA,NA,NA
2011,4,10,12,-24.6,901.4,2,60,NA
2011,4,10,15,-24.5,901.2,3,40,NA
2011,4,10,18,-23.5,901.5,NA,30,NA
2011,4,10,21,-23.3,902.8,NA,0,NA
2011,4,11,0,-20.3,905.6,3,260,NA
2011,4,11,3,-21.1,908.2,2,230,NA
2011,4,11,6,-21.3,910.7,3,30,NA
2011,4,11,9,-19.8,913,NA,50,NA
2011,4,11,12,NA,915.2,NA,40,NA
2011,4,11,15,-16,917.7,NA,50,NA
2011,4,11,18,-16.3,919.6,NA,250,NA
2011,4,11,21,NA,920.4,NA,250,NA
2011,4,12,0,-18.6,921.4,NA,230,NA
2011,4,12,3,NA,922.7,NA,240,NA
2011,4,12,6,-18.9,920.6,NA,250,NA
2011,4,12,9,-19.5,919.3,NA,240,NA
2011,4,12,12,-19.3,919.6,NA,240,NA
2011,4,12,15,-19.1,917.7,NA,250,NA
2011,4,12,18,-19.2,915.8,NA,250,NA
2011,4,12,21,-18.6,915.4,NA,250,NA
2011,4,13,0,-19.1,916,60,240,NA
2011,4,13,3,-18.8,916.9,NA,240,NA
2011,4,13,6,-19.8,916.1,NA,230,NA
2011,4,13,9,-16.9,914.6,47,240,NA
2011,4,13,12,-17.8,914.3,44,240,NA
2011,4,13,15,-16.9,911.6,46,230,NA
2011,4,13,18,-15.2,909.1,46,250,NA
2011,4,13,21,-15.3,909.2,NA,230,NA
2011,4,14,0,-13.7,910,NA,NA,NA
2011,4,14,3,-12.2,910.9,NA,NA,NA
2011,4,14,6,-11.9,913,NA,NA,NA
2011,4,14,9,-11.4,915.2,29,NA,NA
2011,4,14,12,-11.3,917.7,NA,240,NA
2011,4,14,15,-10.6,921,NA,230,NA
2011,4,14,18,-11.2,923.9,NA,230,NA
2011,4,14,21,-10.9,923.4,NA,250,NA
2011,4,15,0,-9.1,922.4,NA,NA,NA
2011,4,15,3,-8,921.3,59,NA,NA
2011,4,15,6,-7.8,922.5,59,NA,NA
2011,4,15,9,-7.9,927.1,NA,240,NA
2011,4,15,12,-7.6,927,NA,250,NA
2011,4,15,15,-7.7,926.6,53,240,NA
2011,4,15,18,-7.4,929.5,NA,NA,NA
2011,4,15,21,-7.3,932,NA,NA,NA
2011,4,16,0,-7,931.6,NA,NA,NA
2011,4,16,3,-6.6,931.6,NA,NA,NA
2011,4,16,6,-8.2,932.6,NA,NA,NA
2011,4,16,9,-7.6,931.7,NA,230,NA
2011,4,16,12,-7.6,932,NA,230,NA
2011,4,16,15,-7.2,931,NA,240,NA
2011,4,16,18,-7.3,930,NA,240,NA
2011,4,16,21,-9.5,928.6,9,270,NA
2011,4,17,0,-8,928.2,NA,250,NA
2011,4,17,3,-8.6,926.9,NA,20,NA
2011,4,17,6,-10.5,925.7,NA,30,NA
2011,4,17,9,-10.7,924.2,NA,20,NA
2011,4,17,12,-10.8,923.1,NA,20,NA
2011,4,17,15,-10.3,922.2,NA,250,NA
2011,4,17,18,-11.8,922,NA,270,NA
2011,4,17,21,-13.2,922.6,NA,230,NA
2011,4,18,0,NA,923.7,NA,280,NA
2011,4,18,3,NA,924.5,NA,230,NA
2011,4,18,6,-17.7,925,NA,250,NA
2011,4,18,9,-16.6,926.7,NA,0,NA
2011,4,18,12,-18.2,927.6,NA,60,NA
2011,4,18,15,-18.4,928.3,3,280,NA
2011,4,18,18,-18.9,928.8,NA,270,NA
2011,4,18,21,-19.3,930.4,3,240,NA
2011,4,19,0,-19.1,931.9,2,220,NA
2011,4,19,3,-18.9,933.2,3,200,NA
2011,4,19,6,-19,933.6,NA,50,NA
2011,4,19,9,-19.6,934,NA,30,NA
2011,4,19,12,-18.8,934.2,NA,40,NA
2011,4,19,15,-18.4,934,7,40,NA
2011,4,19,18,-17.8,933.6,NA,60,NA
2011,4,19,21,-17.6,933.7,NA,0,NA
2011,4,20,0,-17.1,933.5,NA,NA,NA
2011,4,20,3,-18,932.9,NA,NA,NA
2011,4,20,6,-16.1,931.9,NA,NA,NA
2011,4,20,9,-16.1,931.2,NA,NA,NA
2011,4,20,12,-15.6,930.3,NA,NA,NA
2011,4,20,15,-15.2,929.8,NA,NA,NA
2011,4,20,18,-15.1,929.5,NA,NA,NA
2011,4,20,21,-14.2,929.7,NA,NA,NA
2011,4,21,0,-14.9,929.5,NA,NA,NA
2011,4,21,3,-14.6,928,NA,NA,NA
2011,4,21,6,-15.6,926.5,NA,NA,NA
2011,4,21,9,-14.5,925,5,240,NA
2011,4,21,12,-19.2,923.5,NA,250,NA
2011,4,21,15,NA,922.3,NA,230,NA
2011,4,21,18,-20.3,921.9,NA,220,NA
2011,4,21,21,-20.3,923,NA,230,NA
2011,4,22,0,-21.3,922.3,NA,230,NA
2011,4,22,3,-22.6,923.6,NA,250,NA
2011,4,22,6,-25.7,927.3,NA,230,NA
2011,4,22,9,NA,931.4,NA,210,NA
2011,4,22,12,-27.8,933.8,NA,220,NA
2011,4,22,15,-28.2,935.1,NA,310,NA
2011,4,22,18,-28.1,936.1,NA,80,NA
2011,4,22,21,-26.7,936.2,NA,30,NA
2011,4,23,0,-25,936,NA,20,NA
2011,4,23,3,-24.5,936.9,NA,130,NA
2011,4,23,6,-25.9,936.9,NA,280,NA
2011,4,23,9,-25.8,935.6,NA,NA,NA
2011,4,23,12,-26.8,935.6,NA,NA,NA
2011,4,23,15,-26.5,935.1,NA,NA,NA
2011,4,23,18,-26.1,933.5,14,250,NA
2011,4,23,21,-25.9,931.9,NA,250,NA
2011,4,24,0,-25.4,930.5,NA,230,NA
2011,4,24,3,-24.3,929,NA,240,NA
2011,4,24,6,-23.8,928.2,NA,240,NA
2011,4,24,9,-22.7,927.5,6,340,NA
2011,4,24,12,-26.2,927.8,NA,50,NA
2011,4,24,15,-25.4,927.5,NA,290,NA
2011,4,24,18,-26.1,927.5,3,30,NA
2011,4,24,21,-27.5,927.8,NA,250,NA
2011,4,25,0,-26.5,927.6,NA,30,NA
2011,4,25,3,-24.5,927.1,NA,360,NA
2011,4,25,6,-26.9,927.9,NA,270,NA
2011,4,25,9,-25.4,927.7,NA,240,NA
2011,4,25,12,-25.6,928.1,NA,NA,NA
2011,4,25,15,-22.6,927.8,NA,NA,NA
2011,4,25,18,NA,926.9,NA,NA,NA
2011,4,25,21,-17.7,925.5,NA,NA,NA
2011,4,26,0,-19,925.7,NA,NA,NA
2011,4,26,3,-19.4,925,NA,NA,NA
2011,4,26,6,-16.4,924,41,NA,NA
2011,4,26,9,-17.2,927.1,NA,210,NA
2011,4,26,12,-17.7,925.5,NA,230,NA
2011,4,26,15,-19,925.5,NA,220,NA
2011,4,26,18,-19.2,925.9,NA,230,NA
2011,4,26,21,-18.8,925.3,NA,180,NA
2011,4,27,0,-17.7,923.5,NA,250,NA
2011,4,27,3,-18.5,922.8,NA,0,NA
2011,4,27,6,-17.9,921.8,NA,20,NA
2011,4,27,9,-18.8,921.7,NA,10,NA
2011,4,27,12,-19.8,921.2,NA,20,NA
2011,4,27,15,-18.8,920.7,NA,20,NA
2011,4,27,18,-19.7,920.7,NA,340,NA
2011,4,27,21,-21.2,921,5,270,NA
2011,4,28,0,-22.7,921.4,4,260,NA
2011,4,28,3,-24.1,922.1,7,240,NA
2011,4,28,6,-23.7,922.9,NA,220,NA
2011,4,28,9,-24.1,924.2,9,230,NA
2011,4,28,12,-24.4,924.8,7,240,NA
2011,4,28,15,-23.3,925.2,NA,260,NA
2011,4,28,18,-22.7,925.6,NA,0,NA
2011,4,28,21,-22.5,926,1,340,NA
2011,4,29,0,-22.2,926.3,NA,NA,NA
2011,4,29,3,-21.6,926.7,NA,230,NA
2011,4,29,6,-20.1,927.2,NA,230,NA
2011,4,29,9,-18,927.1,9,250,NA
2011,4,29,12,-16.8,927.7,9,270,NA
2011,4,29,15,-17.1,927.5,8,280,NA
2011,4,29,18,-15.5,928,NA,10,NA
2011,4,29,21,-16.3,928.1,4,280,NA
2011,4,30,0,-19.7,928.3,3,100,NA
2011,4,30,3,-19.8,928.1,NA,20,NA
2011,4,30,6,-17.6,927.5,NA,340,NA
2011,4,30,9,-18.2,927.8,1,310,NA
2011,4,30,12,-19.6,929,3,310,NA
2011,4,30,15,-20.7,929.5,1,10,NA
2011,4,30,18,-21.8,929.9,NA,40,NA
2011,4,30,21,-21.4,930.8,NA,40,NA
2011,5,1,0,-20.9,931,NA,40,NA
2011,5,1,3,-23.1,931.4,NA,50,NA
2011,5,1,6,-22,931.1,NA,260,NA
2011,5,1,9,-22,930.7,2,260,NA
2011,5,1,12,-23.4,930,NA,NA,NA
2011,5,1,15,-22.1,928.5,NA,40,NA
2011,5,1,18,-21.4,927.7,NA,50,NA
2011,5,1,21,-22.4,926.7,NA,270,NA
2011,5,2,0,-25.6,925,NA,260,NA
2011,5,2,3,-24.5,922.7,NA,240,NA
2011,5,2,6,-24.2,922.4,NA,240,NA
2011,5,2,9,-23.1,921.9,NA,230,NA
2011,5,2,12,-23.3,923.1,NA,240,NA
2011,5,2,15,-23.6,924.3,31,240,NA
2011,5,2,18,-24.2,926.6,NA,250,NA
2011,5,2,21,-23.5,928.7,NA,260,NA
2011,5,3,0,-23.5,929.4,NA,20,NA
2011,5,3,3,-22.5,928.9,NA,20,NA
2011,5,3,6,-23.6,927.8,NA,40,NA
2011,5,3,9,-23.4,927.2,NA,50,NA
2011,5,3,12,-23.8,925.8,NA,50,NA
2011,5,3,15,-24.3,924.7,4,280,NA
2011,5,3,18,-25,923.5,NA,250,NA
2011,5,3,21,-25.7,921.2,NA,230,NA
2011,5,4,0,-24.7,920.2,NA,220,NA
2011,5,4,3,-24.5,920.8,NA,220,NA
2011,5,4,6,-25.8,923.1,NA,240,NA
2011,5,4,9,-26.2,924,NA,240,NA
2011,5,4,12,-25.9,925.3,NA,290,NA
2011,5,4,15,-27.1,924.7,NA,240,NA
2011,5,4,18,-27.6,924.4,NA,240,NA
2011,5,4,21,-27.8,923.8,NA,230,NA
2011,5,5,0,-28.3,922.9,9,240,NA
2011,5,5,3,-29.2,922.1,7,240,NA
2011,5,5,6,-30.9,920,NA,250,NA
2011,5,5,9,-31.5,918.6,11,240,NA
2011,5,5,12,-31.2,915.7,NA,NA,NA
2011,5,5,15,-30.5,913.6,NA,NA,NA
2011,5,5,18,-30.7,914.4,NA,NA,NA
2011,5,5,21,-31,915.8,NA,240,NA
2011,5,6,0,-30.7,918.4,NA,230,NA
2011,5,6,3,-29.9,920.2,NA,240,NA
2011,5,6,6,-30.1,920.8,NA,240,NA
2011,5,6,9,-30.7,921.4,NA,0,NA
2011,5,6,12,-30.8,919.5,NA,360,NA
2011,5,6,15,-29.8,917.1,NA,20,NA
2011,5,6,18,-31,914.4,NA,350,NA
2011,5,6,21,-30.4,911.8,NA,10,NA
2011,5,7,0,-30.3,909.2,NA,20,NA
2011,5,7,3,-30.4,907.1,NA,40,NA
2011,5,7,6,-30.5,905.4,NA,30,NA
2011,5,7,9,-30.6,904.8,NA,30,NA
2011,5,7,12,-30.5,905.7,NA,40,NA
2011,5,7,15,-30.3,907,NA,260,NA
2011,5,7,18,-30.5,908.9,NA,270,NA
2011,5,7,21,-28.9,911.5,NA,250,NA
2011,5,8,0,-29,913.8,NA,220,NA
2011,5,8,3,-29.7,914.8,3,270,NA
2011,5,8,6,-28.4,915.4,4,240,NA
2011,5,8,9,-27.6,915.8,NA,290,NA
2011,5,8,12,-26.1,915.6,NA,0,NA
2011,5,8,15,-27.7,915.7,3,270,NA
2011,5,8,18,-29.6,915.3,NA,40,NA
2011,5,8,21,-28.5,914.9,NA,20,NA
2011,5,9,0,-27.9,914.4,NA,280,NA
2011,5,9,3,-26.6,914,NA,250,NA
2011,5,9,6,-27.4,913.3,7,270,NA
2011,5,9,9,-23.5,913.1,NA,0,NA
2011,5,9,12,-22.6,912.4,3,220,NA
2011,5,9,15,-20.4,911.6,NA,240,NA
2011,5,9,18,-19.7,911.2,NA,240,NA
2011,5,9,21,-21.1,912.6,NA,240,NA
2011,5,10,0,-21.5,915.2,NA,220,NA
2011,5,10,3,-19.9,918.6,NA,240,NA
2011,5,10,6,-19.1,917.9,NA,240,NA
2011,5,10,9,-15.2,920.4,NA,250,NA
2011,5,10,12,-14.5,924.1,NA,240,NA
2011,5,10,15,-14.4,923.6,NA,10,NA
2011,5,10,18,-13.8,924,NA,270,NA
2011,5,10,21,NA,924.9,NA,240,NA
2011,5,11,0,NA,928.9,NA,230,NA
2011,5,11,3,-19.9,931,NA,210,NA
2011,5,11,6,-19.1,930.1,NA,230,NA
2011,5,11,9,-16.8,929.4,NA,20,NA
2011,5,11,12,-18.8,928.8,NA,260,NA
2011,5,11,15,-17.9,928.3,NA,250,NA
2011,5,11,18,-16.8,927.2,NA,240,NA
2011,5,11,21,-16.5,927.6,NA,230,NA
2011,5,12,0,-14.9,927.9,NA,240,NA
2011,5,12,3,-14.7,928,NA,230,NA
2011,5,12,6,-15.2,928.8,NA,250,NA
2011,5,12,9,-14.3,928.8,NA,330,NA
2011,5,12,12,-17.8,928,NA,20,NA
2011,5,12,15,-17.4,926.6,NA,360,NA
2011,5,12,18,-16.1,924.8,NA,20,NA
2011,5,12,21,-17,924.1,NA,290,NA
2011,5,13,0,-14.9,923.1,NA,250,NA
2011,5,13,3,-17.6,922.7,NA,240,NA
2011,5,13,6,NA,924.2,NA,0,NA
2011,5,13,9,NA,925.8,NA,240,NA
2011,5,13,12,-18.3,926.8,NA,270,NA
2011,5,13,15,-20.8,927.2,NA,30,NA
2011,5,13,18,-21,927.6,NA,270,NA
2011,5,13,21,-20.7,927.4,NA,250,NA
2011,5,14,0,-22.8,926.9,NA,250,NA
2011,5,14,3,-23.1,926.7,13,250,NA
2011,5,14,6,-20.9,927,NA,210,NA
2011,5,14,9,-22.1,925.8,NA,250,NA
2011,5,14,12,-24.6,924.4,NA,240,NA
2011,5,14,15,-24.4,923.2,NA,230,NA
2011,5,14,18,-24.5,922.9,NA,220,NA
2011,5,14,21,-24.9,922.2,NA,230,NA
2011,5,15,0,-24.5,922.3,NA,260,NA
2011,5,15,3,-24.7,922,NA,250,NA
2011,5,15,6,-23.3,921.5,5,260,NA
2011,5,15,9,-24.4,920.8,5,260,NA
2011,5,15,12,-24.8,920.5,NA,250,NA
2011,5,15,15,-24.8,919.7,NA,250,NA
2011,5,15,18,-25.2,919.4,NA,240,NA
2011,5,15,21,-25.4,919.3,NA,230,NA
2011,5,16,0,-25.2,918.9,20,240,NA
2011,5,16,3,-25.6,920.1,20,230,NA
2011,5,16,6,-25.4,919.8,21,230,NA
2011,5,16,9,-25.2,920.1,20,240,NA
2011,5,16,12,-24.7,920.1,21,250,NA
2011,5,16,15,-24.9,920.2,18,250,NA
2011,5,16,18,-24,920.5,NA,250,NA
2011,5,16,21,-23.3,920.8,NA,270,NA
2011,5,17,0,-22.2,918.9,NA,260,NA
2011,5,17,3,-23.7,916.9,NA,240,NA
2011,5,17,6,-23.2,915.5,NA,240,NA
2011,5,17,9,-21.7,913.3,NA,230,NA
2011,5,17,12,-20.6,910.3,NA,230,NA
2011,5,17,15,-20.5,907.3,NA,NA,NA
2011,5,17,18,-21.1,907.1,NA,NA,NA
2011,5,17,21,-21.4,908.5,NA,NA,NA
2011,5,18,0,-21.2,907.4,60,NA,NA
2011,5,18,3,-20.9,905.4,58,NA,NA
2011,5,18,6,-20.1,906.7,58,250,NA
2011,5,18,9,-19.3,910.3,NA,220,NA
2011,5,18,12,-18.2,906.8,NA,240,NA
2011,5,18,15,-18.9,908.3,NA,240,NA
2011,5,18,18,-17.4,905.8,NA,240,NA
2011,5,18,21,-15.9,904.4,NA,250,NA
2011,5,19,0,NA,902.5,NA,250,NA
2011,5,19,3,-15.6,903,NA,240,NA
2011,5,19,6,-15.1,902.2,NA,240,NA
2011,5,19,9,-14.6,901.1,NA,250,NA
2011,5,19,12,-14.6,901,NA,250,NA
2011,5,19,15,-14.9,900.3,NA,250,NA
2011,5,19,18,-15.9,899,NA,240,NA
2011,5,19,21,-15.7,898,NA,230,NA
2011,5,20,0,-15.7,897.4,NA,240,NA
2011,5,20,3,-15.9,897.2,NA,230,NA
2011,5,20,6,-15.8,896.8,NA,0,NA
2011,5,20,9,-15.5,897,NA,170,NA
2011,5,20,12,-14.5,897,NA,240,NA
2011,5,20,15,-14.4,896.8,NA,230,NA
2011,5,20,18,-13.3,896.1,NA,250,NA
2011,5,20,21,-12.7,895.2,NA,NA,NA
2011,5,21,0,-12.5,894.6,NA,NA,NA
2011,5,21,3,-14.1,896.1,NA,NA,NA
2011,5,21,6,-12.9,893.7,NA,NA,NA
2011,5,21,9,-14.2,893.2,NA,NA,NA
2011,5,21,12,-13.5,892.6,NA,240,NA
2011,5,21,15,-13.5,894,NA,240,NA
2011,5,21,18,-13.3,893.9,NA,240,NA
2011,5,21,21,-13.6,896.1,NA,230,NA
2011,5,22,0,-14,898.6,NA,230,NA
2011,5,22,3,-14.2,898.3,NA,220,NA
2011,5,22,6,-15.6,898.5,NA,240,NA
2011,5,22,9,-16.2,901.2,17,NA,NA
2011,5,22,12,-16.5,902.6,NA,NA,NA
2011,5,22,15,-17.3,903.8,NA,NA,NA
2011,5,22,18,-17.8,904.5,NA,NA,NA
2011,5,22,21,-18.1,905.8,7,250,NA
2011,5,23,0,-19.5,907.2,6,230,NA
2011,5,23,3,-20.3,908,NA,0,NA
2011,5,23,6,-21.7,908.1,NA,NA,NA
2011,5,23,9,-22.5,908.7,NA,NA,NA
2011,5,23,12,-24.2,908.5,NA,NA,NA
2011,5,23,15,-24.1,909,NA,NA,NA
2011,5,23,18,-24.2,909.3,NA,NA,NA
2011,5,23,21,-24.7,909.8,NA,NA,NA
2011,5,24,0,-24.8,910.6,NA,NA,NA
2011,5,24,3,-26,910.6,NA,230,NA
2011,5,24,6,-26.4,910.5,9,260,NA
2011,5,24,9,-26.2,910.6,NA,250,NA
2011,5,24,12,-26,910.6,9,230,NA
2011,5,24,15,-26.1,909,NA,230,NA
2011,5,24,18,-27.8,909.3,NA,250,NA
2011,5,24,21,-26.6,909.9,15,230,NA
2011,5,25,0,-25.8,911.2,16,220,NA
2011,5,25,3,-24.1,912.7,17,220,NA
2011,5,25,6,-23.9,914.4,NA,230,NA
2011,5,25,9,-23.8,915,NA,NA,NA
2011,5,25,12,-25.1,915.3,NA,NA,NA
2011,5,25,15,-25.6,915.1,NA,NA,NA
2011,5,25,18,-25.7,913.4,NA,240,NA
2011,5,25,21,-26.3,914.2,NA,230,NA
2011,5,26,0,-26.9,913.7,NA,240,NA
2011,5,26,3,-27.2,913.3,NA,230,NA
2011,5,26,6,-26.4,912.5,17,250,NA
2011,5,26,9,-26.2,912.7,14,240,NA
2011,5,26,12,-25.9,912.4,NA,240,NA
2011,5,26,15,-26,911.5,NA,20,NA
2011,5,26,18,-25.1,909.4,NA,30,NA
2011,5,26,21,-23.1,908.6,NA,40,NA
2011,5,27,0,-24.2,907.7,NA,250,NA
2011,5,27,3,-24.6,907,NA,250,NA
2011,5,27,6,-24.9,906.9,NA,260,NA
2011,5,27,9,-23.7,907.7,NA,260,NA
2011,5,27,12,-24.2,908.8,NA,240,NA
2011,5,27,15,-24.3,910,4,10,NA
2011,5,27,18,-25.8,912.1,2,170,NA
2011,5,27,21,-27.5,913.5,NA,260,NA
2011,5,28,0,-25.8,915.9,NA,250,NA
2011,5,28,3,-27.8,917.8,10,280,NA
2011,5,28,6,-27.7,919.1,NA,250,NA
2011,5,28,9,-26.7,919.6,NA,240,NA
2011,5,28,12,-26.4,919.8,NA,230,NA
2011,5,28,15,-26.1,920.6,NA,230,NA
2011,5,28,18,-26.3,922.3,NA,240,NA
2011,5,28,21,-26.1,922.3,NA,230,NA
2011,5,29,0,-25.8,922.5,33,230,NA
2011,5,29,3,-25.1,921.8,NA,230,NA
2011,5,29,6,-25.3,922.6,NA,240,NA
2011,5,29,9,-24.4,923.3,NA,240,NA
2011,5,29,12,-23.8,922.8,NA,230,NA
2011,5,29,15,-23.7,921.7,NA,250,NA
2011,5,29,18,-23.3,921,NA,250,NA
2011,5,29,21,-21.8,921.2,NA,240,NA
2011,5,30,0,-22.5,920.5,NA,220,NA
2011,5,30,3,-22.9,920.1,NA,260,NA
2011,5,30,6,-23.5,919.5,NA,260,NA
2011,5,30,9,-24.7,919.3,6,30,NA
2011,5,30,12,-28,918.9,6,280,NA
2011,5,30,15,-27.4,918.9,6,30,NA
2011,5,30,18,-26.8,918.9,NA,350,NA
2011,5,30,21,-28.1,919.4,NA,90,NA
2011,5,31,0,-27.6,920.4,3,240,NA
2011,5,31,3,-26.9,920.8,1,280,NA
2011,5,31,6,-26.6,921.3,1,70,NA
2011,5,31,9,-26.1,921.8,3,270,NA
2011,5,31,12,-25.5,922.4,2,330,NA
2011,5,31,15,-26.2,922.7,1,320,NA
2011,5,31,18,-24.9,922.4,1,30,NA
2011,5,31,21,-24.8,921.8,3,280,NA
2011,6,1,0,-25.2,921.7,NA,NA,NA
2011,6,1,3,-24.2,921.4,NA,250,NA
2011,6,1,6,-23.3,920.5,NA,260,NA
2011,6,1,9,-24.1,920.1,NA,240,NA
2011,6,1,12,-22.4,920.7,NA,240,NA
2011,6,1,15,-21.3,920.2,7,250,NA
2011,6,1,18,-22.1,920.3,NA,250,NA
2011,6,1,21,-21.2,920.6,NA,250,NA
2011,6,2,0,-21.4,918.9,NA,240,NA
2011,6,2,3,-22.2,917.2,NA,230,NA
2011,6,2,6,-21.8,915.5,NA,240,NA
2011,6,2,9,-22.4,913.3,NA,NA,NA
2011,6,2,12,-22.7,912,NA,NA,NA
2011,6,2,15,-21.4,914.3,NA,NA,NA
2011,6,2,18,-20.8,913.5,NA,NA,NA
2011,6,2,21,-20.3,913.2,NA,250,NA
2011,6,3,0,-20,NA,NA,250,NA
2011,6,3,3,-21.9,916.5,NA,230,NA
2011,6,3,6,-22.1,917.2,NA,240,NA
2011,6,3,9,-22,917.8,NA,250,NA
2011,6,3,12,-22,918.2,NA,220,NA
2011,6,3,15,-21.8,917.7,NA,240,NA
2011,6,3,18,-21,917.9,NA,240,NA
2011,6,3,21,-22.2,918.3,NA,250,NA
2011,6,4,0,-21.2,919.4,NA,350,NA
2011,6,4,3,-20.5,920.4,NA,250,NA
2011,6,4,6,-24.3,922.9,2,90,NA
2011,6,4,9,-24.9,922.8,NA,230,NA
2011,6,4,12,-26.6,923.9,NA,260,NA
2011,6,4,15,-26.9,924.2,NA,40,NA
2011,6,4,18,-26,924.4,NA,360,NA
2011,6,4,21,-26.3,924.7,NA,NA,NA
2011,6,5,0,-26.4,924.8,10,NA,NA
2011,6,5,3,-26.5,924.7,11,NA,NA
2011,6,5,6,-25.1,924.2,NA,350,NA
2011,6,5,9,-23,924.1,NA,250,NA
2011,6,5,12,-23.4,924,4,260,NA
2011,6,5,15,-22.2,924.1,4,260,NA
2011,6,5,18,-21.5,923.1,NA,340,NA
2011,6,5,21,-21.9,921,NA,20,NA
2011,6,6,0,-22.5,920.4,NA,310,NA
2011,6,6,3,-22.5,919.6,NA,280,NA
2011,6,6,6,-23.1,917.9,4,260,NA
2011,6,6,9,-23,916.5,2,280,NA
2011,6,6,12,-25.6,914.6,NA,150,NA
2011,6,6,15,-22.1,912.4,NA,250,NA
2011,6,6,18,-25.1,910.1,NA,260,NA
2011,6,6,21,-25.5,910.6,NA,250,NA
2011,6,7,0,-25.5,910.2,NA,240,NA
2011,6,7,3,-23.9,909.2,NA,NA,NA
2011,6,7,6,-24.1,911.8,NA,NA,NA
2011,6,7,9,-24.9,911.7,NA,NA,NA
2011,6,7,12,-23.9,914.2,NA,NA,NA
2011,6,7,15,-24,915.4,NA,230,NA
2011,6,7,18,-22.8,917.5,NA,240,NA
2011,6,7,21,-22.2,918.6,NA,230,NA
2011,6,8,0,-21.7,918.3,NA,250,NA
2011,6,8,3,-20.6,917.7,4,310,NA
2011,6,8,6,-20.2,916.6,3,250,NA
2011,6,8,9,-20,915.4,5,40,NA
2011,6,8,12,-20.2,912.8,NA,10,NA
2011,6,8,15,-20.2,910.9,NA,10,NA
2011,6,8,18,-19.4,909.2,NA,250,NA
2011,6,8,21,-19.2,908.5,NA,0,NA
2011,6,9,0,-19.9,908.6,NA,270,NA
2011,6,9,3,-20.6,909.4,NA,240,NA
2011,6,9,6,-20.2,909.3,8,250,NA
2011,6,9,9,-20.8,909.8,NA,240,NA
2011,6,9,12,-19.2,909.5,NA,240,NA
2011,6,9,15,-17.7,909.8,NA,230,NA
2011,6,9,18,-14.5,907.5,NA,240,NA
2011,6,9,21,-14.2,906.2,NA,240,NA
2011,6,10,0,-13.7,905.5,NA,240,NA
2011,6,10,3,-15.9,909,NA,230,NA
2011,6,10,6,-15.5,903.5,NA,230,NA
2011,6,10,9,-18.6,908.5,NA,240,NA
2011,6,10,12,-19.4,912.1,NA,240,NA
2011,6,10,15,-19.2,913.8,NA,240,NA
2011,6,10,18,-18.8,912.1,NA,250,NA
2011,6,10,21,-18.1,915,55,250,NA
2011,6,11,0,-16.5,915.1,56,240,NA
2011,6,11,3,-16.2,913.1,55,NA,NA
2011,6,11,6,-17.8,916.4,NA,NA,NA
2011,6,11,9,-18.3,916.2,NA,NA,NA
2011,6,11,12,-17.9,914,NA,NA,NA
2011,6,11,15,-18.2,913.3,NA,NA,NA
2011,6,11,18,-17.5,910.3,NA,230,NA
2011,6,11,21,-17.3,910.2,NA,240,NA
2011,6,12,0,-17.1,909.6,NA,NA,NA
2011,6,12,3,-17.2,910.2,NA,NA,NA
2011,6,12,6,-17.5,907.1,60,NA,NA
2011,6,12,9,-17.8,909.1,NA,NA,NA
2011,6,12,12,-18,910.6,NA,230,NA
2011,6,12,15,-17.7,908.8,NA,240,NA
2011,6,12,18,-17.5,910.3,NA,240,NA
2011,6,12,21,-17.1,910.1,NA,240,NA
2011,6,13,0,-17.1,909.9,NA,230,NA
2011,6,13,3,-17.3,907.9,NA,250,NA
2011,6,13,6,-17.3,909.9,NA,250,NA
2011,6,13,9,-17.4,911.5,NA,230,NA
2011,6,13,12,-17.1,911.1,NA,250,NA
2011,6,13,15,-18.6,914.4,NA,250,NA
2011,6,13,18,-18.8,915.2,NA,240,NA
2011,6,13,21,-15.8,913.4,NA,240,NA
2011,6,14,0,-16.9,NA,NA,250,NA
2011,6,14,3,-18.2,915.5,NA,240,NA
2011,6,14,6,-17.9,915.4,NA,230,NA
2011,6,14,9,-16.9,917.1,38,NA,NA
2011,6,14,12,-17.7,919,NA,NA,NA
2011,6,14,15,-17.1,918.7,NA,NA,NA
2011,6,14,18,-17.1,919.3,NA,230,NA
2011,6,14,21,-17.3,920,NA,230,NA
2011,6,15,0,-14.2,918.6,NA,240,NA
2011,6,15,3,-15,919.9,NA,250,NA
2011,6,15,6,-12.6,919.5,NA,250,NA
2011,6,15,9,-13.4,921.9,NA,240,NA
2011,6,15,12,-12.3,921.5,NA,250,NA
2011,6,15,15,-14.7,924.9,NA,250,NA
2011,6,15,18,-10.8,922.7,NA,240,NA
2011,6,15,21,-12.9,922.9,NA,250,NA
2011,6,16,0,-13.6,925.3,NA,240,NA
2011,6,16,3,-13.9,925.3,NA,250,NA
2011,6,16,6,-12.1,925.9,NA,250,NA
2011,6,16,9,-12.4,931.1,NA,NA,NA
2011,6,16,12,-11.5,934.4,NA,NA,NA
2011,6,16,15,-10.6,934.6,NA,NA,NA
2011,6,16,18,-10,934.3,NA,250,NA
2011,6,16,21,-8.9,937,NA,240,NA
2011,6,17,0,-9,939.2,NA,240,NA
2011,6,17,3,-9.6,940.2,NA,NA,NA
2011,6,17,6,-9.4,942,NA,NA,NA
2011,6,17,9,-9.7,941.9,NA,240,NA
2011,6,17,12,-10.8,941.7,NA,270,NA
2011,6,17,15,-9.8,941.1,NA,NA,NA
2011,6,17,18,-11.9,940.7,4,130,NA
2011,6,17,21,-13.3,940.5,4,360,NA
2011,6,18,0,-14.3,939.5,NA,20,NA
2011,6,18,3,-15.4,938.6,NA,360,NA
2011,6,18,6,-16.9,938.5,NA,60,NA
2011,6,18,9,-16.1,938.4,NA,270,NA
2011,6,18,12,-14.6,937.7,NA,280,NA
2011,6,18,15,-17,937.2,4,240,NA
2011,6,18,18,-17.2,937.1,NA,220,NA
2011,6,18,21,-19.2,938.4,4,210,NA
2011,6,19,0,-19.6,939,4,360,NA
2011,6,19,3,-20.7,939.4,NA,250,NA
2011,6,19,6,-21.3,939.5,NA,240,NA
2011,6,19,9,-21.9,940.8,NA,240,NA
2011,6,19,12,-21.8,941.6,NA,240,NA
2011,6,19,15,-21.9,941.5,13,250,NA
2011,6,19,18,-22.4,942,NA,240,NA
2011,6,19,21,-22.2,942.5,NA,240,NA
2011,6,20,0,-22.2,942.9,16,NA,NA
2011,6,20,3,-22.1,943,16,NA,NA
2011,6,20,6,-22.3,942.6,15,240,NA
2011,6,20,9,-22.2,942.2,14,230,NA
2011,6,20,12,-22.2,941.9,NA,250,NA
2011,6,20,15,-22.8,939.7,NA,250,NA
2011,6,20,18,-23,937.1,NA,250,NA
2011,6,20,21,-23.5,936,NA,240,NA
2011,6,21,0,-24.3,935,NA,250,NA
2011,6,21,3,-24,933.8,NA,260,NA
2011,6,21,6,-22.4,932.9,NA,60,NA
2011,6,21,9,-24,931,NA,40,NA
2011,6,21,12,-19.9,929.6,NA,30,NA
2011,6,21,15,-22.5,928.3,NA,20,NA
2011,6,21,18,-22.4,927.7,NA,30,NA
2011,6,21,21,-23.3,926.3,NA,60,NA
2011,6,22,0,-23.4,924.3,NA,270,NA
2011,6,22,3,-23.7,920.9,3,230,NA
2011,6,22,6,-25.9,919.6,NA,250,NA
2011,6,22,9,-24.9,922.1,5,210,NA
2011,6,22,12,-24.3,923.8,NA,240,NA
2011,6,22,15,-24.2,925,1,250,NA
2011,6,22,18,-25.8,925.2,NA,280,NA
2011,6,22,21,-26.6,926.5,NA,270,NA
2011,6,23,0,-26.7,927.5,NA,30,NA
2011,6,23,3,-26.6,927.7,NA,270,NA
2011,6,23,6,-27.9,928.5,3,260,NA
2011,6,23,9,-27.8,929.8,NA,240,NA
2011,6,23,12,-27.3,934.1,NA,230,NA
2011,6,23,15,-28.6,936.8,6,250,NA
2011,6,23,18,-29.8,938.6,NA,280,NA
2011,6,23,21,-29.5,939.3,NA,70,NA
2011,6,24,0,-28.5,939.9,1,40,NA
2011,6,24,3,-28.1,940,2,260,NA
2011,6,24,6,-28.7,939.5,2,260,NA
2011,6,24,9,-30.5,938.2,NA,230,NA
2011,6,24,12,-29.5,937.8,2,230,NA
2011,6,24,15,-30.3,936.6,3,240,NA
2011,6,24,18,-31.5,935,6,250,NA
2011,6,24,21,-30.2,933.4,6,250,NA
2011,6,25,0,-30.4,931.7,6,250,NA
2011,6,25,3,-30.5,929.8,2,270,NA
2011,6,25,6,-30.8,928,NA,280,NA
2011,6,25,9,-31.5,925.9,4,260,NA
2011,6,25,12,-30.5,924.1,NA,NA,NA
2011,6,25,15,-30.4,922.6,1,50,NA
2011,6,25,18,-29.7,921.9,1,230,NA
2011,6,25,21,-28.7,921.5,NA,NA,NA
2011,6,26,0,-29.9,921.6,2,240,NA
2011,6,26,3,-30.9,921.2,NA,240,NA
2011,6,26,6,-31.7,921.7,NA,240,NA
2011,6,26,9,-30.9,923.9,NA,0,NA
2011,6,26,12,-32.1,924.4,NA,40,NA
2011,6,26,15,-32.6,925.1,NA,NA,NA
2011,6,26,18,-32.7,925.3,NA,NA,NA
2011,6,26,21,-32.2,925.2,NA,NA,NA
2011,6,27,0,-31.7,925.3,NA,NA,NA
2011,6,27,3,-29.3,924.2,NA,NA,NA
2011,6,27,6,-28,923.5,NA,NA,NA
2011,6,27,9,-24.9,922.5,NA,NA,NA
2011,6,27,12,-24,921.8,NA,NA,NA
2011,6,27,15,-22.6,920.6,NA,NA,NA
2011,6,27,18,-20.1,919.5,NA,NA,NA
2011,6,27,21,-19.9,918.9,NA,10,NA
2011,6,28,0,NA,919.9,NA,290,NA
2011,6,28,3,-23.6,921.4,NA,250,NA
2011,6,28,6,-26.2,922.5,3,350,NA
2011,6,28,9,NA,924.2,NA,250,NA
2011,6,28,12,-28.1,926.1,NA,220,NA
2011,6,28,15,-27,927,NA,30,NA
2011,6,28,18,-25.5,928.2,3,360,NA
2011,6,28,21,-25.6,929.5,NA,250,NA
2011,6,29,0,-26,931.3,6,250,NA
2011,6,29,3,-24.1,931.5,NA,40,NA
2011,6,29,6,-24.9,931.1,NA,30,NA
2011,6,29,9,-25.7,929.1,NA,10,NA
2011,6,29,12,-24.5,927.3,NA,10,NA
2011,6,29,15,-24.3,925.5,NA,30,NA
2011,6,29,18,-25.6,924.1,NA,30,NA
2011,6,29,21,-26.6,923.8,3,260,NA
2011,6,30,0,-26.7,923.5,1,330,NA
2011,6,30,3,-26.9,923,3,40,NA
2011,6,30,6,-29.4,922.1,NA,240,NA
2011,6,30,9,-29.3,922,NA,220,NA
2011,6,30,12,-29.1,922.1,NA,240,NA
2011,6,30,15,-30,922.2,NA,180,NA
2011,6,30,18,-28.7,922.4,NA,310,NA
2011,6,30,21,-26.9,921.7,NA,330,NA
2011,7,1,0,-26,921.2,1,300,NA
2011,7,1,3,-30.6,920.4,NA,30,NA
2011,7,1,6,-28.8,919.4,NA,110,NA
2011,7,1,9,-27.3,918.1,2,360,NA
2011,7,1,12,-30,917.1,2,50,NA
2011,7,1,15,-31.3,916.4,2,250,NA
2011,7,1,18,-31.3,915.5,NA,260,NA
2011,7,1,21,-30.4,915.2,1,280,NA
2011,7,2,0,-32,915.2,4,230,NA
2011,7,2,3,-33,915,4,290,NA
2011,7,2,6,-33.3,914.4,3,50,NA
2011,7,2,9,-32.8,913.6,NA,0,NA
2011,7,2,12,-33.2,912.6,1,360,NA
2011,7,2,15,-31,910.2,NA,230,NA
2011,7,2,18,-28.6,908.7,NA,200,NA
2011,7,2,21,-28.7,907.6,NA,60,NA
2011,7,3,0,-27,906.4,NA,230,NA
2011,7,3,3,-28.2,905.1,NA,NA,NA
2011,7,3,6,-31.2,904.5,NA,NA,NA
2011,7,3,9,-29.6,904.7,NA,NA,NA
2011,7,3,12,-28.5,905.2,NA,330,NA
2011,7,3,15,-26.1,905,NA,250,NA
2011,7,3,18,-25.3,905.1,NA,240,NA
2011,7,3,21,-23.6,905.8,10,250,NA
2011,7,4,0,-20.5,906.5,10,230,NA
2011,7,4,3,-20,906.4,NA,240,NA
2011,7,4,6,-20.1,905.5,NA,240,NA
2011,7,4,9,-24.3,912.5,NA,220,NA
2011,7,4,12,NA,916.6,NA,220,NA
2011,7,4,15,-27.1,919.4,NA,230,NA
2011,7,4,18,-28.2,921.4,NA,240,NA
2011,7,4,21,-26.4,922.6,NA,240,NA
2011,7,5,0,-25.6,922.1,NA,230,NA
2011,7,5,3,-22.7,920.7,NA,20,NA
2011,7,5,6,-22.4,917.4,NA,20,NA
2011,7,5,9,-22.4,914.2,NA,350,NA
2011,7,5,12,-23.2,911.2,NA,320,NA
2011,7,5,15,-27.2,909.2,NA,40,NA
2011,7,5,18,-26.4,908.2,NA,350,NA
2011,7,5,21,-25.9,907.2,NA,240,NA
2011,7,6,0,NA,906.7,NA,250,NA
2011,7,6,3,-28.2,907.1,NA,60,NA
2011,7,6,6,-27.9,907.6,6,80,NA
2011,7,6,9,-27.7,910.1,NA,270,NA
2011,7,6,12,-28.1,912.1,NA,280,NA
2011,7,6,15,-27.1,913.9,1,240,NA
2011,7,6,18,-27.4,915.6,4,270,NA
2011,7,6,21,-27.3,917.8,5,250,NA
2011,7,7,0,-29.6,919.8,6,240,NA
2011,7,7,3,-28.1,921.4,NA,NA,NA
2011,7,7,6,-29.5,923.1,NA,NA,NA
2011,7,7,9,-28.5,924.9,NA,NA,NA
2011,7,7,12,-27.8,925.8,NA,260,NA
2011,7,7,15,-26.8,926.6,NA,240,NA
2011,7,7,18,-27,926.7,NA,240,NA
2011,7,7,21,-26.4,926.3,NA,230,NA
2011,7,8,0,-25.7,926.1,NA,240,NA
2011,7,8,3,-26.1,925,NA,240,NA
2011,7,8,6,-24.9,923.5,NA,230,NA
2011,7,8,9,-24,923.3,NA,230,NA
2011,7,8,12,-22.6,923.9,NA,220,NA
2011,7,8,15,-23.8,922.7,NA,250,NA
2011,7,8,18,-21,921.7,NA,250,NA
2011,7,8,21,-22,920.2,NA,250,NA
2011,7,9,0,NA,918.8,NA,240,NA
2011,7,9,3,-24.3,917.1,NA,240,NA
2011,7,9,6,-23.6,917.9,34,230,NA
2011,7,9,9,-21.1,920.2,NA,230,NA
2011,7,9,12,-23.8,921.3,NA,240,NA
2011,7,9,15,-23,921.6,NA,220,NA
2011,7,9,18,-22,923.6,NA,230,NA
2011,7,9,21,-23,926,NA,240,NA
2011,7,10,0,-20.8,927.4,33,NA,NA
2011,7,10,3,-21.6,928.3,NA,NA,NA
2011,7,10,6,-20.5,930.6,29,NA,NA
2011,7,10,9,-20.1,931.7,29,230,NA
2011,7,10,12,-19.6,932.6,NA,240,NA
2011,7,10,15,-20.2,933.1,NA,240,NA
2011,7,10,18,-20.5,932.7,NA,230,NA
2011,7,10,21,-23.5,930.9,NA,250,NA
2011,7,11,0,-23,930.1,NA,240,NA
2011,7,11,3,-23.9,928.2,28,250,NA
2011,7,11,6,-21.4,927.2,NA,230,NA
2011,7,11,9,-20.7,925.2,NA,240,NA
2011,7,11,12,-21.9,923.3,NA,240,NA
2011,7,11,15,-20.2,922.3,26,240,NA
2011,7,11,18,-19.4,921.8,NA,230,NA
2011,7,11,21,-19.1,920.2,NA,220,NA
2011,7,12,0,-18.6,918.9,NA,40,NA
2011,7,12,3,-18.5,916.5,NA,20,NA
2011,7,12,6,-23.4,914.5,NA,350,NA
2011,7,12,9,-22.8,912.7,NA,30,NA
2011,7,12,12,-24.1,911.4,NA,260,NA
2011,7,12,15,-23.6,909.6,NA,260,NA
2011,7,12,18,-23.2,908.9,NA,240,NA
2011,7,12,21,-25,910,NA,40,NA
2011,7,13,0,-24.6,912.9,NA,230,NA
2011,7,13,3,-25.2,914.9,NA,220,NA
2011,7,13,6,-25.9,916.5,NA,230,NA
2011,7,13,9,-25.6,915.8,NA,NA,NA
2011,7,13,12,-26.1,915.4,NA,NA,NA
2011,7,13,15,-26.3,916.5,NA,NA,NA
2011,7,13,18,-24.6,918,48,240,NA
2011,7,13,21,-24.8,918.9,47,230,NA
2011,7,14,0,-24.5,921.5,NA,230,NA
2011,7,14,3,-23.7,923,NA,240,NA
2011,7,14,6,-23.6,923.7,NA,250,NA
2011,7,14,9,-22.8,924.3,NA,240,NA
2011,7,14,12,-20.8,924.8,NA,250,NA
2011,7,14,15,-19.7,924.2,NA,260,NA
2011,7,14,18,-20,921.6,NA,260,NA
2011,7,14,21,-19.4,918.5,NA,230,NA
2011,7,15,0,-18,NA,NA,250,NA
2011,7,15,3,-17.5,909.2,NA,230,NA
2011,7,15,6,-18,906.7,NA,240,NA
2011,7,15,9,-16.9,905.6,53,240,NA
2011,7,15,12,-16.1,905.1,NA,240,NA
2011,7,15,15,-15.3,904.5,53,250,NA
2011,7,15,18,-14.5,906.4,NA,240,NA
2011,7,15,21,-14.8,904.4,NA,240,NA
2011,7,16,0,-17,905.6,NA,250,NA
2011,7,16,3,-18.5,906,58,250,NA
2011,7,16,6,-16.9,909.5,NA,250,NA
2011,7,16,9,-16.9,910.9,NA,240,NA
2011,7,16,12,-15.3,912.4,NA,240,NA
2011,7,16,15,-15.9,910.3,NA,230,NA
2011,7,16,18,-16.7,913.6,NA,220,NA
2011,7,16,21,-16.3,910.3,NA,240,NA
2011,7,17,0,-16.1,910.1,57,250,NA
2011,7,17,3,-16,911,NA,240,NA
2011,7,17,6,-14.6,909.1,NA,NA,NA
2011,7,17,9,-15,908.8,45,NA,NA
2011,7,17,12,-14.9,910.3,NA,NA,NA
2011,7,17,15,-13.4,911.5,NA,250,NA
2011,7,17,18,-13.9,911.4,NA,240,NA
2011,7,17,21,-13.1,911.3,NA,0,NA
2011,7,18,0,-12.7,911.6,NA,340,NA
2011,7,18,3,-13.5,911.7,NA,260,NA
2011,7,18,6,-12.3,912.3,NA,250,NA
2011,7,18,9,-12.8,911.7,7,240,NA
2011,7,18,12,-13.8,912.1,6,220,NA
2011,7,18,15,-14.6,912.4,NA,230,NA
2011,7,18,18,-14.5,913.7,NA,200,NA
2011,7,18,21,-16.3,914.8,NA,230,NA
2011,7,19,0,-16.3,916.3,7,230,NA
2011,7,19,3,-15.1,916.2,NA,240,NA
2011,7,19,6,-15.6,917.3,NA,240,NA
2011,7,19,9,-16.4,918.8,NA,240,NA
2011,7,19,12,-18.2,919.1,NA,230,NA
2011,7,19,15,-17.8,920.1,NA,NA,NA
2011,7,19,18,-17.7,918.6,NA,NA,NA
2011,7,19,21,-17.8,916.2,NA,NA,NA
2011,7,20,0,-16.4,913.9,NA,250,NA
2011,7,20,3,-15.7,909.1,NA,250,NA
2011,7,20,6,-15.4,909.4,NA,240,NA
2011,7,20,9,-14.2,909.6,NA,NA,NA
2011,7,20,12,-13.2,913.4,60,NA,NA
2011,7,20,15,-12.7,914.1,NA,NA,NA
2011,7,20,18,-13.1,916.2,60,230,NA
2011,7,20,21,-11.9,916.4,NA,240,NA
2011,7,21,0,-14.1,921.6,NA,230,NA
2011,7,21,3,-15.1,920.3,NA,250,NA
2011,7,21,6,-17,920.9,NA,250,NA
2011,7,21,9,-17.5,924.2,NA,230,NA
2011,7,21,12,-17.3,925.1,NA,240,NA
2011,7,21,15,-17.5,927.7,NA,230,NA
2011,7,21,18,-19.1,929.1,NA,230,NA
2011,7,21,21,-19.3,929.7,NA,230,NA
2011,7,22,0,-21.9,929.4,NA,240,NA
2011,7,22,3,-21.7,933,NA,NA,NA
2011,7,22,6,-20,931.8,NA,NA,NA
2011,7,22,9,-19.3,932.1,51,NA,NA
2011,7,22,12,-17,928.9,53,NA,NA
2011,7,22,15,-15.9,930,NA,NA,NA
2011,7,22,18,-14.9,929.8,NA,NA,NA
2011,7,22,21,-16.1,930.2,NA,140,NA
2011,7,23,0,-15.6,928.5,NA,190,NA
2011,7,23,3,-17.3,926.4,NA,70,NA
2011,7,23,6,-17.2,923.8,NA,50,NA
2011,7,23,9,-18.2,921,NA,40,NA
2011,7,23,12,-19.6,920.3,NA,50,NA
2011,7,23,15,-20.1,920.9,NA,280,NA
2011,7,23,18,-21.4,921.6,NA,250,NA
2011,7,23,21,-22.8,922.2,NA,240,NA
2011,7,24,0,-22.6,924,NA,240,NA
2011,7,24,3,-23.1,924.6,NA,240,NA
2011,7,24,6,-22.6,925.3,NA,NA,NA
2011,7,24,9,-22.4,926.2,NA,NA,NA
2011,7,24,12,-22,928.2,NA,NA,NA
2011,7,24,15,-22,928.6,NA,230,NA
2011,7,24,18,-22.4,929.8,NA,230,NA
2011,7,24,21,-22.7,930.1,34,240,NA
2011,7,25,0,-23.3,928.9,NA,240,NA
2011,7,25,3,-23.1,928.3,NA,240,NA
2011,7,25,6,-24.5,929.4,NA,230,NA
2011,7,25,9,-23.9,926.6,NA,230,NA
2011,7,25,12,-22.9,924.6,NA,240,NA
2011,7,25,15,-23.5,923.5,NA,240,NA
2011,7,25,18,-22.3,924.2,59,NA,NA
2011,7,25,21,-22.6,922.9,60,NA,NA
2011,7,26,0,-21.7,920.9,NA,230,NA
2011,7,26,3,-20.9,919.7,59,240,NA
2011,7,26,6,-20.2,918.3,60,240,NA
2011,7,26,9,-20.6,918.3,58,230,NA
2011,7,26,12,-19.2,917.8,NA,240,NA
2011,7,26,15,-18.6,916.7,NA,230,NA
2011,7,26,18,-18.6,915.1,47,230,NA
2011,7,26,21,-20.6,915.2,NA,240,NA
2011,7,27,0,NA,912.5,NA,NA,NA
2011,7,27,3,-19.1,911.4,NA,NA,NA
2011,7,27,6,-14.7,908.7,NA,NA,NA
2011,7,27,9,-14.6,906.3,NA,250,NA
2011,7,27,12,-12.7,902.5,NA,240,NA
2011,7,27,15,-11.6,899.9,NA,250,NA
2011,7,27,18,-10.8,899.2,NA,240,NA
2011,7,27,21,-12.6,900.9,NA,230,NA
2011,7,28,0,-11.8,904.4,NA,240,NA
2011,7,28,3,-14,905.7,NA,NA,NA
2011,7,28,6,-14.6,913.7,NA,NA,NA
2011,7,28,9,-15.2,916.2,NA,NA,NA
2011,7,28,12,-15,917.9,NA,250,NA
2011,7,28,15,-15.7,922.9,NA,250,NA
2011,7,28,18,-16.3,926.1,NA,240,NA
2011,7,28,21,-16.7,929.3,NA,240,NA
2011,7,29,0,-16.8,931.6,NA,240,NA
2011,7,29,3,-16.3,934.8,NA,250,NA
2011,7,29,6,-16.3,936.6,NA,60,NA
2011,7,29,9,-16,937.4,NA,260,NA
2011,7,29,12,-18.3,938.5,NA,280,NA
2011,7,29,15,-17.4,938.5,NA,NA,NA
2011,7,29,18,-19.7,938.4,NA,NA,NA
2011,7,29,21,-21.3,938.6,3,240,NA
2011,7,30,0,-21.5,938.3,1,110,NA
2011,7,30,3,-22.8,938.5,3,240,NA
2011,7,30,6,-22.3,939,5,250,NA
2011,7,30,9,-24.4,939.1,NA,270,NA
2011,7,30,12,-21.6,939.3,NA,250,NA
2011,7,30,15,-24.4,937.8,NA,250,NA
2011,7,30,18,-22.5,937,NA,240,NA
2011,7,30,21,-20.8,932.9,NA,250,NA
2011,7,31,0,-20.3,934.1,NA,240,NA
2011,7,31,3,-19.6,933.3,NA,240,NA
2011,7,31,6,-18.8,932.2,NA,NA,NA
2011,7,31,9,-18.1,932.4,NA,NA,NA
2011,7,31,12,-16.9,931.6,NA,NA,NA
2011,7,31,15,-16.8,931.8,NA,230,NA
2011,7,31,18,-13.4,930.5,NA,240,NA
2011,7,31,21,-13.2,927.8,NA,240,NA
2011,8,1,0,-14.7,930.3,NA,240,NA
2011,8,1,3,-13.2,930.3,NA,250,NA
2011,8,1,6,-11.4,930.5,NA,240,NA
2011,8,1,9,-12.3,933.2,NA,240,NA
2011,8,1,12,-12.4,935.3,45,240,NA
2011,8,1,15,-11.3,937.8,44,250,NA
2011,8,1,18,-11.3,941.4,NA,250,NA
2011,8,1,21,-11.4,944.5,NA,240,NA
2011,8,2,0,-10.7,946.3,38,NA,NA
2011,8,2,3,-10.9,947.4,NA,NA,NA
2011,8,2,6,-10.3,949.2,NA,NA,NA
2011,8,2,9,-9.4,949.1,NA,NA,NA
2011,8,2,12,-9.4,950.2,NA,NA,NA
2011,8,2,15,-9.2,953.7,NA,230,NA
2011,8,2,18,-10.1,954.8,NA,NA,NA
2011,8,2,21,-10.8,953.5,NA,NA,NA
2011,8,3,0,-9.2,955.4,NA,NA,NA
2011,8,3,3,-9.4,956.4,NA,NA,NA
2011,8,3,6,-9.4,958.2,NA,NA,NA
2011,8,3,9,-8.9,959.6,NA,240,NA
2011,8,3,12,-7.6,959.5,NA,220,NA
2011,8,3,15,-9,959,NA,0,NA
2011,8,3,18,-10.5,958.7,NA,30,NA
2011,8,3,21,-8.7,958.3,NA,20,NA
2011,8,4,0,-8.2,958.3,NA,40,NA
2011,8,4,3,-9.8,958.4,NA,310,NA
2011,8,4,6,-9.8,957.9,NA,NA,NA
2011,8,4,9,-11.4,957.1,NA,NA,NA
2011,8,4,12,-12.3,955.4,2,70,NA
2011,8,4,15,-12.7,953,4,40,NA
2011,8,4,18,-11.1,949,NA,0,NA
2011,8,4,21,-11.9,944.7,NA,250,NA
2011,8,5,0,NA,941.6,NA,250,NA
2011,8,5,3,NA,939.7,NA,250,NA
2011,8,5,6,NA,937,NA,240,NA
2011,8,5,9,NA,936.1,NA,250,NA
2011,8,5,12,-12.8,933.9,NA,30,NA
2011,8,5,15,NA,933.2,NA,150,NA
2011,8,5,18,NA,935.1,NA,230,NA
2011,8,5,21,-18.2,933.7,NA,230,NA
2011,8,6,0,-19.1,932.4,NA,240,NA
2011,8,6,3,-19.3,930.2,NA,10,NA
2011,8,6,6,-14.6,926.5,NA,30,NA
2011,8,6,9,-14.6,923.1,NA,20,NA
2011,8,6,12,-16.4,918,NA,230,NA
2011,8,6,15,NA,914.6,NA,260,NA
2011,8,6,18,-20.4,914.7,NA,260,NA
2011,8,6,21,-20.6,914.9,NA,230,NA
2011,8,7,0,-20,917.3,NA,230,NA
2011,8,7,3,-18.7,917.5,NA,240,NA
2011,8,7,6,-18.6,917,NA,230,NA
2011,8,7,9,-19.3,915.2,NA,240,NA
2011,8,7,12,-22.4,917.6,NA,230,NA
2011,8,7,15,-23.9,918.9,NA,240,NA
2011,8,7,18,-20.7,920.6,NA,230,NA
2011,8,7,21,-20.7,921.5,NA,230,NA
2011,8,8,0,-21.9,922.1,NA,20,NA
2011,8,8,3,-21.3,921.9,NA,20,NA
2011,8,8,6,-24.7,922.2,5,270,NA
2011,8,8,9,-24.6,921.8,NA,230,NA
2011,8,8,12,-25.7,922.3,NA,240,NA
2011,8,8,15,-26.6,922.3,25,240,NA
2011,8,8,18,-27.5,922.3,24,240,NA
2011,8,8,21,-28.2,922.9,NA,230,NA
2011,8,9,0,-28.3,923.4,NA,280,NA
2011,8,9,3,-29,923.2,NA,250,NA
2011,8,9,6,-30.5,924.4,7,170,NA
2011,8,9,9,-30.7,924.9,5,250,NA
2011,8,9,12,-31.9,925.3,NA,250,NA
2011,8,9,15,-33.6,926.2,NA,240,NA
2011,8,9,18,-32.2,927.8,NA,240,NA
2011,8,9,21,-30.6,929.5,NA,240,NA
2011,8,10,0,-29.3,931.1,NA,230,NA
2011,8,10,3,-27.2,932.7,NA,240,NA
2011,8,10,6,-26.7,935.2,43,NA,NA
2011,8,10,9,-24.9,935.4,NA,NA,NA
2011,8,10,12,-24.4,937.6,NA,NA,NA
2011,8,10,15,-24.4,937.1,NA,230,NA
2011,8,10,18,-21.7,935.3,NA,230,NA
2011,8,10,21,-19.8,934,NA,240,NA
2011,8,11,0,-20.3,932.9,33,230,NA
2011,8,11,3,-21.2,930.9,NA,240,NA
2011,8,11,6,-18.2,928.9,NA,230,NA
2011,8,11,9,-17.8,926.6,NA,210,NA
2011,8,11,12,-17.7,924.6,NA,220,NA
2011,8,11,15,-18.4,922.9,7,240,NA
2011,8,11,18,-18,921.3,NA,260,NA
2011,8,11,21,-16.8,919.8,3,40,NA
2011,8,12,0,-21.5,918.6,4,40,NA
2011,8,12,3,-20.2,917.9,NA,10,NA
2011,8,12,6,-19,917.7,NA,20,NA
2011,8,12,9,-23,917.8,9,290,NA
2011,8,12,12,-21.7,919.4,NA,320,NA
2011,8,12,15,-21,921.1,NA,40,NA
2011,8,12,18,-20.5,922.6,NA,0,NA
2011,8,12,21,-25.4,923.7,NA,260,NA
2011,8,13,0,NA,924.9,NA,230,NA
2011,8,13,3,-25.7,927,NA,230,NA
2011,8,13,6,-26.3,929,NA,240,NA
2011,8,13,9,-26.1,931.1,NA,240,NA
2011,8,13,12,-23.1,932.1,NA,230,NA
2011,8,13,15,-23.6,933.3,NA,240,NA
2011,8,13,18,-21.9,935.2,26,240,NA
2011,8,13,21,-21.6,936.3,NA,250,NA
2011,8,14,0,-21.4,937.4,NA,250,NA
2011,8,14,3,-20.3,938.1,NA,260,NA
2011,8,14,6,-21.7,938.5,NA,240,NA
2011,8,14,9,-20.5,939.9,NA,NA,NA
2011,8,14,12,-20,940.3,NA,NA,NA
2011,8,14,15,-19.7,941.6,NA,NA,NA
2011,8,14,18,-19.4,941.8,NA,260,NA
2011,8,14,21,-18.7,940.2,NA,360,NA
2011,8,15,0,-20.7,937.8,NA,10,NA
2011,8,15,3,-19.9,934.8,NA,30,NA
2011,8,15,6,-20.7,934,NA,30,NA
2011,8,15,9,-20.7,934.1,NA,270,NA
2011,8,15,12,-21.4,934.7,6,260,NA
2011,8,15,15,-20.8,934.4,3,10,NA
2011,8,15,18,-23.5,932.5,NA,40,NA
2011,8,15,21,-22.9,931,NA,30,NA
2011,8,16,0,-22.8,929.8,NA,290,NA
2011,8,16,3,-22.8,928.3,NA,240,NA
2011,8,16,6,NA,931.5,NA,250,NA
2011,8,16,9,-26.9,933.6,NA,230,NA
2011,8,16,12,NA,935.3,NA,230,NA
2011,8,16,15,NA,935.2,NA,360,NA
2011,8,16,18,-22,931.6,NA,360,NA
2011,8,16,21,-18.2,930.4,NA,10,NA
2011,8,17,0,NA,929.7,NA,240,NA
2011,8,17,3,NA,929.7,NA,250,NA
2011,8,17,6,-11.3,931.3,NA,240,NA
2011,8,17,9,NA,932.7,NA,210,NA
2011,8,17,12,NA,931.7,NA,360,NA
2011,8,17,15,-20.4,928,NA,0,NA
2011,8,17,18,-17.7,925.4,NA,20,NA
2011,8,17,21,-19,923.6,NA,350,NA
2011,8,18,0,-18.3,921.4,NA,270,NA
2011,8,18,3,-20.2,921.1,NA,260,NA
2011,8,18,6,-16.7,920.8,NA,240,NA
2011,8,18,9,-19,919.4,NA,250,NA
2011,8,18,12,NA,919.1,NA,240,NA
2011,8,18,15,-23.4,919,NA,230,NA
2011,8,18,18,-24.4,919.5,NA,240,NA
2011,8,18,21,-26.3,920.3,NA,240,NA
2011,8,19,0,-27.1,923.7,NA,230,NA
2011,8,19,3,-28.3,924.7,NA,230,NA
2011,8,19,6,-29.3,925.6,NA,240,NA
2011,8,19,9,-31,925.9,NA,250,NA
2011,8,19,12,-31.5,925.6,NA,240,NA
2011,8,19,15,-31.9,924.5,NA,280,NA
2011,8,19,18,-32.1,923,1,150,NA
2011,8,19,21,-33.2,921,1,120,NA
2011,8,20,0,-34.2,919,2,140,NA
2011,8,20,3,-35,916.5,2,130,NA
2011,8,20,6,-35.2,914.4,1,90,NA
2011,8,20,9,-35.7,913.5,1,260,NA
2011,8,20,12,-36.3,913.2,1,10,NA
2011,8,20,15,-36.9,912.9,4,280,NA
2011,8,20,18,-36.4,913.5,2,270,NA
2011,8,20,21,-34.7,913.1,NA,220,NA
2011,8,21,0,-34.4,913.2,NA,230,NA
2011,8,21,3,-33.2,912.9,NA,180,NA
2011,8,21,6,-32.9,912.7,NA,30,NA
2011,8,21,9,-33.3,912.9,2,350,NA
2011,8,21,12,-33.7,914,5,250,NA
2011,8,21,15,-33.5,916.2,NA,230,NA
2011,8,21,18,-33.6,918.4,NA,240,NA
2011,8,21,21,-32.3,920.4,9,240,NA
2011,8,22,0,-33.3,920.6,NA,250,NA
2011,8,22,3,-32.5,920.1,NA,250,NA
2011,8,22,6,-30.4,919.2,NA,230,NA
2011,8,22,9,-29.4,919.2,NA,NA,NA
2011,8,22,12,-28.9,918.8,NA,NA,NA
2011,8,22,15,-28.3,917,NA,NA,NA
2011,8,22,18,-27.1,914.9,NA,340,NA
2011,8,22,21,-27,911.2,NA,290,NA
2011,8,23,0,-26.4,907.5,6,30,NA
2011,8,23,3,-25.4,903.1,5,260,NA
2011,8,23,6,-25.2,899.4,NA,250,NA
2011,8,23,9,-24.8,896.7,NA,350,NA
2011,8,23,12,-22.7,894.2,3,30,NA
2011,8,23,15,-22.4,893.4,NA,270,NA
2011,8,23,18,-19.3,893.7,3,20,NA
2011,8,23,21,-20,895.2,NA,270,NA
2011,8,24,0,-19.4,897.6,NA,260,NA
2011,8,24,3,-18.9,900.1,7,280,NA
2011,8,24,6,-19.7,903.1,NA,240,NA
2011,8,24,9,-21.2,904.3,NA,NA,NA
2011,8,24,12,-21.7,906.4,NA,NA,NA
2011,8,24,15,-24.2,908.8,NA,NA,NA
2011,8,24,18,-24.7,911.7,NA,NA,NA
2011,8,24,21,-25.5,912.8,NA,240,NA
2011,8,25,0,-23,912.9,NA,NA,NA
2011,8,25,3,-21.9,913.1,NA,NA,NA
2011,8,25,6,-20.2,913.5,24,NA,NA
2011,8,25,9,-19.2,913.1,24,NA,NA
2011,8,25,12,-17.8,912.5,NA,NA,NA
2011,8,25,15,-18.2,910.7,NA,NA,NA
2011,8,25,18,-18.6,915.1,NA,NA,NA
2011,8,25,21,-17.8,913.9,NA,NA,NA
2011,8,26,0,-18.8,914.5,NA,230,NA
2011,8,26,3,-19,917.4,NA,200,NA
2011,8,26,6,-18.6,916.9,NA,90,NA
2011,8,26,9,-18.6,915.9,6,10,NA
2011,8,26,12,-16.8,915,NA,280,NA
2011,8,26,15,-15.4,913.5,NA,360,NA
2011,8,26,18,-15.5,912.1,NA,330,NA
2011,8,26,21,-13.9,910.2,NA,10,NA
2011,8,27,0,-13.9,908.7,5,350,NA
2011,8,27,3,-16.6,907,NA,270,NA
2011,8,27,6,NA,906,7,260,NA
2011,8,27,9,-18.1,905.8,7,250,NA
2011,8,27,12,-19.4,905.4,NA,240,NA
2011,8,27,15,-20.1,905.7,NA,240,NA
2011,8,27,18,NA,906.7,14,260,NA
2011,8,27,21,-23.2,907.9,13,240,NA
2011,8,28,0,-23.9,909.4,NA,240,NA
2011,8,28,3,-22.7,911.4,NA,260,NA
2011,8,28,6,-22.6,914.3,NA,230,NA
2011,8,28,9,-21.8,916.2,NA,270,NA
2011,8,28,12,-18.1,918.3,NA,230,NA
2011,8,28,15,-17.6,920.1,NA,230,NA
2011,8,28,18,-17.4,921.3,NA,NA,NA
2011,8,28,21,-17.6,922.6,NA,250,NA
2011,8,29,0,-19.9,923.1,NA,240,NA
2011,8,29,3,-18.1,923.5,NA,230,NA
2011,8,29,6,-17.8,923.4,NA,240,NA
2011,8,29,9,-19.4,923.4,NA,240,NA
2011,8,29,12,-18.2,924.8,NA,250,NA
2011,8,29,15,-18.6,924.9,NA,230,NA
2011,8,29,18,-16.1,924.5,NA,210,NA
2011,8,29,21,-15.8,924,NA,230,NA
2011,8,30,0,-16.5,923.2,NA,230,NA
2011,8,30,3,-14.9,922.1,NA,240,NA
2011,8,30,6,-13.3,920.5,NA,240,NA
2011,8,30,9,-13.2,919.4,NA,NA,NA
2011,8,30,12,-13,918.5,NA,NA,NA
2011,8,30,15,-15.1,915.7,NA,NA,NA
2011,8,30,18,-16.7,915.8,NA,240,NA
2011,8,30,21,-17.2,917.9,NA,250,NA
2011,8,31,0,-17.8,919.6,NA,250,NA
2011,8,31,3,-17.1,919.9,NA,240,NA
2011,8,31,6,-15.7,918.9,NA,250,NA
2011,8,31,9,-14.8,919.9,NA,230,NA
2011,8,31,12,-16,919.5,NA,250,NA
2011,8,31,15,-17.1,920.2,NA,230,NA
2011,8,31,18,-15.6,920.2,NA,250,NA
2011,8,31,21,-14.6,919.9,NA,230,NA
2011,9,1,0,-14.1,920.1,NA,240,NA
2011,9,1,3,-14.1,919.1,NA,250,NA
2011,9,1,6,-17.4,921.1,NA,220,NA
2011,9,1,9,-17.8,920.2,NA,240,NA
2011,9,1,12,-14.6,918.8,NA,230,NA
2011,9,1,15,-15.7,915.5,NA,230,NA
2011,9,1,18,-14.9,916.4,NA,240,NA
2011,9,1,21,-14.3,914.3,NA,NA,NA
2011,9,2,0,-15,914.7,NA,NA,NA
2011,9,2,3,-15,913.2,NA,NA,NA
2011,9,2,6,-15.1,913.9,NA,230,NA
2011,9,2,9,-16.1,912.5,NA,240,NA
2011,9,2,12,-16.4,914.4,NA,NA,NA
2011,9,2,15,-15.2,916.3,NA,NA,NA
2011,9,2,18,-13.8,914.7,NA,NA,NA
2011,9,2,21,-15.3,918.5,NA,NA,NA
2011,9,3,0,-16.3,922.5,NA,220,NA
2011,9,3,3,-16.2,921.7,NA,240,NA
2011,9,3,6,-15.6,923.1,36,NA,NA
2011,9,3,9,-19,924.4,NA,NA,NA
2011,9,3,12,-18.7,924.5,NA,NA,NA
2011,9,3,15,-21,925.9,NA,NA,NA
2011,9,3,18,-19,926.4,35,NA,NA
2011,9,3,21,-20.3,927.9,NA,NA,NA
2011,9,4,0,-20,930.1,NA,230,NA
2011,9,4,3,-18,931,NA,230,NA
2011,9,4,6,-18,930.9,NA,360,NA
2011,9,4,9,-19.6,930.3,NA,250,NA
2011,9,4,12,-21.5,930.1,NA,30,NA
2011,9,4,15,-20.3,930.1,4,350,NA
2011,9,4,18,-18.8,929.9,NA,10,NA
2011,9,4,21,-20.1,930.4,2,20,NA
2011,9,5,0,-21.4,931.3,4,30,NA
2011,9,5,3,-19.7,932.5,2,70,NA
2011,9,5,6,-20.9,934.9,2,40,NA
2011,9,5,9,-22.2,936.4,6,270,NA
2011,9,5,12,-24.6,937.4,NA,240,NA
2011,9,5,15,-24.8,938.5,NA,240,NA
2011,9,5,18,-24.4,938.4,NA,240,NA
2011,9,5,21,-24.7,939.7,NA,250,NA
2011,9,6,0,-23.9,940,NA,360,NA
2011,9,6,3,-24,938.6,NA,20,NA
2011,9,6,6,-23.8,937,NA,10,NA
2011,9,6,9,-24.8,935.4,NA,10,NA
2011,9,6,12,-24.7,933.1,NA,10,NA
2011,9,6,15,-24.4,930,18,20,NA
2011,9,6,18,-24.8,926.5,NA,10,NA
2011,9,6,21,-25.3,923.7,NA,10,NA
2011,9,7,0,-24.4,921.9,NA,30,NA
2011,9,7,3,-24.4,920.2,NA,270,NA
2011,9,7,6,NA,918.5,NA,250,NA
2011,9,7,9,-24.3,916.8,NA,230,NA
2011,9,7,12,-24.6,915.4,NA,240,NA
2011,9,7,15,-26.3,913.1,NA,240,NA
2011,9,7,18,-25.4,910,NA,250,NA
2011,9,7,21,-25.9,907.8,NA,240,NA
2011,9,8,0,-26.1,910.4,NA,NA,NA
2011,9,8,3,-26.2,909,NA,NA,NA
2011,9,8,6,-24.1,908.6,NA,NA,NA
2011,9,8,9,-23.1,909.8,NA,NA,NA
2011,9,8,12,-22.3,910.5,NA,NA,NA
2011,9,8,15,-20.9,914,52,230,NA
2011,9,8,18,-20.7,912.4,NA,NA,NA
2011,9,8,21,-19.2,913.5,NA,NA,NA
2011,9,9,0,-18.3,912,54,NA,NA
2011,9,9,3,-18,915.3,NA,NA,NA
2011,9,9,6,-16.9,914.9,NA,NA,NA
2011,9,9,9,-16.5,913,51,NA,NA
2011,9,9,12,-16.3,915.4,NA,NA,NA
2011,9,9,15,-16.3,914.9,NA,240,NA
2011,9,9,18,-15.2,914.6,46,240,NA
2011,9,9,21,-15.3,913.2,NA,240,NA
2011,9,10,0,-14.6,910.4,NA,250,NA
2011,9,10,3,-14.7,911.8,NA,250,NA
2011,9,10,6,-14.5,912.9,58,240,NA
2011,9,10,9,-14,916.6,NA,250,NA
2011,9,10,12,-13.5,918.3,NA,250,NA
2011,9,10,15,-13.8,919.6,NA,240,NA
2011,9,10,18,-13.6,920.8,NA,250,NA
2011,9,10,21,-13.3,923.4,NA,250,NA
2011,9,11,0,-13.2,923.2,NA,250,NA
2011,9,11,3,-13.5,923.5,NA,240,NA
2011,9,11,6,-12.9,925.2,53,250,NA
2011,9,11,9,-13.7,925.2,NA,230,NA
2011,9,11,12,-13.5,925.8,NA,240,NA
2011,9,11,15,-14.2,925.6,NA,240,NA
2011,9,11,18,-13.3,923.8,NA,250,NA
2011,9,11,21,-13.8,923,NA,NA,NA
2011,9,12,0,-14.7,925.2,NA,NA,NA
2011,9,12,3,-13.3,925.1,NA,NA,NA
2011,9,12,6,-14,924.4,NA,240,NA
2011,9,12,9,-14.3,925.3,NA,250,NA
2011,9,12,12,-14.3,929.4,NA,240,NA
2011,9,12,15,-13.8,929.6,NA,240,NA
2011,9,12,18,-13.4,928.5,22,240,NA
2011,9,12,21,-15.5,929,NA,220,NA
2011,9,13,0,-16,929.1,NA,230,NA
2011,9,13,3,-16.4,929.9,NA,240,NA
2011,9,13,6,-16.4,930.8,NA,250,NA
2011,9,13,9,-17.1,931.1,NA,270,NA
2011,9,13,12,-17.8,931.2,5,40,NA
2011,9,13,15,-18.3,931,NA,0,NA
2011,9,13,18,-19,930.9,NA,20,NA
2011,9,13,21,-19.4,931.1,10,20,NA
2011,9,14,0,-19.4,931.3,NA,30,NA
2011,9,14,3,-19.2,932.4,NA,60,NA
2011,9,14,6,-19.8,933.5,3,60,NA
2011,9,14,9,-20.6,933.9,2,70,NA
2011,9,14,12,NA,933,NA,10,NA
2011,9,14,15,NA,933.3,NA,20,NA
2011,9,14,18,NA,933.9,NA,270,NA
2011,9,14,21,-8.4,934.9,NA,310,NA
2011,9,15,0,-8.9,935.3,NA,30,NA
2011,9,15,3,-9.4,934.8,NA,260,NA
2011,9,15,6,-9.5,934.7,NA,270,NA
2011,9,15,9,-8.1,935.8,NA,210,NA
2011,9,15,12,-11.5,936.8,NA,190,NA
2011,9,15,15,NA,935.4,NA,250,NA
2011,9,15,18,-13.4,935,NA,30,NA
2011,9,15,21,-12.1,934.9,NA,10,NA
2011,9,16,0,-13.1,935.9,NA,260,NA
2011,9,16,3,NA,936.7,NA,240,NA
2011,9,16,6,-16.5,937.2,NA,210,NA
2011,9,16,9,-17.7,936.6,NA,270,NA
2011,9,16,12,-19.4,935.8,3,200,NA
2011,9,16,15,-20,933.9,NA,240,NA
2011,9,16,18,NA,932.8,NA,230,NA
2011,9,16,21,-20.6,932.5,NA,240,NA
2011,9,17,0,NA,933.2,NA,220,NA
2011,9,17,3,-25.5,934.6,NA,230,NA
2011,9,17,6,-26.2,934.8,NA,230,NA
2011,9,17,9,-26.6,934.9,NA,230,NA
2011,9,17,12,-25.7,934.9,NA,220,NA
2011,9,17,15,-26.3,934.4,NA,240,NA
2011,9,17,18,-26.7,935,24,240,NA
2011,9,17,21,-26.6,936.3,NA,230,NA
2011,9,18,0,-25.7,935.6,NA,150,NA
2011,9,18,3,-25.4,934.2,NA,210,NA
2011,9,18,6,-25,932.4,4,30,NA
2011,9,18,9,-23.8,929.9,NA,20,NA
2011,9,18,12,-20.8,927.6,7,30,NA
2011,9,18,15,-19.4,925.4,NA,20,NA
2011,9,18,18,-21.3,924.5,NA,360,NA
2011,9,18,21,-23,926.4,NA,10,NA
2011,9,19,0,-22.8,928.9,NA,300,NA
2011,9,19,3,-25.8,930.6,NA,230,NA
2011,9,19,6,-26.7,932.7,NA,270,NA
2011,9,19,9,-25.3,932.8,NA,20,NA
2011,9,19,12,-25.5,932,NA,30,NA
2011,9,19,15,-24.8,930.1,NA,20,NA
2011,9,19,18,-26.1,928.3,NA,10,NA
2011,9,19,21,-27.7,925.7,NA,20,NA
2011,9,20,0,-27.2,924.2,NA,340,NA
2011,9,20,3,-27.8,922.8,NA,320,NA
2011,9,20,6,-27.3,922.3,NA,220,NA
2011,9,20,9,-29.1,922.2,NA,260,NA
2011,9,20,12,-28.3,921.9,NA,230,NA
2011,9,20,15,-26.4,921.3,NA,240,NA
2011,9,20,18,-26.6,919.7,NA,NA,NA
2011,9,20,21,-27.9,916.9,NA,NA,NA
2011,9,21,0,-26.8,918.4,NA,NA,NA
2011,9,21,3,-27.3,920.8,NA,NA,NA
2011,9,21,6,-27.6,926.3,NA,230,NA
2011,9,21,9,-28.7,930.9,NA,240,NA
2011,9,21,12,-27.8,934.9,NA,40,NA
2011,9,21,15,-28.4,933.8,NA,20,NA
2011,9,21,18,-27.9,932.7,NA,20,NA
2011,9,21,21,-25.7,930.8,NA,40,NA
2011,9,22,0,NA,929.4,NA,20,NA
2011,9,22,3,NA,928.3,NA,30,NA
2011,9,22,6,-12.1,928.5,NA,260,NA
2011,9,22,9,-11.4,928.5,NA,0,NA
2011,9,22,12,NA,927.5,NA,60,NA
2011,9,22,15,NA,927.3,NA,70,NA
2011,9,22,18,-20.3,925.9,NA,250,NA
2011,9,22,21,-18.2,925,NA,240,NA
2011,9,23,0,-18.6,923.2,4,240,NA
2011,9,23,3,-18.4,920.4,3,250,NA
2011,9,23,6,-19.8,918.6,5,250,NA
2011,9,23,9,-21.1,917.1,NA,240,NA
2011,9,23,12,-20.5,916.4,NA,260,NA
2011,9,23,15,-22.3,915.2,NA,220,NA
2011,9,23,18,-22.4,913,NA,230,NA
2011,9,23,21,-24.6,911.4,NA,NA,NA
2011,9,24,0,NA,910.5,NA,NA,NA
2011,9,24,3,NA,906.5,NA,NA,NA
2011,9,24,6,-31,909.4,NA,240,NA
2011,9,24,9,-28.5,908.2,NA,240,NA
2011,9,24,12,-32.3,913.2,NA,240,NA
2011,9,24,15,-30.9,919.5,53,250,NA
2011,9,24,18,-31.9,926.2,NA,230,NA
2011,9,24,21,-32.7,925.6,NA,250,NA
2011,9,25,0,-31.3,924.2,NA,110,NA
2011,9,25,3,-31.2,922.1,NA,40,NA
2011,9,25,6,-31.8,919.9,NA,10,NA
2011,9,25,9,-31.5,918,NA,40,NA
2011,9,25,12,-31.7,915.7,NA,20,NA
2011,9,25,15,-31.8,913.6,NA,60,NA
2011,9,25,18,-32,912.5,NA,40,NA
2011,9,25,21,-32.8,912.2,NA,70,NA
2011,9,26,0,-33.6,912.9,NA,300,NA
2011,9,26,3,-31.8,913.7,1,260,NA
2011,9,26,6,-33,914.6,5,240,NA
2011,9,26,9,-32.9,915,NA,320,NA
2011,9,26,12,-33.3,915.7,1,10,NA
2011,9,26,15,-32.6,915.8,2,270,NA
2011,9,26,18,-30.8,915.9,NA,NA,NA
2011,9,26,21,-30.1,915.8,1,240,NA
2011,9,27,0,-27,916.4,NA,210,NA
2011,9,27,3,NA,916.3,NA,230,NA
2011,9,27,6,NA,916.8,9,240,NA
2011,9,27,9,NA,916.5,NA,250,NA
2011,9,27,12,NA,916,NA,240,NA
2011,9,27,15,-15.5,914.7,NA,240,NA
2011,9,27,18,-13.7,913.4,NA,310,NA
2011,9,27,21,-14.1,913,NA,280,NA
2011,9,28,0,NA,913.4,NA,270,NA
2011,9,28,3,NA,913.9,NA,260,NA
2011,9,28,6,-18.6,916,NA,260,NA
2011,9,28,9,-17.5,917.6,6,270,NA
2011,9,28,12,-19.3,920.3,6,200,NA
2011,9,28,15,-20.7,922,NA,360,NA
2011,9,28,18,-21.7,922.7,NA,240,NA
2011,9,28,21,-22.4,923.8,NA,240,NA
2011,9,29,0,-22.5,924.5,NA,230,NA
2011,9,29,3,-22.5,926.9,31,230,NA
2011,9,29,6,-21,928.7,NA,230,NA
2011,9,29,9,-20.7,929.3,NA,250,NA
2011,9,29,12,-20.6,929.2,NA,350,NA
2011,9,29,15,-21.9,926.5,NA,10,NA
2011,9,29,18,-21.9,923.5,NA,60,NA
2011,9,29,21,-22.5,921.6,NA,130,NA
2011,9,30,0,-24.4,920.8,NA,240,NA
2011,9,30,3,-23.6,920.6,NA,230,NA
2011,9,30,6,-24.6,920.6,NA,30,NA
2011,9,30,9,-25.6,921.8,NA,220,NA
2011,9,30,12,-25.7,923.5,NA,240,NA
2011,9,30,15,-24.2,926.9,14,250,NA
2011,9,30,18,-26.2,927.8,NA,240,NA
2011,9,30,21,-27.6,929.4,NA,240,NA
2011,10,1,0,-28.2,930.9,30,240,NA
2011,10,1,3,-27.4,930.9,NA,230,NA
2011,10,1,6,-27.1,931.5,NA,230,NA
2011,10,1,9,-27.3,930.1,NA,40,NA
2011,10,1,12,-24.7,928.6,NA,0,NA
2011,10,1,15,-23.8,926.3,NA,20,NA
2011,10,1,18,-23.9,924.1,NA,260,NA
2011,10,1,21,-24.2,921.9,NA,270,NA
2011,10,2,0,-24.7,919.5,NA,20,NA
2011,10,2,3,-23,917.9,NA,280,NA
2011,10,2,6,-24.5,917.5,4,240,NA
2011,10,2,9,-25.4,916.8,NA,250,NA
2011,10,2,12,-21.6,915.9,NA,50,NA
2011,10,2,15,NA,914.9,NA,10,NA
2011,10,2,18,NA,914.3,NA,330,NA
2011,10,2,21,-18.7,913.1,NA,30,NA
2011,10,3,0,-19.1,911.8,NA,20,NA
2011,10,3,3,-20.1,912.1,NA,30,NA
2011,10,3,6,-20.5,913.8,NA,40,NA
2011,10,3,9,-20.7,916.7,NA,40,NA
2011,10,3,12,-20.3,919.9,NA,260,NA
2011,10,3,15,-20.6,922.4,NA,260,NA
2011,10,3,18,-20.8,922.7,NA,240,NA
2011,10,3,21,-21.5,922.9,NA,240,NA
2011,10,4,0,-22.3,922.9,NA,230,NA
2011,10,4,3,-21.8,921.8,NA,290,NA
2011,10,4,6,-20.7,919.6,NA,10,NA
2011,10,4,9,-18,916.9,NA,280,NA
2011,10,4,12,NA,915.1,NA,290,NA
2011,10,4,15,-15.8,913.6,4,230,NA
2011,10,4,18,-13.9,912.7,NA,310,NA
2011,10,4,21,-17.2,912.7,3,280,NA
2011,10,5,0,-17.4,913.8,NA,260,NA
2011,10,5,3,-17.6,915.4,NA,100,NA
2011,10,5,6,-19.5,917.4,6,240,NA
2011,10,5,9,NA,920.1,NA,250,NA
2011,10,5,12,-21.7,922.6,NA,240,NA
2011,10,5,15,-21.4,924.7,NA,230,NA
2011,10,5,18,-21.1,926.5,NA,230,NA
2011,10,5,21,-20.2,925.8,NA,240,NA
2011,10,6,0,-20,929.3,NA,240,NA
2011,10,6,3,-19,930.1,NA,230,NA
2011,10,6,6,-17.9,930.6,NA,230,NA
2011,10,6,9,-16.3,927.4,NA,240,NA
2011,10,6,12,-15.2,926.5,NA,250,NA
2011,10,6,15,-14.9,926,52,NA,NA
2011,10,6,18,-13,924.5,NA,NA,NA
2011,10,6,21,-12.7,925.5,54,NA,NA
2011,10,7,0,-11.9,925.3,54,240,NA
2011,10,7,3,-12,925,NA,NA,NA
2011,10,7,6,-11.5,927.1,NA,NA,NA
2011,10,7,9,-10.5,925,NA,NA,NA
2011,10,7,12,-10.8,928.1,NA,240,NA
2011,10,7,15,-10.1,929.3,60,240,NA
2011,10,7,18,-10.3,932.3,NA,250,NA
2011,10,7,21,-9.5,934.1,NA,240,NA
2011,10,8,0,-10.1,937.7,NA,240,NA
2011,10,8,3,-9.4,938,NA,250,NA
2011,10,8,6,-7.7,937.1,NA,330,NA
2011,10,8,9,-7.7,935.5,NA,290,NA
2011,10,8,12,-7,933.2,NA,10,NA
2011,10,8,15,-6.8,931.5,NA,270,NA
2011,10,8,18,-9,930.9,NA,250,NA
2011,10,8,21,-8,930.4,NA,60,NA
2011,10,9,0,-9,929.6,NA,60,NA
2011,10,9,3,-8.8,928.9,NA,20,NA
2011,10,9,6,-10.6,929.1,NA,340,NA
2011,10,9,9,-10.1,929,NA,360,NA
2011,10,9,12,-11.8,929.3,NA,40,NA
2011,10,9,15,-11.3,928.5,NA,270,NA
2011,10,9,18,-11.6,927.6,NA,40,NA
2011,10,9,21,-13.4,926.6,NA,50,NA
2011,10,10,0,-14.2,924.5,NA,60,NA
2011,10,10,3,-13.7,920.9,NA,10,NA
2011,10,10,6,-16.3,917.9,NA,240,NA
2011,10,10,9,-17.5,917.1,NA,170,NA
2011,10,10,12,-15.7,915.8,NA,270,NA
2011,10,10,15,-18.3,916,NA,280,NA
2011,10,10,18,-15.8,916.7,NA,10,NA
2011,10,10,21,NA,917.2,NA,0,NA
2011,10,11,0,-16.1,917.5,NA,250,NA
2011,10,11,3,-15.4,918.4,NA,240,NA
2011,10,11,6,-15.6,920.1,NA,30,NA
2011,10,11,9,-16.3,920.7,NA,40,NA
2011,10,11,12,-19.4,920,NA,40,NA
2011,10,11,15,-20,918.6,8,70,NA
2011,10,11,18,-19.8,916.9,NA,40,NA
2011,10,11,21,-19.6,914.8,NA,0,NA
2011,10,12,0,-20.6,912.8,NA,230,NA
2011,10,12,3,-20.2,910.7,NA,230,NA
2011,10,12,6,-21.3,909.7,NA,240,NA
2011,10,12,9,-21.7,911.4,NA,NA,NA
2011,10,12,12,-23,912.8,NA,NA,NA
2011,10,12,15,-24.9,913.1,NA,NA,NA
2011,10,12,18,-24.9,913.3,NA,NA,NA
2011,10,12,21,-23.5,913.5,NA,220,NA
2011,10,13,0,-21.9,913,NA,0,NA
2011,10,13,3,-20.9,912.4,NA,0,NA
2011,10,13,6,-21.8,912.6,NA,260,NA
2011,10,13,9,-22,913,4,290,NA
2011,10,13,12,-19.9,912.8,5,220,NA
2011,10,13,15,-19.1,912.7,NA,250,NA
2011,10,13,18,-18.2,912.9,NA,240,NA
2011,10,13,21,-17.1,911.8,NA,10,NA
2011,10,14,0,-14.6,909.7,NA,10,NA
2011,10,14,3,-12.8,907.5,NA,30,NA
2011,10,14,6,-12.1,906.8,NA,240,NA
2011,10,14,9,-13.3,905.4,NA,290,NA
2011,10,14,12,NA,905.2,NA,NA,NA
2011,10,14,15,-18,903.7,NA,NA,NA
2011,10,14,18,-19.1,902.3,NA,NA,NA
2011,10,14,21,-19.9,903.8,NA,NA,NA
2011,10,15,0,-20.3,905.6,NA,240,NA
2011,10,15,3,-18.1,907.4,NA,330,NA
2011,10,15,6,-19.7,910.3,NA,260,NA
2011,10,15,9,-22.9,910.7,NA,250,NA
2011,10,15,12,-23.8,915,NA,260,NA
2011,10,15,15,-25,918.2,NA,270,NA
2011,10,15,18,-23.9,918.9,NA,20,NA
2011,10,15,21,-20.7,919.1,7,30,NA
2011,10,16,0,-20.8,920.2,NA,260,NA
2011,10,16,3,-18.6,920.5,NA,190,NA
2011,10,16,6,NA,921.3,NA,60,NA
2011,10,16,9,NA,922,NA,290,NA
2011,10,16,12,-13.7,922.5,3,250,NA
2011,10,16,15,-11.3,922.1,3,20,NA
2011,10,16,18,-13.8,920.8,3,230,NA
2011,10,16,21,-14.4,919.7,1,300,NA
2011,10,17,0,-14.2,918.4,5,260,NA
2011,10,17,3,-17.9,917.3,NA,260,NA
2011,10,17,6,-15.3,917.7,NA,240,NA
2011,10,17,9,-15.3,918.4,NA,90,NA
2011,10,17,12,-15.8,918.2,3,280,NA
2011,10,17,15,-17.1,917,NA,240,NA
2011,10,17,18,-16.8,916.6,NA,250,NA
2011,10,17,21,-19.1,916.6,16,240,NA
2011,10,18,0,-20.1,917.2,13,240,NA
2011,10,18,3,-19.3,916.9,NA,220,NA
2011,10,18,6,-20,916.1,10,260,NA
2011,10,18,9,-20.4,914.9,NA,10,NA
2011,10,18,12,-19.8,913.5,NA,10,NA
2011,10,18,15,-20.1,911.7,NA,0,NA
2011,10,18,18,-18.5,909.5,NA,240,NA
2011,10,18,21,-19.2,907.9,NA,10,NA
2011,10,19,0,-21.4,906.9,7,30,NA
2011,10,19,3,-20.3,906.4,4,70,NA
2011,10,19,6,-20.3,906.5,NA,50,NA
2011,10,19,9,-21.1,907.6,1,60,NA
2011,10,19,12,-23.3,908.5,NA,240,NA
2011,10,19,15,-23.2,909.1,NA,230,NA
2011,10,19,18,-22.8,909.6,NA,240,NA
2011,10,19,21,-23.6,910.4,NA,240,NA
2011,10,20,0,-23.7,911.2,NA,250,NA
2011,10,20,3,-24.2,911.3,NA,240,NA
2011,10,20,6,-23.8,911.6,NA,230,NA
2011,10,20,9,-24.7,911.7,NA,230,NA
2011,10,20,12,-25.3,911.6,15,230,NA
2011,10,20,15,-25.9,911.2,NA,240,NA
2011,10,20,18,-25.7,911.1,NA,260,NA
2011,10,20,21,-23.9,910.2,NA,40,NA
2011,10,21,0,-23.5,909.6,3,60,NA
2011,10,21,3,-24.3,908.8,4,30,NA
2011,10,21,6,-24,908.8,6,40,NA
2011,10,21,9,-24.9,909.9,5,40,NA
2011,10,21,12,-23.8,911.3,NA,360,NA
2011,10,21,15,-24.3,912.4,NA,250,NA
2011,10,21,18,-25,913.5,NA,260,NA
2011,10,21,21,-23.9,914.3,NA,230,NA
2011,10,22,0,-23.7,915.1,NA,250,NA
2011,10,22,3,-23.4,915,NA,240,NA
2011,10,22,6,-23.4,914.4,NA,240,NA
2011,10,22,9,-23.9,913.8,NA,250,NA
2011,10,22,12,-24.1,913.5,NA,240,NA
2011,10,22,15,-24.2,912.9,NA,240,NA
2011,10,22,18,-23.9,912.7,11,260,NA
2011,10,22,21,-22.9,912.6,NA,230,NA
2011,10,23,0,-21.8,912.5,NA,290,NA
2011,10,23,3,-20.9,911.9,NA,NA,NA
2011,10,23,6,-21.1,911.8,1,320,NA
2011,10,23,9,-22.4,911.8,NA,NA,NA
2011,10,23,12,-23.3,911.8,NA,260,NA
2011,10,23,15,-23.5,911.1,NA,250,NA
2011,10,23,18,-22.7,910.9,NA,0,NA
2011,10,23,21,-22.7,910.2,NA,30,NA
2011,10,24,0,-21.5,909.4,2,50,NA
2011,10,24,3,-19.8,908.4,NA,NA,NA
2011,10,24,6,-20.6,907.7,2,10,NA
2011,10,24,9,-21.2,907.3,4,360,NA
2011,10,24,12,-21.7,907.5,2,290,NA
2011,10,24,15,-22.7,908,3,340,NA
2011,10,24,18,-21.4,908,NA,360,NA
2011,10,24,21,-20.2,908.2,6,340,NA
2011,10,25,0,-21.7,908.7,6,270,NA
2011,10,25,3,-20.4,909,4,260,NA
2011,10,25,6,-20.1,909.4,NA,230,NA
2011,10,25,9,-20.3,910.4,NA,240,NA
2011,10,25,12,-18.7,910.5,NA,230,NA
2011,10,25,15,-18.4,909.1,NA,NA,NA
2011,10,25,18,-21,910.7,NA,NA,NA
2011,10,25,21,-19.7,911.2,NA,NA,NA
2011,10,26,0,-20,912.3,NA,230,NA
2011,10,26,3,-19.3,913.4,NA,240,NA
2011,10,26,6,-17,912.3,NA,240,NA
2011,10,26,9,-14.8,911.7,NA,230,NA
2011,10,26,12,-13.1,910.9,NA,NA,NA
2011,10,26,15,-15.3,910.1,NA,NA,NA
2011,10,26,18,-15.2,910.7,NA,NA,NA
2011,10,26,21,-15.2,911.8,NA,240,NA
2011,10,27,0,-15.1,911.7,NA,NA,NA
2011,10,27,3,-14.9,911.3,NA,NA,NA
2011,10,27,6,-13.1,911.8,41,NA,NA
2011,10,27,9,-14.7,912.9,NA,NA,NA
2011,10,27,12,-14.6,916.3,NA,NA,NA
2011,10,27,15,-12.4,915.6,NA,260,NA
2011,10,27,18,-12.4,916,NA,240,NA
2011,10,27,21,-13.2,916.2,29,240,NA
2011,10,28,0,-13.6,918.6,NA,240,NA
2011,10,28,3,-13.6,919.2,NA,250,NA
2011,10,28,6,-11.9,919.7,NA,240,NA
2011,10,28,9,-14.6,920.4,NA,270,NA
2011,10,28,12,-15.6,920.3,NA,30,NA
2011,10,28,15,-15.1,920.5,2,50,NA
2011,10,28,18,-14.8,919.9,3,20,NA
2011,10,28,21,-16,919.9,3,280,NA
2011,10,29,0,-15.5,919.7,2,210,NA
2011,10,29,3,-14.3,919.1,1,40,NA
2011,10,29,6,-16,918.4,NA,210,NA
2011,10,29,9,-17.5,918.2,NA,0,NA
2011,10,29,12,-19.9,917.8,NA,260,NA
2011,10,29,15,-20.1,917.9,NA,220,NA
2011,10,29,18,-20.1,918.7,9,240,NA
2011,10,29,21,-19.6,920,NA,240,NA
2011,10,30,0,-18.6,920.6,NA,250,NA
2011,10,30,3,-17.3,921.2,NA,300,NA
2011,10,30,6,-17,921.1,NA,NA,NA
2011,10,30,9,-20.3,920.9,NA,210,NA
2011,10,30,12,-21,921.6,NA,240,NA
2011,10,30,15,-20.5,921,NA,230,NA
2011,10,30,18,-20.3,919.2,NA,240,NA
2011,10,30,21,-20,919.7,NA,240,NA
2011,10,31,0,-19.7,918.9,NA,NA,NA
2011,10,31,3,-19.5,917.2,21,NA,NA
2011,10,31,6,-18.4,911.7,NA,240,NA
2011,10,31,9,-17.7,904.9,NA,250,NA
2011,10,31,12,-20.1,910.2,NA,230,NA
2011,10,31,15,-20.1,907.4,57,240,NA
2011,10,31,18,-20.6,905.6,NA,240,NA
2011,10,31,21,-20.6,909.5,59,250,NA
2011,11,1,0,-19.8,908.7,56,240,NA
2011,11,1,3,-18,907.6,NA,240,NA
2011,11,1,6,-16.9,911.7,53,240,NA
2011,11,1,9,-15.3,911.6,NA,250,NA
2011,11,1,12,-15.1,916.1,NA,240,NA
2011,11,1,15,-14.1,916.9,NA,250,NA
2011,11,1,18,-12.9,917.2,NA,250,NA
2011,11,1,21,-15.1,924.8,NA,230,NA
2011,11,2,0,-11.9,925.5,NA,240,NA
2011,11,2,3,-10.5,926.7,NA,240,NA
2011,11,2,6,-10.3,929.4,NA,240,NA
2011,11,2,9,-9.3,931.2,NA,270,NA
2011,11,2,12,-10.3,932.6,NA,220,NA
2011,11,2,15,-10.4,931.8,NA,240,NA
2011,11,2,18,-12,931.4,NA,240,NA
2011,11,2,21,-11.2,934.9,NA,240,NA
2011,11,3,0,-13.7,937.8,NA,230,NA
2011,11,3,3,-11.2,937.4,NA,240,NA
2011,11,3,6,-13.7,938.8,NA,230,NA
2011,11,3,9,-12.8,941.3,NA,240,NA
2011,11,3,12,-12.5,944,NA,NA,NA
2011,11,3,15,-16.8,946,NA,NA,NA
2011,11,3,18,-14.5,944.9,NA,NA,NA
2011,11,3,21,-12.2,943.8,NA,230,NA
2011,11,4,0,-13.5,941.8,NA,NA,NA
2011,11,4,3,-13.2,940.8,NA,NA,NA
2011,11,4,6,-16.4,941.9,NA,NA,NA
2011,11,4,9,-16.6,943.2,NA,240,NA
2011,11,4,12,-17,942.6,NA,240,NA
2011,11,4,15,-16.6,941.9,NA,230,NA
2011,11,4,18,-17.2,940.5,NA,240,NA
2011,11,4,21,-17.4,940.2,NA,250,NA
2011,11,5,0,-15.3,939.8,24,240,NA
2011,11,5,3,-14,937.9,NA,230,NA
2011,11,5,6,-13.7,938.3,NA,240,NA
2011,11,5,9,-12.9,939,NA,240,NA
2011,11,5,12,-12.7,938.1,NA,240,NA
2011,11,5,15,-10.8,936.7,NA,NA,NA
2011,11,5,18,-10.2,935.4,NA,NA,NA
2011,11,5,21,-10.2,933.2,NA,NA,NA
2011,11,6,0,-10.3,934.8,NA,230,NA
2011,11,6,3,-9.8,932.3,NA,240,NA
2011,11,6,6,-9.7,930.1,NA,NA,NA
2011,11,6,9,-9.7,927.8,NA,NA,NA
2011,11,6,12,-9.6,926.6,NA,NA,NA
2011,11,6,15,-11.4,926.8,NA,250,NA
2011,11,6,18,-12.1,928.7,NA,250,NA
2011,11,6,21,-9.6,926.5,NA,240,NA
2011,11,7,0,-10.3,925.6,NA,250,NA
2011,11,7,3,-10.5,925.2,NA,250,NA
2011,11,7,6,-9.8,929.5,NA,NA,NA
2011,11,7,9,-9.7,930.5,NA,NA,NA
2011,11,7,12,-9,931.7,NA,NA,NA
2011,11,7,15,-8.8,929.2,NA,NA,NA
2011,11,7,18,-10.3,931.4,NA,230,NA
2011,11,7,21,-9,933.7,NA,230,NA
2011,11,8,0,-7.3,930.7,NA,240,NA
2011,11,8,3,-9,931.5,NA,230,NA
2011,11,8,6,-7.6,927.5,NA,230,NA
2011,11,8,9,-9.4,929.1,NA,230,NA
2011,11,8,12,-9.4,928.5,NA,220,NA
2011,11,8,15,-10.6,928.8,NA,10,NA
2011,11,8,18,-12.7,927.6,NA,260,NA
2011,11,8,21,-10.7,927.1,NA,250,NA
2011,11,9,0,-9.3,926.8,NA,240,NA
2011,11,9,3,-8.8,926.8,NA,230,NA
2011,11,9,6,-8.6,926.3,NA,230,NA
2011,11,9,9,-9.5,925.8,NA,0,NA
2011,11,9,12,-10.5,925.6,NA,250,NA
2011,11,9,15,-10.3,925.4,NA,230,NA
2011,11,9,18,-9.5,925,8,240,NA
2011,11,9,21,-7.9,924.7,NA,NA,NA
2011,11,10,0,-11.6,924.3,NA,NA,NA
2011,11,10,3,-10.2,923.6,NA,NA,NA
2011,11,10,6,-12.4,924.5,NA,250,NA
2011,11,10,9,-11.3,925.1,NA,230,NA
2011,11,10,12,-12.5,924.5,NA,240,NA
2011,11,10,15,-13.1,924.1,NA,230,NA
2011,11,10,18,-13.1,923,NA,220,NA
2011,11,10,21,-14.3,921.9,NA,230,NA
2011,11,11,0,-13.3,920.6,NA,230,NA
2011,11,11,3,-13.2,919.6,20,240,NA
2011,11,11,6,-10.3,917,NA,240,NA
2011,11,11,9,-10.9,917.5,NA,240,NA
2011,11,11,12,-11.9,918.7,NA,230,NA
2011,11,11,15,-13.1,918.4,41,240,NA
2011,11,11,18,-11.8,919.6,NA,250,NA
2011,11,11,21,-11.6,920.6,NA,240,NA
2011,11,12,0,-12,923.4,NA,240,NA
2011,11,12,3,-9.6,924,NA,30,NA
2011,11,12,6,-9.9,923.2,NA,350,NA
2011,11,12,9,-7.6,922.8,NA,270,NA
2011,11,12,12,-10.2,922.9,NA,260,NA
2011,11,12,15,-10.9,922.9,NA,260,NA
2011,11,12,18,-11.3,923,NA,0,NA
2011,11,12,21,-10.2,922.8,NA,40,NA
2011,11,13,0,-8.8,924,NA,140,NA
2011,11,13,3,-9.3,925.6,2,80,NA
2011,11,13,6,-9.8,927.5,NA,270,NA
2011,11,13,9,-10.5,928.5,NA,240,NA
2011,11,13,12,-10.8,930.2,NA,250,NA
2011,11,13,15,-10.5,930.8,NA,250,NA
2011,11,13,18,-9.7,931.4,NA,240,NA
2011,11,13,21,-8.1,931.6,NA,10,NA
2011,11,14,0,-7.6,931.6,NA,50,NA
2011,11,14,3,-6.1,931.4,3,260,NA
2011,11,14,6,-7.5,932,NA,230,NA
2011,11,14,9,-6.7,932.2,6,240,NA
2011,11,14,12,-7.6,932.6,NA,270,NA
2011,11,14,15,-8.2,933,NA,260,NA
2011,11,14,18,-6.7,933.1,NA,110,NA
2011,11,14,21,-6.7,933.6,3,40,NA
2011,11,15,0,-6,934.1,NA,NA,NA
2011,11,15,3,-7,934,NA,240,NA
2011,11,15,6,-6.9,934,NA,230,NA
2011,11,15,9,-7,933.7,9,260,NA
2011,11,15,12,-6.7,933.8,NA,300,NA
2011,11,15,15,-6,933.7,NA,50,NA
2011,11,15,18,-6.1,933.5,NA,0,NA
2011,11,15,21,-4.5,933,2,20,NA
2011,11,16,0,-2.6,932.8,1,30,NA
2011,11,16,3,-2.3,932.9,NA,NA,NA
2011,11,16,6,-3,932.6,1,250,NA
2011,11,16,9,-5.2,932.7,NA,NA,NA
2011,11,16,12,-6.2,933,2,60,NA
2011,11,16,15,-6.4,932.8,1,40,NA
2011,11,16,18,-6.2,932.8,4,20,NA
2011,11,16,21,-6,933.2,2,130,NA
2011,11,17,0,-5.4,933.5,1,80,NA
2011,11,17,3,-5.5,933.7,2,40,NA
2011,11,17,6,-4.8,933.8,NA,NA,NA
2011,11,17,9,-8,933.7,2,50,NA
2011,11,17,12,-9.3,933.6,NA,NA,NA
2011,11,17,15,-10.9,933.3,3,200,NA
2011,11,17,18,-10.8,932.5,2,110,NA
2011,11,17,21,-10.9,932.1,1,240,NA
2011,11,18,0,-11.4,932,2,110,NA
2011,11,18,3,-10,931.7,NA,220,NA
2011,11,18,6,-8.3,931.4,5,250,NA
2011,11,18,9,-10.3,930.7,NA,50,NA
2011,11,18,12,-10.5,929.8,NA,20,NA
2011,11,18,15,-11.1,928.7,NA,30,NA
2011,11,18,18,-9.3,927.9,8,60,NA
2011,11,18,21,-8.5,927.6,5,90,NA
2011,11,19,0,-9.6,927.3,NA,110,44
2011,11,19,3,-9.8,927.3,3,180,50
2011,11,19,6,-11.4,927.6,6,130,74
2011,11,19,9,-11.6,928.1,7,260,62
2011,11,19,12,-11,927.4,NA,50,35
2011,11,19,15,-8.9,926.7,NA,60,25
2011,11,19,18,-9.7,926.1,NA,10,24
2011,11,19,21,-8.2,926,NA,90,31
2011,11,20,0,-10.5,925.9,NA,120,40
2011,11,20,3,-9.9,925.7,4,260,52
2011,11,20,6,-9.8,925.7,3,200,50
2011,11,20,9,-11.4,925.8,1,350,72
2011,11,20,12,-12.1,925.7,NA,NA,65
2011,11,20,15,-11.9,924.6,1,20,64
2011,11,20,18,-10.3,923.8,1,340,50
2011,11,20,21,-9.1,923.6,1,260,24
2011,11,21,0,-9.4,923.1,NA,210,32
2011,11,21,3,-10.7,922.1,NA,220,77
2011,11,21,6,-10.8,921.2,NA,210,77
2011,11,21,9,-11.3,920.7,NA,240,74
2011,11,21,12,-11.2,920.4,NA,30,66
2011,11,21,15,-11,919.7,NA,NA,44
2011,11,21,18,-9.1,919.8,NA,NA,50
2011,11,21,21,-8.8,920.3,3,150,60
2011,11,22,0,-7.8,920.9,2,240,45
2011,11,22,3,-7.6,921.1,6,230,27
2011,11,22,6,-7.9,921.3,3,210,28
2011,11,22,9,-9.2,921.4,2,350,40
2011,11,22,12,-8.6,921.2,1,330,30
2011,11,22,15,-8.4,920.4,2,320,31
2011,11,22,18,-8.1,919.7,NA,10,29
2011,11,22,21,-5.8,919,2,60,44
2011,11,23,0,-6.1,918.3,2,250,31
2011,11,23,3,-5.7,917.7,1,110,26
2011,11,23,6,-5.8,917.3,1,110,NA
2011,11,23,9,-6.1,917.3,2,250,27
2011,11,23,12,-7.4,917,5,250,29
2011,11,23,15,-8.4,916.5,NA,240,33
2011,11,23,18,-7.5,916.4,4,240,35
2011,11,23,21,-5.3,915.9,NA,220,NA
2011,11,24,0,-4.7,915.1,3,90,28
2011,11,24,3,-5.1,914,1,20,30
2011,11,24,6,-5.6,913.7,2,30,30
2011,11,24,9,-6.5,913.8,4,260,27
2011,11,24,12,-8.5,914,NA,240,40
2011,11,24,15,-8.5,914.5,NA,230,49
2011,11,24,18,-8,915.4,9,240,53
2011,11,24,21,-9.6,916.3,NA,230,81
2011,11,25,0,-9.1,918.2,NA,220,80
2011,11,25,3,-8.6,919,NA,230,76
2011,11,25,6,-9,921.3,NA,230,77
2011,11,25,9,-9.3,922.5,24,230,82
2011,11,25,12,-9.3,923.8,25,240,75
2011,11,25,15,-9.3,924.3,24,250,63
2011,11,25,18,-9.7,923.7,NA,230,74
2011,11,25,21,-8.2,923.8,NA,250,52
2011,11,26,0,-7.6,923,NA,230,42
2011,11,26,3,-7.5,921.4,NA,240,44
2011,11,26,6,-7.2,921.2,NA,240,63
2011,11,26,9,-8.4,921.5,NA,230,72
2011,11,26,12,-7,921.8,NA,240,61
2011,11,26,15,-7.6,921.3,NA,230,68
2011,11,26,18,-6.9,920.2,NA,240,45
2011,11,26,21,-5.9,919.1,NA,220,38
2011,11,27,0,-8.5,918,NA,240,67
2011,11,27,3,-9.3,917.5,NA,230,70
2011,11,27,6,-8.9,917.7,NA,250,66
2011,11,27,9,-8.7,919.7,NA,230,54
2011,11,27,12,-8.2,917.6,NA,230,44
2011,11,27,15,-8.1,917.1,35,250,43
2011,11,27,18,-6.7,912.8,NA,240,33
2011,11,27,21,-7.7,912.3,NA,230,59
2011,11,28,0,-7.8,913,NA,240,66
2011,11,28,3,-7,912.1,NA,NA,41
2011,11,28,6,-7.2,912.3,NA,NA,38
2011,11,28,9,-6.6,911.2,47,NA,38
2011,11,28,12,-7,912.6,NA,230,40
2011,11,28,15,-7.7,913.5,NA,220,72
2011,11,28,18,-7.4,914.4,NA,240,72
2011,11,28,21,-6.5,914.9,NA,240,50
2011,11,29,0,-5.9,915.1,NA,250,48
2011,11,29,3,-5.7,914.5,NA,50,69
2011,11,29,6,-7,912.9,NA,0,72
2011,11,29,9,-7.6,911.7,NA,10,76
2011,11,29,12,-7.5,910.6,NA,30,77
2011,11,29,15,-7.1,909.6,NA,80,76
2011,11,29,18,-7.5,909.4,NA,260,82
2011,11,29,21,-6.9,909.3,1,70,84
2011,11,30,0,-7.7,909.9,3,60,86
2011,11,30,3,-6.3,910.1,NA,220,71
2011,11,30,6,-7.5,910.8,4,220,61
2011,11,30,9,-7.9,911.6,2,40,80
2011,11,30,12,-8.6,912.3,NA,NA,83
2011,11,30,15,-9.9,912.4,NA,30,83
2011,11,30,18,-9.1,912.4,NA,110,84
2011,11,30,21,-7.9,912.2,3,80,85
2011,12,1,0,-7.2,911.2,3,100,83
2011,12,1,3,-7.5,910.1,2,210,86
2011,12,1,6,-8.1,909.3,2,230,86
2011,12,1,9,-9.3,908.4,NA,240,85
2011,12,1,12,-9.9,908.5,NA,230,84
2011,12,1,15,-10.1,907.7,NA,230,83
2011,12,1,18,-10.1,908.3,NA,230,84
2011,12,1,21,-8.8,909.1,NA,240,84
2011,12,2,0,-7.8,909.5,NA,230,86
2011,12,2,3,-8.1,909.2,NA,220,86
2011,12,2,6,-7.7,908.8,6,220,87
2011,12,2,9,-8.6,908.2,8,240,86
2011,12,2,12,-9.3,907.5,10,230,85
2011,12,2,15,-9.3,906.3,11,230,85
2011,12,2,18,-9,905.3,NA,240,85
2011,12,2,21,-7.8,905.1,NA,230,85
2011,12,3,0,-7.8,905.4,NA,230,80
2011,12,3,3,-6.8,905.7,NA,240,75
2011,12,3,6,-7.5,906.7,NA,230,83
2011,12,3,9,-8.2,907.4,NA,240,85
2011,12,3,12,-7.4,909.7,NA,230,62
2011,12,3,15,-7.5,911.3,NA,230,64
2011,12,3,18,-8.3,913.3,NA,230,69
2011,12,3,21,-8,914.8,NA,250,85
2011,12,4,0,-6.1,915.5,9,230,64
2011,12,4,3,-7.7,915.9,NA,230,80
2011,12,4,6,-7.4,916.5,NA,220,82
2011,12,4,9,-7.5,917.2,16,230,83
2011,12,4,12,-7,916.5,NA,240,60
2011,12,4,15,-7.1,917,NA,NA,62
2011,12,4,18,-7,917.6,NA,NA,69
2011,12,4,21,-6,919.3,NA,NA,66
2011,12,5,0,-6,919.2,NA,270,67
2011,12,5,3,-5.3,918.9,NA,60,75
2011,12,5,6,-4.2,918.5,2,240,56
2011,12,5,9,-5.4,918,2,310,51
2011,12,5,12,-5.1,917.5,2,330,46
2011,12,5,15,-5.7,916.7,4,270,44
2011,12,5,18,-4.7,916.3,NA,320,40
2011,12,5,21,-4.3,915.5,4,130,49
2011,12,6,0,-4.7,914.8,3,70,59
2011,12,6,3,-6.5,913.5,6,60,73
2011,12,6,6,-6.7,912.4,3,40,68
2011,12,6,9,-5.8,911.5,NA,320,63
2011,12,6,12,-7.3,910.5,3,240,65
2011,12,6,15,-8.2,909.5,NA,250,59
2011,12,6,18,-7.5,909.2,2,240,59
2011,12,6,21,-6.2,909.1,3,150,68
2011,12,7,0,-5.2,909.3,2,120,76
2011,12,7,3,-5.6,909.6,2,130,56
2011,12,7,6,-4.4,910.5,3,310,40
2011,12,7,9,-5,911,NA,NA,39
2011,12,7,12,-6.1,911.9,2,300,38
2011,12,7,15,-5.5,912.3,NA,NA,39
2011,12,7,18,-5.1,912.5,3,310,38
2011,12,7,21,-4.6,912.7,5,50,52
2011,12,8,0,-4.8,913.2,2,120,55
2011,12,8,3,-3.2,913.5,2,220,48
2011,12,8,6,-4.4,914,4,240,44
2011,12,8,9,-5.3,914.1,NA,250,51
2011,12,8,12,-6.6,914.3,6,240,51
2011,12,8,15,-6.6,914,6,230,48
2011,12,8,18,-7.3,913.8,9,240,60
2011,12,8,21,-5.3,914,NA,210,45
2011,12,9,0,-5.2,914.4,NA,230,48
2011,12,9,3,-5.3,914.2,NA,230,54
2011,12,9,6,-6.6,914.7,NA,240,64
2011,12,9,9,-6.5,914.6,NA,30,60
2011,12,9,12,-4.9,914.3,NA,270,48
2011,12,9,15,-5.5,913.1,3,10,47
2011,12,9,18,-3.9,912.1,2,200,51
2011,12,9,21,-5.8,911.4,3,200,71
2011,12,10,0,NA,911,1,150,79
2011,12,10,3,-3.9,910.8,2,30,58
2011,12,10,6,-6.2,911,NA,40,57
2011,12,10,9,-6.3,911.1,NA,30,48
2011,12,10,12,-7,911.5,7,20,48
2011,12,10,15,-6.6,911.7,NA,20,43
2011,12,10,18,-5.4,912,4,50,53
2011,12,10,21,-6.2,912.6,4,240,65
2011,12,11,0,-5.6,913.1,NA,40,62
2011,12,11,3,-7.4,913.2,3,30,78
2011,12,11,6,-7.3,913.6,5,40,86
2011,12,11,9,-8.3,914.3,6,0,86
2011,12,11,12,-8.5,915.5,2,240,85
2011,12,11,15,-8.9,916.3,2,340,85
2011,12,11,18,-7,917.6,4,150,86
2011,12,11,21,-6.1,919.5,3,90,86
2011,12,12,0,-6.3,920.6,4,20,86
2011,12,12,3,-7.5,921.1,NA,20,87
2011,12,12,6,-7.6,921.6,8,20,87
2011,12,12,9,-7.9,921,9,60,87
2011,12,12,12,-7.9,919.9,NA,20,87
2011,12,12,15,-8.6,918.3,NA,190,86
2011,12,12,18,-9.5,916.3,NA,230,86
2011,12,12,21,-8.7,913.8,NA,220,86
2011,12,13,0,-7.8,913.2,NA,230,72
2011,12,13,3,-8.3,912,NA,250,78
2011,12,13,6,-8.5,912.8,NA,240,86
2011,12,13,9,-8.4,913.4,35,250,84
2011,12,13,12,-8.7,915.3,NA,240,85
2011,12,13,15,-8.3,915.2,NA,NA,83
2011,12,13,18,-7.9,915.7,NA,NA,77
2011,12,13,21,-7.2,916.8,NA,250,75
2011,12,14,0,-7.2,917.8,NA,210,73
2011,12,14,3,-5.5,918.4,NA,180,71
2011,12,14,6,-5.2,919.3,NA,260,74
2011,12,14,9,-7,919.9,3,360,45
2011,12,14,12,-7.3,919.7,NA,10,53
2011,12,14,15,-6.6,919.2,NA,330,57
2011,12,14,18,-5.7,918.7,NA,180,58
2011,12,14,21,NA,918.2,1,210,77
2011,12,15,0,-6.6,917.7,4,150,87
2011,12,15,3,-6.7,917.3,NA,60,84
2011,12,15,6,-6.3,917.1,3,40,75
2011,12,15,9,-5.7,917.3,4,310,62
2011,12,15,12,NA,918.1,1,10,68
2011,12,15,15,-7.2,918.6,4,0,57
2011,12,15,18,-6.5,919.6,5,20,62
2011,12,15,21,-5,920.5,5,50,68
2011,12,16,0,-5.5,921.1,NA,70,NA
2011,12,16,3,-6.4,921.2,NA,70,87
2011,12,16,6,-6.6,921.3,NA,60,88
2011,12,16,9,-6.1,921.5,12,70,89
2011,12,16,12,-6.8,922,NA,50,88
2011,12,16,15,-8,921.7,NA,270,88
2011,12,16,18,-7.7,921.9,3,250,87
2011,12,16,21,-7.9,922,5,230,87
2011,12,17,0,-8.1,922.4,5,240,87
2011,12,17,3,-7.7,922.4,6,220,87
2011,12,17,6,-7.6,922.8,NA,230,83
2011,12,17,9,-7.7,923.3,NA,240,86
2011,12,17,12,-7.5,923.5,13,230,87
2011,12,17,15,-8.1,924,NA,220,87
2011,12,17,18,-7.5,924.8,9,230,87
2011,12,17,21,-7.4,925.8,9,220,88
2011,12,18,0,-7.5,926.1,NA,220,87
2011,12,18,3,-7.7,927.2,NA,220,87
2011,12,18,6,-8.9,928.3,NA,240,87
2011,12,18,9,-9.5,928.8,NA,NA,86
2011,12,18,12,-9.2,928.5,NA,NA,85
2011,12,18,15,-7.9,925.5,NA,NA,60
2011,12,18,18,-7.6,926.8,NA,NA,49
2011,12,18,21,-8.5,927.2,NA,230,49
2011,12,19,0,-8.1,926.2,NA,250,51
2011,12,19,3,-6.7,924.4,NA,30,61
2011,12,19,6,-8.1,922.6,NA,60,75
2011,12,19,9,-6.4,923.1,NA,250,55
2011,12,19,12,-6.3,923.5,NA,220,31
2011,12,19,15,-8.5,924.8,NA,220,55
2011,12,19,18,-8.4,925.6,NA,230,55
2011,12,19,21,-9.6,927,NA,240,84
2011,12,20,0,-7,927.1,NA,30,77
2011,12,20,3,-8,924.7,NA,30,68
2011,12,20,6,-6.1,922.4,NA,210,74
2011,12,20,9,-5.5,920.1,NA,210,48
2011,12,20,12,NA,917.8,1,40,29
2011,12,20,15,-4.2,914.4,NA,30,23
2011,12,20,18,-4.3,912.3,NA,20,NA
2011,12,20,21,-5.9,911.3,NA,40,42
2011,12,21,0,-7,912.1,6,60,86
2011,12,21,3,-7.2,912.8,NA,240,94
2011,12,21,6,-7.2,913.5,NA,100,93
2011,12,21,9,-7,914.1,NA,220,83
2011,12,21,12,-7.3,914.5,NA,170,74
2011,12,21,15,-7.6,914.8,NA,210,89
2011,12,21,18,-7.6,915.1,NA,220,86
2011,12,21,21,-7.3,916.5,NA,230,86
2011,12,22,0,-6.6,917,NA,220,85
2011,12,22,3,-7.1,919.7,NA,200,90
2011,12,22,6,-7.2,922.2,NA,210,89
2011,12,22,9,-7.7,923.2,17,230,86
2011,12,22,12,-6.7,923.2,NA,NA,81
2011,12,22,15,-7.1,923.4,NA,NA,88
2011,12,22,18,-7.2,924.6,NA,NA,93
2011,12,22,21,-5.9,926,NA,250,76
2011,12,23,0,-5.8,926.3,NA,100,93
2011,12,23,3,-6.2,923.9,NA,360,86
2011,12,23,6,-5.7,922.6,NA,360,89
2011,12,23,9,-3.4,920.8,NA,210,52
2011,12,23,12,-3.3,919.4,NA,280,36
2011,12,23,15,NA,918.2,1,230,29
2011,12,23,18,NA,918.4,1,260,28
2011,12,23,21,-2.7,919.3,NA,240,40
2011,12,24,0,-4.5,920,NA,240,54
2011,12,24,3,-4.1,920.7,NA,230,51
2011,12,24,6,-3.8,921.4,14,240,44
2011,12,24,9,-3.4,922.1,NA,220,38
2011,12,24,12,-3.8,922.9,NA,240,38
2011,12,24,15,NA,923.2,1,220,35
2011,12,24,18,NA,923.8,1,140,40
2011,12,24,21,-3.1,924.8,3,120,47
2011,12,25,0,-2.8,925.4,3,50,53
2011,12,25,3,NA,925.5,1,40,58
2011,12,25,6,-2.3,925.8,NA,NA,57
2011,12,25,9,-4.1,925.7,3,80,44
2011,12,25,12,-4.4,925.5,2,30,40
2011,12,25,15,NA,924.7,1,330,38
2011,12,25,18,-2.1,924.3,2,60,54
2011,12,25,21,-1.4,923.7,5,40,NA
2011,12,26,0,0.1,923.4,2,30,40
2011,12,26,3,NA,923,1,10,33
2011,12,26,6,1.7,923.1,2,250,29
2011,12,26,9,1.4,923.4,3,20,18
2011,12,26,12,NA,924.1,1,360,17
2011,12,26,15,NA,924.4,1,250,17
2011,12,26,18,NA,924.5,1,0,18
2011,12,26,21,0.5,924.8,NA,20,25
2011,12,27,0,0.3,924.3,NA,20,32
2011,12,27,3,2.7,923.8,NA,340,28
2011,12,27,6,1.8,923.4,NA,230,23
2011,12,27,9,1.6,923.1,NA,240,28
2011,12,27,12,2.5,923.3,NA,270,29
2011,12,27,15,-0.2,923,NA,250,26
2011,12,27,18,-0.1,922.9,NA,250,27
2011,12,27,21,0.7,923.5,9,250,33
2011,12,28,0,0.5,924.1,10,240,28
2011,12,28,3,1.9,924.2,NA,260,22
2011,12,28,6,0.5,924,NA,70,25
2011,12,28,9,0.1,924.2,4,350,23
2011,12,28,12,NA,924,1,210,25
2011,12,28,15,-1.5,923.4,NA,230,36
2011,12,28,18,-3,923.2,NA,230,38
2011,12,28,21,NA,923,11,250,78
2011,12,29,0,-7.8,923.3,NA,190,92
2011,12,29,3,-6.3,922.7,NA,80,94
2011,12,29,6,-3.2,922.2,3,230,91
2011,12,29,9,-4.6,922.3,3,250,78
2011,12,29,12,NA,922.1,NA,220,37
2011,12,29,15,-0.1,921.6,NA,230,37
2011,12,29,18,-1.5,921.2,NA,230,42
2011,12,29,21,-1.7,921.2,NA,230,42
2011,12,30,0,0,921.4,NA,240,38
2011,12,30,3,0.7,921,11,250,33
2011,12,30,6,1.2,920.8,NA,250,31
2011,12,30,9,0.9,920.1,NA,240,31
2011,12,30,12,0.4,920.4,NA,260,29
2011,12,30,15,0.2,919.8,NA,240,35
2011,12,30,18,-0.3,920,NA,230,38
2011,12,30,21,-1,919.5,NA,230,37
2011,12,31,0,-3,919.4,NA,230,50
2011,12,31,3,-2.4,918.7,14,210,49
2011,12,31,6,-2.4,918.6,NA,240,51
2011,12,31,9,-1.6,918.7,NA,250,43
2011,12,31,12,-3.4,918.2,NA,230,52
2011,12,31,15,-2.6,917.7,NA,10,49
2011,12,31,18,-2.2,917.4,4,350,46
2011,12,31,21,-1.2,917.5,2,120,62
2012,1,1,0,-2.5,917.7,5,50,53
2012,1,1,3,-0.3,917.8,3,340,46
2012,1,1,6,-2.8,918.2,6,10,57
2012,1,1,9,-1.5,918.6,NA,350,46
2012,1,1,12,-2.1,918.9,6,340,38
2012,1,1,15,-1.4,918.5,2,290,32
2012,1,1,18,-1.6,919.3,2,210,41
2012,1,1,21,-1.7,919.8,2,250,70
2012,1,2,0,-5.4,921.1,3,40,94
2012,1,2,3,-6.3,922.1,4,240,95
2012,1,2,6,-5.7,922.9,3,140,94
2012,1,2,9,-6.1,923.5,5,160,95
2012,1,2,12,-6.8,923.7,7,200,94
2012,1,2,15,-7.1,923.4,4,230,94
2012,1,2,18,-6.7,923.3,NA,230,94
2012,1,2,21,-5.9,923.1,2,40,94
2012,1,3,0,-4.5,923.1,4,180,82
2012,1,3,3,-5.3,922.5,3,230,85
2012,1,3,6,-5.9,922.1,3,230,92
2012,1,3,9,-6.5,921.7,NA,220,94
2012,1,3,12,-6.7,921.3,NA,230,94
2012,1,3,15,-7,920.6,NA,220,94
2012,1,3,18,-7,920.9,NA,220,94
2012,1,3,21,-6.1,920.8,NA,220,95
2012,1,4,0,-6.1,920.8,NA,200,95
2012,1,4,3,-5.8,921,6,220,95
2012,1,4,6,-6.9,920.8,10,230,95
2012,1,4,9,-6.9,920.8,NA,230,94
2012,1,4,12,-6.3,920.5,NA,240,88
2012,1,4,15,-6.9,920.8,NA,250,85
2012,1,4,18,-7.3,920.5,NA,240,88
2012,1,4,21,-7,920.5,NA,250,90
2012,1,5,0,-5.2,920.4,NA,230,83
2012,1,5,3,-5.3,919.1,6,230,84
2012,1,5,6,-5.7,918.1,7,250,84
2012,1,5,9,-7.1,917.2,8,230,84
2012,1,5,12,-7.2,916.5,4,250,82
2012,1,5,15,-7.7,915,7,240,92
2012,1,5,18,-7.6,914.5,4,260,94
2012,1,5,21,-6.2,914.2,NA,220,82
2012,1,6,0,-6.2,914.2,4,230,81
2012,1,6,3,-5.8,914,4,230,78
2012,1,6,6,-5.8,914.1,8,240,69
2012,1,6,9,-6.2,914.4,8,250,56
2012,1,6,12,-7.7,914.8,7,290,49
2012,1,6,15,-6.9,914.4,NA,310,44
2012,1,6,18,-5.4,913.9,NA,290,40
2012,1,6,21,-4,913.4,3,120,51
2012,1,7,0,-3.8,913.2,3,60,50
2012,1,7,3,-3.8,912.5,3,50,48
2012,1,7,6,-4.3,912.5,5,10,42
2012,1,7,9,-3.6,912.7,4,280,31
2012,1,7,12,-6,913.2,5,360,32
2012,1,7,15,-6.6,913.2,7,270,30
2012,1,7,18,-6.2,913.6,6,250,37
2012,1,7,21,-4.4,914.2,3,220,31
2012,1,8,0,-3.2,914.6,NA,220,33
2012,1,8,3,-3.7,915,2,170,29
2012,1,8,6,-5.4,915.6,2,30,41
2012,1,8,9,-5,916.6,NA,330,37
2012,1,8,12,-5.7,917.5,NA,270,30
2012,1,8,15,-5.9,918.1,6,280,31
2012,1,8,18,-5.1,919.3,4,260,34
2012,1,8,21,-4.4,920.7,6,230,31
2012,1,9,0,-4.1,922.6,NA,230,29
2012,1,9,3,-3.5,924.3,9,200,36
2012,1,9,6,-2.1,926.4,NA,220,41
2012,1,9,9,-2.1,928.2,5,360,38
2012,1,9,12,-1.3,929.1,NA,300,35
2012,1,9,15,-1,928.7,NA,10,28
2012,1,9,18,-0.5,929.1,NA,240,27
2012,1,9,21,0.2,930.1,NA,150,33
2012,1,10,0,0.5,930,NA,130,30
2012,1,10,3,0.7,929.9,NA,240,29
2012,1,10,6,0.8,930.8,NA,220,38
2012,1,10,9,-1.8,930.4,NA,20,30
2012,1,10,12,-1.3,929.5,NA,20,26
2012,1,10,15,-1,928.5,NA,40,25
2012,1,10,18,-0.9,928.3,NA,70,26
2012,1,10,21,NA,928.2,NA,120,22
2012,1,11,0,-2.3,927.5,NA,230,42
2012,1,11,3,-2.2,927,NA,230,48
2012,1,11,6,-3.5,927.5,NA,260,73
2012,1,11,9,-2.4,927.4,NA,240,62
2012,1,11,12,-2.2,927.5,NA,240,52
2012,1,11,15,-3.5,926.8,NA,360,63
2012,1,11,18,-3.4,926.6,2,330,87
2012,1,11,21,-4.2,926,6,30,95
2012,1,12,0,-1.2,925.1,4,70,90
2012,1,12,3,-2.1,924.2,2,220,92
2012,1,12,6,-2.9,923.1,NA,230,90
2012,1,12,9,-3.5,922.4,4,220,92
2012,1,12,12,-4,921.9,NA,240,78
2012,1,12,15,-3.6,921.7,NA,230,80
2012,1,12,18,-2.9,921.7,NA,NA,57
2012,1,12,21,-2.5,920.7,NA,NA,68
2012,1,13,0,-4.1,922.5,NA,NA,NA
2012,1,13,3,-4,923.4,NA,NA,91
2012,1,13,6,-6.2,924,NA,240,94
2012,1,13,9,-5.1,924.7,NA,60,92
2012,1,13,12,-4.7,924.5,NA,20,84
2012,1,13,15,-5.4,923.4,NA,20,89
2012,1,13,18,-5.6,922.7,NA,40,94
2012,1,13,21,-4.8,922.5,NA,60,96
2012,1,14,0,-4.2,922.7,NA,250,96
2012,1,14,3,-4,922.5,5,70,96
2012,1,14,6,-4,922.3,3,170,96
2012,1,14,9,-4.7,921.6,NA,220,96
2012,1,14,12,-5.2,921.8,NA,190,96
2012,1,14,15,-5.7,921.9,NA,10,96
2012,1,14,18,-3.6,921.4,3,140,96
2012,1,14,21,-5,920.9,3,10,96
2012,1,15,0,-5,920.8,4,10,96
2012,1,15,3,-4.3,920.2,3,280,97
2012,1,15,6,-4.8,920.1,3,220,96
2012,1,15,9,-5.3,920,NA,240,96
2012,1,15,12,-5.2,919.6,NA,240,96
2012,1,15,15,-5.1,919.4,10,240,96
2012,1,15,18,-5.2,919.4,NA,230,96
2012,1,15,21,-5.1,919.1,NA,220,95
2012,1,16,0,-5.1,920.1,NA,220,96
2012,1,16,3,-5.2,919.4,NA,240,96
2012,1,16,6,-5.5,918.8,NA,240,96
2012,1,16,9,-5.7,918.7,NA,240,96
2012,1,16,12,-5.3,920.8,NA,230,91
2012,1,16,15,-5.6,920.8,NA,240,96
2012,1,16,18,-5.8,921.3,NA,230,96
2012,1,16,21,-5.7,921.4,26,230,95
2012,1,17,0,-5.7,921.4,NA,230,96
2012,1,17,3,-6.2,921.1,NA,220,96
2012,1,17,6,-6.4,922.2,NA,230,96
2012,1,17,9,-6.8,923,NA,220,96
2012,1,17,12,-7,922.8,NA,250,96
2012,1,17,15,-6.9,922.6,NA,250,96
2012,1,17,18,-5.8,921.9,NA,80,96
2012,1,17,21,-6.1,921.3,4,70,96
2012,1,18,0,-5.2,920.2,3,60,96
2012,1,18,3,-5.2,919.6,5,30,96
2012,1,18,6,-5.2,918.8,4,60,97
2012,1,18,9,-5.1,918.4,3,70,97
2012,1,18,12,-6.4,918.4,NA,NA,96
2012,1,18,15,-6.8,917.9,NA,NA,96
2012,1,18,18,NA,917.9,1,80,96
2012,1,18,21,NA,918.4,1,130,97
2012,1,19,0,-6.1,919.1,2,270,96
2012,1,19,3,-4.1,919.4,NA,NA,97
2012,1,19,6,-5.4,919.9,3,220,97
2012,1,19,9,-6.7,920,NA,240,96
2012,1,19,12,-7.8,920.3,NA,250,95
2012,1,19,15,-7.3,920,9,250,95
2012,1,19,18,-7.2,920,NA,240,92
2012,1,19,21,-6.8,920.1,NA,240,93
2012,1,20,0,-5.3,920.3,4,210,93
2012,1,20,3,-5.8,920.2,6,130,96
2012,1,20,6,-5.4,919.8,3,150,97
2012,1,20,9,-5.8,919.7,NA,80,97
2012,1,20,12,-6.6,919.6,NA,40,96
2012,1,20,15,-7.1,919,NA,360,96
2012,1,20,18,-6.9,918.6,3,10,96
2012,1,20,21,-6.1,918.2,2,40,96
2012,1,21,0,NA,918.5,1,60,97
2012,1,21,3,NA,918.2,1,90,97
2012,1,21,6,-5.8,918.2,NA,NA,97
2012,1,21,9,-6.3,918,2,230,96
2012,1,21,12,-6.1,918.2,NA,NA,96
2012,1,21,15,-5.9,917.9,NA,NA,97
2012,1,21,18,-6.2,917.6,NA,NA,96
2012,1,21,21,-5.4,917.7,NA,NA,97
2012,1,22,0,NA,917.4,1,220,97
2012,1,22,3,NA,917,1,230,97
2012,1,22,6,-5.5,916.6,NA,NA,97
2012,1,22,9,-7.4,916.1,NA,NA,96
2012,1,22,12,-7.2,915.4,NA,NA,96
2012,1,22,15,-7.8,914.6,NA,NA,96
2012,1,22,18,-7.7,914.1,2,220,96
2012,1,22,21,-7.6,913.8,2,230,95
2012,1,23,0,-8,913.3,NA,NA,94
2012,1,23,3,-7.8,912.6,NA,NA,90
2012,1,23,6,-7.7,912.6,NA,NA,89
2012,1,23,9,-7.8,912.2,24,240,82
2012,1,23,12,-7.6,912.1,24,NA,75
2012,1,23,15,-7.5,911,28,NA,71
2012,1,23,18,-6.9,910,26,NA,58
2012,1,23,21,-6.9,909.5,NA,NA,61
2012,1,24,0,-6.8,909,NA,230,NA
2012,1,24,3,-6.4,908.4,NA,240,84
2012,1,24,6,-7.2,908.5,NA,250,94
2012,1,24,9,-7.7,906.5,NA,250,95
2012,1,24,12,-6.2,911.3,NA,230,96
2012,1,24,15,-6.8,911.8,NA,220,96
2012,1,24,18,-8.2,913.3,NA,220,95
2012,1,24,21,-8.9,913.6,NA,230,95
2012,1,25,0,-8.7,913.4,NA,230,95
2012,1,25,3,-9.1,912.2,NA,240,95
2012,1,25,6,-9.5,913,NA,NA,94
2012,1,25,9,-9.5,912.6,48,NA,90
2012,1,25,12,-9.7,915.3,NA,NA,92
2012,1,25,15,-10,916.8,NA,NA,86
2012,1,25,18,-10.3,918,NA,230,81
2012,1,25,21,-9.6,918.8,NA,220,90
2012,1,26,0,-9.9,919.3,NA,230,88
2012,1,26,3,-9.7,919,16,220,93
2012,1,26,6,-9.6,919.2,NA,240,88
2012,1,26,9,-10,919.2,12,250,78
2012,1,26,12,-10.2,919.3,NA,240,73
2012,1,26,15,-10.1,918.9,NA,270,76
2012,1,26,18,-10.2,918.3,6,240,68
2012,1,26,21,-9.6,918.2,NA,220,65
2012,1,27,0,-9,917.6,9,210,68
2012,1,27,3,-9.5,916.6,NA,220,69
2012,1,27,6,-9,915.8,NA,230,63
2012,1,27,9,-10,915.4,NA,240,56
2012,1,27,12,-9.4,915.7,NA,240,59
2012,1,27,15,-9.5,915.9,23,240,51
2012,1,27,18,-9.5,916.5,22,250,49
2012,1,27,21,-9,916.6,NA,240,52
2012,1,28,0,-8.6,917.1,21,240,59
2012,1,28,3,-8.2,916.5,24,230,58
2012,1,28,6,-8.2,916.2,NA,230,54
2012,1,28,9,-8.6,916,23,NA,56
2012,1,28,12,-8.8,916.5,NA,NA,53
2012,1,28,15,-9,917,NA,NA,50
2012,1,28,18,-9,917.4,NA,280,44
2012,1,28,21,-7.3,917.6,NA,160,60
2012,1,29,0,-7,917.4,3,80,62
2012,1,29,3,-6.9,916.6,4,90,63
2012,1,29,6,-7.9,915.5,NA,50,69
2012,1,29,9,-7.6,914.6,NA,310,65
2012,1,29,12,-9.5,913.3,NA,250,59
2012,1,29,15,-10.2,912.3,NA,270,57
2012,1,29,18,-9,911.6,NA,340,44
2012,1,29,21,-8,911.2,NA,250,46
2012,1,30,0,-8.6,910.9,3,110,50
2012,1,30,3,-6.5,910.8,3,260,29
2012,1,30,6,NA,910.9,1,100,63
2012,1,30,9,-9,911,4,20,42
2012,1,30,12,-8.6,911.1,3,20,29
2012,1,30,15,-9.1,911.4,2,20,37
2012,1,30,18,-7.9,911.7,4,30,83
2012,1,30,21,-6.8,912.3,4,160,76
2012,1,31,0,-6.6,912.4,NA,70,71
2012,1,31,3,-7.4,912.5,NA,60,82
2012,1,31,6,-7.2,912.2,NA,40,86
2012,1,31,9,-7.7,911.9,NA,280,84
2012,1,31,12,-9.2,911.2,NA,250,93
2012,1,31,15,-10,910.3,NA,240,93
2012,1,31,18,-10.3,910,NA,250,93
2012,1,31,21,-9.2,910.2,NA,200,94
2012,2,1,0,-9.2,909.6,NA,230,94
2012,2,1,3,-9,909.3,3,260,94
2012,2,1,6,-9.4,908.9,NA,270,94
2012,2,1,9,-9.5,909,NA,350,71
2012,2,1,12,-9.4,909.5,NA,270,38
2012,2,1,15,-10.2,910.1,NA,250,48
2012,2,1,18,-10.4,911,NA,240,93
2012,2,1,21,-10.7,911.9,NA,250,92
2012,2,2,0,-10.2,912.6,NA,240,65
2012,2,2,3,-9.8,912.8,NA,230,87
2012,2,2,6,-9.8,913.5,NA,240,81
2012,2,2,9,-9.3,913.6,NA,240,55
2012,2,2,12,-10,914.4,20,250,50
2012,2,2,15,-10.1,915,NA,260,54
2012,2,2,18,-8.6,915.4,NA,260,52
2012,2,2,21,-7,915.8,NA,140,55
2012,2,3,0,-7.4,916,2,100,70
2012,2,3,3,-7.5,915.7,4,30,78
2012,2,3,6,-7.8,915.1,NA,10,59
2012,2,3,9,-7.9,914.9,3,250,46
2012,2,3,12,-9,914.5,6,260,42
2012,2,3,15,-9.6,913.8,3,290,37
2012,2,3,18,-7.5,912.9,3,360,33
2012,2,3,21,-6.3,912.5,7,70,44
2012,2,4,0,-5.4,911.6,NA,40,55
2012,2,4,3,-5.1,911,4,270,43
2012,2,4,6,-7.4,911.3,NA,240,44
2012,2,4,9,-6.8,912.8,NA,10,33
2012,2,4,12,-6.8,914.2,NA,340,30
2012,2,4,15,-9.4,915.6,NA,30,34
2012,2,4,18,-7.2,915.9,NA,220,46
2012,2,4,21,NA,915.5,1,250,36
2012,2,5,0,-7.8,914.9,NA,250,NA
2012,2,5,3,-8.5,914,NA,230,86
2012,2,5,6,-7.8,914.4,NA,230,80
2012,2,5,9,-9.4,916.3,18,230,88
2012,2,5,12,-10.4,917.4,NA,240,87
2012,2,5,15,-9.8,918,NA,240,87
2012,2,5,18,-9.7,918.2,12,230,80
2012,2,5,21,-10.1,919,11,240,91
2012,2,6,0,-9.9,920,NA,220,93
2012,2,6,3,-9.6,921,NA,240,90
2012,2,6,6,-9.3,921.8,NA,240,92
2012,2,6,9,-8.8,924.3,NA,250,79
2012,2,6,12,-9.2,929.5,NA,240,85
2012,2,6,15,-9.2,930.4,NA,360,76
2012,2,6,18,-9.4,931.6,NA,250,90
2012,2,6,21,-8.5,932.7,NA,260,82
2012,2,7,0,-7.2,933.3,5,250,82
2012,2,7,3,-8.4,933.5,NA,250,92
2012,2,7,6,-7.7,933.2,9,220,89
2012,2,7,9,-8.2,932.9,7,220,91
2012,2,7,12,-8.2,932.8,NA,250,83
2012,2,7,15,-9.9,931.6,NA,230,92
2012,2,7,18,-9.6,931.4,NA,250,92
2012,2,7,21,-8.5,931,NA,250,80
2012,2,8,0,-6.8,930.3,NA,240,54
2012,2,8,3,-4.2,929.6,2,310,41
2012,2,8,6,-5.4,929.4,2,210,36
2012,2,8,9,-5.7,929.4,4,180,32
2012,2,8,12,-5.9,929.1,4,340,29
2012,2,8,15,-6,928.5,2,360,26
2012,2,8,18,-5.5,927.9,6,100,42
2012,2,8,21,-4.8,926.8,NA,130,40
2012,2,9,0,-6.1,926,NA,50,62
2012,2,9,3,-6.8,924.9,NA,40,93
2012,2,9,6,-7,924.9,10,20,93
2012,2,9,9,-7.1,925.3,NA,260,46
2012,2,9,12,-9,925.8,NA,250,NA
2012,2,9,15,-8.4,925.9,NA,270,69
2012,2,9,18,-8.9,926.3,NA,240,71
2012,2,9,21,-8.4,927.3,NA,240,81
2012,2,10,0,-8.5,927.9,NA,230,NA
2012,2,10,3,-8.3,928.1,NA,230,90
2012,2,10,6,-8.9,927.5,NA,260,93
2012,2,10,9,-8.3,927.1,NA,170,94
2012,2,10,12,-8.9,926,3,110,94
2012,2,10,15,NA,924.8,1,110,94
2012,2,10,18,-9.7,923.4,2,270,94
2012,2,10,21,-9.4,921.9,NA,250,94
2012,2,11,0,-9.6,921,6,250,94
2012,2,11,3,-9.7,919.3,NA,260,94
2012,2,11,6,-9.9,918.2,10,260,94
2012,2,11,9,-10.1,916.9,7,260,93
2012,2,11,12,-10.2,916.5,NA,290,93
2012,2,11,15,-11.3,915.7,4,320,92
2012,2,11,18,-10.1,915.7,NA,250,82
2012,2,11,21,-10,916.1,NA,240,84
2012,2,12,0,-9.4,916.6,NA,220,81
2012,2,12,3,-9.3,917.1,NA,230,91
2012,2,12,6,-10.2,918.6,NA,240,93
2012,2,12,9,-9.8,920.8,23,NA,82
2012,2,12,12,-9.1,923.2,NA,NA,84
2012,2,12,15,-9.2,925.2,NA,NA,80
2012,2,12,18,-9.1,927.4,NA,230,86
2012,2,12,21,-8.7,930,26,NA,88
2012,2,13,0,-8.8,932.5,23,NA,93
2012,2,13,3,-8.3,934.2,22,NA,91
2012,2,13,6,-8.1,935.6,21,NA,90
2012,2,13,9,-8.5,936.3,NA,220,92
2012,2,13,12,-7.8,937.2,25,240,86
2012,2,13,15,-7.4,937.4,25,240,85
2012,2,13,18,-6.5,937.2,NA,240,87
2012,2,13,21,-7.6,938,NA,230,94
2012,2,14,0,-6,939.2,NA,240,94
2012,2,14,3,-6,940,NA,230,92
2012,2,14,6,-6.9,940.3,NA,230,96
2012,2,14,9,-6.8,940.6,NA,240,96
2012,2,14,12,-7.5,939.9,NA,230,95
2012,2,14,15,-8.1,938.9,7,230,95
2012,2,14,18,-8.2,939.2,5,240,95
2012,2,14,21,-7.9,939.3,3,240,95
2012,2,15,0,-8.9,938.7,4,230,95
2012,2,15,3,-9.6,938.9,3,200,94
2012,2,15,6,-9.8,938.8,4,180,94
2012,2,15,9,-10.5,938.6,2,190,94
2012,2,15,12,-11.2,937.6,NA,NA,93
2012,2,15,15,-12.3,937,NA,NA,92
2012,2,15,18,-10.8,936.4,2,230,93
2012,2,15,21,-10.3,935.9,NA,NA,86
2012,2,16,0,-8.9,934.7,NA,NA,88
2012,2,16,3,NA,934,1,70,92
2012,2,16,6,-10.2,933.3,2,20,82
2012,2,16,9,NA,933.1,1,70,81
2012,2,16,12,-11.1,933.1,3,250,93
2012,2,16,15,-12,932.5,4,240,90
2012,2,16,18,-12.1,931.3,NA,NA,92
2012,2,16,21,-12.8,928.7,NA,NA,91
2012,2,17,0,-12.9,927,NA,NA,90
2012,2,17,3,-12.7,926.6,NA,NA,91
2012,2,17,6,-12.4,925.2,43,NA,92
2012,2,17,9,-12.9,924.2,NA,240,92
2012,2,17,12,-12.6,922.7,45,240,91
2012,2,17,15,-13.1,921.7,41,NA,89
2012,2,17,18,-13.5,921.4,NA,NA,91
2012,2,17,21,-14,919.8,42,230,90
2012,2,18,0,-13.8,919.9,NA,230,90
2012,2,18,3,-13.7,919,39,230,90
2012,2,18,6,-13.6,916.1,NA,240,87
2012,2,18,9,-13.8,912.9,NA,230,90
2012,2,18,12,-12.9,910.4,NA,240,89
2012,2,18,15,-11.6,911.1,NA,240,90
2012,2,18,18,-9.6,912.2,59,250,92
2012,2,18,21,-8.1,916.6,NA,250,95
2012,2,19,0,-5.6,920,NA,260,NA
2012,2,19,3,-5.2,923.4,NA,230,96
2012,2,19,6,-4.5,925.1,NA,190,97
2012,2,19,9,-4.6,927.5,NA,190,97
2012,2,19,12,-4.8,928.6,NA,210,97
2012,2,19,15,-5.2,927.1,NA,230,97
2012,2,19,18,-5.1,925,NA,NA,97
2012,2,19,21,-5.2,921.8,NA,NA,97
2012,2,20,0,-5.1,922.9,NA,NA,97
2012,2,20,3,-4.7,921.9,23,NA,97
2012,2,20,6,-4.5,920.3,23,240,97
2012,2,20,9,-4.6,920.7,19,230,98
2012,2,20,12,-4.5,920.7,NA,220,98
2012,2,20,15,-4.3,919.2,NA,230,98
2012,2,20,18,-3.8,917.6,NA,240,98
2012,2,20,21,-4.2,918.9,15,230,98
2012,2,21,0,-3.2,918,13,240,98
2012,2,21,3,-5.1,916.9,NA,230,98
2012,2,21,6,-5.7,916.7,NA,240,97
2012,2,21,9,-6.4,919.4,NA,240,97
2012,2,21,12,-7.8,921.1,NA,240,97
2012,2,21,15,-8.2,922.5,NA,230,96
2012,2,21,18,-7.6,922.7,NA,220,96
2012,2,21,21,-8.5,922.8,NA,230,96
2012,2,22,0,-8.9,922.9,NA,230,96
2012,2,22,3,-9.2,922.5,NA,220,94
2012,2,22,6,-9.5,924.1,NA,230,95
2012,2,22,9,-9.8,925,NA,300,89
2012,2,22,12,-10.9,924.6,NA,20,94
2012,2,22,15,-9.6,923.9,NA,70,91
2012,2,22,18,-9.5,923.7,NA,20,94
2012,2,22,21,-8.9,924.1,NA,50,91
2012,2,23,0,-8.8,924.2,NA,270,96
2012,2,23,3,-8.9,924.2,2,190,96
2012,2,23,6,-9.2,923.7,4,160,96
2012,2,23,9,-9.4,923.2,4,60,96
2012,2,23,12,-9.2,922,NA,40,96
2012,2,23,15,-9,920.2,NA,30,96
2012,2,23,18,-9.5,918.3,NA,30,95
2012,2,23,21,-8.1,917.3,12,20,89
2012,2,24,0,-8.4,916.5,NA,330,NA
2012,2,24,3,-8.3,915.9,NA,240,91
2012,2,24,6,-9.5,915.6,NA,240,95
2012,2,24,9,-10.1,916.8,NA,250,95
2012,2,24,12,-9.7,917.9,NA,240,95
2012,2,24,15,-9.3,918.9,10,240,95
2012,2,24,18,-9.5,919.9,6,260,95
2012,2,24,21,-8.2,921.2,NA,260,96
2012,2,25,0,-8.4,922.4,3,240,96
2012,2,25,3,-8.2,923,4,250,96
2012,2,25,6,-9,924,6,240,96
2012,2,25,9,-9.1,925.1,7,240,96
2012,2,25,12,-9.9,926.2,7,240,95
2012,2,25,15,-9.8,927.4,NA,220,95
2012,2,25,18,-10.3,928,3,220,95
2012,2,25,21,-10.9,928.3,NA,230,95
2012,2,26,0,-11.5,928.4,NA,240,94
2012,2,26,3,-12.1,929.2,5,230,94
2012,2,26,6,-12.1,929.9,5,240,94
2012,2,26,9,-13,931,5,230,93
2012,2,26,12,-12.4,931.9,NA,NA,93
2012,2,26,15,-11.7,932.3,NA,NA,94
2012,2,26,18,-11.3,933,NA,NA,94
2012,2,26,21,NA,933.1,1,40,95
2012,2,27,0,-9.7,932.2,2,40,95
2012,2,27,3,-9,930.3,NA,NA,96
2012,2,27,6,-8.7,927.6,NA,NA,96
2012,2,27,9,NA,922.9,1,250,95
2012,2,27,12,NA,918.5,1,240,94
2012,2,27,15,NA,917,1,230,95
2012,2,27,18,-10.7,917.1,2,230,95
2012,2,27,21,-11.6,920.9,3,240,94
2012,2,28,0,-11.5,923.1,NA,NA,94
2012,2,28,3,-11,924.3,NA,NA,95
2012,2,28,6,-11.3,925.3,NA,NA,94
2012,2,28,9,-11.2,926.3,4,220,94
2012,2,28,12,-12,927.5,NA,230,94
2012,2,28,15,-12.9,929.5,NA,0,93
2012,2,28,18,-12.3,930,NA,0,93
2012,2,28,21,-11.4,928.7,NA,NA,94
2012,2,29,0,-10.7,927.1,NA,NA,95
2012,2,29,3,-9.3,925.5,NA,240,69
2012,2,29,6,-7.2,925.8,NA,210,29
2012,2,29,9,NA,925.6,NA,240,92
2012,2,29,12,NA,929,NA,260,77
2012,2,29,15,-14.3,929.6,NA,10,76
2012,2,29,18,-13.1,930.3,NA,360,80
2012,2,29,21,-11.6,929.5,NA,350,93
2012,3,1,0,-10,928.5,NA,20,84
2012,3,1,3,-9.9,927.6,NA,40,88
2012,3,1,6,-9.7,927.4,NA,40,95
2012,3,1,9,-10,927.5,NA,270,91
2012,3,1,12,-10.4,927.1,7,270,95
2012,3,1,15,-12.5,926.1,NA,230,93
2012,3,1,18,-12.9,926.1,NA,240,93
2012,3,1,21,-13.7,926.4,NA,220,93
2012,3,2,0,-14.3,926.6,22,230,92
2012,3,2,3,-14.7,926.5,NA,230,92
2012,3,2,6,-14.9,926,NA,230,91
2012,3,2,9,-14.7,926.2,NA,240,91
2012,3,2,12,-14,926.7,NA,230,89
2012,3,2,15,-14.1,926.5,NA,250,87
2012,3,2,18,-13,929.4,NA,240,90
2012,3,2,21,-13.7,931,NA,240,92
2012,3,3,0,-13.3,930.8,NA,220,93
2012,3,3,3,-12.5,929.9,NA,20,93
2012,3,3,6,-13.5,929,5,250,93
2012,3,3,9,-13.6,928.4,NA,250,93
2012,3,3,12,-13.6,927.7,4,240,92
2012,3,3,15,-15,926.8,NA,220,92
2012,3,3,18,-16,926.4,NA,NA,91
2012,3,3,21,-16.1,927.2,NA,NA,90
2012,3,4,0,-16.6,927.4,23,NA,90
2012,3,4,3,-16.9,927.3,25,230,90
2012,3,4,6,-17.7,927.6,NA,220,89
2012,3,4,9,-17.5,928.3,NA,230,89
2012,3,4,12,-17,928.4,NA,240,89
2012,3,4,15,-16.9,928.1,NA,240,89
2012,3,4,18,-17,928,17,230,90
2012,3,4,21,-17.1,927.8,17,240,89
2012,3,5,0,-17.4,927.9,18,230,89
2012,3,5,3,-17.3,927.5,14,230,89
2012,3,5,6,-17.3,927.3,NA,220,89
2012,3,5,9,-17.5,926.9,16,220,89
2012,3,5,12,-17.5,927.1,15,230,89
2012,3,5,15,-17.7,926.6,16,220,89
2012,3,5,18,-17.8,926.8,NA,230,89
2012,3,5,21,-17.5,926.3,NA,230,89
2012,3,6,0,-17.3,925.4,10,230,89
2012,3,6,3,-17.2,924.4,8,240,89
2012,3,6,6,-17.5,923.5,8,250,89
2012,3,6,9,-17.5,922.3,NA,270,89
2012,3,6,12,-16.5,920.7,5,290,90
2012,3,6,15,-13.3,918.2,3,30,92
2012,3,6,18,-16,916,NA,260,91
2012,3,6,21,-16.3,913.9,NA,250,90
2012,3,7,0,-15.3,912.7,15,240,91
2012,3,7,3,-15.8,911.5,NA,220,91
2012,3,7,6,-16.2,911.4,16,220,90
2012,3,7,9,-17.3,911.2,NA,NA,89
2012,3,7,12,-18,912.9,NA,NA,89
2012,3,7,15,-17.7,914.6,NA,240,89
2012,3,7,18,-17.9,915.6,31,230,87
2012,3,7,21,-17.9,915.8,30,NA,86
2012,3,8,0,-17.3,916.5,28,NA,81
2012,3,8,3,-17.6,917,NA,240,80
2012,3,8,6,-17.9,917.9,NA,230,87
2012,3,8,9,-18,918.5,20,250,83
2012,3,8,12,-17.6,919.4,NA,270,68
2012,3,8,15,-17,920.1,NA,250,56
2012,3,8,18,-18.5,920.6,NA,240,70
2012,3,8,21,-18.8,920.5,NA,260,75
2012,3,9,0,-18.7,920.6,NA,240,NA
2012,3,9,3,-18.5,921.1,NA,240,87
2012,3,9,6,-19,921.4,NA,230,87
2012,3,9,9,-19.4,921.8,NA,230,87
2012,3,9,12,-19.6,922.5,NA,240,86
2012,3,9,15,-19.3,923.8,NA,240,87
2012,3,9,18,-18.8,924.4,NA,250,87
2012,3,9,21,-18.7,924.7,NA,250,87
2012,3,10,0,-18.6,925.1,NA,270,87
2012,3,10,3,-18.3,924.4,NA,300,88
2012,3,10,6,-18.3,923.1,5,290,88
2012,3,10,9,-16.7,921.5,NA,0,90
2012,3,10,12,-16.7,919,NA,260,89
2012,3,10,15,-17.4,916.5,NA,250,89
2012,3,10,18,-17,916,NA,260,89
2012,3,10,21,-16.8,915.6,19,250,90
2012,3,11,0,-16.5,915.4,NA,NA,90
2012,3,11,3,-16.6,915.3,NA,NA,90
2012,3,11,6,-15.9,916.6,NA,NA,90
2012,3,11,9,-15.8,917.1,NA,NA,91
2012,3,11,12,-16.1,916.3,14,NA,90
2012,3,11,15,-15.5,915.8,13,260,91
2012,3,11,18,-15.2,915.6,11,240,92
2012,3,11,21,-13.9,914.1,NA,230,NA
2012,3,12,0,-12.9,914.5,NA,240,86
2012,3,12,3,-12.2,914.9,NA,220,81
2012,3,12,6,-10.9,915,NA,230,57
2012,3,12,9,-10.4,914.9,NA,240,69
2012,3,12,12,-10.7,915.8,NA,240,66
2012,3,12,15,-10.5,916.2,NA,280,61
2012,3,12,18,-10.3,916.7,NA,360,76
2012,3,12,21,-10.7,917,NA,20,63
2012,3,13,0,-10.5,917.8,NA,40,74
2012,3,13,3,-11.7,919.2,5,200,93
2012,3,13,6,-11.8,920.2,2,340,92
2012,3,13,9,-13.5,921.2,NA,220,92
2012,3,13,12,-14.3,922.1,NA,270,92
2012,3,13,15,-14.5,922.1,NA,20,92
2012,3,13,18,-14.9,921.3,4,30,91
2012,3,13,21,-12.4,920.2,NA,60,81
2012,3,14,0,-13.3,919.9,5,40,89
2012,3,14,3,-12.7,919.1,3,80,92
2012,3,14,6,-14.2,918.7,NA,240,86
2012,3,14,9,-14.2,918.8,NA,240,89
2012,3,14,12,-13.7,919.2,7,230,86
2012,3,14,15,-14.1,919.2,NA,0,92
2012,3,14,18,-13.2,919.3,NA,250,80
2012,3,14,21,-15.2,920.2,NA,250,89
2012,3,15,0,-14.1,920.9,NA,230,92
2012,3,15,3,-13.8,921,NA,220,92
2012,3,15,6,-14.1,920.9,NA,240,92
2012,3,15,9,-13.7,920.7,NA,40,91
2012,3,15,12,-13.7,920.5,NA,30,84
2012,3,15,15,-13.6,920.2,NA,10,84
2012,3,15,18,-14.3,920,6,10,81
2012,3,15,21,-15.4,919.7,6,30,90
2012,3,16,0,-14.5,920,5,350,92
2012,3,16,3,-13.7,919.6,NA,0,92
2012,3,16,6,-14.7,920.1,NA,50,92
2012,3,16,9,-15.2,920.6,4,50,91
2012,3,16,12,-14.5,921.1,2,310,90
2012,3,16,15,-14.5,921.1,4,20,86
2012,3,16,18,-16,920.9,NA,250,90
2012,3,16,21,-14.9,921.5,NA,230,91
2012,3,17,0,-14.9,922.5,NA,230,92
2012,3,17,3,-16.5,922.6,NA,210,90
2012,3,17,6,-17.5,922.5,11,220,89
2012,3,17,9,-17.9,923.6,9,240,89
2012,3,17,12,-18.9,924.2,12,230,88
2012,3,17,15,-19.2,925.4,11,220,87
2012,3,17,18,-19.8,925.7,11,230,87
2012,3,17,21,-20.1,927.5,12,240,86
2012,3,18,0,-20.8,928.6,NA,240,86
2012,3,18,3,-20.6,928.9,8,240,86
2012,3,18,6,-21,929.7,6,250,85
2012,3,18,9,-21.4,930.3,4,20,85
2012,3,18,12,-21.5,930,NA,20,84
2012,3,18,15,-20.8,929.7,NA,30,79
2012,3,18,18,-20,929.5,8,20,64
2012,3,18,21,-18.2,929.4,NA,80,68
2012,3,19,0,-18.9,929.4,NA,10,82
2012,3,19,3,-18.4,928.2,NA,40,84
2012,3,19,6,-18.6,927.4,3,270,77
2012,3,19,9,-17.1,926.8,3,260,89
2012,3,19,12,-17.7,925.2,3,290,89
2012,3,19,15,-18.7,923.4,4,280,89
2012,3,19,18,-19.7,921.8,NA,260,88
2012,3,19,21,-18.4,920.8,8,250,88
2012,3,20,0,-17.5,920.4,NA,230,89
2012,3,20,3,-17.6,920.4,NA,210,89
2012,3,20,6,-18.8,918.4,7,220,88
2012,3,20,9,-19.2,916,NA,240,87
2012,3,20,12,-19.5,913.7,NA,220,87
2012,3,20,15,-20.3,910.7,NA,220,86
2012,3,20,18,-21.6,909.2,NA,NA,85
2012,3,20,21,-21.9,907.9,NA,NA,84
2012,3,21,0,-22,910.3,NA,NA,84
2012,3,21,3,-21,912.8,NA,240,85
2012,3,21,6,-21.5,916.7,56,NA,84
2012,3,21,9,-21.7,920.4,NA,NA,84
2012,3,21,12,-21.5,924.6,NA,NA,85
2012,3,21,15,-21.2,928.8,NA,230,84
2012,3,21,18,-21.3,932.4,NA,240,82
2012,3,21,21,-21.4,934.3,NA,220,81
2012,3,22,0,-20.3,934.7,NA,120,86
2012,3,22,3,-20.1,933.9,NA,30,86
2012,3,22,6,-19.8,933.5,NA,360,87
2012,3,22,9,-20.4,932.4,NA,30,86
2012,3,22,12,-20.5,930.8,NA,360,86
2012,3,22,15,-18.7,930.1,NA,10,88
2012,3,22,18,-20.2,929.8,NA,270,88
2012,3,22,21,-18.4,928.6,NA,240,88
2012,3,23,0,-18.8,928.1,4,250,88
2012,3,23,3,-16.8,927.2,4,220,90
2012,3,23,6,-18.3,925.7,NA,230,89
2012,3,23,9,-19.5,924.4,NA,230,87
2012,3,23,12,-18.6,923.4,NA,240,88
2012,3,23,15,-19.3,924.1,NA,240,87
2012,3,23,18,-18.9,925.3,NA,220,87
2012,3,23,21,-19,928.2,NA,230,79
2012,3,24,0,-17.7,929.7,NA,280,69
2012,3,24,3,-16.4,930.4,NA,70,54
2012,3,24,6,-16,930.8,NA,NA,40
2012,3,24,9,-16.4,931.1,4,310,60
2012,3,24,12,-16.9,931,2,230,76
2012,3,24,15,-17.2,930,NA,NA,58
2012,3,24,18,-17.3,929.7,1,10,52
2012,3,24,21,-17.4,930.3,NA,NA,54
2012,3,25,0,-15.8,930.3,NA,60,57
2012,3,25,3,-18,930,NA,10,65
2012,3,25,6,-18,929.6,2,120,87
2012,3,25,9,-18.6,928.8,5,240,88
2012,3,25,12,-18.7,928,NA,230,87
2012,3,25,15,-19.1,924.9,NA,210,87
2012,3,25,18,-19.1,920.9,NA,230,87
2012,3,25,21,-19.7,917.6,NA,NA,86
2012,3,26,0,-19.9,912.8,NA,NA,86
2012,3,26,3,-20.9,909.9,NA,NA,85
2012,3,26,6,-22.2,907.3,NA,NA,83
2012,3,26,9,-22.8,904.2,NA,230,83
2012,3,26,12,-22.2,906.5,NA,NA,83
2012,3,26,15,-22.1,907.3,NA,NA,84
2012,3,26,18,-21.8,908,NA,NA,84
2012,3,26,21,-21.1,909.6,NA,NA,85
2012,3,27,0,-21.1,912.2,NA,230,83
2012,3,27,3,-20.6,911.5,NA,240,85
2012,3,27,6,-20.3,912.9,NA,230,85
2012,3,27,9,-18.9,912.9,NA,220,85
2012,3,27,12,-18.7,913,NA,220,65
2012,3,27,15,-18.4,912.8,NA,230,60
2012,3,27,18,-20.3,912.3,NA,230,80
2012,3,27,21,-17.4,911.6,NA,340,52
2012,3,28,0,-18.3,911.1,3,70,64
2012,3,28,3,-17.3,910.7,3,260,48
2012,3,28,6,-17.7,910.3,3,270,47
2012,3,28,9,-17.7,910.1,2,240,47
2012,3,28,12,-17.4,910,2,270,45
2012,3,28,15,-17.1,910.2,3,290,39
2012,3,28,18,-17.3,910.5,NA,260,39
2012,3,28,21,-16.7,910.9,3,280,37
2012,3,29,0,-15.5,911.5,NA,310,36
2012,3,29,3,-16.4,912.3,4,260,36
2012,3,29,6,-16,913,NA,270,36
2012,3,29,9,-15.1,913.2,6,270,42
2012,3,29,12,-15.5,912.8,2,290,37
2012,3,29,15,-15,913,6,0,35
2012,3,29,18,-15.5,913.4,4,280,39
2012,3,29,21,-14.5,914.2,NA,260,40
2012,3,30,0,-14.1,915,NA,30,35
2012,3,30,3,-13.4,915.6,1,310,41
2012,3,30,6,-12.8,916.5,2,350,39
2012,3,30,9,-14,917.7,3,320,45
2012,3,30,12,-13.3,919.5,4,280,43
2012,3,30,15,-12.7,920.6,4,300,41
2012,3,30,18,-12.9,921.4,NA,330,42
2012,3,30,21,-15.4,922.2,NA,200,41
2012,3,31,0,-14.7,921.9,3,250,49
2012,3,31,3,-15.2,921.6,NA,260,64
2012,3,31,6,-15.1,921,NA,240,90
2012,3,31,9,-15.8,921.5,NA,250,90
2012,3,31,12,-15.4,921.3,NA,220,90
2012,3,31,15,-15.7,922.5,NA,240,90
2012,3,31,18,-16.1,923.5,NA,230,90
2012,3,31,21,-16.5,925.6,NA,230,90
2012,4,1,0,-16.1,929.8,NA,220,90
2012,4,1,3,-16.5,931.4,NA,230,90
2012,4,1,6,-16.4,933.3,NA,240,90
2012,4,1,9,-17.9,933.8,NA,250,89
2012,4,1,12,-18.1,934.6,NA,260,88
2012,4,1,15,-17.7,934.4,NA,30,88
2012,4,1,18,-18,933.8,3,40,88
2012,4,1,21,-18.2,933.6,4,310,88
2012,4,2,0,-17.9,933.5,NA,NA,88
2012,4,2,3,-17.3,933.5,1,110,89
2012,4,2,6,-17.3,933.7,NA,NA,89
2012,4,2,9,-17.6,934,NA,350,88
2012,4,2,12,-17.8,934.6,NA,350,88
2012,4,2,15,-18.3,935,NA,NA,88
2012,4,2,18,-18.7,935.1,3,20,87
2012,4,2,21,-19.3,935.8,NA,20,87
2012,4,3,0,-19.7,936.1,4,30,87
2012,4,3,3,-19.6,936.9,3,40,86
2012,4,3,6,-20,936.8,1,90,86
2012,4,3,9,-20.7,937.2,NA,NA,86
2012,4,3,12,-19.3,937.5,NA,30,87
2012,4,3,15,-20.2,936.8,NA,60,86
2012,4,3,18,-23.1,936.5,1,280,84
2012,4,3,21,-22.6,936.2,2,270,83
2012,4,4,0,-22.6,936.1,5,260,83
2012,4,4,3,-21.2,936.4,3,210,84
2012,4,4,6,-21.6,936.2,1,240,84
2012,4,4,9,-22.2,935.9,1,250,83
2012,4,4,12,-22.6,934.6,NA,230,83
2012,4,4,15,-24,932.8,NA,240,81
2012,4,4,18,-24.2,930.9,NA,230,80
2012,4,4,21,-24,928.7,NA,220,81
2012,4,5,0,-23.3,928.1,NA,230,82
2012,4,5,3,-23.3,926.1,37,230,81
2012,4,5,6,-23.3,926.5,NA,230,82
2012,4,5,9,-23.3,926.1,NA,220,80
2012,4,5,12,-22.3,926.2,25,NA,67
2012,4,5,15,-22.1,926.5,NA,NA,72
2012,4,5,18,-21.7,926.9,NA,NA,58
2012,4,5,21,-21.9,927.3,NA,230,62
2012,4,6,0,-22.2,928.5,NA,240,67
2012,4,6,3,-23,928.5,NA,240,71
2012,4,6,6,-22.9,927.9,NA,120,66
2012,4,6,9,-24.1,927.2,NA,60,68
2012,4,6,12,-23.5,926.7,1,100,76
2012,4,6,15,-23.5,926.5,3,260,77
2012,4,6,18,-23.2,926.4,2,250,77
2012,4,6,21,-22.9,926.4,2,100,78
2012,4,7,0,-23.1,926.8,1,290,77
2012,4,7,3,-23.7,927.5,4,200,76
2012,4,7,6,-24.8,928.1,NA,230,75
2012,4,7,9,-25.3,929,NA,240,74
2012,4,7,12,-25.6,929.6,NA,240,74
2012,4,7,15,-26,929.7,8,240,74
2012,4,7,18,-26.4,930.2,8,250,73
2012,4,7,21,-26.7,930.6,8,250,72
2012,4,8,0,-26.9,930.5,9,230,72
2012,4,8,3,-27.1,929.6,10,220,72
2012,4,8,6,-27.9,927.6,NA,240,71
2012,4,8,9,-28.4,926.4,NA,NA,70
2012,4,8,12,-27.9,924.5,NA,NA,70
2012,4,8,15,-28.3,923.4,NA,220,71
2012,4,8,18,-29,925.2,NA,230,70
2012,4,8,21,-27.8,927.4,22,220,71
2012,4,9,0,-27.8,928.6,25,240,71
2012,4,9,3,-26.8,930.8,24,220,72
2012,4,9,6,-26.6,932.8,23,230,72
2012,4,9,9,-26.6,934.6,NA,230,72
2012,4,9,12,-26.2,935,NA,250,63
2012,4,9,15,-26.4,934.1,NA,220,59
2012,4,9,18,-25.2,932.3,NA,230,60
2012,4,9,21,-24.9,930.2,NA,280,61
2012,4,10,0,-25,927.8,4,30,75
2012,4,10,3,-25.1,925.1,4,70,64
2012,4,10,6,-26.1,922.9,6,240,68
2012,4,10,9,-26.4,921.4,NA,210,68
2012,4,10,12,-27.1,919.5,NA,240,72
2012,4,10,15,-26.9,915.6,NA,240,71
2012,4,10,18,-26.8,915.8,NA,NA,66
2012,4,10,21,-27,915.4,NA,NA,60
2012,4,11,0,-26.8,914.4,28,NA,58
2012,4,11,3,-25.9,913.9,NA,230,48
2012,4,11,6,-25.6,913.7,NA,230,44
2012,4,11,9,-23.9,913.2,31,240,41
2012,4,11,12,-22.4,913.2,31,NA,41
2012,4,11,15,-21.3,912.2,NA,NA,46
2012,4,11,18,-21.1,910.5,NA,NA,76
2012,4,11,21,-20.8,911.7,NA,NA,81
2012,4,12,0,-18.9,913,NA,230,85
2012,4,12,3,-18.3,913,NA,240,84
2012,4,12,6,-17.6,911.9,NA,240,70
2012,4,12,9,-17.7,911.7,NA,230,88
2012,4,12,12,-17.7,912.5,NA,220,88
2012,4,12,15,-17,913.2,NA,230,88
2012,4,12,18,-16.5,914.2,NA,220,87
2012,4,12,21,-17.4,913.9,NA,260,89
2012,4,13,0,-16.7,NA,NA,20,87
2012,4,13,3,-17.2,911.3,NA,40,89
2012,4,13,6,-17.8,911.2,NA,340,89
2012,4,13,9,-17.3,911.1,NA,310,89
2012,4,13,12,-17.8,910.9,NA,250,89
2012,4,13,15,-18.8,910.5,3,250,88
2012,4,13,18,-20.4,910.6,4,220,86
2012,4,13,21,-21,911.1,3,230,85
2012,4,14,0,-22.1,911.3,NA,220,85
2012,4,14,3,-23,911.3,NA,250,83
2012,4,14,6,-23.5,911.6,6,220,82
2012,4,14,9,-24.2,911.9,7,220,81
2012,4,14,12,-25.3,912.4,7,230,80
2012,4,14,15,-26.1,913,6,230,79
2012,4,14,18,-26.6,914,5,220,78
2012,4,14,21,-27.3,915.1,6,210,77
2012,4,15,0,-27.7,916.7,6,210,76
2012,4,15,3,-28.7,917.9,6,260,74
2012,4,15,6,-28,919,NA,0,75
2012,4,15,9,-28.2,919.6,NA,350,75
2012,4,15,12,-28.5,920.3,3,30,74
2012,4,15,15,-29.3,920.9,1,20,73
2012,4,15,18,-29.8,921.8,1,360,73
2012,4,15,21,-28.9,922.5,2,360,74
2012,4,16,0,-26.2,923.4,NA,NA,79
2012,4,16,3,-26.1,923.9,NA,NA,80
2012,4,16,6,-27.6,923.8,2,270,76
2012,4,16,9,-26.2,924.3,2,210,77
2012,4,16,12,-25.9,924.5,3,250,79
2012,4,16,15,-24.4,923.9,5,230,79
2012,4,16,18,-24,923.1,6,250,81
2012,4,16,21,-23.8,922.7,NA,0,81
2012,4,17,0,-23.6,921.9,2,40,82
2012,4,17,3,-23.5,921.1,1,360,82
2012,4,17,6,-24.4,920.6,NA,320,80
2012,4,17,9,-24.7,920.9,1,230,80
2012,4,17,12,-25.4,921.3,NA,NA,80
2012,4,17,15,-26.2,921.6,2,320,78
2012,4,17,18,-27.6,922.2,4,260,77
2012,4,17,21,-26.7,922.6,2,340,76
2012,4,18,0,-24.4,922.4,NA,360,81
2012,4,18,3,-23.9,922.4,NA,NA,83
2012,4,18,6,-24.3,921.7,NA,10,81
2012,4,18,9,-24.6,920.5,3,10,80
2012,4,18,12,-24.5,918.5,6,10,80
2012,4,18,15,-22.7,916.4,NA,0,63
2012,4,18,18,-22.2,915.5,4,40,46
2012,4,18,21,-21.6,916.1,NA,340,56
2012,4,19,0,-23.4,916.4,5,10,50
2012,4,19,3,-23.2,917.1,3,30,51
2012,4,19,6,-23.3,917.2,3,230,48
2012,4,19,9,-25,917.3,5,250,55
2012,4,19,12,-24.3,917.4,3,230,55
2012,4,19,15,-23.3,917.7,NA,230,48
2012,4,19,18,-24.2,918.4,3,240,52
2012,4,19,21,-21.3,918.5,NA,300,41
2012,4,20,0,-22.3,919.3,1,200,40
2012,4,20,3,-23.1,918.9,4,250,53
2012,4,20,6,-22.7,918.2,3,270,53
2012,4,20,9,-23.6,917.2,NA,20,59
2012,4,20,12,-24,915.9,NA,10,57
2012,4,20,15,-23.9,914.5,NA,350,55
2012,4,20,18,-23.7,913.2,NA,340,55
2012,4,20,21,-23.4,912.5,NA,10,45
2012,4,21,0,-22.5,912.3,NA,30,37
2012,4,21,3,-21.9,911.5,NA,280,35
2012,4,21,6,-21.3,910.6,1,60,37
2012,4,21,9,-21.2,909.3,NA,270,29
2012,4,21,12,-21,907.3,2,10,28
2012,4,21,15,-19.8,904.6,NA,260,27
2012,4,21,18,-18.7,903.4,4,240,28
2012,4,21,21,-18.9,903.2,6,250,25
2012,4,22,0,-18,903.5,3,360,25
2012,4,22,3,-18.4,903.2,NA,230,22
2012,4,22,6,-16.1,902.8,NA,240,68
2012,4,22,9,-14.7,902.6,NA,350,55
2012,4,22,12,-15,901.5,NA,20,50
2012,4,22,15,-13.5,901.4,NA,280,43
2012,4,22,18,NA,903.2,NA,240,53
2012,4,22,21,NA,906.3,NA,230,86
2012,4,23,0,-19.1,908.7,NA,240,86
2012,4,23,3,-19.2,911.5,NA,220,86
2012,4,23,6,-19.7,913.1,NA,230,81
2012,4,23,9,-17.9,912.6,NA,240,87
2012,4,23,12,-19.5,912.8,NA,230,86
2012,4,23,15,-21.1,915.6,NA,240,85
2012,4,23,18,-18.9,912.9,NA,340,86
2012,4,23,21,-16.3,908.6,NA,280,86
2012,4,24,0,-14.6,904.3,NA,20,66
2012,4,24,3,-14.3,900.4,NA,360,40
2012,4,24,6,-13.5,898,NA,360,28
2012,4,24,9,-16.3,896.8,NA,270,29
2012,4,24,12,NA,896.2,NA,240,71
2012,4,24,15,NA,897.6,NA,240,82
2012,4,24,18,-21.7,898.3,NA,260,83
2012,4,24,21,-19.9,898.5,NA,30,40
2012,4,25,0,-18.2,898.7,NA,230,33
2012,4,25,3,-16.5,898.7,NA,230,60
2012,4,25,6,-14.4,894.5,NA,250,91
2012,4,25,9,-16.3,901.8,NA,230,89
2012,4,25,12,-18.6,903.4,NA,230,88
2012,4,25,15,-14.7,898.7,NA,240,90
2012,4,25,18,-15.6,902.9,NA,NA,90
2012,4,25,21,-15.7,904.3,NA,NA,90
2012,4,26,0,-15.8,905.4,NA,NA,88
2012,4,26,3,-18.4,908.3,NA,NA,88
2012,4,26,6,-17.9,910,NA,NA,88
2012,4,26,9,-18.8,911.2,NA,30,87
2012,4,26,12,-19.1,912.3,NA,20,87
2012,4,26,15,-18.6,913.4,1,30,88
2012,4,26,18,-20.1,914.6,NA,10,86
2012,4,26,21,-20.6,916.2,NA,0,86
2012,4,27,0,-20.7,917.4,2,250,85
2012,4,27,3,-21.3,918.2,4,260,85
2012,4,27,6,-20.4,919.4,4,230,86
2012,4,27,9,-19.5,921.2,1,290,86
2012,4,27,12,-19.3,922.6,NA,NA,86
2012,4,27,15,-18.7,923.5,3,240,87
2012,4,27,18,-18.5,924.8,4,240,88
2012,4,27,21,-17.8,925.2,NA,250,89
2012,4,28,0,NA,925.8,NA,240,82
2012,4,28,3,-17.9,924.7,NA,220,66
2012,4,28,6,-19.4,925.2,NA,220,86
2012,4,28,9,-19.6,925.3,NA,200,86
2012,4,28,12,-19.1,924.3,NA,230,86
2012,4,28,15,-18.9,924.4,11,220,87
2012,4,28,18,-19.4,924.8,NA,220,87
2012,4,28,21,-19.7,924.9,NA,360,86
2012,4,29,0,-20.6,924.4,3,50,85
2012,4,29,3,-21.4,924,4,10,85
2012,4,29,6,-21.2,923.7,5,20,84
2012,4,29,9,-22.1,923.8,5,30,84
2012,4,29,12,-22.6,923.8,NA,360,83
2012,4,29,15,-22.6,922.4,NA,230,83
2012,4,29,18,-23.1,921.3,NA,230,82
2012,4,29,21,-23.6,919,NA,NA,82
2012,4,30,0,-24.5,916.4,NA,NA,80
2012,4,30,3,-25.2,917.1,NA,NA,79
2012,4,30,6,-24.1,919.6,NA,240,80
2012,4,30,9,-24.8,922.7,NA,230,80
2012,4,30,12,-24.5,923,NA,NA,80
2012,4,30,15,-24.7,927.7,NA,NA,80
2012,4,30,18,-24.9,931.8,NA,NA,65
2012,4,30,21,-24.3,935.7,NA,250,69
2012,5,1,0,-24.4,936.4,NA,250,72
2012,5,1,3,-23.9,934.6,NA,20,74
2012,5,1,6,-24.3,931.9,NA,50,76
2012,5,1,9,-23.4,928.1,NA,40,77
2012,5,1,12,-22.3,924.4,NA,100,78
2012,5,1,15,-24.9,920.3,NA,260,77
2012,5,1,18,-23.4,918.2,NA,250,78
2012,5,1,21,-25.5,917.3,NA,230,73
2012,5,2,0,-26,918,NA,240,74
2012,5,2,3,-26.2,916.4,NA,250,73
2012,5,2,6,-26.7,913.8,NA,250,73
2012,5,2,9,-26.7,912.9,NA,40,72
2012,5,2,12,-27,912.3,NA,250,72
2012,5,2,15,-27.6,911.9,NA,240,71
2012,5,2,18,-29.1,911.6,NA,230,69
2012,5,2,21,-29.2,911.1,NA,NA,69
2012,5,3,0,-29.6,911.5,NA,NA,68
2012,5,3,3,-29.9,910.6,NA,NA,68
2012,5,3,6,-30.8,911.5,NA,260,67
2012,5,3,9,-30.1,910.9,NA,280,67
2012,5,3,12,-29.7,910.1,NA,30,68
2012,5,3,15,-30.7,908.7,NA,40,67
2012,5,3,18,-30.9,906.9,NA,350,66
2012,5,3,21,-30.8,905.6,2,260,66
2012,5,4,0,-31,904.8,1,270,66
2012,5,4,3,-30.4,904.3,3,360,67
2012,5,4,6,-28.8,903.7,NA,NA,69
2012,5,4,9,-27,903.7,2,280,71
2012,5,4,12,-24.2,902.8,NA,350,32
2012,5,4,15,-22.2,901.5,NA,350,31
2012,5,4,18,-22.2,900.7,NA,360,30
2012,5,4,21,-20.9,900.9,NA,290,31
2012,5,5,0,-20.2,901.6,NA,280,31
2012,5,5,3,-17.5,902.5,NA,290,25
2012,5,5,6,-16,903.7,NA,320,26
2012,5,5,9,-17.9,904.2,3,360,26
2012,5,5,12,-19.7,905.8,NA,260,24
2012,5,5,15,-20,907.6,NA,270,31
2012,5,5,18,NA,908.1,NA,230,48
2012,5,5,21,-20.6,909.2,NA,240,84
2012,5,6,0,-21.8,908.3,NA,230,83
2012,5,6,3,-20.5,911.1,NA,240,82
2012,5,6,6,-18,909.2,NA,NA,63
2012,5,6,9,-16.3,906.4,NA,NA,86
2012,5,6,12,-15.3,906.8,NA,NA,51
2012,5,6,15,-13.9,903.5,NA,NA,50
2012,5,6,18,-14.4,902.5,NA,NA,64
2012,5,6,21,-17.4,905.4,NA,230,84
2012,5,7,0,-14,905.1,NA,250,81
2012,5,7,3,-14,905.4,NA,240,63
2012,5,7,6,-12.7,904.9,NA,220,44
2012,5,7,9,-15.2,904.4,NA,240,52
2012,5,7,12,-12.9,904.7,NA,230,38
2012,5,7,15,-10.3,903.1,NA,250,36
2012,5,7,18,-14.7,903.6,NA,240,51
2012,5,7,21,NA,901.9,NA,240,91
2012,5,8,0,-11.1,904.9,NA,230,94
2012,5,8,3,-11,907.5,NA,240,95
2012,5,8,6,-13.3,913.4,45,240,93
2012,5,8,9,-12.4,918.6,NA,240,94
2012,5,8,12,-12.8,923.1,NA,250,93
2012,5,8,15,-11.3,916.3,NA,240,93
2012,5,8,18,-13.3,923.4,55,230,89
2012,5,8,21,-13.5,930.5,NA,230,80
2012,5,9,0,-9.1,929.7,NA,240,55
2012,5,9,3,NA,930.1,NA,240,33
2012,5,9,6,-9,931.1,NA,230,21
2012,5,9,9,-10.4,931.8,NA,230,41
2012,5,9,12,-10.2,929.7,NA,230,33
2012,5,9,15,-10.5,930.6,NA,240,31
2012,5,9,18,-11.1,927.4,NA,240,43
2012,5,9,21,-12.6,927.2,NA,230,48
2012,5,10,0,-10.6,926.6,NA,250,34
2012,5,10,3,-13.3,927.6,NA,250,50
2012,5,10,6,-14.6,925.5,NA,360,45
2012,5,10,9,-14.2,925.6,NA,340,44
2012,5,10,12,-15.1,926.9,NA,240,48
2012,5,10,15,-17.6,926.6,NA,240,63
2012,5,10,18,-16.9,926.3,NA,230,62
2012,5,10,21,-15.1,929.3,NA,230,48
2012,5,11,0,-13,927.2,NA,NA,45
2012,5,11,3,-15.4,926.6,NA,NA,61
2012,5,11,6,-14.3,926.3,NA,NA,65
2012,5,11,9,-11.8,924.4,NA,240,53
2012,5,11,12,NA,920.2,NA,NA,42
2012,5,11,15,-7.2,918.1,NA,NA,30
2012,5,11,18,-8.4,916.4,NA,NA,77
2012,5,11,21,-8.1,914.6,NA,NA,93
2012,5,12,0,-8.2,918.5,NA,230,89
2012,5,12,3,-8,917.4,NA,240,95
2012,5,12,6,-7.7,917,NA,230,97
2012,5,12,9,-7.7,917.3,NA,230,97
2012,5,12,12,-7.4,921.5,NA,230,92
2012,5,12,15,-9.9,920.8,NA,240,97
2012,5,12,18,-11.3,922.8,NA,250,68
2012,5,12,21,NA,923.2,NA,30,94
2012,5,13,0,-14.9,923,NA,240,66
2012,5,13,3,-15.8,924.1,NA,270,81
2012,5,13,6,-16.3,924.7,NA,240,79
2012,5,13,9,-15.5,925.6,NA,90,57
2012,5,13,12,-17.1,925.9,5,50,84
2012,5,13,15,-17,925.8,2,20,92
2012,5,13,18,-17.6,925.9,5,70,91
2012,5,13,21,-18.4,926.1,NA,120,90
2012,5,14,0,-19.9,925.7,6,20,89
2012,5,14,3,-18.3,925.2,5,60,87
2012,5,14,6,-19.8,925.2,NA,100,88
2012,5,14,9,-21.4,926.4,NA,260,86
2012,5,14,12,-22.1,927,NA,220,85
2012,5,14,15,-22.4,927,NA,220,85
2012,5,14,18,-22.3,927.3,NA,230,85
2012,5,14,21,-21.5,927.5,19,240,58
2012,5,15,0,-21.6,926.8,NA,250,53
2012,5,15,3,-21.1,926,NA,240,81
2012,5,15,6,-20.8,925.4,NA,240,54
2012,5,15,9,-19.5,923,NA,240,62
2012,5,15,12,-19.6,921.2,NA,NA,81
2012,5,15,15,-19,920.3,NA,NA,87
2012,5,15,18,-18.2,919.7,NA,240,78
2012,5,15,21,-18.3,918.8,NA,230,51
2012,5,16,0,-18.4,916.5,NA,250,78
2012,5,16,3,-21.4,915.7,NA,240,86
2012,5,16,6,-19.2,916.8,NA,230,87
2012,5,16,9,-20.6,918.3,NA,220,87
2012,5,16,12,-20.4,919.1,NA,170,86
2012,5,16,15,-21.2,919.4,NA,220,87
2012,5,16,18,-22.1,919.3,NA,230,86
2012,5,16,21,-23.3,920,NA,220,84
2012,5,17,0,-22.4,918.6,NA,220,85
2012,5,17,3,-21.7,919,NA,230,86
2012,5,17,6,-21.4,917.6,NA,240,87
2012,5,17,9,-20.9,919.9,NA,230,87
2012,5,17,12,-20.2,916.6,NA,240,88
2012,5,17,15,-21.3,915.2,NA,NA,87
2012,5,17,18,-20.7,914,NA,NA,87
2012,5,17,21,-20.2,914.8,NA,NA,88
2012,5,18,0,-19.6,914.6,59,NA,89
2012,5,18,3,-19.5,919.3,NA,NA,89
2012,5,18,6,-18.5,922.3,NA,NA,81
2012,5,18,9,-18,924.5,NA,240,67
2012,5,18,12,-17.9,925.1,NA,240,67
2012,5,18,15,-18.1,924.3,NA,200,58
2012,5,18,18,-18.2,922.5,NA,250,61
2012,5,18,21,-17.9,921.3,NA,240,63
2012,5,19,0,-18,919.9,NA,250,61
2012,5,19,3,-19.4,919,NA,220,88
2012,5,19,6,-20.4,917.6,NA,250,88
2012,5,19,9,-20.2,918,NA,260,88
2012,5,19,12,-18.6,917.8,NA,270,90
2012,5,19,15,-18.9,918.1,3,330,89
2012,5,19,18,-20.2,918.5,NA,30,88
2012,5,19,21,-19.7,918.8,NA,270,86
2012,5,20,0,-19.7,919.8,NA,210,86
2012,5,20,3,-18.4,919.3,3,290,83
2012,5,20,6,-21.4,918.8,NA,NA,87
2012,5,20,9,-21.6,917.9,NA,260,86
2012,5,20,12,-20.6,917.1,NA,230,88
2012,5,20,15,-20.9,915.7,NA,230,87
2012,5,20,18,-20.4,914.1,NA,230,88
2012,5,20,21,-21.1,910.3,NA,NA,87
2012,5,21,0,-20.5,909.8,NA,NA,88
2012,5,21,3,-19.1,909.9,NA,240,84
2012,5,21,6,-18.2,910.5,NA,NA,77
2012,5,21,9,-19.4,912.2,NA,NA,89
2012,5,21,12,-19.2,915.9,NA,NA,89
2012,5,21,15,-18.5,916,NA,NA,84
2012,5,21,18,-17.1,919.3,NA,NA,62
2012,5,21,21,-15.8,919.1,NA,250,48
2012,5,22,0,-17.8,922,NA,240,65
2012,5,22,3,-19.5,922.6,NA,NA,89
2012,5,22,6,-17.6,923.5,NA,NA,85
2012,5,22,9,-18.8,922.5,NA,NA,72
2012,5,22,12,-19.5,923.5,NA,220,83
2012,5,22,15,-19.4,922.6,NA,290,85
2012,5,22,18,-18.4,921.3,NA,350,58
2012,5,22,21,-20.5,920.3,NA,270,85
2012,5,23,0,-21,919.8,NA,70,85
2012,5,23,3,-21.4,917.5,NA,340,85
2012,5,23,6,-19,915.6,NA,260,77
2012,5,23,9,NA,914.2,NA,270,27
2012,5,23,12,NA,913,5,280,23
2012,5,23,15,-16.7,911.4,NA,260,27
2012,5,23,18,-14.1,909.9,NA,0,23
2012,5,23,21,-14,907.2,NA,20,24
2012,5,24,0,NA,905.5,NA,10,25
2012,5,24,3,NA,904.3,NA,240,37
2012,5,24,6,NA,903.4,NA,180,57
2012,5,24,9,-20.8,903.4,NA,NA,65
2012,5,24,12,-22.9,903.5,2,210,77
2012,5,24,15,-21.4,903.1,2,40,82
2012,5,24,18,-21.2,903.9,NA,330,85
2012,5,24,21,-20.1,904.4,NA,NA,86
2012,5,25,0,-20.4,905.8,1,230,87
2012,5,25,3,-21.9,907.3,NA,240,86
2012,5,25,6,-22.3,909.2,NA,240,84
2012,5,25,9,-23,911.3,NA,220,84
2012,5,25,12,-23.8,911,NA,230,83
2012,5,25,15,-23.8,909.1,NA,230,81
2012,5,25,18,-23.9,909.7,NA,NA,81
2012,5,25,21,-23.8,909.9,NA,NA,82
2012,5,26,0,-23.3,910.9,NA,230,82
2012,5,26,3,-22.6,913.4,NA,240,83
2012,5,26,6,-22.2,912.4,NA,NA,84
2012,5,26,9,-21.5,915.3,NA,NA,85
2012,5,26,12,-20.7,915.1,NA,NA,86
2012,5,26,15,-20.1,918.3,60,230,87
2012,5,26,18,-20.2,922.8,57,NA,87
2012,5,26,21,-19.8,923.2,NA,NA,87
2012,5,27,0,-19.7,926.2,NA,NA,87
2012,5,27,3,-20.7,927.3,NA,250,87
2012,5,27,6,-20,926.7,NA,NA,87
2012,5,27,9,-20.8,925.1,NA,0,86
2012,5,27,12,-21.3,923.3,NA,NA,87
2012,5,27,15,-20.8,921.8,NA,NA,86
2012,5,27,18,-21.5,919.8,NA,NA,86
2012,5,27,21,-23.3,918.7,14,230,84
2012,5,28,0,-23.9,916.3,NA,NA,81
2012,5,28,3,-22,914.2,NA,NA,85
2012,5,28,6,-24,913,NA,NA,83
2012,5,28,9,-24.7,910.4,NA,NA,82
2012,5,28,12,-24.4,904.8,NA,240,82
2012,5,28,15,-24.9,901.2,NA,230,81
2012,5,28,18,-25.4,899.4,NA,240,80
2012,5,28,21,-25.2,901.4,NA,NA,80
2012,5,29,0,-24.3,903.3,NA,NA,80
2012,5,29,3,-21.8,903,NA,NA,70
2012,5,29,6,-22.4,904.2,60,NA,79
2012,5,29,9,-20.8,905.5,NA,NA,79
2012,5,29,12,-19.3,906.1,NA,NA,63
2012,5,29,15,-19.6,907.3,NA,NA,76
2012,5,29,18,-19.6,907.9,NA,220,55
2012,5,29,21,-21,907.1,NA,250,70
2012,5,30,0,-20,907.4,NA,30,55
2012,5,30,3,-20.3,906.6,NA,160,71
2012,5,30,6,-21,906.8,5,40,82
2012,5,30,9,-20.9,907.4,NA,250,60
2012,5,30,12,-22.9,908,NA,240,81
2012,5,30,15,-23.6,909.4,NA,260,70
2012,5,30,18,-21.4,910.7,NA,0,53
2012,5,30,21,-23.8,911.5,NA,30,77
2012,5,31,0,-22.6,912.4,NA,30,62
2012,5,31,3,-23.2,912.4,NA,50,69
2012,5,31,6,-23.7,912.5,NA,0,79
2012,5,31,9,-24.3,912.3,3,360,77
2012,5,31,12,-24.4,912.6,NA,NA,77
2012,5,31,15,-25.4,912.7,4,250,76
2012,5,31,18,-27.4,912.9,NA,260,73
2012,5,31,21,-26.8,914.1,NA,270,72
2012,6,1,0,-27.4,915,NA,260,72
2012,6,1,3,-27.9,916,NA,240,71
2012,6,1,6,-26.7,917,NA,270,73
2012,6,1,9,-24.4,918,NA,210,75
2012,6,1,12,-24,918,NA,0,77
2012,6,1,15,-25.1,917,3,40,76
2012,6,1,18,-25.9,915.8,3,20,75
2012,6,1,21,-25.8,913.5,NA,20,75
2012,6,2,0,-25.2,912,NA,40,75
2012,6,2,3,-25.1,910.5,4,270,75
2012,6,2,6,-25.8,910.7,5,260,75
2012,6,2,9,-26.3,911.1,NA,0,74
2012,6,2,12,-26,911.3,3,10,74
2012,6,2,15,-26.6,911.9,NA,240,74
2012,6,2,18,-24.5,913.7,NA,240,76
2012,6,2,21,-27.6,915.2,NA,250,72
2012,6,3,0,-26.9,916.9,NA,230,73
2012,6,3,3,-27.2,918,NA,230,73
2012,6,3,6,-27.1,919.8,NA,230,73
2012,6,3,9,-26.9,921.9,NA,220,63
2012,6,3,12,-26.5,924,NA,230,62
2012,6,3,15,-26.5,926.1,NA,220,63
2012,6,3,18,-27,927.7,NA,240,73
2012,6,3,21,-27.5,928.7,NA,260,72
2012,6,4,0,-27.8,929,NA,10,72
2012,6,4,3,-27.9,928.5,3,30,71
2012,6,4,6,-27.8,927.6,NA,10,72
2012,6,4,9,-27.9,925.6,NA,10,71
2012,6,4,12,-25.1,923.5,NA,350,66
2012,6,4,15,-24.6,920.9,NA,350,40
2012,6,4,18,-27.7,918.5,NA,20,54
2012,6,4,21,-27.2,917.4,NA,20,72
2012,6,5,0,-28.2,917,NA,270,71
2012,6,5,3,-30,914.8,5,250,69
2012,6,5,6,-30.1,913,5,240,67
2012,6,5,9,-30.4,911.8,3,270,67
2012,6,5,12,-31.5,910.5,3,270,66
2012,6,5,15,-31.2,910.1,3,260,65
2012,6,5,18,-30.9,910.4,4,230,66
2012,6,5,21,-30.9,911.4,7,220,66
2012,6,6,0,-31.8,911.9,NA,NA,65
2012,6,6,3,-32.7,913.3,NA,NA,63
2012,6,6,6,-33.3,915.9,9,240,63
2012,6,6,9,-34,917.5,11,230,61
2012,6,6,12,-34.5,920,11,230,60
2012,6,6,15,-34.9,921.8,10,240,60
2012,6,6,18,-34.8,924.4,NA,240,60
2012,6,6,21,-34.3,926.4,NA,230,60
2012,6,7,0,-34.7,928.1,5,240,60
2012,6,7,3,-34.5,929.4,2,240,60
2012,6,7,6,-33.6,930.8,NA,0,62
2012,6,7,9,-33.1,931.2,NA,NA,62
2012,6,7,12,-33.1,931,1,260,62
2012,6,7,15,-32.6,931.5,3,260,63
2012,6,7,18,-33.5,930.9,NA,250,63
2012,6,7,21,-32.9,930.2,NA,240,62
2012,6,8,0,-31.2,929.7,NA,220,64
2012,6,8,3,-30.5,928.8,NA,220,66
2012,6,8,6,-30.2,925.9,NA,230,66
2012,6,8,9,-30,921.9,NA,230,67
2012,6,8,12,-29.8,919.5,NA,240,68
2012,6,8,15,-29.3,923.4,NA,NA,68
2012,6,8,18,-28.5,924.2,NA,NA,69
2012,6,8,21,-28.7,927.1,NA,240,70
2012,6,9,0,-27.8,927.2,NA,230,71
2012,6,9,3,-26.9,929.3,NA,240,72
2012,6,9,6,-26.8,928.3,NA,230,73
2012,6,9,9,-26.1,929.9,NA,240,73
2012,6,9,12,-25.9,929.5,NA,NA,75
2012,6,9,15,-25.4,929.7,NA,NA,74
2012,6,9,18,-26,923.7,NA,NA,74
2012,6,9,21,-25.4,926.5,NA,NA,71
2012,6,10,0,-25.1,925.2,NA,230,76
2012,6,10,3,-23.8,920.4,NA,240,76
2012,6,10,6,-24.7,921,NA,240,77
2012,6,10,9,-24.2,921.9,NA,240,76
2012,6,10,12,-23.1,920.7,NA,230,76
2012,6,10,15,-23.4,923.4,NA,230,78
2012,6,10,18,-22.8,925.5,NA,240,78
2012,6,10,21,-23,927.9,59,230,79
2012,6,11,0,-22.1,933.1,NA,240,81
2012,6,11,3,-22.4,937.2,NA,230,50
2012,6,11,6,-22.7,939.6,NA,230,67
2012,6,11,9,-24.2,941.2,NA,240,82
2012,6,11,12,-22.1,943.3,NA,250,58
2012,6,11,15,-21.8,942.9,NA,70,34
2012,6,11,18,-22.5,943.3,NA,340,56
2012,6,11,21,-20.6,943.9,NA,230,28
2012,6,12,0,-22.9,945.5,NA,230,45
2012,6,12,3,-23.4,946.7,5,230,41
2012,6,12,6,-23.8,948,2,80,47
2012,6,12,9,-21.9,949.5,NA,20,36
2012,6,12,12,-19.9,950.1,NA,NA,24
2012,6,12,15,-20.3,950.3,NA,NA,20
2012,6,12,18,-16.8,949.9,NA,360,21
2012,6,12,21,NA,948.8,NA,360,24
2012,6,13,0,-12.5,948.1,NA,240,18
2012,6,13,3,-9.6,946.8,NA,260,20
2012,6,13,6,-11,946,NA,240,24
2012,6,13,9,NA,946,NA,220,37
2012,6,13,12,NA,945.5,NA,30,42
2012,6,13,15,-15.3,943.2,NA,0,36
2012,6,13,18,NA,940.2,NA,340,36
2012,6,13,21,NA,938.2,NA,260,34
2012,6,14,0,-10.6,936.2,NA,250,36
2012,6,14,3,-8.5,934.4,NA,120,33
2012,6,14,6,-8.2,929.8,NA,30,36
2012,6,14,9,-9.3,923.8,NA,260,39
2012,6,14,12,-10.1,916.9,NA,360,42
2012,6,14,15,NA,912.6,NA,230,79
2012,6,14,18,-13.8,914,NA,250,51
2012,6,14,21,-17.7,910.5,NA,220,82
2012,6,15,0,NA,906.3,NA,230,67
2012,6,15,3,NA,906.3,NA,230,75
2012,6,15,6,NA,908.3,NA,240,70
2012,6,15,9,-28.9,910.6,NA,230,68
2012,6,15,12,-26.1,909.9,NA,240,64
2012,6,15,15,NA,909.1,NA,230,31
2012,6,15,18,-21.5,904.6,NA,230,54
2012,6,15,21,-21.5,903,NA,240,77
2012,6,16,0,-22.8,908.4,NA,220,78
2012,6,16,3,-23,909,NA,240,80
2012,6,16,6,-22.4,913.5,NA,240,81
2012,6,16,9,-19.8,909.1,NA,240,81
2012,6,16,12,-20,913.4,59,NA,56
2012,6,16,15,-17,913.9,57,NA,36
2012,6,16,18,-16.5,909.5,NA,NA,45
2012,6,16,21,-14.5,908.9,NA,NA,90
2012,6,17,0,-14.2,913.8,58,230,NA
2012,6,17,3,-15.4,915.8,55,NA,93
2012,6,17,6,-15.2,918.5,NA,NA,93
2012,6,17,9,-15.2,920.3,NA,NA,93
2012,6,17,12,-15.6,925.8,NA,NA,93
2012,6,17,15,-15.4,926.6,NA,NA,93
2012,6,17,18,-15,927.2,NA,240,94
2012,6,17,21,-14.3,929.1,NA,250,94
2012,6,18,0,-11.9,929.8,NA,240,82
2012,6,18,3,-12.9,931.3,NA,230,63
2012,6,18,6,-15.1,931.8,NA,240,89
2012,6,18,9,-14.4,931.9,NA,250,65
2012,6,18,12,-15.2,929.3,NA,10,78
2012,6,18,15,-14.8,926.5,NA,20,57
2012,6,18,18,-14.5,923.4,NA,20,47
2012,6,18,21,-15.2,920,NA,260,55
2012,6,19,0,-13.3,919.1,NA,270,67
2012,6,19,3,-13.1,917.5,NA,250,46
2012,6,19,6,-14.9,916.6,NA,200,47
2012,6,19,9,NA,916.6,NA,240,70
2012,6,19,12,-16.4,916.5,NA,30,36
2012,6,19,15,-17.5,914.5,NA,350,46
2012,6,19,18,-20.5,913.5,NA,260,62
2012,6,19,21,-21,911.8,NA,260,81
2012,6,20,0,-22.4,910.4,NA,230,81
2012,6,20,3,-21.6,909.1,NA,230,72
2012,6,20,6,-23,909.8,NA,240,79
2012,6,20,9,-23.4,910,NA,240,72
2012,6,20,12,-23.3,910.9,NA,180,75
2012,6,20,15,-24.8,910.7,NA,30,72
2012,6,20,18,-23.4,911.4,NA,350,62
2012,6,20,21,-23.5,912.7,NA,60,52
2012,6,21,0,-24.1,914.9,NA,50,62
2012,6,21,3,-27.5,917.1,5,280,71
2012,6,21,6,-26.4,918.6,7,250,72
2012,6,21,9,-26.5,920.1,NA,260,72
2012,6,21,12,-25.2,922.3,NA,270,72
2012,6,21,15,-25.1,923.1,NA,40,58
2012,6,21,18,-23,923.9,NA,360,42
2012,6,21,21,-21.4,924.6,NA,0,24
2012,6,22,0,-19.6,924.2,NA,360,21
2012,6,22,3,-19.3,923.5,NA,10,19
2012,6,22,6,-16.1,920.4,NA,300,18
2012,6,22,9,NA,917.3,NA,30,16
2012,6,22,12,NA,916.4,NA,30,26
2012,6,22,15,-16.9,914.8,NA,250,30
2012,6,22,18,-17,915.2,NA,260,35
2012,6,22,21,-15.8,916.7,NA,230,27
2012,6,23,0,NA,918.7,NA,240,59
2012,6,23,3,NA,918.9,NA,220,63
2012,6,23,6,-24.5,921.7,NA,230,55
2012,6,23,9,-26.7,923.1,NA,240,72
2012,6,23,12,-26.5,924.3,19,220,71
2012,6,23,15,-27.7,926.8,NA,220,70
2012,6,23,18,-29.1,928,17,220,68
2012,6,23,21,-29,929,NA,230,67
2012,6,24,0,-29.2,931.3,NA,230,64
2012,6,24,3,-29,932.4,NA,210,64
2012,6,24,6,-28.9,933.2,NA,250,59
2012,6,24,9,-27.3,931.3,NA,20,43
2012,6,24,12,NA,929.8,NA,20,31
2012,6,24,15,-23.5,929.2,NA,30,28
2012,6,24,18,-22.1,929.7,NA,250,23
2012,6,24,21,-21.6,930,10,240,25
2012,6,25,0,-25.1,931.9,NA,210,39
2012,6,25,3,-23.9,931.7,NA,10,36
2012,6,25,6,-24.2,931.2,NA,30,49
2012,6,25,9,-22.8,931.6,NA,20,39
2012,6,25,12,-23.3,934.8,NA,250,37
2012,6,25,15,-20.2,935.7,NA,20,25
2012,6,25,18,-21.3,936.4,NA,70,26
2012,6,25,21,-21.9,937.6,4,100,32
2012,6,26,0,-24.3,938.5,6,240,41
2012,6,26,3,-23,938.6,4,80,43
2012,6,26,6,-22.8,939.2,4,10,41
2012,6,26,9,-23.9,939.5,NA,10,47
2012,6,26,12,-22.9,939.4,NA,20,58
2012,6,26,15,-23,939.6,NA,30,67
2012,6,26,18,-22.6,940.1,NA,40,62
2012,6,26,21,-21.7,940.2,NA,10,52
2012,6,27,0,-20.7,940.1,1,290,42
2012,6,27,3,-20.7,939.9,2,290,44
2012,6,27,6,-19.9,939.5,NA,NA,52
2012,6,27,9,-20.5,938.8,3,30,58
2012,6,27,12,-20.6,938.5,1,310,61
2012,6,27,15,-18.7,938,NA,10,73
2012,6,27,18,-18.5,938.1,NA,10,74
2012,6,27,21,-18.7,938.4,11,360,74
2012,6,28,0,-18.5,939.1,NA,350,69
2012,6,28,3,-19.2,939.8,NA,270,59
2012,6,28,6,-21,940.9,4,230,62
2012,6,28,9,-21.3,942.1,NA,30,47
2012,6,28,12,-23.4,943,NA,0,60
2012,6,28,15,-23.3,943.9,NA,30,56
2012,6,28,18,-22.2,944.6,NA,330,56
2012,6,28,21,-24.5,945,NA,240,55
2012,6,29,0,-24.9,947.8,NA,260,54
2012,6,29,3,-24.6,948.6,NA,20,52
2012,6,29,6,-25.4,949,NA,360,57
2012,6,29,9,-25.7,949.3,NA,20,53
2012,6,29,12,-25.2,950.2,14,360,57
2012,6,29,15,-24.8,950.8,12,360,53
2012,6,29,18,-24.7,952,NA,340,48
2012,6,29,21,-24.4,952.4,NA,270,48
2012,6,30,0,-23.8,952.5,NA,280,49
2012,6,30,3,-22.3,951.7,NA,0,42
2012,6,30,6,-22.3,950.5,NA,250,42
2012,6,30,9,-21.5,949,4,260,35
2012,6,30,12,-22.2,947.9,6,250,36
2012,6,30,15,-20.2,945.7,NA,260,28
2012,6,30,18,-21.5,944.3,NA,250,34
2012,6,30,21,-22.4,943,NA,250,44
2012,7,1,0,-21.4,942.8,18,240,37
2012,7,1,3,-21.4,942.9,20,230,36
2012,7,1,6,-19.5,943.4,19,240,64
2012,7,1,9,-19.4,943,18,240,78
2012,7,1,12,-20.8,942.7,NA,250,79
2012,7,1,15,-18,942.1,NA,260,48
2012,7,1,18,-19.1,942.2,NA,230,41
2012,7,1,21,-18.4,941,NA,10,39
2012,7,2,0,-18.1,940.6,3,150,35
2012,7,2,3,-20.3,939.5,NA,30,36
2012,7,2,6,-17.2,938,NA,10,31
2012,7,2,9,-20.1,936.3,NA,310,44
2012,7,2,12,-19.7,934.5,NA,30,37
2012,7,2,15,NA,933.2,NA,10,36
2012,7,2,18,-16.7,932.6,NA,10,38
2012,7,2,21,-18.8,933,NA,10,68
2012,7,3,0,NA,933.7,NA,20,33
2012,7,3,3,NA,933.6,NA,270,58
2012,7,3,6,NA,933.9,NA,240,68
2012,7,3,9,-25.8,933.7,NA,240,57
2012,7,3,12,-25.9,935,NA,240,64
2012,7,3,15,-26.5,936.3,24,230,68
2012,7,3,18,-26.9,937.2,21,NA,67
2012,7,3,21,-27.6,938,NA,NA,68
2012,7,4,0,-27.2,939.2,25,NA,65
2012,7,4,3,-27.5,939.4,25,NA,62
2012,7,4,6,-26.8,940.2,NA,NA,71
2012,7,4,9,-26.9,940.3,23,230,71
2012,7,4,12,-27.2,940.4,NA,240,70
2012,7,4,15,-27.3,939.9,NA,260,70
2012,7,4,18,-26.6,939.2,NA,240,71
2012,7,4,21,-26.8,938.4,7,250,71
2012,7,5,0,-26.7,937.5,NA,220,71
2012,7,5,3,-27.2,936.3,NA,40,71
2012,7,5,6,-26.9,934.8,2,40,71
2012,7,5,9,-26.5,933.9,2,50,71
2012,7,5,12,-26.2,932.7,5,70,72
2012,7,5,15,-26.1,931.8,1,120,72
2012,7,5,18,-25.8,930.9,NA,40,73
2012,7,5,21,-25.9,930,NA,90,73
2012,7,6,0,-26.5,929,NA,30,72
2012,7,6,3,-26.6,927.9,NA,20,72
2012,7,6,6,-26.3,927,NA,NA,72
2012,7,6,9,-26.5,925.9,NA,NA,72
2012,7,6,12,-27.1,924.3,NA,NA,71
2012,7,6,15,-27.6,923.6,1,30,71
2012,7,6,18,-27.2,922.4,3,30,71
2012,7,6,21,-27.4,921.7,3,30,71
2012,7,7,0,-26.8,921.9,1,10,71
2012,7,7,3,-26.6,922.3,NA,NA,71
2012,7,7,6,-26.9,923.5,NA,NA,71
2012,7,7,9,-28.2,924.2,2,260,69
2012,7,7,12,-30.9,924.8,NA,240,65
2012,7,7,15,-31,925.6,NA,230,65
2012,7,7,18,-31.2,925.6,NA,240,64
2012,7,7,21,-31.8,926.9,NA,230,63
2012,7,8,0,-32.3,927.4,NA,240,63
2012,7,8,3,-32.7,927.9,NA,230,62
2012,7,8,6,-32.8,927.9,13,220,62
2012,7,8,9,-33.1,927.9,NA,250,61
2012,7,8,12,-32.8,927.5,NA,240,62
2012,7,8,15,-32.6,927.2,NA,250,62
2012,7,8,18,-32.1,926.3,NA,190,62
2012,7,8,21,-32.8,924.9,NA,40,62
2012,7,9,0,-31.7,924.3,1,300,63
2012,7,9,3,-32.6,923,3,10,62
2012,7,9,6,-32.6,921.6,NA,NA,62
2012,7,9,9,-31.9,920.2,NA,NA,63
2012,7,9,12,-31.4,919.3,NA,10,63
2012,7,9,15,-31.8,917.9,1,360,63
2012,7,9,18,-31,916.5,2,20,64
2012,7,9,21,-29.8,915.4,NA,NA,66
2012,7,10,0,-27.1,914.1,1,320,69
2012,7,10,3,-26.2,913.5,2,340,68
2012,7,10,6,-25,913.1,NA,NA,59
2012,7,10,9,-24.8,912.9,1,270,57
2012,7,10,12,-24.8,913.6,NA,NA,52
2012,7,10,15,-23,914.1,NA,NA,53
2012,7,10,18,-22.8,914.1,2,260,45
2012,7,10,21,-21.5,914.5,NA,NA,41
2012,7,11,0,-21.3,914.9,3,270,50
2012,7,11,3,-21.4,914.7,2,260,54
2012,7,11,6,-21.3,914.8,NA,250,57
2012,7,11,9,-22.2,915,NA,250,66
2012,7,11,12,-22.8,914.9,NA,240,78
2012,7,11,15,-24.7,916.3,NA,210,75
2012,7,11,18,-25.6,917.5,NA,210,74
2012,7,11,21,-25.8,917.3,NA,220,73
2012,7,12,0,-26.5,917,NA,230,71
2012,7,12,3,-26.9,917.6,NA,230,72
2012,7,12,6,-26.1,916,NA,0,72
2012,7,12,9,-25,914.2,NA,340,70
2012,7,12,12,-24.2,911.7,2,310,50
2012,7,12,15,-23,909.5,3,290,37
2012,7,12,18,-21.7,907.4,3,350,34
2012,7,12,21,-22.1,906.5,1,270,33
2012,7,13,0,-24.1,906.5,NA,250,39
2012,7,13,3,-25.3,907,NA,240,40
2012,7,13,6,-26.6,908.6,NA,240,42
2012,7,13,9,-27.5,910.6,NA,240,69
2012,7,13,12,-26.1,911.7,NA,340,53
2012,7,13,15,-27.6,911.7,NA,10,52
2012,7,13,18,-27.8,912.2,NA,30,68
2012,7,13,21,-28.7,912.8,NA,30,68
2012,7,14,0,-29,913,NA,60,67
2012,7,14,3,-29.6,912.4,11,30,67
2012,7,14,6,-28.9,912.5,NA,40,67
2012,7,14,9,-29.1,912,NA,40,67
2012,7,14,12,-29.5,911.5,NA,360,66
2012,7,14,15,-30.1,911.6,NA,220,65
2012,7,14,18,-30.8,911.8,NA,240,64
2012,7,14,21,-29,912.2,NA,0,67
2012,7,15,0,-32.2,913.7,NA,230,62
2012,7,15,3,-31.3,914.6,NA,230,63
2012,7,15,6,-30.7,915.7,NA,250,NA
2012,7,15,9,-31.7,916.2,NA,230,64
2012,7,15,12,-32.2,916.1,5,240,62
2012,7,15,15,-31.8,915.3,NA,0,63
2012,7,15,18,-31.9,914.1,NA,0,62
2012,7,15,21,-32.1,912.6,2,50,62
2012,7,16,0,-32.1,911.2,2,90,62
2012,7,16,3,-32.6,909.8,1,80,62
2012,7,16,6,-31.3,908.4,NA,NA,63
2012,7,16,9,-31.7,907.3,NA,NA,63
2012,7,16,12,-29.6,906.7,NA,NA,65
2012,7,16,15,-30.3,906.9,NA,NA,66
2012,7,16,18,-31.2,907.1,NA,NA,64
2012,7,16,21,-30.8,907.2,NA,NA,64
2012,7,17,0,-31.5,907.8,2,360,62
2012,7,17,3,-31.1,908,1,280,64
2012,7,17,6,-30.3,908.2,NA,NA,65
2012,7,17,9,-29.5,907.8,1,20,66
2012,7,17,12,-29.7,907.6,2,10,66
2012,7,17,15,-30.5,907.6,4,20,65
2012,7,17,18,-31.2,907.9,NA,360,64
2012,7,17,21,-30.7,908.3,3,350,64
2012,7,18,0,-29.7,908.5,7,10,59
2012,7,18,3,-30.1,908.7,6,30,60
2012,7,18,6,-30.7,908.8,6,20,59
2012,7,18,9,-30.3,908.6,NA,260,56
2012,7,18,12,-30.8,909.2,NA,0,60
2012,7,18,15,-30.8,910.4,NA,240,62
2012,7,18,18,-27.4,912.5,NA,0,49
2012,7,18,21,-25.9,914.8,2,30,47
2012,7,19,0,NA,917.1,NA,10,26
2012,7,19,3,-22.1,918,NA,30,25
2012,7,19,6,-18.4,914.5,NA,20,20
2012,7,19,9,NA,908.7,NA,310,70
2012,7,19,12,NA,903.1,NA,350,69
2012,7,19,15,-27.9,898.1,NA,240,73
2012,7,19,18,-25,892.9,NA,230,76
2012,7,19,21,-26.4,888.6,NA,240,74
2012,7,20,0,-23.1,896.6,NA,230,76
2012,7,20,3,-23.5,903.7,NA,240,78
2012,7,20,6,-23.8,906.9,NA,240,77
2012,7,20,9,-26.5,909.5,NA,250,73
2012,7,20,12,-24.6,913.4,24,240,72
2012,7,20,15,-24.9,913.1,NA,230,72
2012,7,20,18,-25.4,916.5,NA,240,74
2012,7,20,21,-25.5,918.4,NA,240,73
2012,7,21,0,-25,916.5,NA,360,56
2012,7,21,3,-24.6,913.9,NA,50,52
2012,7,21,6,-26.3,912.1,NA,240,62
2012,7,21,9,-24.7,910.4,NA,50,47
2012,7,21,12,NA,908,NA,310,32
2012,7,21,15,-20,907.1,5,270,29
2012,7,21,18,NA,906.7,NA,260,46
2012,7,21,21,NA,906.7,NA,200,72
2012,7,22,0,-24.7,906.4,4,20,62
2012,7,22,3,-25.8,906.1,NA,10,58
2012,7,22,6,-25.8,907.5,NA,10,55
2012,7,22,9,-26.1,908.2,NA,10,59
2012,7,22,12,-26.7,908.4,NA,20,64
2012,7,22,15,-26.2,908.8,10,30,66
2012,7,22,18,-26.5,908.7,NA,340,71
2012,7,22,21,-26.9,908.6,NA,350,60
2012,7,23,0,-26.2,906.4,NA,30,67
2012,7,23,3,-27,906.2,NA,360,70
2012,7,23,6,-26.9,907.4,NA,280,63
2012,7,23,9,-29.5,908.2,NA,270,45
2012,7,23,12,-28.2,909.4,NA,240,68
2012,7,23,15,-30.5,910,NA,240,65
2012,7,23,18,-29.8,910.7,3,360,65
2012,7,23,21,-28.9,912.3,3,280,67
2012,7,24,0,-30.3,913.7,NA,30,61
2012,7,24,3,-28.4,915,NA,350,53
2012,7,24,6,-28.5,916.5,NA,190,52
2012,7,24,9,-28,917.7,1,260,48
2012,7,24,12,-27.7,918.5,2,300,45
2012,7,24,15,-27.2,919.1,4,230,51
2012,7,24,18,-26.1,918.9,NA,240,61
2012,7,24,21,-27,918.7,NA,240,62
2012,7,25,0,-24.9,917.8,NA,240,64
2012,7,25,3,-23.1,917,NA,230,71
2012,7,25,6,-21.1,918.4,NA,270,39
2012,7,25,9,-21,917.1,NA,270,35
2012,7,25,12,-19.2,915.4,NA,340,26
2012,7,25,15,-21.7,914.7,NA,250,32
2012,7,25,18,-23.7,914.6,NA,230,57
2012,7,25,21,-23.4,915.2,NA,230,66
2012,7,26,0,-23.1,915.1,NA,340,58
2012,7,26,3,-21.4,914.2,NA,240,52
2012,7,26,6,-20.7,914.3,NA,240,50
2012,7,26,9,-21.4,915.7,NA,190,52
2012,7,26,12,-23,916,NA,240,65
2012,7,26,15,-23.8,917.9,NA,240,63
2012,7,26,18,-22.4,919.5,NA,40,55
2012,7,26,21,-22.7,919.2,NA,280,41
2012,7,27,0,-19,918.3,NA,350,31
2012,7,27,3,-19.8,917.8,NA,190,32
2012,7,27,6,-19.2,917.2,NA,340,31
2012,7,27,9,-23.6,916.6,NA,260,41
2012,7,27,12,-23.1,916.4,4,250,50
2012,7,27,15,-25.8,916,NA,270,72
2012,7,27,18,-24,915.5,NA,260,74
2012,7,27,21,-24.2,916.6,NA,220,75
2012,7,28,0,-23.1,917.5,3,350,74
2012,7,28,3,-23.2,917.9,4,20,55
2012,7,28,6,-22.6,917.9,NA,10,43
2012,7,28,9,-21.2,917.9,7,350,37
2012,7,28,12,-21,917.2,NA,20,36
2012,7,28,15,-22.2,915.7,NA,270,35
2012,7,28,18,-22.5,913.6,NA,260,37
2012,7,28,21,-21.6,911.8,NA,250,40
2012,7,29,0,-24.5,910.5,NA,240,48
2012,7,29,3,-23.1,909.9,NA,240,77
2012,7,29,6,-23.6,911.4,NA,230,77
2012,7,29,9,-23.2,913.6,NA,230,77
2012,7,29,12,-21.9,913.5,NA,300,79
2012,7,29,15,-22.3,911.6,NA,20,52
2012,7,29,18,-21.6,909.9,NA,20,42
2012,7,29,21,-23.8,908.7,NA,30,55
2012,7,30,0,-24.8,908.2,NA,240,NA
2012,7,30,3,-27.4,908,NA,270,70
2012,7,30,6,-29,908.1,NA,260,67
2012,7,30,9,-27.9,908.2,NA,250,69
2012,7,30,12,-30.3,908.2,NA,260,65
2012,7,30,15,-29.8,908.8,NA,250,66
2012,7,30,18,-30.4,910.2,NA,240,67
2012,7,30,21,-31.2,910.8,NA,240,64
2012,7,31,0,-30.8,912.4,NA,260,64
2012,7,31,3,-30.3,913.7,NA,270,64
2012,7,31,6,-31.7,915.4,7,260,63
2012,7,31,9,-29.5,917.2,NA,350,67
2012,7,31,12,-28.8,919.3,1,270,68
2012,7,31,15,-30.5,920.8,2,20,64
2012,7,31,18,-30.4,920.8,NA,340,64
2012,7,31,21,-29.9,920.9,6,350,65
2012,8,1,0,-27.7,921.1,NA,260,69
2012,8,1,3,-28.4,921.7,5,260,68
2012,8,1,6,-28.3,922.6,1,180,68
2012,8,1,9,-29.5,922.1,NA,0,67
2012,8,1,12,-30.2,921.8,3,70,65
2012,8,1,15,-30.5,921.1,3,260,65
2012,8,1,18,-29.4,920.3,2,350,66
2012,8,1,21,NA,919.2,NA,350,38
2012,8,2,0,-25.8,917.7,NA,30,31
2012,8,2,3,-27,919.1,NA,20,31
2012,8,2,6,-26.7,920.4,NA,250,30
2012,8,2,9,-22.5,919.6,NA,240,24
2012,8,2,12,NA,919.1,NA,250,49
2012,8,2,15,NA,920,NA,240,40
2012,8,2,18,-17.3,922.4,NA,240,36
2012,8,2,21,-19,923.4,NA,20,36
2012,8,3,0,-19.9,923.5,NA,30,45
2012,8,3,3,-17.6,923.2,NA,100,32
2012,8,3,6,-22.5,923.5,NA,10,49
2012,8,3,9,NA,924.5,NA,20,58
2012,8,3,12,-21.9,924.7,NA,30,52
2012,8,3,15,-20.5,925.9,NA,10,43
2012,8,3,18,NA,926.5,NA,260,20
2012,8,3,21,NA,926.3,NA,20,16
2012,8,4,0,-14.3,923.6,NA,30,21
2012,8,4,3,-16.8,921.1,NA,30,22
2012,8,4,6,-18.2,919.8,NA,240,39
2012,8,4,9,-15.2,919.7,NA,20,26
2012,8,4,12,NA,919.9,NA,270,24
2012,8,4,15,-14.5,920,NA,110,20
2012,8,4,18,-17.3,919,NA,40,23
2012,8,4,21,NA,917.1,NA,10,52
2012,8,5,0,-17.8,916.6,16,350,66
2012,8,5,3,-18.2,917.8,NA,260,78
2012,8,5,6,-16.5,919.1,NA,350,85
2012,8,5,9,-18.6,920.5,6,10,82
2012,8,5,12,-18.2,921.6,NA,270,61
2012,8,5,15,NA,922.6,NA,220,31
2012,8,5,18,NA,924.7,NA,260,24
2012,8,5,21,-12.7,926.2,NA,250,29
2012,8,6,0,NA,927.1,NA,30,49
2012,8,6,3,-14.1,926.8,NA,50,32
2012,8,6,6,-18.2,926.4,NA,10,66
2012,8,6,9,-17.7,925.4,NA,20,65
2012,8,6,12,-18,925.1,NA,20,65
2012,8,6,15,-16.5,924.6,NA,20,59
2012,8,6,18,-16.2,925.4,NA,290,51
2012,8,6,21,-16.8,927.3,NA,290,45
2012,8,7,0,-20.3,928.9,5,290,67
2012,8,7,3,NA,926.9,NA,230,78
2012,8,7,6,-24.1,930.2,NA,230,76
2012,8,7,9,-25.5,931.6,NA,220,74
2012,8,7,12,-26,934.1,NA,240,72
2012,8,7,15,-26.8,935.1,NA,250,70
2012,8,7,18,-28.4,936,NA,290,70
2012,8,7,21,-27.1,936.4,NA,20,71
2012,8,8,0,NA,935.5,NA,20,NA
2012,8,8,3,NA,932.6,NA,10,18
2012,8,8,6,NA,929.7,NA,20,11
2012,8,8,9,NA,928,NA,300,8
2012,8,8,12,-15.2,927.6,NA,220,9
2012,8,8,15,NA,926.8,8,20,16
2012,8,8,18,-14.7,924.2,NA,340,16
2012,8,8,21,-17.2,925.1,NA,10,19
2012,8,9,0,-15.6,926.8,NA,230,16
2012,8,9,3,-18.5,927.8,NA,240,36
2012,8,9,6,-17.3,929.5,NA,10,30
2012,8,9,9,-19.2,929,NA,10,33
2012,8,9,12,-20.3,928.6,NA,10,37
2012,8,9,15,-15.5,927.7,NA,30,32
2012,8,9,18,-18,927.9,NA,250,40
2012,8,9,21,NA,932.2,NA,230,57
2012,8,10,0,NA,934.4,NA,230,47
2012,8,10,3,-22.8,934.9,NA,80,45
2012,8,10,6,-23.9,935.4,NA,200,44
2012,8,10,9,-23.3,935.1,NA,50,46
2012,8,10,12,-23.2,935.1,NA,200,41
2012,8,10,15,-23.5,935,6,200,30
2012,8,10,18,-24.4,932.8,4,230,36
2012,8,10,21,-27,930.1,NA,NA,68
2012,8,11,0,-25.7,926.5,NA,NA,71
2012,8,11,3,-25.1,923.4,NA,NA,72
2012,8,11,6,-26.9,919.4,NA,NA,71
2012,8,11,9,-28.8,921,NA,NA,67
2012,8,11,12,-28.5,921.2,NA,240,66
2012,8,11,15,-28.5,922.8,NA,220,67
2012,8,11,18,-28.7,924,NA,230,67
2012,8,11,21,-28.2,923.3,NA,230,64
2012,8,12,0,-27.1,922.6,NA,220,70
2012,8,12,3,-28.7,922.8,NA,230,67
2012,8,12,6,-29.7,923,NA,230,66
2012,8,12,9,-29.8,922.7,NA,360,65
2012,8,12,12,-30.8,920,NA,350,63
2012,8,12,15,-30.8,917.4,NA,360,64
2012,8,12,18,-32.3,914.8,NA,230,62
2012,8,12,21,-31.8,916.1,NA,230,62
2012,8,13,0,-29.2,914.8,NA,50,67
2012,8,13,3,NA,916,5,270,72
2012,8,13,6,NA,915.8,4,360,56
2012,8,13,9,-22.7,916.2,NA,20,36
2012,8,13,12,-23.6,917.4,NA,240,44
2012,8,13,15,-25.3,917.9,NA,230,55
2012,8,13,18,-23.7,917.2,11,220,46
2012,8,13,21,NA,915.6,NA,260,67
2012,8,14,0,-26.9,914.9,NA,250,67
2012,8,14,3,-28.1,912.7,NA,230,70
2012,8,14,6,-29.4,908.5,NA,NA,67
2012,8,14,9,-29.3,904.8,NA,NA,67
2012,8,14,12,-29.7,906.7,NA,NA,66
2012,8,14,15,-29.6,909.8,NA,240,59
2012,8,14,18,-30,910.7,NA,220,65
2012,8,14,21,-30.1,911.8,NA,230,65
2012,8,15,0,-31.5,913,NA,230,63
2012,8,15,3,-31.5,913.5,6,30,63
2012,8,15,6,-31.4,913,NA,20,62
2012,8,15,9,-32.5,913.6,NA,10,59
2012,8,15,12,-32,915.4,NA,20,62
2012,8,15,15,NA,914.1,NA,360,64
2012,8,15,18,NA,914.4,NA,40,33
2012,8,15,21,NA,914.9,NA,90,17
2012,8,16,0,NA,916.1,NA,60,11
2012,8,16,3,-13.5,918.1,4,260,13
2012,8,16,6,-15.8,920.9,NA,250,16
2012,8,16,9,-16.6,923.7,6,30,16
2012,8,16,12,-19.1,925.7,NA,340,30
2012,8,16,15,-20,928,NA,20,47
2012,8,16,18,-20.8,928.8,NA,20,55
2012,8,16,21,-20.5,929.5,NA,20,49
2012,8,17,0,-20.3,929.7,NA,10,46
2012,8,17,3,-20,929.5,NA,10,42
2012,8,17,6,-19.1,928.9,25,20,36
2012,8,17,9,-21.5,928.5,NA,20,42
2012,8,17,12,-20.9,927.4,NA,340,41
2012,8,17,15,-19.4,925.9,NA,0,37
2012,8,17,18,-19.2,924.6,4,230,33
2012,8,17,21,-18.8,924.1,NA,260,31
2012,8,18,0,-17.4,923.7,NA,0,31
2012,8,18,3,-19.3,923,NA,40,29
2012,8,18,6,-19.8,922.1,NA,40,30
2012,8,18,9,-20.3,920.8,NA,30,33
2012,8,18,12,-19.4,918.5,NA,20,34
2012,8,18,15,-22.7,915.2,NA,240,46
2012,8,18,18,NA,912.7,5,240,57
2012,8,18,21,-23.3,909.5,NA,220,52
2012,8,19,0,-27.4,907.1,NA,230,67
2012,8,19,3,NA,907.1,NA,200,66
2012,8,19,6,NA,906.6,NA,250,67
2012,8,19,9,-29.3,906,NA,240,66
2012,8,19,12,-29.3,904.8,NA,230,66
2012,8,19,15,-28.8,902.7,NA,230,66
2012,8,19,18,-29.1,902.9,NA,230,66
2012,8,19,21,-29.4,903.6,42,240,65
2012,8,20,0,-29.5,905.3,42,240,65
2012,8,20,3,-28.7,908.1,NA,230,64
2012,8,20,6,-28.2,910.1,NA,230,59
2012,8,20,9,-27.4,910.9,38,230,61
2012,8,20,12,-29.5,912.8,NA,250,64
2012,8,20,15,-27,910,NA,230,69
2012,8,20,18,-28.5,907.5,NA,230,66
2012,8,20,21,-26.9,903,NA,230,70
2012,8,21,0,-27.5,895.1,NA,240,69
2012,8,21,3,-27.5,892.2,NA,240,68
2012,8,21,6,-27.1,885.2,NA,230,70
2012,8,21,9,-25.9,883.6,NA,230,71
2012,8,21,12,-23.7,879.1,NA,240,75
2012,8,21,15,-22.3,878.3,NA,240,78
2012,8,21,18,-21.6,876.6,NA,230,82
2012,8,21,21,-22,878.9,NA,240,80
2012,8,22,0,-20.1,873.7,NA,NA,85
2012,8,22,3,-18.7,875.3,NA,NA,87
2012,8,22,6,-17,881.4,NA,NA,89
2012,8,22,9,-15.9,887.9,NA,240,91
2012,8,22,12,-15,894.3,NA,240,92
2012,8,22,15,-13.8,901.7,NA,230,93
2012,8,22,18,-13.2,908.4,NA,240,94
2012,8,22,21,-14.1,917,NA,220,94
2012,8,23,0,-13.3,921.6,NA,290,92
2012,8,23,3,-11.9,922.1,NA,10,56
2012,8,23,6,-10.7,919.5,NA,20,51
2012,8,23,9,-12.3,916.2,NA,20,62
2012,8,23,12,NA,912.9,NA,230,84
2012,8,23,15,-16.8,907.5,NA,230,90
2012,8,23,18,-16.1,904.9,NA,260,91
2012,8,23,21,-19.3,899.8,NA,NA,89
2012,8,24,0,-20.6,897.1,NA,NA,88
2012,8,24,3,-21.7,897.2,NA,NA,86
2012,8,24,6,-22.9,896.3,53,240,85
2012,8,24,9,-22.3,898,NA,NA,85
2012,8,24,12,-21.4,898.4,NA,NA,86
2012,8,24,15,-21.7,896.1,NA,240,86
2012,8,24,18,-21.6,893.8,NA,230,86
2012,8,24,21,-19.7,898.8,NA,230,88
2012,8,25,0,-19.4,902.1,NA,240,89
2012,8,25,3,-19.1,909.7,NA,250,89
2012,8,25,6,-19.6,911,NA,240,89
2012,8,25,9,-18.9,916.7,NA,230,90
2012,8,25,12,-16.1,922.8,55,240,90
2012,8,25,15,-16,925.5,NA,230,92
2012,8,25,18,-15.1,927.4,NA,240,93
2012,8,25,21,-15.3,929.7,NA,230,75
2012,8,26,0,-16.4,931,NA,250,87
2012,8,26,3,-17.3,930.6,NA,10,90
2012,8,26,6,-16.8,930.4,NA,220,91
2012,8,26,9,-18.4,930.2,3,250,86
2012,8,26,12,-19.6,930.5,3,40,89
2012,8,26,15,-20.8,930.4,3,270,88
2012,8,26,18,-21.3,930.6,4,250,88
2012,8,26,21,-22.4,930.1,2,270,87
2012,8,27,0,-23.5,929.7,1,220,87
2012,8,27,3,-23.1,928.7,1,250,86
2012,8,27,6,-25.6,927.7,NA,260,83
2012,8,27,9,-27,927.4,5,250,82
2012,8,27,12,-27.2,927,NA,210,78
2012,8,27,15,-28.9,925.9,NA,230,75
2012,8,27,18,-29.3,925.1,NA,230,74
2012,8,27,21,-29,923.7,NA,NA,75
2012,8,28,0,-29,922.5,NA,NA,74
2012,8,28,3,-28.9,919.5,NA,NA,75
2012,8,28,6,-28.7,917.7,NA,220,75
2012,8,28,9,-28.4,918.1,NA,NA,76
2012,8,28,12,-27.6,918.1,NA,NA,76
2012,8,28,15,-27.3,918.5,NA,NA,77
2012,8,28,18,-27.9,921.5,NA,220,68
2012,8,28,21,-26.7,923,NA,220,61
2012,8,29,0,-26.1,923.5,NA,240,68
2012,8,29,3,-24.2,924,24,230,64
2012,8,29,6,-23.1,925.3,25,230,63
2012,8,29,9,-22.8,927.6,NA,230,56
2012,8,29,12,-22.7,928.5,NA,250,59
2012,8,29,15,-21.8,929.3,NA,330,45
2012,8,29,18,-22.1,929.3,NA,270,42
2012,8,29,21,-20.7,928.2,2,20,43
2012,8,30,0,-20.7,926.6,NA,10,44
2012,8,30,3,-20.3,925.3,NA,30,40
2012,8,30,6,-22.1,923.4,NA,350,41
2012,8,30,9,-21.4,922,NA,10,38
2012,8,30,12,-24.7,920.5,NA,30,50
2012,8,30,15,-23.4,919.3,NA,0,57
2012,8,30,18,-25.3,918.7,NA,40,74
2012,8,30,21,-25.7,918.5,NA,280,74
2012,8,31,0,-26,918,3,270,74
2012,8,31,3,-25.1,918.1,3,250,74
2012,8,31,6,-25.1,918.8,NA,NA,75
2012,8,31,9,-25.4,919.4,3,260,75
2012,8,31,12,-22.5,920.9,NA,200,79
2012,8,31,15,-22.3,921.9,3,210,50
2012,8,31,18,-20.5,922.4,NA,230,47
2012,8,31,21,-20.2,922.9,NA,230,45
2012,9,1,0,-20.7,923.5,NA,220,50
2012,9,1,3,-21.9,923.5,NA,230,61
2012,9,1,6,-20.5,924.2,NA,220,50
2012,9,1,9,-19.5,923.5,23,230,51
2012,9,1,12,-16.5,924.6,NA,220,46
2012,9,1,15,NA,923.7,NA,240,40
2012,9,1,18,-16.6,926.2,NA,230,45
2012,9,1,21,-14.8,926.3,NA,310,39
2012,9,2,0,-14.5,926,NA,270,38
2012,9,2,3,-18.3,925.7,NA,20,57
2012,9,2,6,-17.8,924.4,NA,40,46
2012,9,2,9,-19.6,922.4,14,10,47
2012,9,2,12,-20.1,920.8,NA,50,48
2012,9,2,15,-18,919.3,NA,30,41
2012,9,2,18,-22.2,917.7,NA,240,70
2012,9,2,21,-22.8,916.6,NA,250,64
2012,9,3,0,-21,915.6,NA,220,66
2012,9,3,3,NA,915,NA,240,69
2012,9,3,6,-25.3,914.7,NA,250,74
2012,9,3,9,NA,915.2,NA,250,78
2012,9,3,12,-24.5,913.4,NA,240,75
2012,9,3,15,-25.7,912.5,NA,230,74
2012,9,3,18,-25.9,911.8,NA,230,73
2012,9,3,21,-26.2,913.1,NA,240,73
2012,9,4,0,-25.2,915.1,NA,260,74
2012,9,4,3,-24.4,916.1,NA,260,76
2012,9,4,6,-22.8,916.8,NA,270,78
2012,9,4,9,-23,917.8,NA,260,78
2012,9,4,12,-22.9,918.9,NA,200,77
2012,9,4,15,-22,919.7,NA,220,77
2012,9,4,18,-22.4,919.9,NA,210,51
2012,9,4,21,-25.3,920.9,NA,230,73
2012,9,5,0,-24.2,920.2,NA,230,76
2012,9,5,3,-24.3,919.6,NA,220,76
2012,9,5,6,-23.9,919.8,NA,220,77
2012,9,5,9,-25.3,918.8,NA,230,75
2012,9,5,12,-24.5,917.5,NA,230,76
2012,9,5,15,-24.1,917.1,NA,220,74
2012,9,5,18,-24.4,916.4,NA,230,76
2012,9,5,21,-24.7,915.3,27,220,75
2012,9,6,0,-26.6,914.6,29,230,72
2012,9,6,3,-27.8,913.4,NA,230,71
2012,9,6,6,-26.5,911.4,NA,220,74
2012,9,6,9,-25.7,909.8,NA,230,75
2012,9,6,12,-26.2,909.7,NA,220,74
2012,9,6,15,-24.2,908.5,NA,230,76
2012,9,6,18,-25.2,906.2,NA,240,75
2012,9,6,21,-24.6,907.2,NA,NA,76
2012,9,7,0,-24.8,906.9,NA,NA,76
2012,9,7,3,-23,910.6,NA,NA,76
2012,9,7,6,-24.6,910.8,NA,230,76
2012,9,7,9,-24.3,910.1,60,240,77
2012,9,7,12,-24.1,913.2,NA,240,74
2012,9,7,15,-25.2,913.8,NA,230,76
2012,9,7,18,-24.7,916,NA,NA,75
2012,9,7,21,-23.1,917.6,NA,NA,74
2012,9,8,0,-24,919.1,NA,NA,NA
2012,9,8,3,-24.3,920.5,NA,NA,77
2012,9,8,6,-24.9,921.9,NA,NA,77
2012,9,8,9,-24.7,922.5,NA,270,76
2012,9,8,12,-25.1,922.5,NA,310,75
2012,9,8,15,-24.7,922.7,NA,50,76
2012,9,8,18,-25.4,922,5,70,74
2012,9,8,21,-25.7,921,NA,20,74
2012,9,9,0,-25.3,920.3,NA,10,74
2012,9,9,3,-25.1,919.4,NA,30,75
2012,9,9,6,-25.2,919.1,NA,70,74
2012,9,9,9,-26,918.5,4,250,73
2012,9,9,12,-28.8,916.9,NA,250,69
2012,9,9,15,-27.9,915.6,NA,230,69
2012,9,9,18,-26.9,911.7,NA,NA,72
2012,9,9,21,-27.5,908.3,NA,NA,71
2012,9,10,0,-27.9,906.1,NA,NA,70
2012,9,10,3,-27.3,903.3,NA,240,70
2012,9,10,6,-28.3,901.1,NA,NA,69
2012,9,10,9,-28.4,903.2,NA,NA,69
2012,9,10,12,-27.6,901.6,NA,NA,70
2012,9,10,15,-25.9,904.2,NA,NA,72
2012,9,10,18,-24.3,903.7,NA,NA,73
2012,9,10,21,-24.4,907.3,NA,NA,74
2012,9,11,0,-22.5,906.9,NA,NA,74
2012,9,11,3,-21.7,908.3,59,240,79
2012,9,11,6,-20.8,910,NA,250,77
2012,9,11,9,-21,909.1,NA,230,84
2012,9,11,12,-19.6,907.9,NA,NA,79
2012,9,11,15,-18.7,907.4,NA,NA,80
2012,9,11,18,-19.8,908.9,NA,NA,NA
2012,9,11,21,-18.2,906.8,NA,240,NA
2012,9,12,0,-17.7,907.1,NA,240,NA
2012,9,12,3,-17.2,907.3,NA,230,NA
2012,9,12,6,-17.2,908.1,38,240,NA
2012,9,12,9,-16.9,908,NA,240,NA
2012,9,12,12,-17,908.4,NA,240,NA
2012,9,12,15,-17.8,909.7,NA,220,NA
2012,9,12,18,-18.2,909.9,NA,250,NA
2012,9,12,21,-17.8,909.3,NA,240,NA
2012,9,13,0,-18.5,909.5,NA,230,NA
2012,9,13,3,-17.9,909.5,NA,230,NA
2012,9,13,6,-18,909.1,NA,260,NA
2012,9,13,9,-17.8,908.6,NA,240,NA
2012,9,13,12,-17.7,907.1,NA,0,NA
2012,9,13,15,-18.5,906,NA,180,NA
2012,9,13,18,-19.1,905.1,NA,240,NA
2012,9,13,21,-19.1,905.8,NA,250,NA
2012,9,14,0,-19.3,905.6,18,230,NA
2012,9,14,3,-20.9,906.7,NA,240,NA
2012,9,14,6,-20.8,908.8,NA,240,NA
2012,9,14,9,-20.1,910.9,NA,340,NA
2012,9,14,12,-20.7,911.9,NA,20,NA
2012,9,14,15,-21.8,912.8,5,10,NA
2012,9,14,18,-22.1,913.4,NA,0,NA
2012,9,14,21,-22.2,914,4,240,NA
2012,9,15,0,-21.3,915.1,2,70,NA
2012,9,15,3,-21.2,916,5,350,NA
2012,9,15,6,-22.4,916.5,6,220,NA
2012,9,15,9,-22.4,917.3,4,140,NA
2012,9,15,12,-23,917.1,3,210,NA
2012,9,15,15,-23.2,916.4,5,240,NA
2012,9,15,18,-24.2,915.2,NA,240,NA
2012,9,15,21,-24.3,914.7,NA,260,NA
2012,9,16,0,-25,913.6,NA,220,NA
2012,9,16,3,NA,913.7,NA,250,NA
2012,9,16,6,-24.5,913.7,NA,250,NA
2012,9,16,9,-25.2,912.4,NA,NA,NA
2012,9,16,12,-24.9,911.2,NA,NA,NA
2012,9,16,15,-25.2,909.8,NA,NA,NA
2012,9,16,18,-25,908.4,NA,230,NA
2012,9,16,21,-24.7,908.1,NA,NA,NA
2012,9,17,0,-24.1,905.4,NA,NA,NA
2012,9,17,3,-24.4,906.3,NA,NA,NA
2012,9,17,6,-24.9,907.7,NA,NA,NA
2012,9,17,9,-23.6,905,NA,240,NA
2012,9,17,12,-23.9,904.9,NA,230,NA
2012,9,17,15,-25.2,905.6,39,220,NA
2012,9,17,18,-26,905.6,43,230,NA
2012,9,17,21,-25.1,906.1,43,240,NA
2012,9,18,0,-26,908.4,NA,220,NA
2012,9,18,3,-25.8,908.1,NA,230,NA
2012,9,18,6,-25.2,909.2,NA,220,NA
2012,9,18,9,-24.9,909.6,NA,220,NA
2012,9,18,12,-25.5,909.1,NA,20,NA
2012,9,18,15,-25.6,907.7,NA,340,NA
2012,9,18,18,-26.3,906.9,NA,350,NA
2012,9,18,21,-26,907.1,NA,30,NA
2012,9,19,0,-25.8,907.1,NA,30,NA
2012,9,19,3,-26.9,907.5,NA,50,NA
2012,9,19,6,-26.8,908.7,NA,60,NA
2012,9,19,9,-28.9,909.7,NA,150,NA
2012,9,19,12,-29.6,910.4,3,20,NA
2012,9,19,15,-31,910.4,4,30,NA
2012,9,19,18,-29.5,910.1,NA,350,NA
2012,9,19,21,-29.3,909.6,NA,350,NA
2012,9,20,0,-28.7,909.9,NA,300,NA
2012,9,20,3,-27.4,910.1,NA,250,NA
2012,9,20,6,-25.4,911,NA,220,NA
2012,9,20,9,-25.9,912.7,NA,30,NA
2012,9,20,12,-27.5,913.9,NA,20,NA
2012,9,20,15,-29.5,914.9,5,30,NA
2012,9,20,18,-30.4,916.7,NA,260,NA
2012,9,20,21,-27.7,918.4,NA,240,NA
2012,9,21,0,NA,920.8,NA,220,NA
2012,9,21,3,NA,922.7,NA,230,NA
2012,9,21,6,NA,924,NA,260,NA
2012,9,21,9,NA,926.6,NA,230,NA
2012,9,21,12,-22.7,928.1,NA,240,NA
2012,9,21,15,-20,929.8,NA,260,NA
2012,9,21,18,-20.5,930.9,NA,0,NA
2012,9,21,21,-19.8,933.2,NA,0,NA
2012,9,22,0,-20.2,935,3,30,NA
2012,9,22,3,-20.8,936.5,NA,20,NA
2012,9,22,6,-23.2,938.2,6,30,NA
2012,9,22,9,-22.7,940,NA,260,NA
2012,9,22,12,-22.9,942,4,20,NA
2012,9,22,15,-19.6,941.4,NA,340,NA
2012,9,22,18,-19.3,940.5,NA,10,NA
2012,9,22,21,-18.9,938.7,NA,30,NA
2012,9,23,0,-20.3,934.1,NA,30,NA
2012,9,23,3,-23.3,929.9,3,360,NA
2012,9,23,6,-23.9,926.1,NA,250,NA
2012,9,23,9,-23.4,924.2,NA,230,NA
2012,9,23,12,-25.2,923.6,NA,220,NA
2012,9,23,15,-22.4,922.8,NA,240,NA
2012,9,23,18,-21,922.1,NA,240,NA
2012,9,23,21,-20.1,921.8,NA,230,NA
2012,9,24,0,-20.3,922.8,NA,240,NA
2012,9,24,3,-19.3,926.9,NA,220,NA
2012,9,24,6,-18.8,927.9,NA,240,NA
2012,9,24,9,-18.3,926.2,NA,340,NA
2012,9,24,12,-17.1,924,NA,20,NA
2012,9,24,15,-15.1,923.1,NA,250,NA
2012,9,24,18,-13.8,923,NA,260,NA
2012,9,24,21,-12.4,921.9,NA,310,NA
2012,9,25,0,-11,921.2,NA,0,NA
2012,9,25,3,NA,922.7,NA,240,NA
2012,9,25,6,NA,923.8,NA,280,NA
2012,9,25,9,-21.9,924.3,NA,250,NA
2012,9,25,12,-22.9,924.7,NA,240,NA
2012,9,25,15,-23.1,925.1,NA,240,NA
2012,9,25,18,-23.3,924.4,18,230,NA
2012,9,25,21,-23.4,924.2,NA,240,NA
2012,9,26,0,-23.8,923,NA,210,NA
2012,9,26,3,-24.7,921.3,NA,230,NA
2012,9,26,6,-23.9,919.3,NA,230,NA
2012,9,26,9,-24.1,919,NA,240,NA
2012,9,26,12,-23.6,918,NA,NA,NA
2012,9,26,15,-23.4,917.8,NA,NA,NA
2012,9,26,18,-23,919.4,NA,NA,NA
2012,9,26,21,-23,920.8,36,240,NA
2012,9,27,0,-23.3,922.7,NA,230,NA
2012,9,27,3,-24,925.5,NA,220,NA
2012,9,27,6,-24.9,928.6,NA,240,NA
2012,9,27,9,-25.7,928.8,NA,240,NA
2012,9,27,12,-26.4,928.4,NA,10,NA
2012,9,27,15,-27.4,926.8,NA,40,NA
2012,9,27,18,-26.9,925.1,7,40,NA
2012,9,27,21,-27.5,923.1,NA,40,NA
2012,9,28,0,-27.1,921.5,9,50,NA
2012,9,28,3,-26.7,919.8,NA,130,NA
2012,9,28,6,-27.6,918.5,NA,230,NA
2012,9,28,9,-27.9,916.8,NA,250,NA
2012,9,28,12,-28.6,914.7,9,240,NA
2012,9,28,15,-28.6,913,7,240,NA
2012,9,28,18,-28.5,911.6,11,230,NA
2012,9,28,21,-28.5,910.4,NA,220,NA
2012,9,29,0,-29,909.2,NA,240,NA
2012,9,29,3,-29.2,907.8,NA,240,NA
2012,9,29,6,-29.3,906,NA,250,NA
2012,9,29,9,-27.9,902.7,NA,230,NA
2012,9,29,12,-28,901.2,NA,240,NA
2012,9,29,15,-28.2,899.9,NA,230,NA
2012,9,29,18,-27.9,900.6,NA,230,NA
2012,9,29,21,-27.5,901.6,NA,200,NA
2012,9,30,0,-25.7,902.2,NA,10,NA
2012,9,30,3,-25.6,903,4,260,NA
2012,9,30,6,-26.3,904.3,3,280,NA
2012,9,30,9,-25.7,905.8,3,10,NA
2012,9,30,12,-27.1,907.4,5,310,NA
2012,9,30,15,-26.7,909,3,230,NA
2012,9,30,18,-27.7,910.4,NA,0,NA
2012,9,30,21,-26.3,911.5,2,210,NA
2012,10,1,0,-25.3,912.6,1,30,NA
2012,10,1,3,-24.9,913.6,2,230,NA
2012,10,1,6,-25.2,914.2,NA,220,NA
2012,10,1,9,-26.4,915.1,NA,310,NA
2012,10,1,12,-25.9,915.6,NA,360,NA
2012,10,1,15,-25.6,915.7,3,260,NA
2012,10,1,18,-24.8,915.6,1,280,NA
2012,10,1,21,-23.7,915.3,1,350,NA
2012,10,2,0,-23.4,914.8,NA,NA,NA
2012,10,2,3,-24.7,914,NA,240,NA
2012,10,2,6,-24.2,913,NA,250,NA
2012,10,2,9,-24.7,912.4,NA,240,NA
2012,10,2,12,-23.4,911.9,NA,240,NA
2012,10,2,15,-24.8,910.6,NA,230,NA
2012,10,2,18,-24.1,909.5,NA,240,NA
2012,10,2,21,-25.1,908.9,NA,240,NA
2012,10,3,0,-21.5,906.6,NA,220,NA
2012,10,3,3,-21.5,906.3,NA,220,NA
2012,10,3,6,-20.1,904.6,NA,240,NA
2012,10,3,9,-19.4,902.7,NA,240,NA
2012,10,3,12,-18.7,902.2,NA,240,NA
2012,10,3,15,-18,900.6,NA,230,NA
2012,10,3,18,-18.4,901.1,NA,240,NA
2012,10,3,21,-18.6,899.6,57,240,NA
2012,10,4,0,-18.3,899.5,59,240,NA
2012,10,4,3,-17.7,899.9,NA,250,NA
2012,10,4,6,-18,899,NA,NA,NA
2012,10,4,9,-17.3,899.9,NA,NA,NA
2012,10,4,12,-17,901.1,NA,NA,NA
2012,10,4,15,-17.1,902.3,NA,230,NA
2012,10,4,18,-19.9,904.4,NA,230,NA
2012,10,4,21,-19,905.6,NA,240,NA
2012,10,5,0,-18.2,906.7,NA,200,NA
2012,10,5,3,-17.6,906.4,NA,20,NA
2012,10,5,6,-20,905.6,NA,360,NA
2012,10,5,9,-20.2,905.7,NA,20,NA
2012,10,5,12,-20.9,905.9,NA,240,NA
2012,10,5,15,-20.1,905.6,NA,260,NA
2012,10,5,18,-21.2,905.1,NA,250,NA
2012,10,5,21,-20.1,906,9,220,NA
2012,10,6,0,-20.1,906.2,9,240,NA
2012,10,6,3,-21.3,906.7,NA,230,NA
2012,10,6,6,-21.6,907,NA,230,NA
2012,10,6,9,-21.9,907.7,11,250,NA
2012,10,6,12,-21.5,908.8,12,230,NA
2012,10,6,15,-21.2,908.5,NA,240,NA
2012,10,6,18,-20.2,908.1,NA,NA,NA
2012,10,6,21,-18.7,907,NA,NA,NA
2012,10,7,0,-17.5,901.4,NA,NA,NA
2012,10,7,3,-16.9,899.4,NA,240,NA
2012,10,7,6,-16.6,890.3,NA,240,NA
2012,10,7,9,-16,888.7,NA,230,NA
2012,10,7,12,-16.7,894,NA,NA,NA
2012,10,7,15,-16.4,895.2,NA,NA,NA
2012,10,7,18,-15.8,897.7,NA,NA,NA
2012,10,7,21,-14.7,900.3,56,240,NA
2012,10,8,0,-15.8,900.7,NA,230,NA
2012,10,8,3,-15.7,902.5,NA,230,NA
2012,10,8,6,-16.4,906.7,NA,240,NA
2012,10,8,9,-16.9,907.3,NA,220,NA
2012,10,8,12,-16.4,909,NA,240,NA
2012,10,8,15,-17.6,910.3,NA,250,NA
2012,10,8,18,-17.3,909.9,NA,20,NA
2012,10,8,21,-16.4,908.9,NA,50,NA
2012,10,9,0,-17.1,908.3,NA,80,NA
2012,10,9,3,-17.7,907.1,NA,70,NA
2012,10,9,6,-17.4,905.3,NA,60,NA
2012,10,9,9,-17.8,904.1,3,160,NA
2012,10,9,12,-19.9,903.1,4,230,NA
2012,10,9,15,-22.1,902.3,7,240,NA
2012,10,9,18,-22,901.8,5,230,NA
2012,10,9,21,-21.2,901.7,7,230,NA
2012,10,10,0,-20.5,901.8,NA,220,NA
2012,10,10,3,-18.4,901.2,NA,320,NA
2012,10,10,6,-18.6,900.9,3,100,NA
2012,10,10,9,-18.5,901.3,3,340,NA
2012,10,10,12,-18.9,902.2,2,330,NA
2012,10,10,15,-22.1,903.4,NA,270,NA
2012,10,10,18,-21,903.9,NA,250,NA
2012,10,10,21,-22.4,905.3,10,230,NA
2012,10,11,0,-22.5,905,NA,220,NA
2012,10,11,3,-21.8,904.3,NA,240,NA
2012,10,11,6,-22.2,906.6,33,240,NA
2012,10,11,9,-22.6,908,NA,240,NA
2012,10,11,12,-22.3,909.9,NA,260,NA
2012,10,11,15,-22.4,909.8,NA,360,NA
2012,10,11,18,-22.2,909.5,4,60,NA
2012,10,11,21,-21.2,909.6,3,210,NA
2012,10,12,0,-20,909.6,NA,200,NA
2012,10,12,3,-21.1,908.7,NA,170,NA
2012,10,12,6,-21.4,907.7,NA,250,NA
2012,10,12,9,-23.3,907.4,NA,240,NA
2012,10,12,12,-22,907.2,NA,350,NA
2012,10,12,15,-23.1,906.5,NA,20,NA
2012,10,12,18,-24.2,907,NA,250,NA
2012,10,12,21,-25.8,906.2,NA,230,NA
2012,10,13,0,-24.3,906.6,NA,230,NA
2012,10,13,3,-23.4,908.1,NA,240,NA
2012,10,13,6,-21.2,907.4,NA,230,NA
2012,10,13,9,-20.2,908.1,NA,250,NA
2012,10,13,12,-19.8,909.3,NA,240,NA
2012,10,13,15,-18.7,908.9,NA,240,NA
2012,10,13,18,-20,909.5,NA,230,NA
2012,10,13,21,-21,912.1,NA,220,NA
2012,10,14,0,-20.4,911.9,NA,230,NA
2012,10,14,3,-20.3,914.3,NA,230,NA
2012,10,14,6,-20.3,916.2,NA,230,NA
2012,10,14,9,-20.4,916.8,NA,250,NA
2012,10,14,12,-20.4,917.6,NA,290,NA
2012,10,14,15,-21.4,917.6,NA,230,NA
2012,10,14,18,-20.1,917.9,NA,230,NA
2012,10,14,21,-20.1,918.6,NA,240,NA
2012,10,15,0,-18.5,918.7,3,20,NA
2012,10,15,3,-19.1,918.8,2,30,NA
2012,10,15,6,-18.9,918.9,2,270,NA
2012,10,15,9,-19.3,919.2,2,300,NA
2012,10,15,12,-18.8,918.8,6,280,NA
2012,10,15,15,-17,918.2,2,340,NA
2012,10,15,18,-16.5,918.3,NA,340,NA
2012,10,15,21,-16.6,919.1,NA,290,NA
2012,10,16,0,-19.5,920.1,NA,230,NA
2012,10,16,3,-19.2,920.4,5,260,NA
2012,10,16,6,-18,920.3,NA,0,NA
2012,10,16,9,-20.6,920.5,2,40,NA
2012,10,16,12,-22,920.5,3,30,NA
2012,10,16,15,-21.2,920.3,2,30,NA
2012,10,16,18,-19.7,920.8,NA,40,NA
2012,10,16,21,-20.8,922.3,NA,340,NA
2012,10,17,0,-21,924.1,NA,250,NA
2012,10,17,3,-19.1,925.6,4,240,NA
2012,10,17,6,-20.8,926.8,NA,300,NA
2012,10,17,9,-21.3,928.2,NA,250,NA
2012,10,17,12,-21.6,929.4,4,260,NA
2012,10,17,15,-21.2,930.1,6,170,NA
2012,10,17,18,-21.7,930.8,NA,10,NA
2012,10,17,21,-22.2,931.5,6,240,NA
2012,10,18,0,-22.5,931.8,NA,230,NA
2012,10,18,3,-21.6,931.9,NA,230,NA
2012,10,18,6,-21.4,932.1,NA,230,NA
2012,10,18,9,-22.8,932.9,NA,240,NA
2012,10,18,12,-22.9,933,NA,240,NA
2012,10,18,15,-22.5,932.8,9,240,NA
2012,10,18,18,-22.9,931.9,NA,250,NA
2012,10,18,21,-22.8,931.1,7,260,NA
2012,10,19,0,-23.3,930,NA,240,NA
2012,10,19,3,-22.2,928.4,6,250,NA
2012,10,19,6,-21.1,926.6,NA,230,NA
2012,10,19,9,-20.3,925,NA,220,NA
2012,10,19,12,-19.5,922.7,15,230,NA
2012,10,19,15,-19.9,920.8,NA,210,NA
2012,10,19,18,-19.1,918.3,NA,330,NA
2012,10,19,21,-19,916.1,NA,10,NA
2012,10,20,0,-17.4,914.2,NA,80,NA
2012,10,20,3,-17.9,913,NA,10,NA
2012,10,20,6,-18.7,912.4,NA,0,NA
2012,10,20,9,-19.8,912.9,NA,0,NA
2012,10,20,12,-21.5,913.5,NA,0,NA
2012,10,20,15,-21.7,914.2,1,210,NA
2012,10,20,18,-21.1,915.2,1,80,NA
2012,10,20,21,-22.8,916.6,3,260,NA
2012,10,21,0,-21.4,918,1,200,NA
2012,10,21,3,-20.5,919.2,1,260,NA
2012,10,21,6,-20.5,920.3,2,230,NA
2012,10,21,9,-21.8,921.3,1,20,NA
2012,10,21,12,-22,922.3,4,30,NA
2012,10,21,15,-22.1,922.8,NA,30,NA
2012,10,21,18,-21.8,923.9,NA,0,NA
2012,10,21,21,-21.6,925.2,3,20,NA
2012,10,22,0,-20.2,926.3,NA,30,NA
2012,10,22,3,-19.6,927.1,4,0,NA
2012,10,22,6,-19.1,927.3,NA,350,NA
2012,10,22,9,-18.9,927.5,4,320,NA
2012,10,22,12,-18.3,927.1,2,310,NA
2012,10,22,15,-17.6,926.5,2,280,NA
2012,10,22,18,-19.7,926.3,NA,NA,NA
2012,10,22,21,-17.5,925.8,1,270,NA
2012,10,23,0,-18.4,925.2,2,70,NA
2012,10,23,3,-16.7,924.5,3,240,NA
2012,10,23,6,-19.5,924.1,6,NA,NA
2012,10,23,9,-20.5,923.7,NA,NA,NA
2012,10,23,12,-19.9,923.7,NA,NA,NA
2012,10,23,15,-21.1,923,NA,230,NA
2012,10,23,18,-20.3,922.6,NA,220,NA
2012,10,23,21,-20.2,922.6,20,230,NA
2012,10,24,0,-18.8,923.1,NA,240,NA
2012,10,24,3,-17.8,923.3,NA,240,NA
2012,10,24,6,-17.6,923.1,17,240,NA
2012,10,24,9,-17.3,923.7,14,230,NA
2012,10,24,12,-16.1,924.6,NA,NA,NA
2012,10,24,15,-17,924.7,NA,NA,NA
2012,10,24,18,-18.2,925.6,NA,NA,NA
2012,10,24,21,-18.8,926.5,NA,NA,NA
2012,10,25,0,-19,927.1,NA,NA,NA
2012,10,25,3,-18.2,927.3,15,NA,NA
2012,10,25,6,-18.2,927.4,12,NA,NA
2012,10,25,9,-18.2,926.9,NA,250,NA
2012,10,25,12,-18.2,926.1,NA,250,NA
2012,10,25,15,-18.1,924.6,NA,160,NA
2012,10,25,18,-18.6,922.9,4,90,NA
2012,10,25,21,-18.3,921.5,2,60,NA
2012,10,26,0,-17.9,920.4,3,80,NA
2012,10,26,3,-17.5,919.7,3,120,NA
2012,10,26,6,-18.3,919.5,NA,250,NA
2012,10,26,9,-18.4,919.5,NA,250,NA
2012,10,26,12,-19.7,919.9,NA,230,NA
2012,10,26,15,-20.5,920,NA,240,NA
2012,10,26,18,-20.5,920.9,13,230,NA
2012,10,26,21,-18.7,921.6,NA,230,NA
2012,10,27,0,-17.9,921.4,NA,220,NA
2012,10,27,3,-18.4,921.9,NA,240,NA
2012,10,27,6,-18.9,923.2,NA,240,NA
2012,10,27,9,-18.9,923.8,NA,250,NA
2012,10,27,12,-19,925,NA,240,NA
2012,10,27,15,-19,927,39,240,NA
2012,10,27,18,-18.6,928.5,NA,230,NA
2012,10,27,21,-18.9,929.1,NA,240,NA
2012,10,28,0,-18.3,929.2,NA,230,NA
2012,10,28,3,-18.7,929.1,NA,220,NA
2012,10,28,6,-19.4,928.2,NA,250,NA
2012,10,28,9,-19.9,927.1,NA,240,NA
2012,10,28,12,-19.4,926,NA,0,NA
2012,10,28,15,-20.8,924.3,NA,270,NA
2012,10,28,18,-19.8,922.8,2,40,NA
2012,10,28,21,-19.4,921.5,NA,60,NA
2012,10,29,0,-19.3,920.4,4,120,NA
2012,10,29,3,-18.7,919.2,2,200,NA
2012,10,29,6,-18.8,918.7,1,230,NA
2012,10,29,9,-19.7,918.8,1,250,NA
2012,10,29,12,-20.5,919.1,NA,260,NA
2012,10,29,15,-20.7,919.4,NA,250,NA
2012,10,29,18,-20.8,920.5,10,250,NA
2012,10,29,21,-20.7,921.8,14,230,NA
2012,10,30,0,-20.4,922.9,NA,220,NA
2012,10,30,3,-19.4,923.5,NA,220,NA
2012,10,30,6,-19.9,923.9,NA,230,NA
2012,10,30,9,-20.1,924,NA,NA,NA
2012,10,30,12,-19.8,924.2,NA,NA,NA
2012,10,30,15,-19,924.1,37,NA,NA
2012,10,30,18,-19.5,924.6,36,NA,NA
2012,10,30,21,-19.4,927.3,NA,NA,NA
2012,10,31,0,-18.8,928.1,NA,NA,NA
2012,10,31,3,-18.6,928.2,NA,240,NA
2012,10,31,6,-17.9,928.3,17,NA,NA
2012,10,31,9,-18.1,928.8,16,NA,NA
2012,10,31,12,-16.9,928.5,14,NA,NA
2012,10,31,15,-17.3,928.3,16,NA,NA
2012,10,31,18,-17.3,928.4,16,230,NA
2012,10,31,21,-17.6,928.5,17,230,NA
2012,11,1,0,-18,928.3,NA,230,NA
2012,11,1,3,-15.3,928.2,NA,220,NA
2012,11,1,6,-15.8,926.6,NA,230,NA
2012,11,1,9,-16.8,925.9,NA,230,NA
2012,11,1,12,-16.9,925.2,NA,240,NA
2012,11,1,15,-17.6,924.3,NA,240,NA
2012,11,1,18,-19.4,921.3,NA,230,1
2012,11,1,21,-18.5,921.1,NA,NA,NA
2012,11,2,0,-18.1,920.3,NA,NA,NA
2012,11,2,3,-17.6,917.8,NA,NA,NA
2012,11,2,6,-15.9,918.5,NA,NA,NA
2012,11,2,9,-15.2,921.1,NA,240,NA
2012,11,2,12,-16.1,923.4,NA,NA,NA
2012,11,2,15,-15.5,923.4,59,NA,NA
2012,11,2,18,-15.7,924.2,NA,NA,NA
2012,11,2,21,-15.3,924.6,NA,230,NA
2012,11,3,0,-14.7,924.3,52,240,NA
2012,11,3,3,-14.9,922.8,NA,230,NA
2012,11,3,6,-14,921.8,NA,NA,NA
2012,11,3,9,-14.6,922.7,NA,NA,NA
2012,11,3,12,-15.3,921.8,NA,NA,NA
2012,11,3,15,-15,922.8,60,240,NA
2012,11,3,18,-14.1,924.3,60,250,NA
2012,11,3,21,-14,923.3,NA,240,NA
2012,11,4,0,-14.9,926.9,56,230,NA
2012,11,4,3,-13.7,929.2,NA,240,NA
2012,11,4,6,-14.3,931.4,NA,220,NA
2012,11,4,9,-14.5,933.3,NA,230,NA
2012,11,4,12,-14.7,933.7,NA,230,NA
2012,11,4,15,-13.8,934.1,NA,230,NA
2012,11,4,18,-13.3,934,NA,220,NA
2012,11,4,21,-12.2,933.9,NA,30,NA
2012,11,5,0,-13.1,932.9,NA,30,NA
2012,11,5,3,-12.6,931.7,NA,20,NA
2012,11,5,6,-14.1,930.2,12,40,NA
2012,11,5,9,-13.4,928.5,14,40,NA
2012,11,5,12,-13.6,926.9,NA,70,NA
2012,11,5,15,-14.8,926,2,110,NA
2012,11,5,18,-15.8,924.5,NA,230,NA
2012,11,5,21,-16.3,923.3,NA,240,NA
2012,11,6,0,-16.4,924.3,NA,240,NA
2012,11,6,3,-15.8,928.1,NA,240,NA
2012,11,6,6,-14.6,930.2,NA,230,NA
2012,11,6,9,-15.5,930,NA,220,NA
2012,11,6,12,-16,929.1,NA,10,NA
2012,11,6,15,-15.6,927.1,NA,260,NA
2012,11,6,18,-16,925.7,5,240,NA
2012,11,6,21,-14.7,924.4,7,220,NA
2012,11,7,0,-15.7,923.8,NA,230,NA
2012,11,7,3,-12.6,923.4,NA,230,NA
2012,11,7,6,-12.7,923.2,NA,150,NA
2012,11,7,9,-12.9,923.5,NA,0,NA
2012,11,7,12,-13.8,923.9,NA,20,NA
2012,11,7,15,-13.9,924.9,NA,10,NA
2012,11,7,18,-12.7,926.4,9,60,NA
2012,11,7,21,-11.8,927.9,NA,80,NA
2012,11,8,0,-13.1,929.7,NA,260,NA
2012,11,8,3,-15.4,931,NA,230,NA
2012,11,8,6,-15.6,932.4,NA,230,NA
2012,11,8,9,-15.5,934,NA,230,NA
2012,11,8,12,-16,935.2,15,240,NA
2012,11,8,15,-16.1,934.4,NA,240,NA
2012,11,8,18,-16.2,934.9,NA,250,NA
2012,11,8,21,-16.5,936.2,NA,240,NA
2012,11,9,0,-15.4,937,NA,220,NA
2012,11,9,3,-15.3,936.3,NA,230,NA
2012,11,9,6,-15.7,935.6,8,250,NA
2012,11,9,9,-14.7,933.6,NA,240,NA
2012,11,9,12,-14.5,931.8,NA,240,NA
2012,11,9,15,-13.8,930.1,NA,240,NA
2012,11,9,18,-13.2,927.2,NA,230,NA
2012,11,9,21,-15.5,927.1,NA,NA,NA
2012,11,10,0,-15.9,926.8,NA,NA,NA
2012,11,10,3,-14.3,926.7,NA,NA,NA
2012,11,10,6,-14.5,926.8,NA,240,NA
2012,11,10,9,-15,927.2,16,240,NA
2012,11,10,12,-15.2,927.7,NA,220,NA
2012,11,10,15,-14.6,928.6,NA,240,NA
2012,11,10,18,-16.2,929.2,21,230,NA
2012,11,10,21,-15.2,929.1,NA,230,NA
2012,11,11,0,-15.7,930.9,NA,220,NA
2012,11,11,3,-15,932,NA,220,NA
2012,11,11,6,-15,933.6,NA,210,NA
2012,11,11,9,-14.8,933.5,NA,260,NA
2012,11,11,12,-15.6,933.1,NA,340,NA
2012,11,11,15,-16.1,933.1,NA,250,NA
2012,11,11,18,-14.5,933.5,NA,210,NA
2012,11,11,21,-15,934.2,7,230,NA
2012,11,12,0,-14,934.6,8,230,NA
2012,11,12,3,-13,935.2,NA,230,NA
2012,11,12,6,-12.4,935.9,NA,240,NA
2012,11,12,9,-14.7,935.7,NA,240,NA
2012,11,12,12,-13.4,936.3,NA,260,NA
2012,11,12,15,-13.3,936.1,NA,240,NA
2012,11,12,18,-12.8,935.4,NA,300,NA
2012,11,12,21,-10.8,934.8,3,20,NA
2012,11,13,0,-10.8,933.6,NA,70,NA
2012,11,13,3,-9.9,932.3,NA,10,NA
2012,11,13,6,-9.9,930.6,NA,0,NA
2012,11,13,9,-10.3,929.2,1,350,NA
2012,11,13,12,-11.1,927.4,NA,330,NA
2012,11,13,15,-10.8,925,NA,350,NA
2012,11,13,18,-11.1,922.9,NA,360,NA
2012,11,13,21,-9.8,921.3,NA,220,NA
2012,11,14,0,-14.5,923.1,NA,140,NA
2012,11,14,3,-14.3,922.9,NA,100,NA
2012,11,14,6,-14.4,922.5,NA,220,NA
2012,11,14,9,-14.1,920.2,NA,240,NA
2012,11,14,12,-14.5,920.4,NA,NA,NA
2012,11,14,15,-12.4,917.8,NA,NA,NA
2012,11,14,18,-11.5,918.6,NA,250,NA
2012,11,14,21,-9.8,917,NA,240,NA
2012,11,15,0,-10,918.6,40,240,NA
2012,11,15,3,-9.4,920.7,NA,230,NA
2012,11,15,6,-7.8,922,NA,250,NA
2012,11,15,9,-7.3,922.7,NA,240,NA
2012,11,15,12,-6.7,923.2,NA,250,NA
2012,11,15,15,-6,922.7,NA,230,NA
2012,11,15,18,-7.1,924,NA,240,NA
2012,11,15,21,-6.2,925,26,240,NA
2012,11,16,0,-7.3,927.2,NA,240,NA
2012,11,16,3,-2.9,927.2,NA,340,NA
2012,11,16,6,-4.8,927.4,NA,0,NA
2012,11,16,9,NA,928.6,NA,240,NA
2012,11,16,12,-8.1,928.3,NA,260,NA
2012,11,16,15,-10.5,929.2,NA,220,NA
2012,11,16,18,-11.1,928.7,NA,220,NA
2012,11,16,21,-11.3,928.2,NA,220,NA
2012,11,17,0,-10.8,927.1,14,200,NA
2012,11,17,3,-11.1,926.2,NA,230,NA
2012,11,17,6,-10.9,925.5,NA,230,NA
2012,11,17,9,-11,925.2,NA,240,NA
2012,11,17,12,-11.5,924.4,7,250,NA
2012,11,17,15,-12.2,923.4,5,240,NA
2012,11,17,18,-11.9,922.4,7,240,NA
2012,11,17,21,-11.4,922,NA,240,NA
2012,11,18,0,-11.2,921.7,11,220,NA
2012,11,18,3,-11.2,920.2,NA,230,NA
2012,11,18,6,-11.3,918.7,NA,230,NA
2012,11,18,9,-11,917.5,NA,240,NA
2012,11,18,12,-11.7,918.6,NA,240,NA
2012,11,18,15,-11.4,920.3,NA,NA,NA
2012,11,18,18,-10.2,917.4,NA,NA,NA
2012,11,18,21,-11.2,917.8,NA,NA,NA
2012,11,19,0,-11.6,920.6,NA,230,NA
2012,11,19,3,-10.4,921.7,NA,230,NA
2012,11,19,6,-10.7,922.2,NA,240,NA
2012,11,19,9,-10.5,922.7,NA,220,NA
2012,11,19,12,-11.5,922.8,NA,260,NA
2012,11,19,15,-11.4,922.4,NA,20,NA
2012,11,19,18,-11,922.1,2,10,NA
2012,11,19,21,-10.3,922,1,240,NA
2012,11,20,0,-10,922,3,120,NA
2012,11,20,3,-10.4,921.9,5,60,NA
2012,11,20,6,-10.4,921.9,2,20,NA
2012,11,20,9,-10.8,922,1,30,NA
2012,11,20,12,-10.6,922.5,1,330,NA
2012,11,20,15,-11.8,922.6,NA,260,NA
2012,11,20,18,-12.8,923.2,4,270,NA
2012,11,20,21,-11.5,924.2,2,220,NA
2012,11,21,0,-10.4,925.3,5,210,NA
2012,11,21,3,-11.3,926.3,5,200,NA
2012,11,21,6,-11.8,927.1,7,230,NA
2012,11,21,9,-12.5,927.7,NA,260,NA
2012,11,21,12,-11.5,928.4,NA,40,NA
2012,11,21,15,-12.2,928.8,4,240,NA
2012,11,21,18,-10.7,929,5,210,NA
2012,11,21,21,-9.1,929.6,5,210,NA
2012,11,22,0,-6.2,930.3,2,190,NA
2012,11,22,3,-4.7,930.6,2,280,NA
2012,11,22,6,-7.7,931.4,6,30,29
2012,11,22,9,-6.7,932.3,5,320,22
2012,11,22,12,-7.1,933.1,6,10,19
2012,11,22,15,-7.5,933.7,2,300,20
2012,11,22,18,-8.2,933.5,NA,260,27
2012,11,22,21,-7.3,933.6,NA,80,37
2012,11,23,0,-8.9,933.3,3,230,NA
2012,11,23,3,-9.8,932.7,NA,60,74
2012,11,23,6,-10.6,931.5,NA,50,73
2012,11,23,9,-11,930.7,NA,30,73
2012,11,23,12,-11.9,930.1,12,360,72
2012,11,23,15,-11.9,929.2,NA,30,72
2012,11,23,18,-11.4,928.2,NA,40,72
2012,11,23,21,-10.5,927.2,5,70,74
2012,11,24,0,-9.5,926.2,6,80,75
2012,11,24,3,-9.6,924.8,6,60,76
2012,11,24,6,-9.5,923.8,4,70,76
2012,11,24,9,-11.1,923.4,NA,260,74
2012,11,24,12,-11.8,922.7,NA,250,73
2012,11,24,15,-12.3,921.9,NA,240,72
2012,11,24,18,-11.4,921.7,NA,230,71
2012,11,24,21,-12,922.4,16,230,69
2012,11,25,0,-10.7,922,NA,220,NA
2012,11,25,3,-10.3,922.8,NA,230,74
2012,11,25,6,-10.4,922.2,NA,220,75
2012,11,25,9,-10.3,922.4,NA,210,75
2012,11,25,12,-10.4,921.9,NA,200,75
2012,11,25,15,-10.6,921.5,2,240,74
2012,11,25,18,-9.5,921.5,NA,280,76
2012,11,25,21,-8.5,921.1,1,60,78
2012,11,26,0,-10,920.8,2,30,75
2012,11,26,3,-10.5,921,NA,30,75
2012,11,26,6,-10.8,921.7,NA,20,75
2012,11,26,9,-10.5,922.9,NA,40,75
2012,11,26,12,-10,923.9,NA,NA,75
2012,11,26,15,-9.6,924.9,NA,NA,76
2012,11,26,18,-9.8,926,2,240,76
2012,11,26,21,-8.1,927.3,3,240,78
2012,11,27,0,-7.5,927.6,3,230,79
2012,11,27,3,-8.2,927.5,4,240,78
2012,11,27,6,-9.2,927.7,NA,200,77
2012,11,27,9,-10.1,927,NA,220,76
2012,11,27,12,-10.5,926,NA,240,76
2012,11,27,15,-10.7,924.7,NA,240,75
2012,11,27,18,-9.9,924.1,NA,230,62
2012,11,27,21,-9.8,923.7,NA,230,62
2012,11,28,0,-10.5,921.3,NA,240,75
2012,11,28,3,-10,921.3,NA,230,76
2012,11,28,6,-9.7,921.4,41,240,75
2012,11,28,9,-9.5,921.3,43,230,67
2012,11,28,12,-9,922.2,NA,NA,36
2012,11,28,15,-9.3,921.7,NA,NA,31
2012,11,28,18,-8.5,922.1,31,NA,30
2012,11,28,21,-7.6,922,31,NA,31
2012,11,29,0,-7.3,922.2,33,240,30
2012,11,29,3,-8.9,922.8,NA,220,57
2012,11,29,6,-9.3,924,NA,230,75
2012,11,29,9,-8.6,924.1,NA,230,68
2012,11,29,12,-7.9,924,NA,230,45
2012,11,29,15,-8.3,923.2,4,350,34
2012,11,29,18,-6.1,922.9,2,160,39
2012,11,29,21,-6.9,922.7,2,160,37
2012,11,30,0,-8.1,922.2,3,110,65
2012,11,30,3,-9,922.1,2,120,76
2012,11,30,6,-8.4,921.8,3,80,72
2012,11,30,9,-9,921.6,3,100,74
2012,11,30,12,-9.8,922,3,120,77
2012,11,30,15,-9.8,922.4,1,260,74
2012,11,30,18,-10.2,922.9,5,250,77
2012,11,30,21,-10,923.9,NA,250,72
2012,12,1,0,-9.4,924.8,3,260,66
2012,12,1,3,-9.1,925.5,5,250,69
2012,12,1,6,-9.1,926.1,4,260,72
2012,12,1,9,-8.7,927,NA,210,74
2012,12,1,12,-8.9,927.9,NA,NA,77
2012,12,1,15,-9.4,928.2,3,260,73
2012,12,1,18,NA,928.7,1,250,76
2012,12,1,21,-9.1,929,2,110,74
2012,12,2,0,-8.6,929.4,NA,20,75
2012,12,2,3,-8.1,929,5,60,79
2012,12,2,6,-7.6,928.9,NA,80,80
2012,12,2,9,-8.2,928.6,NA,330,81
2012,12,2,12,-8.7,928.1,NA,40,80
2012,12,2,15,-9.3,927.3,5,10,78
2012,12,2,18,-9,927.3,4,360,78
2012,12,2,21,NA,927.8,1,80,79
2012,12,3,0,-7.9,927.4,2,150,79
2012,12,3,3,-7.5,927.1,2,230,80
2012,12,3,6,-8.2,926.6,6,240,60
2012,12,3,9,-8.8,926.1,6,240,61
2012,12,3,12,-9.8,925.4,8,240,72
2012,12,3,15,-8.4,924.2,NA,350,60
2012,12,3,18,-6.8,923.5,NA,320,44
2012,12,3,21,NA,923,1,210,38
2012,12,4,0,-6.6,922.5,NA,230,36
2012,12,4,3,-5.6,922.4,NA,200,36
2012,12,4,6,-6,922.3,NA,10,27
2012,12,4,9,NA,922,1,110,28
2012,12,4,12,-6,922.2,2,190,27
2012,12,4,15,-6.4,922.2,NA,240,33
2012,12,4,18,-4.9,922.5,4,240,34
2012,12,4,21,-3.9,923.4,NA,100,33
2012,12,5,0,-4.3,923.9,6,350,38
2012,12,5,3,-3.9,923.8,4,10,36
2012,12,5,6,-2.6,923.9,NA,150,32
2012,12,5,9,-3.9,924.2,3,240,31
2012,12,5,12,-6.6,924.5,NA,270,34
2012,12,5,15,NA,924.1,1,220,31
2012,12,5,18,-4.1,924.3,2,250,31
2012,12,5,21,-3.5,924.4,NA,240,29
2012,12,6,0,-2.4,924.3,NA,240,31
2012,12,6,3,-1.9,923.6,NA,160,32
2012,12,6,6,NA,923.4,1,10,31
2012,12,6,9,NA,923.3,1,20,NA
2012,12,6,12,NA,923.4,1,30,39
2012,12,6,15,-4.4,922.9,3,260,31
2012,12,6,18,NA,923,1,240,28
2012,12,6,21,-3.7,923.3,4,240,32
2012,12,7,0,-3.8,923.3,4,210,34
2012,12,7,3,-3.8,922.8,4,170,37
2012,12,7,6,-3.2,922.8,3,240,32
2012,12,7,9,NA,922.7,1,20,36
2012,12,7,12,-3.8,922.5,2,340,30
2012,12,7,15,NA,922.6,1,210,36
2012,12,7,18,-4.5,922.9,NA,230,45
2012,12,7,21,-5.1,923.5,NA,230,78
2012,12,8,0,-4,923.9,NA,220,73
2012,12,8,3,-3.3,924.2,NA,240,66
2012,12,8,6,-4.7,924.8,10,230,77
2012,12,8,9,-5.4,925.4,10,240,79
2012,12,8,12,-5.9,926.6,8,220,82
2012,12,8,15,-5.9,926.7,6,220,82
2012,12,8,18,-5.3,927.5,NA,0,83
2012,12,8,21,-4.8,928.3,NA,190,84
2012,12,9,0,NA,928.9,1,340,85
2012,12,9,3,-3.9,928.7,2,10,70
2012,12,9,6,-3.9,928.5,NA,30,73
2012,12,9,9,-5.3,927.8,NA,350,82
2012,12,9,12,-5.4,927,NA,0,79
2012,12,9,15,-5.8,926.3,NA,20,73
2012,12,9,18,-4.2,926.1,NA,60,79
2012,12,9,21,-4.9,926.3,NA,70,84
2012,12,10,0,-5.7,927.1,3,140,84
2012,12,10,3,-6.1,927.1,3,100,83
2012,12,10,6,-5.5,927.3,2,150,84
2012,12,10,9,-5.6,927.2,NA,NA,84
2012,12,10,12,-6.8,927.7,NA,250,83
2012,12,10,15,-6.5,927.3,4,240,83
2012,12,10,18,-6.3,927.5,5,230,83
2012,12,10,21,NA,927.4,1,240,84
2012,12,11,0,-5.4,927.7,3,120,85
2012,12,11,3,-5.2,927.6,2,240,85
2012,12,11,6,NA,927.6,1,210,85
2012,12,11,9,-5.4,927.6,2,210,85
2012,12,11,12,-5.9,927.5,3,250,84
2012,12,11,15,-6.9,926.8,NA,260,83
2012,12,11,18,-6.2,926.5,5,230,84
2012,12,11,21,-4.7,925.6,3,130,86
2012,12,12,0,-5,924.8,2,140,85
2012,12,12,3,-5.3,923.4,NA,50,84
2012,12,12,6,-5.7,922.9,NA,50,85
2012,12,12,9,-6,922.7,6,40,84
2012,12,12,12,-6.3,922.8,NA,30,84
2012,12,12,15,-6.5,923.2,5,20,83
2012,12,12,18,-6.2,924.3,2,40,84
2012,12,12,21,-5.4,925.5,2,60,84
2012,12,13,0,NA,926.9,1,110,85
2012,12,13,3,NA,927.5,1,240,85
2012,12,13,6,-5.1,928.3,2,230,85
2012,12,13,9,-5.6,929.1,2,240,85
2012,12,13,12,-6.1,929.7,2,230,84
2012,12,13,15,NA,930.1,1,200,84
2012,12,13,18,-5.8,930.4,NA,NA,84
2012,12,13,21,-5,930.8,NA,NA,85
2012,12,14,0,-5.6,931.3,2,110,85
2012,12,14,3,NA,931,1,190,86
2012,12,14,6,NA,931.1,1,240,85
2012,12,14,9,-6.2,930.9,2,320,85
2012,12,14,12,-6.8,931.2,NA,NA,84
2012,12,14,15,-6.5,931.2,NA,NA,84
2012,12,14,18,-6.3,931.6,2,240,84
2012,12,14,21,NA,932.2,1,210,86
2012,12,15,0,NA,932.8,1,140,86
2012,12,15,3,NA,933,1,140,86
2012,12,15,6,-5.5,933.4,4,10,85
2012,12,15,9,-7,933.5,NA,350,79
2012,12,15,12,-6.6,933.7,NA,10,68
2012,12,15,15,-6.6,933.3,NA,20,74
2012,12,15,18,-6.2,932.6,NA,250,78
2012,12,15,21,-7.2,932.7,7,260,80
2012,12,16,0,-7.2,932.9,NA,250,83
2012,12,16,3,-7.3,933.7,9,230,83
2012,12,16,6,-7.2,933.7,NA,240,83
2012,12,16,9,-6.9,934,NA,190,83
2012,12,16,12,-7,934.1,NA,250,82
2012,12,16,15,-4.6,934.3,NA,280,33
2012,12,16,18,-2.6,934.2,NA,10,30
2012,12,16,21,-2.8,934.2,6,10,33
2012,12,17,0,-2.8,934.4,NA,30,35
2012,12,17,3,-4.1,934.5,NA,10,NA
2012,12,17,6,-6.4,934.8,NA,70,96
2012,12,17,9,-6.7,934.9,5,70,96
2012,12,17,12,-7.8,934.5,7,40,95
2012,12,17,15,-7.8,934.1,6,60,95
2012,12,17,18,-7.8,934,6,50,95
2012,12,17,21,-6.7,933.9,3,30,96
2012,12,18,0,-6.1,933.9,6,50,96
2012,12,18,3,-6.4,933.7,5,40,97
2012,12,18,6,-5.3,933.7,3,240,96
2012,12,18,9,-4.8,934.1,2,240,92
2012,12,18,12,-5.5,934.1,2,250,81
2012,12,18,15,-5.4,933.7,2,340,57
2012,12,18,18,NA,933.6,1,150,72
2012,12,18,21,-4.6,933.6,2,240,68
2012,12,19,0,-3.8,933.5,3,50,81
2012,12,19,3,-4.4,933.3,NA,NA,77
2012,12,19,6,-5,933.6,2,10,85
2012,12,19,9,-7.1,933.9,2,40,93
2012,12,19,12,-8,934.6,3,20,93
2012,12,19,15,-8.5,934.9,4,360,94
2012,12,19,18,-6.8,935.6,2,250,91
2012,12,19,21,-6,936.2,3,220,82
2012,12,20,0,-5.4,936.6,4,200,75
2012,12,20,3,-5.5,936.6,3,180,80
2012,12,20,6,-6,936.4,3,190,82
2012,12,20,9,-6.7,936.2,3,240,81
2012,12,20,12,NA,936.1,1,270,75
2012,12,20,15,-6.9,935.2,3,330,74
2012,12,20,18,-6.3,934.3,2,230,77
2012,12,20,21,-5.5,933.8,4,150,72
2012,12,21,0,-5.2,933,3,230,68
2012,12,21,3,-5.2,931.6,NA,170,69
2012,12,21,6,-5.4,930.3,NA,220,63
2012,12,21,9,-6.1,929.3,NA,240,65
2012,12,21,12,-7.8,928.1,NA,20,71
2012,12,21,15,-8.4,926.4,NA,20,73
2012,12,21,18,-7.4,925.1,NA,20,79
2012,12,21,21,-5.3,924.2,NA,60,76
2012,12,22,0,-7.3,923.9,NA,10,77
2012,12,22,3,-7.5,923.5,NA,20,83
2012,12,22,6,-7.3,923.6,NA,20,93
2012,12,22,9,-7.3,924.2,NA,350,85
2012,12,22,12,-8.5,924.7,NA,10,75
2012,12,22,15,-8.2,925.2,7,360,75
2012,12,22,18,-6.4,926.7,3,250,77
2012,12,22,21,-6.1,928.5,3,220,76
2012,12,23,0,-5.9,930.1,NA,210,79
2012,12,23,3,-6.9,930.8,NA,230,84
2012,12,23,6,-7.2,932,NA,NA,88
2012,12,23,9,-7.6,931.9,NA,NA,94
2012,12,23,12,-7.6,933.7,NA,NA,94
2012,12,23,15,-7.9,935.1,NA,230,95
2012,12,23,18,-8.7,936,33,230,94
2012,12,23,21,-8.6,936,36,230,94
2012,12,24,0,-8.2,934.8,37,240,94
2012,12,24,3,-6.8,934.2,NA,240,71
2012,12,24,6,-7.1,935,NA,210,68
2012,12,24,9,-6.7,932.9,NA,230,53
2012,12,24,12,-7.5,932.8,NA,230,69
2012,12,24,15,-7.9,928.5,NA,240,91
2012,12,24,18,-8.2,928.9,NA,240,94
2012,12,24,21,-7.4,927.7,NA,NA,91
2012,12,25,0,-7.1,925.2,NA,NA,90
2012,12,25,3,-7.2,927.5,NA,NA,91
2012,12,25,6,-6.4,927.5,NA,NA,94
2012,12,25,9,-6.7,927.4,48,NA,96
2012,12,25,12,-6.7,930.2,NA,NA,96
2012,12,25,15,-6.9,928.7,NA,NA,96
2012,12,25,18,-6.7,927.8,NA,NA,96
2012,12,25,21,-7,929.6,NA,NA,96
2012,12,26,0,-6.6,930.4,NA,220,95
2012,12,26,3,-6.5,929.5,NA,230,96
2012,12,26,6,-6.5,929.5,NA,220,97
2012,12,26,9,-6.8,929.1,NA,230,97
2012,12,26,12,-6.9,928.8,NA,240,97
2012,12,26,15,-6.3,928.6,NA,240,97
2012,12,26,18,-5.9,928.9,NA,240,96
2012,12,26,21,-5.6,928.2,NA,230,97
2012,12,27,0,-5.2,929.5,NA,240,96
2012,12,27,3,-4.9,929.8,46,NA,95
2012,12,27,6,-4,931.5,NA,NA,95
2012,12,27,9,-2.9,932.1,NA,NA,71
2012,12,27,12,-2.1,932.5,35,230,59
2012,12,27,15,-3.9,934.5,NA,220,61
2012,12,27,18,-1.3,933.7,NA,240,49
2012,12,27,21,-0.9,933.5,NA,230,46
2012,12,28,0,-1.6,933.8,NA,240,52
2012,12,28,3,-0.6,933.4,NA,30,49
2012,12,28,6,-1.4,932,NA,350,51
2012,12,28,9,-1.2,930.9,NA,350,40
2012,12,28,12,-1.2,930.5,NA,360,42
2012,12,28,15,-0.3,929.7,NA,220,42
2012,12,28,18,-3.1,929,NA,240,64
2012,12,28,21,-1.2,929.1,NA,230,54
2012,12,29,0,-1.4,928.5,7,230,57
2012,12,29,3,-0.4,927.8,7,230,47
2012,12,29,6,-1.4,927.1,7,210,66
2012,12,29,9,-1.8,926.3,10,240,63
2012,12,29,12,-3.8,926.3,NA,230,68
2012,12,29,15,-5.1,926.3,NA,240,93
2012,12,29,18,-4.8,927.5,NA,230,87
2012,12,29,21,-3.4,928.4,NA,250,78
2012,12,30,0,-3.3,929.4,NA,200,80
2012,12,30,3,-1.9,929.3,NA,190,69
2012,12,30,6,-2.1,929.3,NA,10,76
2012,12,30,9,-2.8,928.7,NA,20,64
2012,12,30,12,-2.7,928.4,NA,10,66
2012,12,30,15,-2.9,928.3,NA,20,67
2012,12,30,18,-2.2,928,NA,280,64
2012,12,30,21,-1.4,928.4,NA,180,68
2012,12,31,0,-1.2,928.5,2,30,72
2012,12,31,3,-1.8,928.1,3,230,63
2012,12,31,6,-2.5,928.1,2,50,65
2012,12,31,9,-1.5,928.4,3,270,64
2012,12,31,12,-3.8,928.5,NA,10,74
2012,12,31,15,-3,928.3,NA,350,78
2012,12,31,18,-3.2,928.6,10,360,82
2012,12,31,21,-2.9,929.3,NA,0,89
2013,1,1,0,-2.2,929.9,13,20,83
2013,1,1,3,-2.9,930.4,9,50,75
2013,1,1,6,-2.5,931.1,NA,20,70
2013,1,1,9,-2.8,931.8,NA,10,71
2013,1,1,12,-2.5,932.1,NA,NA,65
2013,1,1,15,-5,931.8,NA,NA,74
2013,1,1,18,-3.1,932.2,NA,NA,70
2013,1,1,21,-4.4,932.4,NA,40,97
2013,1,2,0,-3.3,932.7,NA,360,97
2013,1,2,3,-3.9,933.1,5,10,95
2013,1,2,6,-2.9,933.4,2,190,90
2013,1,2,9,-1.2,934.1,3,230,65
2013,1,2,12,-1.8,934.9,2,240,59
2013,1,2,15,-2,935.3,3,230,58
2013,1,2,18,0.2,936.2,2,240,42
2013,1,2,21,1.3,937,NA,200,44
2013,1,3,0,2.4,937.6,NA,240,31
2013,1,3,3,1.1,938.1,NA,60,37
2013,1,3,6,0.9,938.4,NA,180,36
2013,1,3,9,-0.5,938.9,NA,240,43
2013,1,3,12,NA,939.1,1,40,51
2013,1,3,15,-2.8,938.4,2,270,43
2013,1,3,18,-4.6,938.2,2,30,75
2013,1,3,21,-4,937.9,3,170,89
2013,1,4,0,-4.8,937.9,6,190,85
2013,1,4,3,-4.7,935.9,NA,210,86
2013,1,4,6,-5.8,934.5,NA,220,96
2013,1,4,9,-5.7,932,NA,230,96
2013,1,4,12,-6.2,929.3,NA,230,94
2013,1,4,15,-6.1,930,NA,240,97
2013,1,4,18,-5.9,928,NA,230,97
2013,1,4,21,-5.6,927.3,NA,NA,97
2013,1,5,0,-5.3,928.4,NA,NA,97
2013,1,5,3,-5.6,927.9,NA,NA,97
2013,1,5,6,-6.1,927.2,NA,220,97
2013,1,5,9,-5.4,928.9,NA,230,97
2013,1,5,12,-6.3,928.5,NA,220,97
2013,1,5,15,-5.5,927,NA,220,93
2013,1,5,18,-6.2,926.3,16,220,95
2013,1,5,21,-5.8,925.7,NA,230,91
2013,1,6,0,-4.9,924.6,NA,220,92
2013,1,6,3,-4.5,923.4,NA,80,92
2013,1,6,6,-5.5,922.2,6,70,94
2013,1,6,9,-5.3,921.1,3,30,83
2013,1,6,12,-3.5,920.5,2,310,46
2013,1,6,15,-6.5,920.2,NA,340,82
2013,1,6,18,-5.4,920.8,5,30,92
2013,1,6,21,-3.7,921.6,NA,70,81
2013,1,7,0,-4.3,922.7,5,50,91
2013,1,7,3,-4.4,923.6,4,110,98
2013,1,7,6,-5.7,925,5,60,97
2013,1,7,9,-6,926.1,4,10,98
2013,1,7,12,NA,927.8,1,180,97
2013,1,7,15,-5.7,928.7,2,40,97
2013,1,7,18,-5.8,929.7,3,40,97
2013,1,7,21,-5.7,930.7,3,30,97
2013,1,8,0,-5.6,931.6,7,20,98
2013,1,8,3,-5,931.7,7,40,98
2013,1,8,6,-5.4,932.1,7,10,98
2013,1,8,9,-5.1,932.4,6,10,98
2013,1,8,12,-6.5,932.3,7,330,97
2013,1,8,15,-5.8,931.6,8,360,80
2013,1,8,18,-5.7,931.4,4,20,82
2013,1,8,21,-4.8,931.2,NA,30,86
2013,1,9,0,-4.2,930.8,4,40,92
2013,1,9,3,-2.6,930,2,60,91
2013,1,9,6,-4.6,929.4,3,120,97
2013,1,9,9,NA,929,1,360,92
2013,1,9,12,-4.4,928.5,3,290,52
2013,1,9,15,NA,927.7,1,280,55
2013,1,9,18,-3.8,927.8,3,140,62
2013,1,9,21,-2.8,927.8,2,190,92
2013,1,10,0,-3,928.3,2,200,89
2013,1,10,3,-3.8,928.1,2,270,81
2013,1,10,6,NA,928,1,60,77
2013,1,10,9,-6.6,927.7,NA,230,96
2013,1,10,12,-7.5,927.4,NA,240,96
2013,1,10,15,-7.4,927.3,NA,220,86
2013,1,10,18,-7.2,926.7,NA,220,85
2013,1,10,21,-6.2,926.1,9,220,78
2013,1,11,0,-6.8,924.8,NA,230,87
2013,1,11,3,-6.1,924.1,NA,250,89
2013,1,11,6,-5.5,923.4,NA,240,68
2013,1,11,9,-5.5,922.7,NA,50,68
2013,1,11,12,-7.1,921.9,4,10,67
2013,1,11,15,-7.5,920.9,NA,360,71
2013,1,11,18,-6.4,920,6,40,78
2013,1,11,21,-6,919.5,8,40,92
2013,1,12,0,-5.7,919.1,6,50,NA
2013,1,12,3,-5.8,918.6,5,70,97
2013,1,12,6,-6.2,918.7,7,70,97
2013,1,12,9,-6.2,918.9,4,80,97
2013,1,12,12,-6.9,918.9,NA,340,97
2013,1,12,15,-7.3,919,5,260,97
2013,1,12,18,-7.4,919.8,NA,230,96
2013,1,12,21,-6.9,920.4,6,230,97
2013,1,13,0,-6.7,921.5,7,230,97
2013,1,13,3,-5.7,922.6,NA,160,97
2013,1,13,6,-5.3,922.9,NA,60,98
2013,1,13,9,-7.2,923.3,NA,350,79
2013,1,13,12,-7.3,923,NA,340,85
2013,1,13,15,-5.5,922.4,NA,230,47
2013,1,13,18,-6.8,922.4,NA,260,66
2013,1,13,21,-5.6,922.8,2,260,80
2013,1,14,0,-5.7,923.9,NA,170,71
2013,1,14,3,-5.4,924.8,NA,0,85
2013,1,14,6,-4.2,925.8,3,250,69
2013,1,14,9,-3.9,927.4,2,230,51
2013,1,14,12,-7,928.6,3,290,44
2013,1,14,15,-6.5,930,4,270,40
2013,1,14,18,NA,931.3,1,230,41
2013,1,14,21,-2.9,932.9,2,170,45
2013,1,15,0,-1.8,933.9,2,240,36
2013,1,15,3,-2.2,934.6,NA,230,22
2013,1,15,6,-1.8,935.1,5,300,22
2013,1,15,9,-1,935.1,5,320,22
2013,1,15,12,-2.5,934.9,4,290,30
2013,1,15,15,-1.9,933.4,6,320,30
2013,1,15,18,-1.3,932,NA,280,27
2013,1,15,21,0.9,930.3,NA,20,30
2013,1,16,0,2.2,928.7,3,100,23
2013,1,16,3,1.9,927.4,2,30,23
2013,1,16,6,0.2,926.6,5,240,26
2013,1,16,9,NA,926.7,NA,210,79
2013,1,16,12,NA,926,NA,20,61
2013,1,16,15,-5.4,924.9,8,20,54
2013,1,16,18,-4.2,924.2,8,20,54
2013,1,16,21,-2.4,924,NA,60,48
2013,1,17,0,-2.6,924.1,NA,50,50
2013,1,17,3,-3.4,924.2,NA,40,NA
2013,1,17,6,-3.9,924.7,NA,200,82
2013,1,17,9,-4.9,925,6,230,92
2013,1,17,12,-5.8,925.5,4,210,96
2013,1,17,15,-6.2,926.2,6,250,98
2013,1,17,18,-5.9,927.7,5,230,97
2013,1,17,21,-6.2,928.8,NA,220,88
2013,1,18,0,-4.9,929.6,NA,230,93
2013,1,18,3,-4.5,930.2,NA,220,90
2013,1,18,6,-4.6,931.3,NA,230,92
2013,1,18,9,-4.6,931.4,NA,230,90
2013,1,18,12,-4.3,931.3,NA,240,91
2013,1,18,15,-4.9,930.8,NA,NA,96
2013,1,18,18,-4.4,930.4,34,NA,96
2013,1,18,21,-4.5,929,NA,NA,96
2013,1,19,0,-4.9,928.3,NA,NA,97
2013,1,19,3,-5.1,927.9,NA,NA,96
2013,1,19,6,-5.2,928.2,NA,NA,97
2013,1,19,9,-5.6,928.6,NA,NA,97
2013,1,19,12,-5.5,926.8,NA,NA,96
2013,1,19,15,-5.8,928.6,NA,NA,97
2013,1,19,18,-5.7,927.8,NA,NA,96
2013,1,19,21,-5.9,928.6,46,NA,97
2013,1,20,0,-5.9,928.4,NA,230,97
2013,1,20,3,-5.9,928.1,42,230,97
2013,1,20,6,-5.3,927.8,NA,230,92
2013,1,20,9,-4.8,928.1,NA,240,87
2013,1,20,12,-5.3,928.1,NA,230,93
2013,1,20,15,-5.7,928.3,NA,NA,97
2013,1,20,18,-5.6,927.2,NA,NA,98
2013,1,20,21,-5.7,926.4,14,NA,98
2013,1,21,0,-5.8,925.9,NA,NA,98
2013,1,21,3,-5.8,926.3,NA,220,98
2013,1,21,6,-6.1,926.3,20,220,98
2013,1,21,9,-6.1,925.9,NA,230,93
2013,1,21,12,-6.1,925.2,NA,230,70
2013,1,21,15,-6.1,924.8,NA,240,68
2013,1,21,18,-6.8,926.1,NA,220,90
2013,1,21,21,-7.1,927.1,NA,210,97
2013,1,22,0,-6.5,926.6,NA,210,92
2013,1,22,3,-6.4,926.1,NA,230,91
2013,1,22,6,-7.9,925.7,NA,220,97
2013,1,22,9,-7.7,926.2,NA,210,90
2013,1,22,12,-7.9,926.1,NA,210,78
2013,1,22,15,-8.5,925.5,NA,20,87
2013,1,22,18,-6,924.9,NA,150,71
2013,1,22,21,-5.9,924.3,4,120,88
2013,1,23,0,-5.8,923.7,3,110,81
2013,1,23,3,-6.5,922.8,3,130,71
2013,1,23,6,-7.1,922,4,20,84
2013,1,23,9,-7.2,921.1,NA,50,87
2013,1,23,12,-7.2,919.9,NA,40,92
2013,1,23,15,-7.3,919.7,NA,60,93
2013,1,23,18,-7.3,918.9,NA,300,88
2013,1,23,21,-6.2,918.8,5,240,82
2013,1,24,0,-5.1,919.1,NA,250,78
2013,1,24,3,-6.4,919.4,4,260,79
2013,1,24,6,-5.9,920.3,3,20,86
2013,1,24,9,NA,921.1,1,330,62
2013,1,24,12,-6.2,921.8,5,360,68
2013,1,24,15,NA,922.7,1,50,73
2013,1,24,18,-5.1,924.1,3,360,68
2013,1,24,21,-3.3,925.8,4,60,69
2013,1,25,0,-3.4,928.1,3,80,72
2013,1,25,3,-3.4,929.9,2,70,69
2013,1,25,6,-5.1,931.2,6,30,75
2013,1,25,9,-5.1,932.1,NA,30,78
2013,1,25,12,-5.1,932.4,NA,20,77
2013,1,25,15,-5.5,931.7,14,20,82
2013,1,25,18,-5.9,930.2,NA,40,95
2013,1,25,21,-5.8,928,NA,250,97
2013,1,26,0,-5.6,925,NA,NA,97
2013,1,26,3,-5.8,921.4,NA,NA,98
2013,1,26,6,-6.7,916.9,NA,NA,97
2013,1,26,9,-5.7,911.2,NA,NA,98
2013,1,26,12,-4.2,908.9,NA,260,95
2013,1,26,15,-3.3,909.4,NA,240,97
2013,1,26,18,-4.5,910.3,NA,NA,97
2013,1,26,21,-4.7,915.2,NA,NA,98
2013,1,27,0,-3.9,917.8,NA,250,98
2013,1,27,3,-4.3,919.3,NA,240,94
2013,1,27,6,-4.8,920.3,NA,250,98
2013,1,27,9,-5,920.6,NA,240,97
2013,1,27,12,-5.3,921.7,NA,NA,96
2013,1,27,15,-5.5,924.3,NA,NA,94
2013,1,27,18,-5.8,925.2,NA,NA,89
2013,1,27,21,-5.8,926.1,NA,NA,92
2013,1,28,0,-4.5,925.8,NA,210,88
2013,1,28,3,-4.5,924.8,NA,110,95
2013,1,28,6,-5.8,923.4,NA,30,98
2013,1,28,9,-5.3,922.3,NA,230,98
2013,1,28,12,-6.6,921.6,4,270,98
2013,1,28,15,-6.5,921.1,NA,260,93
2013,1,28,18,-6.7,920.4,NA,240,97
2013,1,28,21,-6.8,920.3,9,230,98
2013,1,29,0,-6,920.2,8,210,97
2013,1,29,3,-6.6,920,NA,240,98
2013,1,29,6,-7,919.8,12,240,97
2013,1,29,9,-6.7,919.3,NA,240,92
2013,1,29,12,-6.9,919.2,NA,220,89
2013,1,29,15,-6.3,919.1,NA,230,87
2013,1,29,18,-6.1,919.7,NA,230,83
2013,1,29,21,-5.8,921.2,NA,200,85
2013,1,30,0,-5.1,922.1,NA,170,84
2013,1,30,3,-4.2,922.2,NA,220,69
2013,1,30,6,-4.4,923.3,NA,240,80
2013,1,30,9,-5.2,923.4,NA,340,83
2013,1,30,12,-4.9,923.1,NA,330,79
2013,1,30,15,-7.4,923.2,NA,350,76
2013,1,30,18,-5.6,923.1,NA,80,97
2013,1,30,21,-6.7,923.5,NA,10,96
2013,1,31,0,-6.2,924.1,NA,10,98
2013,1,31,3,-5.7,924.2,NA,20,98
2013,1,31,6,-5.5,924.9,NA,250,90
2013,1,31,9,-6.1,925.4,NA,20,94
2013,1,31,12,-7.7,925.7,NA,240,95
2013,1,31,15,-8.1,925.8,NA,260,97
2013,1,31,18,-7,925.6,NA,250,89
2013,1,31,21,NA,925.5,1,230,95
2013,2,1,0,-6.7,925.4,3,230,91
2013,2,1,3,-6.7,925,NA,210,97
2013,2,1,6,-7.5,924.7,NA,240,97
2013,2,1,9,-7.6,924.7,NA,230,87
2013,2,1,12,-7.5,925.2,5,280,97
2013,2,1,15,-7.3,924.8,NA,330,90
2013,2,1,18,-7,925.2,2,100,92
2013,2,1,21,-6.5,925.3,2,110,92
2013,2,2,0,-5.6,925.2,NA,60,93
2013,2,2,3,-6.5,925.1,NA,40,91
2013,2,2,6,-7.2,924.8,NA,20,90
2013,2,2,9,-6.8,924,NA,30,92
2013,2,2,12,-7.7,923.7,NA,10,93
2013,2,2,15,-8.3,923.8,NA,330,95
2013,2,2,18,-7.7,923.4,NA,240,81
2013,2,2,21,-7.1,923.9,5,220,86
2013,2,3,0,-6.8,924.1,NA,60,NA
2013,2,3,3,-7.4,924,NA,40,97
2013,2,3,6,-7,924.2,2,80,97
2013,2,3,9,-7.8,924.2,2,260,97
2013,2,3,12,-7.9,924,3,70,97
2013,2,3,15,-8.3,923.5,NA,NA,97
2013,2,3,18,NA,922.7,1,20,96
2013,2,3,21,NA,922,1,240,97
2013,2,4,0,-7.7,921.1,3,250,97
2013,2,4,3,-8.1,919.6,NA,260,97
2013,2,4,6,-7.6,918.6,NA,240,97
2013,2,4,9,-8.2,918,13,240,97
2013,2,4,12,-8.5,917.9,15,230,96
2013,2,4,15,-8.9,916.8,NA,240,96
2013,2,4,18,-7.9,915.5,NA,230,89
2013,2,4,21,-8.4,914.1,NA,NA,92
2013,2,5,0,-8.8,914,29,NA,96
2013,2,5,3,-9.3,913.3,33,NA,96
2013,2,5,6,-9.5,913.5,33,NA,96
2013,2,5,9,-9.9,913.7,34,NA,92
2013,2,5,12,-9.1,914.2,NA,NA,81
2013,2,5,15,-8.3,915.3,NA,250,74
2013,2,5,18,-9.1,916.7,NA,240,81
2013,2,5,21,-9.1,917.7,NA,210,93
2013,2,6,0,-8.7,918.3,NA,210,96
2013,2,6,3,-8.8,918.3,NA,80,96
2013,2,6,6,-8.6,918.2,NA,80,97
2013,2,6,9,-8.9,918,NA,40,97
2013,2,6,12,-8.9,917.7,NA,30,96
2013,2,6,15,-8.5,917.1,NA,60,97
2013,2,6,18,-10.1,916.7,NA,270,95
2013,2,6,21,-10.3,916.4,2,280,95
2013,2,7,0,-8.6,915.6,5,270,96
2013,2,7,3,-9.6,915.2,NA,210,96
2013,2,7,6,-9.6,914.9,NA,220,96
2013,2,7,9,-9.3,915,NA,240,96
2013,2,7,12,-9.6,914.9,NA,240,96
2013,2,7,15,-9,914,NA,110,96
2013,2,7,18,-9.2,914.1,3,250,96
2013,2,7,21,-9.5,913.7,NA,220,96
2013,2,8,0,-10,914.3,6,210,95
2013,2,8,3,-10.9,914.4,NA,230,95
2013,2,8,6,-10.7,914.8,NA,180,95
2013,2,8,9,-11.4,915.1,5,90,94
2013,2,8,12,-11.8,915.3,5,80,94
2013,2,8,15,-11.5,915.1,4,60,94
2013,2,8,18,-10.9,914.7,5,40,95
2013,2,8,21,-10.5,914.5,6,40,95
2013,2,9,0,-10.1,914.1,4,30,95
2013,2,9,3,-9.6,913.9,5,50,96
2013,2,9,6,-9.4,913.6,2,50,96
2013,2,9,9,NA,913.3,1,50,96
2013,2,9,12,-10.1,913.1,2,260,95
2013,2,9,15,-11,913.2,2,270,95
2013,2,9,18,-10.8,912.1,4,240,95
2013,2,9,21,-10.5,912.4,3,NA,95
2013,2,10,0,-11.2,912.3,4,NA,95
2013,2,10,3,-11.5,912.2,3,NA,94
2013,2,10,6,-11.3,912,2,250,94
2013,2,10,9,-11.1,911.1,3,240,94
2013,2,10,12,-10.9,911.3,4,250,95
2013,2,10,15,NA,912.7,1,NA,95
2013,2,10,18,NA,914.5,1,NA,95
2013,2,10,21,NA,915.6,1,NA,96
2013,2,11,0,-9.5,917.2,2,NA,96
2013,2,11,3,-9,918.4,3,NA,96
2013,2,11,6,-8.1,920.2,2,220,97
2013,2,11,9,-8.1,921.3,NA,230,97
2013,2,11,12,-8.4,922.6,NA,220,97
2013,2,11,15,-8.7,922.9,13,210,96
2013,2,11,18,-8.7,923.5,NA,210,96
2013,2,11,21,-9,923.3,NA,210,96
2013,2,12,0,-9.5,921.9,NA,220,96
2013,2,12,3,-9.8,921.7,NA,NA,96
2013,2,12,6,-9.9,919.9,NA,NA,96
2013,2,12,9,-9.9,919.6,NA,NA,96
2013,2,12,12,-10,918.7,44,NA,96
2013,2,12,15,-10.2,919.2,43,NA,95
2013,2,12,18,-10.6,919,NA,240,94
2013,2,12,21,-10.6,917.6,NA,NA,95
2013,2,13,0,-10.4,917.7,52,NA,95
2013,2,13,3,-10.9,919.2,51,NA,93
2013,2,13,6,-10.6,919,NA,NA,95
2013,2,13,9,-10.8,921.6,NA,230,95
2013,2,13,12,-10.5,922.7,NA,230,93
2013,2,13,15,-10.5,922.9,NA,NA,91
2013,2,13,18,-10.5,924,NA,NA,89
2013,2,13,21,-10.6,924.5,NA,NA,87
2013,2,14,0,-10.3,924.9,NA,NA,84
2013,2,14,3,-11,923.9,NA,250,87
2013,2,14,6,-11.5,924.7,NA,230,94
2013,2,14,9,-12.4,925.4,NA,240,93
2013,2,14,12,-12.6,925.3,22,250,92
2013,2,14,15,-13.3,925,21,240,92
2013,2,14,18,-14,923.9,NA,240,90
2013,2,14,21,-13.5,923.4,NA,230,80
2013,2,15,0,-13.5,922.7,23,NA,91
2013,2,15,3,-13.8,922,21,NA,92
2013,2,15,6,-14.4,921.1,22,NA,91
2013,2,15,9,-14.9,920.5,23,240,90
2013,2,15,12,-15.1,920.2,20,240,84
2013,2,15,15,-15.3,919.9,NA,230,88
2013,2,15,18,-15.6,918.8,16,NA,90
2013,2,15,21,-15.4,918.7,14,NA,91
2013,2,16,0,-15,917.9,12,NA,91
2013,2,16,3,-14.6,917.1,10,220,92
2013,2,16,6,-14.8,916.2,NA,220,91
2013,2,16,9,-15.5,915.6,14,240,91
2013,2,16,12,-15.9,914.5,12,250,90
2013,2,16,15,-16.3,912.9,12,220,87
2013,2,16,18,-16.7,911.9,11,240,89
2013,2,16,21,-14.8,911.5,NA,230,88
2013,2,17,0,-12.8,911.9,NA,210,44
2013,2,17,3,-13.3,911.7,NA,250,47
2013,2,17,6,-13.4,912.2,3,30,72
2013,2,17,9,-13.7,912.8,4,30,53
2013,2,17,12,-13,913,7,360,24
2013,2,17,15,-13,913.5,6,360,24
2013,2,17,18,-13.8,914.1,4,20,26
2013,2,17,21,-11.3,914.8,5,40,62
2013,2,18,0,-10.8,915.9,NA,250,55
2013,2,18,3,-10.5,916.8,3,190,77
2013,2,18,6,-12.4,917.7,3,250,85
2013,2,18,9,-14,918.7,NA,260,89
2013,2,18,12,-14.6,919.2,NA,240,91
2013,2,18,15,-14.2,919.7,NA,270,87
2013,2,18,18,-12.8,919.5,NA,230,46
2013,2,18,21,-11.8,920,NA,220,51
2013,2,19,0,-10.1,919,NA,240,NA
2013,2,19,3,-9.3,916.9,NA,NA,85
2013,2,19,6,-9.1,914.7,NA,NA,95
2013,2,19,9,-9.3,915.5,NA,NA,94
2013,2,19,12,-9.4,915.6,NA,230,96
2013,2,19,15,-9.9,914.5,NA,230,96
2013,2,19,18,-10.2,914.7,36,NA,95
2013,2,19,21,-9.9,914,NA,NA,95
2013,2,20,0,-9.4,915,NA,NA,89
2013,2,20,3,-10.2,915.9,NA,230,88
2013,2,20,6,-9.5,915.6,NA,270,83
2013,2,20,9,-9.6,913.9,NA,340,58
2013,2,20,12,-10.5,912.6,NA,260,75
2013,2,20,15,-10.6,911.1,NA,250,73
2013,2,20,18,-11.5,910.8,NA,240,84
2013,2,20,21,-10.3,910.9,NA,230,87
2013,2,21,0,-10,910.3,NA,210,NA
2013,2,21,3,-10.6,909.3,5,210,95
2013,2,21,6,-10.5,908.7,5,200,95
2013,2,21,9,-10.5,908.3,9,240,95
2013,2,21,12,-11.2,908.1,NA,230,95
2013,2,21,15,-10.6,907.6,NA,230,95
2013,2,21,18,-11.1,907.2,NA,230,94
2013,2,21,21,-11.5,907.2,7,240,94
2013,2,22,0,-11.7,907.2,9,250,94
2013,2,22,3,-11.9,907.2,8,260,94
2013,2,22,6,-10.7,907.9,NA,220,95
2013,2,22,9,-13.1,907.6,NA,270,93
2013,2,22,12,-11.8,907.1,NA,220,94
2013,2,22,15,-11.1,906,NA,240,94
2013,2,22,18,-8.6,904.6,NA,240,NA
2013,2,22,21,-9.5,905.2,NA,240,94
2013,2,23,0,-9.1,905.7,NA,230,96
2013,2,23,3,-9,907.8,42,230,96
2013,2,23,6,-8.5,909.5,NA,220,97
2013,2,23,9,-8.8,915.3,NA,220,97
2013,2,23,12,-8.6,917.4,NA,240,96
2013,2,23,15,-9.2,920.8,NA,230,92
2013,2,23,18,-9.5,924.8,NA,230,94
2013,2,23,21,-7.5,926.8,NA,350,83
2013,2,24,0,-8.6,927.8,NA,80,86
2013,2,24,3,-8.6,927.9,NA,30,90
2013,2,24,6,-7.9,927,10,30,68
2013,2,24,9,-8.5,925.7,13,10,60
2013,2,24,12,-8.5,924.6,12,30,60
2013,2,24,15,-7.6,923.9,NA,20,46
2013,2,24,18,-7,923.6,NA,60,49
2013,2,24,21,-8.4,923.3,5,230,70
2013,2,25,0,-9.6,922.8,NA,230,94
2013,2,25,3,-8.9,923.2,NA,240,96
2013,2,25,6,-8.6,922.6,NA,230,94
2013,2,25,9,-9.6,921.2,NA,220,93
2013,2,25,12,-9.8,920.5,NA,230,82
2013,2,25,15,-10.8,919.7,NA,230,83
2013,2,25,18,-9.8,918.7,27,250,85
2013,2,25,21,-10.8,917.3,NA,230,94
2013,2,26,0,-10.8,916.8,30,NA,92
2013,2,26,3,-10.6,915.5,NA,NA,91
2013,2,26,6,-10.3,914.5,NA,NA,94
2013,2,26,9,-10.8,915.9,NA,230,92
2013,2,26,12,-10.2,915.8,NA,240,89
2013,2,26,15,-10.1,916.1,NA,230,83
2013,2,26,18,-10.6,917,NA,240,86
2013,2,26,21,-10.4,916.7,NA,250,95
2013,2,27,0,-8.9,915.2,NA,100,96
2013,2,27,3,-8.8,913.7,NA,360,93
2013,2,27,6,-9.6,912.2,4,260,88
2013,2,27,9,-11.3,911.4,NA,250,91
2013,2,27,12,-10.7,910.8,NA,230,95
2013,2,27,15,-11.1,910.4,NA,240,95
2013,2,27,18,-11.8,910.1,NA,220,94
2013,2,27,21,-12.8,910.4,NA,NA,93
2013,2,28,0,-12.7,910.6,24,NA,93
2013,2,28,3,-12.5,911,NA,NA,93
2013,2,28,6,-12.4,911.6,NA,230,86
2013,2,28,9,-11.3,913.6,NA,240,75
2013,2,28,12,-11.2,914.9,NA,220,74
2013,2,28,15,-11.2,916.2,NA,240,94
2013,2,28,18,-10,917.9,NA,250,95
2013,2,28,21,-9.6,918.8,NA,90,96
2013,3,1,0,-9.1,919.6,NA,90,96
2013,3,1,3,-8.4,919.3,2,70,96
2013,3,1,6,-9.6,918.6,NA,40,96
2013,3,1,9,-10.4,917.6,NA,10,95
2013,3,1,12,-10.2,916.8,NA,20,94
2013,3,1,15,-12.4,915.9,NA,240,94
2013,3,1,18,-12.5,915.1,NA,260,94
2013,3,1,21,-12.3,914.3,5,250,92
2013,3,2,0,-12.7,913.8,NA,240,93
2013,3,2,3,-12.6,913.4,NA,220,93
2013,3,2,6,-14,913.8,NA,230,92
2013,3,2,9,-14.7,913.7,NA,240,92
2013,3,2,12,-14.9,914.6,15,230,91
2013,3,2,15,-15,914.8,13,240,91
2013,3,2,18,-15,914.9,NA,240,91
2013,3,2,21,-15,915.3,NA,240,91
2013,3,3,0,-14.5,916,NA,230,91
2013,3,3,3,-14.9,916.3,NA,230,91
2013,3,3,6,-14.6,916.8,16,220,92
2013,3,3,9,-14.8,917.8,16,220,91
2013,3,3,12,-15,918.6,NA,230,91
2013,3,3,15,-14.4,918.8,NA,240,80
2013,3,3,18,-14.2,920,18,240,67
2013,3,3,21,-13.2,920.3,NA,230,67
2013,3,4,0,-12.9,920.7,NA,NA,87
2013,3,4,3,-12.6,921.7,NA,NA,89
2013,3,4,6,-12.8,922.5,NA,NA,92
2013,3,4,9,-13.1,923.7,NA,220,76
2013,3,4,12,-12.9,923.2,NA,250,82
2013,3,4,15,-13.7,921.8,NA,230,92
2013,3,4,18,-14.8,921.1,NA,220,91
2013,3,4,21,-15.2,919.3,NA,230,91
2013,3,5,0,-15.7,918,NA,230,90
2013,3,5,3,-16.5,916.1,NA,240,90
2013,3,5,6,-16.9,915.2,NA,230,88
2013,3,5,9,-16.8,914.3,NA,240,87
2013,3,5,12,-17.6,913.3,26,230,88
2013,3,5,15,-17.9,911.4,NA,250,87
2013,3,5,18,-18.6,910.5,NA,240,77
2013,3,5,21,-17.9,909.6,NA,230,64
2013,3,6,0,-16.3,908.4,NA,210,71
2013,3,6,3,-16.3,907,NA,90,80
2013,3,6,6,-16.8,906.2,5,10,69
2013,3,6,9,-18.6,905.8,3,20,83
2013,3,6,12,-18.4,905.3,3,240,88
2013,3,6,15,-18.3,904.9,NA,240,87
2013,3,6,18,-17.4,905.1,NA,240,88
2013,3,6,21,-17.7,905.5,NA,NA,88
2013,3,7,0,-16.8,906.3,NA,NA,83
2013,3,7,3,-16.6,907,22,NA,89
2013,3,7,6,-14.9,908.5,20,250,65
2013,3,7,9,-14.3,908.9,NA,250,71
2013,3,7,12,-14.2,909.4,22,240,81
2013,3,7,15,-14.4,910.2,21,NA,78
2013,3,7,18,-14.1,910.6,NA,NA,78
2013,3,7,21,-13.4,911.1,NA,NA,86
2013,3,8,0,-12.6,911.7,NA,NA,92
2013,3,8,3,-12.8,911.6,13,NA,93
2013,3,8,6,-12.7,911.9,13,230,82
2013,3,8,9,-13.2,912.3,16,210,84
2013,3,8,12,-14.2,912.6,14,230,92
2013,3,8,15,-14.7,912.8,NA,220,91
2013,3,8,18,-14.8,913,NA,230,87
2013,3,8,21,-15.7,913.3,NA,230,89
2013,3,9,0,-14.5,913.9,25,240,86
2013,3,9,3,-14.2,913.8,NA,240,90
2013,3,9,6,-13.8,913.4,NA,240,86
2013,3,9,9,-14.5,913.1,30,230,85
2013,3,9,12,-14.8,914.1,NA,230,88
2013,3,9,15,-14.6,913.5,NA,240,89
2013,3,9,18,-14.4,913.5,NA,240,91
2013,3,9,21,-14.4,912.8,NA,250,91
2013,3,10,0,-14,912.8,NA,260,93
2013,3,10,3,-13.8,912.6,NA,250,93
2013,3,10,6,-13.8,912.9,10,250,92
2013,3,10,9,-13.9,913.7,8,250,92
2013,3,10,12,-13.4,915.2,6,240,92
2013,3,10,15,-14,916.4,NA,230,92
2013,3,10,18,-13.3,918.1,NA,240,93
2013,3,10,21,-12.6,919.3,NA,260,92
2013,3,11,0,-13,920.3,NA,280,NA
2013,3,11,3,-12.3,920.4,NA,170,94
2013,3,11,6,-13.2,920.9,3,270,93
2013,3,11,9,-13.3,920.8,6,220,93
2013,3,11,12,-13.4,920.7,NA,210,92
2013,3,11,15,-13.4,920.2,2,220,92
2013,3,11,18,-13.8,919.6,NA,240,92
2013,3,11,21,-13.7,919.7,6,230,92
2013,3,12,0,-13.9,919.9,5,220,92
2013,3,12,3,-13.7,920.1,4,230,92
2013,3,12,6,-14.1,920.6,3,250,92
2013,3,12,9,-14,921.5,NA,NA,91
2013,3,12,12,-13.8,921.4,NA,NA,92
2013,3,12,15,-12.5,920.4,NA,230,91
2013,3,12,18,-13.2,917,NA,240,93
2013,3,12,21,-13.6,917.4,NA,240,91
2013,3,13,0,-12.9,917,NA,230,91
2013,3,13,3,-12.6,916.7,NA,220,92
2013,3,13,6,-12.9,915.8,NA,240,88
2013,3,13,9,-13.3,914.6,NA,10,90
2013,3,13,12,-11.7,913.1,NA,20,56
2013,3,13,15,-12.3,911.8,NA,30,78
2013,3,13,18,-13.5,910,3,20,89
2013,3,13,21,-12.9,909.7,NA,70,70
2013,3,14,0,-12.5,909.7,NA,50,64
2013,3,14,3,-12.6,909.7,NA,60,74
2013,3,14,6,-12.5,910.4,NA,130,93
2013,3,14,9,-14,910.9,NA,250,92
2013,3,14,12,-13.9,912.6,NA,220,92
2013,3,14,15,-14.2,913.4,NA,220,92
2013,3,14,18,-14.1,915.2,12,240,92
2013,3,14,21,-13.8,915.5,NA,240,92
2013,3,15,0,-13.5,917.5,NA,220,92
2013,3,15,3,-14.1,917.4,NA,240,92
2013,3,15,6,-13.4,918.2,NA,230,80
2013,3,15,9,-12.7,920.8,NA,220,76
2013,3,15,12,-12.2,921.4,NA,240,64
2013,3,15,15,-11.5,920.9,NA,230,50
2013,3,15,18,-12.1,920.9,NA,220,49
2013,3,15,21,-11.4,920.1,10,230,52
2013,3,16,0,-10.3,919,NA,250,50
2013,3,16,3,-10.6,918.2,NA,240,41
2013,3,16,6,-10.3,917.5,NA,240,50
2013,3,16,9,-11,916.5,6,260,44
2013,3,16,12,-10.9,915.5,NA,270,44
2013,3,16,15,-10.5,914.2,NA,260,50
2013,3,16,18,-10.4,912.8,9,230,55
2013,3,16,21,-11.2,911.5,NA,70,80
2013,3,17,0,-11,909.4,NA,70,94
2013,3,17,3,-11.8,907.3,4,240,94
2013,3,17,6,-12.7,905.2,3,250,93
2013,3,17,9,-14.1,903.6,NA,250,92
2013,3,17,12,-14.2,902.5,NA,240,92
2013,3,17,15,-16,902.1,8,250,90
2013,3,17,18,-15.5,902.2,NA,260,90
2013,3,17,21,-15.3,901.8,NA,260,NA
2013,3,18,0,-14.1,901.5,5,80,89
2013,3,18,3,-13.3,900.7,NA,360,75
2013,3,18,6,-13.7,899.7,NA,0,52
2013,3,18,9,-14.6,899.8,NA,20,55
2013,3,18,12,-14.9,900.9,NA,250,51
2013,3,18,15,-14.7,902.4,NA,240,58
2013,3,18,18,-15.8,904.2,NA,240,73
2013,3,18,21,-14.6,906.7,NA,230,61
2013,3,19,0,-12,907.8,NA,240,78
2013,3,19,3,-12.8,908.1,NA,240,91
2013,3,19,6,-11.8,908.6,NA,240,75
2013,3,19,9,-12.8,907.2,NA,230,93
2013,3,19,12,-12.6,908.3,NA,240,92
2013,3,19,15,-12.7,911.4,NA,NA,93
2013,3,19,18,-13.1,913.8,NA,NA,88
2013,3,19,21,-13.1,915.6,NA,NA,91
2013,3,20,0,-13.8,916.4,NA,NA,84
2013,3,20,3,-13.7,915.8,NA,270,92
2013,3,20,6,-13.4,915.2,NA,350,88
2013,3,20,9,-13.6,914.4,NA,90,92
2013,3,20,12,-14.4,914,NA,210,92
2013,3,20,15,-15.2,913.3,NA,210,91
2013,3,20,18,-16,912.9,4,220,90
2013,3,20,21,-16,912.5,5,230,90
2013,3,21,0,-15.7,912.3,7,240,90
2013,3,21,3,-15.8,911.8,7,NA,90
2013,3,21,6,-16.2,911.9,7,NA,90
2013,3,21,9,-16.3,912.5,8,NA,89
2013,3,21,12,-16.9,913,7,250,89
2013,3,21,15,-16.7,913.6,5,260,89
2013,3,21,18,-16.2,914.6,NA,70,89
2013,3,21,21,-16.5,915.3,NA,80,89
2013,3,22,0,-15.4,916.1,NA,70,90
2013,3,22,3,-16.6,916.6,1,260,90
2013,3,22,6,-17.3,917.7,3,260,88
2013,3,22,9,-17.5,920,2,270,89
2013,3,22,12,-16.9,922.4,2,340,89
2013,3,22,15,-18,923.8,3,20,88
2013,3,22,18,-18.2,925.7,2,30,88
2013,3,22,21,-17.3,927.4,NA,NA,88
2013,3,23,0,-16.4,928.4,2,60,89
2013,3,23,3,-14.9,929.6,4,60,91
2013,3,23,6,-15,930.2,3,60,91
2013,3,23,9,-15.2,930.2,NA,40,91
2013,3,23,12,-15.6,930.3,4,40,90
2013,3,23,15,-15.7,929.4,3,70,90
2013,3,23,18,-15.9,928.7,2,80,90
2013,3,23,21,-15.6,928.1,1,100,90
2013,3,24,0,-15.6,927.5,1,60,90
2013,3,24,3,-15.7,926.6,1,70,90
2013,3,24,6,-17.4,926,4,230,88
2013,3,24,9,-18,925.2,NA,210,88
2013,3,24,12,-17.9,924.2,NA,200,88
2013,3,24,15,-17.5,924.1,NA,210,88
2013,3,24,18,-17.7,922.9,NA,340,88
2013,3,24,21,-17.6,920.8,4,30,88
2013,3,25,0,-17.7,918.5,4,20,88
2013,3,25,3,-16.8,916.3,1,70,89
2013,3,25,6,-17.6,914.6,1,260,88
2013,3,25,9,-17.5,914,4,230,88
2013,3,25,12,-17.8,914.5,NA,0,87
2013,3,25,15,-18,915.3,NA,230,88
2013,3,25,18,-17.5,916.1,NA,0,88
2013,3,25,21,-17.5,915.7,2,140,88
2013,3,26,0,-17.4,916,NA,NA,88
2013,3,26,3,-18.3,915.9,2,170,87
2013,3,26,6,-19.8,915.7,NA,200,86
2013,3,26,9,-21,914.1,NA,220,84
2013,3,26,12,-22.3,911.9,NA,NA,82
2013,3,26,15,-23.4,908.9,NA,NA,81
2013,3,26,18,-24.9,908.4,NA,NA,79
2013,3,26,21,-25.5,907.9,NA,NA,78
2013,3,27,0,-25.8,910.3,NA,NA,77
2013,3,27,3,-25.6,911.4,NA,NA,77
2013,3,27,6,-25.7,912.4,NA,220,77
2013,3,27,9,-26.2,913.1,NA,NA,77
2013,3,27,12,-26.5,914.2,NA,NA,76
2013,3,27,15,-27.2,916.4,NA,NA,75
2013,3,27,18,-26.8,917.8,NA,220,75
2013,3,27,21,-27,918.4,NA,210,75
2013,3,28,0,-26.8,919.1,NA,220,75
2013,3,28,3,-25.9,918.1,NA,50,77
2013,3,28,6,-26.2,917.1,6,30,77
2013,3,28,9,-26.5,915.4,NA,10,76
2013,3,28,12,-26.8,913.2,NA,360,76
2013,3,28,15,-26.7,912.4,NA,360,75
2013,3,28,18,-26.9,911.5,NA,20,76
2013,3,28,21,-25.6,911.2,NA,40,77
2013,3,29,0,-25.1,911.2,8,20,78
2013,3,29,3,-23.6,911.1,NA,40,80
2013,3,29,6,-22.3,911.6,NA,10,81
2013,3,29,9,-21.3,911.7,NA,330,83
2013,3,29,12,-20.9,911.7,NA,320,84
2013,3,29,15,-21.2,911.4,5,50,84
2013,3,29,18,-21.5,910.7,5,40,83
2013,3,29,21,-20.8,910.7,NA,20,83
2013,3,30,0,-20.6,910.6,9,20,84
2013,3,30,3,-19.2,910.6,NA,340,86
2013,3,30,6,-19.8,911.4,NA,320,84
2013,3,30,9,-19.9,913.5,NA,240,85
2013,3,30,12,-19.1,916.2,NA,230,86
2013,3,30,15,-22.1,916.5,NA,220,82
2013,3,30,18,-20.6,919.8,NA,230,85
2013,3,30,21,-20,920.2,NA,220,85
2013,3,31,0,-20.2,922.9,NA,210,85
2013,3,31,3,-20.2,924.1,NA,220,85
2013,3,31,6,-20.9,925.8,NA,230,84
2013,3,31,9,-21.6,927.3,NA,230,83
2013,3,31,12,-21.6,928.1,NA,260,83
2013,3,31,15,-21.9,927.9,NA,240,83
2013,3,31,18,-22,927.2,NA,310,82
2013,3,31,21,-21.6,925.7,NA,30,83
2013,4,1,0,-21.4,924,1,270,83
2013,4,1,3,-22.2,921.8,4,210,83
2013,4,1,6,-22.9,918.9,NA,240,81
2013,4,1,9,-23.3,916.3,NA,210,81
2013,4,1,12,-23.7,913.8,NA,210,80
2013,4,1,15,-24.3,911.4,NA,230,79
2013,4,1,18,-24.8,909.4,NA,220,79
2013,4,1,21,-25.3,907.7,NA,230,78
2013,4,2,0,-26,906.6,NA,230,77
2013,4,2,3,-25.4,906.9,NA,220,78
2013,4,2,6,-25.4,907.4,NA,220,77
2013,4,2,9,-25.7,908.1,NA,230,71
2013,4,2,12,-25.5,909.6,NA,200,73
2013,4,2,15,-26.1,908.9,NA,20,75
2013,4,2,18,-26.3,907.2,NA,360,75
2013,4,2,21,-25.3,906.1,NA,40,77
2013,4,3,0,-25.9,904.4,NA,40,77
2013,4,3,3,-24.8,902.9,NA,40,78
2013,4,3,6,-24,902.2,NA,50,79
2013,4,3,9,-24,901,NA,250,80
2013,4,3,12,-26,898.3,NA,250,76
2013,4,3,15,-25.7,897.9,NA,260,77
2013,4,3,18,-25.9,897.7,14,220,77
2013,4,3,21,-25.3,898,NA,230,78
2013,4,4,0,-25.8,898.6,NA,NA,77
2013,4,4,3,-26.3,898.5,NA,NA,76
2013,4,4,6,-27.5,898.6,NA,NA,74
2013,4,4,9,-27.5,897.8,NA,220,74
2013,4,4,12,-26.3,898.7,NA,230,74
2013,4,4,15,-26.2,896.8,NA,240,76
2013,4,4,18,-25.9,895.2,NA,240,77
2013,4,4,21,-25.4,898.1,NA,230,77
2013,4,5,0,-25.3,906,54,240,78
2013,4,5,3,-25.2,911.3,NA,230,78
2013,4,5,6,-25.2,913.6,NA,240,77
2013,4,5,9,-25.2,914.9,NA,260,78
2013,4,5,12,-24.9,913.9,NA,360,78
2013,4,5,15,-25.1,912.4,NA,340,77
2013,4,5,18,-25.4,911.1,NA,350,77
2013,4,5,21,-25.4,910.3,10,340,77
2013,4,6,0,-24.2,910.1,NA,0,79
2013,4,6,3,-24.4,910,NA,290,79
2013,4,6,6,-25.1,910.3,5,290,78
2013,4,6,9,-24.6,911.6,3,350,79
2013,4,6,12,-24.5,912.4,3,250,79
2013,4,6,15,-22.3,912.9,NA,350,72
2013,4,6,18,-21.8,913.6,2,350,39
2013,4,6,21,-22.1,915,NA,230,35
2013,4,7,0,-20.5,916.9,NA,NA,36
2013,4,7,3,-21.1,918.7,NA,NA,33
2013,4,7,6,-21.7,919.6,NA,30,30
2013,4,7,9,-22.7,920.5,NA,20,36
2013,4,7,12,-21.6,921,NA,30,44
2013,4,7,15,-22.3,921.9,NA,50,72
2013,4,7,18,-23,923.8,NA,260,81
2013,4,7,21,-25.8,925.6,NA,240,76
2013,4,8,0,-24.1,927.3,NA,230,79
2013,4,8,3,-24.4,927.9,NA,NA,79
2013,4,8,6,-24.2,928.9,NA,NA,78
2013,4,8,9,-23.8,929.6,21,NA,79
2013,4,8,12,-23.3,929.7,NA,NA,80
2013,4,8,15,-23.6,929.1,NA,240,80
2013,4,8,18,-23.8,928.1,NA,220,80
2013,4,8,21,-23.5,926.6,NA,250,80
2013,4,9,0,-23.8,925,NA,20,80
2013,4,9,3,-23.1,922.9,1,280,80
2013,4,9,6,-22.6,921.1,2,190,81
2013,4,9,9,-21.5,919.4,1,300,81
2013,4,9,12,-19.8,917.4,NA,230,52
2013,4,9,15,-19.8,915.7,NA,250,49
2013,4,9,18,-18.7,914.2,NA,260,49
2013,4,9,21,-17.5,913.1,NA,340,48
2013,4,10,0,-18.5,913.1,NA,10,45
2013,4,10,3,-19.6,913.2,NA,0,51
2013,4,10,6,-21.1,913.9,NA,0,73
2013,4,10,9,-20.9,914.5,NA,250,67
2013,4,10,12,-23.2,915,NA,240,80
2013,4,10,15,-23,915.8,NA,220,80
2013,4,10,18,-23,916.9,NA,210,80
2013,4,10,21,-23.6,917,NA,240,80
2013,4,11,0,-23.6,917.3,NA,250,80
2013,4,11,3,-23.6,916.7,NA,260,80
2013,4,11,6,-22.1,916.1,1,360,80
2013,4,11,9,-21.2,915.9,1,260,83
2013,4,11,12,-20.7,916,4,240,83
2013,4,11,15,-20.1,915.7,3,210,84
2013,4,11,18,-18.6,915.6,NA,230,49
2013,4,11,21,-17.8,915.9,NA,240,40
2013,4,12,0,-17.7,916.5,11,220,38
2013,4,12,3,-17.5,917.2,NA,0,39
2013,4,12,6,-20.1,917.4,NA,40,44
2013,4,12,9,-18.6,917.4,NA,360,44
2013,4,12,12,-19.9,917.6,NA,50,70
2013,4,12,15,-21.5,917.2,NA,230,83
2013,4,12,18,-21.5,917.1,NA,70,83
2013,4,12,21,-23.9,916.8,NA,230,79
2013,4,13,0,-24,916.7,NA,210,79
2013,4,13,3,-24.5,916.2,NA,230,78
2013,4,13,6,-25.1,917,NA,230,78
2013,4,13,9,-25.4,917.3,NA,250,77
2013,4,13,12,-25.1,918.1,5,230,77
2013,4,13,15,-24.9,918.6,9,210,78
2013,4,13,18,-25.1,919.4,NA,210,77
2013,4,13,21,-25.4,919.9,NA,220,77
2013,4,14,0,-25.8,921.1,NA,NA,76
2013,4,14,3,-26.1,921.6,26,NA,76
2013,4,14,6,-25.1,922.3,28,NA,77
2013,4,14,9,-24.6,921.7,28,NA,78
2013,4,14,12,-23.8,920.8,NA,NA,78
2013,4,14,15,-23.9,918.7,NA,NA,79
2013,4,14,18,-23.4,917.3,NA,NA,75
2013,4,14,21,-24.2,915.6,NA,NA,79
2013,4,15,0,-24.7,914.9,NA,NA,78
2013,4,15,3,-24.8,914,NA,NA,78
2013,4,15,6,-24.5,912.5,NA,230,78
2013,4,15,9,-24.2,914.9,60,230,79
2013,4,15,12,-24.5,916.7,59,240,79
2013,4,15,15,-22.9,920.7,NA,230,79
2013,4,15,18,-23.5,923.2,NA,NA,80
2013,4,15,21,-22.9,926.3,47,NA,79
2013,4,16,0,-22.6,928.7,NA,NA,NA
2013,4,16,3,-22.4,931.3,NA,220,79
2013,4,16,6,-22.4,932.9,NA,230,81
2013,4,16,9,-22.6,933.6,NA,320,81
2013,4,16,12,-21.8,932,NA,40,82
2013,4,16,15,-22.2,930.1,NA,20,81
2013,4,16,18,-22.5,928,NA,10,81
2013,4,16,21,-23.6,925.2,NA,230,81
2013,4,17,0,-21.9,922.7,NA,230,82
2013,4,17,3,-23.1,922.4,NA,250,80
2013,4,17,6,-24.9,921.7,NA,270,78
2013,4,17,9,-25,920.6,5,230,77
2013,4,17,12,-25.3,921.3,7,220,77
2013,4,17,15,-27.6,921.4,9,230,74
2013,4,17,18,-29.2,923.1,10,NA,71
2013,4,17,21,-30.3,924.3,NA,NA,70
2013,4,18,0,-30.4,925.9,NA,NA,69
2013,4,18,3,-31.1,926.3,NA,220,68
2013,4,18,6,-30.8,926.3,NA,NA,69
2013,4,18,9,-30.6,926.5,NA,NA,69
2013,4,18,12,-29.7,926.6,NA,NA,70
2013,4,18,15,-29.4,926.4,NA,NA,71
2013,4,18,18,-28.8,929,NA,NA,71
2013,4,18,21,-28.9,929.8,NA,230,71
2013,4,19,0,-28.4,930.2,NA,230,NA
2013,4,19,3,-27.8,930.3,NA,220,73
2013,4,19,6,-27.9,930.3,NA,230,73
2013,4,19,9,-27.9,930.3,NA,240,73
2013,4,19,12,-27.6,928.7,NA,270,73
2013,4,19,15,-27,927.1,NA,340,75
2013,4,19,18,-27.3,925.2,2,350,74
2013,4,19,21,-26.8,923.2,1,40,75
2013,4,20,0,-28.5,921.3,NA,220,73
2013,4,20,3,-28.5,920.6,NA,220,72
2013,4,20,6,-28.7,919.8,13,230,72
2013,4,20,9,-28.3,920.2,NA,230,72
2013,4,20,12,-29,920.7,NA,210,71
2013,4,20,15,-29.6,919,NA,220,70
2013,4,20,18,-29.6,920.3,NA,240,70
2013,4,20,21,-29.2,921.3,NA,220,71
2013,4,21,0,-28.8,924.5,NA,230,67
2013,4,21,3,-28.3,925.8,NA,220,53
2013,4,21,6,-28.7,926.7,22,220,66
2013,4,21,9,-29.2,929.1,NA,230,66
2013,4,21,12,-28.6,930.5,NA,10,65
2013,4,21,15,-28.1,930.9,NA,340,44
2013,4,21,18,-29.7,932.5,NA,350,70
2013,4,21,21,-29.6,935.3,NA,250,70
2013,4,22,0,-30.1,936.8,NA,350,69
2013,4,22,3,-31,935.5,NA,10,68
2013,4,22,6,-27.6,935.4,NA,360,70
2013,4,22,9,-27.2,935.6,NA,280,43
2013,4,22,12,-27.5,935.5,1,270,44
2013,4,22,15,-27.1,934.7,4,10,47
2013,4,22,18,-25.2,934.2,5,340,27
2013,4,22,21,-22.8,935.3,NA,10,18
2013,4,23,0,-22.2,934.3,NA,10,26
2013,4,23,3,-21.2,930.8,NA,350,32
2013,4,23,6,-19.8,929.3,NA,20,27
2013,4,23,9,-17.9,926.6,NA,20,18
2013,4,23,12,-19,924.8,NA,260,21
2013,4,23,15,-15,923.3,NA,10,16
2013,4,23,18,-18.2,922.1,NA,240,18
2013,4,23,21,-14.3,921.6,NA,250,14
2013,4,24,0,NA,921.3,NA,10,8
2013,4,24,3,-12.1,921.2,NA,30,12
2013,4,24,6,-12.9,920.3,NA,20,16
2013,4,24,9,-12,919.9,NA,20,19
2013,4,24,12,-13,921.3,NA,10,16
2013,4,24,15,NA,924.6,NA,220,64
2013,4,24,18,NA,925.6,NA,250,82
2013,4,24,21,-20.5,925.9,NA,240,80
2013,4,25,0,-19.4,924.7,NA,10,50
2013,4,25,3,-19.8,924,NA,40,47
2013,4,25,6,-18.7,924,NA,50,37
2013,4,25,9,-18.8,923.3,NA,30,40
2013,4,25,12,-19.5,922.9,NA,10,44
2013,4,25,15,-22.7,923.1,NA,90,79
2013,4,25,18,-23.6,922.6,NA,20,79
2013,4,25,21,-23,922.3,NA,10,62
2013,4,26,0,-24.3,922.5,NA,100,76
2013,4,26,3,-23.9,922.6,NA,20,61
2013,4,26,6,-24.3,922.2,5,70,60
2013,4,26,9,-25.1,922,NA,70,71
2013,4,26,12,-25,922,NA,50,76
2013,4,26,15,-25.9,922.2,NA,20,75
2013,4,26,18,-25.8,922.2,3,20,76
2013,4,26,21,-26.5,922.5,3,150,75
2013,4,27,0,-26.9,923.1,3,160,74
2013,4,27,3,-27.3,923,2,110,73
2013,4,27,6,-27.7,923.2,2,200,72
2013,4,27,9,-27.8,923,2,210,72
2013,4,27,12,-27.9,923,3,210,72
2013,4,27,15,-27.9,922.5,NA,230,72
2013,4,27,18,-28.4,922,NA,240,71
2013,4,27,21,-28.2,921.3,NA,NA,72
2013,4,28,0,-27.9,920.5,NA,NA,72
2013,4,28,3,-27.5,918.9,NA,NA,73
2013,4,28,6,-26.7,916.3,NA,220,74
2013,4,28,9,-25.7,912.4,NA,230,75
2013,4,28,12,-25.3,908.1,NA,240,76
2013,4,28,15,-25,902.4,NA,230,77
2013,4,28,18,-25.1,904.2,NA,NA,77
2013,4,28,21,-25.3,902.8,NA,NA,77
2013,4,29,0,-23.4,898.8,NA,NA,79
2013,4,29,3,-22.2,899.1,NA,240,81
2013,4,29,6,-20.3,903.7,NA,240,83
2013,4,29,9,-19.7,902.1,NA,240,84
2013,4,29,12,-19.4,902.2,NA,NA,85
2013,4,29,15,-18.8,902,NA,NA,86
2013,4,29,18,-18.2,904.1,NA,NA,85
2013,4,29,21,-17.9,902.6,NA,NA,87
2013,4,30,0,NA,904,NA,NA,87
2013,4,30,3,-17.3,906.8,NA,NA,87
2013,4,30,6,-17.3,909.3,NA,230,88
2013,4,30,9,-17.2,911.6,57,240,88
2013,4,30,12,-17,911.3,NA,240,88
2013,4,30,15,-16.5,913.9,57,NA,NA
2013,4,30,18,-16.9,916.2,NA,NA,88
2013,4,30,21,-16.5,918,NA,NA,88
2013,5,1,0,-15.6,919,NA,240,85
2013,5,1,3,-16.1,922,NA,NA,78
2013,5,1,6,-16.7,923.1,NA,NA,79
2013,5,1,9,-16.8,923.6,NA,240,75
2013,5,1,12,-16.6,923.7,30,NA,73
2013,5,1,15,-16.6,924.2,NA,NA,71
2013,5,1,18,-16.9,923.9,31,NA,73
2013,5,1,21,-16.5,924.1,33,NA,70
2013,5,2,0,-16.9,924.5,32,230,70
2013,5,2,3,-18.5,923.5,NA,230,69
2013,5,2,6,-18.6,924.1,NA,230,86
2013,5,2,9,-18.2,925.2,NA,210,76
2013,5,2,12,-18.7,923.1,NA,230,79
2013,5,2,15,-19.1,922.6,NA,NA,86
2013,5,2,18,-18.6,922.2,NA,NA,78
2013,5,2,21,-19.2,921.9,NA,NA,85
2013,5,3,0,-19.9,921.9,NA,240,80
2013,5,3,3,-20.1,922.1,14,240,85
2013,5,3,6,-20.5,922.2,13,220,84
2013,5,3,9,-20.2,922.9,NA,220,84
2013,5,3,12,-21,923.7,9,240,83
2013,5,3,15,-21.1,924.7,NA,240,83
2013,5,3,18,-21.2,925.2,NA,260,79
2013,5,3,21,-21.1,926.4,1,260,72
2013,5,4,0,-21.7,927.4,NA,0,82
2013,5,4,3,-21.5,927.8,3,30,82
2013,5,4,6,-22.1,927.7,4,10,82
2013,5,4,9,-21.4,927.7,NA,0,83
2013,5,4,12,-21.4,927.3,NA,0,83
2013,5,4,15,-21.9,926.4,NA,NA,82
2013,5,4,18,-23,925.4,2,250,81
2013,5,4,21,-23.6,924.9,3,240,79
2013,5,5,0,-24.2,924.2,NA,NA,78
2013,5,5,3,-24.5,923.5,1,320,79
2013,5,5,6,-25.3,923.4,3,260,77
2013,5,5,9,-25.6,923.2,NA,240,77
2013,5,5,12,-26.1,924.1,NA,250,76
2013,5,5,15,-26.7,924.7,NA,220,75
2013,5,5,18,-26.5,924.9,NA,240,75
2013,5,5,21,-27,925.6,NA,260,74
2013,5,6,0,-27.1,926,NA,0,74
2013,5,6,3,-26.9,925.5,2,40,75
2013,5,6,6,-26.6,924.3,NA,10,75
2013,5,6,9,-25.8,924,6,20,76
2013,5,6,12,-26.3,922.9,3,30,75
2013,5,6,15,-26,921.7,NA,330,76
2013,5,6,18,-25.9,921.1,2,10,75
2013,5,6,21,-23,920.2,NA,NA,79
2013,5,7,0,NA,918.9,2,10,85
2013,5,7,3,NA,918.1,NA,250,75
2013,5,7,6,NA,918.5,NA,230,74
2013,5,7,9,-29.3,919.2,NA,240,71
2013,5,7,12,-29,918.3,NA,340,71
2013,5,7,15,-29.8,916.4,NA,30,71
2013,5,7,18,-29.9,914.8,1,80,70
2013,5,7,21,-30.2,915.1,4,50,70
2013,5,8,0,-28.7,916.3,2,140,70
2013,5,8,3,-29.9,917.1,NA,NA,70
2013,5,8,6,-30.9,917.7,1,20,69
2013,5,8,9,-31.8,918.5,NA,NA,67
2013,5,8,12,-33.2,919,NA,NA,65
2013,5,8,15,-32.8,919.3,3,330,64
2013,5,8,18,-32.6,918.9,1,290,65
2013,5,8,21,-32,918.7,1,250,66
2013,5,9,0,-29.9,918.7,2,290,69
2013,5,9,3,-28.9,918.1,1,260,71
2013,5,9,6,-27.2,917.8,2,250,74
2013,5,9,9,NA,918.5,NA,230,76
2013,5,9,12,NA,918.4,NA,230,80
2013,5,9,15,NA,918.9,NA,240,88
2013,5,9,18,-16.7,921.6,NA,230,88
2013,5,9,21,-17.3,923,NA,230,87
2013,5,10,0,-17.3,925.6,NA,240,78
2013,5,10,3,-18.7,926,NA,250,60
2013,5,10,6,-21,925.2,NA,250,68
2013,5,10,9,-18.9,922.8,NA,330,57
2013,5,10,12,NA,919.6,NA,360,41
2013,5,10,15,NA,918.7,NA,0,52
2013,5,10,18,-18.2,916.7,NA,240,38
2013,5,10,21,-20.7,916.5,NA,240,60
2013,5,11,0,NA,918.5,NA,340,33
2013,5,11,3,-19.5,920.6,NA,250,50
2013,5,11,6,NA,921.6,NA,230,68
2013,5,11,9,-22.6,923.6,NA,250,60
2013,5,11,12,-23.2,925,NA,240,65
2013,5,11,15,-25.9,926.3,NA,260,75
2013,5,11,18,-26.2,926.9,NA,220,75
2013,5,11,21,-25.7,928,NA,0,75
2013,5,12,0,-25.8,928.2,1,70,76
2013,5,12,3,-26.3,927.6,NA,NA,75
2013,5,12,6,-26.5,927.4,NA,NA,75
2013,5,12,9,-27.5,927,2,240,73
2013,5,12,12,-27.5,926.5,3,220,73
2013,5,12,15,-27.3,925.9,NA,210,73
2013,5,12,18,-27.5,925.3,NA,220,73
2013,5,12,21,-27,926,NA,220,74
2013,5,13,0,-27.4,926.6,24,230,73
2013,5,13,3,-27.5,927.2,22,230,73
2013,5,13,6,-26.9,928.6,22,210,74
2013,5,13,9,-26.1,928,NA,230,74
2013,5,13,12,-26,927.2,NA,NA,75
2013,5,13,15,-26.7,927.4,NA,NA,74
2013,5,13,18,-26.7,928.2,NA,NA,74
2013,5,13,21,-27.4,925.7,NA,NA,73
2013,5,14,0,-26.9,923.3,NA,NA,74
2013,5,14,3,-27.6,924,NA,NA,73
2013,5,14,6,-27,924.3,NA,NA,73
2013,5,14,9,-26.6,922.5,NA,NA,55
2013,5,14,12,-25,921,NA,230,52
2013,5,14,15,-25.1,918.6,NA,220,70
2013,5,14,18,-25.5,917.2,NA,180,68
2013,5,14,21,-26.1,914.9,NA,40,76
2013,5,15,0,NA,912.8,2,170,76
2013,5,15,3,-24.6,911,4,0,48
2013,5,15,6,-24.3,909.6,NA,10,34
2013,5,15,9,-24.3,908.7,7,10,32
2013,5,15,12,-23.9,908.4,NA,290,33
2013,5,15,15,-23.9,908.1,NA,0,41
2013,5,15,18,-24.5,907.8,3,260,61
2013,5,15,21,-23.5,907.3,NA,270,60
2013,5,16,0,-23.6,906.9,2,210,66
2013,5,16,3,-23.5,906.6,NA,230,77
2013,5,16,6,-22.8,906.7,NA,220,77
2013,5,16,9,-22.2,906.5,NA,170,73
2013,5,16,12,-19.7,905.8,NA,250,47
2013,5,16,15,-19.3,906,NA,230,49
2013,5,16,18,-20.3,905.2,NA,230,60
2013,5,16,21,-17.5,904.6,NA,230,87
2013,5,17,0,NA,904.2,NA,240,81
2013,5,17,3,-14.2,901.3,NA,240,90
2013,5,17,6,-14.5,900,NA,240,91
2013,5,17,9,-15,903.9,NA,220,89
2013,5,17,12,-15.5,908.5,NA,230,90
2013,5,17,15,-14.7,909.3,NA,NA,91
2013,5,17,18,-14.4,911.1,36,NA,91
2013,5,17,21,-14.7,914.2,NA,NA,91
2013,5,18,0,-13.8,912,NA,240,91
2013,5,18,3,-14.7,912.6,NA,230,91
2013,5,18,6,-13.8,911,NA,240,92
2013,5,18,9,-13.6,910,NA,240,88
2013,5,18,12,-13.9,912.1,NA,230,88
2013,5,18,15,-14.1,914.1,NA,NA,92
2013,5,18,18,-13.8,915.8,NA,NA,92
2013,5,18,21,-14.7,915.6,NA,NA,91
2013,5,19,0,-15.4,917.4,NA,NA,91
2013,5,19,3,-14.7,919.2,NA,NA,91
2013,5,19,6,-16.7,917.4,NA,NA,89
2013,5,19,9,-17.3,919,NA,NA,89
2013,5,19,12,-17.5,920.2,NA,NA,88
2013,5,19,15,-17.8,920.2,NA,240,88
2013,5,19,18,-17.7,920.2,14,240,88
2013,5,19,21,-16.9,920.9,13,230,88
2013,5,20,0,-16.6,921.2,10,NA,89
2013,5,20,3,-16.5,920.7,11,NA,89
2013,5,20,6,-16.4,920.1,NA,NA,89
2013,5,20,9,-15.7,920.6,NA,NA,89
2013,5,20,12,-16.8,921.7,NA,250,89
2013,5,20,15,-15.8,922.2,NA,230,90
2013,5,20,18,-16.5,922.1,10,230,89
2013,5,20,21,-17.9,922.5,NA,240,87
2013,5,21,0,-18.2,922.5,NA,50,87
2013,5,21,3,-19,922,NA,50,86
2013,5,21,6,-20.3,921.2,2,240,85
2013,5,21,9,-20.1,920.1,NA,NA,85
2013,5,21,12,-20.5,919.3,NA,NA,84
2013,5,21,15,-20.7,917.8,3,30,84
2013,5,21,18,-21.4,916.5,3,0,83
2013,5,21,21,-20.9,916.2,NA,NA,83
2013,5,22,0,-19.4,916.2,NA,NA,86
2013,5,22,3,-19.6,916,3,10,85
2013,5,22,6,-22.2,916,3,40,83
2013,5,22,9,-21.8,916.6,NA,0,82
2013,5,22,12,-21.7,917.6,NA,NA,82
2013,5,22,15,-23.4,917.2,NA,230,81
2013,5,22,18,-23.6,916.8,NA,230,80
2013,5,22,21,-24.4,916.9,NA,230,79
2013,5,23,0,-23.8,919,NA,240,79
2013,5,23,3,-22.9,917.5,NA,NA,79
2013,5,23,6,-21.9,915.2,NA,NA,80
2013,5,23,9,-21.2,914.4,NA,NA,79
2013,5,23,12,-20.5,914.8,47,230,75
2013,5,23,15,-20.4,914.3,NA,220,69
2013,5,23,18,-19.8,912.3,NA,230,69
2013,5,23,21,-19.1,911.7,NA,NA,61
2013,5,24,0,-18.1,910.5,NA,NA,56
2013,5,24,3,-18.6,910.4,NA,NA,62
2013,5,24,6,-18.4,908.7,NA,210,63
2013,5,24,9,-17.2,908.1,NA,240,55
2013,5,24,12,-18.2,907.5,NA,240,79
2013,5,24,15,-18.2,907.5,NA,230,78
2013,5,24,18,-17.4,908.8,NA,230,84
2013,5,24,21,-16.7,908.9,NA,240,69
2013,5,25,0,-16.4,908.9,NA,240,67
2013,5,25,3,-15.7,908.7,NA,240,68
2013,5,25,6,-17.2,909.3,NA,230,86
2013,5,25,9,-17.3,907.8,NA,NA,87
2013,5,25,12,-17.7,910.7,NA,NA,87
2013,5,25,15,-16.5,909.1,NA,NA,87
2013,5,25,18,-17.5,912.8,NA,240,88
2013,5,25,21,-17.4,912.2,NA,240,85
2013,5,26,0,-17.3,914.4,NA,240,78
2013,5,26,3,-17.7,913.7,NA,10,73
2013,5,26,6,-17.8,912.1,NA,10,70
2013,5,26,9,-18.9,911.2,NA,360,59
2013,5,26,12,-18.5,911.7,NA,260,60
2013,5,26,15,-19.5,912.5,NA,20,60
2013,5,26,18,-20.1,914.4,NA,100,48
2013,5,26,21,-22.1,917.5,NA,240,81
2013,5,27,0,-20.3,920,NA,250,83
2013,5,27,3,-21.8,921.9,NA,220,82
2013,5,27,6,-21.2,924,NA,230,82
2013,5,27,9,-21.5,925.9,NA,220,83
2013,5,27,12,-21.9,929.2,NA,220,82
2013,5,27,15,-22.2,929.7,NA,NA,82
2013,5,27,18,-22,930.4,NA,NA,82
2013,5,27,21,-22.6,932,30,230,81
2013,5,28,0,-22.9,932.3,NA,220,81
2013,5,28,3,-24.2,930.8,NA,220,79
2013,5,28,6,-23.2,929.6,31,NA,79
2013,5,28,9,-24.2,927.2,NA,NA,79
2013,5,28,12,-24.1,923.8,NA,NA,79
2013,5,28,15,-24.2,921.7,NA,NA,79
2013,5,28,18,-23.5,917.5,NA,240,79
2013,5,28,21,-24,915.3,NA,240,79
2013,5,29,0,-24.3,918.2,NA,240,79
2013,5,29,3,-23.1,914.5,NA,230,80
2013,5,29,6,-22.4,915.3,NA,230,81
2013,5,29,9,-21.9,915.5,NA,240,82
2013,5,29,12,-21.8,915,NA,240,82
2013,5,29,15,-20.7,918.9,NA,240,84
2013,5,29,18,-21.3,918.3,NA,230,83
2013,5,29,21,-20.9,924,NA,230,83
2013,5,30,0,-19.8,924.5,NA,NA,84
2013,5,30,3,-21.1,924.1,NA,NA,83
2013,5,30,6,-20.6,928.6,NA,NA,84
2013,5,30,9,-21,926.9,NA,240,84
2013,5,30,12,-20.1,927.2,NA,230,84
2013,5,30,15,-20.3,931.2,NA,NA,84
2013,5,30,18,-19.2,932.3,NA,NA,85
2013,5,30,21,-19,932.7,NA,NA,83
2013,5,31,0,-18.4,933.2,NA,220,85
2013,5,31,3,-20.3,932,NA,250,84
2013,5,31,6,-19.3,931,NA,240,85
2013,5,31,9,-20.3,929.9,NA,190,84
2013,5,31,12,-21.5,928.8,8,260,84
2013,5,31,15,-22,928,NA,230,82
2013,5,31,18,-21.8,927.3,NA,240,82
2013,5,31,21,-21.2,927.1,NA,240,83
2013,6,1,0,-22.2,926.8,NA,230,82
2013,6,1,3,-22.2,925.5,NA,230,79
2013,6,1,6,-22.8,926.3,NA,230,77
2013,6,1,9,-23.2,926.4,NA,220,75
2013,6,1,12,-23.6,927.5,NA,210,77
2013,6,1,15,-24.8,928,NA,220,79
2013,6,1,18,-26,928,NA,260,76
2013,6,1,21,-25.9,927.1,NA,220,76
2013,6,2,0,-27.5,926.1,8,250,74
2013,6,2,3,-27.4,924.7,10,220,74
2013,6,2,6,-29.4,922.7,10,240,71
2013,6,2,9,-29.9,921.9,7,230,70
2013,6,2,12,-29.7,920.5,8,220,71
2013,6,2,15,-30.4,919.1,NA,220,70
2013,6,2,18,-31.3,918.8,NA,230,68
2013,6,2,21,-29.9,918.5,NA,230,70
2013,6,3,0,-29.6,918.7,NA,230,70
2013,6,3,3,-29,918.8,NA,240,71
2013,6,3,6,-28.3,919.7,10,230,72
2013,6,3,9,-28,920.8,9,250,73
2013,6,3,12,-27.8,921.9,12,230,73
2013,6,3,15,-26.9,922.7,NA,230,60
2013,6,3,18,-26.4,923.7,NA,NA,71
2013,6,3,21,-26.4,925.9,NA,NA,59
2013,6,4,0,-26.5,926.7,NA,NA,64
2013,6,4,3,-26.3,927.1,NA,230,61
2013,6,4,6,-26.5,927.7,NA,240,66
2013,6,4,9,-26.2,928,NA,230,54
2013,6,4,12,-26.1,928.2,NA,220,59
2013,6,4,15,-26.1,929.1,NA,230,63
2013,6,4,18,-25.1,929.5,NA,240,65
2013,6,4,21,-25.2,930.8,NA,210,64
2013,6,5,0,-24.4,931.3,5,360,59
2013,6,5,3,-24.7,931.9,NA,0,49
2013,6,5,6,-25.3,932.7,NA,10,60
2013,6,5,9,-24.7,933.3,11,10,57
2013,6,5,12,-23.9,933.6,NA,30,50
2013,6,5,15,-24.9,933.9,NA,20,58
2013,6,5,18,-25.7,934.9,NA,240,67
2013,6,5,21,-26.7,935,NA,270,71
2013,6,6,0,-26.6,934.4,NA,30,74
2013,6,6,3,-26.5,933.7,NA,350,75
2013,6,6,6,-27,932.6,NA,250,74
2013,6,6,9,-27,931.6,NA,250,73
2013,6,6,12,-26.6,930.9,NA,120,73
2013,6,6,15,-28.5,929.4,3,240,72
2013,6,6,18,-28.1,927.6,4,30,72
2013,6,6,21,-27.7,927.6,1,50,72
2013,6,7,0,-29.2,929.2,2,260,71
2013,6,7,3,-28.7,929,NA,0,71
2013,6,7,6,-28.6,928.3,NA,NA,71
2013,6,7,9,-26.8,927.3,3,80,74
2013,6,7,12,-30,925.9,NA,260,69
2013,6,7,15,-28.6,925,NA,230,70
2013,6,7,18,-29.2,925.2,NA,210,70
2013,6,7,21,-28.9,926,NA,210,71
2013,6,8,0,-30.4,927.6,NA,220,68
2013,6,8,3,-30.7,927.2,NA,280,67
2013,6,8,6,-30.4,927.3,NA,40,68
2013,6,8,9,-30.5,926.8,NA,50,68
2013,6,8,12,-30.9,925.7,NA,20,67
2013,6,8,15,-31.1,925,NA,10,67
2013,6,8,18,-31.2,924.6,NA,10,67
2013,6,8,21,-31.5,924.3,NA,30,66
2013,6,9,0,-32.9,924.2,3,260,65
2013,6,9,3,-32.8,924.2,NA,220,64
2013,6,9,6,-36.1,923.4,NA,NA,59
2013,6,9,9,-36.5,922.2,NA,NA,59
2013,6,9,12,-36.5,920.3,NA,NA,58
2013,6,9,15,-36.4,914.7,NA,NA,58
2013,6,9,18,-35.3,913.2,NA,NA,59
2013,6,9,21,-35,909.6,NA,NA,60
2013,6,10,0,-32.8,912.3,59,NA,63
2013,6,10,3,NA,907.8,NA,NA,66
2013,6,10,6,NA,908,NA,240,71
2013,6,10,9,-27.7,913.5,45,230,73
2013,6,10,12,-26.9,908.7,NA,230,74
2013,6,10,15,-28,911.6,59,240,72
2013,6,10,18,-27.6,909.3,NA,230,72
2013,6,10,21,-27.1,911.6,58,230,73
2013,6,11,0,-27.2,913.8,NA,220,73
2013,6,11,3,-25.4,912.9,NA,230,49
2013,6,11,6,-24.1,914.7,NA,NA,37
2013,6,11,9,-26,915.3,NA,NA,64
2013,6,11,12,-26.5,915.7,NA,NA,73
2013,6,11,15,-23,915.7,38,NA,40
2013,6,11,18,-22.8,914.8,NA,NA,35
2013,6,11,21,-22.9,918.1,NA,220,44
2013,6,12,0,-22.6,920.4,NA,230,49
2013,6,12,3,-22.5,920.9,NA,290,61
2013,6,12,6,-21.1,920.7,NA,250,25
2013,6,12,9,-20.5,920.4,4,290,24
2013,6,12,12,-21.1,920.2,4,220,26
2013,6,12,15,-18,919.1,NA,220,35
2013,6,12,18,-16.8,918.6,NA,230,29
2013,6,12,21,-17.9,919.4,NA,220,34
2013,6,13,0,-18.7,919.4,NA,240,NA
2013,6,13,3,-21.7,920.3,NA,220,82
2013,6,13,6,-22.8,921.3,NA,340,80
2013,6,13,9,-23.9,923,NA,230,79
2013,6,13,12,-25.3,924.3,NA,230,77
2013,6,13,15,-25.6,925.9,NA,280,76
2013,6,13,18,-26.5,927.6,NA,220,75
2013,6,13,21,-26.6,928.8,NA,210,75
2013,6,14,0,-26.6,930.1,NA,230,75
2013,6,14,3,-26.3,930.9,NA,260,75
2013,6,14,6,-24.9,930.5,NA,0,77
2013,6,14,9,-24.6,930.8,2,340,73
2013,6,14,12,-24.4,930.7,3,270,65
2013,6,14,15,-24.5,931.2,NA,250,50
2013,6,14,18,-24,932,4,250,46
2013,6,14,21,-24.6,932.4,NA,50,53
2013,6,15,0,-23.7,932.6,NA,270,47
2013,6,15,3,-23,932.6,NA,250,43
2013,6,15,6,-22.7,932.3,NA,230,47
2013,6,15,9,-21.9,932.4,NA,220,65
2013,6,15,12,-20.6,931.1,NA,240,43
2013,6,15,15,-20.3,930.5,NA,230,38
2013,6,15,18,-19.4,928.1,NA,250,39
2013,6,15,21,-19.6,927.1,NA,240,38
2013,6,16,0,-22.4,926.5,NA,250,47
2013,6,16,3,-22,925.3,NA,230,47
2013,6,16,6,-21.1,925.3,NA,220,50
2013,6,16,9,-18.6,924.5,NA,240,35
2013,6,16,12,-18.4,924.6,NA,220,53
2013,6,16,15,-19.3,926.1,NA,250,85
2013,6,16,18,-20.2,925.2,NA,230,83
2013,6,16,21,-19.8,923.6,NA,230,85
2013,6,17,0,-20.8,926.4,NA,230,74
2013,6,17,3,-21.3,927.5,NA,250,79
2013,6,17,6,-17.7,925.2,NA,230,52
2013,6,17,9,-18.4,925.6,NA,230,86
2013,6,17,12,-16.1,924.3,NA,240,74
2013,6,17,15,-17.4,924.9,NA,220,88
2013,6,17,18,-17.6,925.4,NA,240,88
2013,6,17,21,-20.2,928.5,NA,210,84
2013,6,18,0,-20.8,930.7,NA,220,84
2013,6,18,3,-21.7,933.4,NA,200,83
2013,6,18,6,-20.4,934.4,NA,210,83
2013,6,18,9,-20.2,935.7,NA,230,84
2013,6,18,12,-21,937.4,NA,220,83
2013,6,18,15,-22.1,939.5,NA,230,82
2013,6,18,18,-22.5,940.4,NA,250,82
2013,6,18,21,-22.9,941.3,NA,230,80
2013,6,19,0,-23.6,941.4,16,230,81
2013,6,19,3,-23,940.5,NA,210,80
2013,6,19,6,-22.6,939.4,NA,240,81
2013,6,19,9,-20.7,937.6,NA,170,82
2013,6,19,12,-19.4,936.1,NA,310,64
2013,6,19,15,-19.1,935.2,NA,0,38
2013,6,19,18,-18.8,935.1,NA,10,39
2013,6,19,21,-18.6,935.7,9,10,37
2013,6,20,0,-20.1,936,12,20,37
2013,6,20,3,-20.6,936.5,NA,270,37
2013,6,20,6,-20.6,936.7,NA,240,39
2013,6,20,9,-19,937,NA,220,31
2013,6,20,12,NA,937.7,NA,240,22
2013,6,20,15,NA,937.5,NA,240,44
2013,6,20,18,-16.4,938.8,NA,250,46
2013,6,20,21,-16.1,939.4,NA,240,51
2013,6,21,0,-17.8,939.3,NA,NA,50
2013,6,21,3,-15,939.6,NA,NA,51
2013,6,21,6,-15,939.2,NA,NA,54
2013,6,21,9,-15,939.1,NA,NA,58
2013,6,21,12,-14.5,938.2,14,NA,53
2013,6,21,15,-17.9,938.8,NA,230,74
2013,6,21,18,NA,937.6,NA,240,84
2013,6,21,21,-19.3,937.2,NA,240,85
2013,6,22,0,-17.9,937.5,NA,230,54
2013,6,22,3,-17.5,936.8,NA,260,50
2013,6,22,6,-15.8,935.7,NA,0,39
2013,6,22,9,-15.7,935.3,NA,NA,37
2013,6,22,12,-16.1,935.2,2,310,56
2013,6,22,15,-16.6,933.3,NA,240,66
2013,6,22,18,-15.9,931,NA,240,79
2013,6,22,21,-14.6,928.4,NA,NA,66
2013,6,23,0,-14.6,925.6,NA,NA,73
2013,6,23,3,-14.8,922.5,NA,NA,74
2013,6,23,6,-16.9,922.5,NA,230,76
2013,6,23,9,-15.6,923.9,42,230,75
2013,6,23,12,-15.3,925.1,NA,240,64
2013,6,23,15,-17.8,928.4,NA,230,66
2013,6,23,18,-20,924.3,NA,240,84
2013,6,23,21,-22.4,927.4,NA,230,81
2013,6,24,0,-22.3,928,NA,220,84
2013,6,24,3,-21.9,928.5,NA,240,83
2013,6,24,6,-22,931,NA,230,81
2013,6,24,9,-22.2,931.9,NA,240,81
2013,6,24,12,-21.8,933.1,NA,240,82
2013,6,24,15,-21.1,932.4,NA,240,83
2013,6,24,18,-19.8,937.9,60,230,85
2013,6,24,21,-18.3,939.9,56,240,84
2013,6,25,0,-19,941.3,NA,230,83
2013,6,25,3,-17.4,943.2,NA,NA,68
2013,6,25,6,-17.9,945.4,NA,NA,69
2013,6,25,9,-17,947.5,NA,NA,66
2013,6,25,12,-16.8,947.7,NA,NA,74
2013,6,25,15,-16.9,947.5,NA,NA,80
2013,6,25,18,-16.3,947.4,NA,220,78
2013,6,25,21,-16.1,946.9,NA,220,88
2013,6,26,0,-15.3,946.8,NA,230,NA
2013,6,26,3,-15.9,946.8,NA,230,89
2013,6,26,6,-15,947,NA,220,90
2013,6,26,9,-15.5,946.7,NA,220,90
2013,6,26,12,-15.3,946.1,NA,0,90
2013,6,26,15,-14.6,945.1,NA,230,91
2013,6,26,18,-14.7,943.9,NA,NA,91
2013,6,26,21,-14.8,942.2,1,10,91
2013,6,27,0,-14.6,940.2,1,270,91
2013,6,27,3,-15.2,937.6,NA,250,91
2013,6,27,6,-15.9,935.1,NA,240,91
2013,6,27,9,-16.9,932.1,NA,210,89
2013,6,27,12,-17.4,930.2,NA,220,89
2013,6,27,15,-18.7,927,NA,230,87
2013,6,27,18,-20.1,924.6,NA,230,85
2013,6,27,21,-22.2,923.2,NA,240,83
2013,6,28,0,-24.3,924.3,NA,240,80
2013,6,28,3,-23.9,924.5,60,230,80
2013,6,28,6,-24.8,925.3,60,240,79
2013,6,28,9,-25.3,925.3,59,230,78
2013,6,28,12,-24.9,924.2,NA,NA,78
2013,6,28,15,-23.2,923,NA,NA,80
2013,6,28,18,-22.6,925.9,60,NA,81
2013,6,28,21,-21.6,925.3,NA,230,81
2013,6,29,0,-21,926.3,58,NA,82
2013,6,29,3,-19,926.9,NA,NA,79
2013,6,29,6,-18,927.1,54,NA,86
2013,6,29,9,-18.5,930.5,NA,220,75
2013,6,29,12,-17.4,928.8,NA,230,65
2013,6,29,15,-19.2,927.3,NA,230,65
2013,6,29,18,-20,929.2,NA,230,77
2013,6,29,21,-21.6,928.6,NA,220,51
2013,6,30,0,-22,928,NA,220,61
2013,6,30,3,-20.7,927,NA,230,55
2013,6,30,6,-21.3,926.7,NA,220,68
2013,6,30,9,-20.1,926.3,NA,220,67
2013,6,30,12,-18.5,925.9,NA,220,63
2013,6,30,15,-18.8,925.2,33,230,80
2013,6,30,18,-18.1,924.2,NA,220,71
2013,6,30,21,-18.5,922.7,NA,230,74
2013,7,1,0,-19,924.4,NA,NA,84
2013,7,1,3,-19.4,924.6,NA,NA,82
2013,7,1,6,-20.2,925.2,39,NA,82
2013,7,1,9,-20.3,926.1,NA,220,84
2013,7,1,12,-20.5,927.7,NA,NA,84
2013,7,1,15,-20.6,928.4,34,NA,84
2013,7,1,18,-21.7,929.6,NA,NA,83
2013,7,1,21,-21.9,929.7,NA,230,82
2013,7,2,0,-22.4,930.1,28,220,82
2013,7,2,3,-22.8,929.7,NA,230,81
2013,7,2,6,-23.4,929.9,NA,220,80
2013,7,2,9,-23.7,929.9,28,NA,80
2013,7,2,12,-23.8,931.2,NA,NA,79
2013,7,2,15,-24.3,931.4,NA,NA,79
2013,7,2,18,-25.6,932,19,NA,78
2013,7,2,21,-26,931.8,NA,210,77
2013,7,3,0,-27.1,931.5,NA,250,75
2013,7,3,3,-27.4,930.7,NA,260,74
2013,7,3,6,-26.1,930,NA,0,76
2013,7,3,9,-26.9,928.6,NA,NA,75
2013,7,3,12,-28.2,927,NA,NA,73
2013,7,3,15,-27.6,925.2,NA,NA,74
2013,7,3,18,-27.9,923.3,NA,NA,73
2013,7,3,21,-28,921.5,NA,NA,73
2013,7,4,0,-28,919.9,NA,30,73
2013,7,4,3,-28,918.2,NA,10,73
2013,7,4,6,-27.3,917.2,NA,10,73
2013,7,4,9,-27.7,917.1,NA,NA,73
2013,7,4,12,-28.4,917.9,NA,NA,71
2013,7,4,15,-30.4,919.1,NA,NA,69
2013,7,4,18,-29.8,920.8,NA,NA,69
2013,7,4,21,-29.4,922.5,NA,NA,70
2013,7,5,0,-28.2,924.6,NA,360,71
2013,7,5,3,-27.3,925.5,NA,NA,73
2013,7,5,6,-28.5,925.1,NA,NA,73
2013,7,5,9,-28.2,924.4,NA,20,72
2013,7,5,12,-28,924.6,NA,NA,73
2013,7,5,15,-27.8,924.4,NA,NA,73
2013,7,5,18,-27.1,923.9,NA,NA,74
2013,7,5,21,-26.5,923.7,NA,NA,75
2013,7,6,0,-25.7,923.4,NA,NA,76
2013,7,6,3,-25.9,922,NA,NA,76
2013,7,6,6,-27.3,920.8,NA,NA,75
2013,7,6,9,-28.5,921.3,NA,NA,72
2013,7,6,12,-27.1,922.8,NA,NA,74
2013,7,6,15,-23.9,923.8,NA,NA,79
2013,7,6,18,-25.4,924.8,NA,NA,78
2013,7,6,21,-24.3,925.4,NA,NA,78
2013,7,7,0,-23.5,926.3,NA,NA,80
2013,7,7,3,-24.3,926.6,NA,270,79
2013,7,7,6,-25,926.6,NA,NA,78
2013,7,7,9,-25.3,927.6,NA,NA,77
2013,7,7,12,-25.9,927.6,NA,NA,77
2013,7,7,15,-25.7,928.2,NA,NA,76
2013,7,7,18,-24.9,929.4,NA,NA,77
2013,7,7,21,-25.3,929.6,NA,NA,77
2013,7,8,0,-27.3,929.2,NA,350,74
2013,7,8,3,-28.1,927.3,NA,NA,75
2013,7,8,6,-27.3,925.8,NA,NA,74
2013,7,8,9,-28,923.9,NA,NA,73
2013,7,8,12,-27.7,921.9,NA,NA,72
2013,7,8,15,-28.7,919.8,NA,NA,72
2013,7,8,18,-29.5,917.2,NA,NA,71
2013,7,8,21,-30.3,915.2,NA,NA,70
2013,7,9,0,-29.7,913.8,NA,NA,70
2013,7,9,3,-28.4,911.4,NA,NA,70
2013,7,9,6,-29.1,909.8,NA,NA,70
2013,7,9,9,-27.7,906.4,NA,240,73
2013,7,9,12,-30.9,904.4,NA,NA,69
2013,7,9,15,-31.4,907.3,NA,NA,66
2013,7,9,18,-31.2,911.2,NA,NA,68
2013,7,9,21,-30.5,915.4,NA,230,69
2013,7,10,0,-29.4,917.3,NA,240,70
2013,7,10,3,-28.6,921,NA,NA,71
2013,7,10,6,-28.3,921.5,NA,NA,72
2013,7,10,9,-26.5,924.7,NA,NA,73
2013,7,10,12,-26.1,925.4,NA,NA,75
2013,7,10,15,-24,927.9,55,240,73
2013,7,10,18,-24.4,924.7,58,240,78
2013,7,10,21,-24.4,920.2,NA,230,79
2013,7,11,0,-23.9,918.2,NA,240,79
2013,7,11,3,-24,918.4,59,NA,80
2013,7,11,6,-23.8,918,NA,NA,79
2013,7,11,9,-22.4,917,NA,NA,81
2013,7,11,12,-23.6,916.2,NA,230,80
2013,7,11,15,-24.7,916.5,NA,230,79
2013,7,11,18,-24.8,917.2,NA,220,78
2013,7,11,21,-25.3,916.6,NA,220,78
2013,7,12,0,-25.9,917.5,NA,220,76
2013,7,12,3,-26.8,918.7,NA,210,73
2013,7,12,6,-28.7,919.4,NA,240,72
2013,7,12,9,-28.9,920.5,NA,260,72
2013,7,12,12,-29.5,921.3,NA,NA,70
2013,7,12,15,-31.1,921.7,NA,NA,69
2013,7,12,18,-29.9,922.1,8,NA,69
2013,7,12,21,-31.3,922.3,8,270,68
2013,7,13,0,-30.1,923.1,NA,0,69
2013,7,13,3,-30.2,923.3,NA,200,69
2013,7,13,6,-30.2,922.9,1,330,69
2013,7,13,9,-30.8,922.9,2,70,68
2013,7,13,12,-30.7,922.8,3,20,68
2013,7,13,15,-30.8,923,2,310,68
2013,7,13,18,-29.7,923.2,2,360,69
2013,7,13,21,-30.6,923.3,4,10,68
2013,7,14,0,-30.3,923.4,6,360,68
2013,7,14,3,-30,923.3,NA,350,62
2013,7,14,6,-29.4,923.3,10,10,56
2013,7,14,9,-29,923.4,8,10,50
2013,7,14,12,-29.2,923.1,NA,270,58
2013,7,14,15,-28.9,922.5,NA,260,52
2013,7,14,18,-28.4,922.1,3,270,48
2013,7,14,21,-27.4,921.9,2,270,51
2013,7,15,0,-27.6,921.9,5,250,52
2013,7,15,3,-28,921.9,4,240,51
2013,7,15,6,-28.1,922.5,2,230,51
2013,7,15,9,-27.4,922.2,2,230,49
2013,7,15,12,-25.9,921.7,3,310,47
2013,7,15,15,-26.2,920.8,NA,10,41
2013,7,15,18,-26.4,920,NA,280,43
2013,7,15,21,-26.9,919.1,NA,270,44
2013,7,16,0,-27.1,918.4,3,10,39
2013,7,16,3,-27.9,917.8,NA,10,43
2013,7,16,6,-28.9,917.3,7,20,51
2013,7,16,9,-29.4,916.8,NA,40,53
2013,7,16,12,-28.9,915.7,NA,30,60
2013,7,16,15,-28.4,914.9,NA,30,54
2013,7,16,18,-30.3,914.6,NA,30,64
2013,7,16,21,-30.8,913.9,NA,250,67
2013,7,17,0,-31.1,913.6,NA,260,67
2013,7,17,3,-31.6,913.1,NA,240,65
2013,7,17,6,-33.9,912.5,NA,260,63
2013,7,17,9,-32.8,911.8,NA,250,62
2013,7,17,12,-32.7,911,NA,260,63
2013,7,17,15,-33.8,910.1,NA,230,62
2013,7,17,18,-33.9,909.5,NA,230,61
2013,7,17,21,-32.7,909.2,18,220,63
2013,7,18,0,-32.5,909.6,NA,220,64
2013,7,18,3,-32.2,909.2,NA,230,64
2013,7,18,6,-31.8,910.2,NA,NA,65
2013,7,18,9,-30.8,911.2,NA,NA,66
2013,7,18,12,-30.5,913.3,NA,NA,67
2013,7,18,15,-30,913.6,NA,NA,68
2013,7,18,18,-29.5,914.6,NA,NA,68
2013,7,18,21,-28.9,914.8,NA,NA,69
2013,7,19,0,-29,914.5,NA,NA,70
2013,7,19,3,-28.4,916.5,NA,NA,70
2013,7,19,6,-29.5,917.6,NA,230,69
2013,7,19,9,-29.9,917.3,NA,220,68
2013,7,19,12,-30,918.8,NA,230,68
2013,7,19,15,-30.7,918.6,NA,240,67
2013,7,19,18,-29.9,916.8,NA,60,69
2013,7,19,21,-29.9,914,6,50,68
2013,7,20,0,-31.2,910.9,5,70,67
2013,7,20,3,-32.5,907.4,4,360,65
2013,7,20,6,-32.8,904.2,NA,0,64
2013,7,20,9,-33.1,901.6,2,270,64
2013,7,20,12,-32.6,898.6,NA,NA,65
2013,7,20,15,-33.3,896.2,3,10,63
2013,7,20,18,-33.7,892.8,NA,NA,63
2013,7,20,21,-33.6,890.3,1,260,62
2013,7,21,0,-33.9,888.1,1,260,62
2013,7,21,3,-35.8,887.2,4,260,59
2013,7,21,6,-36,887.8,2,20,56
2013,7,21,9,-36.4,889.4,1,30,59
2013,7,21,12,-35.7,891.6,NA,230,59
2013,7,21,15,-34.9,893.7,NA,230,61
2013,7,21,18,-34.5,896.1,NA,240,61
2013,7,21,21,-33.4,898.7,NA,290,62
2013,7,22,0,-32.7,901.1,NA,270,64
2013,7,22,3,-31.4,903.6,NA,NA,66
2013,7,22,6,-30,905.5,NA,NA,68
2013,7,22,9,-28.7,906.7,2,330,64
2013,7,22,12,-27.4,907.8,4,360,48
2013,7,22,15,-27.2,908.7,5,20,47
2013,7,22,18,-25.6,909.6,NA,280,48
2013,7,22,21,-27.2,910.9,NA,250,44
2013,7,23,0,-28.9,912.6,NA,240,42
2013,7,23,3,-27.6,913.2,NA,210,48
2013,7,23,6,-27.5,913.6,NA,200,52
2013,7,23,9,-27.2,913.2,NA,110,60
2013,7,23,12,-28,913,2,230,70
2013,7,23,15,-28.7,913,NA,230,69
2013,7,23,18,-28.3,912.7,NA,0,71
2013,7,23,21,-27.3,911.8,2,260,56
2013,7,24,0,-26.6,911.9,NA,230,43
2013,7,24,3,-25.4,910.4,NA,240,41
2013,7,24,6,-23.1,909.7,NA,230,50
2013,7,24,9,NA,905.9,NA,240,47
2013,7,24,12,-19.7,901.8,NA,240,83
2013,7,24,15,-23.9,902.7,NA,220,83
2013,7,24,18,-22,901.1,NA,240,82
2013,7,24,21,-20.3,900.2,NA,240,82
2013,7,25,0,-19.3,900.9,58,240,84
2013,7,25,3,-23.9,900.6,NA,220,80
2013,7,25,6,-22.9,900.9,NA,230,80
2013,7,25,9,-23.8,900.6,NA,220,79
2013,7,25,12,-22.8,897,NA,240,81
2013,7,25,15,-24.2,897.7,60,230,79
2013,7,25,18,-26.7,900.1,NA,220,76
2013,7,25,21,-23.6,896.9,NA,240,78
2013,7,26,0,-27.6,898.1,NA,230,75
2013,7,26,3,-22.8,897.9,NA,230,53
2013,7,26,6,-23.4,897.3,NA,240,43
2013,7,26,9,-23.3,901.9,NA,240,41
2013,7,26,12,-24.2,902.6,NA,230,44
2013,7,26,15,-25.4,905.2,NA,230,47
2013,7,26,18,-24.9,907.2,NA,230,43
2013,7,26,21,-23.9,909.5,NA,240,42
2013,7,27,0,-25.8,912.2,NA,220,46
2013,7,27,3,-24,913.7,NA,230,34
2013,7,27,6,-23.6,915.6,NA,180,30
2013,7,27,9,-24.2,916.8,NA,280,27
2013,7,27,12,-25.7,918.5,5,240,50
2013,7,27,15,-24.6,919.2,6,360,47
2013,7,27,18,-24,919.7,NA,350,34
2013,7,27,21,-24,920,NA,30,33
2013,7,28,0,-26.4,920.8,NA,350,55
2013,7,28,3,-27.7,921.3,NA,350,74
2013,7,28,6,-27.4,921.2,NA,360,72
2013,7,28,9,-27,921.3,NA,340,73
2013,7,28,12,-23.5,921.3,NA,300,46
2013,7,28,15,NA,920.8,NA,310,23
2013,7,28,18,NA,921.6,NA,280,17
2013,7,28,21,-18.9,922.7,NA,240,22
2013,7,29,0,-21.4,923.5,NA,350,30
2013,7,29,3,-20.6,923.1,NA,40,28
2013,7,29,6,-20.3,919.4,NA,330,24
2013,7,29,9,-17.7,914.3,NA,40,26
2013,7,29,12,NA,910.3,NA,250,18
2013,7,29,15,NA,908.7,NA,250,34
2013,7,29,18,NA,909.8,NA,240,40
2013,7,29,21,NA,909.1,NA,230,61
2013,7,30,0,-21.6,909.1,NA,240,67
2013,7,30,3,-23.7,908.5,23,230,79
2013,7,30,6,-25.2,906.9,NA,230,77
2013,7,30,9,-27.1,907.4,23,230,75
2013,7,30,12,-27.6,907.7,NA,220,73
2013,7,30,15,-28.4,908.4,NA,230,71
2013,7,30,18,-30.6,909.8,NA,250,68
2013,7,30,21,-28.3,911.1,NA,40,72
2013,7,31,0,-30.9,911.6,NA,270,69
2013,7,31,3,-31.2,911.4,6,40,68
2013,7,31,6,-31,910.9,NA,30,68
2013,7,31,9,-31.3,910.6,10,30,66
2013,7,31,12,-32.3,910.4,NA,210,65
2013,7,31,15,-32.3,909.8,NA,0,65
2013,7,31,18,-32.7,909.2,2,240,64
2013,7,31,21,-32.7,908.6,NA,0,64
2013,8,1,0,-32.3,908.2,1,330,63
2013,8,1,3,-31.6,908.1,NA,350,65
2013,8,1,6,-30.9,908.3,NA,0,68
2013,8,1,9,-27.3,908.7,3,350,53
2013,8,1,12,NA,908,NA,340,28
2013,8,1,15,-25.1,906.4,NA,320,24
2013,8,1,18,-25.1,904.1,NA,20,26
2013,8,1,21,-23.9,901.3,NA,350,21
2013,8,2,0,NA,898.8,NA,350,16
2013,8,2,3,-21,896.6,NA,270,13
2013,8,2,6,-24.6,897.7,NA,250,24
2013,8,2,9,NA,901.4,NA,260,43
2013,8,2,12,NA,905.9,NA,200,62
2013,8,2,15,NA,907.5,7,360,57
2013,8,2,18,-26.3,908.1,NA,290,50
2013,8,2,21,-25,908.8,NA,10,33
2013,8,3,0,-25.5,910.5,4,270,29
2013,8,3,3,-25.7,910.5,NA,240,36
2013,8,3,6,-24.8,910.6,NA,230,40
2013,8,3,9,-28.7,910.1,NA,250,52
2013,8,3,12,-28.4,911.4,10,230,56
2013,8,3,15,-27.4,912.7,NA,220,57
2013,8,3,18,-27.4,913.8,NA,20,72
2013,8,3,21,-27.9,915,NA,20,69
2013,8,4,0,-27.3,916,NA,320,52
2013,8,4,3,-27.6,917.7,NA,240,52
2013,8,4,6,-26.3,919.1,NA,260,55
2013,8,4,9,-25.8,920.5,NA,210,47
2013,8,4,12,-24.9,920,NA,240,38
2013,8,4,15,NA,918.5,NA,350,19
2013,8,4,18,-21.1,916.4,NA,10,19
2013,8,4,21,-21.7,914.6,NA,20,19
2013,8,5,0,-19.9,913.9,NA,20,19
2013,8,5,3,-20.3,913.9,NA,20,15
2013,8,5,6,-20.3,915,NA,360,21
2013,8,5,9,NA,917.9,NA,230,34
2013,8,5,12,NA,920.1,NA,240,69
2013,8,5,15,-30,921.7,NA,230,66
2013,8,5,18,-29.6,922.2,NA,NA,66
2013,8,5,21,-30.8,922.3,NA,NA,67
2013,8,6,0,-31,924.1,NA,NA,66
2013,8,6,3,-30.9,923.4,NA,50,66
2013,8,6,6,-30.4,921,NA,20,58
2013,8,6,9,-30.4,920.2,NA,360,55
2013,8,6,12,-30.3,920.8,NA,350,52
2013,8,6,15,-27.1,922.4,NA,0,52
2013,8,6,18,NA,924.2,NA,0,35
2013,8,6,21,NA,925.4,NA,20,23
2013,8,7,0,NA,926.5,NA,10,12
2013,8,7,3,-22.1,927.5,NA,270,11
2013,8,7,6,NA,929.3,NA,240,33
2013,8,7,9,-24.2,932.7,NA,230,46
2013,8,7,12,-24,936.1,NA,230,43
2013,8,7,15,-23,937.7,NA,230,32
2013,8,7,18,-24.3,940.3,NA,240,63
2013,8,7,21,-24,943.1,NA,220,67
2013,8,8,0,-22.1,945,NA,220,33
2013,8,8,3,-22.7,945.8,NA,240,30
2013,8,8,6,-21.9,945.9,4,260,26
2013,8,8,9,-20.4,945.8,NA,40,23
2013,8,8,12,-21.1,945.7,NA,NA,24
2013,8,8,15,-20.6,944.4,NA,20,24
2013,8,8,18,-22.2,942,NA,60,31
2013,8,8,21,-20.9,938.8,NA,360,27
2013,8,9,0,-18.4,935.6,NA,30,20
2013,8,9,3,NA,931.6,NA,0,17
2013,8,9,6,NA,928.1,4,10,14
2013,8,9,9,-13.2,925.4,NA,260,16
2013,8,9,12,-15.5,925.1,NA,250,17
2013,8,9,15,NA,925.1,NA,240,52
2013,8,9,18,NA,925.2,56,250,73
2013,8,9,21,-22.8,932.2,NA,260,78
2013,8,10,0,NA,932.6,NA,NA,47
2013,8,10,3,NA,930.9,NA,NA,39
2013,8,10,6,-17.6,930.3,NA,NA,39
2013,8,10,9,-17.3,930.4,NA,230,40
2013,8,10,12,-21.3,929.8,NA,240,52
2013,8,10,15,-20.1,930.3,NA,220,59
2013,8,10,18,-20.2,930.3,NA,230,47
2013,8,10,21,-21.3,934.9,NA,230,49
2013,8,11,0,-23.1,937.6,NA,220,78
2013,8,11,3,-22.7,940,NA,240,80
2013,8,11,6,-23.4,940.1,NA,260,70
2013,8,11,9,-21.9,940.8,NA,200,61
2013,8,11,12,-24.9,939.9,NA,240,73
2013,8,11,15,-24.5,939.1,NA,230,52
2013,8,11,18,-22.2,938.5,NA,240,38
2013,8,11,21,-21.8,937.6,NA,240,38
2013,8,12,0,-21.6,935.8,NA,230,42
2013,8,12,3,-20.2,931.8,NA,240,33
2013,8,12,6,-21.4,929.4,NA,230,35
2013,8,12,9,-23.2,930.6,58,NA,70
2013,8,12,12,-24,933.2,NA,NA,66
2013,8,12,15,-22,932.4,NA,NA,51
2013,8,12,18,-22,934.5,NA,230,48
2013,8,12,21,-22.2,936.7,NA,230,52
2013,8,13,0,NA,939.7,NA,240,47
2013,8,13,3,-17.4,940.1,NA,240,42
2013,8,13,6,NA,939.7,NA,NA,37
2013,8,13,9,-13.5,941.7,NA,NA,49
2013,8,13,12,-15.5,944.9,NA,230,59
2013,8,13,15,NA,947.6,NA,230,78
2013,8,13,18,-19,949.9,NA,210,84
2013,8,13,21,-15.3,949.1,NA,230,57
2013,8,14,0,-16.9,949.3,NA,220,56
2013,8,14,3,-16.5,950.3,NA,220,NA
2013,8,14,6,-15.9,951,NA,240,54
2013,8,14,9,-15.6,951.8,NA,230,53
2013,8,14,12,-16.9,950.5,NA,220,59
2013,8,14,15,-16.7,948.7,NA,230,70
2013,8,14,18,-17.6,951.3,NA,230,61
2013,8,14,21,-15.8,952.5,NA,220,47
2013,8,15,0,-17.1,953.2,NA,210,64
2013,8,15,3,-19.3,952.9,NA,240,82
2013,8,15,6,-16,954.1,NA,250,56
2013,8,15,9,-14.8,954.1,NA,200,41
2013,8,15,12,-17.5,953.8,10,260,41
2013,8,15,15,-16.4,953.5,NA,200,54
2013,8,15,18,-17.4,952.2,NA,240,53
2013,8,15,21,-16.5,951.6,NA,240,49
2013,8,16,0,-15.9,951,NA,230,46
2013,8,16,3,-17,950.5,16,230,69
2013,8,16,6,-20.2,949.4,19,240,84
2013,8,16,9,-19.6,949,19,NA,84
2013,8,16,12,-19.9,948.8,21,NA,84
2013,8,16,15,-19.6,948.2,NA,NA,84
2013,8,16,18,-20.1,947.9,25,NA,84
2013,8,16,21,-20.5,946.9,28,NA,84
2013,8,17,0,-18.9,945,NA,230,85
2013,8,17,3,-19,942.4,NA,220,85
2013,8,17,6,-18.7,943.1,NA,220,86
2013,8,17,9,-18.6,944.3,39,230,86
2013,8,17,12,-18.8,948.3,NA,230,86
2013,8,17,15,-18.6,950.4,NA,270,86
2013,8,17,18,-17.6,949.4,NA,360,85
2013,8,17,21,-18.7,950.3,NA,10,82
2013,8,18,0,-18.8,949.8,NA,250,73
2013,8,18,3,-17.8,949.7,NA,260,72
2013,8,18,6,-18.5,950.3,NA,260,85
2013,8,18,9,NA,949.9,NA,20,41
2013,8,18,12,NA,948.4,NA,230,16
2013,8,18,15,NA,947.3,NA,270,13
2013,8,18,18,-6,946.2,NA,220,15
2013,8,18,21,-6.8,945.2,NA,230,14
2013,8,19,0,-5,943.1,NA,210,10
2013,8,19,3,-5.6,940.9,NA,240,10
2013,8,19,6,-9.8,938.9,NA,250,18
2013,8,19,9,NA,939.1,NA,10,30
2013,8,19,12,-14.1,937.5,NA,50,39
2013,8,19,15,NA,936.1,NA,350,58
2013,8,19,18,-15.6,934.9,NA,360,43
2013,8,19,21,-16.7,934.6,NA,40,48
2013,8,20,0,-17.5,934.9,NA,50,45
2013,8,20,3,-19.2,935.4,NA,330,50
2013,8,20,6,NA,934.7,NA,230,73
2013,8,20,9,-23.4,937.7,NA,210,63
2013,8,20,12,-25.9,938.5,NA,230,74
2013,8,20,15,-25.1,939.2,NA,80,75
2013,8,20,18,-23.7,940.1,3,330,77
2013,8,20,21,-23,941.3,NA,NA,59
2013,8,21,0,-23.7,941.9,NA,NA,45
2013,8,21,3,-24.7,942.2,NA,240,45
2013,8,21,6,-25.7,941.6,NA,230,59
2013,8,21,9,-25.2,940.8,NA,250,53
2013,8,21,12,-24.9,940.1,4,40,54
2013,8,21,15,-26.2,939,NA,260,61
2013,8,21,18,-25.9,937.7,NA,250,59
2013,8,21,21,-26.4,937.2,NA,190,56
2013,8,22,0,-26,935.4,NA,360,50
2013,8,22,3,-27.1,933.1,NA,360,53
2013,8,22,6,-26.8,930.7,NA,360,57
2013,8,22,9,-23.3,927.9,NA,340,50
2013,8,22,12,NA,925.1,NA,70,23
2013,8,22,15,NA,923.2,NA,250,29
2013,8,22,18,NA,922.2,NA,260,35
2013,8,22,21,NA,922.5,NA,260,22
2013,8,23,0,-21.9,923.5,NA,250,32
2013,8,23,3,-19.4,924.3,NA,40,39
2013,8,23,6,-19.3,923.7,NA,40,35
2013,8,23,9,-19.4,925.3,NA,40,32
2013,8,23,12,-20.9,926.6,NA,30,39
2013,8,23,15,-22.9,926.8,NA,240,49
2013,8,23,18,-23.6,927,NA,360,46
2013,8,23,21,-23.9,927.4,NA,10,46
2013,8,24,0,NA,927.3,7,260,NA
2013,8,24,3,-28.1,927.1,NA,250,57
2013,8,24,6,-29.2,925.9,NA,230,68
2013,8,24,9,-27.8,924.8,NA,220,67
2013,8,24,12,-28.7,922.6,NA,230,68
2013,8,24,15,-28.8,920.9,NA,240,68
2013,8,24,18,-29.1,919.4,29,NA,68
2013,8,24,21,-28.5,918.5,NA,NA,69
2013,8,25,0,-28.3,918.5,30,NA,69
2013,8,25,3,-27.8,918.7,NA,220,69
2013,8,25,6,-27.9,918.6,NA,230,70
2013,8,25,9,-27.6,917,NA,NA,70
2013,8,25,12,-28.4,918.1,NA,NA,69
2013,8,25,15,-28.9,918.6,32,NA,68
2013,8,25,18,-29.4,918.7,NA,NA,68
2013,8,25,21,-29.6,919.9,NA,230,67
2013,8,26,0,-29.3,920.7,NA,250,67
2013,8,26,3,-30.2,919.5,NA,240,66
2013,8,26,6,-30.9,918.9,NA,230,64
2013,8,26,9,-31.2,918,12,240,65
2013,8,26,12,-31.9,916.8,NA,230,63
2013,8,26,15,-31.6,915,NA,240,63
2013,8,26,18,-33.4,912.8,NA,270,62
2013,8,26,21,-32.7,910.5,3,200,62
2013,8,27,0,-32,909,2,200,63
2013,8,27,3,-32,907.5,3,360,63
2013,8,27,6,-33.7,905.6,NA,40,60
2013,8,27,9,-33.1,904.6,NA,360,62
2013,8,27,12,-33,903.9,NA,10,61
2013,8,27,15,-33.2,903.6,NA,0,61
2013,8,27,18,-32.9,902.7,NA,10,61
2013,8,27,21,-33.6,902.1,NA,0,61
2013,8,28,0,-34,901.3,NA,250,60
2013,8,28,3,-34.2,900.2,3,220,59
2013,8,28,6,-34.3,899.1,NA,260,59
2013,8,28,9,-32.9,898.4,NA,240,61
2013,8,28,12,-33.7,898.7,NA,350,60
2013,8,28,15,-34.3,898.7,NA,20,60
2013,8,28,18,-32.6,899.3,NA,290,61
2013,8,28,21,-31.7,900,NA,300,63
2013,8,29,0,-30.8,900.9,2,260,64
2013,8,29,3,-30.9,901.9,2,250,65
2013,8,29,6,-32.9,903.4,NA,240,61
2013,8,29,9,-33.1,904.9,NA,240,60
2013,8,29,12,-35.5,906.9,16,250,59
2013,8,29,15,-33.4,907.5,NA,230,61
2013,8,29,18,-33.4,908.6,NA,230,61
2013,8,29,21,-32.9,908.7,NA,230,61
2013,8,30,0,-30.8,908.1,NA,240,63
2013,8,30,3,-30.5,908.3,NA,240,65
2013,8,30,6,-31.5,910,NA,240,63
2013,8,30,9,-31.2,913,NA,230,62
2013,8,30,12,-30.1,914.2,NA,250,45
2013,8,30,15,-31.8,915,NA,240,45
2013,8,30,18,-31.7,915.3,NA,30,55
2013,8,30,21,-31.3,916,NA,0,49
2013,8,31,0,-31.2,917.4,NA,260,49
2013,8,31,3,-30.7,919.7,NA,220,41
2013,8,31,6,-27.7,919.9,NA,240,41
2013,8,31,9,NA,921.8,NA,240,66
2013,8,31,12,NA,925.9,NA,230,60
2013,8,31,15,NA,930.7,NA,220,34
2013,8,31,18,-16.3,933.4,NA,220,33
2013,8,31,21,-13.8,935.2,NA,260,32
2013,9,1,0,-12.4,936.1,NA,270,23
2013,9,1,3,-10.9,937.2,NA,360,15
2013,9,1,6,-11.9,936.8,NA,10,18
2013,9,1,9,-10.7,935.8,NA,30,14
2013,9,1,12,NA,935.3,6,10,6
2013,9,1,15,-9.7,933.3,NA,20,15
2013,9,1,18,-9.6,930.9,NA,20,17
2013,9,1,21,-12.7,930.6,NA,250,11
2013,9,2,0,NA,930.9,NA,250,NA
2013,9,2,3,NA,933.5,NA,230,32
2013,9,2,6,NA,933.2,NA,230,54
2013,9,2,9,-17.7,934.1,NA,230,48
2013,9,2,12,-17.8,934.4,NA,10,51
2013,9,2,15,-17.5,934.3,NA,30,52
2013,9,2,18,-17.1,933.3,NA,NA,50
2013,9,2,21,-18,933.1,NA,NA,54
2013,9,3,0,-16.5,932.6,NA,NA,43
2013,9,3,3,-16.8,931.3,NA,60,53
2013,9,3,6,-18.4,931.3,2,220,58
2013,9,3,9,-18.2,931.8,NA,250,51
2013,9,3,12,-17.9,931.8,6,250,38
2013,9,3,15,-17.5,931.1,NA,30,33
2013,9,3,18,-17.8,930.6,4,340,24
2013,9,3,21,-17.2,929.8,NA,340,26
2013,9,4,0,-16.6,930,NA,20,26
2013,9,4,3,-15.6,928.5,NA,30,22
2013,9,4,6,NA,926.4,NA,10,11
2013,9,4,9,NA,925.9,NA,20,6
2013,9,4,12,NA,924.2,NA,340,4
2013,9,4,15,NA,923.2,NA,360,3
2013,9,4,18,-3.4,922.6,NA,350,7
2013,9,4,21,NA,923,NA,230,6
2013,9,5,0,NA,926.5,NA,110,12
2013,9,5,3,NA,925.6,NA,230,29
2013,9,5,6,-15.1,923.7,NA,360,53
2013,9,5,9,-15.8,921.1,NA,30,48
2013,9,5,12,NA,918.7,NA,40,83
2013,9,5,15,-16,917.7,NA,200,69
2013,9,5,18,-20.9,917,NA,230,81
2013,9,5,21,NA,917.6,NA,200,83
2013,9,6,0,-22,917,NA,240,81
2013,9,6,3,-20.2,915.8,NA,230,82
2013,9,6,6,-19.7,914.9,NA,NA,84
2013,9,6,9,-21.7,914.2,NA,NA,82
2013,9,6,12,-21,915.6,NA,240,81
2013,9,6,15,-20.8,914.4,46,NA,82
2013,9,6,18,-22.2,914,NA,NA,81
2013,9,6,21,-23,914.8,NA,NA,80
2013,9,7,0,-23.6,914.6,NA,230,79
2013,9,7,3,-24.2,912.9,NA,230,78
2013,9,7,6,-24.2,914.7,NA,240,78
2013,9,7,9,-24.1,914.4,NA,230,77
2013,9,7,12,-22.5,917.8,NA,240,72
2013,9,7,15,-22.2,919.7,58,240,76
2013,9,7,18,-22.4,921.1,57,NA,79
2013,9,7,21,-20.5,925,NA,NA,68
2013,9,8,0,-19.7,924.6,NA,NA,69
2013,9,8,3,-18.4,925,NA,230,59
2013,9,8,6,-18,926.6,NA,220,58
2013,9,8,9,-20.4,927.3,NA,240,71
2013,9,8,12,-20.2,926.2,NA,230,71
2013,9,8,15,-22,926.4,NA,220,76
2013,9,8,18,-22.7,926.1,NA,110,81
2013,9,8,21,-23,925.3,NA,220,79
2013,9,9,0,-25.7,924.9,NA,240,77
2013,9,9,3,-24.4,923.6,NA,240,76
2013,9,9,6,-25.1,923.1,NA,230,76
2013,9,9,9,-25.9,922.3,NA,250,75
2013,9,9,12,-24.5,921.3,NA,350,76
2013,9,9,15,-24.7,920.4,NA,220,76
2013,9,9,18,-23,918.4,2,330,75
2013,9,9,21,-24.3,915.3,NA,360,50
2013,9,10,0,-23.1,911.5,NA,20,47
2013,9,10,3,-23.9,907.6,NA,0,57
2013,9,10,6,-24.5,907.5,NA,250,63
2013,9,10,9,-26.6,909.9,NA,250,73
2013,9,10,12,-27.2,912.5,NA,200,73
2013,9,10,15,-27.8,914.6,NA,230,71
2013,9,10,18,-27.6,917.5,NA,230,72
2013,9,10,21,-26.1,919.1,NA,0,72
2013,9,11,0,-27.4,920.2,NA,240,71
2013,9,11,3,-27.4,922.3,NA,230,72
2013,9,11,6,-27.3,923.5,NA,220,72
2013,9,11,9,-30.7,923.4,NA,260,66
2013,9,11,12,-30.6,923.8,NA,210,66
2013,9,11,15,-31.2,923.2,NA,220,65
2013,9,11,18,-29.2,923,NA,310,68
2013,9,11,21,-30.7,922.8,NA,250,59
2013,9,12,0,-29.3,922.8,NA,230,58
2013,9,12,3,-27.5,920.9,NA,230,48
2013,9,12,6,-25.3,920.1,NA,220,40
2013,9,12,9,-24.8,919.8,NA,240,41
2013,9,12,12,-23.6,919.9,NA,NA,38
2013,9,12,15,-24,920.6,NA,NA,41
2013,9,12,18,-23.4,921.2,NA,NA,49
2013,9,12,21,-22.6,921.9,NA,240,41
2013,9,13,0,-24.4,922.5,NA,240,48
2013,9,13,3,-22.4,921.7,NA,230,45
2013,9,13,6,NA,920.6,NA,210,31
2013,9,13,9,-18.6,920.2,NA,240,38
2013,9,13,12,-18,919.6,NA,230,29
2013,9,13,15,-20.5,918.6,NA,240,49
2013,9,13,18,-17.5,919.4,NA,240,30
2013,9,13,21,NA,919.7,NA,240,29
2013,9,14,0,-13.9,920.6,NA,260,31
2013,9,14,3,-14.6,920.7,NA,240,28
2013,9,14,6,-14.2,921.6,NA,340,27
2013,9,14,9,-15.5,920.9,NA,250,26
2013,9,14,12,-14.4,921,NA,250,25
2013,9,14,15,-13.2,920.9,NA,280,23
2013,9,14,18,-12.5,921.2,NA,290,27
2013,9,14,21,-13.6,922.5,6,260,31
2013,9,15,0,-14.6,924.3,4,250,30
2013,9,15,3,-13.1,925.2,NA,280,26
2013,9,15,6,-16.5,926.9,NA,230,37
2013,9,15,9,-15.2,927.8,NA,260,32
2013,9,15,12,-15.4,928.8,NA,220,41
2013,9,15,15,-15.6,928.8,NA,240,45
2013,9,15,18,-14.6,928.8,NA,220,43
2013,9,15,21,-15.1,928.6,NA,10,41
2013,9,16,0,-15.8,927.7,NA,340,48
2013,9,16,3,-15.5,926.9,NA,240,48
2013,9,16,6,-15.2,926.9,NA,250,49
2013,9,16,9,-17.8,927.7,5,230,49
2013,9,16,12,-16.3,927.4,NA,230,57
2013,9,16,15,-16.6,926.9,NA,230,61
2013,9,16,18,-15.1,926.9,NA,220,69
2013,9,16,21,-14.5,926.9,NA,240,70
2013,9,17,0,-13.7,926.2,NA,230,59
2013,9,17,3,-13.6,925.4,NA,220,56
2013,9,17,6,-13.2,924.7,NA,240,57
2013,9,17,9,-16.3,924.8,NA,180,65
2013,9,17,12,-15,923.6,NA,340,71
2013,9,17,15,-18.1,922.5,3,360,57
2013,9,17,18,-17.4,922,NA,30,86
2013,9,17,21,-17,921.7,7,330,49
2013,9,18,0,-18.9,922,NA,250,81
2013,9,18,3,-19.1,921.7,NA,230,84
2013,9,18,6,-19.5,921.8,NA,220,78
2013,9,18,9,-19.1,922.2,NA,220,71
2013,9,18,12,-19.5,923.8,NA,230,84
2013,9,18,15,-19.8,924.5,NA,220,84
2013,9,18,18,-18.3,923.8,NA,230,NA
2013,9,18,21,-20.9,921.7,NA,230,83
2013,9,19,0,-21.3,927.2,NA,220,83
2013,9,19,3,-21.3,926.7,NA,220,83
2013,9,19,6,-19.6,927.6,NA,NA,74
2013,9,19,9,-19.6,929.6,NA,NA,74
2013,9,19,12,-18.7,930.2,NA,NA,69
2013,9,19,15,-19.2,931.3,NA,240,84
2013,9,19,18,-17.4,931,NA,230,61
2013,9,19,21,-18.3,932.4,NA,220,72
2013,9,20,0,-19.3,934.3,NA,240,76
2013,9,20,3,-18.3,934.3,NA,40,63
2013,9,20,6,-18.5,934.9,NA,230,57
2013,9,20,9,-20.5,935.1,NA,230,83
2013,9,20,12,-20.5,935.9,NA,250,63
2013,9,20,15,-17.5,935.8,NA,10,42
2013,9,20,18,-20.5,935.4,NA,250,59
2013,9,20,21,-19.7,935.4,7,260,47
2013,9,21,0,-18,935.4,6,230,44
2013,9,21,3,-16,935,NA,240,38
2013,9,21,6,-13.7,934.6,NA,250,37
2013,9,21,9,-14.6,934.4,NA,280,42
2013,9,21,12,-14.2,933.6,NA,240,43
2013,9,21,15,-13.5,932.9,NA,270,47
2013,9,21,18,-14.1,931.8,NA,240,46
2013,9,21,21,-13.1,930.3,NA,230,65
2013,9,22,0,-16.3,929.5,NA,240,70
2013,9,22,3,-15.5,928.6,NA,210,65
2013,9,22,6,-14.7,927.1,NA,230,56
2013,9,22,9,-14.2,926.2,NA,10,44
2013,9,22,12,-15.5,925.5,7,40,48
2013,9,22,15,-16,925,NA,30,47
2013,9,22,18,-15,925.1,NA,40,46
2013,9,22,21,-17.8,925.8,4,260,61
2013,9,23,0,-18.8,927.6,NA,230,64
2013,9,23,3,-19.7,928.4,5,240,78
2013,9,23,6,-20.6,928.3,NA,NA,83
2013,9,23,9,-20.4,927.9,NA,NA,84
2013,9,23,12,-21.1,928.8,NA,NA,82
2013,9,23,15,-21.7,930.8,34,NA,82
2013,9,23,18,-21.8,932.4,NA,NA,82
2013,9,23,21,-21.9,932.9,NA,230,81
2013,9,24,0,-20.7,934.3,NA,240,74
2013,9,24,3,-20.5,935.7,22,NA,59
2013,9,24,6,-18.3,936.8,NA,NA,49
2013,9,24,9,-18.3,938.2,NA,NA,40
2013,9,24,12,-17.9,938.7,NA,NA,37
2013,9,24,15,-16.6,939.9,NA,NA,36
2013,9,24,18,-17.2,941,15,NA,35
2013,9,24,21,-16.1,941.6,NA,NA,33
2013,9,25,0,-15.3,941.9,NA,NA,37
2013,9,25,3,-16.9,942.5,NA,200,37
2013,9,25,6,-18.8,942.8,NA,230,47
2013,9,25,9,-17.7,943.3,NA,270,71
2013,9,25,12,-17.8,942.4,NA,360,41
2013,9,25,15,-18.1,942.3,NA,10,40
2013,9,25,18,-17.7,941.6,NA,20,39
2013,9,25,21,-17.8,941.8,NA,250,36
2013,9,26,0,-19.5,942.2,NA,250,53
2013,9,26,3,-22.1,943.6,NA,230,77
2013,9,26,6,-21.6,945.5,NA,260,81
2013,9,26,9,-21.1,946.8,NA,360,80
2013,9,26,12,-19.8,947.7,2,200,75
2013,9,26,15,-17.9,947.5,NA,240,48
2013,9,26,18,-19.6,948.1,6,10,43
2013,9,26,21,-17,948.5,NA,200,32
2013,9,27,0,-17.5,948.4,NA,230,32
2013,9,27,3,-17.1,947.8,NA,240,28
2013,9,27,6,-15.5,946.1,NA,230,30
2013,9,27,9,-14.1,944,NA,240,26
2013,9,27,12,-16.2,943.5,NA,220,46
2013,9,27,15,-15.5,944.4,NA,220,45
2013,9,27,18,-16.8,943.5,NA,230,50
2013,9,27,21,-14.2,942,NA,240,38
2013,9,28,0,-15,943.1,NA,230,39
2013,9,28,3,-12.5,941.4,NA,220,36
2013,9,28,6,NA,938.4,NA,220,28
2013,9,28,9,-11.2,936.2,NA,320,26
2013,9,28,12,-10,934.3,3,20,22
2013,9,28,15,-11.1,932.3,4,360,17
2013,9,28,18,NA,931.7,3,100,36
2013,9,28,21,NA,929.4,NA,240,43
2013,9,29,0,-16.9,930.3,NA,190,70
2013,9,29,3,-20.3,928.8,NA,130,84
2013,9,29,6,-19.7,925.8,1,60,64
2013,9,29,9,-22.1,924.8,2,210,75
2013,9,29,12,-23.8,924.4,3,240,80
2013,9,29,15,-22.1,924.5,NA,230,80
2013,9,29,18,-23.8,923.6,NA,230,78
2013,9,29,21,-24.6,923.9,NA,210,77
2013,9,30,0,-23.4,924,NA,240,78
2013,9,30,3,-23.5,923,NA,110,80
2013,9,30,6,-23.9,922.6,3,60,79
2013,9,30,9,-24.4,922.8,NA,10,77
2013,9,30,12,-23.9,923.5,NA,10,78
2013,9,30,15,-21.9,924.3,NA,300,65
2013,9,30,18,-22.7,924.6,NA,240,53
2013,9,30,21,-22.8,925.8,5,250,46
2013,10,1,0,-22.4,927.2,NA,230,46
2013,10,1,3,-23.4,928.2,NA,240,62
2013,10,1,6,-21.2,929.2,12,220,43
2013,10,1,9,-22.2,930,13,240,50
2013,10,1,12,-20.7,930.8,12,230,44
2013,10,1,15,-20.3,931.6,NA,NA,43
2013,10,1,18,-20.7,931.7,NA,NA,44
2013,10,1,21,-19.2,932.2,NA,NA,41
2013,10,2,0,-19.7,932.6,14,220,42
2013,10,2,3,-19.3,931.7,15,230,51
2013,10,2,6,-18.6,931.3,12,NA,85
2013,10,2,9,-19,931.1,16,NA,86
2013,10,2,12,-18.6,930.7,NA,220,86
2013,10,2,15,-19.1,929.9,NA,220,85
2013,10,2,18,-19.3,929.6,8,230,85
2013,10,2,21,-17.4,929,8,230,87
2013,10,3,0,-16.4,927.9,7,220,88
2013,10,3,3,-16.7,926.4,9,230,89
2013,10,3,6,-16.5,924.8,NA,340,89
2013,10,3,9,-15.9,922.8,NA,310,89
2013,10,3,12,-16.6,921,2,10,89
2013,10,3,15,-19.2,918.8,NA,10,84
2013,10,3,18,-18.2,917.5,6,30,87
2013,10,3,21,-19,917,7,240,87
2013,10,4,0,-18.9,917.2,NA,250,86
2013,10,4,3,-19.7,917.5,NA,230,86
2013,10,4,6,-19.8,917.9,NA,NA,85
2013,10,4,9,-19.7,918.9,NA,NA,85
2013,10,4,12,-19.9,919.7,NA,NA,85
2013,10,4,15,-20.2,919.5,22,240,84
2013,10,4,18,-19.7,920.9,NA,230,85
2013,10,4,21,-18.9,921.9,NA,220,86
2013,10,5,0,-18.6,922.8,NA,230,87
2013,10,5,3,-17.4,923.5,NA,230,88
2013,10,5,6,-15.6,921.9,NA,240,88
2013,10,5,9,-16.7,924,NA,220,78
2013,10,5,12,-16.4,924.9,NA,220,75
2013,10,5,15,-15.1,924.4,NA,230,69
2013,10,5,18,-14.2,924.1,NA,190,59
2013,10,5,21,-13.3,923.7,NA,10,51
2013,10,6,0,-13.2,923.9,NA,360,54
2013,10,6,3,-12.5,924.2,5,50,56
2013,10,6,6,-12.3,924.4,3,40,52
2013,10,6,9,-14.2,925,4,20,59
2013,10,6,12,-13.4,925.8,NA,NA,59
2013,10,6,15,-13.6,926.5,3,20,64
2013,10,6,18,-14.1,927.2,NA,NA,66
2013,10,6,21,-13.8,928,3,350,72
2013,10,7,0,-12.9,928.2,1,270,70
2013,10,7,3,-12.2,928.4,1,30,66
2013,10,7,6,-13.1,928.3,4,230,64
2013,10,7,9,-15.3,928,3,240,63
2013,10,7,12,-15.6,927.9,3,240,87
2013,10,7,15,-15,927.3,5,230,80
2013,10,7,18,-14.8,926.6,NA,240,78
2013,10,7,21,-14.2,926.2,NA,NA,76
2013,10,8,0,-15,925.4,NA,NA,89
2013,10,8,3,-14.7,925.7,NA,NA,90
2013,10,8,6,-15,925.2,NA,230,90
2013,10,8,9,-15.9,924.2,NA,240,90
2013,10,8,12,-15.4,923.8,NA,240,90
2013,10,8,15,-15.3,924.4,NA,220,90
2013,10,8,18,-15.4,923.4,NA,230,87
2013,10,8,21,-14.7,923.5,NA,230,87
2013,10,9,0,-15,923.7,NA,230,90
2013,10,9,3,-14.4,922.3,NA,220,88
2013,10,9,6,-14,921.4,NA,230,90
2013,10,9,9,-15.9,921.6,35,NA,90
2013,10,9,12,-15.4,923.9,NA,NA,90
2013,10,9,15,-13.3,922.8,NA,NA,NA
2013,10,9,18,-13.3,923.2,NA,240,83
2013,10,9,21,-15.1,924.6,NA,230,88
2013,10,10,0,-14.9,925.5,NA,80,91
2013,10,10,3,-14.5,924.3,NA,360,88
2013,10,10,6,-14.6,923.7,NA,330,67
2013,10,10,9,-14.5,923.6,NA,20,47
2013,10,10,12,-15.4,923.4,NA,270,66
2013,10,10,15,-16.4,922.7,NA,260,67
2013,10,10,18,-16.6,923.1,NA,220,71
2013,10,10,21,-16.5,922.8,NA,0,71
2013,10,11,0,-15.9,922.6,NA,30,71
2013,10,11,3,-18.8,922,4,70,82
2013,10,11,6,-19.9,921.8,5,30,85
2013,10,11,9,-21.1,922.1,5,320,78
2013,10,11,12,-21.3,922.3,NA,250,82
2013,10,11,15,-23,922,NA,240,73
2013,10,11,18,-22.2,923.2,NA,140,76
2013,10,11,21,-23,923.9,NA,230,63
2013,10,12,0,-20.1,923.9,NA,60,67
2013,10,12,3,-20.7,923.7,NA,360,69
2013,10,12,6,-21.4,923.1,NA,40,66
2013,10,12,9,-22,922.9,NA,50,71
2013,10,12,12,-22.5,922.3,9,10,70
2013,10,12,15,-21.5,920.9,11,10,57
2013,10,12,18,-21.5,920,NA,40,57
2013,10,12,21,-20,919.2,NA,0,55
2013,10,13,0,-19.1,918.9,NA,270,51
2013,10,13,3,-23.2,918.9,NA,240,73
2013,10,13,6,-22.1,919.5,NA,230,74
2013,10,13,9,-21.7,919.2,NA,240,69
2013,10,13,12,-21.1,918.7,NA,230,60
2013,10,13,15,-22.8,918.9,19,220,58
2013,10,13,18,-23.6,919.9,NA,220,70
2013,10,13,21,-24.3,920.7,NA,230,69
2013,10,14,0,-23.9,921.3,NA,240,67
2013,10,14,3,-23.4,921.7,NA,230,80
2013,10,14,6,-22.4,921.6,NA,240,61
2013,10,14,9,-23,921.9,6,120,80
2013,10,14,12,-23.1,922.4,4,240,80
2013,10,14,15,-23.1,922,NA,240,80
2013,10,14,18,-24.5,921.4,NA,230,78
2013,10,14,21,-24.8,921.3,NA,220,77
2013,10,15,0,-25.3,919.8,NA,220,77
2013,10,15,3,-24.5,918.3,NA,230,73
2013,10,15,6,-24.3,917.3,22,NA,74
2013,10,15,9,-24.3,917.1,NA,NA,59
2013,10,15,12,-24,915.6,NA,NA,55
2013,10,15,15,-23.2,913.9,17,NA,49
2013,10,15,18,-21.7,912.4,NA,NA,42
2013,10,15,21,-21.2,911.8,NA,240,41
2013,10,16,0,-23.8,909.7,NA,240,55
2013,10,16,3,-20.2,906.6,NA,240,81
2013,10,16,6,-20.4,908.6,NA,230,83
2013,10,16,9,-21.5,908.2,NA,230,73
2013,10,16,12,-21.6,906.3,NA,330,78
2013,10,16,15,-21.2,904.8,NA,230,80
2013,10,16,18,-20.8,903.4,NA,230,47
2013,10,16,21,-19.2,902.2,NA,220,48
2013,10,17,0,-18.5,903.2,NA,250,59
2013,10,17,3,-16.3,902.8,NA,290,49
2013,10,17,6,-16.3,902.7,NA,220,39
2013,10,17,9,-17.3,902,5,330,36
2013,10,17,12,-16.4,901.2,NA,340,24
2013,10,17,15,-15.2,899.9,NA,10,19
2013,10,17,18,-14.1,899.1,NA,270,14
2013,10,17,21,-13.7,899.3,NA,NA,25
2013,10,18,0,-14.3,900.6,2,230,23
2013,10,18,3,-17.2,901.7,NA,250,30
2013,10,18,6,-15.3,902.7,NA,250,28
2013,10,18,9,-17.1,904.6,NA,230,37
2013,10,18,12,-16.5,905.8,NA,240,30
2013,10,18,15,-16.5,906.7,NA,240,29
2013,10,18,18,-15.9,907.1,NA,270,29
2013,10,18,21,-15.8,907.6,NA,260,29
2013,10,19,0,-13.1,907.9,2,350,33
2013,10,19,3,-12.6,907.8,2,10,38
2013,10,19,6,-12.2,907.3,NA,310,36
2013,10,19,9,-13.8,907.6,NA,280,38
2013,10,19,12,-14,908,5,290,40
2013,10,19,15,-14.2,908.2,7,260,39
2013,10,19,18,-14.5,908.5,NA,250,42
2013,10,19,21,-13,909.3,8,230,42
2013,10,20,0,-12.6,909.9,NA,240,48
2013,10,20,3,-12.8,909.4,NA,230,81
2013,10,20,6,-15.3,910.1,NA,230,90
2013,10,20,9,-15.1,911.5,NA,0,91
2013,10,20,12,-15.7,911.1,NA,10,89
2013,10,20,15,-14.9,910.5,NA,340,72
2013,10,20,18,-13,910.3,NA,350,58
2013,10,20,21,-15.1,910.2,NA,20,62
2013,10,21,0,-14.7,910.4,NA,30,61
2013,10,21,3,-16.1,910.3,8,50,74
2013,10,21,6,-15.4,910.5,10,40,88
2013,10,21,9,-15.6,911.6,NA,60,90
2013,10,21,12,-17.2,912.3,NA,240,89
2013,10,21,15,-16.6,913,NA,NA,89
2013,10,21,18,-16.3,914.2,8,NA,89
2013,10,21,21,-17.7,915.1,NA,NA,88
2013,10,22,0,-18.3,916,NA,NA,87
2013,10,22,3,-18.3,917.5,NA,230,87
2013,10,22,6,-18.2,918.9,NA,240,87
2013,10,22,9,-18.4,920.1,NA,230,87
2013,10,22,12,-18.6,921.6,NA,230,87
2013,10,22,15,-17.8,922.7,NA,210,78
2013,10,22,18,-17.7,923,NA,230,79
2013,10,22,21,-17.5,923.2,NA,230,81
2013,10,23,0,-15.8,922.9,NA,220,73
2013,10,23,3,-15.5,922.3,NA,0,71
2013,10,23,6,-16,921.2,NA,50,79
2013,10,23,9,-16.9,920.6,NA,20,78
2013,10,23,12,-17.7,919.7,NA,10,88
2013,10,23,15,-18.3,918.3,9,20,76
2013,10,23,18,-18.8,917.9,NA,10,70
2013,10,23,21,-18.2,917.9,NA,260,86
2013,10,24,0,-18.5,918.2,2,190,84
2013,10,24,3,-18.8,918.5,NA,250,86
2013,10,24,6,-18.7,919.1,6,240,86
2013,10,24,9,-19.1,919.9,NA,230,86
2013,10,24,12,-19.7,920.6,NA,240,85
2013,10,24,15,-20,921.3,NA,240,85
2013,10,24,18,-20.4,922.4,NA,230,85
2013,10,24,21,-19.9,924.2,NA,230,85
2013,10,25,0,-19.6,925.5,NA,230,85
2013,10,25,3,-20.3,926.2,13,240,85
2013,10,25,6,-20.3,927,13,NA,85
2013,10,25,9,-21,927.4,12,NA,84
2013,10,25,12,-21.4,927.8,13,NA,83
2013,10,25,15,-21.9,928,10,230,83
2013,10,25,18,-22.2,928,NA,210,82
2013,10,25,21,-21.3,927.8,NA,220,83
2013,10,26,0,-20.7,927.6,3,240,83
2013,10,26,3,-20.3,927.5,NA,NA,83
2013,10,26,6,-22.2,927.7,3,250,82
2013,10,26,9,-23.3,928.3,4,240,81
2013,10,26,12,-24,928.7,3,230,80
2013,10,26,15,-24.1,929.1,3,240,79
2013,10,26,18,-23.9,929.7,NA,NA,79
2013,10,26,21,-23.7,929.9,NA,NA,80
2013,10,27,0,-21.8,930.3,NA,NA,85
2013,10,27,3,-23,930.2,3,250,82
2013,10,27,6,-22.6,929.9,NA,NA,80
2013,10,27,9,-23.5,929.9,NA,NA,80
2013,10,27,12,-24.2,929.7,1,10,79
2013,10,27,15,-23.8,929.3,NA,NA,79
2013,10,27,18,-22.4,929,1,250,78
2013,10,27,21,-22.2,928.5,3,230,81
2013,10,28,0,-18.9,928,NA,NA,85
2013,10,28,3,-19.9,927.2,NA,NA,73
2013,10,28,6,-20,926.2,NA,NA,66
2013,10,28,9,-20.4,925.8,NA,NA,58
2013,10,28,12,-20.4,925.2,NA,NA,49
2013,10,28,15,-20.1,924.5,2,260,35
2013,10,28,18,-19.5,924.3,NA,NA,34
2013,10,28,21,-18.3,924.4,2,130,35
2013,10,29,0,-18.1,924.6,NA,50,39
2013,10,29,3,-17.9,924.8,NA,70,44
2013,10,29,6,-17.9,925.7,NA,10,37
2013,10,29,9,-19.4,926.7,3,260,41
2013,10,29,12,-19.1,928.1,3,260,39
2013,10,29,15,-21,928.7,NA,260,60
2013,10,29,18,-20.1,929.8,NA,240,56
2013,10,29,21,-20.6,931.2,NA,230,48
2013,10,30,0,-19.6,932.8,NA,220,66
2013,10,30,3,-19.7,932.6,NA,230,80
2013,10,30,6,-19.2,933.3,NA,NA,75
2013,10,30,9,-19.5,933.2,NA,NA,77
2013,10,30,12,-18.9,934.3,NA,NA,75
2013,10,30,15,-18.9,934.4,NA,NA,58
2013,10,30,18,-18.2,933.5,NA,NA,49
2013,10,30,21,-18.6,933.9,NA,NA,55
2013,10,31,0,-18.7,933.7,NA,NA,56
2013,10,31,3,-16.8,932.5,NA,360,50
2013,10,31,6,-17.9,930.9,NA,40,50
2013,10,31,9,-19.2,928.9,NA,20,72
2013,10,31,12,-19.8,927.4,NA,10,61
2013,10,31,15,-20.1,926.1,NA,10,64
2013,10,31,18,-19.8,925.7,NA,290,53
2013,10,31,21,-19.3,925.4,NA,150,70
2013,11,1,0,-20.3,925.6,4,120,84
2013,11,1,3,-20.7,925.4,5,200,84
2013,11,1,6,-20.7,924.6,NA,190,84
2013,11,1,9,-21.2,924.3,NA,190,83
2013,11,1,12,-22.2,923.7,NA,310,81
2013,11,1,15,-22.1,922.2,4,350,82
2013,11,1,18,-20,921.3,1,110,77
2013,11,1,21,-18.1,920.6,2,20,67
2013,11,2,0,-15.5,920.2,NA,NA,43
2013,11,2,3,-15.7,919.6,1,230,31
2013,11,2,6,-14.9,919,2,230,29
2013,11,2,9,-15.4,918.6,NA,NA,30
2013,11,2,12,-16,918.3,4,270,34
2013,11,2,15,-16.3,917.5,NA,280,38
2013,11,2,18,-15.4,916.9,NA,360,35
2013,11,2,21,-12.8,916.9,1,250,32
2013,11,3,0,-11.3,917,2,20,38
2013,11,3,3,-12.7,916.3,NA,30,40
2013,11,3,6,-13.6,916,4,30,37
2013,11,3,9,-14.1,915.8,8,10,40
2013,11,3,12,-14.1,915.7,8,20,32
2013,11,3,15,-14.9,915.2,NA,250,36
2013,11,3,18,-15.8,915.1,NA,240,51
2013,11,3,21,-13.5,916,NA,30,54
2013,11,4,0,-16.1,916.5,NA,270,53
2013,11,4,3,-15,917.1,NA,240,51
2013,11,4,6,-14.8,917.2,3,210,46
2013,11,4,9,-16.2,917.1,2,240,81
2013,11,4,12,-17.5,917,NA,210,88
2013,11,4,15,-17.4,915.9,NA,NA,89
2013,11,4,18,-17.4,915.1,7,NA,88
2013,11,4,21,-17.3,914.3,8,240,88
2013,11,5,0,-16.1,913.4,5,230,89
2013,11,5,3,-16.8,912.2,5,NA,89
2013,11,5,6,-17,911.3,8,NA,89
2013,11,5,9,-17.5,910.8,NA,NA,88
2013,11,5,12,-18.2,910.2,NA,NA,87
2013,11,5,15,-17.9,910.5,NA,NA,87
2013,11,5,18,-18.4,910.6,NA,NA,87
2013,11,5,21,-17.8,911.7,NA,NA,88
2013,11,6,0,-15.4,912.3,NA,30,89
2013,11,6,3,-16.4,912.2,NA,90,90
2013,11,6,6,-16.8,911.9,3,70,89
2013,11,6,9,-17.3,911.7,3,90,89
2013,11,6,12,-18.2,911.5,1,250,88
2013,11,6,15,-18.8,911.5,4,210,87
2013,11,6,18,-19.1,911.2,NA,230,87
2013,11,6,21,-18.7,911.6,NA,NA,87
2013,11,7,0,-20.3,912.3,9,NA,85
2013,11,7,3,-20.3,912.6,NA,NA,85
2013,11,7,6,-20.2,913.3,NA,240,85
2013,11,7,9,-20.6,913.9,NA,230,84
2013,11,7,12,-21.5,913.7,NA,360,83
2013,11,7,15,-21.5,912.7,NA,360,79
2013,11,7,18,-20.5,911.7,NA,270,84
2013,11,7,21,-18.8,910.6,NA,70,86
2013,11,8,0,-18.7,910,NA,60,87
2013,11,8,3,-18.8,909.6,NA,50,NA
2013,11,8,6,-18.7,909.2,NA,40,87
2013,11,8,9,-19.1,909,NA,20,86
2013,11,8,12,-20.1,908.8,NA,360,86
2013,11,8,15,-19.5,908.5,NA,360,85
2013,11,8,18,-19.6,908.3,NA,20,86
2013,11,8,21,-17.5,908.3,NA,100,87
2013,11,9,0,-15.6,908.6,NA,NA,89
2013,11,9,3,-14,909,1,40,55
2013,11,9,6,-13.2,909.2,NA,NA,31
2013,11,9,9,-12.6,909.6,NA,NA,22
2013,11,9,12,-13.1,910.5,1,310,22
2013,11,9,15,-14.2,911.9,1,270,26
2013,11,9,18,-14.6,913,2,240,33
2013,11,9,21,-15.2,914.3,NA,50,90
2013,11,10,0,-14.3,916,NA,230,75
2013,11,10,3,-15.1,916.7,NA,240,64
2013,11,10,6,-13.9,917.4,NA,240,58
2013,11,10,9,-16.8,917.3,NA,250,42
2013,11,10,12,-16.8,917.3,NA,230,62
2013,11,10,15,-15.3,915.8,NA,230,70
2013,11,10,18,-14.7,914.2,NA,230,77
2013,11,10,21,-15.3,915,NA,220,77
2013,11,11,0,-15.5,913.2,NA,240,77
2013,11,11,3,-14.8,913.3,NA,240,77
2013,11,11,6,-14.6,910.6,NA,240,78
2013,11,11,9,-14.1,913.4,58,250,71
2013,11,11,12,-13.9,915.6,NA,240,52
2013,11,11,15,-13.1,916.7,NA,240,41
2013,11,11,18,-14.8,918.4,NA,230,58
2013,11,11,21,-15.2,919.1,NA,220,65
2013,11,12,0,-14.6,919.1,NA,180,64
2013,11,12,3,-14.2,917.5,NA,270,66
2013,11,12,6,-15,915.6,3,80,73
2013,11,12,9,-15.6,914.3,3,90,77
2013,11,12,12,-16.4,913.4,2,70,76
2013,11,12,15,-16.7,912.8,3,250,75
2013,11,12,18,-17.3,912.7,4,240,75
2013,11,12,21,-16.8,913.2,NA,220,75
2013,11,13,0,-16.8,914.4,NA,220,75
2013,11,13,3,-15.8,915.1,17,230,76
2013,11,13,6,-15.2,915.2,NA,240,77
2013,11,13,9,-14.1,915.8,NA,250,55
2013,11,13,12,-13.9,914.9,NA,NA,65
2013,11,13,15,-11.6,914.3,NA,NA,52
2013,11,13,18,-11.1,913.4,NA,NA,75
2013,11,13,21,-11.7,919.1,NA,230,51
2013,11,14,0,-9.1,916,NA,250,35
2013,11,14,3,-9.3,915.6,NA,230,35
2013,11,14,6,-10.9,918.5,NA,230,51
2013,11,14,9,-9.6,918.4,NA,250,32
2013,11,14,12,-10.7,920.2,NA,250,40
2013,11,14,15,-11.6,921.1,NA,250,45
2013,11,14,18,-11.8,920.7,NA,230,45
2013,11,14,21,-10.2,921.1,NA,240,35
2013,11,15,0,-8.9,921,NA,200,29
2013,11,15,3,-9.1,921,5,230,29
2013,11,15,6,-9.3,920.6,6,240,30
2013,11,15,9,-11.5,920.2,NA,240,45
2013,11,15,12,-12,919.5,NA,240,36
2013,11,15,15,-11.8,918.9,NA,230,32
2013,11,15,18,-11.1,918.5,NA,240,34
2013,11,15,21,-9.9,918.1,NA,240,30
2013,11,16,0,-9.9,918.4,NA,230,29
2013,11,16,3,-9.3,919.3,NA,240,NA
2013,11,16,6,-8.3,920.2,NA,240,26
2013,11,16,9,-9.3,921.3,NA,260,30
2013,11,16,12,-8.7,922.3,NA,260,26
2013,11,16,15,-9.9,922.5,NA,310,24
2013,11,16,18,-8.8,922.6,3,40,30
2013,11,16,21,-7.9,922.9,4,130,33
2013,11,17,0,-9.2,923.1,1,90,39
2013,11,17,3,-8.7,923,1,60,39
2013,11,17,6,-9.3,923.1,1,90,40
2013,11,17,9,-10.8,923.6,3,60,56
2013,11,17,12,-12,923.8,5,260,74
2013,11,17,15,-12.6,922.7,NA,240,80
2013,11,17,18,-11.8,922.6,NA,230,70
2013,11,17,21,-11.5,923,NA,230,68
2013,11,18,0,-11.3,922.9,25,220,74
2013,11,18,3,-11.5,922.4,NA,230,74
2013,11,18,6,-12,921.8,NA,NA,81
2013,11,18,9,-12.2,921.6,NA,NA,81
2013,11,18,12,-12.2,921.5,40,NA,81
2013,11,18,15,-12.3,922.4,40,NA,81
2013,11,18,18,-12,924.3,NA,NA,81
2013,11,18,21,-11.7,926,NA,230,81
2013,11,19,0,-11.1,926.4,NA,230,75
2013,11,19,3,-11,925.3,NA,270,79
2013,11,19,6,-10.2,924,NA,20,38
2013,11,19,9,-11.4,922.6,NA,10,36
2013,11,19,12,-12,920.7,NA,20,36
2013,11,19,15,-12.5,918.8,12,10,38
2013,11,19,18,-12.3,917.6,NA,30,40
2013,11,19,21,-10.6,917,NA,200,47
2013,11,20,0,-10.2,916.8,3,70,55
2013,11,20,3,-11.3,916.5,4,80,68
2013,11,20,6,-12.4,917.1,4,60,79
2013,11,20,9,-12,918,4,60,81
2013,11,20,12,-13,919.3,2,40,77
2013,11,20,15,-12.3,920.4,6,330,66
2013,11,20,18,-12.8,921.7,4,250,74
2013,11,20,21,-11.2,923.1,NA,180,62
2013,11,21,0,-10.8,924.2,1,160,64
2013,11,21,3,-11.6,925,5,240,70
2013,11,21,6,-12.2,926.1,NA,230,78
2013,11,21,9,-12.3,927.1,8,260,64
2013,11,21,12,-12.7,927.6,10,250,60
2013,11,21,15,-12.1,928,8,250,69
2013,11,21,18,-12.7,928.7,9,230,80
2013,11,21,21,-12.2,928.3,NA,230,61
2013,11,22,0,-12.6,928.4,NA,250,79
2013,11,22,3,-12.5,928.7,NA,240,79
2013,11,22,6,-12,927.8,NA,240,76
2013,11,22,9,-12.5,926.1,NA,250,76
2013,11,22,12,-12.6,927.1,NA,230,78
2013,11,22,15,-12.7,927,NA,240,79
2013,11,22,18,-11.9,927.9,NA,240,59
2013,11,22,21,-12.2,927.4,NA,230,63
2013,11,23,0,-12.2,926.1,NA,240,NA
2013,11,23,3,-12.7,924.6,NA,NA,78
2013,11,23,6,-12.5,922.8,NA,NA,79
2013,11,23,9,-12.8,923.5,NA,NA,80
2013,11,23,12,-12.6,921.7,NA,NA,81
2013,11,23,15,-13.6,923.4,NA,NA,80
2013,11,23,18,-12.4,920.1,NA,250,79
2013,11,23,21,-10.7,918.6,NA,240,76
2013,11,24,0,-10.3,916,47,250,82
2013,11,24,3,-9.7,914.4,NA,240,82
2013,11,24,6,-9.4,915.5,NA,230,84
2013,11,24,9,-9.4,915.6,NA,230,85
2013,11,24,12,-9.8,913.6,NA,240,85
2013,11,24,15,-9.5,913.3,NA,230,85
2013,11,24,18,-9.8,915.2,NA,230,85
2013,11,24,21,-9.5,914.8,NA,240,85
2013,11,25,0,-8.8,917,NA,240,81
2013,11,25,3,-8.2,918.3,NA,230,74
2013,11,25,6,-7,916.8,NA,240,58
2013,11,25,9,-5.8,919.1,NA,NA,34
2013,11,25,12,-6.2,918.4,52,NA,33
2013,11,25,15,-7.2,919.8,NA,NA,44
2013,11,25,18,-7.9,922.4,NA,230,47
2013,11,25,21,-6.1,922.1,NA,240,36
2013,11,26,0,-5.2,921.4,NA,230,28
2013,11,26,3,-5.1,920,NA,240,27
2013,11,26,6,-6.1,924,NA,240,42
2013,11,26,9,-5.8,924.8,NA,230,34
2013,11,26,12,-5.1,925.5,NA,220,31
2013,11,26,15,-7.1,925.5,NA,220,39
2013,11,26,18,-7.6,925.8,NA,240,48
2013,11,26,21,-8.1,926.2,NA,250,71
2013,11,27,0,-7.3,925.7,NA,250,57
2013,11,27,3,-7.6,925.8,NA,230,53
2013,11,27,6,-7.4,925.2,NA,240,49
2013,11,27,9,-7,924.7,NA,250,39
2013,11,27,12,-7.1,923.9,NA,240,36
2013,11,27,15,-7.3,923,NA,240,36
2013,11,27,18,-6.2,922.5,NA,230,29
2013,11,27,21,-5,922.7,3,220,23
2013,11,28,0,-4.7,922.5,3,120,23
2013,11,28,3,-4.2,922.4,2,130,37
2013,11,28,6,-4,922.7,1,60,36
2013,11,28,9,-5.7,923.5,NA,240,35
2013,11,28,12,-5.7,923.6,NA,240,28
2013,11,28,15,-7.5,920.7,NA,250,55
2013,11,28,18,-8.4,922.3,NA,240,86
2013,11,28,21,-8.9,923.9,NA,230,85
2013,11,29,0,-9.3,923.3,NA,230,85
2013,11,29,3,-9.1,924.2,NA,240,85
2013,11,29,6,-9.2,925.3,NA,NA,85
2013,11,29,9,-9.2,925.5,NA,NA,85
2013,11,29,12,-9.2,924.5,NA,NA,79
2013,11,29,15,-10.1,923.3,NA,NA,84
2013,11,29,18,-10.1,922.7,NA,NA,84
2013,11,29,21,-8.4,922.3,NA,250,72
2013,11,30,0,-7.2,921.8,NA,270,82
2013,11,30,3,-7.7,921.1,3,270,78
2013,11,30,6,-7.5,920.5,4,280,49
2013,11,30,9,-7.9,919.9,3,260,46
2013,11,30,12,-8.6,918.8,4,230,46
2013,11,30,15,-8.5,917.2,NA,220,48
2013,11,30,18,-6.5,914.1,NA,NA,48
2013,11,30,21,-5.1,910.1,NA,NA,44
2013,12,1,0,-6.8,908.9,NA,NA,76
2013,12,1,3,-6.6,909.1,NA,250,56
2013,12,1,6,-6.7,909.7,NA,240,57
2013,12,1,9,-6.6,911.1,NA,230,52
2013,12,1,12,-7.4,910.5,NA,230,54
2013,12,1,15,-7.1,911.3,NA,240,62
2013,12,1,18,-8.5,911.1,NA,230,59
2013,12,1,21,-7.7,914,NA,230,45
2013,12,2,0,-6.9,913.8,NA,240,55
2013,12,2,3,-5.4,913.6,NA,230,46
2013,12,2,6,-6.4,913.7,NA,80,55
2013,12,2,9,-7.7,913.5,NA,240,71
2013,12,2,12,-7.6,913.3,NA,NA,51
2013,12,2,15,-7.8,913.7,NA,NA,55
2013,12,2,18,-8.5,914.2,NA,NA,81
2013,12,2,21,-7.5,914.8,NA,NA,77
2013,12,3,0,-6.6,914.8,NA,230,NA
2013,12,3,3,-6.4,915.1,NA,250,39
2013,12,3,6,-5.8,915.9,NA,240,38
2013,12,3,9,-5.8,914.3,NA,240,32
2013,12,3,12,-6.2,914.3,NA,250,37
2013,12,3,15,-6.5,912.9,NA,240,38
2013,12,3,18,-7.1,916.1,NA,250,60
2013,12,3,21,-7.9,915.5,NA,240,84
2013,12,4,0,-8.2,917.2,NA,230,80
2013,12,4,3,-8.4,918.4,41,230,85
2013,12,4,6,-8.3,919.5,40,250,85
2013,12,4,9,-7.7,920.1,NA,240,69
2013,12,4,12,-8,921.8,NA,240,72
2013,12,4,15,-8.3,921.9,NA,230,78
2013,12,4,18,-7.7,922.1,NA,220,76
2013,12,4,21,-6.3,921.6,NA,220,70
2013,12,5,0,-5.8,921.1,2,260,71
2013,12,5,3,-6.6,920.2,6,20,82
2013,12,5,6,-5.6,919.7,NA,90,66
2013,12,5,9,-6.4,919.4,NA,240,72
2013,12,5,12,-7.2,919.6,4,260,70
2013,12,5,15,-7.5,919.7,3,250,64
2013,12,5,18,-6.5,920.7,2,220,70
2013,12,5,21,-3.9,921.6,3,140,75
2013,12,6,0,-4.6,922.6,5,90,66
2013,12,6,3,-6.2,922.7,5,40,77
2013,12,6,6,-6.4,922.5,NA,20,61
2013,12,6,9,-7.4,922.5,NA,360,87
2013,12,6,12,-7.5,922.7,NA,10,87
2013,12,6,15,-8,922.4,NA,250,87
2013,12,6,18,-7.5,922.3,NA,230,87
2013,12,6,21,-7.1,921.5,3,210,87
2013,12,7,0,-7.3,921.5,4,100,88
2013,12,7,3,-7.1,921.4,3,170,88
2013,12,7,6,-7.7,921.3,6,200,87
2013,12,7,9,-8,921.2,NA,230,82
2013,12,7,12,-8.3,922.1,NA,210,75
2013,12,7,15,-8.7,922.8,NA,210,74
2013,12,7,18,-7.8,924.1,NA,220,73
2013,12,7,21,-6.7,925.3,NA,220,63
2013,12,8,0,-6.2,926.7,NA,180,60
2013,12,8,3,-6.8,927.7,NA,190,60
2013,12,8,6,-6.7,929.2,NA,230,78
2013,12,8,9,-7.5,930.7,NA,230,76
2013,12,8,12,-7.4,932.2,NA,240,65
2013,12,8,15,-7.2,933.9,NA,240,48
2013,12,8,18,-6.1,936.1,NA,240,45
2013,12,8,21,-5,937.7,NA,220,45
2013,12,9,0,-3.6,939.1,NA,240,47
2013,12,9,3,-2.8,939.6,5,230,32
2013,12,9,6,-4.8,940.6,3,50,39
2013,12,9,9,-5.3,940.3,NA,350,41
2013,12,9,12,-5.6,939.8,NA,10,35
2013,12,9,15,-4.4,939.4,NA,80,51
2013,12,9,18,-3.8,939.2,NA,70,46
2013,12,9,21,-3.6,938.6,NA,50,48
2013,12,10,0,-3.3,939,NA,200,66
2013,12,10,3,-3.4,938.3,NA,110,47
2013,12,10,6,-2.6,937.7,NA,200,32
2013,12,10,9,-3.9,936.3,5,20,34
2013,12,10,12,1,935.3,6,260,22
2013,12,10,15,NA,934.3,NA,250,13
2013,12,10,18,0.7,933.6,NA,210,20
2013,12,10,21,2.2,932.8,NA,50,27
2013,12,11,0,1.8,932,2,40,33
2013,12,11,3,NA,931,2,10,45
2013,12,11,6,NA,930.2,NA,20,45
2013,12,11,9,NA,929.2,NA,360,22
2013,12,11,12,NA,929.1,NA,270,20
2013,12,11,15,2.9,928.4,NA,290,15
2013,12,11,18,1.3,928.6,NA,50,20
2013,12,11,21,-0.8,927.8,NA,60,30
2013,12,12,0,-0.6,926.7,NA,30,22
2013,12,12,3,-0.9,925.6,NA,40,23
2013,12,12,6,-2.9,924.4,NA,230,43
2013,12,12,9,-1.1,924,NA,180,30
2013,12,12,12,-0.6,924.1,4,270,28
2013,12,12,15,-0.8,923,2,200,27
2013,12,12,18,0.8,922.5,2,180,32
2013,12,12,21,-2.3,922.6,5,250,44
2013,12,13,0,NA,922.8,1,130,36
2013,12,13,3,-2.1,923,NA,240,37
2013,12,13,6,0.1,923.8,NA,230,29
2013,12,13,9,-1.2,923.8,NA,240,32
2013,12,13,12,-2,923.6,NA,250,32
2013,12,13,15,-2.8,923.5,NA,240,35
2013,12,13,18,-3.6,923.3,NA,230,43
2013,12,13,21,-2.5,923,NA,250,46
2013,12,14,0,-5,922.3,NA,240,66
2013,12,14,3,-4,921.1,NA,100,74
2013,12,14,6,-5.4,920,6,50,84
2013,12,14,9,-5.6,918.8,NA,10,75
2013,12,14,12,-7,917.8,NA,10,86
2013,12,14,15,-7.4,916.2,11,20,86
2013,12,14,18,-7,915.4,NA,60,87
2013,12,14,21,-6.7,914.6,NA,60,88
2013,12,15,0,-6.4,914.5,5,60,88
2013,12,15,3,-5.6,914.6,3,70,89
2013,12,15,6,-6,915.4,NA,0,89
2013,12,15,9,NA,916.6,1,200,89
2013,12,15,12,-6.6,917.5,NA,NA,89
2013,12,15,15,-7.1,917.9,NA,210,88
2013,12,15,18,-7,919.3,NA,230,88
2013,12,15,21,-7,920.9,11,220,88
2013,12,16,0,-6.2,922.1,NA,NA,83
2013,12,16,3,-5.3,923.2,15,NA,81
2013,12,16,6,-5.6,924.6,NA,NA,67
2013,12,16,9,-5.9,925.7,NA,230,81
2013,12,16,12,-5.6,926.5,NA,200,75
2013,12,16,15,-4.6,926.4,NA,350,62
2013,12,16,18,NA,926.8,1,260,44
2013,12,16,21,-2.9,927.2,NA,120,60
2013,12,17,0,-1.8,927.4,2,160,60
2013,12,17,3,-3.4,927.3,2,270,59
2013,12,17,6,-3.9,926.9,4,40,73
2013,12,17,9,-4,926.7,NA,0,58
2013,12,17,12,-4.4,926.3,5,20,61
2013,12,17,15,-5.3,925.1,NA,250,63
2013,12,17,18,-3.5,925,NA,260,45
2013,12,17,21,-2.6,924.8,NA,250,44
2013,12,18,0,-1.5,924.8,3,100,49
2013,12,18,3,-1.6,924.4,5,230,48
2013,12,18,6,-2,924.5,3,240,41
2013,12,18,9,-2.9,924.6,6,230,44
2013,12,18,12,-4.6,924.6,NA,230,58
2013,12,18,15,-4.6,924.3,4,240,49
2013,12,18,18,-5.2,924.8,6,210,58
2013,12,18,21,-4,924.8,6,220,62
2013,12,19,0,-3.9,925.1,NA,210,NA
2013,12,19,3,-4.7,925,NA,230,77
2013,12,19,6,-5.1,925.3,NA,210,89
2013,12,19,9,-5.3,925.2,NA,230,84
2013,12,19,12,-5.7,925.7,13,220,89
2013,12,19,15,-5.9,925.9,11,240,89
2013,12,19,18,-5.7,925.8,14,240,89
2013,12,19,21,-5.7,925.4,NA,230,89
2013,12,20,0,-5.3,925.9,NA,240,NA
2013,12,20,3,-5.1,924.5,NA,240,86
2013,12,20,6,-6.7,926.5,NA,220,89
2013,12,20,9,-7.3,926.7,NA,220,88
2013,12,20,12,-7.5,927.7,NA,220,87
2013,12,20,15,-7.9,927.6,NA,210,87
2013,12,20,18,-7.9,927.7,NA,210,88
2013,12,20,21,-7.6,928.2,NA,NA,88
2013,12,21,0,-8,927.9,24,NA,88
2013,12,21,3,-7.7,927.6,22,NA,88
2013,12,21,6,-7.9,927.4,NA,NA,88
2013,12,21,9,-8.2,927.1,NA,NA,88
2013,12,21,12,-8.4,926.6,19,220,88
2013,12,21,15,-8.8,924.7,NA,220,87
2013,12,21,18,-8.6,924.2,NA,230,87
2013,12,21,21,-7,923.5,NA,240,77
2013,12,22,0,-6.5,921.8,33,NA,68
2013,12,22,3,-6.6,919.8,34,NA,77
2013,12,22,6,-5.9,919.2,NA,NA,67
2013,12,22,9,-6.7,917.9,38,NA,86
2013,12,22,12,-8.3,917.3,37,230,74
2013,12,22,15,-8.6,918.6,NA,NA,87
2013,12,22,18,-8.4,918.9,NA,NA,82
2013,12,22,21,-6.6,920.2,NA,230,62
2013,12,23,0,-6.2,921.1,NA,230,64
2013,12,23,3,-5.2,922.1,NA,210,56
2013,12,23,6,-5.7,922.3,NA,360,73
2013,12,23,9,-6.9,921.8,NA,360,85
2013,12,23,12,-7,921.6,NA,360,83
2013,12,23,15,-6.5,920.9,NA,250,68
2013,12,23,18,-7.5,920.2,NA,240,85
2013,12,23,21,-7,920.1,NA,230,88
2013,12,24,0,-4.8,922.5,NA,120,73
2013,12,24,3,-4,923.4,NA,50,73
2013,12,24,6,-4.7,924.2,NA,20,65
2013,12,24,9,-5.3,925.2,6,30,73
2013,12,24,12,-5.8,926,3,30,66
2013,12,24,15,-4.6,925.9,2,200,73
2013,12,24,18,-5.2,926,NA,260,67
2013,12,24,21,-4.5,926.7,NA,220,70
2013,12,25,0,-3.8,927.1,NA,210,60
2013,12,25,3,-5.3,927,NA,230,80
2013,12,25,6,-5.4,928,NA,240,72
2013,12,25,9,-4.7,928.7,NA,NA,59
2013,12,25,12,-4.7,931,NA,NA,41
2013,12,25,15,-5,932.4,NA,NA,42
2013,12,25,18,-4.9,933.8,NA,NA,50
2013,12,25,21,-5.3,935.2,NA,NA,75
2013,12,26,0,-3.7,936.4,NA,230,64
2013,12,26,3,-3.3,936.2,NA,250,70
2013,12,26,6,NA,935.6,1,130,62
2013,12,26,9,-5.4,934.9,4,50,80
2013,12,26,12,-5.4,934,NA,60,90
2013,12,26,15,-5.9,932.8,NA,30,90
2013,12,26,18,-6.2,932,NA,50,90
2013,12,26,21,-5.6,931.6,NA,60,90
2013,12,27,0,-5.1,931.5,NA,40,91
2013,12,27,3,-4.9,931,NA,50,91
2013,12,27,6,-5.9,931.2,NA,130,91
2013,12,27,9,-6.2,931.2,NA,NA,90
2013,12,27,12,-7.5,930.8,2,350,89
2013,12,27,15,-5.7,928.9,NA,350,40
2013,12,27,18,-2.7,928,NA,290,25
2013,12,27,21,NA,927.9,NA,20,22
2013,12,28,0,0.9,927.8,5,80,22
2013,12,28,3,0.9,928.1,NA,250,20
2013,12,28,6,-2.9,930.2,NA,220,34
2013,12,28,9,NA,930.7,NA,250,42
2013,12,28,12,-3.5,932.6,NA,250,37
2013,12,28,15,-4.3,933.7,NA,30,32
2013,12,28,18,-4.2,933.8,NA,350,34
2013,12,28,21,-3.3,934.6,NA,240,44
2013,12,29,0,-3.7,935.1,NA,40,52
2013,12,29,3,-3.4,934.9,NA,60,52
2013,12,29,6,-3.9,934.2,NA,230,62
2013,12,29,9,-5.1,933.5,NA,260,72
2013,12,29,12,-3.5,933.8,NA,210,37
2013,12,29,15,-1.9,933.9,NA,310,38
2013,12,29,18,-2.4,934.2,6,20,32
2013,12,29,21,-1.3,934.7,NA,30,36
2013,12,30,0,-1.1,934.7,NA,10,34
2013,12,30,3,NA,935,NA,40,22
2013,12,30,6,NA,935.6,NA,30,12
2013,12,30,9,1.6,934.7,NA,20,19
2013,12,30,12,3,935,NA,250,15
2013,12,30,15,2,935.5,NA,250,18
2013,12,30,18,-0.1,935.9,NA,240,23
2013,12,30,21,1.4,935.8,NA,200,28
2013,12,31,0,-0.1,935.3,NA,40,34
2013,12,31,3,0.3,935.2,NA,340,29
2013,12,31,6,NA,935.7,NA,250,25
2013,12,31,9,0.9,937,NA,240,27
2013,12,31,12,1,938.3,NA,360,18
2013,12,31,15,1.8,938.4,NA,330,21
2013,12,31,18,2,938.8,2,200,27
2013,12,31,21,2.3,938.9,NA,170,22
2014,1,1,0,-1.2,939.2,4,240,33
2014,1,1,3,-0.8,938,NA,350,37
2014,1,1,6,-2,938.3,NA,250,34
2014,1,1,9,NA,939.6,NA,250,47
2014,1,1,12,-2.3,937.1,NA,250,41
2014,1,1,15,-2.8,938.5,NA,240,35
2014,1,1,18,-1.3,937.5,NA,310,37
2014,1,1,21,-2.4,936.2,NA,10,41
2014,1,2,0,-2.1,936.3,NA,220,38
2014,1,2,3,-1.9,934.5,NA,240,41
2014,1,2,6,-2.8,933.5,NA,230,43
2014,1,2,9,-1.5,932.9,NA,230,38
2014,1,2,12,-2.6,929.7,NA,250,45
2014,1,2,15,-5.4,932.4,NA,200,53
2014,1,2,18,-3,932.7,NA,210,56
2014,1,2,21,-2.4,932.3,NA,230,47
2014,1,3,0,-2.3,932.5,9,220,49
2014,1,3,3,-2.2,932.2,NA,240,43
2014,1,3,6,-1.3,932,NA,230,38
2014,1,3,9,0.1,931.3,NA,230,31
2014,1,3,12,-1.2,930.7,NA,350,25
2014,1,3,15,0.2,929.2,NA,350,20
2014,1,3,18,1.1,929.1,NA,0,23
2014,1,3,21,1.4,929.1,NA,130,33
2014,1,4,0,-0.6,929.1,NA,30,39
2014,1,4,3,-0.7,928.5,NA,30,36
2014,1,4,6,-1,928.5,NA,40,40
2014,1,4,9,-0.9,929.2,NA,20,40
2014,1,4,12,-0.4,929.9,NA,20,24
2014,1,4,15,1.3,930,NA,0,30
2014,1,4,18,1.5,931,NA,250,25
2014,1,4,21,1.5,932.7,NA,260,31
2014,1,5,0,1.2,934.5,NA,250,34
2014,1,5,3,1.1,936.1,NA,150,24
2014,1,5,6,-0.4,937,NA,230,39
2014,1,5,9,0.4,938.1,NA,260,41
2014,1,5,12,-1.6,938.9,NA,240,59
2014,1,5,15,-1.2,939,NA,350,43
2014,1,5,18,0.7,938.3,NA,110,46
2014,1,5,21,1.2,937,NA,70,45
2014,1,6,0,2.7,934.7,NA,60,43
2014,1,6,3,4.8,931.9,NA,10,27
2014,1,6,6,6.1,930.5,4,240,20
2014,1,6,9,4.1,930.4,NA,250,32
2014,1,6,12,3.2,932.1,NA,NA,22
2014,1,6,15,1.1,931,NA,NA,35
2014,1,6,18,0.6,931,NA,NA,38
2014,1,6,21,-0.1,930.9,NA,NA,38
2014,1,7,0,-1,931.1,NA,230,43
2014,1,7,3,-1.4,931.3,NA,240,44
2014,1,7,6,-1.5,931.9,20,240,41
2014,1,7,9,-2,931.9,NA,240,41
2014,1,7,12,-2.4,933.1,NA,230,41
2014,1,7,15,-1.8,933.2,NA,230,43
2014,1,7,18,-1.7,933.3,NA,290,37
2014,1,7,21,-1.3,933.7,3,140,39
2014,1,8,0,-1.6,932.9,NA,50,55
2014,1,8,3,-1.4,932.1,NA,30,49
2014,1,8,6,-1.6,932.1,NA,150,46
2014,1,8,9,-3.5,932.4,NA,250,71
2014,1,8,12,-3.7,932.4,6,260,84
2014,1,8,15,-3.4,931.5,NA,240,64
2014,1,8,18,-4,930.4,5,240,70
2014,1,8,21,-3.7,930.1,6,240,73
2014,1,9,0,-2.7,929.6,3,90,78
2014,1,9,3,-3.8,929,NA,130,87
2014,1,9,6,-4.8,929,NA,10,90
2014,1,9,9,-5.9,929.5,NA,20,90
2014,1,9,12,-5.4,930.2,3,60,90
2014,1,9,15,-5.6,930.2,NA,110,89
2014,1,9,18,-5.4,930.6,4,100,90
2014,1,9,21,-4,931.3,3,230,85
2014,1,10,0,-3.7,931.8,3,100,84
2014,1,10,3,-4.8,932.5,3,230,88
2014,1,10,6,-5.4,932.9,NA,230,90
2014,1,10,9,-5.5,933.3,NA,230,90
2014,1,10,12,-5.8,933.3,12,240,88
2014,1,10,15,-5.2,933.1,10,220,81
2014,1,10,18,-4.9,933.2,NA,210,84
2014,1,10,21,-3.8,933.4,NA,220,71
2014,1,11,0,-4.1,934.4,NA,230,91
2014,1,11,3,-3.9,934.6,NA,220,87
2014,1,11,6,-3.6,934.6,NA,210,82
2014,1,11,9,-4.4,934.8,NA,90,86
2014,1,11,12,NA,934.5,1,20,84
2014,1,11,15,NA,933.9,1,10,67
2014,1,11,18,-4.4,933.5,2,20,70
2014,1,11,21,-3.5,933,4,40,80
2014,1,12,0,-3,932.3,5,60,85
2014,1,12,3,-4,931.4,6,20,89
2014,1,12,6,-4.2,930.5,7,60,91
2014,1,12,9,-4.6,930.2,NA,20,59
2014,1,12,12,-4.9,930.1,NA,360,88
2014,1,12,15,-4.5,929.7,NA,250,77
2014,1,12,18,-3.5,929.7,NA,260,50
2014,1,12,21,-2.9,929.9,4,80,88
2014,1,13,0,-3.8,930.3,4,20,79
2014,1,13,3,-3.3,930.5,NA,70,80
2014,1,13,6,-4.1,930.9,NA,50,91
2014,1,13,9,-4.6,931.5,NA,120,91
2014,1,13,12,-4.9,932.1,2,210,91
2014,1,13,15,-5.2,932.4,NA,230,91
2014,1,13,18,-5.5,933.2,NA,240,91
2014,1,13,21,-5.5,933.9,7,240,91
2014,1,14,0,-4.5,934.4,8,240,91
2014,1,14,3,-4.7,935,10,230,91
2014,1,14,6,-4.9,935.3,NA,230,91
2014,1,14,9,-4.6,935.9,NA,260,92
2014,1,14,12,-5.6,935.8,NA,280,91
2014,1,14,15,-5.9,935.2,4,260,91
2014,1,14,18,-5.5,935.1,NA,240,91
2014,1,14,21,-5,934.6,8,230,91
2014,1,15,0,-5,934.6,7,230,92
2014,1,15,3,-4.8,933.8,6,230,92
2014,1,15,6,-4.7,933.5,9,220,92
2014,1,15,9,-5.2,932.4,NA,240,89
2014,1,15,12,-5,931.9,NA,230,77
2014,1,15,15,-5.7,929.8,NA,230,72
2014,1,15,18,-4.5,931.2,NA,250,70
2014,1,15,21,-4.8,931.8,NA,240,65
2014,1,16,0,-3.1,931.5,NA,220,72
2014,1,16,3,-3,930.4,NA,240,50
2014,1,16,6,-2.8,929.8,NA,240,39
2014,1,16,9,-2.7,930.1,NA,230,38
2014,1,16,12,-3.7,929.9,NA,220,42
2014,1,16,15,-4.3,929.2,NA,320,52
2014,1,16,18,-4.2,929,2,190,77
2014,1,16,21,-4.7,929,NA,220,74
2014,1,17,0,-3.8,928.3,NA,220,78
2014,1,17,3,-5.2,928.1,NA,230,88
2014,1,17,6,-5.1,926,NA,240,82
2014,1,17,9,-5.1,925.7,NA,250,76
2014,1,17,12,-4.8,926.3,NA,240,67
2014,1,17,15,-4.9,927.1,45,NA,65
2014,1,17,18,-4.9,926.5,47,NA,73
2014,1,17,21,-5.3,923.5,NA,NA,89
2014,1,18,0,-5.6,920.2,NA,230,89
2014,1,18,3,-6.2,919.7,NA,230,88
2014,1,18,6,-7.3,915.8,NA,NA,90
2014,1,18,9,-6.6,914.1,NA,NA,90
2014,1,18,12,-6.1,914.1,NA,NA,91
2014,1,18,15,-6.3,915.6,NA,230,91
2014,1,18,18,-5.9,912.5,NA,240,92
2014,1,18,21,-6,913.6,NA,230,92
2014,1,19,0,-5.7,917,NA,240,92
2014,1,19,3,-5.7,916.3,NA,240,92
2014,1,19,6,-5.7,917.2,NA,230,92
2014,1,19,9,-5.8,916.1,NA,NA,92
2014,1,19,12,-5.9,917.4,NA,NA,91
2014,1,19,15,-4.9,917,NA,NA,81
2014,1,19,18,-3.5,917.6,NA,NA,80
2014,1,19,21,-2.8,917,NA,NA,60
2014,1,20,0,NA,917.4,NA,NA,43
2014,1,20,3,-4.6,917.6,NA,230,72
2014,1,20,6,-5.1,918.6,NA,230,85
2014,1,20,9,-4.7,919.3,28,230,76
2014,1,20,12,-4.4,919.5,NA,240,74
2014,1,20,15,-4.3,919.5,NA,240,84
2014,1,20,18,-4.3,920.6,NA,240,77
2014,1,20,21,-4.9,921.7,NA,230,92
2014,1,21,0,-4.4,922.4,NA,NA,89
2014,1,21,3,-4.6,924.8,NA,NA,91
2014,1,21,6,-4.7,925.2,NA,NA,92
2014,1,21,9,-5.5,926.5,NA,220,92
2014,1,21,12,-5.9,927.6,NA,240,88
2014,1,21,15,-5.5,925.6,NA,240,90
2014,1,21,18,-5.5,923.8,NA,250,89
2014,1,21,21,-4.8,925.9,NA,240,90
2014,1,22,0,-4.3,927,NA,240,85
2014,1,22,3,-3.5,925.8,NA,NA,70
2014,1,22,6,-3.2,926.3,NA,NA,61
2014,1,22,9,-1.9,926.5,NA,NA,47
2014,1,22,12,-3.9,929,NA,230,66
2014,1,22,15,-3.6,928.3,NA,250,57
2014,1,22,18,-1.5,927.3,NA,60,48
2014,1,22,21,-0.8,925.7,NA,60,50
2014,1,23,0,-3,923.9,NA,50,66
2014,1,23,3,-2.9,922.1,NA,30,71
2014,1,23,6,-3.6,920.5,NA,40,76
2014,1,23,9,-5,919.5,NA,220,78
2014,1,23,12,-6.3,918.5,NA,240,91
2014,1,23,15,-6.8,918,NA,240,90
2014,1,23,18,-6.4,918.3,9,240,90
2014,1,23,21,-3.7,919.1,NA,210,86
2014,1,24,0,-5.6,920.9,NA,190,90
2014,1,24,3,-5.3,921.8,NA,120,86
2014,1,24,6,-5,922.9,4,90,90
2014,1,24,9,-5.3,924.4,3,150,86
2014,1,24,12,-5.7,925.8,2,220,82
2014,1,24,15,-5.3,926.5,2,50,72
2014,1,24,18,-4.8,927.6,2,70,73
2014,1,24,21,-4.4,928.8,4,50,74
2014,1,25,0,-3.4,929.9,2,50,72
2014,1,25,3,-4.3,930.7,2,120,78
2014,1,25,6,-4.1,931.5,4,30,66
2014,1,25,9,-4.2,932.5,5,350,59
2014,1,25,12,-5.8,933.1,6,20,60
2014,1,25,15,-6.1,932.8,7,0,64
2014,1,25,18,-5.6,932.6,NA,50,66
2014,1,25,21,-5.6,932,NA,40,86
2014,1,26,0,-5.1,931,4,40,82
2014,1,26,3,-5.5,930.1,3,120,89
2014,1,26,6,-6.1,929.1,7,240,89
2014,1,26,9,-6.4,928,NA,250,91
2014,1,26,12,-6.2,927.3,NA,230,91
2014,1,26,15,-6.4,925.7,NA,230,91
2014,1,26,18,-6.2,924.4,NA,240,91
2014,1,26,21,-6.5,922.3,NA,NA,89
2014,1,27,0,-6.8,920.8,NA,NA,90
2014,1,27,3,-6.6,919.8,NA,NA,91
2014,1,27,6,-6.3,919.9,NA,NA,92
2014,1,27,9,-6.3,921.3,40,230,91
2014,1,27,12,-6.6,922.1,37,240,91
2014,1,27,15,-6.4,923,NA,250,87
2014,1,27,18,-6,925,NA,240,62
2014,1,27,21,-6,925.9,NA,240,73
2014,1,28,0,-4.9,925.2,NA,70,74
2014,1,28,3,-5.4,923.5,NA,50,78
2014,1,28,6,-5.8,922.5,NA,30,79
2014,1,28,9,-6,921.4,NA,40,89
2014,1,28,12,-6.1,920.3,NA,260,82
2014,1,28,15,-7.1,918.7,NA,250,76
2014,1,28,18,-7.3,918.4,NA,230,90
2014,1,28,21,-7.2,918,NA,240,90
2014,1,29,0,-7.1,918.2,NA,230,91
2014,1,29,3,-7.2,918.6,NA,230,84
2014,1,29,6,-8,919.8,19,220,90
2014,1,29,9,-8.3,921,NA,220,90
2014,1,29,12,-7.6,921.5,NA,210,88
2014,1,29,15,-8.4,921.6,NA,240,85
2014,1,29,18,-7.6,922.6,NA,240,59
2014,1,29,21,-8.1,922.6,10,240,55
2014,1,30,0,-7.8,922,NA,230,58
2014,1,30,3,-7.9,920.6,NA,230,62
2014,1,30,6,-8,920.3,NA,250,67
2014,1,30,9,-8.5,920.6,NA,NA,84
2014,1,30,12,-9,919,NA,NA,78
2014,1,30,15,-9.1,917.7,NA,NA,84
2014,1,30,18,-8.1,918.2,NA,NA,76
2014,1,30,21,-7.5,919.9,NA,NA,66
2014,1,31,0,-8,919,36,NA,81
2014,1,31,3,-7.3,919.4,37,250,79
2014,1,31,6,-8.2,919.8,NA,NA,87
2014,1,31,9,-7.8,921.2,38,NA,86
2014,1,31,12,-8.3,921.4,NA,250,87
2014,1,31,15,-8.5,921.6,NA,250,87
2014,1,31,18,-8.2,922.8,42,240,81
2014,1,31,21,-8.5,924.9,NA,260,76
2014,2,1,0,-7.6,925.7,NA,240,60
2014,2,1,3,-7.9,925.7,NA,240,79
2014,2,1,6,-7.9,927.4,NA,240,75
2014,2,1,9,-7.4,927.4,NA,220,73
2014,2,1,12,-8.7,926.7,NA,40,81
2014,2,1,15,-9.3,925.8,NA,10,87
2014,2,1,18,-7.3,925.1,NA,130,80
2014,2,1,21,-6.1,924.3,NA,100,79
2014,2,2,0,-5.7,924,5,110,64
2014,2,2,3,-7,923.4,NA,240,71
2014,2,2,6,-8.5,922.7,NA,230,89
2014,2,2,9,-8.8,922.9,11,250,88
2014,2,2,12,-9.5,922.9,NA,250,87
2014,2,2,15,-8.9,923.4,NA,250,71
2014,2,2,18,-7.9,923.9,NA,270,74
2014,2,2,21,-7.5,924.1,NA,70,83
2014,2,3,0,-7.5,924.2,6,70,NA
2014,2,3,3,-7.1,924.2,4,110,89
2014,2,3,6,-7.3,924.3,7,250,90
2014,2,3,9,-7,924.5,6,240,91
2014,2,3,12,-6.9,924.8,7,250,91
2014,2,3,15,-8,924.1,5,260,90
2014,2,3,18,-7.5,923.9,NA,230,90
2014,2,3,21,-7.9,924,NA,190,90
2014,2,4,0,-8.8,923.1,14,220,89
2014,2,4,3,-9.6,923.1,11,NA,89
2014,2,4,6,-10,923.8,10,NA,88
2014,2,4,9,-10.5,924.7,10,240,88
2014,2,4,12,-10.5,924.5,12,240,87
2014,2,4,15,-10.7,924.2,11,240,87
2014,2,4,18,-10,924.4,NA,250,85
2014,2,4,21,-9.4,924.9,NA,240,78
2014,2,5,0,-8.5,925.5,NA,220,75
2014,2,5,3,-8.7,925.7,23,230,87
2014,2,5,6,-8.9,926.4,NA,230,89
2014,2,5,9,-9.3,926,21,240,86
2014,2,5,12,-9.5,926,19,230,86
2014,2,5,15,-9.4,925.3,20,240,78
2014,2,5,18,-9.2,925.6,19,230,66
2014,2,5,21,-9.7,924.8,NA,230,66
2014,2,6,0,-9.2,925,NA,230,70
2014,2,6,3,-9.1,923.8,NA,240,64
2014,2,6,6,-9.5,921.3,NA,NA,81
2014,2,6,9,-10.1,920.3,NA,NA,88
2014,2,6,12,-10.4,919,NA,NA,85
2014,2,6,15,-10.3,918,NA,250,82
2014,2,6,18,-9.4,915.7,NA,250,77
2014,2,6,21,-10.2,914.2,NA,250,82
2014,2,7,0,-9.2,914.2,NA,240,77
2014,2,7,3,-8.7,911.4,NA,240,75
2014,2,7,6,-8.3,910.4,NA,240,61
2014,2,7,9,-8.2,907.8,NA,250,48
2014,2,7,12,-8.8,908.3,NA,240,60
2014,2,7,15,-8.9,905.8,NA,250,84
2014,2,7,18,-8.1,904.8,NA,240,85
2014,2,7,21,-7.2,904.1,NA,250,88
2014,2,8,0,-7.1,903.2,NA,240,NA
2014,2,8,3,-7.2,903.3,NA,250,92
2014,2,8,6,-6.8,906.3,NA,240,92
2014,2,8,9,-6.9,908,NA,250,91
2014,2,8,12,-6.4,909.5,49,250,91
2014,2,8,15,-6.6,910.8,NA,240,92
2014,2,8,18,-6.2,913.4,NA,250,92
2014,2,8,21,-6,917.3,NA,240,93
2014,2,9,0,-5.9,918,NA,230,93
2014,2,9,3,-6.1,921,NA,230,93
2014,2,9,6,-5.8,922.6,NA,240,93
2014,2,9,9,-5.9,924.5,NA,NA,92
2014,2,9,12,-5.3,924.4,NA,NA,88
2014,2,9,15,-6.5,926.9,NA,230,78
2014,2,9,18,-6,929.4,NA,230,78
2014,2,9,21,-6.6,930.6,NA,240,67
2014,2,10,0,-6.5,931.7,NA,250,92
2014,2,10,3,-6.4,932.6,NA,90,92
2014,2,10,6,-6.6,932.9,NA,70,90
2014,2,10,9,-7,934,7,80,92
2014,2,10,12,-7.2,934.3,NA,70,89
2014,2,10,15,-7.1,934.9,NA,230,85
2014,2,10,18,-7.1,935.3,4,200,75
2014,2,10,21,-7.7,936,NA,120,91
2014,2,11,0,-8,936.4,3,130,91
2014,2,11,3,-7.7,936.6,3,150,86
2014,2,11,6,-7.8,937,6,70,86
2014,2,11,9,-8.2,938.1,5,290,57
2014,2,11,12,-7.8,939.2,NA,260,58
2014,2,11,15,-8.2,941.3,NA,250,42
2014,2,11,18,-8.4,942.3,NA,290,51
2014,2,11,21,-5.3,942.7,NA,90,36
2014,2,12,0,-4,943.8,NA,40,41
2014,2,12,3,-7,945.1,NA,260,32
2014,2,12,6,-4.9,947.4,NA,250,41
2014,2,12,9,-5.8,947.8,NA,40,35
2014,2,12,12,-6.4,947.5,NA,20,37
2014,2,12,15,-6.3,945.8,NA,30,45
2014,2,12,18,-7.4,944.4,16,30,68
2014,2,12,21,-6.8,942.6,NA,60,75
2014,2,13,0,-6.4,940.7,NA,30,91
2014,2,13,3,-6.2,938.4,NA,70,92
2014,2,13,6,-5.9,935.8,6,240,86
2014,2,13,9,-7.9,934,NA,250,90
2014,2,13,12,-7.2,932.2,NA,180,70
2014,2,13,15,-7.7,931.2,NA,250,91
2014,2,13,18,-3.7,930.5,NA,230,41
2014,2,13,21,-2.9,929.5,4,80,53
2014,2,14,0,-4.3,928.9,NA,20,58
2014,2,14,3,-5.7,928.6,NA,30,66
2014,2,14,6,-6.2,929.4,NA,20,91
2014,2,14,9,-6.4,930.2,NA,50,91
2014,2,14,12,-6.6,931.2,7,50,91
2014,2,14,15,-6.6,932.1,4,90,90
2014,2,14,18,-6.4,932.7,NA,30,91
2014,2,14,21,-6,933.2,4,50,91
2014,2,15,0,-5.8,933.5,6,50,92
2014,2,15,3,-6.5,933.4,NA,70,92
2014,2,15,6,-6.6,933,5,80,92
2014,2,15,9,-6.9,932.4,NA,140,91
2014,2,15,12,-7.4,931.2,NA,250,91
2014,2,15,15,-7.6,928.7,NA,250,90
2014,2,15,18,-7.2,925.7,NA,260,88
2014,2,15,21,-7.5,925.4,NA,NA,90
2014,2,16,0,-8.1,926,35,NA,90
2014,2,16,3,-7.8,925.8,35,230,92
2014,2,16,6,-8.4,926.8,NA,240,90
2014,2,16,9,-9,926.9,NA,NA,91
2014,2,16,12,-9.7,927,NA,NA,90
2014,2,16,15,-8.6,925.3,NA,NA,73
2014,2,16,18,-9.5,925.2,NA,NA,90
2014,2,16,21,-9,923.6,NA,250,71
2014,2,17,0,-9.6,922.5,NA,230,86
2014,2,17,3,-9.8,921.1,NA,230,88
2014,2,17,6,-10.3,920.5,NA,230,87
2014,2,17,9,-10.7,920.2,NA,240,83
2014,2,17,12,-11.2,919.6,NA,270,74
2014,2,17,15,-10.7,918.1,NA,50,72
2014,2,17,18,-10.2,916.9,NA,50,79
2014,2,17,21,-10.1,915.6,NA,50,82
2014,2,18,0,-9.7,914.5,NA,60,88
2014,2,18,3,-9.4,913.7,NA,290,88
2014,2,18,6,-10.1,913.2,NA,250,89
2014,2,18,9,-10,913.5,8,250,89
2014,2,18,12,-9.6,913.4,8,250,89
2014,2,18,15,-11.1,913.1,NA,240,88
2014,2,18,18,-11.7,913.5,NA,240,88
2014,2,18,21,-12,913.4,NA,230,87
2014,2,19,0,-12.1,913.5,NA,240,86
2014,2,19,3,-12.1,914.1,NA,250,83
2014,2,19,6,-11.7,914.3,NA,230,86
2014,2,19,9,-11.4,915.9,33,240,85
2014,2,19,12,-11.1,916.8,35,NA,80
2014,2,19,15,-11.3,918.4,35,NA,73
2014,2,19,18,-10.9,919.3,33,NA,69
2014,2,19,21,-10.6,922.1,NA,230,67
2014,2,20,0,-10.9,922.8,NA,240,88
2014,2,20,3,-10.8,922.5,NA,250,88
2014,2,20,6,-11,922.9,NA,250,88
2014,2,20,9,-10.8,922.6,9,240,88
2014,2,20,12,-10.9,922,NA,240,88
2014,2,20,15,-12,920.2,5,10,84
2014,2,20,18,-11.8,918.7,NA,10,74
2014,2,20,21,-10,917.3,NA,60,83
2014,2,21,0,-9.5,915.7,NA,40,75
2014,2,21,3,-9.7,914.6,NA,60,78
2014,2,21,6,-9.4,914.2,NA,60,79
2014,2,21,9,-10.9,914.4,NA,300,72
2014,2,21,12,-11.6,914.1,NA,270,86
2014,2,21,15,-11,913.9,NA,260,87
2014,2,21,18,-11.5,913.6,NA,260,87
2014,2,21,21,-11.7,914.4,NA,260,87
2014,2,22,0,-10.6,915.4,NA,250,88
2014,2,22,3,-10.4,915.7,8,250,88
2014,2,22,6,-10.4,916.6,10,250,88
2014,2,22,9,-11,917.6,NA,240,88
2014,2,22,12,-10.7,918.4,NA,240,88
2014,2,22,15,-10.5,918.8,NA,240,85
2014,2,22,18,-10.3,920.1,NA,230,88
2014,2,22,21,-10.5,921.4,NA,250,89
2014,2,23,0,-10.5,921.9,NA,220,89
2014,2,23,3,-10.7,922.3,16,220,89
2014,2,23,6,-10.4,922.9,NA,220,89
2014,2,23,9,-10.6,922.8,NA,210,89
2014,2,23,12,-10.2,922,NA,140,89
2014,2,23,15,-11.2,921.6,NA,250,88
2014,2,23,18,-11.3,920.7,4,260,88
2014,2,23,21,-11.3,919.8,3,270,88
2014,2,24,0,-11.5,918.3,4,250,88
2014,2,24,3,-11.8,917,NA,230,88
2014,2,24,6,-11.6,916,NA,240,88
2014,2,24,9,-11.8,915.3,12,250,87
2014,2,24,12,-11.6,914.6,NA,220,88
2014,2,24,15,-11.9,913.8,NA,230,87
2014,2,24,18,-12,913.3,NA,250,87
2014,2,24,21,-12,912.7,NA,200,87
2014,2,25,0,-11.3,912.1,NA,200,88
2014,2,25,3,-11.4,911.2,4,200,88
2014,2,25,6,-11.4,910.8,4,190,88
2014,2,25,9,-11.6,911,2,140,88
2014,2,25,12,-12.2,911,2,70,86
2014,2,25,15,NA,911,1,290,87
2014,2,25,18,-11.6,911.6,2,90,88
2014,2,25,21,-11.6,912.6,NA,NA,88
2014,2,26,0,-11.6,914,3,160,87
2014,2,26,3,-11.7,915.3,4,160,88
2014,2,26,6,-11.7,916.6,3,140,88
2014,2,26,9,-11.8,918,2,200,88
2014,2,26,12,NA,918.7,1,220,87
2014,2,26,15,-11.8,919.1,NA,NA,87
2014,2,26,18,-11.9,919.5,NA,NA,88
2014,2,26,21,-11,920.1,NA,NA,88
2014,2,27,0,NA,920.7,1,70,89
2014,2,27,3,-10.5,921.2,4,60,89
2014,2,27,6,-11,921.5,NA,270,88
2014,2,27,9,-10.7,922,NA,250,88
2014,2,27,12,-10.2,922.2,6,240,89
2014,2,27,15,-10.2,921.4,6,240,89
2014,2,27,18,-9.5,920.6,NA,0,90
2014,2,27,21,-10.5,919.9,NA,NA,89
2014,2,28,0,-10.5,918.8,NA,NA,89
2014,2,28,3,-10.7,917.2,NA,110,89
2014,2,28,6,-11,915.5,NA,NA,89
2014,2,28,9,-12.1,913.7,2,230,87
2014,2,28,12,-12.7,910.7,2,240,87
2014,2,28,15,-12.6,909.7,NA,NA,86
2014,2,28,18,-12.6,910.1,NA,NA,82
2014,2,28,21,-12.7,909.9,NA,NA,79
2014,3,1,0,-12.9,910.6,NA,NA,76
2014,3,1,3,-12.9,912.4,NA,250,82
2014,3,1,6,-12.8,913,NA,250,84
2014,3,1,9,-12.2,915,NA,240,83
2014,3,1,12,-12.4,915.8,NA,250,74
2014,3,1,15,-11.6,916.3,NA,240,66
2014,3,1,18,-12,916.8,NA,240,59
2014,3,1,21,-11.3,917.7,23,230,61
2014,3,2,0,-11.3,918.1,23,240,87
2014,3,2,3,-11.4,919.2,NA,250,87
2014,3,2,6,-11.6,919.6,NA,270,87
2014,3,2,9,-11.2,920.4,3,270,87
2014,3,2,12,-11.5,921,7,220,87
2014,3,2,15,-12,921.4,NA,230,87
2014,3,2,18,-12.4,922.6,10,220,86
2014,3,2,21,-13.5,923.5,NA,240,85
2014,3,3,0,-14,922.9,NA,250,85
2014,3,3,3,-13.8,924.8,NA,240,85
2014,3,3,6,-13.3,926.4,31,250,83
2014,3,3,9,-13.8,927.3,28,230,75
2014,3,3,12,-13.6,929,NA,250,59
2014,3,3,15,-12.8,928.8,NA,250,66
2014,3,3,18,-12.8,928.8,NA,250,81
2014,3,3,21,-12.7,928.4,12,260,86
2014,3,4,0,-12.5,927.5,13,250,86
2014,3,4,3,-12.6,926.4,15,240,86
2014,3,4,6,-12.1,925.9,16,250,87
2014,3,4,9,-12.1,925.7,17,230,87
2014,3,4,12,-12.7,925.5,NA,220,86
2014,3,4,15,-13.3,925.5,NA,220,86
2014,3,4,18,-13.3,925.3,NA,210,85
2014,3,4,21,-13.4,925.6,10,200,85
2014,3,5,0,-13.2,925.7,NA,220,85
2014,3,5,3,-13.2,925.4,6,220,86
2014,3,5,6,-13.5,924.8,6,230,85
2014,3,5,9,-14,924.3,10,240,85
2014,3,5,12,-14.3,924.5,NA,230,84
2014,3,5,15,-14.3,924.3,NA,240,84
2014,3,5,18,-14.7,924.5,NA,240,84
2014,3,5,21,-14.1,923.1,NA,230,85
2014,3,6,0,-13.4,923.3,NA,260,85
2014,3,6,3,-13.4,922.4,21,260,86
2014,3,6,6,-12.8,921.4,NA,240,86
2014,3,6,9,-12.2,919.6,NA,NA,87
2014,3,6,12,-12.4,916.8,NA,NA,86
2014,3,6,15,-12.3,914.5,NA,NA,87
2014,3,6,18,-11.8,916.3,NA,230,87
2014,3,6,21,-13.1,917.1,NA,NA,86
2014,3,7,0,-12.7,919.4,NA,NA,86
2014,3,7,3,-12.8,923.5,NA,NA,86
2014,3,7,6,-13,925.8,NA,NA,86
2014,3,7,9,-12.7,927.6,NA,NA,72
2014,3,7,12,-12.7,927.8,NA,240,69
2014,3,7,15,-12.9,928.4,NA,230,69
2014,3,7,18,-13.9,928,NA,280,69
2014,3,7,21,-12,927.5,NA,90,83
2014,3,8,0,-11.9,926.6,8,90,87
2014,3,8,3,-11.6,925.7,NA,40,80
2014,3,8,6,-11.9,924.1,NA,30,79
2014,3,8,9,-12,922.8,NA,20,72
2014,3,8,12,-11.8,921.9,NA,60,71
2014,3,8,15,-13.1,921,NA,270,78
2014,3,8,18,-13,920,NA,260,53
2014,3,8,21,-14.2,919.5,NA,230,79
2014,3,9,0,-14.2,920,NA,240,84
2014,3,9,3,-14,920,NA,230,84
2014,3,9,6,-14.4,920,21,240,84
2014,3,9,9,-14.6,920.6,NA,240,84
2014,3,9,12,-14.7,920.7,NA,240,84
2014,3,9,15,-15,921,NA,220,83
2014,3,9,18,-15.3,920.9,13,220,83
2014,3,9,21,-15.8,920.7,15,210,83
2014,3,10,0,-15.8,921.2,13,220,82
2014,3,10,3,-17.1,921.8,16,220,81
2014,3,10,6,-17.3,922.2,15,230,80
2014,3,10,9,-18.2,922.7,15,240,79
2014,3,10,12,-18.3,923,17,230,79
2014,3,10,15,-18.4,923.5,18,240,79
2014,3,10,18,-18.7,923.5,NA,240,78
2014,3,10,21,-18.7,924.7,NA,230,78
2014,3,11,0,-18.3,925.9,NA,240,71
2014,3,11,3,-18.2,926.8,NA,240,76
2014,3,11,6,-18.3,928.7,37,240,75
2014,3,11,9,-18.1,930,NA,250,50
2014,3,11,12,-18.7,930.4,NA,240,65
2014,3,11,15,-18.8,932.1,NA,230,60
2014,3,11,18,-18.5,932.6,NA,240,56
2014,3,11,21,-18.5,933.2,19,230,72
2014,3,12,0,NA,933.2,NA,240,25
2014,3,12,3,-15.6,933,NA,240,25
2014,3,12,6,-15,932.3,NA,250,30
2014,3,12,9,-15.2,930.6,NA,240,38
2014,3,12,12,-15.4,931,33,240,40
2014,3,12,15,-15.6,929.7,NA,250,46
2014,3,12,18,-15.5,929.1,NA,250,69
2014,3,12,21,-15.4,929.8,NA,240,68
2014,3,13,0,-15.2,929.4,NA,NA,69
2014,3,13,3,-15.6,929.8,NA,NA,61
2014,3,13,6,-15.2,927.9,NA,NA,67
2014,3,13,9,-15.2,928.9,NA,NA,58
2014,3,13,12,-15.2,928.5,NA,NA,60
2014,3,13,15,-15.8,927.6,NA,230,57
2014,3,13,18,-15.5,927.1,NA,230,56
2014,3,13,21,-15.8,926.4,NA,240,55
2014,3,14,0,-16.1,925.3,20,220,71
2014,3,14,3,-15.7,924,NA,240,72
2014,3,14,6,-15.5,923.1,NA,290,71
2014,3,14,9,-15.9,922.5,NA,20,58
2014,3,14,12,-14.6,921.6,NA,30,38
2014,3,14,15,-15.3,921.8,NA,30,19
2014,3,14,18,-15.2,922,NA,50,45
2014,3,14,21,-13.6,922.6,NA,60,40
2014,3,15,0,-14.3,923.2,NA,230,56
2014,3,15,3,-13.1,924.1,NA,40,50
2014,3,15,6,-15.8,924.2,NA,260,73
2014,3,15,9,-15,924.3,NA,240,82
2014,3,15,12,-14.8,923.8,14,240,83
2014,3,15,15,-15.5,923,NA,240,83
2014,3,15,18,-15.9,922.5,NA,230,82
2014,3,15,21,-16,924,NA,250,82
2014,3,16,0,-16.7,924.6,NA,250,81
2014,3,16,3,-16.9,923.9,NA,240,80
2014,3,16,6,-17.6,923.4,14,240,80
2014,3,16,9,-18,922.7,15,240,79
2014,3,16,12,-18.3,922,18,230,79
2014,3,16,15,-18.1,923,NA,240,79
2014,3,16,18,-18.2,922.8,NA,240,79
2014,3,16,21,-17.8,922.6,14,240,79
2014,3,17,0,-18.1,922.9,NA,230,79
2014,3,17,3,-18.2,921.3,NA,240,79
2014,3,17,6,-17.6,918.7,NA,240,79
2014,3,17,9,-17.8,915.5,NA,240,80
2014,3,17,12,-17.5,911.8,NA,230,80
2014,3,17,15,-15.5,907.8,NA,250,82
2014,3,17,18,-15.9,905.8,NA,230,81
2014,3,17,21,-13.6,908,NA,250,84
2014,3,18,0,-12.9,913.2,NA,240,79
2014,3,18,3,-12.9,917.5,NA,240,83
2014,3,18,6,-13.1,920.7,NA,230,80
2014,3,18,9,-13.2,922.2,NA,270,86
2014,3,18,12,-12.4,922.1,NA,150,86
2014,3,18,15,-12.9,921.7,7,80,86
2014,3,18,18,-13.8,921.7,NA,150,85
2014,3,18,21,-14,921.2,NA,190,85
2014,3,19,0,-14.6,920,NA,220,84
2014,3,19,3,-15.1,919.9,NA,220,83
2014,3,19,6,-16.6,919.6,12,240,82
2014,3,19,9,-16.4,919.9,NA,240,82
2014,3,19,12,-17.1,919.5,NA,0,81
2014,3,19,15,-16.8,918.6,NA,30,81
2014,3,19,18,-13.7,917.5,NA,340,84
2014,3,19,21,-16,917,NA,260,53
2014,3,20,0,-14.2,916.1,NA,250,46
2014,3,20,3,-13.3,915.7,NA,260,39
2014,3,20,6,-16,916.6,NA,250,48
2014,3,20,9,NA,918,NA,230,79
2014,3,20,12,-20.4,918.4,NA,250,77
2014,3,20,15,-20,918.9,NA,290,77
2014,3,20,18,-19.8,917.6,NA,50,77
2014,3,20,21,-19.2,916.3,NA,40,77
2014,3,21,0,-18.3,915.6,NA,360,78
2014,3,21,3,-15.2,914.4,NA,20,82
2014,3,21,6,-15,913.4,1,260,83
2014,3,21,9,-14.9,913.1,3,250,83
2014,3,21,12,-19,912.4,5,260,78
2014,3,21,15,-17.6,911.8,NA,260,80
2014,3,21,18,-19.1,911.6,2,280,80
2014,3,21,21,-19.2,912.1,3,270,78
2014,3,22,0,-17.4,913.4,NA,250,79
2014,3,22,3,-16.9,914,NA,240,80
2014,3,22,6,NA,914.4,NA,240,62
2014,3,22,9,-13.8,916.5,NA,230,52
2014,3,22,12,-12.9,917.2,NA,30,46
2014,3,22,15,-14.2,917.3,NA,50,47
2014,3,22,18,-16.9,918.5,NA,260,80
2014,3,22,21,-16.6,919.1,NA,120,81
2014,3,23,0,-16.3,918.4,NA,60,81
2014,3,23,3,-14.8,918.6,6,40,82
2014,3,23,6,NA,918.6,NA,260,25
2014,3,23,9,NA,918.7,NA,20,16
2014,3,23,12,-9.1,918,NA,NA,14
2014,3,23,15,-12.7,917.5,10,NA,30
2014,3,23,18,-12.2,917.8,NA,NA,70
2014,3,23,21,-12.2,918.4,NA,320,88
2014,3,24,0,-12.2,917.6,NA,260,76
2014,3,24,3,-13.8,916.5,NA,260,83
2014,3,24,6,-14.9,914.8,NA,240,83
2014,3,24,9,-15.3,912.5,NA,230,83
2014,3,24,12,-16.8,910.4,NA,230,81
2014,3,24,15,-16.9,907.5,NA,NA,81
2014,3,24,18,-17.7,905.9,NA,NA,80
2014,3,24,21,-17.9,904.6,NA,NA,80
2014,3,25,0,-17.7,906.1,52,NA,80
2014,3,25,3,-18.7,904,NA,NA,79
2014,3,25,6,-19.5,905.9,NA,NA,78
2014,3,25,9,-19.7,907.1,NA,NA,77
2014,3,25,12,-20.1,907.7,NA,NA,77
2014,3,25,15,-20.5,908.8,48,NA,76
2014,3,25,18,-20.4,909.8,NA,240,73
2014,3,25,21,-20.8,911.1,NA,240,74
2014,3,26,0,-20.9,912.6,NA,240,74
2014,3,26,3,-21.8,912.2,31,230,71
2014,3,26,6,-21.9,913,30,230,65
2014,3,26,9,-22.3,913.5,29,NA,59
2014,3,26,12,-23.3,914,27,NA,61
2014,3,26,15,-23.6,913.5,31,NA,59
2014,3,26,18,-24.2,914.6,NA,230,63
2014,3,26,21,-24.6,915.6,NA,230,64
2014,3,27,0,-24.8,916.8,NA,230,67
2014,3,27,3,-24.6,917.2,18,210,66
2014,3,27,6,-24.8,917.5,17,200,69
2014,3,27,9,-24.8,917.9,NA,210,69
2014,3,27,12,-25,917.9,NA,210,68
2014,3,27,15,-25.1,917.1,5,240,68
2014,3,27,18,-24.8,916.7,6,210,68
2014,3,27,21,-25.5,916,5,240,67
2014,3,28,0,-24.7,915.5,NA,250,68
2014,3,28,3,-23.8,914.1,1,20,69
2014,3,28,6,-24.6,913.2,2,210,69
2014,3,28,9,-24.4,911.9,2,70,69
2014,3,28,12,-23.9,910.9,3,30,69
2014,3,28,15,-23,909.5,NA,40,70
2014,3,28,18,NA,908.9,NA,30,77
2014,3,28,21,-19.9,909.7,NA,50,77
2014,3,29,0,-18.3,910.6,NA,50,78
2014,3,29,3,-20.4,912,NA,270,77
2014,3,29,6,-19.7,914.1,5,260,78
2014,3,29,9,-20,916.5,NA,260,75
2014,3,29,12,-20.6,918.7,NA,270,78
2014,3,29,15,-20.1,920.3,NA,280,77
2014,3,29,18,-19.7,921.5,NA,0,77
2014,3,29,21,-20.2,922.4,3,270,76
2014,3,30,0,NA,923.2,NA,270,77
2014,3,30,3,-22.5,923.9,NA,230,74
2014,3,30,6,-22.2,923.8,NA,220,74
2014,3,30,9,-22.8,924.8,NA,230,73
2014,3,30,12,-23.1,924.6,NA,50,72
2014,3,30,15,-22.5,922.9,NA,230,73
2014,3,30,18,-22.1,920.5,NA,230,73
2014,3,30,21,-22.4,918.9,NA,50,73
2014,3,31,0,-22.8,915.7,NA,40,70
2014,3,31,3,NA,911.9,8,350,14
2014,3,31,6,NA,907.7,NA,350,9
2014,3,31,9,-11.4,903.6,NA,350,5
2014,3,31,12,-15.9,901.1,NA,230,15
2014,3,31,15,NA,900.2,NA,230,71
2014,3,31,18,NA,900.1,NA,220,73
2014,3,31,21,-22.8,902.6,NA,240,72
2014,4,1,0,NA,904.3,NA,240,54
2014,4,1,3,-22.4,906.2,NA,240,54
2014,4,1,6,-22.3,907.3,NA,350,62
2014,4,1,9,-22.5,908.8,5,250,72
2014,4,1,12,-24.3,909.8,NA,240,70
2014,4,1,15,-24.4,910.6,NA,250,66
2014,4,1,18,-22.9,911.8,NA,240,70
2014,4,1,21,-23.7,913,NA,240,70
2014,4,2,0,-23.5,914.7,7,260,71
2014,4,2,3,-24.1,916.3,6,270,71
2014,4,2,6,-24,918.7,NA,340,69
2014,4,2,9,-22.8,921.2,NA,0,54
2014,4,2,12,-22.3,923.4,4,220,51
2014,4,2,15,-20.8,924.8,NA,260,32
2014,4,2,18,-20.3,924.4,NA,350,31
2014,4,2,21,-21.6,923.9,NA,10,37
2014,4,3,0,-21.8,922.9,NA,30,43
2014,4,3,3,-21.5,922.7,NA,260,39
2014,4,3,6,-22.7,922.9,5,260,40
2014,4,3,9,-23.6,923.3,NA,250,45
2014,4,3,12,-24.1,923.2,7,280,68
2014,4,3,15,-24.4,922.1,5,270,69
2014,4,3,18,-24.2,920.7,6,280,69
2014,4,3,21,-24.7,918.9,NA,260,68
2014,4,4,0,-24.3,917.6,NA,240,68
2014,4,4,3,-23.7,916,17,240,69
2014,4,4,6,-24.7,914.4,21,230,69
2014,4,4,9,-25.9,913.1,21,230,66
2014,4,4,12,-26.5,912.2,NA,240,58
2014,4,4,15,-27.1,911.1,NA,250,63
2014,4,4,18,-26.3,909.4,NA,300,62
2014,4,4,21,-25.6,907.9,NA,10,44
2014,4,5,0,-25.1,906.8,NA,30,43
2014,4,5,3,-25,906.1,11,350,48
2014,4,5,6,-26.4,905.5,10,360,61
2014,4,5,9,-26.3,906.2,NA,40,49
2014,4,5,12,-26.3,907.9,NA,280,50
2014,4,5,15,-25.2,909.4,2,290,61
2014,4,5,18,-26.5,910.8,2,180,59
2014,4,5,21,-26.3,911.8,3,110,64
2014,4,6,0,-26.5,913,4,40,63
2014,4,6,3,-26.4,913.8,NA,10,63
2014,4,6,6,-26.1,914.6,NA,30,64
2014,4,6,9,-25.8,916.1,NA,270,53
2014,4,6,12,-25,917.3,1,250,51
2014,4,6,15,-24.4,917.8,1,50,46
2014,4,6,18,-23.3,917.6,NA,240,34
2014,4,6,21,-22,918.3,NA,240,28
2014,4,7,0,-22.1,918.7,NA,250,30
2014,4,7,3,-25.3,917.9,NA,250,45
2014,4,7,6,-23.8,918,NA,240,69
2014,4,7,9,-24,917.4,NA,240,67
2014,4,7,12,-24.1,916.2,NA,230,68
2014,4,7,15,-24.4,915.4,NA,NA,68
2014,4,7,18,-24.7,917,NA,NA,67
2014,4,7,21,-25.1,917.2,NA,NA,66
2014,4,8,0,-24.5,917.4,NA,50,67
2014,4,8,3,-24.8,917.2,NA,120,67
2014,4,8,6,-25.9,917,2,270,65
2014,4,8,9,-26.2,917,3,230,64
2014,4,8,12,-27.9,916.8,6,250,62
2014,4,8,15,-27.9,916.8,5,250,61
2014,4,8,18,-28.2,916.8,NA,240,61
2014,4,8,21,-28.5,917.1,NA,240,61
2014,4,9,0,-28.8,917.9,12,240,60
2014,4,9,3,-29,917.6,NA,230,60
2014,4,9,6,-29,917.9,14,240,60
2014,4,9,9,-29.6,918.4,11,240,59
2014,4,9,12,-29.4,919.1,NA,260,59
2014,4,9,15,-28.9,918.9,NA,220,60
2014,4,9,18,-28.7,919.1,3,270,60
2014,4,9,21,-28.1,919.5,2,230,60
2014,4,10,0,-27.4,920.3,NA,NA,62
2014,4,10,3,-27.3,919.6,2,20,62
2014,4,10,6,-27.7,918.5,1,60,62
2014,4,10,9,-27.7,917.3,NA,NA,62
2014,4,10,12,-27.7,915.6,4,240,62
2014,4,10,15,-28.5,913.4,NA,250,60
2014,4,10,18,-28.4,912.2,NA,NA,60
2014,4,10,21,-28.3,911.7,10,NA,61
2014,4,11,0,-27.4,910.2,9,NA,62
2014,4,11,3,-26.7,908.1,13,230,63
2014,4,11,6,-25.4,905.5,NA,230,65
2014,4,11,9,-24.6,904,NA,240,66
2014,4,11,12,-24.4,902,NA,NA,68
2014,4,11,15,-24.2,902.1,NA,NA,68
2014,4,11,18,-23.2,901.9,NA,NA,70
2014,4,11,21,-24.2,901.9,NA,230,69
2014,4,12,0,-24,908.3,NA,230,68
2014,4,12,3,-22.1,908.6,NA,240,66
2014,4,12,6,-23.4,911.7,NA,220,64
2014,4,12,9,-24.9,913.3,NA,250,67
2014,4,12,12,-24.8,915.3,NA,170,67
2014,4,12,15,-26.2,915,NA,330,65
2014,4,12,18,-26.1,915.1,3,360,65
2014,4,12,21,-27.1,914.8,NA,360,63
2014,4,13,0,-26.7,914.9,NA,340,63
2014,4,13,3,-26.2,914.8,NA,0,64
2014,4,13,6,-23,914.5,NA,20,68
2014,4,13,9,-23.2,914.2,5,20,51
2014,4,13,12,-22.8,913.7,NA,30,51
2014,4,13,15,-23.2,914,NA,30,49
2014,4,13,18,-23.8,914.4,3,260,51
2014,4,13,21,-23.1,915,4,40,44
2014,4,14,0,-21.9,915.3,4,40,38
2014,4,14,3,-22.2,915.7,NA,20,36
2014,4,14,6,-21.4,916.1,NA,30,28
2014,4,14,9,-20.1,917.5,NA,10,20
2014,4,14,12,-19.6,918.9,NA,20,18
2014,4,14,15,-19.4,920.3,NA,290,17
2014,4,14,18,-20,921.4,NA,250,24
2014,4,14,21,-21.8,922.4,NA,240,29
2014,4,15,0,-19.8,923.6,NA,250,39
2014,4,15,3,-19.8,924,NA,230,32
2014,4,15,6,-20.3,924.4,NA,240,43
2014,4,15,9,-19,925.1,NA,230,42
2014,4,15,12,-18.3,924.4,NA,0,33
2014,4,15,15,-17.4,924.3,NA,250,35
2014,4,15,18,-17.6,923.7,NA,250,25
2014,4,15,21,-17.8,923.6,NA,300,25
2014,4,16,0,-17.6,923.3,NA,270,33
2014,4,16,3,-15.3,923.2,NA,260,35
2014,4,16,6,-15.4,923.8,NA,350,33
2014,4,16,9,-14.1,923.6,NA,10,29
2014,4,16,12,-11.9,923.3,NA,30,27
2014,4,16,15,NA,922.5,NA,350,16
2014,4,16,18,-9.2,924.8,10,260,14
2014,4,16,21,NA,928.3,NA,310,27
2014,4,17,0,NA,929.5,NA,250,32
2014,4,17,3,-15.5,931.3,NA,250,33
2014,4,17,6,-14.3,931.3,18,260,33
2014,4,17,9,-14.5,931.6,NA,10,31
2014,4,17,12,-13.2,931.6,NA,350,26
2014,4,17,15,-11.9,931.5,3,300,20
2014,4,17,18,-10.9,930.3,NA,250,20
2014,4,17,21,-10,929.7,NA,250,20
2014,4,18,0,-10,929.6,NA,250,23
2014,4,18,3,-9.7,929.5,NA,240,37
2014,4,18,6,-12.1,931.6,NA,240,42
2014,4,18,9,-11.7,932.2,NA,220,34
2014,4,18,12,-9.2,931.6,NA,30,25
2014,4,18,15,NA,929.5,NA,350,27
2014,4,18,18,-4.6,926.9,NA,290,27
2014,4,18,21,NA,925.3,NA,260,43
2014,4,19,0,NA,923.9,NA,220,35
2014,4,19,3,-10.7,921,NA,250,22
2014,4,19,6,-14.1,918.7,9,240,47
2014,4,19,9,-14.7,918.7,NA,200,45
2014,4,19,12,-16,917.7,NA,170,51
2014,4,19,15,-16.3,916.8,6,30,66
2014,4,19,18,-16.7,916.4,6,30,55
2014,4,19,21,-15.7,916.4,2,130,48
2014,4,20,0,-16.2,917.2,4,320,43
2014,4,20,3,-16.7,917.5,NA,20,47
2014,4,20,6,-17.9,917.4,NA,20,53
2014,4,20,9,-16.8,917.9,NA,10,55
2014,4,20,12,-16.8,918.5,NA,250,42
2014,4,20,15,-18.2,919.4,NA,240,48
2014,4,20,18,-17.5,921.1,NA,250,75
2014,4,20,21,-16.8,923.4,NA,30,74
2014,4,21,0,-19.5,926.1,NA,230,70
2014,4,21,3,-19.2,929.1,NA,30,59
2014,4,21,6,-19.4,930.6,NA,50,54
2014,4,21,9,-19.9,931.6,NA,50,62
2014,4,21,12,-20.1,933.3,NA,40,71
2014,4,21,15,-20.1,934.9,NA,40,64
2014,4,21,18,-20.3,937.3,NA,70,75
2014,4,21,21,-20.9,938.6,NA,260,74
2014,4,22,0,-21.3,939.1,NA,240,74
2014,4,22,3,-21.4,938.7,NA,230,73
2014,4,22,6,-22.2,938.8,NA,240,72
2014,4,22,9,-23,937.9,NA,230,71
2014,4,22,12,-23.3,938.4,NA,220,70
2014,4,22,15,-23.8,937.6,NA,250,70
2014,4,22,18,-23.6,936.9,3,40,70
2014,4,22,21,-23.1,937.1,NA,30,69
2014,4,23,0,-23.8,935.9,NA,20,70
2014,4,23,3,-21.8,934.6,NA,0,52
2014,4,23,6,-20.8,932.4,NA,340,54
2014,4,23,9,NA,931.1,NA,340,36
2014,4,23,12,NA,930.4,NA,260,19
2014,4,23,15,-12.2,929.8,NA,230,15
2014,4,23,18,-10.7,928.5,NA,230,12
2014,4,23,21,-9.4,927.7,NA,320,14
2014,4,24,0,-7.7,928.2,5,230,16
2014,4,24,3,-6.6,927,NA,340,15
2014,4,24,6,-5.2,927.7,NA,320,14
2014,4,24,9,-4.8,926.6,NA,10,16
2014,4,24,12,-4.9,924.6,NA,170,15
2014,4,24,15,-8.8,922.5,NA,230,23
2014,4,24,18,NA,919.8,NA,220,33
2014,4,24,21,NA,918.6,NA,260,53
2014,4,25,0,NA,923.2,NA,220,53
2014,4,25,3,NA,922.9,NA,230,79
2014,4,25,6,-18.5,926.5,NA,250,78
2014,4,25,9,-19.7,928.5,NA,60,77
2014,4,25,12,-19.5,928.1,NA,20,77
2014,4,25,15,-19.4,928.2,NA,360,73
2014,4,25,18,-14.9,927.8,NA,360,64
2014,4,25,21,NA,927.4,NA,350,38
2014,4,26,0,NA,926.1,NA,30,39
2014,4,26,3,NA,924.1,10,50,46
2014,4,26,6,-15.1,923.2,NA,300,60
2014,4,26,9,-17.5,923.5,NA,250,75
2014,4,26,12,-17.4,925.4,NA,180,80
2014,4,26,15,-15.9,926,NA,0,81
2014,4,26,18,NA,926,NA,20,40
2014,4,26,21,-14.4,927.4,NA,260,62
2014,4,27,0,-15.9,927.6,6,250,72
2014,4,27,3,-12.9,925.8,NA,290,55
2014,4,27,6,-13.2,924.1,NA,30,51
2014,4,27,9,-16.5,922.4,2,220,57
2014,4,27,12,-17.4,920.9,3,20,79
2014,4,27,15,-17.7,920.1,NA,240,75
2014,4,27,18,-18.8,919.7,NA,40,79
2014,4,27,21,-19.4,917.8,NA,40,78
2014,4,28,0,-19.7,916.2,6,30,77
2014,4,28,3,-19.9,913.7,5,20,76
2014,4,28,6,-20.1,912.2,3,50,76
2014,4,28,9,-21.2,912,4,250,74
2014,4,28,12,-21.1,911.3,3,260,74
2014,4,28,15,-21.9,910.3,4,270,74
2014,4,28,18,-23.9,910.3,5,240,71
2014,4,28,21,-24.6,911.7,4,220,70
2014,4,29,0,-28,911.3,6,220,65
2014,4,29,3,NA,911.5,7,230,61
2014,4,29,6,-30.7,913.3,4,220,59
2014,4,29,9,-31.9,913.8,4,240,57
2014,4,29,12,-31.2,913.9,2,50,57
2014,4,29,15,-29.7,913.3,3,50,59
2014,4,29,18,-30.9,913.3,1,30,58
2014,4,29,21,-31.2,913.5,1,220,57
2014,4,30,0,-31.9,913.8,2,220,56
2014,4,30,3,-31.3,914.5,NA,NA,57
2014,4,30,6,-32.5,914.2,NA,NA,56
2014,4,30,9,-32.3,914.5,1,20,56
2014,4,30,12,-31.3,914.3,2,30,57
2014,4,30,15,-31.5,914.2,1,30,57
2014,4,30,18,-31.9,913.8,4,20,56
2014,4,30,21,-32.4,913.9,3,20,56
2014,5,1,0,-33.1,913.6,2,360,54
2014,5,1,3,-32,911.8,2,30,56
2014,5,1,6,-30.2,909.8,4,20,59
2014,5,1,9,-29.9,908.5,3,20,60
2014,5,1,12,-29.9,908.5,6,250,59
2014,5,1,15,-29.9,909.7,NA,220,58
2014,5,1,18,-30.8,913.1,NA,220,57
2014,5,1,21,-31.8,917.2,NA,280,57
2014,5,2,0,-29.4,920.6,NA,210,59
2014,5,2,3,-29.2,921.9,NA,360,60
2014,5,2,6,-28.8,922.8,5,30,60
2014,5,2,9,-27,921.7,NA,350,61
2014,5,2,12,-25.7,919.3,NA,250,50
2014,5,2,15,-22.8,917,NA,280,49
2014,5,2,18,-25.4,917.7,NA,30,57
2014,5,2,21,-26.3,919,NA,210,48
2014,5,3,0,-24.6,920.4,NA,240,31
2014,5,3,3,NA,921.8,NA,230,24
2014,5,3,6,-23.9,923.2,NA,270,19
2014,5,3,9,NA,924.9,NA,220,18
2014,5,3,12,-19.5,927.5,NA,250,18
2014,5,3,15,-19.9,929.4,NA,240,20
2014,5,3,18,-20.8,931.9,NA,240,29
2014,5,3,21,-20.2,933.6,NA,260,37
2014,5,4,0,-17.2,933.7,NA,230,23
2014,5,4,3,NA,934,NA,270,30
2014,5,4,6,-14.4,933.3,6,260,29
2014,5,4,9,-14,932.9,NA,310,27
2014,5,4,12,-12.7,932.1,NA,360,26
2014,5,4,15,-13.1,931.1,7,0,26
2014,5,4,18,-14.3,931.1,6,260,28
2014,5,4,21,NA,932,NA,240,32
2014,5,5,0,-16.5,932.8,NA,130,29
2014,5,5,3,-15.4,932,NA,10,27
2014,5,5,6,-14.2,931.9,2,250,25
2014,5,5,9,-14.6,931.4,NA,290,34
2014,5,5,12,-12.7,931.2,NA,270,33
2014,5,5,15,-13.8,931.1,NA,240,29
2014,5,5,18,-13.6,930.8,NA,270,26
2014,5,5,21,-12,929.9,NA,240,40
2014,5,6,0,-12.6,930.2,NA,20,40
2014,5,6,3,-15.9,929.4,NA,70,48
2014,5,6,6,NA,928.5,NA,20,52
2014,5,6,9,-17.6,927.1,NA,10,63
2014,5,6,12,-19.9,925.9,NA,290,49
2014,5,6,15,-20.6,924.2,NA,50,57
2014,5,6,18,-20.8,922.6,1,10,60
2014,5,6,21,-20.5,920.9,NA,20,56
2014,5,7,0,-19.9,919.9,NA,20,74
2014,5,7,3,-20.3,918.4,NA,30,75
2014,5,7,6,-20.9,917.1,NA,20,54
2014,5,7,9,-19.4,916.7,NA,20,37
2014,5,7,12,-20.2,916.1,NA,360,45
2014,5,7,15,-19.8,915.2,8,20,39
2014,5,7,18,-19,915.3,NA,20,43
2014,5,7,21,-21.2,916.1,8,10,43
2014,5,8,0,-19.1,917.7,NA,20,39
2014,5,8,3,-19.5,920.1,6,240,44
2014,5,8,6,-20.8,922.1,NA,240,49
2014,5,8,9,-20.5,923.9,6,230,50
2014,5,8,12,-19.7,925,NA,240,49
2014,5,8,15,-18.6,925.9,NA,240,45
2014,5,8,18,-17.6,924.7,NA,230,58
2014,5,8,21,-20.2,924.8,NA,220,76
2014,5,9,0,-19.4,925.6,NA,220,78
2014,5,9,3,-17.3,923.5,NA,230,80
2014,5,9,6,-14.5,920,NA,NA,80
2014,5,9,9,-13.8,918.8,NA,NA,76
2014,5,9,12,-10.5,915.7,NA,NA,49
2014,5,9,15,-8.9,913.1,NA,240,31
2014,5,9,18,-10.6,911.1,NA,190,36
2014,5,9,21,-13.6,909.2,NA,240,34
2014,5,10,0,-12.4,905.7,NA,230,NA
2014,5,10,3,-12.6,905,NA,240,76
2014,5,10,6,-12.6,903.7,NA,240,87
2014,5,10,9,-12.5,906.5,NA,230,88
2014,5,10,12,-13.8,907.6,NA,230,87
2014,5,10,15,-15,907.9,NA,250,85
2014,5,10,18,-16.3,907.6,NA,NA,83
2014,5,10,21,-16.6,909.5,NA,NA,80
2014,5,11,0,-17.1,914.2,57,NA,81
2014,5,11,3,-16.9,916.4,55,250,79
2014,5,11,6,-17,916.6,NA,240,76
2014,5,11,9,-17.1,918.7,59,250,74
2014,5,11,12,-15.9,921.1,55,240,76
2014,5,11,15,-15.7,920.7,NA,240,83
2014,5,11,18,-15,917.5,NA,NA,84
2014,5,11,21,-16.1,919,60,NA,83
2014,5,12,0,-16.6,920,NA,240,76
2014,5,12,3,-14.9,920.1,NA,240,68
2014,5,12,6,-13.7,915.9,NA,240,67
2014,5,12,9,-13,911.2,NA,250,78
2014,5,12,12,-14.5,912.4,NA,230,85
2014,5,12,15,-13.9,911.7,NA,230,86
2014,5,12,18,-14.2,914.8,NA,240,86
2014,5,12,21,-13.7,914.8,NA,240,87
2014,5,13,0,-12.5,913.3,NA,250,87
2014,5,13,3,-12,913.8,NA,NA,89
2014,5,13,6,-12,916.2,NA,NA,89
2014,5,13,9,-11.6,919.1,NA,NA,89
2014,5,13,12,-11.6,917.8,NA,NA,89
2014,5,13,15,-11.3,921.6,53,230,90
2014,5,13,18,-9.8,923.4,NA,240,90
2014,5,13,21,-10.6,921.7,NA,230,89
2014,5,14,0,-10.7,924.2,NA,NA,84
2014,5,14,3,-11,926.1,NA,NA,89
2014,5,14,6,-11,925.1,NA,NA,90
2014,5,14,9,-10.2,925.3,NA,NA,91
2014,5,14,12,-8.5,922.3,NA,240,77
2014,5,14,15,-7.6,921.7,NA,240,73
2014,5,14,18,-10.2,922.3,NA,240,77
2014,5,14,21,-9.2,922.3,NA,230,87
2014,5,15,0,-11,922.1,NA,250,90
2014,5,15,3,-11.4,921.5,NA,240,89
2014,5,15,6,-9.8,922,NA,260,89
2014,5,15,9,-11.6,922.6,NA,240,89
2014,5,15,12,-11.3,922.8,1,190,89
2014,5,15,15,-11.9,923.1,NA,250,88
2014,5,15,18,-10.7,923.8,NA,300,NA
2014,5,15,21,-11.3,923.6,NA,240,89
2014,5,16,0,-11.8,924,NA,240,89
2014,5,16,3,-11.7,923.8,NA,270,89
2014,5,16,6,-12.1,923.1,6,240,89
2014,5,16,9,-12.5,922.6,3,230,88
2014,5,16,12,-12.1,921.8,6,240,88
2014,5,16,15,-12.7,921,NA,240,88
2014,5,16,18,-13.2,920.3,9,240,87
2014,5,16,21,-14.1,919.7,10,230,86
2014,5,17,0,-15.7,919.3,7,230,84
2014,5,17,3,-16.7,918.6,7,240,83
2014,5,17,6,-16.7,918.6,NA,270,83
2014,5,17,9,-17.7,917.8,NA,270,83
2014,5,17,12,-17.5,917.2,1,220,82
2014,5,17,15,-18.3,916.3,NA,NA,81
2014,5,17,18,-18.5,915.5,NA,NA,81
2014,5,17,21,-19.4,915.1,NA,NA,79
2014,5,18,0,-19.8,915,NA,NA,79
2014,5,18,3,-19.6,915.1,NA,NA,79
2014,5,18,6,-19.4,915.8,NA,NA,79
2014,5,18,9,-19.6,916.4,NA,NA,79
2014,5,18,12,-21.7,917.3,NA,NA,77
2014,5,18,15,-23,917.8,NA,NA,74
2014,5,18,18,-24.4,918.8,NA,NA,72
2014,5,18,21,-25,919.7,NA,NA,71
2014,5,19,0,-26,920.5,NA,NA,69
2014,5,19,3,-26.1,921.5,NA,NA,68
2014,5,19,6,-27,921.9,NA,270,67
2014,5,19,9,-26.6,922.4,NA,230,68
2014,5,19,12,-27.3,922.6,NA,250,66
2014,5,19,15,-27.2,922.4,NA,30,66
2014,5,19,18,-27.3,922.2,NA,NA,67
2014,5,19,21,-27.8,921.8,NA,NA,66
2014,5,20,0,-28,921.8,NA,NA,65
2014,5,20,3,-26,922.1,NA,NA,68
2014,5,20,6,-27.7,922.9,NA,NA,67
2014,5,20,9,-26.9,924.2,NA,NA,67
2014,5,20,12,-28.3,925.8,NA,NA,65
2014,5,20,15,-27,927.2,NA,NA,66
2014,5,20,18,-27.2,928.9,NA,NA,66
2014,5,20,21,-26.2,930.3,NA,NA,68
2014,5,21,0,-25.2,931.7,NA,NA,71
2014,5,21,3,-25.9,933,NA,NA,70
2014,5,21,6,-24.2,933.9,NA,NA,71
2014,5,21,9,-25,934.4,NA,NA,71
2014,5,21,12,-22.1,934.2,NA,NA,71
2014,5,21,15,-23.2,933.6,NA,NA,67
2014,5,21,18,-22.3,932.6,NA,NA,53
2014,5,21,21,-22.4,931.2,NA,NA,52
2014,5,22,0,-21.6,930,NA,NA,57
2014,5,22,3,-22.2,928.1,3,260,66
2014,5,22,6,-23.9,926.8,2,270,58
2014,5,22,9,-24.8,925.3,NA,NA,55
2014,5,22,12,-25.5,923.8,NA,NA,57
2014,5,22,15,-26.3,921.9,NA,NA,60
2014,5,22,18,-25.2,920.6,NA,NA,53
2014,5,22,21,-25.4,919.4,NA,NA,45
2014,5,23,0,-29.7,918.8,2,260,58
2014,5,23,3,-28,918.1,NA,240,61
2014,5,23,6,-28.6,918.2,6,240,61
2014,5,23,9,-27.4,918.7,NA,230,62
2014,5,23,12,-27.5,919.1,NA,0,63
2014,5,23,15,-27.8,919.1,NA,NA,62
2014,5,23,18,-27.5,919.1,NA,NA,63
2014,5,23,21,-28.3,918.7,NA,NA,62
2014,5,24,0,-28.8,918.2,NA,NA,61
2014,5,24,3,-29,917.3,NA,NA,61
2014,5,24,6,-26,917.1,3,230,65
2014,5,24,9,-25.4,917.5,2,250,67
2014,5,24,12,-26.2,917.9,5,250,65
2014,5,24,15,-25.2,918.7,2,270,53
2014,5,24,18,-25.5,919.3,2,250,49
2014,5,24,21,-24.8,921.1,NA,NA,46
2014,5,25,0,-25.1,922.5,NA,NA,48
2014,5,25,3,-25.5,924.4,NA,NA,46
2014,5,25,6,-26,926.6,3,250,50
2014,5,25,9,-24.2,928.5,6,240,59
2014,5,25,12,-25.1,930.4,5,230,55
2014,5,25,15,-24.7,931.1,6,250,52
2014,5,25,18,-25.8,931.1,NA,230,65
2014,5,25,21,-24,932.1,NA,NA,69
2014,5,26,0,-24,933.2,14,NA,70
2014,5,26,3,-24.5,933,13,240,69
2014,5,26,6,-23.7,932,NA,240,70
2014,5,26,9,-24.2,930.8,NA,270,70
2014,5,26,12,-23.1,928.2,NA,20,72
2014,5,26,15,-24,924.7,3,60,71
2014,5,26,18,-23.6,922.2,NA,0,71
2014,5,26,21,-24.9,920.3,NA,NA,70
2014,5,27,0,-24.1,918.4,1,40,69
2014,5,27,3,-25.4,918.8,1,250,69
2014,5,27,6,-27.1,920.4,NA,240,72
2014,5,27,9,-26.4,921.7,NA,220,66
2014,5,27,12,-27,922.8,NA,230,64
2014,5,27,15,-27.4,923.1,NA,250,64
2014,5,27,18,-27.4,923.3,NA,130,64
2014,5,27,21,-25.7,923.8,NA,0,65
2014,5,28,0,-26,924.8,NA,NA,66
2014,5,28,3,-26.3,924.8,NA,NA,65
2014,5,28,6,-26.1,924.8,NA,240,66
2014,5,28,9,-24.4,924.8,NA,230,66
2014,5,28,12,-23.6,924,9,230,70
2014,5,28,15,NA,921.9,NA,240,66
2014,5,28,18,-22.8,918.3,NA,230,60
2014,5,28,21,NA,915.5,NA,240,80
2014,5,29,0,-19,915.3,NA,230,81
2014,5,29,3,-20,910.6,NA,240,80
2014,5,29,6,-20.4,909.9,NA,250,79
2014,5,29,9,-20,909.5,NA,NA,77
2014,5,29,12,-21.7,909.4,NA,NA,77
2014,5,29,15,-23,910.2,NA,NA,74
2014,5,29,18,-21.3,910,NA,240,72
2014,5,29,21,-19.6,908.8,NA,NA,65
2014,5,30,0,-18,907.1,NA,NA,61
2014,5,30,3,-17.1,904.4,NA,NA,80
2014,5,30,6,-16.2,905.1,NA,250,81
2014,5,30,9,-16.8,906.3,NA,240,82
2014,5,30,12,-14.2,903.6,NA,250,75
2014,5,30,15,-13.1,903.5,NA,240,77
2014,5,30,18,-14.6,904.1,NA,250,86
2014,5,30,21,-13.9,906,NA,240,84
2014,5,31,0,-12.9,905.9,NA,250,87
2014,5,31,3,-13.6,908.7,NA,240,88
2014,5,31,6,-11.8,908,NA,240,85
2014,5,31,9,-10.6,909.7,NA,NA,NA
2014,5,31,12,-13.8,908.7,NA,NA,87
2014,5,31,15,-14.8,914.3,NA,240,86
2014,5,31,18,-13.6,915.1,NA,250,87
2014,5,31,21,-14.5,914.9,NA,240,86
2014,6,1,0,-15.7,916.8,NA,220,86
2014,6,1,3,-15.1,919.6,NA,230,86
2014,6,1,6,-16.4,921.1,NA,210,84
2014,6,1,9,-16.2,921.3,NA,230,84
2014,6,1,12,-17.5,919.9,NA,240,83
2014,6,1,15,-19,922.3,NA,230,81
2014,6,1,18,-18.4,921.4,NA,250,82
2014,6,1,21,-19.1,919.2,NA,360,79
2014,6,2,0,-19.6,915.8,NA,360,80
2014,6,2,3,-20.5,912.5,NA,230,79
2014,6,2,6,-20.9,908.7,NA,240,78
2014,6,2,9,-21.7,906,NA,240,77
2014,6,2,12,-21.7,904.4,NA,240,77
2014,6,2,15,-22.4,903.9,NA,0,76
2014,6,2,18,-23.6,904.7,NA,260,73
2014,6,2,21,-23.5,907.2,NA,230,74
2014,6,3,0,-23.7,909.2,NA,240,74
2014,6,3,3,-24.5,913.1,NA,230,73
2014,6,3,6,-24.6,914.8,NA,240,72
2014,6,3,9,-24.3,916.8,NA,230,70
2014,6,3,12,-23.8,919.3,36,NA,66
2014,6,3,15,-23.3,922.1,35,NA,60
2014,6,3,18,-22.9,923.6,NA,NA,60
2014,6,3,21,-23.1,924.7,NA,NA,59
2014,6,4,0,-23.9,927,NA,220,72
2014,6,4,3,-23.7,926.7,NA,230,72
2014,6,4,6,-24.5,925.5,NA,230,71
2014,6,4,9,-25.2,923.5,NA,220,69
2014,6,4,12,-24.2,922.6,NA,230,70
2014,6,4,15,-26.3,922.3,NA,240,66
2014,6,4,18,-25.3,922,NA,NA,68
2014,6,4,21,-26.2,922.1,NA,NA,68
2014,6,5,0,-26.5,922.5,NA,NA,66
2014,6,5,3,-26.9,921.8,26,230,65
2014,6,5,6,-28.3,922.4,NA,230,63
2014,6,5,9,-29.1,922.9,NA,230,62
2014,6,5,12,-29.2,923.6,NA,220,61
2014,6,5,15,-29.2,923.4,NA,90,61
2014,6,5,18,-30.1,924,NA,0,60
2014,6,5,21,-30.8,924.4,3,70,59
2014,6,6,0,-30.6,923.6,NA,30,59
2014,6,6,3,-31.6,923.5,7,20,58
2014,6,6,6,-31.5,924.3,NA,20,58
2014,6,6,9,-31.8,923.9,NA,10,57
2014,6,6,12,-31,923.3,4,40,58
2014,6,6,15,-29.8,922.4,5,30,60
2014,6,6,18,-29.4,921.8,NA,360,61
2014,6,6,21,-29.2,920.4,3,20,63
2014,6,7,0,-28.2,919.2,6,20,61
2014,6,7,3,-28.5,917.4,NA,40,62
2014,6,7,6,-28,915.9,8,30,63
2014,6,7,9,-27.9,914.3,NA,40,63
2014,6,7,12,-26.3,913.2,NA,60,66
2014,6,7,15,-27.6,911.8,4,250,66
2014,6,7,18,-25.8,910,NA,240,63
2014,6,7,21,NA,908.7,NA,240,68
2014,6,8,0,-25.2,907.2,NA,240,68
2014,6,8,3,-22.8,908,NA,230,72
2014,6,8,6,-22.3,908.8,14,240,76
2014,6,8,9,-19.1,909.3,14,250,79
2014,6,8,12,-18.3,910.5,NA,240,62
2014,6,8,15,-16.2,911.3,NA,240,29
2014,6,8,18,-16,912.9,NA,230,30
2014,6,8,21,-15.9,914.8,NA,160,25
2014,6,9,0,-16,916.6,NA,50,31
2014,6,9,3,-18.4,917.7,NA,50,54
2014,6,9,6,-19.7,919.5,NA,50,69
2014,6,9,9,-20.5,921,NA,330,76
2014,6,9,12,-21.7,921,3,20,77
2014,6,9,15,-22.6,918.1,NA,30,74
2014,6,9,18,-22.3,913.9,NA,20,74
2014,6,9,21,-23.3,910.9,NA,50,74
2014,6,10,0,-23.5,909.2,NA,240,73
2014,6,10,3,-22.9,908.1,NA,220,73
2014,6,10,6,-25.3,908.4,NA,260,70
2014,6,10,9,-22.7,910.4,NA,360,71
2014,6,10,12,-23.7,911.9,NA,50,72
2014,6,10,15,-24.3,912,NA,50,71
2014,6,10,18,-24.9,912.5,2,30,71
2014,6,10,21,-25.5,912.4,2,320,69
2014,6,11,0,-25.6,912.1,NA,NA,69
2014,6,11,3,-25.9,911.7,NA,NA,69
2014,6,11,6,-26.2,911.1,2,290,68
2014,6,11,9,-26.9,910.6,2,260,67
2014,6,11,12,-26.8,910.5,5,240,67
2014,6,11,15,-27.1,910.4,6,230,66
2014,6,11,18,-29.9,910.4,NA,240,63
2014,6,11,21,-30.7,910.2,NA,230,61
2014,6,12,0,-31.2,910.6,19,240,60
2014,6,12,3,-31,910.5,NA,230,60
2014,6,12,6,-30.6,911.8,NA,250,60
2014,6,12,9,-29.9,912.9,NA,260,60
2014,6,12,12,-29.1,914.1,NA,240,61
2014,6,12,15,-29.2,914.6,NA,240,62
2014,6,12,18,-27.7,914.3,NA,30,65
2014,6,12,21,-28.9,914.2,NA,330,63
2014,6,13,0,-28.8,914.2,NA,250,63
2014,6,13,3,-27.9,915.2,NA,240,57
2014,6,13,6,-27.4,916,NA,290,43
2014,6,13,9,-26.6,916.3,NA,330,25
2014,6,13,12,-27.2,917.3,8,280,20
2014,6,13,15,-25.9,917.9,NA,20,20
2014,6,13,18,-28.4,918.3,NA,20,50
2014,6,13,21,-27.6,918.8,NA,NA,36
2014,6,14,0,-28.7,919,NA,250,38
2014,6,14,3,-29.3,919.4,3,230,48
2014,6,14,6,-29.6,919.7,3,20,58
2014,6,14,9,-29.7,919.7,3,290,57
2014,6,14,12,-31.1,918.8,NA,40,52
2014,6,14,15,-31.5,918.1,NA,40,57
2014,6,14,18,-29.5,915.6,NA,40,58
2014,6,14,21,-29.8,913.7,11,20,36
2014,6,15,0,-27.3,911.5,NA,270,27
2014,6,15,3,-25,909.7,NA,230,17
2014,6,15,6,-25.6,908.6,NA,250,19
2014,6,15,9,-23.5,907.9,NA,260,19
2014,6,15,12,-23.3,907.5,NA,260,14
2014,6,15,15,-22.5,907.7,NA,230,15
2014,6,15,18,-21.4,907.3,NA,230,14
2014,6,15,21,-20.7,907.5,NA,220,29
2014,6,16,0,-20.5,903.4,NA,240,78
2014,6,16,3,NA,909.4,NA,220,72
2014,6,16,6,NA,911.5,NA,220,69
2014,6,16,9,-28.3,912.4,NA,230,64
2014,6,16,12,-26.7,912.3,NA,230,66
2014,6,16,15,-26.5,914.5,NA,250,67
2014,6,16,18,-26.9,919.8,NA,240,67
2014,6,16,21,-26.7,922.8,NA,230,66
2014,6,17,0,-27.9,923.7,NA,230,63
2014,6,17,3,-26.4,925.7,NA,230,66
2014,6,17,6,NA,925.6,NA,NA,72
2014,6,17,9,NA,923.7,NA,NA,78
2014,6,17,12,-17.2,924.2,NA,NA,75
2014,6,17,15,-18.8,925.8,NA,230,81
2014,6,17,18,-19.6,926.9,NA,NA,80
2014,6,17,21,-20.8,926.5,NA,NA,78
2014,6,18,0,-22.7,926.4,NA,NA,75
2014,6,18,3,-23.4,928.2,NA,240,73
2014,6,18,6,-20.9,928,NA,230,77
2014,6,18,9,-21.8,928.3,NA,250,49
2014,6,18,12,-20.5,927.8,NA,240,41
2014,6,18,15,-21.5,926.4,NA,40,40
2014,6,18,18,-22.4,924.5,NA,30,42
2014,6,18,21,-22.3,922.4,NA,20,39
2014,6,19,0,-18.1,920.1,NA,270,27
2014,6,19,3,NA,918,NA,280,21
2014,6,19,6,-15.8,916.3,NA,270,16
2014,6,19,9,NA,915.7,NA,270,33
2014,6,19,12,NA,915.4,NA,240,40
2014,6,19,15,-22.3,916.8,NA,250,36
2014,6,19,18,-21.8,916.4,NA,350,33
2014,6,19,21,-22.8,915.6,NA,240,31
2014,6,20,0,-22.4,915.5,NA,250,30
2014,6,20,3,-22.6,914.9,NA,250,35
2014,6,20,6,-23.3,915.2,NA,360,40
2014,6,20,9,-21.9,915.6,NA,360,30
2014,6,20,12,-22.3,916.3,NA,10,28
2014,6,20,15,-23,917.3,6,20,31
2014,6,20,18,-22.9,918.6,8,340,28
2014,6,20,21,-23.9,919.7,9,10,37
2014,6,21,0,-26.8,920.6,NA,250,42
2014,6,21,3,-27.1,921.2,NA,240,52
2014,6,21,6,-28.6,922.5,NA,230,59
2014,6,21,9,-29.4,924.3,NA,240,57
2014,6,21,12,-29.2,925.7,NA,210,58
2014,6,21,15,-26.1,924.5,NA,300,56
2014,6,21,18,-25.6,925,1,320,48
2014,6,21,21,-25.5,925,2,240,31
2014,6,22,0,-25.3,924.9,NA,250,24
2014,6,22,3,-26.8,924.6,NA,10,25
2014,6,22,6,-27.7,923.9,5,30,48
2014,6,22,9,-27.9,924.1,2,80,62
2014,6,22,12,-28.6,923.9,5,90,61
2014,6,22,15,-29,923.1,NA,40,59
2014,6,22,18,-29.5,922.9,NA,30,58
2014,6,22,21,-29.1,923.3,5,50,59
2014,6,23,0,-29.7,NA,NA,90,58
2014,6,23,3,-30.8,921.8,6,20,57
2014,6,23,6,-30.4,921.3,NA,30,56
2014,6,23,9,-31,920.9,4,10,56
2014,6,23,12,-30.6,920.7,4,360,57
2014,6,23,15,-32.8,920.9,4,350,56
2014,6,23,18,-30.4,920.9,2,40,57
2014,6,23,21,-30,921.1,3,270,53
2014,6,24,0,-28.5,920.9,NA,NA,43
2014,6,24,3,-27.2,920.6,3,30,39
2014,6,24,6,-26.6,920.6,2,40,36
2014,6,24,9,-25.1,920.3,NA,NA,25
2014,6,24,12,-25.9,920.3,3,260,23
2014,6,24,15,-26.4,920.3,2,280,25
2014,6,24,18,-25.4,920,2,250,23
2014,6,24,21,-26,921.5,3,230,24
2014,6,25,0,-26.5,922.9,NA,240,28
2014,6,25,3,-25.9,925.3,NA,230,27
2014,6,25,6,-26.9,928.1,NA,200,28
2014,6,25,9,-26.7,929,NA,80,29
2014,6,25,12,-25,929.2,NA,10,29
2014,6,25,15,-24.1,929.3,NA,250,30
2014,6,25,18,-24.3,928.5,NA,260,31
2014,6,25,21,-25.9,928.8,4,260,31
2014,6,26,0,-25.6,929.3,NA,240,30
2014,6,26,3,-22.8,929,NA,0,26
2014,6,26,6,-21.9,928.8,NA,80,24
2014,6,26,9,-21.7,928.4,NA,0,21
2014,6,26,12,-21,928.1,3,270,20
2014,6,26,15,-19.6,927.9,NA,230,21
2014,6,26,18,-21.3,928.3,NA,240,23
2014,6,26,21,-23.7,929.1,NA,310,43
2014,6,27,0,-23.1,930.1,NA,10,42
2014,6,27,3,-25.8,930.1,5,10,53
2014,6,27,6,-24.2,930.1,4,270,39
2014,6,27,9,-22.5,929.7,2,30,44
2014,6,27,12,-22.2,929.4,NA,20,34
2014,6,27,15,-21.9,928.8,5,40,30
2014,6,27,18,-21.9,928.3,3,240,28
2014,6,27,21,-24.1,927.4,NA,20,32
2014,6,28,0,-26.2,927.3,NA,30,41
2014,6,28,3,-25.3,926.4,NA,250,38
2014,6,28,6,-27.5,925.6,NA,270,48
2014,6,28,9,-26.7,924.3,NA,230,54
2014,6,28,12,-25.8,923.5,7,240,63
2014,6,28,15,-30.6,922.3,NA,270,61
2014,6,28,18,NA,920.9,10,250,60
2014,6,28,21,-28.5,919.7,NA,240,59
2014,6,29,0,-27.4,918.6,NA,230,61
2014,6,29,3,-27.4,919.4,NA,230,61
2014,6,29,6,-29.1,923.1,NA,240,58
2014,6,29,9,-28.6,925.4,NA,280,59
2014,6,29,12,-27.9,925.9,NA,90,60
2014,6,29,15,-29.9,925.5,6,60,58
2014,6,29,18,-30.2,925.7,5,60,57
2014,6,29,21,-30.1,926.2,NA,0,57
2014,6,30,0,-31.3,926.7,4,220,56
2014,6,30,3,-30.8,926.9,4,230,56
2014,6,30,6,-31.5,926.8,3,220,56
2014,6,30,9,-31.6,926.7,4,250,55
2014,6,30,12,-30.4,926.6,4,260,56
2014,6,30,15,-29.3,926.6,1,340,57
2014,6,30,18,-32.2,926.7,NA,270,54
2014,6,30,21,-32.5,927,NA,250,54
2014,7,1,0,-32.4,927.7,13,240,54
2014,7,1,3,-33.2,928.4,13,240,53
2014,7,1,6,-32.6,929.9,NA,250,54
2014,7,1,9,-31.9,930.8,NA,0,55
2014,7,1,12,-31.8,931.9,NA,50,55
2014,7,1,15,-30.4,932.9,1,280,56
2014,7,1,18,-29.2,933.6,1,360,58
2014,7,1,21,-28.5,933.6,NA,NA,58
2014,7,2,0,-27.1,932.9,4,340,36
2014,7,2,3,NA,932.4,2,350,39
2014,7,2,6,NA,931.5,NA,340,21
2014,7,2,9,-18.6,930.9,NA,350,15
2014,7,2,12,NA,930.6,NA,270,18
2014,7,2,15,NA,928.6,NA,40,25
2014,7,2,18,-23.9,926.9,NA,260,25
2014,7,2,21,-26.3,925.3,NA,230,32
2014,7,3,0,NA,924.7,NA,240,NA
2014,7,3,3,NA,924.2,NA,240,53
2014,7,3,6,-29.8,924.4,NA,250,56
2014,7,3,9,-27.7,924.7,NA,350,59
2014,7,3,12,-29.6,923.7,NA,30,49
2014,7,3,15,-29.5,922.7,NA,10,58
2014,7,3,18,-29.1,922.1,NA,330,58
2014,7,3,21,-29,921.6,NA,240,58
2014,7,4,0,-28.2,921.5,3,20,59
2014,7,4,3,-27.5,920,3,360,60
2014,7,4,6,-27.9,918.9,3,240,60
2014,7,4,9,-27.2,918.1,2,170,60
2014,7,4,12,-27.5,917,NA,230,61
2014,7,4,15,-29,915.8,NA,240,59
2014,7,4,18,-29.1,915.1,NA,NA,58
2014,7,4,21,-29.4,914.7,NA,NA,58
2014,7,5,0,-28.5,914.7,29,NA,59
2014,7,5,3,-28,915.9,NA,NA,60
2014,7,5,6,-28.3,918.3,NA,NA,60
2014,7,5,9,-28.1,919.4,NA,NA,60
2014,7,5,12,-28.5,920,NA,NA,60
2014,7,5,15,-29.2,920.2,NA,30,58
2014,7,5,18,-29.8,920.5,3,120,58
2014,7,5,21,-30.3,920.1,4,270,57
2014,7,6,0,-30.1,919.9,NA,20,56
2014,7,6,3,-31.8,919.7,4,270,55
2014,7,6,6,-32.7,919.2,NA,250,53
2014,7,6,9,-33,918.7,NA,250,53
2014,7,6,12,-31.3,918,NA,290,54
2014,7,6,15,-32.8,917.2,NA,360,52
2014,7,6,18,-33.5,916.6,NA,220,53
2014,7,6,21,-32.6,915.5,NA,20,52
2014,7,7,0,-33.5,913.6,NA,20,53
2014,7,7,3,-33.1,912.3,NA,350,53
2014,7,7,6,-32.8,911,NA,40,52
2014,7,7,9,NA,909.5,NA,330,63
2014,7,7,12,NA,908.7,4,260,23
2014,7,7,15,NA,907.4,5,250,20
2014,7,7,18,-23.6,907,NA,240,23
2014,7,7,21,NA,906.5,NA,220,35
2014,7,8,0,NA,906.4,7,230,46
2014,7,8,3,-26.7,905.4,6,250,48
2014,7,8,6,-26.7,905.4,NA,350,52
2014,7,8,9,-26.5,904.4,5,20,44
2014,7,8,12,-26.5,903.2,4,300,45
2014,7,8,15,NA,901.1,NA,290,33
2014,7,8,18,NA,898.6,NA,260,28
2014,7,8,21,NA,898.7,NA,260,28
2014,7,9,0,-20.9,900.5,9,270,30
2014,7,9,3,NA,905.7,NA,210,57
2014,7,9,6,NA,909.5,NA,50,58
2014,7,9,9,-28.1,912.6,NA,10,58
2014,7,9,12,-27.4,914.8,NA,360,59
2014,7,9,15,-27,914.6,NA,30,60
2014,7,9,18,-28,911.8,NA,10,60
2014,7,9,21,-23.1,907.2,NA,20,39
2014,7,10,0,NA,907.4,NA,250,60
2014,7,10,3,-26.1,909.6,NA,40,63
2014,7,10,6,-27.2,912.8,NA,220,61
2014,7,10,9,-28.1,913.7,NA,350,60
2014,7,10,12,-28.8,914,5,60,59
2014,7,10,15,-29.3,913.4,NA,50,58
2014,7,10,18,-29,912.2,NA,230,58
2014,7,10,21,-28.4,911.3,3,200,59
2014,7,11,0,-27.2,910.6,3,350,61
2014,7,11,3,-24.8,910,3,10,63
2014,7,11,6,-24.7,909.4,2,30,62
2014,7,11,9,-25.2,909,4,260,59
2014,7,11,12,-25.7,908.4,6,270,66
2014,7,11,15,-25.5,908.5,NA,240,NA
2014,7,11,18,NA,909.1,NA,260,57
2014,7,11,21,-29.1,910.5,NA,240,58
2014,7,12,0,-29.7,912,NA,230,58
2014,7,12,3,-31.2,913.9,NA,230,56
2014,7,12,6,-31.8,917.1,NA,240,54
2014,7,12,9,-32.3,919.2,NA,240,54
2014,7,12,12,-32.9,919.6,NA,260,53
2014,7,12,15,-32.4,919.4,NA,70,54
2014,7,12,18,-32.5,918,NA,0,53
2014,7,12,21,-32.9,917.2,NA,360,53
2014,7,13,0,-32.3,916.6,NA,40,54
2014,7,13,3,-32.8,916.1,11,40,53
2014,7,13,6,-32,915.7,NA,30,54
2014,7,13,9,-33.2,916.1,NA,50,53
2014,7,13,12,-33.5,917.2,NA,260,52
2014,7,13,15,-33.7,918.4,NA,270,52
2014,7,13,18,-34.5,918.9,3,250,51
2014,7,13,21,-34.2,919.2,6,250,51
2014,7,14,0,-35.4,918.7,NA,250,50
2014,7,14,3,-35.4,918.2,NA,230,50
2014,7,14,6,-34.4,917.3,NA,230,51
2014,7,14,9,-32.8,916.4,NA,220,52
2014,7,14,12,-33.8,916,NA,230,52
2014,7,14,15,-34.4,915.7,NA,230,51
2014,7,14,18,-34.8,914.6,NA,NA,51
2014,7,14,21,-34.9,914.4,NA,NA,50
2014,7,15,0,-34.1,914.6,NA,NA,51
2014,7,15,3,-33.4,913.5,NA,230,52
2014,7,15,6,-32.8,916.4,NA,240,53
2014,7,15,9,-31.1,916.4,NA,240,52
2014,7,15,12,-30.9,919.9,NA,230,49
2014,7,15,15,-30.4,921.9,NA,230,30
2014,7,15,18,-28.2,921.3,NA,360,31
2014,7,15,21,-28.7,919.9,NA,10,29
2014,7,16,0,-28,918.8,NA,40,36
2014,7,16,3,-29.4,918.4,NA,30,30
2014,7,16,6,-28.3,917.9,NA,230,30
2014,7,16,9,-28.1,916.7,3,30,28
2014,7,16,12,-27.9,916.2,3,250,25
2014,7,16,15,-28.1,915.9,3,30,23
2014,7,16,18,-28.5,916,NA,270,28
2014,7,16,21,-27.7,917,NA,250,29
2014,7,17,0,-31.2,919.1,NA,250,31
2014,7,17,3,-29.8,921.1,NA,260,33
2014,7,17,6,-31.5,921.3,NA,250,40
2014,7,17,9,-32.6,922,NA,240,47
2014,7,17,12,-33.2,921.9,NA,270,46
2014,7,17,15,-33.7,921.9,NA,240,47
2014,7,17,18,-34.2,923.6,NA,260,45
2014,7,17,21,-32.3,923.5,NA,10,40
2014,7,18,0,-30.6,923.1,NA,320,32
2014,7,18,3,-29.3,922.8,NA,230,28
2014,7,18,6,-29.4,922.7,NA,250,30
2014,7,18,9,-27.6,923.1,NA,270,26
2014,7,18,12,-27.1,922.5,NA,10,21
2014,7,18,15,-26.3,921.8,3,350,20
2014,7,18,18,-27.1,921.1,NA,30,23
2014,7,18,21,-28.6,919.7,NA,250,29
2014,7,19,0,-27,918.7,NA,220,25
2014,7,19,3,-27.4,918.2,NA,0,24
2014,7,19,6,-29.2,917.8,NA,270,28
2014,7,19,9,-27.1,917.5,NA,360,27
2014,7,19,12,-27.6,915.6,NA,10,26
2014,7,19,15,-28.1,914.9,NA,0,28
2014,7,19,18,-27.7,914.2,19,350,31
2014,7,19,21,-25.7,914.3,NA,260,23
2014,7,20,0,-25,913.3,NA,190,18
2014,7,20,3,-22.3,912.2,NA,270,16
2014,7,20,6,-21,911.7,NA,240,26
2014,7,20,9,-18.6,912.4,NA,240,35
2014,7,20,12,-17.7,911.6,NA,240,56
2014,7,20,15,-19,912.3,NA,250,80
2014,7,20,18,-19.9,915.7,NA,230,80
2014,7,20,21,-17.2,913.5,NA,NA,81
2014,7,21,0,-16.1,912.1,NA,NA,77
2014,7,21,3,-15.8,910.2,NA,NA,83
2014,7,21,6,-16,906.6,NA,240,85
2014,7,21,9,-15.8,910.6,48,240,86
2014,7,21,12,-15.2,909.9,NA,240,86
2014,7,21,15,-14.9,911.6,NA,230,87
2014,7,21,18,NA,915.8,NA,230,82
2014,7,21,21,-19.2,913.6,NA,240,81
2014,7,22,0,-20.4,917.4,57,240,79
2014,7,22,3,-22.1,921.8,NA,230,77
2014,7,22,6,-19,924.4,NA,240,79
2014,7,22,9,NA,925.4,NA,240,82
2014,7,22,12,-18.3,926.1,NA,240,71
2014,7,22,15,NA,924.6,NA,230,39
2014,7,22,18,-18.6,923.6,NA,230,59
2014,7,22,21,-15,923.7,NA,240,37
2014,7,23,0,-14.7,922.5,NA,230,32
2014,7,23,3,-18.7,922.2,NA,240,58
2014,7,23,6,NA,924.1,NA,220,76
2014,7,23,9,NA,922.8,NA,250,75
2014,7,23,12,-21.7,923.6,NA,230,55
2014,7,23,15,-21.7,924.6,NA,240,69
2014,7,23,18,-22.8,924.2,NA,240,44
2014,7,23,21,-21.7,923.7,NA,230,50
2014,7,24,0,-22.6,924.2,NA,240,43
2014,7,24,3,-21.4,923.5,NA,40,53
2014,7,24,6,-18.6,922.3,NA,120,26
2014,7,24,9,-21.9,920,NA,100,33
2014,7,24,12,NA,917.5,5,30,45
2014,7,24,15,-25.3,915.7,NA,10,67
2014,7,24,18,-26.1,913.8,3,330,67
2014,7,24,21,-24.4,912.7,3,260,68
2014,7,25,0,-28.1,912,NA,270,67
2014,7,25,3,-26.2,911.5,NA,250,64
2014,7,25,6,-24.2,912.9,NA,230,64
2014,7,25,9,-23.3,915.6,NA,220,69
2014,7,25,12,-26.9,918.9,NA,320,62
2014,7,25,15,-26.4,920.2,NA,20,51
2014,7,25,18,-25.6,923,NA,240,40
2014,7,25,21,-22.6,926.3,NA,340,38
2014,7,26,0,-24.3,928.4,NA,20,34
2014,7,26,3,-24,930.4,NA,350,36
2014,7,26,6,-26.1,933.1,NA,50,45
2014,7,26,9,-25.1,935,NA,40,39
2014,7,26,12,-26.1,935.1,NA,20,48
2014,7,26,15,-26.9,934.9,NA,20,44
2014,7,26,18,-25.7,933.1,NA,30,43
2014,7,26,21,-25.9,931.9,NA,30,50
2014,7,27,0,-25.4,930.6,NA,20,53
2014,7,27,3,-26.9,929.6,NA,20,55
2014,7,27,6,-28.4,928,NA,20,60
2014,7,27,9,-27.1,925.1,9,40,61
2014,7,27,12,-27.5,923,NA,30,61
2014,7,27,15,-27.3,920.5,NA,NA,61
2014,7,27,18,-27.5,918.8,4,NA,62
2014,7,27,21,-27.9,918.9,NA,NA,61
2014,7,28,0,-27.9,920.1,1,350,61
2014,7,28,3,-27.5,921.3,NA,0,61
2014,7,28,6,-28.7,922.1,NA,230,59
2014,7,28,9,-28.6,923.3,NA,230,60
2014,7,28,12,-29.9,925.9,10,240,58
2014,7,28,15,-30.1,926.4,11,240,57
2014,7,28,18,-28.7,926.2,NA,NA,60
2014,7,28,21,-28.3,928.4,NA,NA,60
2014,7,29,0,-28.1,930.1,19,NA,60
2014,7,29,3,-28.7,930.6,NA,230,59
2014,7,29,6,-28.5,931,NA,NA,59
2014,7,29,9,-29.5,932.3,NA,NA,59
2014,7,29,12,-30.3,932.6,NA,240,58
2014,7,29,15,-30.5,933.3,NA,NA,57
2014,7,29,18,-29.9,933.6,NA,NA,57
2014,7,29,21,-30.7,933.8,24,NA,56
2014,7,30,0,-31.2,934.4,NA,250,56
2014,7,30,3,-31.5,934.2,NA,260,56
2014,7,30,6,-31.9,934.9,NA,260,55
2014,7,30,9,-30.2,935.5,NA,250,57
2014,7,30,12,-29.9,935.5,10,240,58
2014,7,30,15,-29.8,935.5,9,260,58
2014,7,30,18,-30.3,935.4,NA,250,58
2014,7,30,21,-30.7,934.8,NA,240,57
2014,7,31,0,-30.5,934,NA,240,57
2014,7,31,3,-30.1,932.6,NA,230,57
2014,7,31,6,-28.3,929.6,NA,230,59
2014,7,31,9,-29,924.9,NA,NA,59
2014,7,31,12,-28.7,922.7,NA,NA,59
2014,7,31,15,-29,921.8,NA,NA,59
2014,7,31,18,-30.4,919.4,NA,NA,57
2014,7,31,21,-31.1,917.8,NA,240,57
2014,8,1,0,-29.3,918.4,NA,240,58
2014,8,1,3,-28.8,919.2,NA,230,59
2014,8,1,6,-28.6,918.2,NA,240,61
2014,8,1,9,-29,916.5,NA,230,59
2014,8,1,12,-27.4,918.8,NA,240,60
2014,8,1,15,-26.6,924,NA,240,62
2014,8,1,18,-26.2,923.2,NA,240,62
2014,8,1,21,-26.4,924,NA,230,51
2014,8,2,0,-27.7,923.3,NA,230,58
2014,8,2,3,-24.1,922.6,NA,230,58
2014,8,2,6,-24.8,919.9,NA,330,53
2014,8,2,9,-25.6,917.7,NA,270,57
2014,8,2,12,-26.5,913.9,NA,30,57
2014,8,2,15,-27.2,910.1,NA,10,50
2014,8,2,18,-25.6,907.1,NA,0,45
2014,8,2,21,-26.6,903.7,NA,240,60
2014,8,3,0,-27.9,901.3,2,20,60
2014,8,3,3,-29.3,899.5,1,140,59
2014,8,3,6,-31.9,898.2,NA,220,54
2014,8,3,9,-31.5,898.1,NA,240,55
2014,8,3,12,-32,898.3,NA,240,54
2014,8,3,15,-33.3,899.2,NA,230,53
2014,8,3,18,-33.5,900.6,NA,240,53
2014,8,3,21,-33,900.9,NA,230,53
2014,8,4,0,-32.8,901.2,18,NA,53
2014,8,4,3,-32.3,900.5,20,NA,54
2014,8,4,6,-31.3,900,NA,250,44
2014,8,4,9,-29.9,900.4,NA,240,47
2014,8,4,12,-29.9,901.2,21,230,46
2014,8,4,15,-29.2,902.3,20,240,50
2014,8,4,18,-29.8,902.6,21,250,58
2014,8,4,21,-28.4,901.8,NA,230,60
2014,8,5,0,-27.7,900.4,NA,NA,60
2014,8,5,3,-25.5,902.1,NA,NA,60
2014,8,5,6,-25,901.4,NA,NA,49
2014,8,5,9,-25.3,903.1,NA,NA,64
2014,8,5,12,-25.3,905.3,51,NA,65
2014,8,5,15,-23.2,906.5,NA,240,62
2014,8,5,18,-24,907.8,NA,240,54
2014,8,5,21,-22.7,910.5,NA,240,54
2014,8,6,0,-23.3,912.7,NA,250,55
2014,8,6,3,-21.5,910,NA,240,40
2014,8,6,6,-20.8,910.2,NA,NA,47
2014,8,6,9,-20,909.1,NA,NA,36
2014,8,6,12,-19.7,908.9,NA,NA,40
2014,8,6,15,-18.1,907.2,NA,250,43
2014,8,6,18,-17.3,906.1,NA,240,41
2014,8,6,21,-16.8,907.2,NA,230,39
2014,8,7,0,-15.1,905.8,NA,250,42
2014,8,7,3,-17,905.1,NA,240,43
2014,8,7,6,-17.4,903.2,NA,240,72
2014,8,7,9,-16.8,898.6,NA,240,82
2014,8,7,12,-17,901.2,54,250,84
2014,8,7,15,-17,904.2,NA,240,85
2014,8,7,18,-16.1,901.6,NA,NA,85
2014,8,7,21,-16.7,904.4,NA,NA,83
2014,8,8,0,-16.5,903.9,NA,NA,86
2014,8,8,3,-15.8,905.2,NA,NA,83
2014,8,8,6,-15.5,908.5,NA,NA,85
2014,8,8,9,-15.8,909.2,NA,250,81
2014,8,8,12,-15.8,909.4,NA,240,72
2014,8,8,15,-14.7,908.9,NA,NA,43
2014,8,8,18,-14.7,908.2,NA,NA,45
2014,8,8,21,-17.3,909.3,NA,NA,71
2014,8,9,0,-18.6,910.2,NA,NA,61
2014,8,9,3,-16.5,910.2,NA,10,47
2014,8,9,6,-16,910.9,NA,230,39
2014,8,9,9,-16,912.4,NA,220,42
2014,8,9,12,-16.9,913.6,NA,240,40
2014,8,9,15,-17,914.1,NA,40,39
2014,8,9,18,-18.6,914.5,NA,20,44
2014,8,9,21,-17.4,914.8,NA,340,42
2014,8,10,0,-18.2,915.4,NA,270,43
2014,8,10,3,-17.9,915.5,NA,260,44
2014,8,10,6,-15.7,915.4,3,290,38
2014,8,10,9,-14.8,915.5,5,20,37
2014,8,10,12,-14.9,914.8,NA,20,37
2014,8,10,15,-16,914.1,NA,20,36
2014,8,10,18,-17.2,913.7,NA,10,34
2014,8,10,21,-19.2,914.2,NA,70,42
2014,8,11,0,-20.8,914.3,5,270,54
2014,8,11,3,-22.1,913.8,NA,230,75
2014,8,11,6,-25.2,913,NA,240,71
2014,8,11,9,-24.3,913.7,NA,250,71
2014,8,11,12,-23.6,914.5,NA,250,73
2014,8,11,15,-20.9,914.7,NA,250,77
2014,8,11,18,-21.3,914.5,NA,10,77
2014,8,11,21,-20.5,913.8,4,0,61
2014,8,12,0,-19,914,NA,10,43
2014,8,12,3,-16,914.3,2,290,34
2014,8,12,6,-16,915.1,2,260,32
2014,8,12,9,-17.3,915.3,2,30,35
2014,8,12,12,-18.2,915.7,1,20,35
2014,8,12,15,-21.9,915,NA,50,74
2014,8,12,18,-20,914.3,NA,80,78
2014,8,12,21,-19.4,913.7,NA,NA,80
2014,8,13,0,-19.9,912.8,NA,NA,80
2014,8,13,3,-21.1,912.3,NA,NA,78
2014,8,13,6,-22.6,911.4,NA,NA,75
2014,8,13,9,-22.6,911.2,NA,NA,76
2014,8,13,12,-22.1,911.8,NA,NA,76
2014,8,13,15,-21.5,911.7,NA,NA,77
2014,8,13,18,-21.6,914.1,21,240,77
2014,8,13,21,-22.6,915.3,NA,240,77
2014,8,14,0,-23.6,916.8,NA,NA,74
2014,8,14,3,-23.7,916.3,NA,NA,74
2014,8,14,6,-23.7,916.8,NA,NA,74
2014,8,14,9,-22.8,915.6,NA,240,59
2014,8,14,12,-23.1,913.1,NA,NA,74
2014,8,14,15,-23.4,911.6,NA,NA,75
2014,8,14,18,-22.3,910.4,NA,NA,74
2014,8,14,21,-24.3,911.6,NA,NA,75
2014,8,15,0,-23.2,909.7,NA,NA,75
2014,8,15,3,-23.7,912.1,NA,230,75
2014,8,15,6,-24.7,910.6,NA,NA,72
2014,8,15,9,-24.5,908.2,NA,NA,72
2014,8,15,12,-26.2,907,NA,NA,69
2014,8,15,15,-26.8,905.3,NA,NA,67
2014,8,15,18,-26.4,903.9,NA,NA,67
2014,8,15,21,-24.9,901.4,NA,NA,71
2014,8,16,0,-24.8,900,NA,170,70
2014,8,16,3,-23.6,898,3,280,73
2014,8,16,6,-23,895.4,NA,340,70
2014,8,16,9,-22.5,893.7,NA,20,53
2014,8,16,12,-18.5,892.4,NA,270,29
2014,8,16,15,-19.8,892.2,NA,250,29
2014,8,16,18,NA,893.1,NA,260,50
2014,8,16,21,-21.4,894.8,NA,240,35
2014,8,17,0,-23.3,895.7,13,240,45
2014,8,17,3,NA,895.8,15,220,65
2014,8,17,6,-26.5,895.7,NA,220,64
2014,8,17,9,-26.8,894.9,12,230,64
2014,8,17,12,-24.8,895,NA,240,64
2014,8,17,15,-25.5,894.6,NA,230,66
2014,8,17,18,-24.2,894.6,9,240,68
2014,8,17,21,-24.4,894.5,8,240,72
2014,8,18,0,-23.1,895,9,230,72
2014,8,18,3,-23.1,895.4,NA,230,73
2014,8,18,6,-21.9,895.6,NA,360,74
2014,8,18,9,-22.1,894.6,NA,10,56
2014,8,18,12,-21.3,893.4,NA,280,52
2014,8,18,15,-21,892.3,NA,20,33
2014,8,18,18,-22.1,892.1,NA,20,33
2014,8,18,21,-22.9,893.4,NA,30,42
2014,8,19,0,-24.3,894.3,NA,240,68
2014,8,19,3,-22.5,894,NA,240,72
2014,8,19,6,-25.5,893.1,NA,230,69
2014,8,19,9,-24.3,894.8,NA,230,71
2014,8,19,12,-23.9,896.6,NA,NA,68
2014,8,19,15,-24.2,898.4,52,NA,71
2014,8,19,18,-24.1,898,52,NA,71
2014,8,19,21,-24.4,898.3,54,230,70
2014,8,20,0,-24.3,899.6,NA,230,70
2014,8,20,3,-23.4,898.1,NA,240,72
2014,8,20,6,-23.8,898.4,NA,NA,71
2014,8,20,9,-23.8,898.3,NA,NA,71
2014,8,20,12,-22.1,902.4,NA,NA,58
2014,8,20,15,-21.5,903.6,NA,250,51
2014,8,20,18,-20.3,901.8,NA,240,42
2014,8,20,21,-19.8,904.5,NA,250,36
2014,8,21,0,-18.6,907,NA,250,37
2014,8,21,3,-19.7,907.4,NA,230,38
2014,8,21,6,-17.4,906.9,NA,240,31
2014,8,21,9,-19.6,909.7,NA,220,33
2014,8,21,12,-21,911,NA,240,58
2014,8,21,15,-20.2,912.2,NA,240,54
2014,8,21,18,-20.8,914.4,NA,270,63
2014,8,21,21,-21.8,915.8,NA,240,75
2014,8,22,0,-22.5,916.7,NA,230,73
2014,8,22,3,-23.9,917.6,16,250,69
2014,8,22,6,-23.2,918,NA,10,59
2014,8,22,9,-21.9,916.7,NA,350,48
2014,8,22,12,-21.9,915.5,NA,320,41
2014,8,22,15,-22.1,913.9,NA,240,37
2014,8,22,18,-22.2,912.6,NA,240,36
2014,8,22,21,-24.3,911.9,NA,250,35
2014,8,23,0,-22.9,912.2,NA,240,39
2014,8,23,3,-21.3,913.7,NA,60,31
2014,8,23,6,-21.9,912.7,NA,30,35
2014,8,23,9,-22.6,910.9,NA,10,30
2014,8,23,12,-22.3,910.1,NA,230,40
2014,8,23,15,-25.5,908.1,NA,240,48
2014,8,23,18,-21.6,909.3,NA,240,41
2014,8,23,21,-23.9,909.6,NA,250,48
2014,8,24,0,NA,910.5,NA,170,61
2014,8,24,3,-25.7,909.3,NA,40,67
2014,8,24,6,-27.7,908.9,NA,110,64
2014,8,24,9,-27.6,908.9,NA,240,63
2014,8,24,12,-29.2,908.4,NA,NA,62
2014,8,24,15,-29.5,910.5,NA,NA,61
2014,8,24,18,-29.9,910.7,NA,NA,59
2014,8,24,21,-26.9,912.1,NA,240,60
2014,8,25,0,NA,910.3,NA,NA,63
2014,8,25,3,-23.9,914.8,NA,NA,71
2014,8,25,6,-22.4,918,NA,NA,75
2014,8,25,9,-22.3,916.3,NA,230,76
2014,8,25,12,-20.3,913.4,NA,240,37
2014,8,25,15,-22.6,909.9,NA,240,67
2014,8,25,18,NA,908,NA,230,71
2014,8,25,21,-25.7,912.1,NA,NA,69
2014,8,26,0,-23.8,910,NA,NA,73
2014,8,26,3,-22.9,912.2,54,250,76
2014,8,26,6,-21.7,913.3,NA,240,79
2014,8,26,9,-21.3,913.4,53,250,80
2014,8,26,12,-19,914.3,NA,240,62
2014,8,26,15,-18.4,918.1,NA,230,34
2014,8,26,18,-21.4,919.6,NA,NA,39
2014,8,26,21,-21.6,920.7,NA,NA,50
2014,8,27,0,-21.4,922,NA,NA,70
2014,8,27,3,-23.1,920.2,NA,240,74
2014,8,27,6,-20.6,920.8,NA,240,51
2014,8,27,9,-22,922,NA,230,56
2014,8,27,12,-22.2,921,NA,250,54
2014,8,27,15,-23.5,917.9,NA,260,60
2014,8,27,18,-19.6,915.6,NA,210,31
2014,8,27,21,NA,911.6,NA,290,22
2014,8,28,0,-16.2,909.5,NA,250,19
2014,8,28,3,-18.6,911,NA,230,30
2014,8,28,6,-20,912.7,NA,230,81
2014,8,28,9,-21.4,914.3,NA,230,79
2014,8,28,12,-20.1,920.6,50,240,80
2014,8,28,15,-18.5,921.5,NA,240,70
2014,8,28,18,-17.2,922.9,NA,250,38
2014,8,28,21,-15.6,927,NA,NA,28
2014,8,29,0,-15.2,929.4,NA,NA,25
2014,8,29,3,-15.1,930.4,NA,NA,17
2014,8,29,6,-18.1,931.9,NA,240,35
2014,8,29,9,-19.8,931.3,NA,240,52
2014,8,29,12,-20.9,931.3,NA,40,78
2014,8,29,15,-21,929.5,NA,230,79
2014,8,29,18,-21.2,927.3,NA,230,78
2014,8,29,21,-21.7,924.9,NA,240,77
2014,8,30,0,-21.3,922.3,NA,210,77
2014,8,30,3,-18.5,919,NA,250,63
2014,8,30,6,-16.8,915,NA,240,49
2014,8,30,9,-15,914.1,NA,210,48
2014,8,30,12,-14.5,911.1,NA,230,86
2014,8,30,15,-16.8,910.1,NA,220,86
2014,8,30,18,-17.6,907.8,NA,230,84
2014,8,30,21,-16.3,907.6,NA,240,86
2014,8,31,0,-15.2,907.8,51,240,86
2014,8,31,3,-13.8,909.7,49,240,89
2014,8,31,6,-13.8,912.4,NA,230,89
2014,8,31,9,-13.2,910.5,NA,240,90
2014,8,31,12,-13.4,912.6,NA,240,90
2014,8,31,15,-14,912.8,NA,240,89
2014,8,31,18,-12.8,914.8,60,250,90
2014,8,31,21,-12.4,918.1,NA,240,91
2014,9,1,0,-12,NA,NA,230,92
2014,9,1,3,-11.8,926.8,NA,240,92
2014,9,1,6,-12.2,927.7,NA,240,92
2014,9,1,9,-12,928.4,NA,360,92
2014,9,1,12,-12.1,928.2,NA,NA,58
2014,9,1,15,-11.6,928.3,1,NA,66
2014,9,1,18,-14.2,928.3,NA,NA,85
2014,9,1,21,-13,928.2,NA,350,88
2014,9,2,0,-15.2,929.3,6,70,66
2014,9,2,3,-17.9,928.8,NA,70,80
2014,9,2,6,-18.1,927.7,NA,100,73
2014,9,2,9,-17.6,926.5,NA,240,65
2014,9,2,12,-16.8,923.7,NA,360,77
2014,9,2,15,-18.8,920.4,NA,50,73
2014,9,2,18,-21.4,918.6,NA,70,81
2014,9,2,21,-23.1,917.6,NA,140,78
2014,9,3,0,-23.3,916.8,NA,110,75
2014,9,3,3,-25.2,916,NA,220,73
2014,9,3,6,-26.2,915.2,NA,230,71
2014,9,3,9,-25.7,914.8,NA,240,71
2014,9,3,12,-24.8,915.5,NA,230,73
2014,9,3,15,-23.9,914.9,NA,250,74
2014,9,3,18,-23.3,914,20,240,75
2014,9,3,21,-22.4,913.7,16,240,75
2014,9,4,0,-20.6,912.1,NA,240,73
2014,9,4,3,-19.9,910.9,NA,250,74
2014,9,4,6,-18.2,908.9,NA,230,72
2014,9,4,9,-16.7,905.6,NA,240,85
2014,9,4,12,-17.1,902.7,NA,NA,86
2014,9,4,15,-17,901.7,NA,NA,85
2014,9,4,18,-17.6,903,54,NA,85
2014,9,4,21,-17.1,904,NA,NA,85
2014,9,5,0,-17.2,905.2,NA,NA,82
2014,9,5,3,-17.2,907.5,NA,230,86
2014,9,5,6,-15.5,908.6,NA,240,86
2014,9,5,9,-16.4,909.4,NA,230,83
2014,9,5,12,-16.7,910,NA,230,87
2014,9,5,15,-19,911.3,NA,240,84
2014,9,5,18,-18.3,912.8,NA,230,85
2014,9,5,21,-17.4,914.3,NA,290,86
2014,9,6,0,-20.8,915.9,NA,230,82
2014,9,6,3,-20.3,916.2,NA,240,81
2014,9,6,6,-18.6,914.5,NA,250,84
2014,9,6,9,-18.9,916.4,NA,240,77
2014,9,6,12,-20.1,920.9,NA,240,82
2014,9,6,15,-20.1,922.6,NA,220,82
2014,9,6,18,-19.7,922.6,NA,200,83
2014,9,6,21,-20.4,921.4,NA,230,82
2014,9,7,0,-22.2,920.4,NA,230,79
2014,9,7,3,-22,920.6,NA,210,80
2014,9,7,6,-21.9,919.6,NA,10,79
2014,9,7,9,-23.9,919.5,NA,260,76
2014,9,7,12,-23.5,919.8,NA,230,77
2014,9,7,15,-24.9,920.3,5,250,75
2014,9,7,18,-24.1,920.8,NA,280,76
2014,9,7,21,-25.1,921.7,NA,240,75
2014,9,8,0,-24.8,923,NA,230,75
2014,9,8,3,-26.1,923.6,NA,250,71
2014,9,8,6,-24,923.9,NA,60,75
2014,9,8,9,-25.7,924.5,NA,240,73
2014,9,8,12,-25.7,924.7,NA,260,72
2014,9,8,15,-24.5,924.9,NA,240,74
2014,9,8,18,-24.2,924.7,3,340,74
2014,9,8,21,-24.1,924.4,5,240,75
2014,9,9,0,-23,924.3,NA,240,69
2014,9,9,3,-21,923.1,NA,250,62
2014,9,9,6,-19.8,923,NA,250,56
2014,9,9,9,-18.8,922.6,25,240,48
2014,9,9,12,-17.8,921.2,25,240,54
2014,9,9,15,-15.9,920.5,NA,240,48
2014,9,9,18,-14.4,917.8,NA,230,43
2014,9,9,21,-13.6,916.7,NA,250,40
2014,9,10,0,-12.2,917.5,NA,270,40
2014,9,10,3,-13,915.3,NA,220,35
2014,9,10,6,-13.2,913.4,NA,250,32
2014,9,10,9,-14.3,913.7,NA,230,35
2014,9,10,12,-16.5,911.9,NA,230,52
2014,9,10,15,-15,908.7,NA,240,74
2014,9,10,18,-14.1,909.5,NA,250,79
2014,9,10,21,-16.4,913.5,NA,240,87
2014,9,11,0,-15,912.7,NA,240,78
2014,9,11,3,-15.3,914.4,NA,230,59
2014,9,11,6,-16.1,917.1,NA,230,85
2014,9,11,9,-18.2,917,NA,110,80
2014,9,11,12,-18.4,916.1,7,10,84
2014,9,11,15,-20.7,915.5,NA,60,82
2014,9,11,18,-20.3,914.7,5,40,81
2014,9,11,21,-20.9,914.3,4,30,81
2014,9,12,0,-21,914.7,2,360,80
2014,9,12,3,-18.4,915.2,NA,250,83
2014,9,12,6,NA,915.3,NA,250,36
2014,9,12,9,-14.2,915.6,NA,240,37
2014,9,12,12,-13.4,914.2,NA,240,42
2014,9,12,15,-14.1,915.7,NA,230,89
2014,9,12,18,-11.7,915.3,NA,250,70
2014,9,12,21,-11.7,917.4,NA,240,90
2014,9,13,0,-12.5,923.5,NA,230,91
2014,9,13,3,-13.3,926.4,NA,NA,91
2014,9,13,6,-12.5,927.2,NA,NA,91
2014,9,13,9,-12.5,929,NA,220,92
2014,9,13,12,-12.2,930.8,NA,220,92
2014,9,13,15,-12,931.5,NA,220,91
2014,9,13,18,-12.6,933.4,NA,190,90
2014,9,13,21,-13.1,933.4,NA,210,75
2014,9,14,0,-12.2,933,NA,220,65
2014,9,14,3,-10.7,932.6,NA,220,52
2014,9,14,6,-10.7,932.4,NA,220,45
2014,9,14,9,-9.4,931.7,NA,0,38
2014,9,14,12,-10,931.5,2,270,38
2014,9,14,15,-11.2,931.5,2,40,45
2014,9,14,18,-12.1,930.6,2,80,35
2014,9,14,21,-12.3,929.6,1,40,34
2014,9,15,0,-11.6,928.5,NA,0,34
2014,9,15,3,-14,927.4,3,220,39
2014,9,15,6,-15,926.3,NA,30,39
2014,9,15,9,-16.2,925.6,NA,240,40
2014,9,15,12,-18.3,925,NA,200,53
2014,9,15,15,-19.1,924.2,5,270,71
2014,9,15,18,-19.6,923.8,7,240,72
2014,9,15,21,-20,924,4,220,75
2014,9,16,0,-20,924.7,NA,210,NA
2014,9,16,3,-21.1,925,NA,230,71
2014,9,16,6,-20.7,924.9,NA,260,65
2014,9,16,9,-22.6,924.3,NA,240,75
2014,9,16,12,-22.4,924.3,NA,220,76
2014,9,16,15,-23.1,924.1,NA,220,76
2014,9,16,18,-23.4,924.2,NA,230,75
2014,9,16,21,-23.7,925.9,NA,230,74
2014,9,17,0,-26.1,925.7,20,240,71
2014,9,17,3,-26.9,925.7,NA,240,69
2014,9,17,6,-27.6,925.9,NA,230,67
2014,9,17,9,-28.1,926.6,NA,230,66
2014,9,17,12,-28.7,927.2,NA,230,65
2014,9,17,15,-28.7,928.7,NA,NA,63
2014,9,17,18,-28.8,930.3,NA,NA,64
2014,9,17,21,-29.3,932.1,NA,NA,63
2014,9,18,0,-28.6,933.9,NA,230,58
2014,9,18,3,-27.4,934.5,NA,230,58
2014,9,18,6,-27,934.6,NA,240,52
2014,9,18,9,-27.3,935.4,NA,230,49
2014,9,18,12,-27.2,935.2,NA,NA,56
2014,9,18,15,-26.6,934.7,33,NA,59
2014,9,18,18,-25.7,935.4,32,NA,54
2014,9,18,21,-24.9,934.7,31,NA,52
2014,9,19,0,-23.8,933.4,NA,240,50
2014,9,19,3,-22.7,932.4,NA,240,49
2014,9,19,6,-22.3,932,NA,240,54
2014,9,19,9,-23,932.1,NA,250,67
2014,9,19,12,-22.8,929.9,NA,20,54
2014,9,19,15,-23.3,928.2,NA,350,65
2014,9,19,18,-23.6,927.4,7,30,74
2014,9,19,21,-23,927.2,NA,10,74
2014,9,20,0,-22.8,927,NA,40,76
2014,9,20,3,-22.4,926.6,2,110,77
2014,9,20,6,-23.6,926.4,5,20,76
2014,9,20,9,-24.1,926.3,4,30,74
2014,9,20,12,-24.7,925.7,NA,10,72
2014,9,20,15,-24.6,925.9,NA,260,73
2014,9,20,18,-22.8,925.4,NA,260,73
2014,9,20,21,-22.5,924.7,5,170,47
2014,9,21,0,-23.4,923.4,NA,240,45
2014,9,21,3,-21.3,922.6,NA,230,37
2014,9,21,6,-21.9,921.1,NA,220,33
2014,9,21,9,-21.3,920,NA,20,30
2014,9,21,12,-21.2,919,NA,320,25
2014,9,21,15,-21.4,918.3,NA,330,27
2014,9,21,18,-20.5,917,1,300,29
2014,9,21,21,-18.5,915.6,4,320,25
2014,9,22,0,-19,914.6,NA,30,29
2014,9,22,3,-18.3,913.4,4,360,27
2014,9,22,6,-18.9,912.4,NA,230,27
2014,9,22,9,-19.6,912.9,2,210,27
2014,9,22,12,-20.6,914.5,NA,260,30
2014,9,22,15,-20.5,915.3,NA,250,33
2014,9,22,18,-19,916.1,NA,240,42
2014,9,22,21,-19.3,914.5,NA,240,81
2014,9,23,0,-18.5,917.6,NA,250,81
2014,9,23,3,-16.2,918.2,NA,270,48
2014,9,23,6,-17.2,917.5,NA,250,50
2014,9,23,9,-15.2,916.6,NA,240,31
2014,9,23,12,-12.3,910.6,NA,240,59
2014,9,23,15,-12.3,913.4,NA,250,71
2014,9,23,18,-13.4,914.6,NA,240,77
2014,9,23,21,-11.8,915.3,NA,230,55
2014,9,24,0,-14.7,915.6,NA,240,59
2014,9,24,3,-15.1,916.6,NA,220,60
2014,9,24,6,-16,915.7,NA,250,79
2014,9,24,9,-17,918.5,NA,240,84
2014,9,24,12,-18.9,922.4,NA,240,84
2014,9,24,15,-19.1,924.3,NA,250,83
2014,9,24,18,-18.6,926.1,NA,270,84
2014,9,24,21,-19.3,926.9,NA,110,83
2014,9,25,0,-19.6,926.7,5,50,83
2014,9,25,3,-21.7,927.6,6,270,81
2014,9,25,6,-22.7,927.9,NA,230,79
2014,9,25,9,-23.1,927.8,NA,240,77
2014,9,25,12,-22.3,927.6,NA,250,79
2014,9,25,15,-22.2,926.9,26,240,78
2014,9,25,18,-21.8,926.6,NA,250,73
2014,9,25,21,-22.8,925.6,NA,250,61
2014,9,26,0,-23.3,924.4,NA,260,62
2014,9,26,3,-20.8,923.4,NA,10,52
2014,9,26,6,-22.7,922.3,NA,30,51
2014,9,26,9,-23.8,921.5,NA,30,70
2014,9,26,12,-24.3,921,6,20,74
2014,9,26,15,-23.8,921.2,2,70,74
2014,9,26,18,-24.8,921.9,6,260,72
2014,9,26,21,-25,923.1,5,250,71
2014,9,27,0,-24.5,923.9,2,200,72
2014,9,27,3,-24.3,924.5,2,70,73
2014,9,27,6,-24.6,924.6,3,80,72
2014,9,27,9,-25,924.6,5,30,71
2014,9,27,12,-25.4,923.8,NA,50,70
2014,9,27,15,-25.4,922.9,NA,20,70
2014,9,27,18,-26.9,922.2,6,10,67
2014,9,27,21,-25.4,921.5,NA,50,68
2014,9,28,0,-24.7,921.7,3,270,72
2014,9,28,3,-23.6,922.3,2,240,77
2014,9,28,6,-24.1,923.1,4,250,76
2014,9,28,9,-24.4,924.3,3,240,46
2014,9,28,12,-24.7,924.5,3,10,52
2014,9,28,15,-21.6,924.9,3,340,40
2014,9,28,18,-21.2,924.9,1,40,30
2014,9,28,21,-20.4,924,NA,0,26
2014,9,29,0,-19.7,923,NA,40,29
2014,9,29,3,-20.2,921.1,NA,20,31
2014,9,29,6,-21.1,920.3,NA,10,31
2014,9,29,9,-22,922.1,NA,20,56
2014,9,29,12,-23.5,924.1,NA,360,75
2014,9,29,15,-23.6,926.3,NA,10,74
2014,9,29,18,-21.9,928.1,NA,20,79
2014,9,29,21,-21.3,929.4,NA,40,48
2014,9,30,0,-21.6,929.5,NA,270,NA
2014,9,30,3,-19.4,928.9,NA,260,38
2014,9,30,6,-19,928,NA,320,35
2014,9,30,9,-19.8,927.1,NA,NA,32
2014,9,30,12,-18.5,925.6,3,30,29
2014,9,30,15,-18,924.5,NA,20,31
2014,9,30,18,-16.6,923.2,3,300,42
2014,9,30,21,-16.3,922.2,NA,20,38
2014,10,1,0,-14.6,921.8,NA,20,42
2014,10,1,3,-13.8,921.4,NA,20,31
2014,10,1,6,-13.6,920.5,2,350,38
2014,10,1,9,-14.2,920.1,NA,10,36
2014,10,1,12,-14.3,919.6,6,20,37
2014,10,1,15,-15.3,919.1,8,10,42
2014,10,1,18,-15.8,919.3,7,20,39
2014,10,1,21,-15.8,919.4,NA,350,40
2014,10,2,0,-15.3,919.8,NA,0,39
2014,10,2,3,-15.3,920.2,4,20,34
2014,10,2,6,-14.4,920.7,1,270,34
2014,10,2,9,-13.9,921.6,1,280,30
2014,10,2,12,-14.4,922.1,1,40,32
2014,10,2,15,-15.8,922.3,NA,NA,38
2014,10,2,18,-15.6,922.1,1,20,30
2014,10,2,21,-15.7,921.8,3,10,35
2014,10,3,0,-14.4,921.2,2,20,33
2014,10,3,3,-15.5,920.2,1,290,36
2014,10,3,6,NA,919.5,NA,30,41
2014,10,3,9,-19,918.7,NA,10,79
2014,10,3,12,-17.8,918.1,NA,40,83
2014,10,3,15,-18.7,917.7,NA,0,84
2014,10,3,18,-19.8,917.1,NA,NA,84
2014,10,3,21,-18.5,916.3,NA,250,83
2014,10,4,0,NA,914.6,NA,250,NA
2014,10,4,3,-18.8,912.6,NA,230,82
2014,10,4,6,-19.2,910,NA,230,83
2014,10,4,9,-18.9,908.5,NA,NA,83
2014,10,4,12,-19.3,904,NA,NA,83
2014,10,4,15,-19.7,904.2,NA,NA,83
2014,10,4,18,-19.7,903.1,NA,NA,83
2014,10,4,21,-19.7,902.8,NA,240,83
2014,10,5,0,-18.4,903.2,NA,240,85
2014,10,5,3,-18.1,902.4,NA,240,85
2014,10,5,6,-17.6,901.7,NA,NA,86
2014,10,5,9,-17.1,901.1,NA,NA,87
2014,10,5,12,-17.3,899.3,NA,240,87
2014,10,5,15,-16.8,898.4,NA,NA,87
2014,10,5,18,-17.7,897.9,NA,NA,87
2014,10,5,21,-16.7,896.8,56,NA,87
2014,10,6,0,-17.4,897.8,NA,NA,86
2014,10,6,3,-15.8,896.6,NA,NA,88
2014,10,6,6,-15.6,897.7,NA,230,84
2014,10,6,9,-18.4,898.6,NA,230,86
2014,10,6,12,-14.6,897.7,NA,240,71
2014,10,6,15,-13.9,898.4,NA,240,49
2014,10,6,18,-14.3,900.2,NA,250,48
2014,10,6,21,-15.4,901.1,NA,260,53
2014,10,7,0,-14.6,901.6,NA,80,63
2014,10,7,3,-15,902.1,NA,50,80
2014,10,7,6,-15.6,902.6,NA,30,87
2014,10,7,9,-15.9,903.3,5,330,52
2014,10,7,12,-15.9,904.5,NA,350,48
2014,10,7,15,-15.6,905.6,2,20,43
2014,10,7,18,-15.4,906.4,NA,20,38
2014,10,7,21,NA,906.7,NA,40,69
2014,10,8,0,-14.9,906.6,NA,90,47
2014,10,8,3,-15.2,906.8,NA,210,46
2014,10,8,6,-13.3,906.4,NA,230,38
2014,10,8,9,-14.8,906.3,NA,200,49
2014,10,8,12,-15.1,904.9,NA,290,50
2014,10,8,15,-16.6,903.3,NA,220,58
2014,10,8,18,-17.2,901,NA,240,80
2014,10,8,21,-17,899.7,NA,230,81
2014,10,9,0,-17.1,899.6,NA,230,84
2014,10,9,3,-17.3,902.2,NA,250,85
2014,10,9,6,-16.9,903.4,NA,60,86
2014,10,9,9,-16.5,903.9,NA,0,86
2014,10,9,12,-16.2,904.1,NA,0,87
2014,10,9,15,-16.4,903.7,1,50,87
2014,10,9,18,-16.5,903.1,4,50,86
2014,10,9,21,-17.2,903.2,5,20,86
2014,10,10,0,-16.7,903.5,5,20,86
2014,10,10,3,-16.4,903.5,NA,300,87
2014,10,10,6,-16.9,903.7,2,290,87
2014,10,10,9,-17.8,905.4,1,210,86
2014,10,10,12,-16.8,906.8,1,250,86
2014,10,10,15,-17.1,907,3,300,86
2014,10,10,18,-16.8,907.5,4,240,85
2014,10,10,21,-19.3,907.4,NA,250,85
2014,10,11,0,-15.8,908,NA,260,87
2014,10,11,3,-16.9,906.1,NA,230,87
2014,10,11,6,-16.5,905.4,NA,210,87
2014,10,11,9,-19.2,903.3,NA,260,84
2014,10,11,12,-18.9,904.1,6,250,84
2014,10,11,15,-19.4,906.3,6,250,83
2014,10,11,18,-19.6,908.4,6,240,83
2014,10,11,21,-19.1,909.6,NA,260,83
2014,10,12,0,-18.8,909.6,4,240,85
2014,10,12,3,-18.4,909.2,5,220,85
2014,10,12,6,-19.1,909.1,4,220,84
2014,10,12,9,-19.6,909.8,3,230,83
2014,10,12,12,-19.3,910,NA,0,83
2014,10,12,15,-19.5,908.2,4,30,83
2014,10,12,18,-19.6,906,4,50,83
2014,10,12,21,-18.7,903.8,4,50,84
2014,10,13,0,-20.1,NA,3,260,82
2014,10,13,3,-19.3,899.5,5,240,83
2014,10,13,6,-22.8,897.7,NA,230,79
2014,10,13,9,-23.8,898.3,6,230,77
2014,10,13,12,-24.1,899.1,5,230,76
2014,10,13,15,-24.6,898.8,8,240,75
2014,10,13,18,-25.4,898.6,NA,230,74
2014,10,13,21,-25.4,898.3,NA,240,74
2014,10,14,0,-24.1,896.1,NA,NA,75
2014,10,14,3,-23.6,892.5,NA,NA,77
2014,10,14,6,-22.9,891.8,NA,NA,78
2014,10,14,9,-22,890.1,NA,250,79
2014,10,14,12,-21.6,886.8,NA,250,80
2014,10,14,15,-21.1,889.6,NA,240,81
2014,10,14,18,-20.4,889.8,NA,NA,82
2014,10,14,21,-19.9,892.9,NA,NA,82
2014,10,15,0,-18.9,895,NA,NA,83
2014,10,15,3,-19.4,894.5,NA,230,83
2014,10,15,6,-19.4,898.3,NA,NA,83
2014,10,15,9,-19.6,899.5,NA,NA,83
2014,10,15,12,-19.4,903,NA,NA,76
2014,10,15,15,-20.9,903.9,NA,230,81
2014,10,15,18,-22.6,904.1,NA,230,79
2014,10,15,21,-21.8,904.8,NA,250,79
2014,10,16,0,-24.9,904.2,NA,240,76
2014,10,16,3,-25.5,903.9,NA,240,75
2014,10,16,6,-26.2,903.4,NA,260,73
2014,10,16,9,-27.4,903.4,NA,270,73
2014,10,16,12,-27,903.3,NA,220,71
2014,10,16,15,-27.2,903.3,NA,30,71
2014,10,16,18,-27.3,902.8,3,30,71
2014,10,16,21,-25.9,902.2,3,60,73
2014,10,17,0,-25.7,901.7,4,350,74
2014,10,17,3,-24.5,901.2,NA,0,76
2014,10,17,6,-26.1,900.9,NA,260,74
2014,10,17,9,-25.7,900.9,4,200,73
2014,10,17,12,-24.1,901,NA,230,76
2014,10,17,15,-21.8,900.2,NA,240,NA
2014,10,17,18,-19.8,899,NA,240,80
2014,10,17,21,-19.4,898.5,NA,240,83
2014,10,18,0,-18.5,898.7,NA,250,79
2014,10,18,3,-18.1,900.3,NA,240,68
2014,10,18,6,-18,901.4,NA,240,46
2014,10,18,9,-17.3,900,NA,250,34
2014,10,18,12,-18,899,NA,240,42
2014,10,18,15,-19.1,899.4,NA,240,83
2014,10,18,18,-19.1,898.3,NA,240,72
2014,10,18,21,-18.6,897.7,NA,230,59
2014,10,19,0,-17.5,896.8,NA,240,53
2014,10,19,3,-17.3,895.2,NA,240,54
2014,10,19,6,-17.8,892.9,NA,330,55
2014,10,19,9,-16.9,890.6,NA,10,33
2014,10,19,12,-16.2,888.7,NA,340,23
2014,10,19,15,-17.1,887.5,NA,280,26
2014,10,19,18,-16.2,886.8,NA,280,27
2014,10,19,21,-14.5,887.3,4,230,24
2014,10,20,0,-13.1,888.2,NA,230,NA
2014,10,20,3,-14.1,885.7,NA,240,90
2014,10,20,6,-16.8,892.8,NA,230,88
2014,10,20,9,-18.3,894.6,NA,250,86
2014,10,20,12,-19.4,893.7,NA,240,84
2014,10,20,15,-19.4,895.2,NA,NA,84
2014,10,20,18,-19.6,900.4,NA,NA,84
2014,10,20,21,-19.7,906.8,NA,NA,84
2014,10,21,0,-19.2,908.1,NA,250,76
2014,10,21,3,-18.3,908.4,NA,250,70
2014,10,21,6,-17.3,909.9,NA,240,47
2014,10,21,9,-17.1,910.1,NA,220,43
2014,10,21,12,-16.5,910,NA,230,45
2014,10,21,15,-17.3,909.9,NA,240,54
2014,10,21,18,-16.9,910.1,NA,230,57
2014,10,21,21,-15.3,908.8,NA,230,47
2014,10,22,0,-16.9,908.8,NA,230,86
2014,10,22,3,-18.3,909.8,NA,220,85
2014,10,22,6,-18.5,910.2,NA,230,85
2014,10,22,9,-18.4,910.9,NA,240,85
2014,10,22,12,-17.9,912.5,NA,240,79
2014,10,22,15,-18.1,913.6,NA,220,75
2014,10,22,18,-17.7,913.2,NA,220,67
2014,10,22,21,-17.2,913.3,NA,220,53
2014,10,23,0,-17.1,913.6,NA,290,53
2014,10,23,3,-15.8,912.8,NA,360,77
2014,10,23,6,-14.8,912.2,5,340,37
2014,10,23,9,-15.6,911.2,2,290,34
2014,10,23,12,-15.7,910.5,5,260,32
2014,10,23,15,-14.7,909.2,NA,220,26
2014,10,23,18,-13.3,908.9,NA,230,29
2014,10,23,21,-14.9,909.2,NA,220,28
2014,10,24,0,-14.6,909.4,NA,240,79
2014,10,24,3,-14.1,910.1,16,230,80
2014,10,24,6,-14.1,909.2,NA,240,87
2014,10,24,9,-15,908.9,NA,240,89
2014,10,24,12,-14.7,910.6,28,240,87
2014,10,24,15,-18.4,913.2,NA,310,85
2014,10,24,18,-18.7,913.2,NA,220,85
2014,10,24,21,-17.7,912.5,NA,220,86
2014,10,25,0,-15.7,912.7,NA,240,87
2014,10,25,3,-15.3,914.4,35,230,89
2014,10,25,6,-14.6,915.3,NA,240,89
2014,10,25,9,-15.2,916.3,NA,230,78
2014,10,25,12,-12.6,915,NA,250,84
2014,10,25,15,-13.3,914.3,NA,230,91
2014,10,25,18,-12.7,911.7,NA,240,92
2014,10,25,21,-12.2,913,NA,240,91
2014,10,26,0,-11.2,912.3,NA,240,88
2014,10,26,3,-14.8,912.1,NA,230,90
2014,10,26,6,-15.9,913.9,60,240,88
2014,10,26,9,-15.5,915.9,NA,NA,89
2014,10,26,12,-14,916.5,59,NA,87
2014,10,26,15,-14.1,920.1,NA,230,88
2014,10,26,18,-12.6,917.8,NA,NA,91
2014,10,26,21,-12.1,917.9,NA,NA,84
2014,10,27,0,-13.3,919.8,NA,NA,91
2014,10,27,3,-16.6,921.9,NA,220,88
2014,10,27,6,-14.1,923.7,NA,250,85
2014,10,27,9,-12.5,923.1,NA,250,89
2014,10,27,12,-14.6,927,NA,230,78
2014,10,27,15,NA,923.6,NA,240,39
2014,10,27,18,-9.9,923.3,NA,250,40
2014,10,27,21,-12.3,925.2,NA,230,61
2014,10,28,0,-12.9,925.6,NA,250,52
2014,10,28,3,-12.5,925.8,23,230,53
2014,10,28,6,-12.5,925.8,NA,240,57
2014,10,28,9,-10.9,926.7,NA,230,39
2014,10,28,12,-11.8,927.4,NA,240,37
2014,10,28,15,-11.2,928,NA,230,30
2014,10,28,18,-12.3,929,NA,220,34
2014,10,28,21,-14.5,929.4,10,240,49
2014,10,29,0,-11.4,931.4,NA,80,38
2014,10,29,3,-14.5,931.5,NA,270,49
2014,10,29,6,NA,931.5,NA,250,62
2014,10,29,9,-15.9,931.7,NA,310,76
2014,10,29,12,-16.8,931.6,NA,60,60
2014,10,29,15,-17.9,930.6,NA,NA,69
2014,10,29,18,-17.2,930.4,1,40,81
2014,10,29,21,-16,930.1,1,300,83
2014,10,30,0,-16.7,929.8,3,140,81
2014,10,30,3,-15.4,929.4,2,90,81
2014,10,30,6,-15.8,928.3,3,90,86
2014,10,30,9,-17.2,927.9,2,70,87
2014,10,30,12,-17.7,927.2,NA,270,86
2014,10,30,15,-17.4,926.2,NA,100,86
2014,10,30,18,-18.1,925.3,3,110,86
2014,10,30,21,-17.4,925,NA,70,86
2014,10,31,0,-17.1,925,NA,70,87
2014,10,31,3,-17,924.9,10,70,87
2014,10,31,6,-17.4,925,8,40,86
2014,10,31,9,-17.5,925.2,NA,20,86
2014,10,31,12,-17.7,926,NA,20,85
2014,10,31,15,-17.1,926.3,NA,30,85
2014,10,31,18,-17,926.7,NA,60,87
2014,10,31,21,-16.9,926.3,8,60,87
2014,11,1,0,-16.4,924.9,9,60,87
2014,11,1,3,-16.2,922.7,5,70,88
2014,11,1,6,-15.7,920.6,NA,60,88
2014,11,1,9,-15.9,918,NA,10,88
2014,11,1,12,-16,915.5,1,30,88
2014,11,1,15,-16.4,913.6,3,260,84
2014,11,1,18,-15.5,912.6,NA,250,67
2014,11,1,21,-17,912,NA,240,59
2014,11,2,0,-16.8,912.1,NA,240,88
2014,11,2,3,-16.7,911.8,NA,230,87
2014,11,2,6,-17,912.1,NA,230,87
2014,11,2,9,-17.3,912.5,NA,230,87
2014,11,2,12,-17,914.4,NA,240,87
2014,11,2,15,-17,915.8,40,240,86
2014,11,2,18,-16.4,917.6,42,230,85
2014,11,2,21,-15.8,920.3,NA,230,88
2014,11,3,0,-15.4,921.9,NA,240,82
2014,11,3,3,-15.2,924,NA,230,83
2014,11,3,6,-16.3,924.1,NA,230,88
2014,11,3,9,-15.7,925,22,230,64
2014,11,3,12,-17.6,925.8,NA,240,81
2014,11,3,15,-16.3,926,NA,250,50
2014,11,3,18,-16.1,926.5,NA,240,51
2014,11,3,21,-14,926.7,NA,290,42
2014,11,4,0,-14.3,926.5,NA,120,50
2014,11,4,3,-13.7,926.1,3,80,62
2014,11,4,6,-15,926.2,6,40,50
2014,11,4,9,-16.2,926,4,30,50
2014,11,4,12,-16.8,925.3,NA,20,37
2014,11,4,15,-15.7,924.2,NA,20,38
2014,11,4,18,-14.6,923.5,NA,40,45
2014,11,4,21,-14.5,922.9,NA,40,45
2014,11,5,0,-15.1,922.7,NA,30,53
2014,11,5,3,-16.2,922.8,NA,60,73
2014,11,5,6,-16.1,923.5,NA,70,86
2014,11,5,9,-16.3,924,NA,270,75
2014,11,5,12,-16.7,924,NA,10,71
2014,11,5,15,-16.5,924.3,NA,230,52
2014,11,5,18,-16,924.7,NA,230,49
2014,11,5,21,-15.1,925.5,7,220,47
2014,11,6,0,-15.2,926.2,8,230,45
2014,11,6,3,-13.7,926.9,NA,230,41
2014,11,6,6,-12.7,928,NA,30,40
2014,11,6,9,-13.1,928.7,2,330,31
2014,11,6,12,-12.5,929.3,NA,360,26
2014,11,6,15,-13.3,929.4,NA,20,26
2014,11,6,18,-12.2,930,NA,50,28
2014,11,6,21,-11.8,930.6,NA,120,31
2014,11,7,0,-12.6,930.9,2,80,41
2014,11,7,3,-13.4,931.5,3,240,48
2014,11,7,6,-14.6,931.9,NA,230,77
2014,11,7,9,-14.9,932.3,NA,230,88
2014,11,7,12,-16.4,932.6,NA,240,88
2014,11,7,15,-16.5,932.7,NA,230,81
2014,11,7,18,-17.1,932.6,3,260,87
2014,11,7,21,-14.7,932.2,2,100,88
2014,11,8,0,-13.9,931.4,6,50,NA
2014,11,8,3,-12.8,930.8,3,20,45
2014,11,8,6,-11.7,930,4,350,40
2014,11,8,9,-12.8,929.2,3,10,31
2014,11,8,12,-13.4,928.2,2,360,29
2014,11,8,15,-12.8,927.2,3,20,25
2014,11,8,18,-13,926.6,NA,40,33
2014,11,8,21,-11.4,926.5,NA,70,44
2014,11,9,0,-10.5,926.3,NA,70,42
2014,11,9,3,-12,926.2,NA,50,37
2014,11,9,6,-10.5,926.1,NA,0,28
2014,11,9,9,-11.8,926.2,NA,10,32
2014,11,9,12,-11.3,926,2,10,25
2014,11,9,15,-11.4,925.8,NA,0,26
2014,11,9,18,-10.6,925.9,1,240,35
2014,11,9,21,-10.5,926.1,1,220,32
2014,11,10,0,-11.3,926.3,3,230,NA
2014,11,10,3,-12.8,926.7,2,100,86
2014,11,10,6,-13.5,927.1,3,70,91
2014,11,10,9,-13.9,927.4,2,40,91
2014,11,10,12,-14,927.9,1,30,91
2014,11,10,15,-13.7,928,1,250,85
2014,11,10,18,-13.4,928.2,3,20,79
2014,11,10,21,-12.8,928.5,2,220,81
2014,11,11,0,-12.2,928.5,NA,230,64
2014,11,11,3,-11.4,928.3,5,210,54
2014,11,11,6,-11.5,928,5,220,59
2014,11,11,9,-13.3,928.1,4,190,85
2014,11,11,12,-13.1,927.9,NA,230,91
2014,11,11,15,-13.1,927.5,NA,250,91
2014,11,11,18,-13,927.5,NA,140,91
2014,11,11,21,-12.5,927.8,4,220,88
2014,11,12,0,-12.8,928.3,NA,230,62
2014,11,12,3,-12.4,928.7,7,250,82
2014,11,12,6,-12.2,929.3,NA,250,74
2014,11,12,9,-12.7,929.6,NA,270,67
2014,11,12,12,-13.2,929.4,NA,NA,65
2014,11,12,15,-14.6,929,NA,40,75
2014,11,12,18,-12.8,928.9,3,360,89
2014,11,12,21,-12.6,929,5,120,86
2014,11,13,0,-12.9,928.8,2,220,86
2014,11,13,3,-12.4,928.1,4,190,82
2014,11,13,6,-12.7,927.5,5,210,85
2014,11,13,9,-13.5,927.1,4,230,88
2014,11,13,12,-14.3,926,3,210,87
2014,11,13,15,-14.2,924.9,1,220,89
2014,11,13,18,-14.8,924.5,4,130,90
2014,11,13,21,-14.3,924.3,NA,130,90
2014,11,14,0,-14.1,924,3,170,90
2014,11,14,3,-14.2,923.2,NA,230,89
2014,11,14,6,-14.9,922.7,NA,240,89
2014,11,14,9,-14,921.6,NA,240,85
2014,11,14,12,-14.2,921.9,NA,240,65
2014,11,14,15,-14.8,920.8,NA,210,69
2014,11,14,18,-14,919.7,NA,200,70
2014,11,14,21,-13.1,918.1,NA,250,55
2014,11,15,0,-12.7,916.4,NA,80,82
2014,11,15,3,-13.5,914.6,NA,40,61
2014,11,15,6,-14.3,912.9,NA,10,74
2014,11,15,9,-14.2,911.8,NA,40,67
2014,11,15,12,-15.2,910.9,NA,10,76
2014,11,15,15,-14.7,910.6,NA,60,83
2014,11,15,18,-13.7,911.3,NA,160,78
2014,11,15,21,-13.7,913.5,NA,230,75
2014,11,16,0,-13.2,915.3,2,230,NA
2014,11,16,3,-12.8,917.4,4,90,88
2014,11,16,6,-12.9,919,2,250,91
2014,11,16,9,-14.4,920.6,4,70,90
2014,11,16,12,-15.4,921.9,2,120,90
2014,11,16,15,-16.5,922.9,NA,230,88
2014,11,16,18,-15.2,923.7,NA,NA,88
2014,11,16,21,-15.2,923.7,NA,NA,88
2014,11,17,0,-15.2,924.4,NA,NA,89
2014,11,17,3,-15.9,925.4,NA,NA,88
2014,11,17,6,-15.1,926.2,NA,220,89
2014,11,17,9,-15,925.6,NA,220,89
2014,11,17,12,-14.5,926.6,NA,230,84
2014,11,17,15,-15.2,926.5,NA,230,89
2014,11,17,18,-15,926.6,NA,230,90
2014,11,17,21,-13.5,925.7,NA,240,91
2014,11,18,0,-13.7,924,6,30,91
2014,11,18,3,-13.7,922.3,NA,50,91
2014,11,18,6,-14.5,920.8,NA,30,90
2014,11,18,9,-14.5,919.7,NA,10,90
2014,11,18,12,-14.4,919.6,NA,40,91
2014,11,18,15,-14.7,919.6,NA,30,90
2014,11,18,18,-14.1,920,NA,0,91
2014,11,18,21,-14.1,920.2,4,250,91
2014,11,19,0,-13.9,920.4,NA,130,91
2014,11,19,3,-12.6,920.5,3,100,92
2014,11,19,6,-13.4,920.9,5,190,88
2014,11,19,9,-13.7,921.7,3,280,91
2014,11,19,12,-14.2,922.5,NA,250,74
2014,11,19,15,-15.2,923.3,NA,210,67
2014,11,19,18,-14.9,924.6,NA,220,77
2014,11,19,21,-15,925.3,NA,230,74
2014,11,20,0,-13.5,925.2,NA,240,89
2014,11,20,3,-13.4,925.6,NA,230,90
2014,11,20,6,-13.5,928,NA,240,89
2014,11,20,9,-13.5,928.6,NA,240,90
2014,11,20,12,-13.7,928.2,NA,230,90
2014,11,20,15,-15.4,929,NA,240,89
2014,11,20,18,-14.9,928.8,NA,230,90
2014,11,20,21,-14.5,928.1,NA,230,90
2014,11,21,0,-13.9,927,NA,220,87
2014,11,21,3,-13.6,926.1,NA,230,90
2014,11,21,6,-13.1,924.9,NA,120,69
2014,11,21,9,-14.2,923.5,NA,60,81
2014,11,21,12,-13.4,922.6,NA,NA,63
2014,11,21,15,-14.1,921.8,1,40,65
2014,11,21,18,-12.3,921.4,2,90,67
2014,11,21,21,-13.3,921.7,3,250,79
2014,11,22,0,-12.4,921.6,3,230,49
2014,11,22,3,-12.7,921.8,3,230,58
2014,11,22,6,-12,921.6,NA,230,55
2014,11,22,9,-12,921.7,NA,250,38
2014,11,22,12,-12.3,921.2,NA,250,36
2014,11,22,15,-11.8,920.6,7,270,33
2014,11,22,18,-10.6,920.3,NA,220,32
2014,11,22,21,-10,920.3,NA,220,25
2014,11,23,0,-9.5,920.3,NA,230,29
2014,11,23,3,-9.7,920,NA,240,35
2014,11,23,6,-10.8,919.8,NA,220,42
2014,11,23,9,-11.4,920.4,11,230,40
2014,11,23,12,-12.2,920.3,14,250,38
2014,11,23,15,-10.8,920.3,11,250,33
2014,11,23,18,-10.2,919.9,13,250,36
2014,11,23,21,-10.1,920.6,NA,230,39
2014,11,24,0,-8.9,920.1,NA,250,44
2014,11,24,3,-8.5,919.7,5,240,41
2014,11,24,6,-8.4,919.3,5,250,44
2014,11,24,9,-9.7,919.3,NA,240,52
2014,11,24,12,-10.5,918.6,NA,NA,55
2014,11,24,15,-10.3,917,NA,NA,60
2014,11,24,18,-10.3,917.5,NA,NA,92
2014,11,24,21,-9.6,914.9,NA,NA,93
2014,11,25,0,-9.5,918.1,NA,NA,91
2014,11,25,3,-9.2,919.2,NA,NA,87
2014,11,25,6,-9.3,919,NA,250,91
2014,11,25,9,-9.5,921.4,NA,250,84
2014,11,25,12,-8.7,922.4,NA,250,62
2014,11,25,15,-9.7,922.5,NA,230,71
2014,11,25,18,-8.2,922.5,NA,280,65
2014,11,25,21,-7.9,923.3,NA,240,59
2014,11,26,0,-7.4,923.4,6,240,56
2014,11,26,3,-8,923.5,8,250,65
2014,11,26,6,-6.4,923.9,NA,260,51
2014,11,26,9,-8.8,924.1,NA,240,77
2014,11,26,12,-9.3,924.1,3,30,58
2014,11,26,15,-9.6,923.6,NA,360,66
2014,11,26,18,-8.4,923.6,NA,10,54
2014,11,26,21,-7.1,924,NA,100,80
2014,11,27,0,-8.4,924.1,2,130,89
2014,11,27,3,-7.4,924.2,NA,80,95
2014,11,27,6,-9.1,924.6,NA,30,93
2014,11,27,9,-9.1,925.4,NA,340,93
2014,11,27,12,-9.7,925.7,NA,260,93
2014,11,27,15,-10.1,925.8,3,250,94
2014,11,27,18,-10.5,926.2,NA,260,94
2014,11,27,21,-10.4,927.2,5,240,94
2014,11,28,0,-9.7,928,4,250,94
2014,11,28,3,-9.7,928.3,5,250,94
2014,11,28,6,-9.4,929.1,3,250,94
2014,11,28,9,-9.8,930.1,1,210,94
2014,11,28,12,-10.6,930.4,2,230,94
2014,11,28,15,-11.1,930.6,4,270,94
2014,11,28,18,-9.3,930.7,3,80,94
2014,11,28,21,-9.3,931.2,2,50,95
2014,11,29,0,-8.9,931.2,2,150,95
2014,11,29,3,-10,931.2,NA,240,95
2014,11,29,6,-9.4,931.3,NA,100,94
2014,11,29,9,-10.7,931.4,NA,230,94
2014,11,29,12,-10.4,931.1,NA,350,92
2014,11,29,15,-10.4,930.5,NA,240,90
2014,11,29,18,-9.3,929.9,NA,NA,60
2014,11,29,21,-9.5,930.1,NA,NA,70
2014,11,30,0,-9.2,928.2,NA,NA,72
2014,11,30,3,-10,929,NA,NA,91
2014,11,30,6,-9.6,928.7,NA,NA,84
2014,11,30,9,-9.8,928,NA,NA,82
2014,11,30,12,-10.1,928.1,NA,NA,65
2014,11,30,15,-10.6,928.1,NA,220,79
2014,11,30,18,-10.1,927.9,NA,230,81
2014,11,30,21,-9,927.5,NA,150,71
2014,12,1,0,-8.9,926.9,NA,130,75
2014,12,1,3,-7.8,926.1,4,60,72
2014,12,1,6,-10.2,925.1,NA,360,85
2014,12,1,9,-9.6,924.6,8,350,68
2014,12,1,12,-10.1,924.1,NA,10,56
2014,12,1,15,-9.8,923.6,NA,90,82
2014,12,1,18,-9.7,923.5,3,160,93
2014,12,1,21,-9.6,923.5,2,220,89
2014,12,2,0,-8.5,923.2,4,90,88
2014,12,2,3,-10,922.4,5,50,94
2014,12,2,6,-10.5,921.1,NA,20,93
2014,12,2,9,-10.3,920.1,NA,20,94
2014,12,2,12,-10.7,918.3,NA,20,94
2014,12,2,15,-12.4,915.9,NA,280,93
2014,12,2,18,-11.8,913.6,NA,260,93
2014,12,2,21,-12.3,911.3,NA,230,93
2014,12,3,0,-11.9,909.7,7,230,93
2014,12,3,3,-11.6,908.3,NA,230,93
2014,12,3,6,-12.6,907.4,NA,240,93
2014,12,3,9,-12.3,907.5,NA,230,93
2014,12,3,12,-12.3,909,NA,230,93
2014,12,3,15,-12.5,909.6,NA,240,92
2014,12,3,18,-12.1,911.8,NA,NA,92
2014,12,3,21,-11.1,913,44,NA,90
2014,12,4,0,-11.1,916.9,NA,NA,93
2014,12,4,3,-10.8,918.7,NA,250,93
2014,12,4,6,-9.7,920.1,NA,250,64
2014,12,4,9,-10.5,921,NA,250,65
2014,12,4,12,-11.5,921.3,NA,240,89
2014,12,4,15,-11.5,921.5,NA,20,92
2014,12,4,18,-10.4,921.4,NA,70,88
2014,12,4,21,-10.5,921.5,3,150,90
2014,12,5,0,-9.5,920.9,5,70,93
2014,12,5,3,-10,920,NA,50,94
2014,12,5,6,-10.3,918.9,6,50,92
2014,12,5,9,-10.3,917.7,8,60,93
2014,12,5,12,-10.9,916.7,7,40,92
2014,12,5,15,-11.5,915.6,5,50,93
2014,12,5,18,-10.8,915.1,3,110,93
2014,12,5,21,-10.2,914.8,3,190,94
2014,12,6,0,-10.9,915,4,180,90
2014,12,6,3,-12.1,914.8,NA,250,93
2014,12,6,6,-10.6,915,NA,190,94
2014,12,6,9,-11.4,915,5,240,89
2014,12,6,12,-12.3,914.8,NA,260,74
2014,12,6,15,-11.9,914.6,8,240,65
2014,12,6,18,-11.7,914.4,NA,240,64
2014,12,6,21,-11.1,914.8,NA,250,58
2014,12,7,0,-10.6,915,NA,230,72
2014,12,7,3,-10.7,914.8,NA,150,49
2014,12,7,6,-10.1,914.6,2,30,58
2014,12,7,9,-11.4,914.4,3,30,68
2014,12,7,12,-11,914.5,2,230,56
2014,12,7,15,-10.4,914.3,2,210,53
2014,12,7,18,-11.4,914.4,NA,240,41
2014,12,7,21,-9.5,914.6,NA,250,37
2014,12,8,0,-8.2,914.8,9,200,38
2014,12,8,3,-9.1,914.3,NA,230,41
2014,12,8,6,-9.3,913.1,NA,240,66
2014,12,8,9,-10,913,NA,230,62
2014,12,8,12,-9.1,911.9,NA,230,88
2014,12,8,15,-8.7,910.9,NA,240,93
2014,12,8,18,-9.5,911,NA,240,95
2014,12,8,21,-9.3,911.2,NA,240,95
2014,12,9,0,-8.9,911.2,NA,220,95
2014,12,9,3,-8.5,910.7,19,230,95
2014,12,9,6,-8.5,910.9,22,230,96
2014,12,9,9,-8.6,911.8,NA,220,95
2014,12,9,12,-8.5,912.2,NA,240,92
2014,12,9,15,-8.1,912.3,NA,230,88
2014,12,9,18,-7,914.1,21,240,73
2014,12,9,21,-5.8,916.5,NA,220,68
2014,12,10,0,-8.1,918.7,NA,200,95
2014,12,10,3,-7.7,919.7,NA,200,96
2014,12,10,6,-7.4,920.1,NA,70,90
2014,12,10,9,-7.5,920,NA,360,80
2014,12,10,12,-6.9,919.5,NA,20,79
2014,12,10,15,-7.6,918.7,NA,250,80
2014,12,10,18,-8.1,918.8,NA,240,92
2014,12,10,21,-8.1,919,NA,240,92
2014,12,11,0,-7.5,919.2,8,250,86
2014,12,11,3,-7.1,919.3,5,260,89
2014,12,11,6,-6.5,919.5,5,250,83
2014,12,11,9,-6.1,919.9,2,240,78
2014,12,11,12,-6.7,920.3,2,230,68
2014,12,11,15,-8.1,920.2,NA,260,79
2014,12,11,18,-7.7,920.9,NA,250,86
2014,12,11,21,-7.6,921.9,3,230,78
2014,12,12,0,-8.2,922.8,NA,100,NA
2014,12,12,3,-8.3,923.7,3,210,93
2014,12,12,6,-8.8,924.7,3,210,95
2014,12,12,9,NA,925.6,1,290,95
2014,12,12,12,-8.9,926.6,NA,80,94
2014,12,12,15,-8.9,927.2,NA,100,94
2014,12,12,18,-8.4,928.3,NA,260,95
2014,12,12,21,-9.1,929.2,4,260,94
2014,12,13,0,-8.8,930,5,250,95
2014,12,13,3,-7.4,930.2,2,200,96
2014,12,13,6,-8.4,930.8,3,110,96
2014,12,13,9,NA,931.5,1,60,96
2014,12,13,12,-8.7,931.9,3,250,96
2014,12,13,15,-8.6,932,NA,250,95
2014,12,13,18,-7.5,932.7,2,250,94
2014,12,13,21,-7.1,933.1,3,240,78
2014,12,14,0,-6.8,933.6,2,230,73
2014,12,14,3,-5.9,933.6,3,230,67
2014,12,14,6,NA,933.8,1,150,71
2014,12,14,9,-6.1,933.8,4,250,72
2014,12,14,12,-6.4,933.7,2,220,90
2014,12,14,15,-6.8,933.1,3,240,65
2014,12,14,18,NA,932.7,1,220,69
2014,12,14,21,-6,932.3,3,210,67
2014,12,15,0,-5.9,931.5,3,250,70
2014,12,15,3,-4.6,930.3,2,230,57
2014,12,15,6,-5.8,929.7,6,220,60
2014,12,15,9,-7.3,928.6,6,220,60
2014,12,15,12,-6.6,927.9,3,280,57
2014,12,15,15,-6.3,926.7,NA,170,60
2014,12,15,18,-5.1,925.8,5,90,58
2014,12,15,21,-5.1,925.1,5,60,61
2014,12,16,0,-4,924.6,7,40,62
2014,12,16,3,-6.5,923.6,8,50,72
2014,12,16,6,-6.3,922.9,10,20,60
2014,12,16,9,-7.3,922.5,NA,10,87
2014,12,16,12,-8,922.5,NA,10,94
2014,12,16,15,-8.1,922.8,NA,0,95
2014,12,16,18,-8.1,923.6,3,220,95
2014,12,16,21,-8.5,924.9,NA,220,95
2014,12,17,0,-7.9,927.2,NA,230,83
2014,12,17,3,-8,927.9,NA,240,81
2014,12,17,6,-6.5,929.6,NA,110,68
2014,12,17,9,-8.4,930.7,NA,50,89
2014,12,17,12,-8.1,932,NA,360,68
2014,12,17,15,-7.9,932.5,NA,350,44
2014,12,17,18,-5.8,933.2,NA,310,57
2014,12,17,21,-4.7,933.4,NA,30,58
2014,12,18,0,-5,934.2,NA,20,66
2014,12,18,3,-6.7,934.5,6,20,91
2014,12,18,6,-5.1,934.6,3,330,82
2014,12,18,9,-4.9,934.1,NA,350,56
2014,12,18,12,-8.1,933.4,NA,340,73
2014,12,18,15,-7.7,931.8,NA,40,95
2014,12,18,18,-6.8,931.3,NA,70,96
2014,12,18,21,-6.4,931.7,NA,10,NA
2014,12,19,0,-5,932.2,3,200,95
2014,12,19,3,-5.4,932.4,3,40,93
2014,12,19,6,-4.6,932.2,5,60,41
2014,12,19,9,-2.9,931.2,NA,360,33
2014,12,19,12,NA,929.7,1,220,29
2014,12,19,15,-2.5,928,NA,240,29
2014,12,19,18,-2.8,927,NA,260,26
2014,12,19,21,-4.9,926.7,NA,250,48
2014,12,20,0,-5.1,926.2,NA,240,48
2014,12,20,3,-3.9,925.7,NA,250,38
2014,12,20,6,-5.2,924.9,NA,250,53
2014,12,20,9,-5,924,NA,240,48
2014,12,20,12,-4.8,923.5,NA,NA,40
2014,12,20,15,-6.6,924.1,NA,NA,52
2014,12,20,18,-8.5,924.7,NA,NA,72
2014,12,20,21,-8,925.4,11,230,95
2014,12,21,0,-6.1,925.8,NA,190,91
2014,12,21,3,-5.3,925.3,NA,90,79
2014,12,21,6,-6.3,924.9,6,50,93
2014,12,21,9,-7.9,924.8,NA,20,93
2014,12,21,12,-7.7,924.7,NA,40,95
2014,12,21,15,-7.8,924,NA,40,95
2014,12,21,18,-7.7,923.7,NA,60,96
2014,12,21,21,-7.3,923.1,2,90,96
2014,12,22,0,NA,922.8,1,100,NA
2014,12,22,3,-6.3,921.8,4,220,NA
2014,12,22,6,-6.7,921.2,NA,250,89
2014,12,22,9,-8.2,920.9,NA,250,95
2014,12,22,12,-7.7,921.7,NA,50,95
2014,12,22,15,-5.9,921.5,3,260,NA
2014,12,22,18,-4.4,922,NA,240,51
2014,12,22,21,NA,923,1,30,67
2014,12,23,0,-3.1,924.1,2,200,58
2014,12,23,3,-4.4,925,3,220,56
2014,12,23,6,-7.1,926.2,3,230,85
2014,12,23,9,-7.4,927.1,2,240,93
2014,12,23,12,-7.7,927.7,2,360,64
2014,12,23,15,NA,927.6,1,240,70
2014,12,23,18,-6.6,927.6,5,130,84
2014,12,23,21,-6.7,927.7,3,170,90
2014,12,24,0,-6.9,927.6,3,150,89
2014,12,24,3,-7.5,926.7,4,70,91
2014,12,24,6,-6,926,2,230,86
2014,12,24,9,-7.6,925.4,2,70,89
2014,12,24,12,-7.5,925,2,230,71
2014,12,24,15,-9.2,924.4,6,240,93
2014,12,24,18,-7.4,924.6,3,210,90
2014,12,24,21,-5.5,924.9,2,240,56
2014,12,25,0,-4.4,924.9,2,190,50
2014,12,25,3,-3.3,924.8,2,30,44
2014,12,25,6,-3.4,924.3,NA,350,37
2014,12,25,9,-4.7,923.5,NA,360,32
2014,12,25,12,-4.2,922.2,NA,270,30
2014,12,25,15,-3.8,920.5,NA,100,30
2014,12,25,18,-4.3,918.9,5,80,53
2014,12,25,21,-4.9,917.8,2,210,53
2014,12,26,0,-6.1,917.2,5,220,76
2014,12,26,3,-6.8,917.1,NA,210,91
2014,12,26,6,-6.9,917.7,NA,230,94
2014,12,26,9,-6.5,918.3,NA,240,90
2014,12,26,12,-8,920.5,NA,240,81
2014,12,26,15,-6.1,922.2,NA,180,73
2014,12,26,18,-5.5,923.3,NA,40,74
2014,12,26,21,-5.2,924.4,3,80,69
2014,12,27,0,-2.7,925.2,3,20,53
2014,12,27,3,-2.4,925.5,6,20,43
2014,12,27,6,-0.8,925.8,5,350,35
2014,12,27,9,-2.6,925.8,8,360,25
2014,12,27,12,-1.6,925.8,NA,330,19
2014,12,27,15,-1.9,925.2,NA,70,24
2014,12,27,18,-2.2,925.3,3,70,37
2014,12,27,21,-1.7,925.2,2,190,30
2014,12,28,0,-4,925.5,4,240,53
2014,12,28,3,-4.6,925.4,NA,180,73
2014,12,28,6,-4.7,925.5,NA,230,69
2014,12,28,9,-5.2,925.5,NA,250,73
2014,12,28,12,-4.1,925.5,NA,240,52
2014,12,28,15,-4.6,925,4,270,41
2014,12,28,18,-4.8,925,2,250,50
2014,12,28,21,-4.2,925.1,2,250,53
2014,12,29,0,-2.7,925.4,2,250,45
2014,12,29,3,-2.3,925.3,3,30,49
2014,12,29,6,-4.2,925.2,NA,20,54
2014,12,29,9,-4.9,925.4,NA,10,54
2014,12,29,12,-5.2,925.4,NA,20,45
2014,12,29,15,-5.7,925.3,14,20,54
2014,12,29,18,-4.5,925.5,NA,60,64
2014,12,29,21,-4,926.4,NA,60,81
2014,12,30,0,-4.2,927.1,2,140,79
2014,12,30,3,-5.3,927.3,4,200,83
2014,12,30,6,-4.9,927.5,2,100,90
2014,12,30,9,NA,928,1,130,90
2014,12,30,12,-6.5,928.4,2,160,94
2014,12,30,15,-7.2,928.5,NA,220,96
2014,12,30,18,-7.2,928.8,NA,210,96
2014,12,30,21,-6.6,929.6,NA,140,95
2014,12,31,0,-5.1,929.7,3,220,NA
2014,12,31,3,-4.9,929.6,2,150,95
2014,12,31,6,-4.6,929.8,2,70,90
2014,12,31,9,-6.4,929.7,NA,60,95
2014,12,31,12,-7.3,929.3,6,20,96
2014,12,31,15,-7.7,928.4,NA,20,95
2014,12,31,18,-7.3,927.8,NA,360,94
2014,12,31,21,-7.8,927.1,11,20,96
2015,1,1,0,-7.1,926.5,NA,20,NA
2015,1,1,3,-7.5,925.9,7,50,NA
2015,1,1,6,-7.1,925.6,5,10,NA
2015,1,1,9,-7.5,925.5,5,20,NA
2015,1,1,12,-7.3,925.3,NA,230,NA
2015,1,1,15,-7.6,925.3,3,280,NA
2015,1,1,18,-7.6,925.2,5,250,NA
2015,1,1,21,-8,924.7,NA,250,NA
2015,1,2,0,-7,923.7,NA,220,NA
2015,1,2,3,-6.4,922.5,NA,220,NA
2015,1,2,6,-6.1,922.3,NA,230,NA
2015,1,2,9,-6,921.1,NA,230,NA
2015,1,2,12,-6.7,919.9,NA,220,NA
2015,1,2,15,-7.3,919.8,NA,220,NA
2015,1,2,18,-6.4,920.8,NA,240,NA
2015,1,2,21,-6.8,921.3,NA,230,NA
2015,1,3,0,-6.3,921.1,17,230,NA
2015,1,3,3,-5.9,921.4,NA,220,NA
2015,1,3,6,-6,922.7,NA,240,NA
2015,1,3,9,-4.6,923.4,NA,230,NA
2015,1,3,12,-4.4,924.4,15,260,NA
2015,1,3,15,-3.7,924.6,17,250,NA
2015,1,3,18,-3.4,925.8,15,240,NA
2015,1,3,21,-2.2,926.2,15,NA,NA
2015,1,4,0,-1.4,926.8,NA,NA,NA
2015,1,4,3,-1.8,926.9,NA,240,NA
2015,1,4,6,-1.6,927.3,19,240,NA
2015,1,4,9,-3,928,NA,240,NA
2015,1,4,12,-3.9,928.1,NA,200,NA
2015,1,4,15,-4.1,928.2,NA,220,NA
2015,1,4,18,-3.2,928.3,NA,230,NA
2015,1,4,21,-2.6,928.3,NA,210,NA
2015,1,5,0,-1.7,928.3,NA,230,NA
2015,1,5,3,-1.6,927.7,5,210,NA
2015,1,5,6,-3.1,927.6,7,230,NA
2015,1,5,9,-4,927.4,NA,210,NA
2015,1,5,12,-4.2,927,NA,0,NA
2015,1,5,15,NA,926.3,1,100,NA
2015,1,5,18,-5.3,926.2,NA,190,NA
2015,1,5,21,-4.6,926.3,3,260,NA
2015,1,6,0,-3.8,926,3,220,NA
2015,1,6,3,-3.9,925.7,7,240,NA
2015,1,6,6,-3.5,925.3,NA,260,NA
2015,1,6,9,-4.2,925.2,NA,170,NA
2015,1,6,12,-4.3,925,4,230,NA
2015,1,6,15,-5.3,924.5,NA,200,NA
2015,1,6,18,-5.2,924.9,8,230,NA
2015,1,6,21,-4.8,925.6,5,230,NA
2015,1,7,0,-4.5,926.5,NA,240,NA
2015,1,7,3,-3.1,927,4,230,NA
2015,1,7,6,-3.1,927.1,5,240,NA
2015,1,7,9,NA,927.7,1,120,NA
2015,1,7,12,-3.9,927.9,NA,240,NA
2015,1,7,15,-3.2,927.6,NA,240,NA
2015,1,7,18,-3.5,928.1,NA,240,NA
2015,1,7,21,-4.4,928.5,NA,230,NA
2015,1,8,0,-3.7,929.3,NA,240,NA
2015,1,8,3,-4,928.8,NA,230,NA
2015,1,8,6,-3.8,928.7,NA,240,NA
2015,1,8,9,-4.5,928.6,NA,240,NA
2015,1,8,12,-4.5,928.1,8,190,NA
2015,1,8,15,-4.8,927.3,NA,200,NA
2015,1,8,18,-4.5,926.5,4,210,NA
2015,1,8,21,-4.4,925.8,3,90,NA
2015,1,9,0,-4,924.5,2,120,NA
2015,1,9,3,-4.5,923.4,3,40,NA
2015,1,9,6,-5.5,922.1,NA,350,NA
2015,1,9,9,-5.5,921.6,NA,340,NA
2015,1,9,12,-5.8,920.9,NA,250,NA
2015,1,9,15,-6.2,919.9,NA,230,NA
2015,1,9,18,-6,919.1,NA,200,NA
2015,1,9,21,-6.4,918.5,NA,220,NA
2015,1,10,0,-6,918.2,NA,220,NA
2015,1,10,3,-5.7,917.8,16,220,NA
2015,1,10,6,-6,918.5,NA,210,NA
2015,1,10,9,-5.9,919.1,NA,240,NA
2015,1,10,12,-5.8,920.2,6,230,NA
2015,1,10,15,-6,920.4,NA,0,NA
2015,1,10,18,-6,920.9,NA,0,NA
2015,1,10,21,-5.5,921.9,NA,NA,NA
2015,1,11,0,NA,922.1,1,220,NA
2015,1,11,3,-4.8,922.5,NA,NA,NA
2015,1,11,6,NA,922.5,1,220,NA
2015,1,11,9,NA,922.8,1,230,NA
2015,1,11,12,-5.3,922.7,NA,NA,NA
2015,1,11,15,-5.5,922.3,NA,NA,NA
2015,1,11,18,-5.6,922.3,NA,NA,NA
2015,1,11,21,-4.8,922.5,NA,NA,NA
2015,1,12,0,-4.4,922.8,NA,NA,NA
2015,1,12,3,-4.3,922.6,NA,NA,NA
2015,1,12,6,-3.6,922.9,NA,NA,NA
2015,1,12,9,-4.5,923.2,NA,NA,NA
2015,1,12,12,-5.2,923.6,NA,NA,NA
2015,1,12,15,-5.5,924,NA,240,NA
2015,1,12,18,-5.8,924.6,NA,NA,NA
2015,1,12,21,-4.8,925.3,NA,240,NA
2015,1,13,0,-3.8,925.8,NA,NA,NA
2015,1,13,3,-2.9,926,NA,270,NA
2015,1,13,6,-4.3,926.6,NA,NA,NA
2015,1,13,9,-6,927.2,NA,NA,NA
2015,1,13,12,-6.2,927.5,NA,NA,NA
2015,1,13,15,-6.4,927.3,NA,NA,NA
2015,1,13,18,-6.5,927.9,NA,NA,NA
2015,1,13,21,-5.3,928.3,NA,NA,NA
2015,1,14,0,-5.3,928.7,NA,NA,NA
2015,1,14,3,-5.2,929,NA,NA,NA
2015,1,14,6,-5.1,929.6,NA,NA,NA
2015,1,14,9,-6.1,930.4,NA,NA,NA
2015,1,14,12,-6.4,931.2,NA,NA,NA
2015,1,14,15,-6.5,931.5,NA,NA,NA
2015,1,14,18,-6.3,932.3,NA,NA,NA
2015,1,14,21,-6.2,933,NA,NA,NA
2015,1,15,0,-5.5,933.5,NA,NA,NA
2015,1,15,3,-5.5,933.8,NA,NA,NA
2015,1,15,6,-5.6,934.1,NA,NA,NA
2015,1,15,9,-5.5,934.3,NA,NA,NA
2015,1,15,12,-6.2,934.6,NA,NA,NA
2015,1,15,15,-6.5,934.2,NA,NA,NA
2015,1,15,18,-6.2,934.3,NA,NA,NA
2015,1,15,21,-5.5,934.2,NA,NA,NA
2015,1,16,0,-5.7,934.2,NA,NA,NA
2015,1,16,3,-5.5,933.7,NA,NA,NA
2015,1,16,6,-5.6,933.4,NA,NA,NA
2015,1,16,9,-6.4,933.2,NA,NA,NA
2015,1,16,12,-7.3,933.2,NA,NA,NA
2015,1,16,15,-7.4,932.7,NA,NA,NA
2015,1,16,18,-7.4,932.4,NA,NA,NA
2015,1,16,21,-7.1,932.2,NA,NA,NA
2015,1,17,0,-5.7,932.1,NA,NA,NA
2015,1,17,3,-7.1,931.3,NA,NA,NA
2015,1,17,6,-7.6,930.4,NA,NA,NA
2015,1,17,9,-8,929.5,NA,250,NA
2015,1,17,12,-8.1,928.6,NA,250,NA
2015,1,17,15,-8.2,927.1,10,240,NA
2015,1,17,18,-8.1,926.6,12,220,NA
2015,1,17,21,-7.7,925.3,NA,230,NA
2015,1,18,0,-7.5,923.9,NA,230,NA
2015,1,18,3,-7.4,921.4,NA,230,NA
2015,1,18,6,-7.3,919.6,NA,220,NA
2015,1,18,9,-7.6,918.4,NA,230,NA
2015,1,18,12,-7.9,917.1,20,230,NA
2015,1,18,15,-8.2,914.8,NA,240,NA
2015,1,18,18,-8.3,914.1,NA,NA,NA
2015,1,18,21,-8.1,914.4,26,NA,NA
2015,1,19,0,-8.3,914.7,28,NA,NA
2015,1,19,3,-8.5,914.8,NA,250,NA
2015,1,19,6,-8.7,914.5,NA,240,NA
2015,1,19,9,-8.5,915.4,NA,250,NA
2015,1,19,12,-8,916.5,NA,NA,NA
2015,1,19,15,-7.6,919.3,52,NA,NA
2015,1,19,18,-7.9,923,NA,NA,NA
2015,1,19,21,-7.8,925.9,51,NA,NA
2015,1,20,0,-6.8,931.9,NA,NA,NA
2015,1,20,3,-6.2,935.6,NA,230,NA
2015,1,20,6,-5.3,937.1,NA,50,NA
2015,1,20,9,-6.2,935.7,NA,30,NA
2015,1,20,12,-6.6,934.3,NA,30,NA
2015,1,20,15,-7.8,931.4,NA,240,NA
2015,1,20,18,-7.9,928.7,NA,240,NA
2015,1,20,21,-7.3,927.1,NA,230,NA
2015,1,21,0,-5.5,925.8,NA,230,NA
2015,1,21,3,-6.9,924.6,NA,250,NA
2015,1,21,6,-3,924.8,NA,200,NA
2015,1,21,9,-5.6,923.9,NA,360,NA
2015,1,21,12,-5.9,921.9,NA,10,NA
2015,1,21,15,-5.1,920.6,NA,40,NA
2015,1,21,18,-6.2,919.5,NA,260,NA
2015,1,21,21,-5.2,919.7,NA,250,NA
2015,1,22,0,NA,919.3,NA,250,NA
2015,1,22,3,-6.5,920.4,NA,200,NA
2015,1,22,6,-7.3,921.4,NA,230,NA
2015,1,22,9,-7.2,922,NA,0,NA
2015,1,22,12,-7.8,921.6,NA,30,NA
2015,1,22,15,-7.3,920.8,NA,110,NA
2015,1,22,18,-7.6,920.1,NA,250,NA
2015,1,22,21,-7.5,920.1,9,230,NA
2015,1,23,0,-9.2,919.3,NA,250,NA
2015,1,23,3,-8.5,921.3,NA,250,NA
2015,1,23,6,-8.3,923.4,NA,240,NA
2015,1,23,9,-8.3,925.4,NA,240,NA
2015,1,23,12,-8.7,926.6,NA,320,NA
2015,1,23,15,-8.3,926.3,NA,30,NA
2015,1,23,18,-7.7,925.5,NA,60,NA
2015,1,23,21,-7.5,925.2,NA,250,NA
2015,1,24,0,-6.2,924.3,3,120,NA
2015,1,24,3,-7,923.7,4,80,NA
2015,1,24,6,-7.8,922.5,NA,50,NA
2015,1,24,9,-8.7,921.5,NA,250,NA
2015,1,24,12,-8.1,920.2,NA,230,NA
2015,1,24,15,-8.7,919.6,NA,230,NA
2015,1,24,18,-8.2,919.2,NA,230,NA
2015,1,24,21,-7.6,920.2,NA,240,NA
2015,1,25,0,-7.7,922,NA,230,NA
2015,1,25,3,-7.6,923.1,NA,230,NA
2015,1,25,6,-6.5,923.9,NA,240,NA
2015,1,25,9,-4.9,924.7,10,250,NA
2015,1,25,12,-4.5,925.7,8,260,NA
2015,1,25,15,-5.7,926.3,7,280,NA
2015,1,25,18,-3.7,926.7,NA,360,NA
2015,1,25,21,-2.8,926.6,6,50,NA
2015,1,26,0,-3.1,926.2,4,80,NA
2015,1,26,3,-4.3,925.2,NA,30,NA
2015,1,26,6,-5,924.6,NA,40,NA
2015,1,26,9,-6.3,924.2,NA,240,NA
2015,1,26,12,-7.6,923.6,NA,230,NA
2015,1,26,15,-7.6,922.9,NA,220,NA
2015,1,26,18,-7.4,922.2,NA,230,NA
2015,1,26,21,-8.2,921.4,NA,240,NA
2015,1,27,0,-7.5,921.4,NA,250,NA
2015,1,27,3,-7,920.8,15,250,NA
2015,1,27,6,-7.1,921.7,13,220,NA
2015,1,27,9,-6.9,922.4,NA,230,NA
2015,1,27,12,-7,923.1,NA,230,NA
2015,1,27,15,-7.6,923.9,NA,230,NA
2015,1,27,18,-7.2,924.8,NA,240,NA
2015,1,27,21,-5.6,924.5,NA,330,NA
2015,1,28,0,-5.2,924.5,NA,200,NA
2015,1,28,3,NA,924.6,1,90,NA
2015,1,28,6,-4,924.6,4,320,NA
2015,1,28,9,-5.2,924.6,4,300,NA
2015,1,28,12,-6,925,6,270,NA
2015,1,28,15,-7.3,925,8,260,NA
2015,1,28,18,-6,925.1,NA,40,NA
2015,1,28,21,-5.4,925.2,NA,60,NA
2015,1,29,0,-5.5,925,2,160,NA
2015,1,29,3,NA,924.8,1,360,NA
2015,1,29,6,NA,924.7,1,310,NA
2015,1,29,9,-7.1,924.4,2,40,NA
2015,1,29,12,-6.9,924.2,3,310,NA
2015,1,29,15,-6.8,923.3,5,30,NA
2015,1,29,18,-5.3,922.5,NA,350,NA
2015,1,29,21,-4.1,921.1,NA,30,NA
2015,1,30,0,-5.3,920.1,7,270,NA
2015,1,30,3,-7.5,919.2,NA,250,NA
2015,1,30,6,-7.5,919.1,NA,200,NA
2015,1,30,9,-8.6,918.1,NA,240,NA
2015,1,30,12,-9.5,917,NA,260,NA
2015,1,30,15,-8,915.8,NA,240,NA
2015,1,30,18,-7.9,917,NA,NA,NA
2015,1,30,21,-8.2,916.6,NA,NA,NA
2015,1,31,0,-7.9,917.9,NA,NA,NA
2015,1,31,3,-7,917.9,27,NA,NA
2015,1,31,6,-6.8,917.7,NA,NA,NA
2015,1,31,9,-6.6,918.4,29,NA,NA
2015,1,31,12,-7.3,919.5,NA,260,NA
2015,1,31,15,-6.1,918.6,NA,240,NA
2015,1,31,18,-7.8,918.3,NA,240,NA
2015,1,31,21,-7.7,919.1,NA,240,NA
2015,2,1,0,-4.8,919,NA,210,NA
2015,2,1,3,-4,919.3,NA,250,NA
2015,2,1,6,-6.7,919.3,4,260,NA
2015,2,1,9,-6.2,919.2,4,350,NA
2015,2,1,12,-8.4,919.1,4,280,NA
2015,2,1,15,-8.2,918.9,6,260,NA
2015,2,1,18,-7.5,918.8,NA,240,NA
2015,2,1,21,-6.1,918.8,NA,220,NA
2015,2,2,0,-6.5,918.8,NA,240,NA
2015,2,2,3,-5.8,918.4,NA,240,NA
2015,2,2,6,-6.6,918.1,NA,230,NA
2015,2,2,9,-6.9,918,19,250,NA
2015,2,2,12,-6.7,918.3,NA,230,NA
2015,2,2,15,-7.1,918.2,NA,240,NA
2015,2,2,18,-7.8,917.5,NA,230,NA
2015,2,2,21,-7.6,918,NA,240,NA
2015,2,3,0,-7.2,917.7,NA,240,NA
2015,2,3,3,-8.4,916.7,NA,230,NA
2015,2,3,6,-8.1,918.8,NA,210,NA
2015,2,3,9,-7.6,918.8,NA,220,NA
2015,2,3,12,-8,919.3,NA,220,NA
2015,2,3,15,-8.1,919.8,NA,NA,NA
2015,2,3,18,-8.2,920,6,240,NA
2015,2,3,21,-7.6,920.1,7,240,NA
2015,2,4,0,-7.1,921.4,7,240,NA
2015,2,4,3,-6.7,921,NA,230,NA
2015,2,4,6,-7.4,921.7,NA,230,NA
2015,2,4,9,-7.6,921,NA,240,NA
2015,2,4,12,-8,921.3,19,240,NA
2015,2,4,15,-7.7,923.5,17,230,NA
2015,2,4,18,-8.1,925.2,NA,250,NA
2015,2,4,21,-7.7,924.8,16,250,NA
2015,2,5,0,-7.6,925.2,14,230,NA
2015,2,5,3,-8,924.4,15,240,NA
2015,2,5,6,-8.4,922.5,17,NA,NA
2015,2,5,9,-8.7,921.1,NA,NA,NA
2015,2,5,12,-8.5,919.8,NA,NA,NA
2015,2,5,15,-8.9,919.5,NA,NA,NA
2015,2,5,18,-8.5,917.5,NA,NA,NA
2015,2,5,21,-8,917.1,NA,240,NA
2015,2,6,0,-7.2,917.2,NA,240,NA
2015,2,6,3,-7.1,914.1,NA,250,NA
2015,2,6,6,-8,910.6,NA,250,NA
2015,2,6,9,-7.8,910,NA,240,NA
2015,2,6,12,-7.4,911.6,NA,250,NA
2015,2,6,15,-7.6,909,NA,240,NA
2015,2,6,18,-8.2,908.6,NA,240,NA
2015,2,6,21,-8,906.4,NA,NA,NA
2015,2,7,0,-7.8,907.2,NA,NA,NA
2015,2,7,3,-7.3,908.4,NA,NA,NA
2015,2,7,6,-7.3,908.7,NA,NA,NA
2015,2,7,9,-6.9,908.1,NA,NA,NA
2015,2,7,12,-6.7,909,NA,NA,NA
2015,2,7,15,-6.9,911.2,NA,240,NA
2015,2,7,18,-6.9,910.4,NA,NA,NA
2015,2,7,21,-6.9,912,NA,NA,NA
2015,2,8,0,-5.5,912.6,NA,NA,NA
2015,2,8,3,-5.2,912.8,NA,250,NA
2015,2,8,6,-5.3,912.5,NA,NA,NA
2015,2,8,9,-5.6,912.5,NA,NA,NA
2015,2,8,12,-5.1,912.6,NA,NA,NA
2015,2,8,15,-4.6,912,NA,NA,NA
2015,2,8,18,-6.4,909.6,NA,NA,NA
2015,2,8,21,-6.4,912.1,NA,NA,NA
2015,2,9,0,-6.5,912.2,NA,NA,NA
2015,2,9,3,-6,913.4,NA,240,NA
2015,2,9,6,-6.6,913.7,37,NA,NA
2015,2,9,9,-6.8,915.6,NA,NA,NA
2015,2,9,12,-6.2,915.4,NA,NA,NA
2015,2,9,15,-5.8,914.6,NA,250,NA
2015,2,9,18,-6.2,914.7,NA,240,NA
2015,2,9,21,-6.6,916.3,NA,240,NA
2015,2,10,0,-6.4,914.6,NA,250,NA
2015,2,10,3,-6.5,915.7,NA,240,NA
2015,2,10,6,-6.2,914,NA,240,NA
2015,2,10,9,-6.4,912.7,NA,240,NA
2015,2,10,12,-6.8,913.5,NA,250,NA
2015,2,10,15,-6.9,913.3,NA,250,NA
2015,2,10,18,-7.3,914.3,NA,250,NA
2015,2,10,21,-7,918.6,NA,240,NA
2015,2,11,0,-5.7,920,NA,240,NA
2015,2,11,3,-6.4,919.5,NA,260,NA
2015,2,11,6,-6.7,919,NA,240,NA
2015,2,11,9,-7.8,918.4,NA,230,NA
2015,2,11,12,-7.5,918.2,NA,230,NA
2015,2,11,15,-8.1,917.8,NA,230,NA
2015,2,11,18,-8.3,918.1,NA,240,NA
2015,2,11,21,-8.2,918.1,NA,80,NA
2015,2,12,0,-7.4,918.3,3,100,NA
2015,2,12,3,-9.2,918.1,NA,250,NA
2015,2,12,6,-9.2,918.1,NA,240,NA
2015,2,12,9,-9.3,918.2,12,250,NA
2015,2,12,12,-9.4,918.6,NA,250,NA
2015,2,12,15,-8.9,918.4,NA,10,NA
2015,2,12,18,-9.3,918.4,3,50,NA
2015,2,12,21,-8.9,918.3,4,40,NA
2015,2,13,0,NA,918,1,70,NA
2015,2,13,3,-8.8,917.1,2,130,NA
2015,2,13,6,NA,916.2,1,50,NA
2015,2,13,9,-9.5,915.4,5,260,NA
2015,2,13,12,-10.1,914.5,NA,260,NA
2015,2,13,15,-9.9,913.9,7,240,NA
2015,2,13,18,-9.4,913.7,7,240,NA
2015,2,13,21,-9.7,913.7,NA,230,NA
2015,2,14,0,-9.6,913,NA,240,NA
2015,2,14,3,-9.7,913.4,NA,250,NA
2015,2,14,6,-9.9,912.9,NA,250,NA
2015,2,14,9,-9.8,913.7,33,250,NA
2015,2,14,12,-10.6,914.2,NA,240,NA
2015,2,14,15,-10.3,913.9,NA,240,NA
2015,2,14,18,-10,913.4,29,240,NA
2015,2,14,21,-10.1,914.2,NA,230,NA
2015,2,15,0,-9.2,915.1,NA,230,NA
2015,2,15,3,-9.1,916.3,NA,230,NA
2015,2,15,6,-9.2,916.7,NA,250,NA
2015,2,15,9,-9.5,916.7,23,230,NA
2015,2,15,12,-9.4,918.3,NA,220,NA
2015,2,15,15,-9.8,918.6,NA,260,NA
2015,2,15,18,-9.9,919.1,NA,250,NA
2015,2,15,21,-9.6,920,NA,220,NA
2015,2,16,0,-8.6,920.5,NA,240,NA
2015,2,16,3,-7.7,921,NA,240,NA
2015,2,16,6,-7.2,922,13,230,NA
2015,2,16,9,-7.3,922.5,NA,260,NA
2015,2,16,12,-7.8,923.4,NA,250,NA
2015,2,16,15,-7.7,925.1,NA,30,NA
2015,2,16,18,-8.4,925.4,6,60,NA
2015,2,16,21,-7.7,925.2,5,120,NA
2015,2,17,0,-7.6,924.7,3,140,NA
2015,2,17,3,-8.8,923.5,NA,60,NA
2015,2,17,6,-8.7,922.8,NA,60,NA
2015,2,17,9,-8.7,922.1,NA,30,NA
2015,2,17,12,-9.4,921.9,NA,10,NA
2015,2,17,15,-9.7,921.5,NA,320,NA
2015,2,17,18,-9,921.5,2,20,NA
2015,2,17,21,-8.5,921.7,3,300,NA
2015,2,18,0,NA,922.1,1,210,NA
2015,2,18,3,NA,922.3,1,240,NA
2015,2,18,6,NA,922.4,1,250,NA
2015,2,18,9,-9.7,922.5,2,250,NA
2015,2,18,12,-10.1,921.8,2,40,NA
2015,2,18,15,-10.4,921.2,3,260,NA
2015,2,18,18,-9.4,920.3,3,240,NA
2015,2,18,21,-9.3,919.3,3,240,NA
2015,2,19,0,-8.8,918.4,6,230,NA
2015,2,19,3,-8.5,917.1,4,240,NA
2015,2,19,6,-9.4,916.2,NA,250,NA
2015,2,19,9,-9.7,915.9,NA,240,NA
2015,2,19,12,-8.3,916.2,NA,210,NA
2015,2,19,15,-9.3,915.8,NA,250,NA
2015,2,19,18,-9.1,915.5,NA,240,NA
2015,2,19,21,-9.3,916.1,NA,230,NA
2015,2,20,0,-9.6,916.1,NA,240,NA
2015,2,20,3,-8.6,916,3,250,NA
2015,2,20,6,-8.9,915.1,NA,40,NA
2015,2,20,9,-9.7,914,NA,360,NA
2015,2,20,12,-9.9,913,NA,0,NA
2015,2,20,15,-9.6,911.2,12,10,NA
2015,2,20,18,-9.3,910.2,NA,30,NA
2015,2,20,21,-10,909.3,NA,250,NA
2015,2,21,0,-9,908.5,4,150,NA
2015,2,21,3,-9.3,907.4,NA,250,NA
2015,2,21,6,-8.7,906.2,NA,240,NA
2015,2,21,9,-8.7,906.5,NA,210,NA
2015,2,21,12,-9.9,906.9,NA,240,NA
2015,2,21,15,-10.6,907.3,NA,30,NA
2015,2,21,18,-11.1,907.7,NA,160,NA
2015,2,21,21,-9.4,907.6,NA,270,NA
2015,2,22,0,-11.1,907.5,NA,250,NA
2015,2,22,3,-10.7,907.6,NA,240,NA
2015,2,22,6,-9.8,909.5,34,NA,NA
2015,2,22,9,-10.3,912.6,NA,NA,NA
2015,2,22,12,-10.4,913.8,NA,NA,NA
2015,2,22,15,-10.4,914.8,NA,NA,NA
2015,2,22,18,-10.6,915.3,NA,270,NA
2015,2,22,21,-10.3,915.4,NA,250,NA
2015,2,23,0,-10.4,916.2,NA,240,NA
2015,2,23,3,-10,917.8,8,230,NA
2015,2,23,6,-10.6,919.7,NA,250,NA
2015,2,23,9,-10.3,921.6,11,240,NA
2015,2,23,12,-11.2,923.7,NA,230,NA
2015,2,23,15,-11.1,924.5,NA,320,NA
2015,2,23,18,-11.4,922.8,5,30,NA
2015,2,23,21,-10.1,920.2,NA,30,NA
2015,2,24,0,-10.1,917.8,NA,40,NA
2015,2,24,3,-9,914.4,NA,30,NA
2015,2,24,6,-9.1,911.9,NA,40,NA
2015,2,24,9,-10.9,910.8,NA,260,NA
2015,2,24,12,-10.4,908.8,NA,240,NA
2015,2,24,15,-10.4,907.5,NA,260,NA
2015,2,24,18,-10.7,907.4,NA,260,NA
2015,2,24,21,-10.6,908.9,NA,250,NA
2015,2,25,0,-10.3,909.3,28,250,NA
2015,2,25,3,-10.6,910.4,25,240,NA
2015,2,25,6,-11.7,912.3,NA,240,NA
2015,2,25,9,-11.7,912.9,NA,250,NA
2015,2,25,12,-11.3,913.4,NA,50,NA
2015,2,25,15,-11.7,914.1,3,230,NA
2015,2,25,18,-12.2,914.9,NA,280,NA
2015,2,25,21,-12.3,915.8,NA,270,NA
2015,2,26,0,-11.5,916.5,NA,230,NA
2015,2,26,3,-11.1,917.4,8,250,NA
2015,2,26,6,-11.3,917.5,10,250,NA
2015,2,26,9,-11.4,918,8,240,NA
2015,2,26,12,-11.3,918.2,NA,250,NA
2015,2,26,15,-11.2,918,NA,250,NA
2015,2,26,18,-10.6,917.4,NA,240,NA
2015,2,26,21,-10.9,918.2,NA,240,NA
2015,2,27,0,-11.4,918.8,NA,230,NA
2015,2,27,3,-11.5,920.3,30,230,NA
2015,2,27,6,-11.2,922.6,NA,230,NA
2015,2,27,9,-11.4,924.1,NA,NA,NA
2015,2,27,12,-11.3,924.7,NA,NA,NA
2015,2,27,15,-11,924.7,NA,NA,NA
2015,2,27,18,-11,924.1,NA,240,NA
2015,2,27,21,-10.8,923.7,NA,250,NA
2015,2,28,0,-10.8,923.1,18,240,NA
2015,2,28,3,-11,922.7,NA,NA,NA
2015,2,28,6,-11.2,922.3,18,NA,NA
2015,2,28,9,-11.2,922.3,18,NA,NA
2015,2,28,12,-11,922.9,NA,NA,NA
2015,2,28,15,-10.8,923.7,14,230,NA
2015,2,28,18,-11,924.3,12,230,NA
2015,2,28,21,-10.7,925.7,NA,240,NA
2015,3,1,0,-10.8,926.6,NA,210,NA
2015,3,1,3,-10.6,926.8,2,70,NA
2015,3,1,6,-10.4,926.6,2,200,NA
2015,3,1,9,-11.1,926.1,NA,80,NA
2015,3,1,12,-11.3,925.8,3,100,NA
2015,3,1,15,-11.7,925.2,NA,150,NA
2015,3,1,18,-12.1,924.3,1,110,NA
2015,3,1,21,-12.2,923.7,2,160,NA
2015,3,2,0,-12.5,923.3,1,260,NA
2015,3,2,3,-11.9,922.3,2,240,NA
2015,3,2,6,-12,921.3,2,210,NA
2015,3,2,9,-13.5,920.4,4,260,NA
2015,3,2,12,-13.8,919.5,NA,NA,NA
2015,3,2,15,-14.4,918.1,2,0,NA
2015,3,2,18,-14.5,917,3,360,NA
2015,3,2,21,-14.9,915.7,2,30,NA
2015,3,3,0,-13.6,914.3,NA,40,NA
2015,3,3,3,-10.8,912.3,NA,70,NA
2015,3,3,6,-13.1,911.2,NA,260,NA
2015,3,3,9,-12.6,911,NA,260,NA
2015,3,3,12,-12.8,911,NA,260,NA
2015,3,3,15,-12.5,911.3,8,250,NA
2015,3,3,18,-11.4,912,NA,230,NA
2015,3,3,21,-10.2,912.8,NA,0,NA
2015,3,4,0,-10.2,914.1,2,270,NA
2015,3,4,3,-10.4,915.2,4,270,NA
2015,3,4,6,NA,916.4,4,280,NA
2015,3,4,9,-13.1,917.9,NA,270,NA
2015,3,4,12,-13,919.2,NA,250,NA
2015,3,4,15,-12.6,921.3,13,250,NA
2015,3,4,18,-12.4,922.9,14,240,NA
2015,3,4,21,-12,925.4,13,250,NA
2015,3,5,0,-12,926.9,14,240,NA
2015,3,5,3,-11.7,928.6,15,240,NA
2015,3,5,6,-12.3,929.8,16,250,NA
2015,3,5,9,-12.4,931.3,NA,250,NA
2015,3,5,12,-12.4,931.9,NA,260,NA
2015,3,5,15,-10.8,932.8,NA,280,NA
2015,3,5,18,-9.6,933,NA,280,NA
2015,3,5,21,-9.2,933.2,3,120,NA
2015,3,6,0,-9.4,933.4,2,130,NA
2015,3,6,3,-9.2,932.6,4,60,NA
2015,3,6,6,-9.3,931.9,5,30,NA
2015,3,6,9,-9.1,931.7,3,30,NA
2015,3,6,12,-9.2,930.5,NA,30,NA
2015,3,6,15,-10.7,929.3,3,10,NA
2015,3,6,18,-11.1,928.7,NA,NA,NA
2015,3,6,21,-10.2,928.3,NA,40,NA
2015,3,7,0,-9,927.7,NA,20,NA
2015,3,7,3,-9.8,926.7,NA,20,NA
2015,3,7,6,-9.8,926.6,NA,350,NA
2015,3,7,9,-10.4,927.1,NA,10,NA
2015,3,7,12,-9.9,928.4,NA,0,NA
2015,3,7,15,-11,929,NA,240,NA
2015,3,7,18,-11.2,929.2,2,60,NA
2015,3,7,21,-10.7,928.9,NA,50,NA
2015,3,8,0,-9.9,928.3,NA,50,NA
2015,3,8,3,-9.7,927.8,NA,50,NA
2015,3,8,6,-10.7,928.2,NA,260,NA
2015,3,8,9,-11.3,927.8,4,260,NA
2015,3,8,12,-12.5,926.9,NA,240,NA
2015,3,8,15,-12.8,926.8,NA,250,NA
2015,3,8,18,-13,926.7,NA,250,NA
2015,3,8,21,-12.4,927.4,NA,270,NA
2015,3,9,0,-9.5,927.9,NA,0,NA
2015,3,9,3,-9.5,928.6,1,240,NA
2015,3,9,6,-10.5,929.5,1,230,NA
2015,3,9,9,-10.5,930.7,NA,NA,NA
2015,3,9,12,-10.1,931.7,1,40,NA
2015,3,9,15,-9.7,933,NA,NA,NA
2015,3,9,18,-9.3,934.6,NA,NA,NA
2015,3,9,21,-10.2,936.2,1,190,NA
2015,3,10,0,-12,937.3,2,260,NA
2015,3,10,3,-9.3,937.4,NA,NA,NA
2015,3,10,6,-11.4,937.2,1,250,NA
2015,3,10,9,-13.2,936.9,NA,NA,NA
2015,3,10,12,-12,935.9,NA,NA,NA
2015,3,10,15,-12.2,934.3,NA,NA,NA
2015,3,10,18,-12.4,932.3,NA,NA,NA
2015,3,10,21,-11.3,930.2,NA,NA,NA
2015,3,11,0,-9.9,927.8,NA,NA,NA
2015,3,11,3,-10.7,925.5,NA,NA,NA
2015,3,11,6,-10.9,923.4,NA,NA,NA
2015,3,11,9,-13.6,922.3,NA,NA,NA
2015,3,11,12,-13.7,922.7,NA,NA,NA
2015,3,11,15,-14,921.5,29,240,NA
2015,3,11,18,-14.9,924.3,NA,NA,NA
2015,3,11,21,-15.4,925.2,NA,NA,NA
2015,3,12,0,-15.2,925.5,22,NA,NA
2015,3,12,3,-14.5,NA,NA,250,NA
2015,3,12,6,-15.1,924.3,NA,240,NA
2015,3,12,9,-15.9,925.6,NA,240,NA
2015,3,12,12,-15.2,925.4,NA,0,NA
2015,3,12,15,-15.9,925.8,NA,190,NA
2015,3,12,18,-16,926.2,3,200,NA
2015,3,12,21,-16,926.2,3,170,NA
2015,3,13,0,-17.1,925.3,NA,230,NA
2015,3,13,3,-17.3,924,NA,240,NA
2015,3,13,6,-18.1,923.4,NA,250,NA
2015,3,13,9,-18.9,923.2,NA,280,NA
2015,3,13,12,-18.3,922.8,NA,260,NA
2015,3,13,15,-18.2,922.1,NA,270,NA
2015,3,13,18,-14.9,921.3,NA,0,NA
2015,3,13,21,-13.8,920.3,NA,270,NA
2015,3,14,0,-14.9,919.8,4,250,NA
2015,3,14,3,-16.6,918.7,NA,240,NA
2015,3,14,6,-15.7,918.5,NA,230,NA
2015,3,14,9,-16.6,918.6,NA,230,NA
2015,3,14,12,-16.8,919.3,NA,240,NA
2015,3,14,15,-17.7,920.3,18,240,NA
2015,3,14,18,-18.5,920.4,NA,250,NA
2015,3,14,21,-18.9,922,21,250,NA
2015,3,15,0,-18.7,924.2,NA,240,NA
2015,3,15,3,-18.9,925.3,NA,240,NA
2015,3,15,6,-19.1,925.9,NA,240,NA
2015,3,15,9,-19.1,925.4,NA,190,NA
2015,3,15,12,-19.5,924.3,NA,260,NA
2015,3,15,15,-19.3,922.9,NA,80,NA
2015,3,15,18,-18.6,920.7,NA,40,NA
2015,3,15,21,-17.6,918.5,NA,70,NA
2015,3,16,0,-15.4,916.4,NA,250,NA
2015,3,16,3,-17.9,916.4,NA,210,NA
2015,3,16,6,-18.6,916.8,NA,210,NA
2015,3,16,9,-19,916.4,NA,40,NA
2015,3,16,12,-18.5,917.5,1,340,NA
2015,3,16,15,-20.1,918,4,200,NA
2015,3,16,18,-21.1,918.7,NA,210,NA
2015,3,16,21,-21.6,920.3,NA,200,NA
2015,3,17,0,-21.9,921.9,NA,230,NA
2015,3,17,3,-22.3,923.2,15,240,NA
2015,3,17,6,-23.2,924.8,NA,240,NA
2015,3,17,9,-24.2,926.9,NA,250,NA
2015,3,17,12,-23.5,928.2,13,240,NA
2015,3,17,15,-24.3,929,14,240,NA
2015,3,17,18,-24.8,930,NA,250,NA
2015,3,17,21,-23.7,929.9,NA,240,NA
2015,3,18,0,-23.2,930.4,NA,270,NA
2015,3,18,3,-21.3,930.3,NA,100,NA
2015,3,18,6,-21.9,930.1,4,80,NA
2015,3,18,9,-22.4,928.3,NA,340,NA
2015,3,18,12,-18.4,927.2,NA,20,NA
2015,3,18,15,NA,926.1,NA,10,NA
2015,3,18,18,-13.4,925.2,NA,20,NA
2015,3,18,21,-17.7,926.8,NA,250,NA
2015,3,19,0,NA,930.3,NA,250,NA
2015,3,19,3,-20.3,931,NA,230,NA
2015,3,19,6,-19.7,932.7,NA,250,NA
2015,3,19,9,-18.8,933.3,NA,10,NA
2015,3,19,12,-16,931.8,NA,30,NA
2015,3,19,15,-16.4,929.8,NA,20,NA
2015,3,19,18,-16.6,928.9,NA,40,NA
2015,3,19,21,-15.1,928.9,NA,250,NA
2015,3,20,0,NA,929.9,NA,260,NA
2015,3,20,3,-15.5,931.6,NA,200,NA
2015,3,20,6,-16.3,932.2,NA,250,NA
2015,3,20,9,-14.5,932,NA,40,NA
2015,3,20,12,-13.7,930.4,NA,40,NA
2015,3,20,15,-14.7,928.8,NA,50,NA
2015,3,20,18,-15,927.6,NA,50,NA
2015,3,20,21,-15.1,927.1,NA,0,NA
2015,3,21,0,-16.4,925.5,NA,260,NA
2015,3,21,3,-16,924,NA,230,NA
2015,3,21,6,-16.1,923.2,12,NA,NA
2015,3,21,9,-16.7,922.5,NA,NA,NA
2015,3,21,12,-16.1,922.9,14,NA,NA
2015,3,21,15,-16,922.6,NA,NA,NA
2015,3,21,18,-16,922.1,NA,NA,NA
2015,3,21,21,-15.9,921.1,NA,40,NA
2015,3,22,0,-15.4,919.4,NA,50,NA
2015,3,22,3,-15.6,917.8,4,60,NA
2015,3,22,6,-16.8,916.1,NA,20,NA
2015,3,22,9,-17.1,914.6,NA,30,NA
2015,3,22,12,-17.5,913,NA,20,NA
2015,3,22,15,-16.9,911.8,NA,20,NA
2015,3,22,18,-15.7,911.1,NA,30,NA
2015,3,22,21,-15.9,911,NA,0,NA
2015,3,23,0,-18.5,910.5,NA,250,NA
2015,3,23,3,-17.5,909.7,NA,250,NA
2015,3,23,6,-17.7,909.1,5,230,NA
2015,3,23,9,-18.5,908.8,4,230,NA
2015,3,23,12,-18.2,907.9,4,210,NA
2015,3,23,15,-18.5,907.1,3,240,NA
2015,3,23,18,-18.4,905.8,NA,NA,NA
2015,3,23,21,-18.6,903.7,1,30,NA
2015,3,24,0,-18.3,901.6,1,40,NA
2015,3,24,3,-18.5,899.3,2,40,NA
2015,3,24,6,-18.2,897.7,2,50,NA
2015,3,24,9,-18.2,897.2,NA,NA,NA
2015,3,24,12,-17.8,897.1,NA,NA,NA
2015,3,24,15,-18.4,897.7,NA,NA,NA
2015,3,24,18,-19.5,898.9,1,280,NA
2015,3,24,21,-19.7,900.3,3,250,NA
2015,3,25,0,-18.3,902.1,2,240,NA
2015,3,25,3,-19.5,903.8,3,NA,NA
2015,3,25,6,-20.6,905.5,4,NA,NA
2015,3,25,9,-20.7,907.2,5,NA,NA
2015,3,25,12,-20.8,908.6,5,NA,NA
2015,3,25,15,-20.8,910.6,4,250,NA
2015,3,25,18,-20.8,912.4,4,240,NA
2015,3,25,21,-20,913.3,4,240,NA
2015,3,26,0,-19.5,915.1,3,230,NA
2015,3,26,3,-19.2,916.1,NA,230,NA
2015,3,26,6,-18,917.6,7,230,NA
2015,3,26,9,-18.5,918.5,8,240,NA
2015,3,26,12,-18.2,918.6,9,240,NA
2015,3,26,15,-18.3,920,6,240,NA
2015,3,26,18,-19,919.9,NA,250,NA
2015,3,26,21,-18.6,919.9,NA,0,NA
2015,3,27,0,-18.2,919.2,NA,NA,NA
2015,3,27,3,-18.1,918.6,2,270,NA
2015,3,27,6,-20.4,917.8,2,30,NA
2015,3,27,9,-19.2,916.3,3,20,NA
2015,3,27,12,-19.4,914.7,1,20,NA
2015,3,27,15,-20.3,914.1,NA,NA,NA
2015,3,27,18,-19.2,913.7,NA,NA,NA
2015,3,27,21,-20.3,913.6,NA,240,NA
2015,3,28,0,-21.2,912.9,NA,230,NA
2015,3,28,3,-21.6,913.1,12,230,NA
2015,3,28,6,-23.1,913.1,NA,230,NA
2015,3,28,9,-23.3,913.4,NA,240,NA
2015,3,28,12,-23.6,914.2,NA,240,NA
2015,3,28,15,-23.2,915.2,NA,230,NA
2015,3,28,18,-23.6,915.6,NA,230,NA
2015,3,28,21,-23.8,916.6,NA,240,NA
2015,3,29,0,-21.8,917.7,NA,250,NA
2015,3,29,3,-21.9,917.7,5,70,NA
2015,3,29,6,-23.5,917.7,5,50,NA
2015,3,29,9,-23,917.8,5,40,NA
2015,3,29,12,-21.3,918,6,40,NA
2015,3,29,15,-20.5,917.2,NA,320,NA
2015,3,29,18,-21.7,915.8,NA,240,NA
2015,3,29,21,-24,914.3,NA,NA,NA
2015,3,30,0,-23,915,NA,NA,NA
2015,3,30,3,-22.1,916.3,NA,NA,NA
2015,3,30,6,-22.1,917.8,NA,260,NA
2015,3,30,9,-21.5,919.2,NA,40,NA
2015,3,30,12,-20.9,919.7,NA,50,NA
2015,3,30,15,-21.2,920.1,7,40,NA
2015,3,30,18,-22,920.7,7,10,NA
2015,3,30,21,-21.8,921.6,5,30,NA
2015,3,31,0,-20.9,922.6,6,30,NA
2015,3,31,3,-19.8,923.7,2,270,NA
2015,3,31,6,-19.9,923.8,NA,240,NA
2015,3,31,9,-19.9,923.7,NA,260,NA
2015,3,31,12,-20,922.6,NA,250,NA
2015,3,31,15,-21.7,920.2,NA,250,NA
2015,3,31,18,-19.8,918.6,NA,220,NA
2015,3,31,21,-20.2,914.6,NA,230,NA
2015,4,1,0,-19.7,913.4,NA,NA,NA
2015,4,1,3,-19.6,913.5,NA,NA,NA
2015,4,1,6,-19,915.3,NA,NA,NA
2015,4,1,9,-19.2,914.8,NA,NA,NA
2015,4,1,12,-19.2,915.6,NA,NA,NA
2015,4,1,15,-19.4,915.1,59,NA,NA
2015,4,1,18,-19.8,917.6,NA,NA,NA
2015,4,1,21,-20.5,920.7,NA,NA,NA
2015,4,2,0,-19.6,921.8,NA,240,NA
2015,4,2,3,-19.8,924.1,NA,220,NA
2015,4,2,6,-19.2,924.3,NA,220,NA
2015,4,2,9,-20.5,924.3,NA,230,NA
2015,4,2,12,-20.5,923.7,NA,250,NA
2015,4,2,15,-20.7,922.3,NA,50,NA
2015,4,2,18,-20.3,920.5,5,50,NA
2015,4,2,21,-20,919.4,3,30,NA
2015,4,3,0,-20,918.7,NA,0,NA
2015,4,3,3,-19.8,917.7,NA,NA,NA
2015,4,3,6,-20.3,917.8,1,230,NA
2015,4,3,9,-21.8,917.4,NA,220,NA
2015,4,3,12,-22.2,916.4,NA,230,NA
2015,4,3,15,-23.2,915.9,NA,220,NA
2015,4,3,18,-23.8,914.8,NA,230,NA
2015,4,3,21,-23.9,916,NA,230,NA
2015,4,4,0,-25.3,NA,NA,220,NA
2015,4,4,3,-25.2,917.3,NA,220,NA
2015,4,4,6,-25.4,918.2,NA,210,NA
2015,4,4,9,-26.7,918.2,NA,210,NA
2015,4,4,12,-27.9,918.5,NA,220,NA
2015,4,4,15,-28.9,918,12,250,NA
2015,4,4,18,-30,918.4,NA,230,NA
2015,4,4,21,-30.7,918.5,NA,240,NA
2015,4,5,0,-29.6,918.6,NA,90,NA
2015,4,5,3,-29.5,918.2,NA,60,NA
2015,4,5,6,-30.1,917.5,NA,60,NA
2015,4,5,9,-30.3,916.6,7,50,NA
2015,4,5,12,-30.6,915.8,NA,20,NA
2015,4,5,15,-31,915.2,NA,0,NA
2015,4,5,18,-31.3,915.1,NA,240,NA
2015,4,5,21,-31,916.3,NA,240,NA
2015,4,6,0,-31.5,917,7,250,NA
2015,4,6,3,-27.1,918.4,NA,230,NA
2015,4,6,6,-27.5,919.6,NA,0,NA
2015,4,6,9,-27.2,921.1,1,240,NA
2015,4,6,12,-24.7,922.6,1,230,NA
2015,4,6,15,-24.8,924.2,NA,NA,NA
2015,4,6,18,-24.6,925.4,2,20,NA
2015,4,6,21,-24.4,926.4,NA,20,NA
2015,4,7,0,-23.7,927.5,NA,20,NA
2015,4,7,3,-22.4,928.2,NA,0,NA
2015,4,7,6,-23.5,929.6,NA,320,NA
2015,4,7,9,-21,930,2,280,NA
2015,4,7,12,NA,930.1,1,30,NA
2015,4,7,15,-17.2,929.7,4,260,NA
2015,4,7,18,-17.4,929,NA,240,NA
2015,4,7,21,-17.2,928.1,NA,250,NA
2015,4,8,0,-19.3,927.7,NA,240,NA
2015,4,8,3,-19.2,926.5,NA,250,NA
2015,4,8,6,-20.7,926.3,NA,240,NA
2015,4,8,9,-21.4,925.7,NA,250,NA
2015,4,8,12,-20.6,924.3,NA,230,NA
2015,4,8,15,-20.8,923.4,NA,230,NA
2015,4,8,18,-20.2,922,NA,NA,NA
2015,4,8,21,-20.4,921.8,37,NA,NA
2015,4,9,0,-19.8,920.4,40,NA,NA
2015,4,9,3,-20,920,41,NA,NA
2015,4,9,6,-20,919.8,41,NA,NA
2015,4,9,9,-20.2,920.4,38,NA,NA
2015,4,9,12,-20.3,920.9,NA,240,NA
2015,4,9,15,-20,921.8,36,230,NA
2015,4,9,18,-20.1,922.7,NA,230,NA
2015,4,9,21,-20.8,922.7,NA,240,NA
2015,4,10,0,-20.9,923.2,28,240,NA
2015,4,10,3,-21.8,923.2,NA,230,NA
2015,4,10,6,-23.1,923.5,NA,250,NA
2015,4,10,9,-23,924.2,NA,260,NA
2015,4,10,12,-23.4,923.4,NA,240,NA
2015,4,10,15,-24.3,923.1,8,250,NA
2015,4,10,18,-24.9,922.7,NA,240,NA
2015,4,10,21,-25.3,923.2,NA,250,NA
2015,4,11,0,-25.4,923.9,12,240,NA
2015,4,11,3,-25.7,924.6,NA,230,NA
2015,4,11,6,-26.9,924.9,13,NA,NA
2015,4,11,9,-26.9,925.3,9,NA,NA
2015,4,11,12,-26.8,924.9,10,NA,NA
2015,4,11,15,-25.8,924.1,NA,NA,NA
2015,4,11,18,-26.3,924.7,NA,NA,NA
2015,4,11,21,-27.6,924.5,NA,270,NA
2015,4,12,0,-24.7,924.6,NA,290,NA
2015,4,12,3,-24.9,923.7,NA,70,NA
2015,4,12,6,-26.2,922,NA,50,NA
2015,4,12,9,-26.9,921.1,8,40,NA
2015,4,12,12,-27.6,920.5,7,30,NA
2015,4,12,15,-27.7,918.8,6,50,NA
2015,4,12,18,-28.3,916,NA,60,NA
2015,4,12,21,-28.5,914,2,100,NA
2015,4,13,0,-28.6,913.4,2,160,NA
2015,4,13,3,-29.2,913.1,NA,230,NA
2015,4,13,6,-29.3,913.5,6,230,NA
2015,4,13,9,-30.1,913.2,NA,240,NA
2015,4,13,12,-30.9,912.2,NA,230,NA
2015,4,13,15,-31.2,911.2,NA,240,NA
2015,4,13,18,-30.9,914.3,NA,220,NA
2015,4,13,21,-31.2,915.1,NA,240,NA
2015,4,14,0,-30.9,916.6,NA,250,NA
2015,4,14,3,-29.9,917,NA,240,NA
2015,4,14,6,-29.6,917.3,NA,240,NA
2015,4,14,9,-28.4,918.7,10,230,NA
2015,4,14,12,-27,920.1,NA,50,NA
2015,4,14,15,-23.6,920.9,NA,20,NA
2015,4,14,18,NA,921.2,6,320,NA
2015,4,14,21,-20.1,921,6,350,NA
2015,4,15,0,-18.5,920.6,NA,10,NA
2015,4,15,3,-22.8,919.6,NA,250,NA
2015,4,15,6,-20.7,919,NA,280,NA
2015,4,15,9,-21.4,917.7,NA,280,NA
2015,4,15,12,-22.3,916.8,1,100,NA
2015,4,15,15,-22.7,915.3,NA,40,NA
2015,4,15,18,-22.3,914.4,NA,20,NA
2015,4,15,21,-24.7,914.9,NA,230,NA
2015,4,16,0,-24.9,914.5,5,80,NA
2015,4,16,3,-25.9,913.8,7,20,NA
2015,4,16,6,-25.2,911.1,NA,30,NA
2015,4,16,9,-26.1,909.7,NA,20,NA
2015,4,16,12,-24.3,907.5,17,30,NA
2015,4,16,15,-24.8,905.1,NA,260,NA
2015,4,16,18,-26,904.9,NA,250,NA
2015,4,16,21,-24.7,904.7,NA,230,NA
2015,4,17,0,-28.5,905.7,NA,240,NA
2015,4,17,3,-25.3,906.4,9,240,NA
2015,4,17,6,-24.1,907.4,5,250,NA
2015,4,17,9,-24,907.8,NA,350,NA
2015,4,17,12,-25.5,907.7,NA,240,NA
2015,4,17,15,-26.1,906.4,NA,230,NA
2015,4,17,18,-26.5,906.7,NA,NA,NA
2015,4,17,21,-25.9,907.3,NA,NA,NA
2015,4,18,0,-26.2,909.2,NA,NA,NA
2015,4,18,3,-26.4,909.4,NA,250,NA
2015,4,18,6,-26.5,909.2,NA,240,NA
2015,4,18,9,-26.9,909,13,230,NA
2015,4,18,12,-25,908.3,NA,230,NA
2015,4,18,15,-24.6,909.5,NA,240,NA
2015,4,18,18,-24.5,911,NA,250,NA
2015,4,18,21,-24.3,911.7,NA,180,NA
2015,4,19,0,-24.8,911.9,NA,250,NA
2015,4,19,3,-24.4,911.4,3,60,NA
2015,4,19,6,-24.7,910.8,NA,20,NA
2015,4,19,9,-24.6,910.3,NA,20,NA
2015,4,19,12,-25.2,909.8,8,60,NA
2015,4,19,15,-26.2,908.9,NA,270,NA
2015,4,19,18,-27.2,907.8,NA,250,NA
2015,4,19,21,-26.8,907.2,NA,250,NA
2015,4,20,0,-29,907.6,NA,230,NA
2015,4,20,3,-29,908.3,NA,230,NA
2015,4,20,6,-29.3,909.5,NA,230,NA
2015,4,20,9,-29.9,911.1,20,240,NA
2015,4,20,12,-30.1,912.4,NA,240,NA
2015,4,20,15,-30.4,912.9,23,230,NA
2015,4,20,18,-31.1,913,25,240,NA
2015,4,20,21,-31.4,915.1,NA,240,NA
2015,4,21,0,-31.2,915.7,NA,230,NA
2015,4,21,3,-32,916,NA,250,NA
2015,4,21,6,-31.9,915.9,NA,90,NA
2015,4,21,9,-31.8,915.8,NA,40,NA
2015,4,21,12,-31.6,915.5,NA,30,NA
2015,4,21,15,-33,914.6,NA,10,NA
2015,4,21,18,-32.6,915,NA,20,NA
2015,4,21,21,-33.5,917.6,NA,230,NA
2015,4,22,0,-29.9,919.1,NA,230,NA
2015,4,22,3,NA,918.8,NA,230,NA
2015,4,22,6,NA,918.3,NA,240,NA
2015,4,22,9,-22.3,917.6,NA,240,NA
2015,4,22,12,-20.5,917.9,NA,250,NA
2015,4,22,15,-20.8,918.2,NA,240,NA
2015,4,22,18,-24.2,917.8,NA,260,NA
2015,4,22,21,-22.6,918.2,NA,240,NA
2015,4,23,0,-21.2,918,NA,210,NA
2015,4,23,3,-19.1,918.5,NA,240,NA
2015,4,23,6,-19.4,918.6,NA,250,NA
2015,4,23,9,-21.2,918,NA,240,NA
2015,4,23,12,-22.7,917.7,NA,220,NA
2015,4,23,15,-22.2,918.5,NA,10,NA
2015,4,23,18,-20.9,917,NA,240,NA
2015,4,23,21,NA,917,NA,250,NA
2015,4,24,0,NA,916.6,NA,240,NA
2015,4,24,3,-14.9,916.6,NA,240,NA
2015,4,24,6,-14.3,918.1,NA,220,NA
2015,4,24,9,-14.8,918.9,NA,280,NA
2015,4,24,12,-14.9,919.3,NA,260,NA
2015,4,24,15,-17.3,919.1,NA,230,NA
2015,4,24,18,-17.5,918.7,11,230,NA
2015,4,24,21,-15.2,917.5,NA,250,NA
2015,4,25,0,-13.9,914.6,NA,240,NA
2015,4,25,3,-14.8,912.1,NA,250,NA
2015,4,25,6,-14.4,913.1,NA,240,NA
2015,4,25,9,-13.1,911.5,NA,NA,NA
2015,4,25,12,-14.2,909.2,NA,NA,NA
2015,4,25,15,-14.1,905.8,NA,NA,NA
2015,4,25,18,-17.8,911.1,NA,210,NA
2015,4,25,21,NA,908.5,NA,230,NA
2015,4,26,0,-18.9,910.1,NA,NA,NA
2015,4,26,3,-19.3,916.2,NA,NA,NA
2015,4,26,6,-18.9,918.4,NA,NA,NA
2015,4,26,9,-19.3,921.5,NA,230,NA
2015,4,26,12,-19.5,922.8,NA,230,NA
2015,4,26,15,-20,921.9,NA,220,NA
2015,4,26,18,-20.5,921.2,2,240,NA
2015,4,26,21,-19.9,920.4,1,50,NA
2015,4,27,0,-24,919.9,2,10,NA
2015,4,27,3,-23.5,919.8,3,80,NA
2015,4,27,6,-25,920,NA,NA,NA
2015,4,27,9,-25.6,920.1,2,220,NA
2015,4,27,12,-26.1,919.8,3,240,NA
2015,4,27,15,-26.3,919.3,3,250,NA
2015,4,27,18,-26.9,919.1,4,240,NA
2015,4,27,21,-27.5,919.1,3,240,NA
2015,4,28,0,-28,919.7,5,250,NA
2015,4,28,3,-27.7,920.5,3,220,NA
2015,4,28,6,-28.3,921.2,3,250,NA
2015,4,28,9,-28.1,922.3,3,240,NA
2015,4,28,12,-28,923.5,2,240,NA
2015,4,28,15,-28.8,924.3,2,270,NA
2015,4,28,18,-27.8,925.1,NA,NA,NA
2015,4,28,21,-27.4,925.5,NA,NA,NA
2015,4,29,0,-27.4,926.4,2,260,NA
2015,4,29,3,-25.3,926,NA,240,NA
2015,4,29,6,-25.4,926,6,240,NA
2015,4,29,9,-25.3,925.8,3,260,NA
2015,4,29,12,-25.1,925.6,NA,0,NA
2015,4,29,15,-25.7,924.3,NA,0,NA
2015,4,29,18,-24.3,923.2,1,80,NA
2015,4,29,21,-23.7,921.7,4,270,NA
2015,4,30,0,-22.8,920.3,1,230,NA
2015,4,30,3,-22.5,918.7,2,10,NA
2015,4,30,6,-23.6,917,3,290,NA
2015,4,30,9,-21.7,915.8,NA,NA,NA
2015,4,30,12,-22.1,914.3,NA,20,NA
2015,4,30,15,-23,912.9,NA,20,NA
2015,4,30,18,-21.6,911.2,NA,20,NA
2015,4,30,21,-21.8,910.4,NA,360,NA
2015,5,1,0,-22.5,910.1,NA,20,NA
2015,5,1,3,-23.7,910.1,NA,30,NA
2015,5,1,6,-25.9,910.5,NA,30,NA
2015,5,1,9,-26.5,911.3,NA,70,NA
2015,5,1,12,-27.3,911.7,5,280,NA
2015,5,1,15,-28.1,911.8,NA,270,NA
2015,5,1,18,-28.2,912.2,NA,0,NA
2015,5,1,21,-28.9,912,2,60,NA
2015,5,2,0,-28.1,911.6,NA,20,NA
2015,5,2,3,-26.5,910.3,NA,20,NA
2015,5,2,6,-27,909.3,NA,20,NA
2015,5,2,9,-26.7,909,NA,190,NA
2015,5,2,12,-26.6,908.9,NA,240,NA
2015,5,2,15,-26.6,909.6,NA,250,NA
2015,5,2,18,-25.8,911.6,NA,230,NA
2015,5,2,21,-28.8,912.8,NA,250,NA
2015,5,3,0,-29.3,914,NA,240,NA
2015,5,3,3,-26.7,914.9,NA,NA,NA
2015,5,3,6,-26.1,916.5,NA,NA,NA
2015,5,3,9,-24.8,917,NA,230,NA
2015,5,3,12,-24,916.9,NA,250,NA
2015,5,3,15,-23.6,918.7,NA,240,NA
2015,5,3,18,-22.4,920,NA,NA,NA
2015,5,3,21,-22.2,919.8,51,NA,NA
2015,5,4,0,-21.7,922.2,NA,NA,NA
2015,5,4,3,-21.1,923.4,NA,NA,NA
2015,5,4,6,-21.6,922.9,NA,260,NA
2015,5,4,9,-21.7,921.2,NA,60,NA
2015,5,4,12,-20.9,918.8,NA,10,NA
2015,5,4,15,-21.3,917.4,NA,60,NA
2015,5,4,18,-21.9,916.1,NA,350,NA
2015,5,4,21,-22.3,915.6,1,20,NA
2015,5,5,0,-23.4,915.5,NA,30,NA
2015,5,5,3,-22.7,916,NA,40,NA
2015,5,5,6,-22.8,917.5,NA,70,NA
2015,5,5,9,-24.9,919,NA,210,NA
2015,5,5,12,-25.3,920.3,2,250,NA
2015,5,5,15,-26.7,921.1,NA,240,NA
2015,5,5,18,-27.3,922.3,NA,230,NA
2015,5,5,21,-26.8,924.1,NA,220,NA
2015,5,6,0,-25.2,926.6,NA,220,NA
2015,5,6,3,-23.5,926.7,NA,240,NA
2015,5,6,6,-20.4,927.3,NA,240,NA
2015,5,6,9,NA,928.1,NA,230,NA
2015,5,6,12,-15.8,927.9,NA,250,NA
2015,5,6,15,-14.3,928.5,NA,240,NA
2015,5,6,18,-15.3,929.6,NA,240,NA
2015,5,6,21,-17.6,928.1,NA,230,NA
2015,5,7,0,-14.8,931.8,NA,240,NA
2015,5,7,3,-14.6,931.8,NA,330,NA
2015,5,7,6,-14.3,931.6,NA,230,NA
2015,5,7,9,-16,931.4,6,250,NA
2015,5,7,12,-16.7,930.1,NA,260,NA
2015,5,7,15,-16.3,929.9,NA,280,NA
2015,5,7,18,-15.5,928.1,NA,30,NA
2015,5,7,21,-16.9,926,NA,20,NA
2015,5,8,0,-16,924.6,NA,20,NA
2015,5,8,3,-15.4,923.5,17,20,NA
2015,5,8,6,-17.7,923.3,NA,40,NA
2015,5,8,9,-18.2,923.2,NA,240,NA
2015,5,8,12,-18.4,923.1,6,250,NA
2015,5,8,15,-21.4,923.9,7,230,NA
2015,5,8,18,-21.8,925.1,3,240,NA
2015,5,8,21,-21.8,926.2,NA,10,NA
2015,5,9,0,-23.2,927.9,2,20,NA
2015,5,9,3,-23.2,930,2,20,NA
2015,5,9,6,-24.1,931.7,3,80,NA
2015,5,9,9,-24.1,932.8,6,50,NA
2015,5,9,12,-24.1,934.2,7,40,NA
2015,5,9,15,-23.7,936.1,7,40,NA
2015,5,9,18,-23.3,937.5,5,40,NA
2015,5,9,21,-23.9,939.7,5,10,NA
2015,5,10,0,-22.8,940.9,3,30,NA
2015,5,10,3,-22.6,941.5,5,40,NA
2015,5,10,6,-22.6,941.9,3,260,NA
2015,5,10,9,-21.8,941.6,NA,0,NA
2015,5,10,12,-20.6,940.6,3,230,NA
2015,5,10,15,-19.1,938.8,2,260,NA
2015,5,10,18,-18.4,936.6,NA,NA,NA
2015,5,10,21,-18.5,934.2,NA,NA,NA
2015,5,11,0,-19.7,932.4,NA,250,NA
2015,5,11,3,-18,931.5,NA,250,NA
2015,5,11,6,NA,929.8,NA,40,NA
2015,5,11,9,NA,928.2,NA,20,NA
2015,5,11,12,-12,926,NA,320,NA
2015,5,11,15,-15,923.6,NA,50,NA
2015,5,11,18,NA,922.5,NA,240,NA
2015,5,11,21,NA,923.2,NA,210,NA
2015,5,12,0,-22.3,920.8,NA,220,NA
2015,5,12,3,-23.6,918.1,NA,240,NA
2015,5,12,6,-25,916.4,NA,230,NA
2015,5,12,9,-25.4,916.5,NA,240,NA
2015,5,12,12,-25.6,915.3,NA,240,NA
2015,5,12,15,-25.7,914.8,NA,230,NA
2015,5,12,18,-25.7,916.9,NA,220,NA
2015,5,12,21,-25.8,919.5,NA,220,NA
2015,5,13,0,-25.4,922.4,NA,230,NA
2015,5,13,3,-25,924.4,NA,230,NA
2015,5,13,6,-25,926.4,NA,250,NA
2015,5,13,9,-25.5,927.1,NA,250,NA
2015,5,13,12,-25.7,925.3,NA,50,NA
2015,5,13,15,-25.7,922.1,NA,20,NA
2015,5,13,18,-27.1,918.6,NA,10,NA
2015,5,13,21,-27.6,916.4,NA,240,NA
2015,5,14,0,-24.6,914.9,NA,250,NA
2015,5,14,3,-26.4,913.7,3,230,NA
2015,5,14,6,NA,913.7,NA,250,NA
2015,5,14,9,NA,914.8,NA,110,NA
2015,5,14,12,-26.2,916.7,NA,320,NA
2015,5,14,15,-26.4,917.6,NA,NA,NA
2015,5,14,18,-25.4,917.7,NA,20,NA
2015,5,14,21,-24.8,917.6,NA,30,NA
2015,5,15,0,-25.1,917,NA,20,NA
2015,5,15,3,-24.6,915.7,NA,30,NA
2015,5,15,6,-25.7,914.1,20,10,NA
2015,5,15,9,-26.4,913.2,NA,360,NA
2015,5,15,12,-26.5,911.9,NA,10,NA
2015,5,15,15,-26.8,910.8,NA,330,NA
2015,5,15,18,-27.8,910.3,NA,250,NA
2015,5,15,21,-30,909.6,NA,230,NA
2015,5,16,0,-30.5,911.4,NA,220,NA
2015,5,16,3,-29.8,912.6,NA,250,NA
2015,5,16,6,-29.4,914.3,NA,250,NA
2015,5,16,9,-29.6,916.3,10,230,NA
2015,5,16,12,-29.6,918,14,NA,NA
2015,5,16,15,-29.6,918.9,NA,NA,NA
2015,5,16,18,-29.4,919.6,NA,NA,NA
2015,5,16,21,-29.4,922.3,NA,NA,NA
2015,5,17,0,-29.4,922.3,NA,NA,NA
2015,5,17,3,-29.5,921.8,NA,240,NA
2015,5,17,6,-30.1,921.6,NA,220,NA
2015,5,17,9,-29.7,921.1,NA,240,NA
2015,5,17,12,-30.6,919.6,NA,250,NA
2015,5,17,15,-30.2,918.8,NA,240,NA
2015,5,17,18,-29.8,917.9,NA,250,NA
2015,5,17,21,-28.6,916.8,NA,350,NA
2015,5,18,0,-28.6,915.7,5,40,NA
2015,5,18,3,-26.6,914.2,NA,20,NA
2015,5,18,6,-26.5,913.1,7,20,NA
2015,5,18,9,-26.4,912.1,NA,30,NA
2015,5,18,12,-28.5,911.2,NA,350,NA
2015,5,18,15,-27.6,910.8,NA,270,NA
2015,5,18,18,-27.6,909.9,NA,240,NA
2015,5,18,21,-27.3,909.5,1,350,NA
2015,5,19,0,-24.6,909.3,2,20,NA
2015,5,19,3,-23.4,909.2,5,20,NA
2015,5,19,6,-24.5,908.7,NA,10,NA
2015,5,19,9,-27.5,908.3,2,260,NA
2015,5,19,12,-29,906.2,NA,260,NA
2015,5,19,15,-30.6,902.7,NA,230,NA
2015,5,19,18,-27.5,898.4,NA,240,NA
2015,5,19,21,-27.3,899,NA,NA,NA
2015,5,20,0,-27.3,901,60,NA,NA
2015,5,20,3,-26.4,902,NA,NA,NA
2015,5,20,6,-26,906.1,56,250,NA
2015,5,20,9,-24.7,910.3,NA,250,NA
2015,5,20,12,-24,917.2,NA,240,NA
2015,5,20,15,-22.8,919.8,NA,250,NA
2015,5,20,18,-24.3,922,NA,220,NA
2015,5,20,21,-23.5,922.3,NA,10,NA
2015,5,21,0,-22.9,919.5,NA,30,NA
2015,5,21,3,-24.1,916.8,NA,250,NA
2015,5,21,6,-22.6,914.5,NA,20,NA
2015,5,21,9,-23,913.1,NA,250,NA
2015,5,21,12,-20.8,912,NA,10,NA
2015,5,21,15,-23,910.6,4,70,NA
2015,5,21,18,-22.8,910.5,NA,200,NA
2015,5,21,21,-21,911.2,NA,250,NA
2015,5,22,0,NA,912.4,NA,250,NA
2015,5,22,3,-22.1,913.4,NA,240,NA
2015,5,22,6,-22.1,913.8,NA,230,NA
2015,5,22,9,-23,913.8,NA,240,NA
2015,5,22,12,-21.9,914.3,NA,240,NA
2015,5,22,15,-25.6,917.4,60,250,NA
2015,5,22,18,-23.5,916.7,NA,240,NA
2015,5,22,21,-22.9,915.8,NA,NA,NA
2015,5,23,0,-21.9,916.3,NA,NA,NA
2015,5,23,3,-21.1,919.5,NA,NA,NA
2015,5,23,6,-21.1,918.6,NA,NA,NA
2015,5,23,9,-20.4,918.6,NA,NA,NA
2015,5,23,12,-21.4,919.7,NA,NA,NA
2015,5,23,15,-21.8,922.6,NA,230,NA
2015,5,23,18,-22.1,923.9,NA,230,NA
2015,5,23,21,-22.3,925.8,NA,230,NA
2015,5,24,0,-23.5,926.7,NA,240,NA
2015,5,24,3,-23.1,927.3,NA,80,NA
2015,5,24,6,-23.9,925.8,NA,50,NA
2015,5,24,9,-24.5,925.4,NA,260,NA
2015,5,24,12,-24.1,923.7,NA,30,NA
2015,5,24,15,-24,922.4,NA,110,NA
2015,5,24,18,-24.6,923.8,NA,10,NA
2015,5,24,21,-24.1,924.9,NA,10,NA
2015,5,25,0,NA,925.6,5,20,NA
2015,5,25,3,NA,926.8,NA,30,NA
2015,5,25,6,-20.1,927.8,NA,20,NA
2015,5,25,9,-18.9,928.4,NA,50,NA
2015,5,25,12,-20.7,928.4,17,10,NA
2015,5,25,15,-19.7,927.7,NA,30,NA
2015,5,25,18,-19.8,926.2,NA,30,NA
2015,5,25,21,-19.9,924.9,NA,20,NA
2015,5,26,0,-20.1,923.6,NA,30,NA
2015,5,26,3,-21.2,921.7,NA,20,NA
2015,5,26,6,-21.8,920.2,NA,40,NA
2015,5,26,9,-21.8,917.9,NA,0,NA
2015,5,26,12,-25.5,915.6,NA,360,NA
2015,5,26,15,-25.9,913.3,NA,330,NA
2015,5,26,18,-25.2,911.4,NA,10,NA
2015,5,26,21,-24.9,910.4,NA,10,NA
2015,5,27,0,-25,910.9,NA,360,NA
2015,5,27,3,-24.7,911.6,2,10,NA
2015,5,27,6,-25.8,913.6,2,260,NA
2015,5,27,9,-26,916.1,4,220,NA
2015,5,27,12,-24,918.3,NA,210,NA
2015,5,27,15,-25,920.7,NA,230,NA
2015,5,27,18,-25.4,923.9,NA,240,NA
2015,5,27,21,-26.4,926.6,NA,230,NA
2015,5,28,0,-26.7,928.8,NA,240,NA
2015,5,28,3,-26.8,931,NA,230,NA
2015,5,28,6,-27.4,933.1,19,240,NA
2015,5,28,9,-27.2,935.9,18,240,NA
2015,5,28,12,-27.5,937.9,NA,240,NA
2015,5,28,15,-26.7,940.3,NA,220,NA
2015,5,28,18,-26.7,942.8,NA,250,NA
2015,5,28,21,-26.5,943.9,NA,70,NA
2015,5,29,0,-26.7,944.9,5,50,NA
2015,5,29,3,-26.8,945.2,3,40,NA
2015,5,29,6,-26.8,944.8,5,60,NA
2015,5,29,9,-27,944.3,1,90,NA
2015,5,29,12,-27.2,942.4,1,100,NA
2015,5,29,15,-27.5,940.1,2,70,NA
2015,5,29,18,-27.3,938,NA,NA,NA
2015,5,29,21,-27.4,936.4,NA,NA,NA
2015,5,30,0,-27.4,934.9,NA,NA,NA
2015,5,30,3,-27.5,933.7,2,250,NA
2015,5,30,6,-28.1,933,NA,240,NA
2015,5,30,9,-27.4,933.9,NA,240,NA
2015,5,30,12,-26.8,934.6,NA,250,NA
2015,5,30,15,-25.3,934.9,NA,230,NA
2015,5,30,18,-24.4,936.5,NA,180,NA
2015,5,30,21,-26.4,935.3,NA,240,NA
2015,5,31,0,-26.6,934.7,NA,250,NA
2015,5,31,3,-26.8,934.2,11,230,NA
2015,5,31,6,-26.2,933.4,NA,260,NA
2015,5,31,9,-27.4,932,NA,250,NA
2015,5,31,12,-27.4,930.5,NA,240,NA
2015,5,31,15,-27.5,929.5,NA,240,NA
2015,5,31,18,-27.8,927.8,NA,230,NA
2015,5,31,21,-27.8,926.7,NA,220,NA
2015,6,1,0,-28.2,922.5,NA,230,NA
2015,6,1,3,-28.6,919.9,NA,NA,NA
2015,6,1,6,-29.4,916.1,NA,NA,NA
2015,6,1,9,-29.6,915.1,NA,NA,NA
2015,6,1,12,-30,915.6,NA,NA,NA
2015,6,1,15,-29.3,917.9,56,NA,NA
2015,6,1,18,-27.6,919.2,NA,NA,NA
2015,6,1,21,-28.3,921.3,NA,NA,NA
2015,6,2,0,-26.4,920.2,NA,240,NA
2015,6,2,3,-24.8,922.6,NA,230,NA
2015,6,2,6,-23.5,923.4,NA,240,NA
2015,6,2,9,-21.6,921.3,NA,250,NA
2015,6,2,12,-20.8,918.3,NA,240,NA
2015,6,2,15,-21.2,919.3,NA,240,NA
2015,6,2,18,-19,915.3,NA,NA,NA
2015,6,2,21,-18.8,915.4,NA,NA,NA
2015,6,3,0,-17,916.9,52,240,NA
2015,6,3,3,-15.4,916.7,50,230,NA
2015,6,3,6,-13.8,918.8,NA,240,NA
2015,6,3,9,-17.2,920.1,NA,230,NA
2015,6,3,12,NA,917.8,NA,240,NA
2015,6,3,15,-16.7,916.9,NA,230,NA
2015,6,3,18,-19.2,917,NA,240,NA
2015,6,3,21,-19.5,913.5,NA,240,NA
2015,6,4,0,-19.4,912.6,NA,230,NA
2015,6,4,3,-21.3,913.6,NA,220,NA
2015,6,4,6,-23.4,911.6,NA,240,NA
2015,6,4,9,-23.8,913.2,NA,240,NA
2015,6,4,12,-22.3,912.4,NA,250,NA
2015,6,4,15,-20.9,912.8,NA,240,NA
2015,6,4,18,-19.1,913.1,NA,250,NA
2015,6,4,21,-17.7,911.9,37,240,NA
2015,6,5,0,-17.5,914.1,NA,240,NA
2015,6,5,3,-19,914.4,NA,220,NA
2015,6,5,6,-19.6,913.4,NA,230,NA
2015,6,5,9,-20.2,915.2,34,240,NA
2015,6,5,12,-20.4,915.3,35,240,NA
2015,6,5,15,-19.4,916.4,NA,230,NA
2015,6,5,18,-19.8,916,NA,240,NA
2015,6,5,21,-17.6,915.2,NA,230,NA
2015,6,6,0,-16.8,914.8,NA,240,NA
2015,6,6,3,-18.9,915.2,NA,230,NA
2015,6,6,6,-19.7,914,NA,NA,NA
2015,6,6,9,-19.1,913.7,NA,NA,NA
2015,6,6,12,-17,913,NA,240,NA
2015,6,6,15,-17.3,913.7,NA,220,NA
2015,6,6,18,-17.5,912,NA,270,NA
2015,6,6,21,-15.9,910.1,NA,340,NA
2015,6,7,0,NA,907.7,NA,10,NA
2015,6,7,3,-20.5,906.2,NA,240,NA
2015,6,7,6,-21,905.4,NA,180,NA
2015,6,7,9,-21.5,903.7,NA,240,NA
2015,6,7,12,-22.2,902.7,6,270,NA
2015,6,7,15,-22.5,902.5,7,240,NA
2015,6,7,18,-22.8,904.2,9,250,NA
2015,6,7,21,-21.9,907.9,6,220,NA
2015,6,8,0,-22.5,911.1,NA,180,NA
2015,6,8,3,-24.2,912.8,NA,240,NA
2015,6,8,6,-25,914.1,NA,230,NA
2015,6,8,9,-25.3,915.1,8,230,NA
2015,6,8,12,-26.6,915,NA,240,NA
2015,6,8,15,-25.7,914.7,8,240,NA
2015,6,8,18,-25.2,914.2,11,240,NA
2015,6,8,21,-26,913.9,NA,230,NA
2015,6,9,0,-21.9,913.9,NA,250,NA
2015,6,9,3,NA,912.7,NA,260,NA
2015,6,9,6,-19.5,908.7,NA,250,NA
2015,6,9,9,-21.7,909.5,NA,NA,NA
2015,6,9,12,-22.4,911.1,50,NA,NA
2015,6,9,15,-22.5,911.4,NA,NA,NA
2015,6,9,18,-22.4,911.7,NA,240,NA
2015,6,9,21,-23,912.8,NA,NA,NA
2015,6,10,0,-22.6,910.5,NA,NA,NA
2015,6,10,3,-22.9,914.3,NA,NA,NA
2015,6,10,6,-22.2,910.9,NA,NA,NA
2015,6,10,9,-23.4,914.3,NA,230,NA
2015,6,10,12,-23.2,909.3,NA,240,NA
2015,6,10,15,-23.9,912.7,NA,NA,NA
2015,6,10,18,-23.7,914.7,NA,NA,NA
2015,6,10,21,-22.8,914.6,NA,NA,NA
2015,6,11,0,-22.5,915.4,NA,230,NA
2015,6,11,3,-22.5,914.8,NA,240,NA
2015,6,11,6,-22.8,913,NA,40,NA
2015,6,11,9,-22.2,911.5,NA,350,NA
2015,6,11,12,-22.2,911,NA,340,NA
2015,6,11,15,-22.4,911.7,NA,270,NA
2015,6,11,18,-21.6,913.4,NA,250,NA
2015,6,11,21,-21.9,915.1,NA,40,NA
2015,6,12,0,-21.8,914.5,NA,10,NA
2015,6,12,3,NA,912.7,NA,360,NA
2015,6,12,6,NA,911.8,NA,350,NA
2015,6,12,9,NA,910.6,NA,10,NA
2015,6,12,12,-10.1,910,NA,350,NA
2015,6,12,15,NA,911.1,NA,240,NA
2015,6,12,18,NA,911.9,NA,240,NA
2015,6,12,21,NA,915.3,NA,250,NA
2015,6,13,0,-23.1,919.3,NA,240,NA
2015,6,13,3,-23.7,926,NA,220,NA
2015,6,13,6,-24.3,928.1,NA,260,NA
2015,6,13,9,-24.3,930.3,NA,260,NA
2015,6,13,12,-25.4,932,NA,230,NA
2015,6,13,15,-26.1,933.5,7,240,NA
2015,6,13,18,-27,934.6,NA,240,NA
2015,6,13,21,-27.1,935.3,NA,70,NA
2015,6,14,0,-25.3,936.2,NA,0,NA
2015,6,14,3,-25.3,936.3,3,10,NA
2015,6,14,6,-24.8,935.6,NA,20,NA
2015,6,14,9,-24.9,935.4,NA,30,NA
2015,6,14,12,-25.3,935.3,NA,20,NA
2015,6,14,15,-26,935.6,14,20,NA
2015,6,14,18,-25.8,936.2,NA,20,NA
2015,6,14,21,-25.5,937.2,NA,40,NA
2015,6,15,0,-26.1,937.5,NA,280,NA
2015,6,15,3,-25.8,937,3,270,NA
2015,6,15,6,-27.2,936.6,NA,250,NA
2015,6,15,9,-26.5,936.2,NA,240,NA
2015,6,15,12,-25.9,936.1,NA,220,NA
2015,6,15,15,-26.3,935.6,NA,240,NA
2015,6,15,18,-26.9,935.1,NA,230,NA
2015,6,15,21,-27.7,935.3,21,NA,NA
2015,6,16,0,-27.9,934.9,23,NA,NA
2015,6,16,3,-28.1,934.1,NA,230,NA
2015,6,16,6,-28,933.3,NA,NA,NA
2015,6,16,9,-28.1,933.4,32,NA,NA
2015,6,16,12,-28.1,934.1,29,NA,NA
2015,6,16,15,-28.4,935,NA,NA,NA
2015,6,16,18,-28,935,NA,NA,NA
2015,6,16,21,-27.7,935.7,NA,NA,NA
2015,6,17,0,-27.3,935.9,NA,250,NA
2015,6,17,3,-27.9,936,NA,250,NA
2015,6,17,6,-25.4,936.5,NA,270,NA
2015,6,17,9,-24.3,936.4,NA,260,NA
2015,6,17,12,-23.9,936.2,6,250,NA
2015,6,17,15,-23.9,935.6,7,260,NA
2015,6,17,18,-24,935.5,NA,270,NA
2015,6,17,21,-23.6,935,5,250,NA
2015,6,18,0,-23.7,934.4,4,330,NA
2015,6,18,3,-23.6,933.5,4,220,NA
2015,6,18,6,-23.8,931.6,NA,260,NA
2015,6,18,9,-25.3,930,7,250,NA
2015,6,18,12,-25.7,928.5,NA,260,NA
2015,6,18,15,-25.5,927.6,NA,240,NA
2015,6,18,18,-26.4,926.2,NA,260,NA
2015,6,18,21,-24.7,926.9,NA,250,NA
2015,6,19,0,-25.2,927.1,NA,240,NA
2015,6,19,3,-25.4,925.8,10,240,NA
2015,6,19,6,-28,924.7,NA,240,NA
2015,6,19,9,-28.1,924.8,NA,220,NA
2015,6,19,12,-26.4,926.1,NA,230,NA
2015,6,19,15,-27.1,925,NA,240,NA
2015,6,19,18,-26.3,924.9,NA,240,NA
2015,6,19,21,-25.5,923.4,NA,230,NA
2015,6,20,0,-26.2,922.4,NA,230,NA
2015,6,20,3,-26.2,919.6,NA,240,NA
2015,6,20,6,-25.9,921.9,NA,NA,NA
2015,6,20,9,-26.5,923,NA,NA,NA
2015,6,20,12,-26.3,920.8,NA,NA,NA
2015,6,20,15,-25.2,925,NA,NA,NA
2015,6,20,18,-26.1,924.4,NA,NA,NA
2015,6,20,21,-26.1,924.3,50,NA,NA
2015,6,21,0,-26.3,925.3,NA,230,NA
2015,6,21,3,-26.2,924,NA,240,NA
2015,6,21,6,-27.9,923.3,39,NA,NA
2015,6,21,9,-26.6,924.3,NA,NA,NA
2015,6,21,12,-27.2,922.9,NA,NA,NA
2015,6,21,15,-25.8,923.1,NA,NA,NA
2015,6,21,18,-24.7,922.5,NA,NA,NA
2015,6,21,21,-24.2,923.4,NA,230,NA
2015,6,22,0,-23.4,922.5,NA,340,NA
2015,6,22,3,-23.8,921.5,NA,10,NA
2015,6,22,6,-23.8,920.7,NA,20,NA
2015,6,22,9,-25.6,919.4,NA,30,NA
2015,6,22,12,-27.3,918.3,NA,250,NA
2015,6,22,15,-27,915.5,NA,270,NA
2015,6,22,18,-28.1,913.4,NA,240,NA
2015,6,22,21,-26.5,910.8,NA,240,NA
2015,6,23,0,-24.6,908,NA,230,NA
2015,6,23,3,-24.5,904.4,NA,240,NA
2015,6,23,6,-24.5,904,NA,240,NA
2015,6,23,9,-23.1,908.5,60,240,NA
2015,6,23,12,-21.8,908.3,NA,230,NA
2015,6,23,15,-20.4,913.5,55,240,NA
2015,6,23,18,-19.5,916.6,NA,240,NA
2015,6,23,21,-18.8,918.3,NA,230,NA
2015,6,24,0,-17.6,918.2,NA,240,NA
2015,6,24,3,-15.9,918.6,NA,250,NA
2015,6,24,6,-14.9,919.1,NA,230,NA
2015,6,24,9,-16.6,917.6,NA,0,NA
2015,6,24,12,-18.2,916.1,NA,40,NA
2015,6,24,15,-20.9,913.8,NA,120,NA
2015,6,24,18,-22.2,914.2,NA,270,NA
2015,6,24,21,-24.3,912.4,NA,230,NA
2015,6,25,0,-25.6,912.7,NA,240,NA
2015,6,25,3,-26.1,913.1,NA,230,NA
2015,6,25,6,-26.2,913.9,NA,230,NA
2015,6,25,9,-26.4,914.4,NA,330,NA
2015,6,25,12,-25.5,914.1,NA,40,NA
2015,6,25,15,-26.9,915.1,NA,250,NA
2015,6,25,18,-27.8,915.7,NA,230,NA
2015,6,25,21,-28.3,916.6,NA,250,NA
2015,6,26,0,-29.3,916.9,NA,240,NA
2015,6,26,3,-29.7,917.4,NA,250,NA
2015,6,26,6,-29.5,917.4,NA,240,NA
2015,6,26,9,-29.7,917.2,NA,250,NA
2015,6,26,12,-30.2,916.9,NA,270,NA
2015,6,26,15,-29.6,916.8,NA,280,NA
2015,6,26,18,-29.6,916.4,NA,270,NA
2015,6,26,21,-30.2,916.2,NA,260,NA
2015,6,27,0,-29.2,916.7,NA,260,NA
2015,6,27,3,-31.2,915.8,NA,250,NA
2015,6,27,6,-31,916,NA,250,NA
2015,6,27,9,-30,915.9,NA,270,NA
2015,6,27,12,-29.5,915.9,NA,250,NA
2015,6,27,15,-27.7,915.9,NA,250,NA
2015,6,27,18,-25.9,915.9,NA,260,NA
2015,6,27,21,-26.2,916.8,3,50,NA
2015,6,28,0,-26.2,917.2,7,20,NA
2015,6,28,3,-25.7,916.8,NA,10,NA
2015,6,28,6,-26.4,917,NA,40,NA
2015,6,28,9,-26.6,917.8,NA,30,NA
2015,6,28,12,-26.8,919.2,NA,350,NA
2015,6,28,15,-28,920.7,NA,270,NA
2015,6,28,18,-26.4,922.5,5,90,NA
2015,6,28,21,-28.7,924,NA,230,NA
2015,6,29,0,-28.7,924.6,NA,40,NA
2015,6,29,3,-28.7,924.5,NA,50,NA
2015,6,29,6,-28.6,925,NA,30,NA
2015,6,29,9,-28.2,925.9,NA,270,NA
2015,6,29,12,-26.9,926,NA,240,NA
2015,6,29,15,-26.6,926.9,NA,240,NA
2015,6,29,18,-28.8,927.4,14,260,NA
2015,6,29,21,-27.5,928.3,NA,250,NA
2015,6,30,0,-27.6,928.3,NA,230,NA
2015,6,30,3,-26.4,928.2,NA,230,NA
2015,6,30,6,-25.8,929.2,NA,NA,NA
2015,6,30,9,-25.3,927.6,NA,NA,NA
2015,6,30,12,-24.8,928.7,NA,NA,NA
2015,6,30,15,-24.6,927.4,NA,NA,NA
2015,6,30,18,-25.3,928.1,NA,NA,NA
2015,6,30,21,-25.6,928.3,58,NA,NA
2015,7,1,0,-24.7,927.4,59,NA,NA
2015,7,1,3,-25.1,927,NA,NA,NA
2015,7,1,6,-25.3,928.2,58,NA,NA
2015,7,1,9,-25,929.8,NA,230,NA
2015,7,1,12,-25,930.7,NA,240,NA
2015,7,1,15,-23.7,932.2,NA,240,NA
2015,7,1,18,-25.2,932.5,NA,NA,NA
2015,7,1,21,-24.6,931.8,NA,NA,NA
2015,7,2,0,-24.8,932,NA,NA,NA
2015,7,2,3,-25.7,932.2,NA,NA,NA
2015,7,2,6,-25.9,931.8,NA,NA,NA
2015,7,2,9,-26.5,931.9,NA,NA,NA
2015,7,2,12,-26.1,932.6,NA,230,NA
2015,7,2,15,-27.2,932.5,NA,270,NA
2015,7,2,18,-24.8,931.8,NA,250,NA
2015,7,2,21,-27.6,932,NA,240,NA
2015,7,3,0,-26.1,932.9,NA,250,NA
2015,7,3,3,-27.9,932.9,NA,240,NA
2015,7,3,6,-28.2,932.9,NA,230,NA
2015,7,3,9,-28.7,933.3,16,230,NA
2015,7,3,12,-27.9,932.7,18,230,NA
2015,7,3,15,-27.7,932.4,14,240,NA
2015,7,3,18,-28,931.9,16,250,NA
2015,7,3,21,-28.6,932.4,12,250,NA
2015,7,4,0,-29.1,932.2,NA,250,NA
2015,7,4,3,-28.2,931.7,NA,230,NA
2015,7,4,6,-28.5,931.9,NA,220,NA
2015,7,4,9,-29.7,932.3,NA,240,NA
2015,7,4,12,-29.3,931.7,NA,260,NA
2015,7,4,15,-29.7,931.7,NA,270,NA
2015,7,4,18,-28.4,931.7,NA,0,NA
2015,7,4,21,-30.1,931,NA,70,NA
2015,7,5,0,-29.8,930.8,2,80,NA
2015,7,5,3,-30.4,930.4,3,40,NA
2015,7,5,6,-28.6,930.3,3,350,NA
2015,7,5,9,-28.6,929.9,2,40,NA
2015,7,5,12,-28.2,929.7,5,30,NA
2015,7,5,15,-28.6,930.1,3,270,NA
2015,7,5,18,-28.3,929,NA,230,NA
2015,7,5,21,-27.7,927.6,NA,230,NA
2015,7,6,0,-25.4,925.4,NA,230,NA
2015,7,6,3,-24.8,923.8,NA,210,NA
2015,7,6,6,-22.7,922,NA,310,NA
2015,7,6,9,-23.6,920.3,NA,350,NA
2015,7,6,12,-22.5,919.3,NA,10,NA
2015,7,6,15,-22.7,919.8,17,20,NA
2015,7,6,18,-21.8,920.5,NA,30,NA
2015,7,6,21,-22.5,919.3,NA,10,NA
2015,7,7,0,-20.4,919,NA,30,NA
2015,7,7,3,NA,917.5,NA,280,NA
2015,7,7,6,NA,915,NA,10,NA
2015,7,7,9,NA,911.5,NA,20,NA
2015,7,7,12,-7.8,910.2,NA,260,NA
2015,7,7,15,-7.5,911.5,NA,240,NA
2015,7,7,18,-11.1,913.8,NA,240,NA
2015,7,7,21,NA,915.3,NA,230,NA
2015,7,8,0,NA,918.8,NA,260,NA
2015,7,8,3,-16,917.4,NA,20,NA
2015,7,8,6,-18.8,910.2,NA,30,NA
2015,7,8,9,NA,900.7,NA,50,NA
2015,7,8,12,NA,892.8,NA,250,NA
2015,7,8,15,NA,888.9,NA,270,NA
2015,7,8,18,NA,888.1,NA,250,NA
2015,7,8,21,NA,889.7,NA,240,NA
2015,7,9,0,-26,891.4,NA,240,NA
2015,7,9,3,-26.9,892.8,NA,240,NA
2015,7,9,6,-28.3,896.7,NA,250,NA
2015,7,9,9,-28.1,899.6,NA,220,NA
2015,7,9,12,-27.9,900.8,NA,40,NA
2015,7,9,15,-28.3,901.7,NA,360,NA
2015,7,9,18,-27.6,902.5,7,350,NA
2015,7,9,21,-29.1,901.9,NA,320,NA
2015,7,10,0,-30.2,901.9,3,30,NA
2015,7,10,3,-29.8,902.8,1,30,NA
2015,7,10,6,-29.6,904.6,1,310,NA
2015,7,10,9,-28.5,905.9,4,40,NA
2015,7,10,12,-27.9,906.9,NA,30,NA
2015,7,10,15,-25.9,905.5,NA,30,NA
2015,7,10,18,-24.8,904.4,NA,70,NA
2015,7,10,21,-24.7,903.1,7,250,NA
2015,7,11,0,NA,902.5,NA,250,NA
2015,7,11,3,-29.5,902.1,NA,240,NA
2015,7,11,6,-27.7,901.4,NA,230,NA
2015,7,11,9,-27.6,901.1,NA,230,NA
2015,7,11,12,-27.9,903,NA,230,NA
2015,7,11,15,-26.8,907.2,NA,240,NA
2015,7,11,18,-26.6,912,NA,240,NA
2015,7,11,21,-26.3,915.5,NA,250,NA
2015,7,12,0,-24.4,916.6,NA,350,NA
2015,7,12,3,-25.4,915.9,NA,30,NA
2015,7,12,6,-25.9,915,NA,20,NA
2015,7,12,9,-26.1,914.5,NA,20,NA
2015,7,12,12,-26.1,914.4,NA,270,NA
2015,7,12,15,-23.3,914.7,NA,330,NA
2015,7,12,18,-22.6,913.1,NA,10,NA
2015,7,12,21,-21.5,912,NA,70,NA
2015,7,13,0,NA,911.8,NA,260,NA
2015,7,13,3,NA,911.2,NA,250,NA
2015,7,13,6,-30.3,911.5,NA,240,NA
2015,7,13,9,-29.2,911.3,NA,90,NA
2015,7,13,12,-30.5,910.6,NA,200,NA
2015,7,13,15,-31.5,910.4,NA,NA,NA
2015,7,13,18,-31.9,909.7,4,50,NA
2015,7,13,21,-32.9,909.2,NA,30,NA
2015,7,14,0,-32.6,909.3,8,20,NA
2015,7,14,3,-32.1,909.8,NA,20,NA
2015,7,14,6,-32.5,910.6,NA,10,NA
2015,7,14,9,-32.2,910.3,NA,NA,NA
2015,7,14,12,-31.3,910.1,NA,NA,NA
2015,7,14,15,-30.5,911.2,NA,NA,NA
2015,7,14,18,NA,911.6,1,250,NA
2015,7,14,21,NA,912.2,3,280,NA
2015,7,15,0,NA,912.6,NA,280,NA
2015,7,15,3,NA,913.8,NA,360,NA
2015,7,15,6,-18.8,914.2,NA,360,NA
2015,7,15,9,-20.2,912.8,NA,10,NA
2015,7,15,12,-21.4,912.6,NA,50,NA
2015,7,15,15,-22.9,912,NA,240,NA
2015,7,15,18,NA,912.2,NA,260,NA
2015,7,15,21,-24,912.5,NA,220,NA
2015,7,16,0,-25.5,912,NA,20,NA
2015,7,16,3,-22.8,910.9,NA,10,NA
2015,7,16,6,-23,909.8,2,10,NA
2015,7,16,9,-23.7,909.6,NA,200,NA
2015,7,16,12,-25,909.8,NA,250,NA
2015,7,16,15,-23,911.9,NA,240,NA
2015,7,16,18,-24,912.5,NA,240,NA
2015,7,16,21,-22,912.9,NA,230,NA
2015,7,17,0,-21.8,912.7,NA,240,NA
2015,7,17,3,-21.3,911.3,NA,240,NA
2015,7,17,6,-21.8,911.8,NA,240,NA
2015,7,17,9,-23.4,911.2,NA,230,NA
2015,7,17,12,-22.4,909.7,NA,250,NA
2015,7,17,15,-20.4,911.2,NA,240,NA
2015,7,17,18,-19.8,906.3,NA,NA,NA
2015,7,17,21,-17,907.1,NA,NA,NA
2015,7,18,0,-17.7,910,NA,NA,NA
2015,7,18,3,-18.8,914.4,NA,230,NA
2015,7,18,6,-17.6,914.2,NA,260,NA
2015,7,18,9,-17.6,912.4,NA,10,NA
2015,7,18,12,-19.2,910.9,NA,40,NA
2015,7,18,15,-19.9,908.8,NA,40,NA
2015,7,18,18,-19.6,907.5,10,30,NA
2015,7,18,21,-22.8,907.1,NA,240,NA
2015,7,19,0,NA,907.7,NA,230,NA
2015,7,19,3,-27.1,907.4,NA,240,NA
2015,7,19,6,-29.6,908.6,NA,230,NA
2015,7,19,9,-30.3,911.7,35,230,NA
2015,7,19,12,-31.7,916.4,NA,230,NA
2015,7,19,15,-32,919,NA,260,NA
2015,7,19,18,-31,919.3,NA,60,NA
2015,7,19,21,-31.5,918.7,NA,50,NA
2015,7,20,0,-32,918.8,NA,20,NA
2015,7,20,3,-31.9,918.7,NA,20,NA
2015,7,20,6,-31.6,918.9,NA,30,NA
2015,7,20,9,-31.8,917.9,NA,260,NA
2015,7,20,12,-31.7,917.6,NA,240,NA
2015,7,20,15,-32.2,917.2,NA,250,NA
2015,7,20,18,-31.5,917.6,13,250,NA
2015,7,20,21,-32.7,918.3,13,230,NA
2015,7,21,0,-32.6,919,NA,240,NA
2015,7,21,3,-32.7,917.6,NA,230,NA
2015,7,21,6,-32.3,915.7,NA,250,NA
2015,7,21,9,-32.4,917.9,NA,240,NA
2015,7,21,12,-31.6,916,NA,250,NA
2015,7,21,15,-32.3,916,NA,230,NA
2015,7,21,18,-31.5,912.6,NA,230,NA
2015,7,21,21,-29.7,913,NA,240,NA
2015,7,22,0,-30.2,912.8,NA,220,NA
2015,7,22,3,-30.6,913.9,NA,10,NA
2015,7,22,6,-28,911.6,NA,340,NA
2015,7,22,9,-27.1,910.2,NA,30,NA
2015,7,22,12,-30.7,909.3,NA,270,NA
2015,7,22,15,-31,908.2,NA,240,NA
2015,7,22,18,-29.9,907.9,NA,240,NA
2015,7,22,21,-27.2,906.7,NA,200,NA
2015,7,23,0,-25.3,905.1,NA,230,NA
2015,7,23,3,-24.1,902.8,NA,230,NA
2015,7,23,6,-23,904,NA,220,NA
2015,7,23,9,-23.4,901.8,NA,230,NA
2015,7,23,12,-25.4,905,NA,240,NA
2015,7,23,15,-22.7,905.8,NA,230,NA
2015,7,23,18,-25.3,906.4,NA,240,NA
2015,7,23,21,-24.8,908.1,NA,10,NA
2015,7,24,0,-26.7,908.1,NA,10,NA
2015,7,24,3,-26.3,908.3,NA,60,NA
2015,7,24,6,-27.5,908.7,NA,280,NA
2015,7,24,9,-27.9,908.7,NA,30,NA
2015,7,24,12,-27.7,907.8,NA,10,NA
2015,7,24,15,-26.9,907,NA,360,NA
2015,7,24,18,-27.1,906.6,NA,10,NA
2015,7,24,21,-27.1,905.9,NA,0,NA
2015,7,25,0,-28,905.9,NA,360,NA
2015,7,25,3,-28.1,905.1,NA,30,NA
2015,7,25,6,-30.2,904.9,NA,260,NA
2015,7,25,9,-30.4,903.6,NA,240,NA
2015,7,25,12,-31.2,902.1,NA,240,NA
2015,7,25,15,-33.2,901.8,NA,240,NA
2015,7,25,18,-29.9,902.2,NA,250,NA
2015,7,25,21,-28.6,901.7,NA,0,NA
2015,7,26,0,-27,901.6,1,340,NA
2015,7,26,3,-27.7,902.4,NA,NA,NA
2015,7,26,6,-25.6,903.1,1,90,NA
2015,7,26,9,-25.8,903.2,NA,240,NA
2015,7,26,12,-24,903.7,NA,240,NA
2015,7,26,15,-21.5,902.8,NA,360,NA
2015,7,26,18,-21.9,902.8,NA,340,NA
2015,7,26,21,-21.9,902.1,NA,250,NA
2015,7,27,0,-23.5,902,NA,240,NA
2015,7,27,3,-23.1,901.2,NA,230,NA
2015,7,27,6,-23.9,900.9,15,240,NA
2015,7,27,9,-23.2,902.1,NA,230,NA
2015,7,27,12,-19.2,904.6,11,250,NA
2015,7,27,15,NA,908.2,NA,250,NA
2015,7,27,18,-17.1,911.9,NA,240,NA
2015,7,27,21,-14.5,913.1,NA,340,NA
2015,7,28,0,-15,913,NA,30,NA
2015,7,28,3,-17.3,913.1,NA,80,NA
2015,7,28,6,NA,913.4,NA,230,NA
2015,7,28,9,NA,915.5,NA,NA,NA
2015,7,28,12,-21.8,917.1,NA,NA,NA
2015,7,28,15,-24.5,918.2,NA,NA,NA
2015,7,28,18,-24.1,920,NA,NA,NA
2015,7,28,21,-24.9,920.8,NA,250,NA
2015,7,29,0,-26,921,15,230,NA
2015,7,29,3,-26.5,920.5,13,240,NA
2015,7,29,6,-27.3,920.1,NA,250,NA
2015,7,29,9,-28.6,919.1,11,260,NA
2015,7,29,12,-29.2,917.8,12,240,NA
2015,7,29,15,-29.5,916.9,NA,240,NA
2015,7,29,18,-28.6,914.3,NA,0,NA
2015,7,29,21,-30.2,910.6,NA,10,NA
2015,7,30,0,-29.3,907.2,NA,20,NA
2015,7,30,3,-30,903.6,NA,30,NA
2015,7,30,6,-29.8,901.4,NA,40,NA
2015,7,30,9,-30.4,901,NA,10,NA
2015,7,30,12,-30.1,902.3,NA,0,NA
2015,7,30,15,-30.8,903.7,3,250,NA
2015,7,30,18,-31.8,905,3,240,NA
2015,7,30,21,-32.3,906.4,NA,NA,NA
2015,7,31,0,-31.4,906.5,3,20,NA
2015,7,31,3,-34.1,908.3,3,230,NA
2015,7,31,6,-34.3,910.8,NA,210,NA
2015,7,31,9,-32.9,913.2,NA,290,NA
2015,7,31,12,-31.6,915.5,5,10,NA
2015,7,31,15,NA,916.8,3,350,NA
2015,7,31,18,-26.7,917.3,NA,0,NA
2015,7,31,21,-27.6,918.1,1,280,NA
2015,8,1,0,-26.3,920,NA,260,NA
2015,8,1,3,-24,922.7,3,270,NA
2015,8,1,6,-24.1,925.3,NA,360,NA
2015,8,1,9,-26.1,928.7,2,250,NA
2015,8,1,12,-27.4,932.4,4,60,NA
2015,8,1,15,-28,935.4,NA,10,NA
2015,8,1,18,-27.9,936.5,5,20,NA
2015,8,1,21,-27.5,937.6,NA,40,NA
2015,8,2,0,-25.4,938.5,NA,340,NA
2015,8,2,3,-23.5,938.1,NA,20,NA
2015,8,2,6,-26,937.2,NA,260,NA
2015,8,2,9,-25.5,935.4,3,10,NA
2015,8,2,12,-26.7,932.5,6,30,NA
2015,8,2,15,-26,929.6,NA,260,NA
2015,8,2,18,NA,930.2,NA,280,NA
2015,8,2,21,-24.2,933.6,NA,230,NA
2015,8,3,0,-23.2,936.8,NA,240,NA
2015,8,3,3,-22,939.3,NA,240,NA
2015,8,3,6,-21.7,939.1,NA,240,NA
2015,8,3,9,-22.5,939.2,NA,230,NA
2015,8,3,12,-22.4,939.4,NA,240,NA
2015,8,3,15,-23,939.7,NA,240,NA
2015,8,3,18,-22.6,940.3,NA,230,NA
2015,8,3,21,-22.4,939.7,32,240,NA
2015,8,4,0,-21.7,941,NA,220,NA
2015,8,4,3,-23,940.9,NA,250,NA
2015,8,4,6,-21.7,939.5,NA,260,NA
2015,8,4,9,-20.2,937.5,NA,330,NA
2015,8,4,12,-21.3,934.5,NA,240,NA
2015,8,4,15,-22.3,932,NA,250,NA
2015,8,4,18,-21.9,930.1,19,NA,NA
2015,8,4,21,-22.6,929,19,NA,NA
2015,8,5,0,-22.8,927.6,NA,NA,NA
2015,8,5,3,-21.6,925.9,NA,240,NA
2015,8,5,6,-22.3,925.5,NA,240,NA
2015,8,5,9,-23,926.1,24,230,NA
2015,8,5,12,-24.3,925.9,NA,230,NA
2015,8,5,15,-26.3,928,NA,230,NA
2015,8,5,18,-27.9,929.7,NA,240,NA
2015,8,5,21,-30.9,931.5,NA,230,NA
2015,8,6,0,-31.4,933.7,NA,220,NA
2015,8,6,3,-30.1,934.2,NA,0,NA
2015,8,6,6,-29.3,934.2,NA,20,NA
2015,8,6,9,-28.8,934.3,NA,10,NA
2015,8,6,12,-30,934.8,NA,0,NA
2015,8,6,15,-30.5,934.5,NA,60,NA
2015,8,6,18,-26.2,933.5,4,350,NA
2015,8,6,21,-29.1,932.5,3,60,NA
2015,8,7,0,-27.4,931.5,NA,320,NA
2015,8,7,3,-27.4,929.6,3,130,NA
2015,8,7,6,-26.6,927.6,NA,20,NA
2015,8,7,9,-26.6,924,NA,20,NA
2015,8,7,12,-29,922.6,NA,310,NA
2015,8,7,15,-28.9,920.4,3,20,NA
2015,8,7,18,-27.4,917.4,2,200,NA
2015,8,7,21,-24.3,914.4,1,150,NA
2015,8,8,0,NA,910.8,NA,20,NA
2015,8,8,3,-20.5,907.7,NA,10,NA
2015,8,8,6,-20,905.7,8,20,NA
2015,8,8,9,NA,904.9,NA,240,NA
2015,8,8,12,NA,905.9,NA,240,NA
2015,8,8,15,-25.3,906.2,NA,300,NA
2015,8,8,18,-24.8,905.3,NA,340,NA
2015,8,8,21,-26.3,905.5,NA,20,NA
2015,8,9,0,-27.4,905.9,NA,60,NA
2015,8,9,3,-27.8,905.7,10,60,NA
2015,8,9,6,-28.7,905.3,NA,40,NA
2015,8,9,9,-27.2,905.3,9,20,NA
2015,8,9,12,-28.1,904.8,NA,40,NA
2015,8,9,15,-27.2,904.2,NA,0,NA
2015,8,9,18,-26.9,903.7,NA,270,NA
2015,8,9,21,-26.9,904.2,NA,240,NA
2015,8,10,0,-25.9,905.8,NA,330,NA
2015,8,10,3,-24.5,907.7,NA,230,NA
2015,8,10,6,-23.9,909.9,NA,250,NA
2015,8,10,9,-25.4,912.2,NA,240,NA
2015,8,10,12,-26.1,914.4,NA,260,NA
2015,8,10,15,-27.2,915.1,NA,10,NA
2015,8,10,18,-26.8,914.8,NA,20,NA
2015,8,10,21,-27.2,913.6,NA,330,NA
2015,8,11,0,-24.9,913.3,NA,300,NA
2015,8,11,3,NA,913.9,NA,NA,NA
2015,8,11,6,NA,911.8,NA,20,NA
2015,8,11,9,-16.5,910.3,NA,70,NA
2015,8,11,12,NA,910.6,NA,240,NA
2015,8,11,15,NA,915.9,NA,270,NA
2015,8,11,18,-23.6,917.7,NA,220,NA
2015,8,11,21,-25.5,918.2,NA,30,NA
2015,8,12,0,-25,918.9,NA,360,NA
2015,8,12,3,-23.7,917.9,NA,40,NA
2015,8,12,6,-23,917.2,NA,30,NA
2015,8,12,9,-22.6,915.7,NA,40,NA
2015,8,12,12,-24.5,914.1,NA,240,NA
2015,8,12,15,-26.3,912.7,NA,220,NA
2015,8,12,18,-24.3,912.8,NA,230,NA
2015,8,12,21,-25.7,914.4,NA,250,NA
2015,8,13,0,-27.3,915.2,NA,250,NA
2015,8,13,3,-28.9,918,NA,250,NA
2015,8,13,6,-29.2,923.1,NA,260,NA
2015,8,13,9,-29.4,927.6,NA,250,NA
2015,8,13,12,-28.3,930.4,NA,240,NA
2015,8,13,15,-27.8,933.7,NA,250,NA
2015,8,13,18,-28.5,933.1,NA,360,NA
2015,8,13,21,-25.3,932.7,3,20,NA
2015,8,14,0,NA,932.6,NA,30,NA
2015,8,14,3,NA,931.1,NA,20,NA
2015,8,14,6,-18.7,929.6,NA,350,NA
2015,8,14,9,-20.4,927.8,NA,10,NA
2015,8,14,12,-20.7,926.1,NA,360,NA
2015,8,14,15,-20.8,924.6,9,20,NA
2015,8,14,18,-22.7,922.2,NA,30,NA
2015,8,14,21,-23.2,919.4,6,40,NA
2015,8,15,0,-21.3,917.6,NA,240,NA
2015,8,15,3,-24.6,915.7,NA,220,NA
2015,8,15,6,-20.7,912.2,NA,230,NA
2015,8,15,9,-21.6,908.3,NA,NA,NA
2015,8,15,12,-23.7,907.7,NA,NA,NA
2015,8,15,15,-24.9,908.3,NA,NA,NA
2015,8,15,18,-28.1,911,NA,240,NA
2015,8,15,21,-25.7,912.1,NA,280,NA
2015,8,16,0,-28.2,912.3,NA,240,NA
2015,8,16,3,-28.1,911,NA,10,NA
2015,8,16,6,-28,908.7,NA,10,NA
2015,8,16,9,-28.6,906.7,NA,10,NA
2015,8,16,12,-28.5,905.5,NA,20,NA
2015,8,16,15,-28,903.9,NA,30,NA
2015,8,16,18,-27,902.5,13,30,NA
2015,8,16,21,-27.6,901.1,NA,40,NA
2015,8,17,0,-27,899.8,NA,50,NA
2015,8,17,3,-26.5,899.5,NA,10,NA
2015,8,17,6,-29.6,899.2,NA,260,NA
2015,8,17,9,-30.6,899.7,NA,240,NA
2015,8,17,12,-32.6,900.8,NA,240,NA
2015,8,17,15,-33.2,902,NA,240,NA
2015,8,17,18,-33.8,904.2,16,NA,NA
2015,8,17,21,-33.9,906.3,14,NA,NA
2015,8,18,0,-33.9,909.5,NA,NA,NA
2015,8,18,3,-33.3,911.8,NA,250,NA
2015,8,18,6,-32.9,913.1,NA,0,NA
2015,8,18,9,-32.6,914.2,NA,0,NA
2015,8,18,12,-32.1,914.7,1,210,NA
2015,8,18,15,-32.1,915.2,4,270,NA
2015,8,18,18,-29.2,915,2,50,NA
2015,8,18,21,-29.3,914.9,5,260,NA
2015,8,19,0,-29.4,913.8,NA,250,NA
2015,8,19,3,-29.4,912,NA,240,NA
2015,8,19,6,-30,911,NA,240,NA
2015,8,19,9,-30.1,909.2,NA,220,NA
2015,8,19,12,-29.3,904.6,NA,NA,NA
2015,8,19,15,-29.6,903.2,NA,NA,NA
2015,8,19,18,-30.1,899.3,NA,NA,NA
2015,8,19,21,-30.1,896.4,NA,240,NA
2015,8,20,0,-29.8,894.7,NA,240,NA
2015,8,20,3,-29.5,896.3,NA,NA,NA
2015,8,20,6,-28.7,890.2,NA,NA,NA
2015,8,20,9,-28.7,892.5,NA,NA,NA
2015,8,20,12,-28,893.3,NA,250,NA
2015,8,20,15,-25.8,891,NA,250,NA
2015,8,20,18,NA,891.4,NA,250,NA
2015,8,20,21,-21.7,891.1,60,240,NA
2015,8,21,0,-20.2,892.4,57,240,NA
2015,8,21,3,-19.8,893.6,56,250,NA
2015,8,21,6,-18.4,896.8,NA,240,NA
2015,8,21,9,-17.1,896.8,NA,250,NA
2015,8,21,12,-16.3,897.9,NA,250,NA
2015,8,21,15,-15.7,898.5,NA,250,NA
2015,8,21,18,-15.1,898,28,240,NA
2015,8,21,21,-15.1,897.8,NA,240,NA
2015,8,22,0,-14.9,899.6,NA,240,NA
2015,8,22,3,-15.6,899.5,NA,250,NA
2015,8,22,6,-18.2,897.6,NA,230,NA
2015,8,22,9,-19,899.2,NA,220,NA
2015,8,22,12,-20.2,901,NA,220,NA
2015,8,22,15,-20.2,903.7,NA,230,NA
2015,8,22,18,-20.6,905.4,NA,NA,NA
2015,8,22,21,-22.3,909.3,NA,NA,NA
2015,8,23,0,-22.3,913.1,NA,230,NA
2015,8,23,3,-23.7,914.1,NA,110,NA
2015,8,23,6,-24.3,910.6,NA,10,NA
2015,8,23,9,-24.3,906.6,NA,20,NA
2015,8,23,12,-25.2,904.8,NA,20,NA
2015,8,23,15,-21.8,903,NA,30,NA
2015,8,23,18,-22.8,902.6,NA,30,NA
2015,8,23,21,-24.3,902.5,NA,270,NA
2015,8,24,0,NA,902.9,NA,250,NA
2015,8,24,3,-26.6,902.5,NA,NA,NA
2015,8,24,6,-27.5,901.8,NA,10,NA
2015,8,24,9,-28.5,900.4,NA,190,NA
2015,8,24,12,-29.6,899.3,NA,310,NA
2015,8,24,15,-30.5,898.7,NA,260,NA
2015,8,24,18,-30.6,899.7,NA,240,NA
2015,8,24,21,-35.2,899.5,NA,250,NA
2015,8,25,0,NA,901.1,NA,240,NA
2015,8,25,3,-36.4,902.5,29,NA,NA
2015,8,25,6,-35.1,903.8,28,NA,NA
2015,8,25,9,-34.3,904.5,NA,230,NA
2015,8,25,12,-33.4,904.8,NA,240,NA
2015,8,25,15,-32.8,906.7,NA,240,NA
2015,8,25,18,-32,906.8,41,240,NA
2015,8,25,21,-31.4,908,41,250,NA
2015,8,26,0,-31.3,910.2,NA,240,NA
2015,8,26,3,-30.7,909.1,NA,NA,NA
2015,8,26,6,-31.1,908.3,NA,NA,NA
2015,8,26,9,-31.4,907.7,NA,NA,NA
2015,8,26,12,-31.3,906.5,NA,250,NA
2015,8,26,15,-31.2,905.7,NA,240,NA
2015,8,26,18,-31.1,903.8,NA,250,NA
2015,8,26,21,-31.1,901.8,NA,240,NA
2015,8,27,0,-29.8,900.2,NA,340,NA
2015,8,27,3,-30.7,897.4,NA,360,NA
2015,8,27,6,-30.7,894.8,NA,230,NA
2015,8,27,9,-30.9,893,NA,250,NA
2015,8,27,12,-30.8,891.8,NA,250,NA
2015,8,27,15,-30.8,891.8,NA,240,NA
2015,8,27,18,-29.4,892.3,NA,220,NA
2015,8,27,21,-30.1,893,NA,240,NA
2015,8,28,0,-29.8,892.7,NA,240,NA
2015,8,28,3,-28,894.1,NA,220,NA
2015,8,28,6,-27.4,895.1,NA,240,NA
2015,8,28,9,-26.8,896.6,NA,250,NA
2015,8,28,12,-24.6,899.5,NA,240,NA
2015,8,28,15,NA,899,NA,NA,NA
2015,8,28,18,NA,903.3,NA,NA,NA
2015,8,28,21,-16.7,905.3,NA,NA,NA
2015,8,29,0,-16.7,910.2,NA,230,NA
2015,8,29,3,-16.6,911.5,NA,250,NA
2015,8,29,6,-20,912.2,NA,240,NA
2015,8,29,9,-19.6,912.8,NA,240,NA
2015,8,29,12,-18.5,914.9,NA,240,NA
2015,8,29,15,-19.1,915.9,NA,230,NA
2015,8,29,18,-19.4,917.4,NA,230,NA
2015,8,29,21,-19.3,920.1,NA,240,NA
2015,8,30,0,-17.4,921.9,42,250,NA
2015,8,30,3,-14.8,925.2,NA,240,NA
2015,8,30,6,-14.7,925.7,NA,240,NA
2015,8,30,9,-14.4,925.9,NA,60,NA
2015,8,30,12,-14.5,927,6,30,NA
2015,8,30,15,-16.3,927.1,NA,250,NA
2015,8,30,18,-15.9,926.9,NA,220,NA
2015,8,30,21,-14.9,923.6,NA,230,NA
2015,8,31,0,-17.2,923.7,NA,250,NA
2015,8,31,3,-15.6,918.5,NA,0,NA
2015,8,31,6,-15.1,915.2,NA,30,NA
2015,8,31,9,-16.8,913.3,NA,250,NA
2015,8,31,12,-16.9,913.9,NA,250,NA
2015,8,31,15,-17.7,914.6,NA,160,NA
2015,8,31,18,-19.7,913.2,NA,20,NA
2015,8,31,21,-18.1,910.5,NA,10,NA
2015,9,1,0,NA,908.4,NA,30,NA
2015,9,1,3,NA,905.9,NA,270,NA
2015,9,1,6,NA,906.1,NA,240,NA
2015,9,1,9,NA,909.3,NA,NA,NA
2015,9,1,12,-22.3,910,NA,NA,NA
2015,9,1,15,-24.8,915.4,NA,NA,NA
2015,9,1,18,-23.1,917,NA,220,NA
2015,9,1,21,-22.8,916.3,NA,340,NA
2015,9,2,0,-22.8,916.4,NA,30,NA
2015,9,2,3,-21.7,917.3,NA,20,NA
2015,9,2,6,-20,918,NA,340,NA
2015,9,2,9,-20.8,918.2,NA,20,NA
2015,9,2,12,-21.5,919.4,NA,20,NA
2015,9,2,15,-22.7,920.1,NA,90,NA
2015,9,2,18,-23.7,921.1,4,10,NA
2015,9,2,21,-24.7,921.8,4,340,NA
2015,9,3,0,-24,922.7,4,300,NA
2015,9,3,3,-25.3,923.2,NA,250,NA
2015,9,3,6,-26.2,923.4,NA,250,NA
2015,9,3,9,-26.1,924.3,NA,260,NA
2015,9,3,12,-25.7,924.5,NA,250,NA
2015,9,3,15,-27.8,924.6,NA,240,NA
2015,9,3,18,-27.9,924.7,NA,210,NA
2015,9,3,21,-27.9,925,NA,230,NA
2015,9,4,0,-28.4,925.6,NA,220,NA
2015,9,4,3,-28.5,925.8,NA,260,NA
2015,9,4,6,-28.9,925.4,NA,240,NA
2015,9,4,9,-28.7,925.9,NA,220,NA
2015,9,4,12,-29.5,927.1,NA,220,NA
2015,9,4,15,-30.6,927.2,NA,240,NA
2015,9,4,18,-29.1,929.1,NA,230,NA
2015,9,4,21,-27.4,930.6,NA,240,NA
2015,9,5,0,-27.1,931.1,NA,240,NA
2015,9,5,3,-25.1,932.3,NA,220,NA
2015,9,5,6,-23,932.7,NA,230,NA
2015,9,5,9,-23,933.4,NA,240,NA
2015,9,5,12,-26.2,935,NA,230,NA
2015,9,5,15,-26.5,933.9,NA,230,NA
2015,9,5,18,-26.4,936.2,NA,220,NA
2015,9,5,21,-27.1,936.4,NA,240,NA
2015,9,6,0,-25.1,936.7,NA,230,NA
2015,9,6,3,-23.1,937.6,NA,240,NA
2015,9,6,6,-22.6,937.2,NA,230,NA
2015,9,6,9,-23.8,936.8,NA,250,NA
2015,9,6,12,-22.2,935.4,NA,230,NA
2015,9,6,15,-19.9,934.1,NA,230,NA
2015,9,6,18,-18.7,932.7,NA,70,NA
2015,9,6,21,-18.8,929.2,NA,350,NA
2015,9,7,0,NA,923.5,NA,10,NA
2015,9,7,3,NA,919.5,NA,260,NA
2015,9,7,6,-9.7,917.6,NA,240,NA
2015,9,7,9,NA,915.7,NA,260,NA
2015,9,7,12,NA,914.5,NA,210,NA
2015,9,7,15,NA,912.3,NA,210,NA
2015,9,7,18,-12.9,911.7,NA,190,NA
2015,9,7,21,NA,911.4,NA,260,NA
2015,9,8,0,NA,912.7,NA,240,NA
2015,9,8,3,-24.7,913.1,NA,230,NA
2015,9,8,6,-26.7,916,NA,240,NA
2015,9,8,9,-27.4,917.4,NA,220,NA
2015,9,8,12,-28.6,918.8,NA,230,NA
2015,9,8,15,-29.8,919.6,NA,230,NA
2015,9,8,18,-28.2,920.1,NA,210,NA
2015,9,8,21,-29.3,920,NA,170,NA
2015,9,9,0,-29.1,919.4,1,130,NA
2015,9,9,3,-28.9,918.7,2,90,NA
2015,9,9,6,-29.2,917.8,1,70,NA
2015,9,9,9,-29.3,916.7,1,40,NA
2015,9,9,12,-29.5,915,3,40,NA
2015,9,9,15,-29.7,913.4,NA,20,NA
2015,9,9,18,-27.7,911.6,NA,50,NA
2015,9,9,21,-28.6,909.7,NA,300,NA
2015,9,10,0,-29.1,908.4,NA,40,NA
2015,9,10,3,-30.1,907.2,NA,10,NA
2015,9,10,6,-28.9,906.5,NA,280,NA
2015,9,10,9,-29.9,906.5,NA,0,NA
2015,9,10,12,-30.3,906.9,1,250,NA
2015,9,10,15,-29.5,907.7,3,240,NA
2015,9,10,18,-31.5,908.9,NA,260,NA
2015,9,10,21,-32.5,910.2,NA,240,NA
2015,9,11,0,-29.7,911,NA,240,NA
2015,9,11,3,-29.6,911,NA,230,NA
2015,9,11,6,-30.5,911.4,NA,230,NA
2015,9,11,9,-30.1,911.7,NA,230,NA
2015,9,11,12,-30.7,911,NA,170,NA
2015,9,11,15,-31.3,909.9,NA,340,NA
2015,9,11,18,-33,907.9,5,30,NA
2015,9,11,21,-31.6,905.9,NA,40,NA
2015,9,12,0,-31.4,904.5,NA,40,NA
2015,9,12,3,-31.3,903,NA,280,NA
2015,9,12,6,-31.5,900.8,NA,240,NA
2015,9,12,9,-33.6,899.1,NA,240,NA
2015,9,12,12,-30.9,897.6,NA,NA,NA
2015,9,12,15,-30.4,896.3,NA,NA,NA
2015,9,12,18,-30.8,894.6,NA,NA,NA
2015,9,12,21,-29.8,896.8,NA,NA,NA
2015,9,13,0,-30.5,899.8,NA,240,NA
2015,9,13,3,-30.7,905.7,NA,230,NA
2015,9,13,6,-30.3,908.9,NA,240,NA
2015,9,13,9,-31.3,910.2,NA,10,NA
2015,9,13,12,-29.6,910.1,NA,30,NA
2015,9,13,15,-30.6,908.5,NA,20,NA
2015,9,13,18,-30.4,904.3,NA,50,NA
2015,9,13,21,-28.3,899.5,NA,300,NA
2015,9,14,0,-26.7,894.5,NA,0,NA
2015,9,14,3,-26.2,889.9,NA,250,NA
2015,9,14,6,-25.2,886.7,NA,40,NA
2015,9,14,9,NA,886.6,NA,270,NA
2015,9,14,12,-26.8,886.2,NA,280,NA
2015,9,14,15,-25.1,887.2,NA,80,NA
2015,9,14,18,NA,887.7,NA,260,NA
2015,9,14,21,-28.5,889.4,NA,240,NA
2015,9,15,0,-31.4,895.6,NA,240,NA
2015,9,15,3,-31.6,900.2,41,240,NA
2015,9,15,6,-31.5,905.5,NA,230,NA
2015,9,15,9,-30.5,909.7,NA,230,NA
2015,9,15,12,-29.7,913.5,NA,270,NA
2015,9,15,15,-30.3,913.4,NA,270,NA
2015,9,15,18,-30.3,912.5,7,260,NA
2015,9,15,21,-30.6,911.2,NA,230,NA
2015,9,16,0,-30.3,909,NA,0,NA
2015,9,16,3,-31.1,906.2,NA,260,NA
2015,9,16,6,-31.3,903.3,NA,260,NA
2015,9,16,9,-30.8,900.5,NA,250,NA
2015,9,16,12,-30.1,898.8,NA,230,NA
2015,9,16,15,-30.3,898.6,NA,230,NA
2015,9,16,18,-31,898.3,NA,240,NA
2015,9,16,21,-31.8,900.3,NA,240,NA
2015,9,17,0,-31.5,899.9,NA,250,NA
2015,9,17,3,-29.9,904.4,NA,260,NA
2015,9,17,6,-31.3,908,NA,250,NA
2015,9,17,9,-31,908.9,NA,260,NA
2015,9,17,12,-30.1,907.9,NA,260,NA
2015,9,17,15,-29,906.8,NA,280,NA
2015,9,17,18,-28.6,905.5,4,360,NA
2015,9,17,21,-28.6,903.7,NA,360,NA
2015,9,18,0,-29,901,NA,250,NA
2015,9,18,3,-28.3,899.4,NA,270,NA
2015,9,18,6,-27.4,898.3,NA,250,NA
2015,9,18,9,-25.3,900,NA,260,NA
2015,9,18,12,-23.6,901.6,NA,20,NA
2015,9,18,15,-24.1,901.7,NA,20,NA
2015,9,18,18,-25,900,NA,50,NA
2015,9,18,21,-25.4,897.6,NA,50,NA
2015,9,19,0,-25.2,894.4,NA,250,NA
2015,9,19,3,-28.5,894.4,NA,240,NA
2015,9,19,6,-28.6,897,NA,260,NA
2015,9,19,9,-24,899.5,NA,20,NA
2015,9,19,12,-23.9,900.8,NA,10,NA
2015,9,19,15,-24.5,901.8,NA,360,NA
2015,9,19,18,-25.2,902.3,NA,150,NA
2015,9,19,21,-24.7,902.5,NA,60,NA
2015,9,20,0,-26.8,903.3,NA,250,NA
2015,9,20,3,-26.7,903.4,NA,250,NA
2015,9,20,6,-28.3,903.7,NA,240,NA
2015,9,20,9,-28.5,904.2,NA,230,NA
2015,9,20,12,-28.9,904.5,NA,70,NA
2015,9,20,15,-29.2,902.7,NA,30,NA
2015,9,20,18,-28.2,901.1,NA,280,NA
2015,9,20,21,NA,903.1,NA,250,NA
2015,9,21,0,NA,907.2,NA,10,NA
2015,9,21,3,-18.8,910.3,NA,60,NA
2015,9,21,6,-19.5,910.5,NA,250,NA
2015,9,21,9,NA,911.7,NA,230,NA
2015,9,21,12,NA,912.7,NA,240,NA
2015,9,21,15,-29.5,914.5,NA,250,NA
2015,9,21,18,-30.3,915.8,NA,260,NA
2015,9,21,21,-30.8,917.1,NA,250,NA
2015,9,22,0,-30.3,917.5,NA,230,NA
2015,9,22,3,-30.2,916.3,NA,230,NA
2015,9,22,6,-30.3,916.7,NA,240,NA
2015,9,22,9,-30.2,915,NA,230,NA
2015,9,22,12,-29.3,914.8,NA,240,NA
2015,9,22,15,-28.4,913.9,NA,230,NA
2015,9,22,18,-27.8,916.5,NA,240,NA
2015,9,22,21,-27,918.3,NA,250,NA
2015,9,23,0,-27.5,919.5,NA,240,NA
2015,9,23,3,-27,923,NA,240,NA
2015,9,23,6,-27,924.2,NA,230,NA
2015,9,23,9,-28.1,923.8,NA,250,NA
2015,9,23,12,-28.2,922.4,NA,0,NA
2015,9,23,15,-28,920.5,NA,280,NA
2015,9,23,18,-28.3,918.7,2,90,NA
2015,9,23,21,-29.1,918.2,1,360,NA
2015,9,24,0,-28.7,918.4,4,250,NA
2015,9,24,3,-27.3,918.4,NA,NA,NA
2015,9,24,6,-29.7,918.2,NA,230,NA
2015,9,24,9,-30.7,919.2,NA,230,NA
2015,9,24,12,-32,920.7,NA,220,NA
2015,9,24,15,-32.3,921.9,7,260,NA
2015,9,24,18,-32.3,923.5,NA,270,NA
2015,9,24,21,-30.9,924.3,5,230,NA
2015,9,25,0,-29.3,924.6,NA,230,NA
2015,9,25,3,-26.6,925,NA,240,NA
2015,9,25,6,NA,923.8,NA,20,NA
2015,9,25,9,NA,921.7,NA,350,NA
2015,9,25,12,NA,920.8,NA,330,NA
2015,9,25,15,NA,919.6,NA,240,NA
2015,9,25,18,NA,921.5,NA,200,NA
2015,9,25,21,-26.8,919.9,NA,20,NA
2015,9,26,0,-27.1,920.8,NA,270,NA
2015,9,26,3,-23.6,920.5,NA,350,NA
2015,9,26,6,-24.9,920.3,NA,250,NA
2015,9,26,9,-25.4,920.4,NA,220,NA
2015,9,26,12,-25.2,920.3,NA,250,NA
2015,9,26,15,-26.5,920.5,NA,240,NA
2015,9,26,18,-26.9,919.4,NA,240,NA
2015,9,26,21,-26.9,917.9,NA,240,NA
2015,9,27,0,-26.8,916.9,NA,230,NA
2015,9,27,3,-27.2,916,NA,240,NA
2015,9,27,6,-27.2,915.2,NA,60,NA
2015,9,27,9,-27.1,913.6,NA,20,NA
2015,9,27,12,-26.4,911.8,NA,280,NA
2015,9,27,15,-26.3,910.5,NA,260,NA
2015,9,27,18,-24.7,909.2,4,250,NA
2015,9,27,21,-23.6,907.5,3,20,NA
2015,9,28,0,-21.9,906.3,NA,350,NA
2015,9,28,3,-22.2,905.1,NA,360,NA
2015,9,28,6,-23.1,904.5,NA,280,NA
2015,9,28,9,-23.5,904.2,7,260,NA
2015,9,28,12,-24.5,904.7,NA,250,NA
2015,9,28,15,-22.1,905.4,NA,320,NA
2015,9,28,18,-21.6,906,3,360,NA
2015,9,28,21,-21.1,907,1,260,NA
2015,9,29,0,-20.3,908.8,NA,250,NA
2015,9,29,3,-20,910.4,NA,250,NA
2015,9,29,6,-18.8,911.9,NA,240,NA
2015,9,29,9,-18.1,913,NA,NA,NA
2015,9,29,12,-18.9,916.3,NA,NA,NA
2015,9,29,15,-18.7,916.3,NA,NA,NA
2015,9,29,18,-18.2,917.3,NA,250,NA
2015,9,29,21,-20.5,917.6,NA,230,NA
2015,9,30,0,-21.5,917,NA,250,NA
2015,9,30,3,-21.6,917.1,NA,250,NA
2015,9,30,6,-23.7,918.4,NA,230,NA
2015,9,30,9,-20.1,916.1,NA,250,NA
2015,9,30,12,-20.5,914.5,NA,230,NA
2015,9,30,15,-21.6,914.5,NA,230,NA
2015,9,30,18,-20.7,915.1,NA,20,NA
2015,9,30,21,-18.8,914.4,NA,50,NA
2015,10,1,0,-19.1,914.2,1,330,NA
2015,10,1,3,-17.4,913.7,1,310,NA
2015,10,1,6,-16.6,912.3,NA,230,NA
2015,10,1,9,-17.2,912.3,NA,210,NA
2015,10,1,12,-16,908.2,NA,240,NA
2015,10,1,15,-16.5,905.4,NA,240,NA
2015,10,1,18,NA,915.8,NA,230,NA
2015,10,1,21,NA,918.8,NA,240,NA
2015,10,2,0,-21.8,918.8,NA,250,NA
2015,10,2,3,-21.4,918.1,NA,240,NA
2015,10,2,6,-21.3,918.2,NA,250,NA
2015,10,2,9,-21.7,918.4,NA,240,NA
2015,10,2,12,-20.9,920.3,NA,240,NA
2015,10,2,15,-19.4,920,NA,250,NA
2015,10,2,18,-19,917.5,NA,240,NA
2015,10,2,21,-20.9,919.2,NA,160,NA
2015,10,3,0,-23.1,921.2,NA,220,NA
2015,10,3,3,-22.5,918.5,NA,240,NA
2015,10,3,6,-22.5,916.4,NA,240,NA
2015,10,3,9,-20.8,917.7,NA,210,NA
2015,10,3,12,-21.4,916.6,NA,180,NA
2015,10,3,15,-18.7,913.9,NA,230,NA
2015,10,3,18,-16.5,912.8,NA,230,NA
2015,10,3,21,-15.3,912.4,NA,240,NA
2015,10,4,0,-18.5,911.8,NA,230,NA
2015,10,4,3,-19.9,907.8,NA,240,NA
2015,10,4,6,-22.2,912.5,NA,230,NA
2015,10,4,9,-21.7,913.5,NA,230,NA
2015,10,4,12,-21.2,912.9,NA,240,NA
2015,10,4,15,-20.8,916.5,42,240,NA
2015,10,4,18,-20.7,916.1,NA,230,NA
2015,10,4,21,-18.8,915,NA,240,NA
2015,10,5,0,-18.6,913.7,NA,230,NA
2015,10,5,3,-18,912.7,NA,250,NA
2015,10,5,6,-17.9,912.1,NA,230,NA
2015,10,5,9,-18,911.6,NA,NA,NA
2015,10,5,12,-19.3,909.7,NA,NA,NA
2015,10,5,15,-19.8,905.7,NA,NA,NA
2015,10,5,18,-21.2,906.2,NA,NA,NA
2015,10,5,21,-20.3,906,NA,240,NA
2015,10,6,0,-19.7,907.4,NA,240,NA
2015,10,6,3,-18.9,911.4,NA,230,NA
2015,10,6,6,-18.2,914.8,NA,NA,NA
2015,10,6,9,-17.4,918.5,56,NA,NA
2015,10,6,12,-17.7,924.2,NA,NA,NA
2015,10,6,15,-15.1,921.9,NA,240,NA
2015,10,6,18,-16.1,923.9,NA,230,NA
2015,10,6,21,-12.4,921,NA,240,NA
2015,10,7,0,-15.4,922,NA,240,NA
2015,10,7,3,-14.3,923.7,NA,230,NA
2015,10,7,6,-13,921.4,NA,240,NA
2015,10,7,9,-14.3,922.6,NA,230,NA
2015,10,7,12,-13.5,922.7,NA,240,NA
2015,10,7,15,-14.8,921.1,NA,0,NA
2015,10,7,18,-14.3,918.9,NA,360,NA
2015,10,7,21,-15.9,916.3,NA,20,NA
2015,10,8,0,-15.2,914,NA,20,NA
2015,10,8,3,-15,913.4,NA,240,NA
2015,10,8,6,-18.5,913.8,NA,250,NA
2015,10,8,9,-16.7,914.8,NA,250,NA
2015,10,8,12,-17.5,915.3,NA,230,NA
2015,10,8,15,-20.7,914.6,NA,250,NA
2015,10,8,18,-19.6,914.5,NA,230,NA
2015,10,8,21,-19.1,913.7,NA,40,NA
2015,10,9,0,-18.3,913.5,NA,200,NA
2015,10,9,3,-17,912.2,3,170,NA
2015,10,9,6,-17.2,911.4,NA,210,NA
2015,10,9,9,-15.3,909.4,NA,240,NA
2015,10,9,12,-15.5,911.2,NA,240,NA
2015,10,9,15,-16.4,911.3,NA,210,NA
2015,10,9,18,-15.2,910.9,NA,240,NA
2015,10,9,21,-16.1,911,NA,230,NA
2015,10,10,0,-15.6,910.9,NA,230,NA
2015,10,10,3,-15,911,NA,240,NA
2015,10,10,6,-14.7,908.5,NA,250,NA
2015,10,10,9,-13.5,907.6,NA,250,NA
2015,10,10,12,-13.6,908.6,NA,240,NA
2015,10,10,15,-15.1,908.5,NA,220,NA
2015,10,10,18,-15,908.2,NA,210,NA
2015,10,10,21,-15.4,907.4,NA,240,NA
2015,10,11,0,-15.9,909,NA,210,NA
2015,10,11,3,-17.3,909.6,NA,220,NA
2015,10,11,6,-16.8,908.6,NA,240,NA
2015,10,11,9,-18.1,913.4,NA,220,NA
2015,10,11,12,-18.9,915.2,NA,200,NA
2015,10,11,15,-18.5,914.7,NA,240,NA
2015,10,11,18,-18.4,914.3,NA,250,NA
2015,10,11,21,-18.3,914.1,NA,230,NA
2015,10,12,0,-17.1,913.3,NA,240,NA
2015,10,12,3,-19.3,914,NA,220,NA
2015,10,12,6,-19.7,917.1,NA,220,NA
2015,10,12,9,-19.3,919.9,NA,230,NA
2015,10,12,12,-19.2,918.9,NA,230,NA
2015,10,12,15,-19,920.1,33,230,NA
2015,10,12,18,-19,921.7,NA,240,NA
2015,10,12,21,-18.6,921.9,NA,250,NA
2015,10,13,0,-16.9,920.5,NA,240,NA
2015,10,13,3,-17,919.7,NA,220,NA
2015,10,13,6,-19.2,917.8,NA,230,NA
2015,10,13,9,-19.6,919,NA,230,NA
2015,10,13,12,-20.6,919.2,NA,230,NA
2015,10,13,15,-20.5,919,NA,220,NA
2015,10,13,18,-20.7,917.9,NA,NA,NA
2015,10,13,21,-20.9,917.6,NA,NA,NA
2015,10,14,0,-21.6,917.8,NA,NA,NA
2015,10,14,3,-21.8,916.5,NA,NA,NA
2015,10,14,6,-22.9,916.1,11,230,NA
2015,10,14,9,-23.1,915.9,9,230,NA
2015,10,14,12,-24.4,916,9,240,NA
2015,10,14,15,-24.6,916,NA,240,NA
2015,10,14,18,-24.4,916.4,NA,230,NA
2015,10,14,21,-24.3,915.7,NA,NA,NA
2015,10,15,0,-23.8,916,NA,NA,NA
2015,10,15,3,-23.5,915.7,30,NA,NA
2015,10,15,6,-23.5,914.9,NA,220,NA
2015,10,15,9,-24.7,914.5,NA,220,NA
2015,10,15,12,-25.4,912.9,NA,260,NA
2015,10,15,15,-25.3,910.8,NA,70,NA
2015,10,15,18,-25.7,908.9,3,40,NA
2015,10,15,21,-25.6,907.5,3,260,NA
2015,10,16,0,-24.9,907.6,NA,30,NA
2015,10,16,3,-23.6,906.6,1,110,NA
2015,10,16,6,-24.3,906.2,1,80,NA
2015,10,16,9,-24.3,906,2,200,NA
2015,10,16,12,-24.5,905.8,2,240,NA
2015,10,16,15,-22.3,905.2,NA,230,NA
2015,10,16,18,-20.8,905.1,3,220,NA
2015,10,16,21,-20,906.1,NA,240,NA
2015,10,17,0,-17.4,906.1,NA,230,NA
2015,10,17,3,-16.6,905.6,NA,230,NA
2015,10,17,6,-17.1,908,NA,230,NA
2015,10,17,9,-15.2,909.3,NA,250,NA
2015,10,17,12,-14.9,910.1,NA,230,NA
2015,10,17,15,-14.7,910.7,NA,230,NA
2015,10,17,18,-15,912.2,NA,220,NA
2015,10,17,21,-15.2,913.1,NA,240,NA
2015,10,18,0,-14.8,913.2,NA,40,NA
2015,10,18,3,-15.4,912.2,NA,50,NA
2015,10,18,6,-16.7,911.6,NA,20,NA
2015,10,18,9,-16.6,912,NA,340,NA
2015,10,18,12,-15.8,912.9,NA,360,NA
2015,10,18,15,-16.9,914.4,NA,20,NA
2015,10,18,18,-17.1,915.8,NA,30,NA
2015,10,18,21,-15.4,917.2,2,350,NA
2015,10,19,0,-17.6,917.9,NA,240,NA
2015,10,19,3,-17.8,918.3,NA,320,NA
2015,10,19,6,-18.1,919.1,NA,250,NA
2015,10,19,9,-15.9,919.8,NA,240,NA
2015,10,19,12,-17.9,920.8,11,230,NA
2015,10,19,15,-18.7,921,NA,240,NA
2015,10,19,18,-16.8,920.2,NA,NA,NA
2015,10,19,21,-16.2,919.2,NA,NA,NA
2015,10,20,0,-16.6,917.1,NA,NA,NA
2015,10,20,3,-17.2,915.7,NA,230,NA
2015,10,20,6,-17,914.2,NA,240,NA
2015,10,20,9,-17.9,913.8,NA,230,NA
2015,10,20,12,-18.3,912.7,NA,NA,NA
2015,10,20,15,-18.3,914.6,NA,NA,NA
2015,10,20,18,-18.8,919.2,NA,NA,NA
2015,10,20,21,-18.3,919.8,57,NA,NA
2015,10,21,0,-17.5,921.4,NA,NA,NA
2015,10,21,3,-17.3,920.9,NA,NA,NA
2015,10,21,6,-16.5,923,59,NA,NA
2015,10,21,9,-16,920.8,NA,240,NA
2015,10,21,12,-16.5,920.6,NA,240,NA
2015,10,21,15,-16.6,921.7,57,230,NA
2015,10,21,18,-15.5,921.1,NA,240,NA
2015,10,21,21,-15,923.1,NA,230,NA
2015,10,22,0,-13.9,922.4,NA,230,NA
2015,10,22,3,-13,922.1,NA,220,NA
2015,10,22,6,-13.6,921,NA,220,NA
2015,10,22,9,-14.6,919.4,NA,10,NA
2015,10,22,12,-11.9,917.9,1,360,NA
2015,10,22,15,-10.6,916.3,NA,20,NA
2015,10,22,18,-10.7,914.8,NA,30,NA
2015,10,22,21,-10.1,914.1,9,40,NA
2015,10,23,0,-12.2,913.5,NA,70,NA
2015,10,23,3,-14.7,912.9,NA,260,NA
2015,10,23,6,-15.2,911.9,NA,100,NA
2015,10,23,9,-15.9,910.9,NA,NA,NA
2015,10,23,12,-16.7,909.3,2,280,NA
2015,10,23,15,-15.4,908.2,NA,340,NA
2015,10,23,18,-15.8,907.7,5,300,NA
2015,10,23,21,-15.7,907.8,NA,250,NA
2015,10,24,0,-16.2,908.8,9,200,NA
2015,10,24,3,-19.5,909.6,NA,240,NA
2015,10,24,6,-20.3,910.1,NA,260,NA
2015,10,24,9,-20.7,910.1,NA,260,NA
2015,10,24,12,-20.3,909.5,NA,NA,NA
2015,10,24,15,-20.7,908.4,NA,NA,NA
2015,10,24,18,-20.4,908.1,1,300,NA
2015,10,24,21,-21,907.8,4,260,NA
2015,10,25,0,-17.2,908.1,NA,NA,NA
2015,10,25,3,-16.9,908.7,NA,NA,NA
2015,10,25,6,-16.2,909.7,NA,310,NA
2015,10,25,9,-17.5,910.7,2,250,NA
2015,10,25,12,-17.9,911.7,3,270,NA
2015,10,25,15,-19.6,912.1,3,270,NA
2015,10,25,18,-18.6,912.3,4,260,NA
2015,10,25,21,-19,912.7,3,260,NA
2015,10,26,0,-18.2,912.9,5,250,NA
2015,10,26,3,-17.9,913.2,3,240,NA
2015,10,26,6,-18.8,913.5,5,250,NA
2015,10,26,9,-19.6,913.8,NA,250,NA
2015,10,26,12,-19.7,914.5,8,260,NA
2015,10,26,15,-19.5,915.1,11,250,NA
2015,10,26,18,-19.5,915.5,NA,240,NA
2015,10,26,21,-19.5,916.3,13,230,NA
2015,10,27,0,-19.7,916.7,12,240,NA
2015,10,27,3,-19.4,916.8,16,240,NA
2015,10,27,6,-18.8,916.6,NA,220,NA
2015,10,27,9,-19.6,914.7,NA,230,NA
2015,10,27,12,-19.8,913.6,NA,240,NA
2015,10,27,15,-19.4,912.6,NA,240,NA
2015,10,27,18,-19.4,911.7,NA,240,NA
2015,10,27,21,-19.5,913.7,NA,NA,NA
2015,10,28,0,-19,915.1,NA,NA,NA
2015,10,28,3,-18.6,915.1,NA,240,NA
2015,10,28,6,-18.7,915.8,NA,230,NA
2015,10,28,9,-18.4,917.4,NA,240,NA
2015,10,28,12,-18.6,918.2,NA,230,NA
2015,10,28,15,-19.3,918.3,NA,250,NA
2015,10,28,18,-19.2,918.9,NA,230,NA
2015,10,28,21,-19.4,919.5,NA,240,NA
2015,10,29,0,-17.5,919.5,NA,130,NA
2015,10,29,3,-16.8,919,NA,0,NA
2015,10,29,6,-16.7,919.1,1,240,NA
2015,10,29,9,-18.2,919.3,3,250,NA
2015,10,29,12,-18.9,919.2,NA,NA,NA
2015,10,29,15,-19,918.9,1,300,NA
2015,10,29,18,-19.3,918.4,NA,NA,NA
2015,10,29,21,-18.6,918.3,NA,360,NA
2015,10,30,0,-17.7,917.6,4,60,NA
2015,10,30,3,-17,916.8,NA,60,NA
2015,10,30,6,-18.5,916.5,NA,50,NA
2015,10,30,9,-18.5,916.4,NA,50,NA
2015,10,30,12,-18.3,916.3,NA,30,NA
2015,10,30,15,-18.2,916.2,11,20,NA
2015,10,30,18,-18.2,916.4,11,30,NA
2015,10,30,21,-17.4,916.9,8,30,NA
2015,10,31,0,-17.1,917.3,9,40,NA
2015,10,31,3,-18,917.7,NA,40,NA
2015,10,31,6,-17.8,918,NA,10,NA
2015,10,31,9,-18.3,918.7,NA,40,NA
2015,10,31,12,-18.3,918.7,7,10,NA
2015,10,31,15,-18.4,918.7,6,20,NA
2015,10,31,18,-20.2,918.9,NA,280,NA
2015,10,31,21,-19.4,918.6,4,270,NA
2015,11,1,0,-19.9,918.3,NA,240,NA
2015,11,1,3,-19.9,917.5,7,250,NA
2015,11,1,6,-20.4,917.2,10,250,NA
2015,11,1,9,-21.2,917.2,NA,250,NA
2015,11,1,12,-21.4,917.7,NA,240,NA
2015,11,1,15,-21.3,917.4,NA,240,NA
2015,11,1,18,-21.2,918.1,NA,250,NA
2015,11,1,21,-20.9,918.8,NA,230,NA
2015,11,2,0,-20.5,917.9,NA,240,NA
2015,11,2,3,-20,915.3,NA,NA,NA
2015,11,2,6,-19.9,915.1,NA,NA,NA
2015,11,2,9,-20,915.2,NA,NA,NA
2015,11,2,12,-20.2,915.9,55,NA,NA
2015,11,2,15,-20.3,915.9,56,230,NA
2015,11,2,18,-20.3,912.4,NA,240,NA
2015,11,2,21,-20.5,912.7,NA,240,NA
2015,11,3,0,-20.9,912.7,60,240,NA
2015,11,3,3,-20.4,913,NA,NA,NA
2015,11,3,6,-19.8,914.1,NA,NA,NA
2015,11,3,9,-20.1,912.9,NA,NA,NA
2015,11,3,12,-19.2,913.4,NA,NA,NA
2015,11,3,15,-20.4,911.1,NA,230,NA
2015,11,3,18,-20.8,910.2,NA,240,NA
2015,11,3,21,-21.7,911.1,NA,240,NA
2015,11,4,0,-22.8,910.3,NA,240,NA
2015,11,4,3,-23.3,910.1,NA,250,NA
2015,11,4,6,-23.6,909.6,NA,230,NA
2015,11,4,9,-23.4,907.7,NA,250,NA
2015,11,4,12,-23.4,908.4,57,NA,NA
2015,11,4,15,-22.3,906.7,57,NA,NA
2015,11,4,18,-21.3,905.6,54,NA,NA
2015,11,4,21,-20.3,904.5,54,230,NA
2015,11,5,0,-19,906,NA,NA,NA
2015,11,5,3,-17.7,904.8,NA,NA,NA
2015,11,5,6,-16.2,904.6,NA,NA,NA
2015,11,5,9,-16.1,903.6,NA,240,NA
2015,11,5,12,-14.9,901.5,NA,340,NA
2015,11,5,15,-13.8,899.3,NA,30,NA
2015,11,5,18,-14.3,897,NA,40,NA
2015,11,5,21,-13.8,895.9,NA,50,NA
2015,11,6,0,-14.2,896.7,NA,250,NA
2015,11,6,3,-15.5,897.3,NA,220,NA
2015,11,6,6,-16.3,897.9,NA,220,NA
2015,11,6,9,-17.4,899.3,NA,230,NA
2015,11,6,12,-17.3,900.8,21,240,NA
2015,11,6,15,-17.2,902.1,NA,240,NA
2015,11,6,18,-17.7,903.8,20,240,NA
2015,11,6,21,-18.4,905.8,22,230,NA
2015,11,7,0,-17.2,908.3,22,220,NA
2015,11,7,3,-17.4,910.6,NA,230,NA
2015,11,7,6,-17.9,912.9,19,240,NA
2015,11,7,9,-17.7,915.2,NA,260,NA
2015,11,7,12,-17.5,917.5,NA,260,NA
2015,11,7,15,-17.3,918.8,NA,50,NA
2015,11,7,18,-16.7,919.9,NA,0,NA
2015,11,7,21,-15,921.3,2,90,NA
2015,11,8,0,-14.6,922.7,1,50,NA
2015,11,8,3,-15.2,923.4,3,60,NA
2015,11,8,6,-12.8,924.4,NA,240,NA
2015,11,8,9,-12.4,924.9,NA,240,NA
2015,11,8,12,-13.5,925.5,5,240,NA
2015,11,8,15,-14.1,925.1,NA,0,NA
2015,11,8,18,-13.5,924.7,NA,150,NA
2015,11,8,21,-12.2,923.1,2,310,NA
2015,11,9,0,-10.4,920.8,1,80,NA
2015,11,9,3,-9.7,917.8,1,290,NA
2015,11,9,6,-9.9,914.2,NA,NA,NA
2015,11,9,9,-10.3,911.1,NA,NA,NA
2015,11,9,12,-11.8,908.3,NA,10,NA
2015,11,9,15,-13.2,905.6,NA,30,NA
2015,11,9,18,-12.5,904.4,6,40,NA
2015,11,9,21,-12.2,904.5,NA,360,NA
2015,11,10,0,-13.3,905.6,NA,240,NA
2015,11,10,3,-15,906.6,NA,220,NA
2015,11,10,6,-15.3,907.8,NA,220,NA
2015,11,10,9,-14.4,909.2,NA,220,NA
2015,11,10,12,-15,912.3,36,230,NA
2015,11,10,15,-13.3,914.8,NA,260,NA
2015,11,10,18,-14.1,917.3,NA,230,NA
2015,11,10,21,-12.9,920.2,NA,240,NA
2015,11,11,0,-13,922.9,NA,230,NA
2015,11,11,3,-13.6,923.8,NA,210,NA
2015,11,11,6,-12.9,924.6,NA,250,NA
2015,11,11,9,-13.6,924.4,NA,70,NA
2015,11,11,12,-14.6,924.1,NA,20,NA
2015,11,11,15,-15.1,923.8,NA,270,NA
2015,11,11,18,-14.2,923.5,NA,0,NA
2015,11,11,21,-12.2,923.7,3,90,NA
2015,11,12,0,-10.8,923.9,2,200,NA
2015,11,12,3,-9.7,923.5,1,330,NA
2015,11,12,6,-10,922.9,NA,240,NA
2015,11,12,9,-10.9,921.9,NA,230,NA
2015,11,12,12,-11,921.5,NA,210,NA
2015,11,12,15,-11.7,918.4,NA,230,NA
2015,11,12,18,-12,918.3,NA,230,NA
2015,11,12,21,-12.9,917.1,NA,220,NA
2015,11,13,0,-12.1,916.4,NA,230,NA
2015,11,13,3,-13.4,915.4,NA,230,NA
2015,11,13,6,-12.8,915.7,NA,220,NA
2015,11,13,9,-12.1,915.3,NA,230,NA
2015,11,13,12,-12.4,915.5,NA,240,NA
2015,11,13,15,-12.9,919,NA,230,NA
2015,11,13,18,-13.2,921,NA,230,NA
2015,11,13,21,-11.7,922.5,NA,200,NA
2015,11,14,0,-12.6,923.3,NA,230,NA
2015,11,14,3,-12,924.2,NA,240,NA
2015,11,14,6,-10.9,924.4,NA,250,NA
2015,11,14,9,-10.3,924.5,NA,250,NA
2015,11,14,12,-12.3,924.7,7,230,NA
2015,11,14,15,-13.4,923.2,NA,240,NA
2015,11,14,18,-14,921.4,NA,240,NA
2015,11,14,21,-14.6,925.6,NA,220,NA
2015,11,15,0,-13.8,926.5,NA,220,NA
2015,11,15,3,-13.3,927.4,NA,220,NA
2015,11,15,6,-12.3,927.3,NA,230,NA
2015,11,15,9,-12.8,927.6,NA,220,NA
2015,11,15,12,-11.6,926.5,NA,250,NA
2015,11,15,15,-12.7,923,NA,250,NA
2015,11,15,18,-13.7,925.3,NA,240,NA
2015,11,15,21,-14.8,926.3,NA,230,NA
2015,11,16,0,-13.1,926.4,NA,230,NA
2015,11,16,3,-12.9,926.6,NA,250,NA
2015,11,16,6,-11.9,924.7,NA,170,NA
2015,11,16,9,-11.3,923.2,NA,220,NA
2015,11,16,12,-12.8,921.6,NA,230,NA
2015,11,16,15,-12,920.1,NA,240,NA
2015,11,16,18,-12.8,917.5,NA,230,NA
2015,11,16,21,-14.5,919,NA,230,NA
2015,11,17,0,-15.8,919.2,NA,230,NA
2015,11,17,3,-14.5,922,NA,240,NA
2015,11,17,6,-12.9,922.8,NA,230,NA
2015,11,17,9,-12.6,921.6,NA,250,NA
2015,11,17,12,-12.4,922.9,NA,230,NA
2015,11,17,15,-13.4,922.9,NA,NA,NA
2015,11,17,18,-12,921.2,NA,NA,NA
2015,11,17,21,-12.7,920.8,NA,NA,NA
2015,11,18,0,-12.4,920,NA,240,NA
2015,11,18,3,-11.4,919,26,240,NA
2015,11,18,6,-10.4,918,NA,250,NA
2015,11,18,9,-9.7,916.1,NA,250,NA
2015,11,18,12,-10.7,914.4,24,240,NA
2015,11,18,15,-8.8,910.7,NA,250,NA
2015,11,18,18,-11.1,909.7,NA,230,NA
2015,11,18,21,-10.3,909.6,NA,240,NA
2015,11,19,0,-9.9,906.7,NA,240,NA
2015,11,19,3,-10.4,905.4,NA,240,NA
2015,11,19,6,-10.6,906.4,NA,230,NA
2015,11,19,9,-10.4,901.7,NA,230,NA
2015,11,19,12,-10.7,900.9,NA,240,NA
2015,11,19,15,-9.8,901.8,NA,240,NA
2015,11,19,18,-8.6,899.8,NA,250,NA
2015,11,19,21,-9.9,900.2,37,240,NA
2015,11,20,0,-10.1,902.3,NA,220,NA
2015,11,20,3,-11.5,903,NA,240,NA
2015,11,20,6,-10.7,903.6,NA,240,NA
2015,11,20,9,-10.6,904.1,NA,220,NA
2015,11,20,12,-12.2,904.4,NA,10,NA
2015,11,20,15,-11.6,904.5,9,50,NA
2015,11,20,18,-12.3,905.6,NA,240,NA
2015,11,20,21,-12.4,906.6,7,250,NA
2015,11,21,0,-12.4,907.8,NA,240,NA
2015,11,21,3,-11.6,908.3,8,240,NA
2015,11,21,6,-10.1,908.7,NA,20,NA
2015,11,21,9,-9.7,909.1,NA,340,NA
2015,11,21,12,-11,909.7,NA,360,NA
2015,11,21,15,-10.5,910.4,NA,10,NA
2015,11,21,18,-9.9,911.1,NA,240,NA
2015,11,21,21,-9.5,912.4,3,30,NA
2015,11,22,0,-9.6,913.8,2,90,NA
2015,11,22,3,-10.1,915,3,110,NA
2015,11,22,6,-9.2,915.9,2,110,NA
2015,11,22,9,-9.7,917,1,250,NA
2015,11,22,12,-10.9,917.9,NA,240,NA
2015,11,22,15,-12,918.4,NA,240,NA
2015,11,22,18,-11.9,918.5,NA,240,NA
2015,11,22,21,-11.6,919.5,NA,230,NA
2015,11,23,0,-11.2,920.1,15,230,NA
2015,11,23,3,-10.1,920.8,17,240,NA
2015,11,23,6,-9.9,921,15,250,NA
2015,11,23,9,-9.6,921.4,17,250,NA
2015,11,23,12,-10.2,921.5,17,240,NA
2015,11,23,15,-8.9,920.6,NA,230,NA
2015,11,23,18,-9.4,918.7,NA,240,NA
2015,11,23,21,-10.4,919.5,NA,220,NA
2015,11,24,0,-9,921.2,NA,220,NA
2015,11,24,3,-9.3,921.6,NA,230,NA
2015,11,24,6,-9.2,923.1,NA,240,NA
2015,11,24,9,-9.6,923.3,NA,250,NA
2015,11,24,12,-9.3,923.5,NA,230,NA
2015,11,24,15,-9,923.5,NA,250,NA
2015,11,24,18,-8.6,922.7,3,350,NA
2015,11,24,21,-9.4,922.6,1,270,NA
2015,11,25,0,-8.8,NA,4,150,NA
2015,11,25,3,-9,921.7,NA,240,NA
2015,11,25,6,-8.3,921.6,NA,100,NA
2015,11,25,9,-8.5,921.5,5,240,NA
2015,11,25,12,-9.5,921.7,NA,250,NA
2015,11,25,15,-9.3,921.5,3,230,NA
2015,11,25,18,-8.6,921.5,4,230,NA
2015,11,25,21,-7.5,921.5,3,190,NA
2015,11,26,0,-5.9,921,2,110,NA
2015,11,26,3,-7.5,920,NA,20,NA
2015,11,26,6,-6.7,918.3,NA,30,NA
2015,11,26,9,-5.5,917,3,340,NA
2015,11,26,12,-7.3,916,NA,290,NA
2015,11,26,15,-6.4,914.7,4,260,NA
2015,11,26,18,-5.8,913.6,NA,NA,NA
2015,11,26,21,-5.9,912.4,4,50,NA
2015,11,27,0,-6.9,911,NA,100,NA
2015,11,27,3,-6.8,909,2,80,NA
2015,11,27,6,-7.9,907.8,NA,240,NA
2015,11,27,9,-9.1,907.4,NA,240,NA
2015,11,27,12,-9.3,907.2,NA,250,NA
2015,11,27,15,-9.4,903,NA,250,NA
2015,11,27,18,-10.1,903.7,NA,220,NA
2015,11,27,21,-10.5,903.2,NA,230,NA
2015,11,28,0,-10.4,904.7,NA,230,NA
2015,11,28,3,-10.4,908.9,NA,240,NA
2015,11,28,6,-8.3,908.4,NA,240,NA
2015,11,28,9,-8.2,909.8,NA,250,NA
2015,11,28,12,-9,910.9,NA,250,NA
2015,11,28,15,-8.2,912,NA,200,NA
2015,11,28,18,-7.8,912.3,NA,210,NA
2015,11,28,21,-4.8,912.4,NA,70,NA
2015,11,29,0,-4.2,912.6,2,60,NA
2015,11,29,3,-7,912,5,50,NA
2015,11,29,6,-5.1,911.6,2,260,NA
2015,11,29,9,-5.6,911.2,2,210,NA
2015,11,29,12,-7,910.9,NA,NA,NA
2015,11,29,15,-8.2,909.8,NA,20,NA
2015,11,29,18,-6.4,909,2,60,NA
2015,11,29,21,-6.2,908.6,3,90,NA
2015,11,30,0,-7.8,908.6,3,60,NA
2015,11,30,3,-8.1,908.6,2,110,NA
2015,11,30,6,-9.3,909.4,2,120,NA
2015,11,30,9,-10.4,910.6,NA,230,NA
2015,11,30,12,-10.1,912.4,NA,230,NA
2015,11,30,15,-10.5,913.3,NA,230,NA
2015,11,30,18,-9.1,914.6,NA,240,NA
2015,11,30,21,-8.3,916.6,32,240,NA
2015,12,1,0,-7.8,917.7,NA,230,NA
2015,12,1,3,-6.9,920.4,NA,240,NA
2015,12,1,6,-5.5,921.4,NA,210,NA
2015,12,1,9,-6,921.8,NA,260,NA
2015,12,1,12,-8,921.7,NA,300,NA
2015,12,1,15,-8.5,920.4,NA,20,NA
2015,12,1,18,-6.9,919,3,120,NA
2015,12,1,21,-8.2,917.5,NA,230,NA
2015,12,2,0,-7.7,916.3,NA,230,NA
2015,12,2,3,-8.7,915.7,NA,240,NA
2015,12,2,6,-8.1,914.9,NA,230,NA
2015,12,2,9,-8.2,916.6,NA,230,NA
2015,12,2,12,-7.2,919,NA,240,NA
2015,12,2,15,-6.1,920.2,NA,0,NA
2015,12,2,18,-4.1,920.5,NA,NA,NA
2015,12,2,21,-3.9,920.7,4,120,NA
2015,12,3,0,-4.7,920.5,NA,60,NA
2015,12,3,3,-4.7,920.1,NA,200,NA
2015,12,3,6,-5,919.6,NA,240,NA
2015,12,3,9,-6,919.9,NA,NA,NA
2015,12,3,12,-7.3,920.5,NA,260,NA
2015,12,3,15,-6.5,920.7,NA,240,NA
2015,12,3,18,-8.4,920.8,9,250,NA
2015,12,3,21,-8.4,921.3,NA,250,NA
2015,12,4,0,-7.8,921.1,9,250,NA
2015,12,4,3,-5.7,920.7,NA,260,NA
2015,12,4,6,-6.6,920.2,6,260,NA
2015,12,4,9,-5.9,920,NA,290,NA
2015,12,4,12,-5.3,919.6,NA,0,NA
2015,12,4,15,-5.3,919.1,NA,230,NA
2015,12,4,18,-5,919.2,NA,230,NA
2015,12,4,21,-3.3,918.8,NA,230,NA
2015,12,5,0,-2.3,919.3,NA,240,NA
2015,12,5,3,-4,918.7,NA,230,NA
2015,12,5,6,-4,919.5,NA,230,NA
2015,12,5,9,-5.4,920.7,NA,240,NA
2015,12,5,12,-5.5,921.7,NA,240,NA
2015,12,5,15,-5.1,922,NA,240,NA
2015,12,5,18,-4.6,922.4,NA,260,NA
2015,12,5,21,-2.8,923,NA,330,NA
2015,12,6,0,-3.8,923.5,NA,130,NA
2015,12,6,3,-4.4,923.7,NA,240,NA
2015,12,6,6,-4.5,923.6,NA,230,NA
2015,12,6,9,-5.8,923.8,NA,240,NA
2015,12,6,12,-5.7,923.5,NA,0,NA
2015,12,6,15,-7.1,922.2,NA,40,NA
2015,12,6,18,-6.9,920.9,NA,240,NA
2015,12,6,21,-7.3,920.2,NA,200,NA
2015,12,7,0,-7.8,919.6,NA,230,NA
2015,12,7,3,-7,919.2,NA,230,NA
2015,12,7,6,-7.2,919.3,11,240,NA
2015,12,7,9,-7.1,919.3,14,250,NA
2015,12,7,12,-6.8,919.4,NA,240,NA
2015,12,7,15,-5.6,918.5,NA,260,NA
2015,12,7,18,-5.5,917.1,NA,0,NA
2015,12,7,21,-3.9,915.4,4,130,NA
2015,12,8,0,-6.5,914.4,NA,40,NA
2015,12,8,3,-6.7,914.2,7,20,NA
2015,12,8,6,-6.6,915.2,4,130,NA
2015,12,8,9,-7,916.9,7,230,NA
2015,12,8,12,-7.8,919.5,NA,240,NA
2015,12,8,15,-6.6,921.6,NA,240,NA
2015,12,8,18,-6.8,924.1,NA,230,NA
2015,12,8,21,-6.6,926.1,NA,220,NA
2015,12,9,0,-6.3,928.9,NA,230,NA
2015,12,9,3,-5.8,931.1,NA,240,NA
2015,12,9,6,-6.2,932.6,NA,240,NA
2015,12,9,9,-5.8,933.9,NA,130,NA
2015,12,9,12,-6,935.3,2,350,NA
2015,12,9,15,-6.1,935.8,NA,NA,NA
2015,12,9,18,-5.6,936.3,3,110,NA
2015,12,9,21,-6.1,937,3,140,NA
2015,12,10,0,-5.2,937.4,2,240,NA
2015,12,10,3,-6.3,937.2,5,240,NA
2015,12,10,6,-5.5,937,4,200,NA
2015,12,10,9,-6.4,937.4,6,250,NA
2015,12,10,12,-6.9,938,7,260,NA
2015,12,10,15,-6.6,938.3,NA,240,NA
2015,12,10,18,-6.4,939.2,8,240,NA
2015,12,10,21,-6.4,940,NA,220,NA
2015,12,11,0,-6.2,940.5,NA,220,NA
2015,12,11,3,-6.4,940,NA,240,NA
2015,12,11,6,-6.2,939.3,NA,240,NA
2015,12,11,9,-6.3,939.6,NA,240,NA
2015,12,11,12,-6.3,939.7,NA,230,NA
2015,12,11,15,-5.7,939,NA,240,NA
2015,12,11,18,-6,939.7,NA,250,NA
2015,12,11,21,-6.3,939.2,NA,240,NA
2015,12,12,0,-6.3,940.3,36,NA,NA
2015,12,12,3,-5.3,940.9,NA,NA,NA
2015,12,12,6,-4,943.5,NA,NA,NA
2015,12,12,9,-4.8,945.5,NA,0,NA
2015,12,12,12,-4.7,945.8,NA,30,NA
2015,12,12,15,-2.8,945.9,NA,240,NA
2015,12,12,18,-0.2,946.2,4,340,NA
2015,12,12,21,0.2,945.6,NA,60,NA
2015,12,13,0,-0.8,945.2,NA,240,NA
2015,12,13,3,0.4,945.9,NA,220,NA
2015,12,13,6,1.1,946.5,NA,280,NA
2015,12,13,9,2.2,946.9,NA,220,NA
2015,12,13,12,0.9,947,NA,360,NA
2015,12,13,15,1.2,946.8,NA,20,NA
2015,12,13,18,2.3,946.6,NA,360,NA
2015,12,13,21,4.2,946,NA,10,NA
2015,12,14,0,4.8,945.4,NA,350,NA
2015,12,14,3,4.5,944.3,NA,0,NA
2015,12,14,6,2.8,942.8,4,40,NA
2015,12,14,9,3.2,940.9,4,270,NA
2015,12,14,12,3.1,939.2,2,300,NA
2015,12,14,15,3.4,936.7,5,240,NA
2015,12,14,18,4.6,935.8,NA,220,NA
2015,12,14,21,1.8,935.9,NA,270,NA
2015,12,15,0,3.7,936.4,NA,60,NA
2015,12,15,3,2.1,935.6,NA,70,NA
2015,12,15,6,0.3,934,NA,20,NA
2015,12,15,9,-0.1,932.3,NA,20,NA
2015,12,15,12,-1.3,930.9,NA,50,NA
2015,12,15,15,-1.2,928.6,NA,330,NA
2015,12,15,18,0.2,926.9,2,40,NA
2015,12,15,21,NA,925.7,1,290,NA
2015,12,16,0,-3.2,925,NA,240,NA
2015,12,16,3,-4,923.6,NA,230,NA
2015,12,16,6,-3.9,922.3,NA,NA,NA
2015,12,16,9,-4.5,921.3,NA,NA,NA
2015,12,16,12,-4.6,920.2,NA,NA,NA
2015,12,16,15,-4.2,918.5,NA,250,NA
2015,12,16,18,-4.7,917.2,NA,230,NA
2015,12,16,21,-3.5,915.3,NA,90,NA
2015,12,17,0,-3.6,NA,NA,60,NA
2015,12,17,3,-4,912.8,3,70,NA
2015,12,17,6,-6.2,912.1,7,30,NA
2015,12,17,9,-5.2,912,NA,260,NA
2015,12,17,12,-6.5,912.1,NA,160,NA
2015,12,17,15,NA,912.1,1,310,NA
2015,12,17,18,-6.2,912.2,2,70,NA
2015,12,17,21,-4.2,912.3,4,90,NA
2015,12,18,0,-4.8,912.7,2,230,NA
2015,12,18,3,-5.2,912.6,3,70,NA
2015,12,18,6,-5.6,913.1,3,70,NA
2015,12,18,9,-8.3,913.5,NA,350,NA
2015,12,18,12,-7.1,914.4,NA,290,NA
2015,12,18,15,-6.6,914.7,NA,340,NA
2015,12,18,18,-6.4,915.4,NA,280,NA
2015,12,18,21,-5.6,916.1,3,200,NA
2015,12,19,0,-4.6,916.8,4,70,NA
2015,12,19,3,-5.1,916.9,2,130,NA
2015,12,19,6,NA,917.2,1,20,NA
2015,12,19,9,-7.5,917.2,NA,360,NA
2015,12,19,12,-7.3,917.6,NA,10,NA
2015,12,19,15,-6.7,917.5,8,50,NA
2015,12,19,18,-6.2,917.7,NA,70,NA
2015,12,19,21,-5.8,917.8,NA,40,NA
2015,12,20,0,-5.3,918.8,NA,40,NA
2015,12,20,3,-5.6,919.1,NA,40,NA
2015,12,20,6,-5.8,919.8,6,30,NA
2015,12,20,9,-6.4,920.6,9,10,NA
2015,12,20,12,-6.1,921.9,NA,360,NA
2015,12,20,15,-6.3,922.5,NA,10,NA
2015,12,20,18,-5,923.4,3,30,NA
2015,12,20,21,-4.7,924.6,3,140,NA
2015,12,21,0,NA,925.5,1,140,NA
2015,12,21,3,-4,925.9,2,60,NA
2015,12,21,6,-5.3,926.3,2,60,NA
2015,12,21,9,-6.4,926.4,4,20,NA
2015,12,21,12,NA,926.4,1,40,NA
2015,12,21,15,NA,925.6,1,20,NA
2015,12,21,18,-4.9,925.4,3,230,NA
2015,12,21,21,-4.6,925.3,5,90,NA
2015,12,22,0,-5.5,925.1,2,200,NA
2015,12,22,3,-5.5,924.2,3,50,NA
2015,12,22,6,-5.6,924.2,6,40,NA
2015,12,22,9,-5.9,924.3,3,70,NA
2015,12,22,12,-6,924.9,NA,260,NA
2015,12,22,15,-6.8,925.1,NA,250,NA
2015,12,22,18,-7.1,925.6,NA,240,NA
2015,12,22,21,-6.1,926.2,NA,240,NA
2015,12,23,0,-6.3,927.4,18,NA,NA
2015,12,23,3,-6.2,927.3,NA,NA,NA
2015,12,23,6,-5.9,927.4,NA,NA,NA
2015,12,23,9,-6,929,NA,NA,NA
2015,12,23,12,-6,929.2,NA,NA,NA
2015,12,23,15,-6.4,928.7,21,NA,NA
2015,12,23,18,-6.7,928.5,22,NA,NA
2015,12,23,21,-7.2,928.4,22,230,NA
2015,12,24,0,-8,929.1,20,230,NA
2015,12,24,3,-8.6,926.5,21,240,NA
2015,12,24,6,-8.8,927.2,22,240,NA
2015,12,24,9,-8.4,926.2,21,240,NA
2015,12,24,12,-8.3,927.2,20,NA,NA
2015,12,24,15,-8.5,925.9,19,NA,NA
2015,12,24,18,-8.8,928.7,NA,NA,NA
2015,12,24,21,-8.8,929.3,NA,NA,NA
2015,12,25,0,-8.9,929.5,NA,NA,NA
2015,12,25,3,-7.5,929.2,NA,NA,NA
2015,12,25,6,-6.5,929.2,NA,240,NA
2015,12,25,9,-6.6,928.8,NA,270,NA
2015,12,25,12,-7.2,927.8,NA,360,NA
2015,12,25,15,-8.7,926.6,NA,360,NA
2015,12,25,18,-6.5,926.5,NA,130,NA
2015,12,25,21,-6.7,926.5,NA,160,NA
2015,12,26,0,-6.7,926.8,2,80,NA
2015,12,26,3,-6.6,926.5,NA,60,NA
2015,12,26,6,-5.6,926.2,NA,120,NA
2015,12,26,9,-6.5,925.5,NA,110,NA
2015,12,26,12,-7.1,925.1,2,240,NA
2015,12,26,15,-6.6,924.3,NA,NA,NA
2015,12,26,18,-7.6,923.5,NA,220,NA
2015,12,26,21,-7.6,923.4,NA,240,NA
2015,12,27,0,-7.3,922.9,17,250,NA
2015,12,27,3,-6,922.8,18,240,NA
2015,12,27,6,-6.4,923.2,18,230,NA
2015,12,27,9,-5.7,924,20,220,NA
2015,12,27,12,-5.7,924.6,NA,230,NA
2015,12,27,15,-6.1,925.6,NA,230,NA
2015,12,27,18,-6.6,925.9,NA,240,NA
2015,12,27,21,-6.7,926.6,10,240,NA
2015,12,28,0,-4.6,927.9,NA,80,NA
2015,12,28,3,-5.9,926.3,NA,360,NA
2015,12,28,6,-5.7,924.8,NA,10,NA
2015,12,28,9,-5.4,923,NA,280,NA
2015,12,28,12,-3.6,922.8,NA,250,NA
2015,12,28,15,-3.9,922.5,NA,60,NA
2015,12,28,18,-2.4,922.1,NA,40,NA
2015,12,28,21,-2.8,921.4,NA,70,NA
2015,12,29,0,-1.2,921,2,290,NA
2015,12,29,3,0.8,920.1,3,30,NA
2015,12,29,6,0.6,919.6,NA,240,NA
2015,12,29,9,-2.4,920.6,NA,230,NA
2015,12,29,12,-3.6,922.2,NA,130,NA
2015,12,29,15,-4.2,922.3,NA,20,NA
2015,12,29,18,-3.5,922,NA,30,NA
2015,12,29,21,-2.9,922.3,NA,30,NA
2015,12,30,0,-3.2,922.7,NA,30,NA
2015,12,30,3,-3.8,923.2,NA,50,NA
2015,12,30,6,-4,923.7,NA,250,NA
2015,12,30,9,-5.1,923.7,NA,230,NA
2015,12,30,12,-5.1,924,11,220,NA
2015,12,30,15,-5.5,924,NA,240,NA
2015,12,30,18,-6.1,924.8,13,230,NA
2015,12,30,21,-5.9,925.3,17,240,NA
2015,12,31,0,-6.1,925.8,NA,NA,NA
2015,12,31,3,-6.1,924.4,NA,NA,NA
2015,12,31,6,-5.9,923.4,NA,NA,NA
2015,12,31,9,-6.7,923.4,NA,250,NA
2015,12,31,12,-6.8,923.1,NA,NA,NA
2015,12,31,15,-7,921.5,NA,NA,NA
2015,12,31,18,-7,925.4,NA,230,NA
2015,12,31,21,-7,925.2,NA,240,NA
2016,1,1,0,-6.7,924.9,NA,240,NA
2016,1,1,3,-5.7,923.7,NA,290,NA
2016,1,1,6,-6.6,922.7,NA,360,NA
2016,1,1,9,NA,921.8,1,260,NA
2016,1,1,12,NA,920.7,1,340,NA
2016,1,1,15,NA,919.3,1,360,NA
2016,1,1,18,-6.7,918.7,NA,NA,NA
2016,1,1,21,-5.4,918.1,2,140,NA
2016,1,2,0,NA,918.1,1,290,NA
2016,1,2,3,-5.5,918.1,3,210,NA
2016,1,2,6,-5.5,918.4,2,230,NA
2016,1,2,9,-7.7,918.9,6,240,NA
2016,1,2,12,-7.8,919.7,NA,240,NA
2016,1,2,15,-7.3,919.9,NA,60,NA
2016,1,2,18,-7.4,920.2,NA,0,NA
2016,1,2,21,-7.4,920.7,3,180,NA
2016,1,3,0,NA,920.9,1,50,NA
2016,1,3,3,-6.2,920.8,NA,NA,NA
2016,1,3,6,-6.9,920.7,3,250,NA
2016,1,3,9,-7.5,920.7,NA,NA,NA
2016,1,3,12,-7.8,920.6,NA,NA,NA
2016,1,3,15,-8.2,920,NA,240,NA
2016,1,3,18,-7.6,920,NA,240,NA
2016,1,3,21,-6.5,919.4,NA,250,NA
2016,1,4,0,-5.6,919.3,NA,230,NA
2016,1,4,3,-6.1,917.8,NA,240,NA
2016,1,4,6,-5.7,917.7,18,250,NA
2016,1,4,9,-5.6,917.5,NA,240,NA
2016,1,4,12,-6,916.8,NA,240,NA
2016,1,4,15,-6.6,914.8,NA,250,NA
2016,1,4,18,-6.9,915.9,NA,230,NA
2016,1,4,21,-6.6,915.3,NA,250,NA
2016,1,5,0,-6.6,915.8,NA,250,NA
2016,1,5,3,-6.8,914.1,NA,240,NA
2016,1,5,6,-6.7,915.2,NA,250,NA
2016,1,5,9,-6.5,917.6,NA,240,NA
2016,1,5,12,-7.5,918.3,NA,250,NA
2016,1,5,15,-6.8,919.4,35,250,NA
2016,1,5,18,-6.7,920.9,NA,240,NA
2016,1,5,21,-6.6,921.5,NA,230,NA
2016,1,6,0,-5.6,921.8,NA,230,NA
2016,1,6,3,-4.9,921.2,NA,0,NA
2016,1,6,6,-5.2,920.4,NA,0,NA
2016,1,6,9,-6.4,919.9,NA,360,NA
2016,1,6,12,-7.3,919.5,NA,20,NA
2016,1,6,15,-7.1,919.2,NA,20,NA
2016,1,6,18,-6.1,919.3,2,280,NA
2016,1,6,21,-5.9,919.8,4,250,NA
2016,1,7,0,-6.2,920.2,NA,240,NA
2016,1,7,3,-5.6,920.5,5,250,NA
2016,1,7,6,-7.8,920.8,NA,250,NA
2016,1,7,9,-7.6,920.9,NA,240,NA
2016,1,7,12,-7.6,921.3,10,250,NA
2016,1,7,15,-7.3,921.4,7,240,NA
2016,1,7,18,-7.4,921.3,9,NA,NA
2016,1,7,21,-6.9,921.5,NA,NA,NA
2016,1,8,0,-6.8,921.9,13,NA,NA
2016,1,8,3,-6,921.5,10,NA,NA
2016,1,8,6,-6.4,921.6,10,230,NA
2016,1,8,9,-6.8,922,10,230,NA
2016,1,8,12,-7,922.6,NA,220,NA
2016,1,8,15,-7.3,922.5,NA,230,NA
2016,1,8,18,-6.9,922.8,NA,240,NA
2016,1,8,21,-6.9,922.7,NA,250,NA
2016,1,9,0,-7.1,923.2,NA,210,NA
2016,1,9,3,-7,922.9,9,200,NA
2016,1,9,6,-7.4,922.6,NA,210,NA
2016,1,9,9,-7.9,922.7,NA,220,NA
2016,1,9,12,-8.3,920.6,NA,230,NA
2016,1,9,15,-8,917.8,NA,230,NA
2016,1,9,18,-7.9,913.8,NA,230,NA
2016,1,9,21,-7.7,910.5,NA,240,NA
2016,1,10,0,-7.1,909.4,NA,230,NA
2016,1,10,3,-7.5,908.6,57,240,NA
2016,1,10,6,-7.4,910.1,NA,NA,NA
2016,1,10,9,-7.3,908.6,NA,NA,NA
2016,1,10,12,-7,911.3,NA,NA,NA
2016,1,10,15,-6.6,911.5,59,NA,NA
2016,1,10,18,-6.3,913.1,57,NA,NA
2016,1,10,21,-6.4,914.9,56,NA,NA
2016,1,11,0,-6.1,916.4,NA,NA,NA
2016,1,11,3,-5.8,916.8,54,250,NA
2016,1,11,6,-5.8,920.1,NA,240,NA
2016,1,11,9,-5.7,922.3,NA,240,NA
2016,1,11,12,-5.6,923.4,NA,240,NA
2016,1,11,15,-5.4,921.9,NA,230,NA
2016,1,11,18,-5.3,921.8,NA,240,NA
2016,1,11,21,-5.3,923.4,NA,250,NA
2016,1,12,0,-5.2,921,NA,250,NA
2016,1,12,3,-5.2,922.9,36,240,NA
2016,1,12,6,-5.7,921,NA,230,NA
2016,1,12,9,-5.9,921.8,NA,NA,NA
2016,1,12,12,-5.2,922.4,NA,NA,NA
2016,1,12,15,-4.6,923.1,NA,NA,NA
2016,1,12,18,-5.3,926,NA,NA,NA
2016,1,12,21,-4,924.8,NA,230,NA
2016,1,13,0,-3.7,922.9,NA,230,NA
2016,1,13,3,-3.4,923.7,NA,240,NA
2016,1,13,6,-2.6,922.9,NA,240,NA
2016,1,13,9,-2.1,922,NA,240,NA
2016,1,13,12,-3.9,921.8,NA,230,NA
2016,1,13,15,-3.6,922.3,NA,240,NA
2016,1,13,18,-2.8,921.5,NA,230,NA
2016,1,13,21,-1.9,920.9,NA,110,NA
2016,1,14,0,-0.6,920.2,2,190,NA
2016,1,14,3,-1.3,919.6,3,190,NA
2016,1,14,6,-2.1,919.5,NA,240,NA
2016,1,14,9,-3.1,919.3,NA,30,NA
2016,1,14,12,-4.8,919.3,NA,NA,NA
2016,1,14,15,-4.1,918.7,NA,240,NA
2016,1,14,18,-4.9,918.3,NA,NA,NA
2016,1,14,21,-4.2,918.7,NA,NA,NA
2016,1,15,0,-3.1,918.4,NA,NA,NA
2016,1,15,3,-5.1,918.5,NA,230,NA
2016,1,15,6,-5.1,918.4,23,240,NA
2016,1,15,9,-4.6,918.3,22,230,NA
2016,1,15,12,-3.7,918.8,23,NA,NA
2016,1,15,15,-4.7,918.1,NA,NA,NA
2016,1,15,18,-5.4,918.4,26,NA,NA
2016,1,15,21,-4.1,918.5,26,NA,NA
2016,1,16,0,-4.6,919.6,NA,220,NA
2016,1,16,3,-4.3,919.7,NA,250,NA
2016,1,16,6,-3.4,919,14,240,NA
2016,1,16,9,-3.8,918.9,NA,NA,NA
2016,1,16,12,-2.9,918.6,13,NA,NA
2016,1,16,15,-3,917.7,NA,NA,NA
2016,1,16,18,-3.1,917.5,NA,NA,NA
2016,1,16,21,-2.9,918.2,NA,230,NA
2016,1,17,0,-4.1,918.7,NA,240,NA
2016,1,17,3,-3.7,918.4,NA,240,NA
2016,1,17,6,-3.1,918.3,NA,40,NA
2016,1,17,9,-2.4,918.2,NA,270,NA
2016,1,17,12,-2.3,918.1,NA,0,NA
2016,1,17,15,-3.3,917.9,3,280,NA
2016,1,17,18,-2,918,NA,250,NA
2016,1,17,21,-1.3,918.5,6,240,NA
2016,1,18,0,-1.1,919.2,5,250,NA
2016,1,18,3,-1,919.2,4,230,NA
2016,1,18,6,-3.2,919,NA,240,NA
2016,1,18,9,-2.5,919.6,NA,250,NA
2016,1,18,12,-2.9,919.9,NA,0,NA
2016,1,18,15,-4,919.1,NA,0,NA
2016,1,18,18,-1.7,918.3,2,80,NA
2016,1,18,21,-1.7,917.2,NA,70,NA
2016,1,19,0,-0.9,916.4,3,20,NA
2016,1,19,3,-1.6,915.3,NA,0,NA
2016,1,19,6,NA,914.7,1,290,NA
2016,1,19,9,-2.4,914.9,NA,30,NA
2016,1,19,12,-2.9,915.5,3,270,NA
2016,1,19,15,-4,915.7,4,270,NA
2016,1,19,18,-3.4,916.4,4,250,NA
2016,1,19,21,-3.3,917.1,NA,240,NA
2016,1,20,0,-4.3,918.1,7,240,NA
2016,1,20,3,-2.8,918.4,NA,240,NA
2016,1,20,6,-4.4,918.6,NA,260,NA
2016,1,20,9,-5.1,918.9,NA,0,NA
2016,1,20,12,-5.3,919.3,NA,0,NA
2016,1,20,15,-5.7,919,NA,NA,NA
2016,1,20,18,-5.4,918.6,NA,240,NA
2016,1,20,21,-5.2,918.4,NA,220,NA
2016,1,21,0,-4.8,917.2,NA,230,NA
2016,1,21,3,-5,916.4,NA,220,NA
2016,1,21,6,-4.5,915.2,NA,210,NA
2016,1,21,9,-5,912.2,NA,220,NA
2016,1,21,12,-5.1,911.6,23,NA,NA
2016,1,21,15,-5,911.2,NA,NA,NA
2016,1,21,18,-5,909.8,20,NA,NA
2016,1,21,21,-5.1,910.5,16,NA,NA
2016,1,22,0,-4.9,910.7,NA,0,NA
2016,1,22,3,-4.9,910.3,NA,NA,NA
2016,1,22,6,-5,910.6,NA,NA,NA
2016,1,22,9,-4.9,912.7,NA,NA,NA
2016,1,22,12,-5,911.8,17,230,NA
2016,1,22,15,-5.5,910.4,NA,NA,NA
2016,1,22,18,-5.9,910.8,NA,NA,NA
2016,1,22,21,-6,912.7,NA,NA,NA
2016,1,23,0,-5.5,913.3,NA,NA,NA
2016,1,23,3,-4.8,914.9,NA,NA,NA
2016,1,23,6,-4.7,916.1,NA,NA,NA
2016,1,23,9,-4.9,914.9,NA,NA,NA
2016,1,23,12,-6.2,913.3,NA,NA,NA
2016,1,23,15,-5.7,910.2,NA,NA,NA
2016,1,23,18,-4.2,908.2,NA,NA,NA
2016,1,23,21,-3.7,907,NA,NA,NA
2016,1,24,0,-4.7,907.1,NA,NA,NA
2016,1,24,3,-3.4,907.2,NA,NA,NA
2016,1,24,6,-4.9,906.9,NA,NA,NA
2016,1,24,9,-5.4,907.7,NA,NA,NA
2016,1,24,12,-6.3,909,6,230,NA
2016,1,24,15,-6.7,909.6,8,230,NA
2016,1,24,18,-5.9,910.7,NA,240,NA
2016,1,24,21,-4.8,911.5,NA,180,NA
2016,1,25,0,-3.7,912.3,NA,0,NA
2016,1,25,3,-4.7,912.8,NA,240,NA
2016,1,25,6,-4.7,913.5,NA,240,NA
2016,1,25,9,-5.5,914.1,NA,250,NA
2016,1,25,12,-5.7,916,NA,250,NA
2016,1,25,15,-6.1,917,32,230,NA
2016,1,25,18,-6.2,919.2,30,240,NA
2016,1,25,21,-6.2,922.5,NA,230,NA
2016,1,26,0,-5.6,924.2,NA,240,NA
2016,1,26,3,-5.3,924.4,NA,230,NA
2016,1,26,6,-6,925.4,9,240,NA
2016,1,26,9,-5.6,925.8,NA,250,NA
2016,1,26,12,-7.8,926.3,NA,290,NA
2016,1,26,15,-7,926,NA,260,NA
2016,1,26,18,-6.2,925.9,NA,0,NA
2016,1,26,21,-4.9,925.6,NA,30,NA
2016,1,27,0,-4,925.4,2,80,NA
2016,1,27,3,-4.6,924.7,3,40,NA
2016,1,27,6,-5.8,923.7,NA,20,NA
2016,1,27,9,-5.9,923.1,NA,20,NA
2016,1,27,12,-6.7,922.8,NA,10,NA
2016,1,27,15,-7.3,922.4,NA,30,NA
2016,1,27,18,NA,922,1,10,NA
2016,1,27,21,-7.5,922.1,NA,70,NA
2016,1,28,0,-6.4,922.2,NA,30,NA
2016,1,28,3,-5.6,922.2,NA,60,NA
2016,1,28,6,-7.1,922.2,NA,20,NA
2016,1,28,9,-7.8,922.3,6,10,NA
2016,1,28,12,-7.1,922.3,8,40,NA
2016,1,28,15,-7.3,921.9,4,40,NA
2016,1,28,18,-7.1,920.8,5,360,NA
2016,1,28,21,NA,919.9,1,300,NA
2016,1,29,0,-7.5,918.9,NA,220,NA
2016,1,29,3,-7.3,916.9,NA,240,NA
2016,1,29,6,-7.7,915.4,NA,240,NA
2016,1,29,9,-7.6,913.8,NA,250,NA
2016,1,29,12,-7.9,914.6,NA,240,NA
2016,1,29,15,-8.2,914.9,NA,240,NA
2016,1,29,18,-7.7,914.3,41,NA,NA
2016,1,29,21,-7.7,914.7,43,NA,NA
2016,1,30,0,-6.9,915,NA,NA,NA
2016,1,30,3,-6.9,914.5,NA,230,NA
2016,1,30,6,-6.6,912.4,NA,250,NA
2016,1,30,9,-6.5,911.5,NA,240,NA
2016,1,30,12,-6.6,910.2,NA,250,NA
2016,1,30,15,-7.5,908.3,NA,240,NA
2016,1,30,18,-7.8,908.5,NA,NA,NA
2016,1,30,21,-7.1,908.6,NA,NA,NA
2016,1,31,0,-6.2,907.6,NA,NA,NA
2016,1,31,3,-5.7,906.9,NA,230,NA
2016,1,31,6,-5.7,906.3,NA,230,NA
2016,1,31,9,-7.2,905.3,NA,240,NA
2016,1,31,12,-8.2,902.9,NA,240,NA
2016,1,31,15,-8.5,904.5,NA,230,NA
2016,1,31,18,-8.6,905.9,NA,240,NA
2016,1,31,21,-8.2,906.2,NA,230,NA
2016,2,1,0,-8.2,906.5,27,240,NA
2016,2,1,3,-8.2,906.6,NA,240,NA
2016,2,1,6,-8.1,905.7,NA,250,NA
2016,2,1,9,-7.2,906.8,NA,240,NA
2016,2,1,12,-6.4,906.5,NA,240,NA
2016,2,1,15,-5.6,906.3,NA,250,NA
2016,2,1,18,-6.4,906.5,NA,220,NA
2016,2,1,21,-4.8,906.1,NA,260,NA
2016,2,2,0,-5.1,906.5,NA,0,NA
2016,2,2,3,-6.7,906.5,NA,0,NA
2016,2,2,6,-7,906.6,NA,220,NA
2016,2,2,9,-7,907.3,NA,240,NA
2016,2,2,12,-8.2,908,NA,240,NA
2016,2,2,15,-8.1,908.6,NA,70,NA
2016,2,2,18,-7.1,909.2,NA,230,NA
2016,2,2,21,-5.9,910.1,NA,0,NA
2016,2,3,0,-6,910.5,NA,50,NA
2016,2,3,3,-6.9,911.9,NA,240,NA
2016,2,3,6,-6.2,913.2,NA,0,NA
2016,2,3,9,-8.2,913.6,NA,240,NA
2016,2,3,12,-8.5,915.8,NA,240,NA
2016,2,3,15,-7,916.8,NA,250,NA
2016,2,3,18,-5.8,915.9,NA,240,NA
2016,2,3,21,-4.8,916.5,NA,230,NA
2016,2,4,0,-5.6,915,NA,250,NA
2016,2,4,3,-5.7,917.1,NA,240,NA
2016,2,4,6,-5.4,916.1,NA,250,NA
2016,2,4,9,-5,917.2,NA,240,NA
2016,2,4,12,-5.4,914.7,NA,NA,NA
2016,2,4,15,-5.3,914.2,NA,NA,NA
2016,2,4,18,-5,913.1,NA,NA,NA
2016,2,4,21,-5,912.9,36,NA,NA
2016,2,5,0,-5.5,914.2,NA,230,NA
2016,2,5,3,-6,915.1,NA,220,NA
2016,2,5,6,-6,915.1,NA,240,NA
2016,2,5,9,-6.9,915.8,NA,250,NA
2016,2,5,12,-7.3,916.4,NA,220,NA
2016,2,5,15,-8.2,916.2,16,230,NA
2016,2,5,18,-8.1,916.4,16,220,NA
2016,2,5,21,-8.3,916.8,NA,240,NA
2016,2,6,0,-7.6,917.2,NA,240,NA
2016,2,6,3,-8.2,917.1,11,230,NA
2016,2,6,6,-8.5,917.6,9,NA,NA
2016,2,6,9,-8.6,917.9,8,NA,NA
2016,2,6,12,-8.9,918.7,NA,NA,NA
2016,2,6,15,-9.1,919.1,9,220,NA
2016,2,6,18,-8.8,919.8,7,240,NA
2016,2,6,21,-9.2,920.3,11,230,NA
2016,2,7,0,-8.6,920.2,NA,230,NA
2016,2,7,3,-8.9,920.7,NA,240,NA
2016,2,7,6,-9.3,921.5,NA,220,NA
2016,2,7,9,-9.2,922,NA,250,NA
2016,2,7,12,-9.3,921.9,14,240,NA
2016,2,7,15,-9.5,921.7,12,240,NA
2016,2,7,18,-7.3,922.1,NA,320,NA
2016,2,7,21,-7.5,921.8,NA,40,NA
2016,2,8,0,-7.5,921.3,NA,10,NA
2016,2,8,3,-7.4,920.5,9,60,NA
2016,2,8,6,-8.4,920,NA,50,NA
2016,2,8,9,-8.2,919.5,NA,260,NA
2016,2,8,12,-10.9,918.9,NA,270,NA
2016,2,8,15,-11,917.9,NA,250,NA
2016,2,8,18,-11.4,918,NA,240,NA
2016,2,8,21,-9.8,918.8,NA,240,NA
2016,2,9,0,-9,919.4,NA,240,NA
2016,2,9,3,-7.7,920.1,NA,0,NA
2016,2,9,6,-8.1,920.5,NA,0,NA
2016,2,9,9,-8.8,920.8,4,120,NA
2016,2,9,12,NA,921.1,1,40,NA
2016,2,9,15,-9.4,921.1,2,NA,NA
2016,2,9,18,-9.6,921.4,4,NA,NA
2016,2,9,21,-8.6,921.5,5,NA,NA
2016,2,10,0,-8.2,921.6,NA,NA,NA
2016,2,10,3,-7.7,921.4,NA,10,NA
2016,2,10,6,-7.9,921.8,NA,0,NA
2016,2,10,9,-8.2,922.2,4,260,NA
2016,2,10,12,-8.9,922.7,NA,260,NA
2016,2,10,15,-9.4,923,7,280,NA
2016,2,10,18,-7.6,923.1,NA,0,NA
2016,2,10,21,-6.7,922.5,NA,40,NA
2016,2,11,0,NA,921.8,1,40,NA
2016,2,11,3,-6.8,920.7,NA,30,NA
2016,2,11,6,-6.5,920.2,NA,240,NA
2016,2,11,9,-7.1,919.9,NA,240,NA
2016,2,11,12,-6.4,920,NA,350,NA
2016,2,11,15,-7,920.4,4,250,NA
2016,2,11,18,-7.3,920.7,5,360,NA
2016,2,11,21,-9.1,921.1,4,280,NA
2016,2,12,0,-8.2,921.5,5,270,NA
2016,2,12,3,-8.1,921.5,4,200,NA
2016,2,12,6,-7.9,921.5,NA,200,NA
2016,2,12,9,-8,921,NA,240,NA
2016,2,12,12,-8.7,920.8,NA,240,NA
2016,2,12,15,-8.9,921,NA,230,NA
2016,2,12,18,-9.1,921.4,NA,240,NA
2016,2,12,21,-9.3,923.4,35,240,NA
2016,2,13,0,-9.2,925,35,240,NA
2016,2,13,3,-9.5,925.5,36,230,NA
2016,2,13,6,-8.8,928.3,NA,240,NA
2016,2,13,9,-7.9,930,NA,230,NA
2016,2,13,12,-8.5,932,NA,210,NA
2016,2,13,15,-9.1,933.3,NA,240,NA
2016,2,13,18,-8.9,934.3,NA,260,NA
2016,2,13,21,-8.9,935.2,5,270,NA
2016,2,14,0,-9,935.6,8,260,NA
2016,2,14,3,-8.5,935.7,NA,260,NA
2016,2,14,6,-8.4,935.1,NA,0,NA
2016,2,14,9,-8.5,934.6,NA,NA,NA
2016,2,14,12,-9.2,933.8,4,130,NA
2016,2,14,15,-9.6,933.2,NA,NA,NA
2016,2,14,18,-9.8,932.4,NA,20,NA
2016,2,14,21,-9.3,932,3,40,NA
2016,2,15,0,-8.4,931.2,5,50,NA
2016,2,15,3,-8.9,930.6,NA,20,NA
2016,2,15,6,-9.5,929.8,NA,20,NA
2016,2,15,9,-9.7,929.2,NA,30,NA
2016,2,15,12,-8.8,928.8,NA,20,NA
2016,2,15,15,-8.2,927.6,NA,30,NA
2016,2,15,18,-7.7,926.8,4,330,NA
2016,2,15,21,-7.1,926.3,6,280,NA
2016,2,16,0,-5.8,925.6,NA,330,NA
2016,2,16,3,-6.1,924.7,3,200,NA
2016,2,16,6,-6.3,924.3,5,260,NA
2016,2,16,9,-8.3,924.2,5,220,NA
2016,2,16,12,-8.6,923.6,4,150,NA
2016,2,16,15,-8.9,922.6,NA,360,NA
2016,2,16,18,-8.5,921.5,NA,20,NA
2016,2,16,21,-9.6,921.1,NA,150,NA
2016,2,17,0,-9.7,920.7,4,160,NA
2016,2,17,3,-9.7,920.3,3,330,NA
2016,2,17,6,-10,920,NA,0,NA
2016,2,17,9,-10.6,919.7,2,310,NA
2016,2,17,12,-10.7,918.6,4,30,NA
2016,2,17,15,-10.9,916.7,NA,80,NA
2016,2,17,18,-10.7,914.6,NA,40,NA
2016,2,17,21,-11,913.1,NA,100,NA
2016,2,18,0,NA,911.9,1,280,NA
2016,2,18,3,-10.9,910.8,NA,220,NA
2016,2,18,6,-11,910.4,5,240,NA
2016,2,18,9,-11.9,910.1,4,250,NA
2016,2,18,12,-11.9,909.7,NA,0,NA
2016,2,18,15,NA,909.4,1,310,NA
2016,2,18,18,-11.9,909,NA,NA,NA
2016,2,18,21,-11.9,908.8,3,80,NA
2016,2,19,0,-11.5,909.1,2,10,NA
2016,2,19,3,-11.7,909.1,4,180,NA
2016,2,19,6,-11.6,909.4,4,250,NA
2016,2,19,9,-11.7,909.8,5,270,NA
2016,2,19,12,-11.7,910.5,4,270,NA
2016,2,19,15,-12,911.3,2,280,NA
2016,2,19,18,-12,912.1,4,260,NA
2016,2,19,21,-11.4,913.5,3,230,NA
2016,2,20,0,-11.7,915,4,240,NA
2016,2,20,3,-11.3,915.9,NA,250,NA
2016,2,20,6,-11.3,917.4,NA,240,NA
2016,2,20,9,-11,919,10,250,NA
2016,2,20,12,-11,920.3,NA,260,NA
2016,2,20,15,-11,921.6,10,250,NA
2016,2,20,18,-11.1,922.8,11,260,NA
2016,2,20,21,-10.9,924.1,12,260,NA
2016,2,21,0,-10.9,925.9,12,240,NA
2016,2,21,3,-11.4,927,NA,230,NA
2016,2,21,6,-11.5,927.8,NA,NA,NA
2016,2,21,9,-11.6,929.4,NA,NA,NA
2016,2,21,12,-11.7,930.7,NA,NA,NA
2016,2,21,15,-11.8,931.2,NA,NA,NA
2016,2,21,18,-11.4,931.7,17,NA,NA
2016,2,21,21,-11.5,931.7,15,NA,NA
2016,2,22,0,-11.8,931.8,NA,230,NA
2016,2,22,3,-12,930.6,17,220,NA
2016,2,22,6,-12.1,929.8,16,220,NA
2016,2,22,9,-12.3,928.5,NA,220,NA
2016,2,22,12,-12.5,927.2,NA,240,NA
2016,2,22,15,-12.7,925.3,9,240,NA
2016,2,22,18,-12.4,924,NA,220,NA
2016,2,22,21,-12.7,922.9,NA,260,NA
2016,2,23,0,-13.3,922.5,NA,240,NA
2016,2,23,3,-12.9,922.1,10,260,NA
2016,2,23,6,-13.1,921.5,NA,250,NA
2016,2,23,9,-12.6,921.7,NA,270,NA
2016,2,23,12,-13.1,921.8,8,260,NA
2016,2,23,15,-13.7,921.8,8,260,NA
2016,2,23,18,-13.8,922.2,8,220,NA
2016,2,23,21,-11.9,923,9,230,NA
2016,2,24,0,-10.1,923.6,NA,240,NA
2016,2,24,3,-9.1,924,7,250,NA
2016,2,24,6,-8.7,924.3,5,240,NA
2016,2,24,9,-9.6,924.5,5,40,NA
2016,2,24,12,-9.9,924.6,NA,360,NA
2016,2,24,15,-9.9,924.1,6,20,NA
2016,2,24,18,-10.9,923.4,5,260,NA
2016,2,24,21,-10.1,922.5,NA,0,NA
2016,2,25,0,-9.6,921.7,NA,0,NA
2016,2,25,3,-10.5,921.2,3,280,NA
2016,2,25,6,-10.7,920.4,NA,250,NA
2016,2,25,9,-11.4,919.5,NA,240,NA
2016,2,25,12,-10.7,919.3,NA,230,NA
2016,2,25,15,-11.1,917.9,NA,NA,NA
2016,2,25,18,-11,917.2,NA,NA,NA
2016,2,25,21,-11.4,916.5,NA,NA,NA
2016,2,26,0,-11.7,917.1,NA,NA,NA
2016,2,26,3,-10.1,917.3,NA,240,NA
2016,2,26,6,-11.7,917.7,NA,NA,NA
2016,2,26,9,-11.4,918.8,NA,NA,NA
2016,2,26,12,-12,919.8,NA,NA,NA
2016,2,26,15,-12.3,920.7,NA,260,NA
2016,2,26,18,-11.4,922.1,NA,260,NA
2016,2,26,21,-10.5,924,NA,270,NA
2016,2,27,0,-11.2,925.9,NA,250,NA
2016,2,27,3,-10.1,927.4,NA,NA,NA
2016,2,27,6,-10.1,929.2,17,NA,NA
2016,2,27,9,-9.5,930.9,17,NA,NA
2016,2,27,12,-9.8,932.5,16,230,NA
2016,2,27,15,-10.3,932.8,NA,230,NA
2016,2,27,18,-10.1,933.3,NA,230,NA
2016,2,27,21,-10,933.2,NA,240,NA
2016,2,28,0,-10.1,933.7,31,240,NA
2016,2,28,3,-9.3,933.5,32,240,NA
2016,2,28,6,-9.3,934.9,NA,230,NA
2016,2,28,9,-8.8,935,NA,260,NA
2016,2,28,12,-9.8,934.4,28,230,NA
2016,2,28,15,-10,934.1,NA,240,NA
2016,2,28,18,-9.6,935,NA,230,NA
2016,2,28,21,-9.4,934.5,NA,230,NA
2016,2,29,0,-9.7,933.9,12,220,NA
2016,2,29,3,-9.7,932.8,12,250,NA
2016,2,29,6,-9.2,932.4,NA,350,NA
2016,2,29,9,-8.9,931.6,NA,340,NA
2016,2,29,12,-9.7,930.4,NA,NA,NA
2016,2,29,15,-9.4,929.1,4,30,NA
2016,2,29,18,NA,928.5,1,20,NA
2016,2,29,21,-10.2,928.2,NA,270,NA
2016,3,1,0,-9.8,927.9,NA,250,NA
2016,3,1,3,-10.7,928.6,NA,210,NA
2016,3,1,6,-11.7,928.8,NA,220,NA
2016,3,1,9,-12.6,930.1,NA,240,NA
2016,3,1,12,-13.1,929.6,NA,320,NA
2016,3,1,15,-13.1,928.7,NA,20,NA
2016,3,1,18,-12.2,927.8,NA,40,NA
2016,3,1,21,-11.6,928.9,NA,240,NA
2016,3,2,0,-11.4,929.1,NA,240,NA
2016,3,2,3,-11,928.3,4,70,NA
2016,3,2,6,-10.5,926.3,NA,60,NA
2016,3,2,9,-10.2,923.9,NA,20,NA
2016,3,2,12,-10.5,922.3,NA,40,NA
2016,3,2,15,-10.4,920.8,NA,30,NA
2016,3,2,18,-10.5,919.7,NA,50,NA
2016,3,2,21,-11.6,919.1,NA,0,NA
2016,3,3,0,-10.6,918.1,NA,290,NA
2016,3,3,3,-11.1,917.1,1,330,NA
2016,3,3,6,-11.4,915.8,4,270,NA
2016,3,3,9,-11.6,914.8,1,320,NA
2016,3,3,12,-11,913.4,NA,NA,NA
2016,3,3,15,-11.1,912,NA,0,NA
2016,3,3,18,-11,911,1,80,NA
2016,3,3,21,-12,910.3,1,310,NA
2016,3,4,0,-11.6,910.1,2,250,NA
2016,3,4,3,-11.9,909.4,NA,270,NA
2016,3,4,6,-11.6,909.4,NA,260,NA
2016,3,4,9,-11.6,909.4,NA,NA,NA
2016,3,4,12,-11.9,909.4,NA,NA,NA
2016,3,4,15,-12.1,909.4,10,NA,NA
2016,3,4,18,-12.1,909.7,11,NA,NA
2016,3,4,21,-11.9,910.5,NA,250,NA
2016,3,5,0,-12.2,912.1,12,260,NA
2016,3,5,3,-12.1,912.8,15,260,NA
2016,3,5,6,-12.1,914,12,260,NA
2016,3,5,9,-11.7,915.1,12,250,NA
2016,3,5,12,-12,915.9,12,240,NA
2016,3,5,15,-12.4,916.9,11,250,NA
2016,3,5,18,-12.5,917.6,11,240,NA
2016,3,5,21,-12.2,918.4,7,230,NA
2016,3,6,0,-10.8,919,NA,240,NA
2016,3,6,3,-12.2,918.7,4,260,NA
2016,3,6,6,-12.3,918.7,5,250,NA
2016,3,6,9,-14.1,918.3,NA,250,NA
2016,3,6,12,-13.1,917.8,NA,240,NA
2016,3,6,15,-14,916.9,NA,20,NA
2016,3,6,18,-12.6,915.9,NA,50,NA
2016,3,6,21,-12.8,915.1,NA,90,NA
2016,3,7,0,-11.9,914.1,6,70,NA
2016,3,7,3,-11.6,913.2,4,110,NA
2016,3,7,6,-12.3,912.5,NA,40,NA
2016,3,7,9,-12.4,912,2,310,NA
2016,3,7,12,-12.3,911.2,4,170,NA
2016,3,7,15,-12.5,910.7,NA,190,NA
2016,3,7,18,-13.3,910.5,NA,250,NA
2016,3,7,21,-13.4,910.8,7,240,NA
2016,3,8,0,-13.1,911.4,7,230,NA
2016,3,8,3,-14,912,NA,240,NA
2016,3,8,6,-14.1,912.5,NA,240,NA
2016,3,8,9,-14.5,913.5,13,250,NA
2016,3,8,12,-13.9,914,NA,250,NA
2016,3,8,15,-13.5,915,NA,230,NA
2016,3,8,18,-12.9,915.9,NA,250,NA
2016,3,8,21,-12.8,917,11,240,NA
2016,3,9,0,-12.5,918.4,NA,260,NA
2016,3,9,3,-12.3,919.7,9,240,NA
2016,3,9,6,-12.1,920.5,10,250,NA
2016,3,9,9,-12.2,921.4,9,250,NA
2016,3,9,12,-12.2,922.1,9,260,NA
2016,3,9,15,-12.1,922.1,6,260,NA
2016,3,9,18,-11.8,921.3,NA,250,NA
2016,3,9,21,-11.4,921.2,NA,240,NA
2016,3,10,0,-11.6,920.5,NA,NA,NA
2016,3,10,3,-11.5,919.9,NA,NA,NA
2016,3,10,6,-12.2,918.8,NA,NA,NA
2016,3,10,9,-12.3,917.3,NA,230,NA
2016,3,10,12,-12.4,916.4,NA,230,NA
2016,3,10,15,-12.2,917.3,NA,250,NA
2016,3,10,18,-12.4,918,NA,240,NA
2016,3,10,21,-11.6,918.6,NA,250,NA
2016,3,11,0,-11.9,918.7,34,240,NA
2016,3,11,3,-11.4,918.9,NA,230,NA
2016,3,11,6,-11.5,918.6,NA,250,NA
2016,3,11,9,-11.7,917.8,NA,0,NA
2016,3,11,12,-11.2,915.7,NA,60,NA
2016,3,11,15,-12.3,913.9,4,260,NA
2016,3,11,18,-12.8,912.3,NA,230,NA
2016,3,11,21,-13.6,910.7,NA,240,NA
2016,3,12,0,-13.9,910.2,NA,230,NA
2016,3,12,3,-15,910.8,NA,240,NA
2016,3,12,6,-15.6,911.5,NA,230,NA
2016,3,12,9,-15.1,913.9,NA,240,NA
2016,3,12,12,-15.4,916.3,NA,230,NA
2016,3,12,15,-15.6,917.3,NA,220,NA
2016,3,12,18,-15.4,917.7,NA,230,NA
2016,3,12,21,-15.3,917.9,NA,300,NA
2016,3,13,0,-13.9,917.2,NA,40,NA
2016,3,13,3,-12.9,916.1,NA,0,NA
2016,3,13,6,-14.3,915.1,NA,270,NA
2016,3,13,9,-14.5,913.5,NA,240,NA
2016,3,13,12,-15,912.5,NA,240,NA
2016,3,13,15,-16.2,912.1,NA,240,NA
2016,3,13,18,-16.4,913,29,NA,NA
2016,3,13,21,-16,914.4,NA,NA,NA
2016,3,14,0,-16.2,915.1,29,230,NA
2016,3,14,3,-15.8,916,28,230,NA
2016,3,14,6,-16.4,917.2,NA,240,NA
2016,3,14,9,-16.4,917.8,NA,230,NA
2016,3,14,12,-16.3,917.7,NA,240,NA
2016,3,14,15,-16.2,917.8,12,230,NA
2016,3,14,18,-16.3,918.1,NA,240,NA
2016,3,14,21,-16,918.5,NA,260,NA
2016,3,15,0,-15.6,918.7,NA,200,NA
2016,3,15,3,-15.7,918.9,4,210,NA
2016,3,15,6,-16.8,919,NA,210,NA
2016,3,15,9,-17.4,919.6,NA,230,NA
2016,3,15,12,-17.8,919.9,12,230,NA
2016,3,15,15,-19.2,920.2,10,250,NA
2016,3,15,18,-19.1,920.1,11,230,NA
2016,3,15,21,-18.9,920.3,9,230,NA
2016,3,16,0,-17.6,920.1,NA,230,NA
2016,3,16,3,-18.3,918.5,NA,220,NA
2016,3,16,6,-19.1,917,NA,240,NA
2016,3,16,9,-19,916,NA,240,NA
2016,3,16,12,-19,913.9,NA,NA,NA
2016,3,16,15,-19.1,914.1,NA,NA,NA
2016,3,16,18,-18.9,915.4,31,NA,NA
2016,3,16,21,-19.1,916.2,30,NA,NA
2016,3,17,0,-19.4,916.4,30,240,NA
2016,3,17,3,-19.2,917.8,27,NA,NA
2016,3,17,6,-19.1,918.1,NA,NA,NA
2016,3,17,9,-19.2,918.4,NA,NA,NA
2016,3,17,12,-18.7,919.2,NA,250,NA
2016,3,17,15,-19.4,919.9,NA,240,NA
2016,3,17,18,-19.5,921.9,40,230,NA
2016,3,17,21,-19.6,924.6,NA,240,NA
2016,3,18,0,-19.2,925.7,NA,NA,NA
2016,3,18,3,-18.6,926.8,NA,NA,NA
2016,3,18,6,-18.8,925.2,31,240,NA
2016,3,18,9,-18.8,922.1,NA,240,NA
2016,3,18,12,-17.5,916.8,NA,250,NA
2016,3,18,15,-17.9,915.5,NA,250,NA
2016,3,18,18,-18.6,911.9,NA,240,NA
2016,3,18,21,-17.7,911.4,NA,230,NA
2016,3,19,0,-15.9,911.6,NA,240,NA
2016,3,19,3,-14.8,907.6,NA,250,NA
2016,3,19,6,-14.7,907,NA,NA,NA
2016,3,19,9,-15.5,912,NA,NA,NA
2016,3,19,12,-15.7,914.7,NA,250,NA
2016,3,19,15,-15.5,916,NA,250,NA
2016,3,19,18,-16,919.5,58,240,NA
2016,3,19,21,-16,924.5,NA,240,NA
2016,3,20,0,-14.9,926.7,NA,240,NA
2016,3,20,3,-14.6,927,NA,280,NA
2016,3,20,6,-15.5,924.7,NA,0,NA
2016,3,20,9,-14.7,921.4,NA,20,NA
2016,3,20,12,-10.6,916.7,NA,250,NA
2016,3,20,15,-13.6,912.8,NA,250,NA
2016,3,20,18,-15,910,NA,260,NA
2016,3,20,21,-14.6,908.1,NA,330,NA
2016,3,21,0,-14.8,905.9,NA,100,NA
2016,3,21,3,NA,903.9,NA,220,NA
2016,3,21,6,NA,903.4,NA,230,NA
2016,3,21,9,-20.7,903.4,19,230,NA
2016,3,21,12,-21.8,902.5,NA,240,NA
2016,3,21,15,-22.3,902,NA,230,NA
2016,3,21,18,-23.1,902.5,NA,230,NA
2016,3,21,21,-23,902.7,NA,210,NA
2016,3,22,0,-22.7,903,NA,230,NA
2016,3,22,3,-22.5,903.7,NA,230,NA
2016,3,22,6,-22.5,905.2,NA,180,NA
2016,3,22,9,-23.8,906.4,NA,210,NA
2016,3,22,12,-24.3,908.8,NA,220,NA
2016,3,22,15,-24.5,911.3,NA,240,NA
2016,3,22,18,-24.1,911.5,NA,40,NA
2016,3,22,21,-23,911.4,5,90,NA
2016,3,23,0,-20.4,911.5,6,50,NA
2016,3,23,3,-20.9,911.2,6,270,NA
2016,3,23,6,-19.7,911.7,NA,0,NA
2016,3,23,9,-18.9,912.6,NA,0,NA
2016,3,23,12,-20,913,4,40,NA
2016,3,23,15,-18,913.6,NA,20,NA
2016,3,23,18,-17.1,913.8,6,30,NA
2016,3,23,21,-16.4,914.3,NA,20,NA
2016,3,24,0,-15,914.7,7,20,NA
2016,3,24,3,-15.1,915.4,NA,30,NA
2016,3,24,6,-14.9,916.5,NA,360,NA
2016,3,24,9,-17.7,917.5,NA,210,NA
2016,3,24,12,-17.2,918.6,3,60,NA
2016,3,24,15,-16.9,919.2,NA,40,NA
2016,3,24,18,NA,919.5,3,290,NA
2016,3,24,21,-14.7,920.3,4,350,NA
2016,3,25,0,-12.8,920.1,NA,0,NA
2016,3,25,3,-12.4,919.3,3,10,NA
2016,3,25,6,-15.1,918.6,NA,50,NA
2016,3,25,9,-15,918,NA,30,NA
2016,3,25,12,-12.8,918,NA,30,NA
2016,3,25,15,-14.9,917.8,8,270,NA
2016,3,25,18,-16.7,917.2,NA,240,NA
2016,3,25,21,-16.3,917.4,NA,260,NA
2016,3,26,0,-16.8,917.5,NA,260,NA
2016,3,26,3,-17,917.4,NA,270,NA
2016,3,26,6,-16.4,917.1,NA,50,NA
2016,3,26,9,-16,916.2,NA,60,NA
2016,3,26,12,-15.6,915.8,NA,NA,NA
2016,3,26,15,-15.7,914.9,NA,NA,NA
2016,3,26,18,-15.2,914.1,NA,70,NA
2016,3,26,21,-18,913.7,NA,280,NA
2016,3,27,0,-17.2,913.5,NA,270,NA
2016,3,27,3,-16.7,912.7,9,260,NA
2016,3,27,6,-16.4,912.8,10,250,NA
2016,3,27,9,-16.4,913.4,7,240,NA
2016,3,27,12,-17.6,913.6,NA,240,NA
2016,3,27,15,-18.4,913.9,NA,230,NA
2016,3,27,18,-19,914.7,14,NA,NA
2016,3,27,21,-19.4,915.5,13,NA,NA
2016,3,28,0,-19.4,916.8,13,230,NA
2016,3,28,3,-19.4,917.7,NA,240,NA
2016,3,28,6,-20.3,918.7,NA,250,NA
2016,3,28,9,-20.3,919.8,NA,270,NA
2016,3,28,12,-20.8,920.3,NA,260,NA
2016,3,28,15,-21.4,920.9,NA,30,NA
2016,3,28,18,-21.5,921.8,2,50,NA
2016,3,28,21,-20.7,922.5,NA,NA,NA
2016,3,29,0,-20.2,923.5,NA,NA,NA
2016,3,29,3,-20.5,924.2,3,270,NA
2016,3,29,6,-20.4,925.2,2,240,NA
2016,3,29,9,-20.4,926.1,NA,NA,NA
2016,3,29,12,-20.5,927,1,280,NA
2016,3,29,15,-19.8,927.5,NA,NA,NA
2016,3,29,18,-20.1,928.2,NA,NA,NA
2016,3,29,21,-19.7,928.8,NA,NA,NA
2016,3,30,0,-19.9,928.7,NA,10,NA
2016,3,30,3,-19.6,927.4,NA,20,NA
2016,3,30,6,-18.5,926.3,8,30,NA
2016,3,30,9,-18.4,925.7,5,30,NA
2016,3,30,12,-19.1,924.8,NA,10,NA
2016,3,30,15,-17.6,923.4,NA,10,NA
2016,3,30,18,-18.4,922.4,NA,NA,NA
2016,3,30,21,-18.8,921.4,NA,NA,NA
2016,3,31,0,-18.7,920.6,NA,NA,NA
2016,3,31,3,-17,919.6,NA,NA,NA
2016,3,31,6,-18.9,919.1,NA,NA,NA
2016,3,31,9,-19.4,918.9,NA,NA,NA
2016,3,31,12,-20.1,919.1,1,30,NA
2016,3,31,15,-19,920.4,NA,NA,NA
2016,3,31,18,-18.6,921.5,NA,NA,NA
2016,3,31,21,-18.5,923.6,NA,NA,NA
2016,4,1,0,-19.4,925.7,NA,NA,NA
2016,4,1,3,-19.5,927.1,4,250,NA
2016,4,1,6,-18.7,928,4,230,NA
2016,4,1,9,-18.3,928.2,4,250,NA
2016,4,1,12,-20.4,928,NA,240,NA
2016,4,1,15,-21.5,929.4,NA,230,NA
2016,4,1,18,-21.7,932.4,28,230,NA
2016,4,1,21,-21.6,935.7,NA,240,NA
2016,4,2,0,-20.8,938.2,NA,240,NA
2016,4,2,3,-20.1,938.3,NA,130,NA
2016,4,2,6,-21,937.8,NA,50,NA
2016,4,2,9,-20.9,936.4,NA,50,NA
2016,4,2,12,-21.2,934,NA,40,NA
2016,4,2,15,-20.7,931.9,5,50,NA
2016,4,2,18,-20.2,929.5,NA,0,NA
2016,4,2,21,-22.1,927,NA,250,NA
2016,4,3,0,-22.2,925.2,NA,230,NA
2016,4,3,3,-22.3,922.9,NA,230,NA
2016,4,3,6,-23,921.9,NA,230,NA
2016,4,3,9,-24.3,922.4,NA,240,NA
2016,4,3,12,-24.9,922.4,20,230,NA
2016,4,3,15,-26,922.8,NA,240,NA
2016,4,3,18,-26.6,923.4,21,240,NA
2016,4,3,21,-26.9,924.2,NA,230,NA
2016,4,4,0,-26.6,924.1,NA,NA,NA
2016,4,4,3,-26.7,924.3,20,NA,NA
2016,4,4,6,-27.5,924.2,20,NA,NA
2016,4,4,9,-27.4,924.5,22,230,NA
2016,4,4,12,-27.7,925,19,230,NA
2016,4,4,15,-28.5,925.4,NA,230,NA
2016,4,4,18,-28.4,925.8,NA,250,NA
2016,4,4,21,-28,926.2,NA,230,NA
2016,4,5,0,-27.1,926.1,NA,90,NA
2016,4,5,3,-27.2,925.3,NA,70,NA
2016,4,5,6,-28.2,924,NA,50,NA
2016,4,5,9,-28.4,922.7,NA,130,NA
2016,4,5,12,-29.6,920.8,NA,250,NA
2016,4,5,15,-31.2,918,NA,250,NA
2016,4,5,18,-31,915.6,NA,240,NA
2016,4,5,21,-30.4,914,NA,240,NA
2016,4,6,0,-30,913,NA,230,NA
2016,4,6,3,-29.9,912.4,NA,230,NA
2016,4,6,6,-30.1,913,22,230,NA
2016,4,6,9,-28.9,913.1,24,220,NA
2016,4,6,12,-28.5,912.8,21,230,NA
2016,4,6,15,-27.4,911.7,NA,230,NA
2016,4,6,18,-28.3,912.7,NA,250,NA
2016,4,6,21,-27.9,911.7,NA,240,NA
2016,4,7,0,-25.9,912.5,NA,250,NA
2016,4,7,3,-25.6,912.2,NA,20,NA
2016,4,7,6,-25.9,909.7,NA,40,NA
2016,4,7,9,-25.9,906.7,NA,40,NA
2016,4,7,12,-26.2,903.9,NA,250,NA
2016,4,7,15,-26.9,900.9,NA,230,NA
2016,4,7,18,-23,898.4,NA,250,NA
2016,4,7,21,NA,897,NA,240,NA
2016,4,8,0,-21.2,896.5,NA,80,NA
2016,4,8,3,NA,896.1,NA,230,NA
2016,4,8,6,NA,895.9,NA,230,NA
2016,4,8,9,-25.7,898.4,NA,230,NA
2016,4,8,12,-26.3,899.3,NA,240,NA
2016,4,8,15,-27.1,901.5,NA,250,NA
2016,4,8,18,-27.7,904.3,NA,230,NA
2016,4,8,21,-27.8,905.9,NA,240,NA
2016,4,9,0,-27.8,907.7,12,240,NA
2016,4,9,3,-27.8,909.1,NA,230,NA
2016,4,9,6,-27.7,909.9,11,220,NA
2016,4,9,9,-27.5,910,12,230,NA
2016,4,9,12,-27.2,910.6,11,230,NA
2016,4,9,15,-27.2,911.2,10,220,NA
2016,4,9,18,-27.3,911.8,8,240,NA
2016,4,9,21,-27,911.7,9,220,NA
2016,4,10,0,-26.9,911.8,12,210,NA
2016,4,10,3,-26.7,909.2,NA,NA,NA
2016,4,10,6,-26.7,904.9,NA,NA,NA
2016,4,10,9,-26.4,902.1,NA,240,NA
2016,4,10,12,-26.2,898.8,NA,NA,NA
2016,4,10,15,-25.1,896.2,NA,NA,NA
2016,4,10,18,-24.5,900.3,NA,NA,NA
2016,4,10,21,-24.2,903.3,NA,250,NA
2016,4,11,0,-23.9,905.4,59,250,NA
2016,4,11,3,-22.9,911.8,NA,240,NA
2016,4,11,6,-22.8,914.3,NA,250,NA
2016,4,11,9,-22.6,915.3,NA,230,NA
2016,4,11,12,-22.7,914.7,NA,20,NA
2016,4,11,15,-23,911.3,NA,30,NA
2016,4,11,18,-23.8,907.8,NA,20,NA
2016,4,11,21,-23.7,905.1,NA,30,NA
2016,4,12,0,-23,903.4,NA,30,NA
2016,4,12,3,-22.2,901.8,NA,50,NA
2016,4,12,6,-23.8,899.2,NA,230,NA
2016,4,12,9,-24.6,898.6,NA,230,NA
2016,4,12,12,-26.5,898.2,NA,230,NA
2016,4,12,15,-28.3,899.8,NA,240,NA
2016,4,12,18,-27.8,901.8,NA,240,NA
2016,4,12,21,-27.5,903.3,NA,230,NA
2016,4,13,0,-26.3,903.5,NA,240,NA
2016,4,13,3,-26.2,904.3,NA,240,NA
2016,4,13,6,-25.8,904.4,NA,NA,NA
2016,4,13,9,-25.2,905.4,NA,NA,NA
2016,4,13,12,-25.2,905.4,NA,NA,NA
2016,4,13,15,-25.1,906,50,NA,NA
2016,4,13,18,-24.9,909,NA,NA,NA
2016,4,13,21,-24.8,910.9,47,NA,NA
2016,4,14,0,-24.1,912.1,NA,240,NA
2016,4,14,3,-24.4,912.5,NA,230,NA
2016,4,14,6,-24.4,915.5,NA,230,NA
2016,4,14,9,-24.3,916.4,NA,230,NA
2016,4,14,12,-23.9,917.2,NA,210,NA
2016,4,14,15,-25.1,918.4,NA,220,NA
2016,4,14,18,-25.5,920.2,NA,210,NA
2016,4,14,21,-26.4,921.5,NA,220,NA
2016,4,15,0,-26.3,921.9,NA,NA,NA
2016,4,15,3,-26.6,921.8,NA,NA,NA
2016,4,15,6,-27.6,922.4,NA,80,NA
2016,4,15,9,-28.2,923.3,3,80,NA
2016,4,15,12,-28.3,924.1,NA,20,NA
2016,4,15,15,-28.6,924.7,3,10,NA
2016,4,15,18,-28.2,925.1,7,30,NA
2016,4,15,21,-28,925.1,NA,20,NA
2016,4,16,0,-27.7,925.2,10,30,NA
2016,4,16,3,-28,925.1,12,20,NA
2016,4,16,6,-28.3,924.7,9,50,NA
2016,4,16,9,-28.6,925.4,NA,280,NA
2016,4,16,12,-31.5,926.2,NA,250,NA
2016,4,16,15,-31.5,925.8,NA,360,NA
2016,4,16,18,-32.6,924.5,10,230,NA
2016,4,16,21,-31,923.7,NA,230,NA
2016,4,17,0,-28.5,921.5,NA,230,NA
2016,4,17,3,-27.8,920.3,NA,240,NA
2016,4,17,6,-27.5,920.8,NA,240,NA
2016,4,17,9,-27.9,922.8,NA,230,NA
2016,4,17,12,-27,922.3,NA,230,NA
2016,4,17,15,-26.6,922.3,NA,220,NA
2016,4,17,18,-26.3,921.7,NA,210,NA
2016,4,17,21,-25.5,921,NA,240,NA
2016,4,18,0,-24.9,920.2,NA,230,NA
2016,4,18,3,-24,918.5,26,NA,NA
2016,4,18,6,-23.4,918.7,NA,NA,NA
2016,4,18,9,-22.2,917.4,NA,NA,NA
2016,4,18,12,-21.6,916.3,NA,240,NA
2016,4,18,15,-20.6,914.6,NA,230,NA
2016,4,18,18,-19.7,912.4,NA,230,NA
2016,4,18,21,-18.8,910.7,NA,240,NA
2016,4,19,0,-17.6,909.5,NA,240,NA
2016,4,19,3,-16.7,906.2,NA,250,NA
2016,4,19,6,-14.5,909.4,59,240,NA
2016,4,19,9,-14.8,908.5,NA,NA,NA
2016,4,19,12,-14.2,908.2,NA,NA,NA
2016,4,19,15,-13.4,912.6,NA,NA,NA
2016,4,19,18,-13,913.8,NA,250,NA
2016,4,19,21,-12.2,916.7,55,250,NA
2016,4,20,0,-11.3,919.6,52,240,NA
2016,4,20,3,-11.3,921.7,NA,240,NA
2016,4,20,6,-10.8,925.3,NA,230,NA
2016,4,20,9,-11.1,929.5,NA,240,NA
2016,4,20,12,-10.8,932.3,NA,240,NA
2016,4,20,15,-11,933,NA,0,NA
2016,4,20,18,-10.5,933.6,NA,330,NA
2016,4,20,21,-12.6,935.4,NA,0,NA
2016,4,21,0,-12.3,935.9,NA,NA,NA
2016,4,21,3,-14.9,936.1,NA,240,NA
2016,4,21,6,-14,936.1,NA,260,NA
2016,4,21,9,-14.5,936,12,240,NA
2016,4,21,12,-13.7,936.5,NA,230,NA
2016,4,21,15,-13.7,936.6,NA,220,NA
2016,4,21,18,-15,937,NA,230,NA
2016,4,21,21,-16.3,936.4,NA,230,NA
2016,4,22,0,-16,936.4,NA,240,NA
2016,4,22,3,-16.4,937,NA,210,NA
2016,4,22,6,-16.9,937,NA,230,NA
2016,4,22,9,-17.2,937.5,12,240,NA
2016,4,22,12,-17.5,938,NA,220,NA
2016,4,22,15,-18.1,937.5,9,240,NA
2016,4,22,18,-18.5,936.9,9,230,NA
2016,4,22,21,-19,936.5,7,240,NA
2016,4,23,0,-19,936.6,NA,250,NA
2016,4,23,3,-18.8,935.5,NA,NA,NA
2016,4,23,6,-18.8,934.5,NA,NA,NA
2016,4,23,9,-18.5,933.3,NA,360,NA
2016,4,23,12,-18.8,932.2,NA,NA,NA
2016,4,23,15,-19.4,930.7,NA,NA,NA
2016,4,23,18,-19.6,929.4,NA,NA,NA
2016,4,23,21,-20.7,928.5,NA,NA,NA
2016,4,24,0,-20.7,927.9,NA,NA,NA
2016,4,24,3,-21.1,927.3,NA,NA,NA
2016,4,24,6,-21.2,927.1,NA,NA,NA
2016,4,24,9,-21,927.8,NA,NA,NA
2016,4,24,12,-20.8,928.5,NA,320,NA
2016,4,24,15,-20.5,929.2,NA,320,NA
2016,4,24,18,-20.8,930.2,NA,NA,NA
2016,4,24,21,-20.6,931.6,NA,NA,NA
2016,4,25,0,-20.8,932.5,NA,NA,NA
2016,4,25,3,-20.9,933.4,NA,NA,NA
2016,4,25,6,-20.8,934,NA,NA,NA
2016,4,25,9,-20.7,934.3,NA,NA,NA
2016,4,25,12,-20.7,933.7,NA,NA,NA
2016,4,25,15,-20.9,932.9,NA,NA,NA
2016,4,25,18,-20.6,931.4,NA,NA,NA
2016,4,25,21,-20.9,929.3,NA,NA,NA
2016,4,26,0,-22.4,927.3,NA,300,NA
2016,4,26,3,-23,925,NA,360,NA
2016,4,26,6,-24.2,923.1,NA,NA,NA
2016,4,26,9,-23.3,921.6,NA,NA,NA
2016,4,26,12,-22.6,920.4,NA,NA,NA
2016,4,26,15,-24,919.4,NA,NA,NA
2016,4,26,18,-23.6,919.2,NA,360,NA
2016,4,26,21,-21.6,919.4,NA,NA,NA
2016,4,27,0,-21.3,920.1,NA,NA,NA
2016,4,27,3,-22.8,920.3,NA,NA,NA
2016,4,27,6,-23.4,921.1,NA,NA,NA
2016,4,27,9,-21.5,922.5,NA,NA,NA
2016,4,27,12,-23.1,923.9,NA,NA,NA
2016,4,27,15,-21.7,924.4,NA,NA,NA
2016,4,27,18,-21.3,924.6,NA,10,NA
2016,4,27,21,-22.5,924.1,NA,350,NA
2016,4,28,0,-23.4,923.8,NA,NA,NA
2016,4,28,3,-23.3,923,NA,NA,NA
2016,4,28,6,-23.4,922.5,NA,NA,NA
2016,4,28,9,-24.7,921.9,NA,NA,NA
2016,4,28,12,-25.3,921.2,NA,NA,NA
2016,4,28,15,-25.4,920.9,NA,NA,NA
2016,4,28,18,-25.7,920.5,NA,NA,NA
2016,4,28,21,-26.6,921.6,NA,270,NA
2016,4,29,0,-26.9,922.1,NA,NA,NA
2016,4,29,3,-27.4,923,NA,NA,NA
2016,4,29,6,-28,924.2,NA,NA,NA
2016,4,29,9,-27.9,925.2,NA,NA,NA
2016,4,29,12,-28.7,926.2,NA,270,NA
2016,4,29,15,-29.1,927.3,NA,310,NA
2016,4,29,18,-29.4,928.6,NA,NA,NA
2016,4,29,21,-30.2,930.5,NA,NA,NA
2016,4,30,0,-29.2,931.5,NA,NA,NA
2016,4,30,3,-29.6,932.2,NA,330,NA
2016,4,30,6,-28.8,932.4,NA,320,NA
2016,4,30,9,-28.8,932.1,NA,350,NA
2016,4,30,12,-28.3,932.2,NA,NA,NA
2016,4,30,15,-28.5,932.9,NA,NA,NA
2016,4,30,18,-28.3,933.6,NA,NA,NA
2016,4,30,21,-27.5,934.4,NA,330,NA
2016,5,1,0,-27,934.9,NA,340,NA
2016,5,1,3,-28.1,935.3,NA,NA,NA
2016,5,1,6,-28.4,935.6,NA,NA,NA
2016,5,1,9,-29.5,935.4,NA,NA,NA
2016,5,1,12,-29.9,934.8,NA,NA,NA
2016,5,1,15,-30,935.6,NA,NA,NA
2016,5,1,18,-30.3,934.9,NA,NA,NA
2016,5,1,21,-30.6,935.2,NA,NA,NA
2016,5,2,0,-30.2,935.2,NA,NA,NA
2016,5,2,3,-29.4,934.7,NA,20,NA
2016,5,2,6,-29.4,935.1,NA,30,NA
2016,5,2,9,-28.4,935.1,NA,60,NA
2016,5,2,12,-28.5,935.6,NA,60,NA
2016,5,2,15,-29.5,936.2,NA,NA,NA
2016,5,2,18,-29.1,935.5,NA,NA,NA
2016,5,2,21,-28.7,934.3,NA,NA,NA
2016,5,3,0,-27.7,934.1,NA,NA,NA
2016,5,3,3,-26.2,934.6,NA,NA,NA
2016,5,3,6,NA,934.4,NA,360,NA
2016,5,3,9,NA,932.9,NA,NA,NA
2016,5,3,12,-19.2,932.9,NA,10,NA
2016,5,3,15,-18.3,934.4,NA,NA,NA
2016,5,3,18,-19.8,934.1,NA,230,NA
2016,5,3,21,-19.3,936.8,NA,240,NA
2016,5,4,0,-17.8,936.3,NA,250,NA
2016,5,4,3,-18.2,936.6,NA,50,NA
2016,5,4,6,-16.9,936.6,NA,240,NA
2016,5,4,9,-17.3,934.5,NA,230,NA
2016,5,4,12,-17.4,934.7,NA,230,NA
2016,5,4,15,-17.4,931.6,NA,230,NA
2016,5,4,18,-17.8,928.7,NA,240,NA
2016,5,4,21,-17.7,925.1,NA,240,NA
2016,5,5,0,-18.5,921.8,NA,90,NA
2016,5,5,3,-18.2,918.3,NA,260,NA
2016,5,5,6,-18.6,916.4,NA,230,NA
2016,5,5,9,-20.5,915.8,NA,30,NA
2016,5,5,12,-21.2,913.8,NA,360,NA
2016,5,5,15,-20.3,911.1,NA,10,NA
2016,5,5,18,-16.8,908.2,NA,10,NA
2016,5,5,21,-15.9,906.5,NA,360,NA
2016,5,6,0,NA,904.9,NA,320,NA
2016,5,6,3,-13.6,903.8,6,20,NA
2016,5,6,6,-14.4,905.2,4,60,NA
2016,5,6,9,NA,908.6,NA,240,NA
2016,5,6,12,NA,911.7,NA,230,NA
2016,5,6,15,NA,914.9,NA,240,NA
2016,5,6,18,-23.9,918.8,NA,230,NA
2016,5,6,21,-24.8,922.3,33,240,NA
2016,5,7,0,-25,924.1,34,240,NA
2016,5,7,3,-26.3,925.3,NA,230,NA
2016,5,7,6,-26.6,926.5,NA,240,NA
2016,5,7,9,-26.7,926.2,NA,360,NA
2016,5,7,12,-27.1,924.1,NA,0,NA
2016,5,7,15,-27.1,921.7,NA,30,NA
2016,5,7,18,-27.1,918.4,NA,330,NA
2016,5,7,21,-26.1,914.9,3,20,NA
2016,5,8,0,-23,912.7,NA,NA,NA
2016,5,8,3,-25,911,NA,NA,NA
2016,5,8,6,-26.5,909.7,NA,240,NA
2016,5,8,9,-26.2,909.3,NA,260,NA
2016,5,8,12,-23.9,910.3,7,240,NA
2016,5,8,15,-24,911.3,NA,200,NA
2016,5,8,18,-22.5,913.2,5,230,NA
2016,5,8,21,-26.8,915.9,NA,250,NA
2016,5,9,0,-25.5,918.3,NA,230,NA
2016,5,9,3,-23.9,920.6,NA,230,NA
2016,5,9,6,-23,925.1,NA,220,NA
2016,5,9,9,-22.6,928.8,NA,220,NA
2016,5,9,12,-22.3,932.5,NA,210,NA
2016,5,9,15,-22.6,934,NA,230,NA
2016,5,9,18,-22.2,936,NA,0,NA
2016,5,9,21,-22,936.4,NA,70,NA
2016,5,10,0,-17.7,936,4,20,NA
2016,5,10,3,-18.1,934.9,NA,20,NA
2016,5,10,6,NA,933.4,NA,0,NA
2016,5,10,9,NA,931.7,NA,350,NA
2016,5,10,12,-15.3,930,NA,240,NA
2016,5,10,15,NA,929.3,NA,250,NA
2016,5,10,18,NA,929,NA,240,NA
2016,5,10,21,-22.9,930,NA,230,NA
2016,5,11,0,-21.8,930.4,NA,250,NA
2016,5,11,3,-24.8,929.2,NA,230,NA
2016,5,11,6,-24.6,928.8,NA,250,NA
2016,5,11,9,-24.8,928.3,NA,60,NA
2016,5,11,12,-25,927.4,NA,230,NA
2016,5,11,15,-24.8,926.5,4,20,NA
2016,5,11,18,-23.6,925.5,1,340,NA
2016,5,11,21,-26.7,925.4,5,30,NA
2016,5,12,0,-23.9,925.3,NA,360,NA
2016,5,12,3,-24.8,925.5,NA,250,NA
2016,5,12,6,-25.3,925.8,NA,0,NA
2016,5,12,9,-25.8,926.1,4,270,NA
2016,5,12,12,-24.6,926.7,3,260,NA
2016,5,12,15,-24.1,927.8,3,220,NA
2016,5,12,18,-23.5,928.3,2,180,NA
2016,5,12,21,-23.9,928.8,3,230,NA
2016,5,13,0,-23,929.7,NA,NA,NA
2016,5,13,3,-22.7,930,NA,240,NA
2016,5,13,6,-22.6,930.5,NA,250,NA
2016,5,13,9,-22.7,930.4,NA,260,NA
2016,5,13,12,-22.5,930.3,NA,0,NA
2016,5,13,15,-21.4,929.7,1,320,NA
2016,5,13,18,-21.4,929,NA,NA,NA
2016,5,13,21,-20.9,928.6,2,20,NA
2016,5,14,0,-20.8,927.7,NA,NA,NA
2016,5,14,3,-20.5,927.1,NA,NA,NA
2016,5,14,6,-20.5,926.2,3,20,NA
2016,5,14,9,-20.3,925.1,1,20,NA
2016,5,14,12,-20.1,923.9,4,30,NA
2016,5,14,15,-20.6,922.4,NA,NA,NA
2016,5,14,18,-20.2,921.3,NA,NA,NA
2016,5,14,21,-19.8,919.8,1,300,NA
2016,5,15,0,-20,919.6,4,260,NA
2016,5,15,3,-19.8,919.1,NA,250,NA
2016,5,15,6,-18.3,919.5,7,250,NA
2016,5,15,9,-19.1,920.1,7,260,NA
2016,5,15,12,-21.2,920.6,NA,240,NA
2016,5,15,15,-20.6,921,NA,240,NA
2016,5,15,18,-19.1,919.6,NA,230,NA
2016,5,15,21,-19.2,920.4,NA,230,NA
2016,5,16,0,-19.8,921.5,42,240,NA
2016,5,16,3,-21.1,922.5,40,NA,NA
2016,5,16,6,-21.7,924.6,NA,NA,NA
2016,5,16,9,-22.6,924.5,39,NA,NA
2016,5,16,12,-22.9,925.5,35,NA,NA
2016,5,16,15,-23.1,927.4,NA,220,NA
2016,5,16,18,-24.3,927.4,NA,230,NA
2016,5,16,21,-24.6,928.2,26,230,NA
2016,5,17,0,-25.2,928.2,NA,220,NA
2016,5,17,3,-25.6,930.2,NA,220,NA
2016,5,17,6,-26.7,930.8,NA,240,NA
2016,5,17,9,-26.8,932.3,NA,230,NA
2016,5,17,12,-27.9,932.5,NA,240,NA
2016,5,17,15,-28.9,932.4,NA,0,NA
2016,5,17,18,-28.5,931.9,NA,NA,NA
2016,5,17,21,-28.3,931.7,NA,NA,NA
2016,5,18,0,-30.1,931.2,NA,NA,NA
2016,5,18,3,-29.4,930.5,NA,NA,NA
2016,5,18,6,-30.3,930,NA,NA,NA
2016,5,18,9,-30.1,929.5,NA,10,NA
2016,5,18,12,-29.5,928.5,NA,360,NA
2016,5,18,15,-28.3,927.6,NA,0,NA
2016,5,18,18,-28.3,926.9,NA,0,NA
2016,5,18,21,-28.4,926.4,NA,10,NA
2016,5,19,0,-28.4,925.9,NA,30,NA
2016,5,19,3,-27.3,925.5,NA,10,NA
2016,5,19,6,-28,926.1,NA,280,NA
2016,5,19,9,-26,925.5,NA,0,NA
2016,5,19,12,NA,924.9,NA,20,NA
2016,5,19,15,NA,923.6,NA,250,NA
2016,5,19,18,-18.1,920.9,NA,260,NA
2016,5,19,21,NA,916.9,NA,0,NA
2016,5,20,0,-14.9,911.8,NA,190,NA
2016,5,20,3,NA,909.9,NA,240,NA
2016,5,20,6,NA,913.7,NA,250,NA
2016,5,20,9,NA,914,NA,230,NA
2016,5,20,12,NA,913.9,NA,260,NA
2016,5,20,15,-12.4,914.5,NA,20,NA
2016,5,20,18,-14.1,915.2,NA,280,NA
2016,5,20,21,NA,917.1,NA,240,NA
2016,5,21,0,NA,919.3,NA,250,NA
2016,5,21,3,-22.9,919.4,NA,230,NA
2016,5,21,6,-24.7,919,NA,240,NA
2016,5,21,9,-25,920.4,NA,220,NA
2016,5,21,12,-25.5,920.4,NA,270,NA
2016,5,21,15,-25.5,919.1,NA,30,NA
2016,5,21,18,-25.9,917.8,NA,20,NA
2016,5,21,21,-21.8,917.9,NA,320,NA
2016,5,22,0,NA,920,NA,250,NA
2016,5,22,3,NA,921.1,NA,30,NA
2016,5,22,6,NA,919.3,NA,270,NA
2016,5,22,9,NA,917.7,NA,300,NA
2016,5,22,12,NA,918,NA,250,NA
2016,5,22,15,NA,920.2,NA,200,NA
2016,5,22,18,NA,921.5,NA,20,NA
2016,5,22,21,-18.9,921.9,NA,350,NA
2016,5,23,0,NA,921.9,8,270,NA
2016,5,23,3,NA,922.4,NA,320,NA
2016,5,23,6,-10.6,922.9,NA,230,NA
2016,5,23,9,NA,924.3,NA,240,NA
2016,5,23,12,-8.8,927.2,NA,260,NA
2016,5,23,15,-7.6,928.1,NA,250,NA
2016,5,23,18,-6.5,927.8,NA,290,NA
2016,5,23,21,-6.3,927.6,NA,220,NA
2016,5,24,0,-4.5,926.2,NA,260,NA
2016,5,24,3,NA,923,NA,20,NA
2016,5,24,6,-5.7,918.4,NA,30,NA
2016,5,24,9,-5.1,913.9,1,350,NA
2016,5,24,12,-7.3,911,NA,230,NA
2016,5,24,15,NA,907.8,NA,250,NA
2016,5,24,18,NA,912.8,NA,230,NA
2016,5,24,21,NA,916.9,NA,220,NA
2016,5,25,0,-19.6,917.6,NA,220,NA
2016,5,25,3,-20.5,917.6,12,260,NA
2016,5,25,6,-20.7,917.2,NA,20,NA
2016,5,25,9,-20.5,916.5,NA,30,NA
2016,5,25,12,-21.4,918.3,NA,0,NA
2016,5,25,15,-21.3,920.2,NA,0,NA
2016,5,25,18,-22.2,918.6,NA,30,NA
2016,5,25,21,-20.2,916.7,NA,310,NA
2016,5,26,0,-17.4,915,NA,30,NA
2016,5,26,3,NA,915.3,NA,280,NA
2016,5,26,6,NA,915.3,NA,270,NA
2016,5,26,9,-13.5,918.9,NA,70,NA
2016,5,26,12,-14.8,920.4,NA,240,NA
2016,5,26,15,-15.2,920.9,NA,230,NA
2016,5,26,18,-14.4,923.9,NA,0,NA
2016,5,26,21,-11.6,922.2,NA,10,NA
2016,5,27,0,NA,920.6,NA,10,NA
2016,5,27,3,NA,919.2,NA,260,NA
2016,5,27,6,NA,921,NA,230,NA
2016,5,27,9,-14.1,921,NA,120,NA
2016,5,27,12,-14,918.9,NA,350,NA
2016,5,27,15,-14.5,915.3,NA,20,NA
2016,5,27,18,-15.6,912.1,NA,NA,NA
2016,5,27,21,-16.9,910.1,NA,NA,NA
2016,5,28,0,NA,909.4,NA,300,NA
2016,5,28,3,-19.2,908.8,NA,240,NA
2016,5,28,6,NA,908.3,NA,230,NA
2016,5,28,9,-21.6,908.8,21,230,NA
2016,5,28,12,-21.3,909.5,NA,250,NA
2016,5,28,15,-22.2,908.8,NA,230,NA
2016,5,28,18,-22.6,908.2,NA,250,NA
2016,5,28,21,-23.3,907.6,NA,240,NA
2016,5,29,0,-23.8,907.1,NA,270,NA
2016,5,29,3,-24,906.8,2,20,NA
2016,5,29,6,-24.3,906.8,NA,NA,NA
2016,5,29,9,-24.9,908,1,40,NA
2016,5,29,12,-25.7,909.9,NA,240,NA
2016,5,29,15,-26.3,912.4,NA,250,NA
2016,5,29,18,-25.7,915.1,NA,230,NA
2016,5,29,21,-24.9,917.7,15,240,NA
2016,5,30,0,-24.8,919.9,NA,240,NA
2016,5,30,3,-25.1,921.4,NA,250,NA
2016,5,30,6,-25.4,922.1,NA,0,NA
2016,5,30,9,-26.1,922,NA,0,NA
2016,5,30,12,-26.7,921.6,NA,230,NA
2016,5,30,15,-27.5,920.1,NA,240,NA
2016,5,30,18,-27.3,919.8,NA,NA,NA
2016,5,30,21,-27.8,919.2,13,NA,NA
2016,5,31,0,-28.1,917.8,12,NA,NA
2016,5,31,3,-27.2,916.2,NA,0,NA
2016,5,31,6,-27.8,912.4,NA,20,NA
2016,5,31,9,-28,909,NA,10,NA
2016,5,31,12,-28,904.9,NA,0,NA
2016,5,31,15,-29.4,902.3,6,30,NA
2016,5,31,18,-28.9,903,NA,0,NA
2016,5,31,21,-29.9,905,NA,NA,NA
2016,6,1,0,-28.7,906.4,NA,NA,NA
2016,6,1,3,-28.4,907.4,NA,NA,NA
2016,6,1,6,-27.8,909,NA,360,NA
2016,6,1,9,-27.7,909.9,NA,NA,NA
2016,6,1,12,-26.7,910.2,NA,240,NA
2016,6,1,15,-26.5,910.2,NA,NA,NA
2016,6,1,18,-25.3,910.2,15,NA,NA
2016,6,1,21,-25.5,910.4,NA,220,NA
2016,6,2,0,-25.6,910.1,NA,20,NA
2016,6,2,3,-24.9,910.5,NA,350,NA
2016,6,2,6,-26.7,910.3,NA,240,NA
2016,6,2,9,-26.8,908.6,NA,NA,NA
2016,6,2,12,-26.3,907.9,NA,NA,NA
2016,6,2,15,-26.2,907.6,NA,NA,NA
2016,6,2,18,-26.6,908.6,NA,NA,NA
2016,6,2,21,-27.3,910.6,NA,NA,NA
2016,6,3,0,-27.4,909.7,NA,210,NA
2016,6,3,3,-27.4,907,NA,340,NA
2016,6,3,6,-25.2,903.7,NA,350,NA
2016,6,3,9,-25.6,901.4,NA,250,NA
2016,6,3,12,-25.4,900,NA,0,NA
2016,6,3,15,-25.5,899.3,NA,260,NA
2016,6,3,18,-26.4,899.5,NA,250,NA
2016,6,3,21,-28.5,901.7,NA,250,NA
2016,6,4,0,-26.4,903.7,11,240,NA
2016,6,4,3,-26.8,904.6,9,230,NA
2016,6,4,6,-26.3,905,NA,340,NA
2016,6,4,9,-25.5,903.6,NA,10,NA
2016,6,4,12,-23.7,901.8,NA,340,NA
2016,6,4,15,-22.6,900.7,NA,0,NA
2016,6,4,18,-20.8,900.5,NA,0,NA
2016,6,4,21,-21.8,901,NA,280,NA
2016,6,5,0,-25.4,902.6,NA,230,NA
2016,6,5,3,-24.4,903.8,NA,0,NA
2016,6,5,6,-24,905.1,NA,20,NA
2016,6,5,9,-25.2,907.1,NA,20,NA
2016,6,5,12,-24,909.8,14,360,NA
2016,6,5,15,-23.9,913.8,NA,10,NA
2016,6,5,18,-22.8,917.8,NA,10,NA
2016,6,5,21,-24.1,921.6,NA,20,NA
2016,6,6,0,-23.9,923.4,NA,30,NA
2016,6,6,3,-24.7,923.6,12,40,NA
2016,6,6,6,-25.4,921.2,12,30,NA
2016,6,6,9,-26,920.6,NA,340,NA
2016,6,6,12,-26.7,920.7,NA,210,NA
2016,6,6,15,-28.4,919.8,NA,230,NA
2016,6,6,18,-29.2,919.1,NA,240,NA
2016,6,6,21,-28.6,918.6,NA,230,NA
2016,6,7,0,-29.3,918,NA,0,NA
2016,6,7,3,-27.5,915.4,NA,20,NA
2016,6,7,6,-28.2,914.3,NA,20,NA
2016,6,7,9,-28.7,913.7,NA,30,NA
2016,6,7,12,NA,911.5,NA,20,NA
2016,6,7,15,NA,911.8,NA,NA,NA
2016,6,7,18,-23,913.9,NA,240,NA
2016,6,7,21,-24.2,915.4,NA,240,NA
2016,6,8,0,-21.9,917.3,NA,90,NA
2016,6,8,3,-23.6,917.6,7,30,NA
2016,6,8,6,-24.2,917.3,6,290,NA
2016,6,8,9,-25,916.6,NA,0,NA
2016,6,8,12,-25.3,915.8,NA,0,NA
2016,6,8,15,-25.8,914.7,NA,NA,NA
2016,6,8,18,-26.6,914.2,NA,NA,NA
2016,6,8,21,-28.7,914.1,NA,NA,NA
2016,6,9,0,-28.4,914.5,NA,230,NA
2016,6,9,3,-27.8,915.2,NA,230,NA
2016,6,9,6,-27.9,915.4,NA,230,NA
2016,6,9,9,-29.2,915.2,NA,250,NA
2016,6,9,12,-29.9,915,NA,250,NA
2016,6,9,15,-30.7,914.6,NA,230,NA
2016,6,9,18,-31.8,914.3,NA,230,NA
2016,6,9,21,-32.5,914.7,21,240,NA
2016,6,10,0,-32.8,915.5,NA,250,NA
2016,6,10,3,-32.9,915.9,NA,20,NA
2016,6,10,6,-33,914.9,NA,10,NA
2016,6,10,9,-32.9,913.8,NA,20,NA
2016,6,10,12,-33,911.6,11,30,NA
2016,6,10,15,-32.2,909.8,NA,50,NA
2016,6,10,18,-31,908,NA,60,NA
2016,6,10,21,-30.1,906.5,NA,250,NA
2016,6,11,0,-30.2,906,NA,250,NA
2016,6,11,3,-28.6,906.5,2,250,NA
2016,6,11,6,-33.2,906.6,NA,260,NA
2016,6,11,9,-32.3,907.8,NA,260,NA
2016,6,11,12,-30.7,908.7,10,240,NA
2016,6,11,15,-29.7,910.6,7,270,NA
2016,6,11,18,-31.4,911,NA,250,NA
2016,6,11,21,-31.7,912,NA,250,NA
2016,6,12,0,-31.9,912.4,10,240,NA
2016,6,12,3,-31.4,912.2,NA,230,NA
2016,6,12,6,-31.2,912.3,NA,NA,NA
2016,6,12,9,-31.2,911.7,NA,NA,NA
2016,6,12,12,-30.8,911.7,NA,NA,NA
2016,6,12,15,-30.4,912,NA,240,NA
2016,6,12,18,-30.7,913.5,NA,240,NA
2016,6,12,21,-31.2,914.4,NA,NA,NA
2016,6,13,0,-30.8,915.9,NA,NA,NA
2016,6,13,3,-31.1,918.5,NA,230,NA
2016,6,13,6,-29.9,920,NA,240,NA
2016,6,13,9,-30.1,920.2,NA,230,NA
2016,6,13,12,-28.8,921.1,NA,NA,NA
2016,6,13,15,-29.1,921,41,NA,NA
2016,6,13,18,-28.2,921.9,NA,NA,NA
2016,6,13,21,-29.7,922.7,NA,NA,NA
2016,6,14,0,-28.8,923.9,NA,NA,NA
2016,6,14,3,-28.8,922.6,NA,240,NA
2016,6,14,6,-29.5,921.4,NA,240,NA
2016,6,14,9,-28.5,919.9,NA,NA,NA
2016,6,14,12,-28.7,917.6,NA,NA,NA
2016,6,14,15,-27.6,915.1,NA,NA,NA
2016,6,14,18,-27.8,912.9,NA,NA,NA
2016,6,14,21,-27.6,911.2,NA,NA,NA
2016,6,15,0,-27.2,909.9,1,20,NA
2016,6,15,3,-27.5,909.2,NA,NA,NA
2016,6,15,6,-28.1,909.1,NA,250,NA
2016,6,15,9,-27.7,909.6,NA,240,NA
2016,6,15,12,-29.6,910.2,NA,230,NA
2016,6,15,15,-30.1,910.9,NA,230,NA
2016,6,15,18,-30.7,911.5,NA,240,NA
2016,6,15,21,-31,912.7,NA,NA,NA
2016,6,16,0,-31.5,914,NA,NA,NA
2016,6,16,3,-31.8,915.1,26,NA,NA
2016,6,16,6,-32.4,917.1,26,NA,NA
2016,6,16,9,-32.7,918.5,NA,250,NA
2016,6,16,12,-33.7,920.4,NA,240,NA
2016,6,16,15,-33.9,921.4,NA,250,NA
2016,6,16,18,-34.3,923.9,NA,260,NA
2016,6,16,21,-33.9,924.9,NA,260,NA
2016,6,17,0,-33.9,925.9,12,250,NA
2016,6,17,3,-31,927.3,NA,240,NA
2016,6,17,6,-29.9,927.7,NA,0,NA
2016,6,17,9,-28.3,927.7,NA,10,NA
2016,6,17,12,-31.6,926.6,NA,20,NA
2016,6,17,15,-31.4,925.4,NA,30,NA
2016,6,17,18,-31.3,925.6,NA,40,NA
2016,6,17,21,-31.6,924.3,12,20,NA
2016,6,18,0,NA,921.5,NA,280,NA
2016,6,18,3,NA,919.8,NA,0,NA
2016,6,18,6,-26.2,917.8,NA,0,NA
2016,6,18,9,-29.3,916.3,NA,20,NA
2016,6,18,12,NA,915.1,NA,40,NA
2016,6,18,15,-31.4,913.1,NA,10,NA
2016,6,18,18,-29.5,911.5,13,10,NA
2016,6,18,21,-30.4,910.5,NA,20,NA
2016,6,19,0,-30.7,909.4,NA,20,NA
2016,6,19,3,-30.3,908.1,NA,NA,NA
2016,6,19,6,-31,907.7,NA,NA,NA
2016,6,19,9,-32.3,908.2,NA,NA,NA
2016,6,19,12,-31.3,909.2,8,240,NA
2016,6,19,15,-29.1,909.7,NA,30,NA
2016,6,19,18,-27.1,910.4,NA,260,NA
2016,6,19,21,-25.1,911.1,NA,NA,NA
2016,6,20,0,-27,912.1,NA,240,NA
2016,6,20,3,-26.1,908.3,NA,230,NA
2016,6,20,6,-26.3,908,NA,240,NA
2016,6,20,9,-25.8,909.7,NA,240,NA
2016,6,20,12,-26.8,912.7,NA,220,NA
2016,6,20,15,-24.2,912.7,NA,230,NA
2016,6,20,18,-24.7,913.2,NA,240,NA
2016,6,20,21,-22.6,913.4,NA,230,NA
2016,6,21,0,-23.1,914.5,NA,220,NA
2016,6,21,3,-21.7,913,NA,240,NA
2016,6,21,6,-20.7,915.8,NA,240,NA
2016,6,21,9,-19.3,917.7,38,250,NA
2016,6,21,12,-17.5,920.4,38,250,NA
2016,6,21,15,-19.2,923,NA,230,NA
2016,6,21,18,-20.2,928.9,NA,230,NA
2016,6,21,21,-19.7,931.9,NA,250,NA
2016,6,22,0,-21,935.1,NA,30,NA
2016,6,22,3,-21.2,936.5,8,280,NA
2016,6,22,6,-20.6,937.7,NA,20,NA
2016,6,22,9,-18,938.5,NA,300,NA
2016,6,22,12,-16.1,939.1,NA,50,NA
2016,6,22,15,NA,939.3,3,30,NA
2016,6,22,18,NA,939.1,NA,0,NA
2016,6,22,21,NA,938.5,NA,250,NA
2016,6,23,0,-12.4,938.8,NA,240,NA
2016,6,23,3,-14.8,939.1,NA,270,NA
2016,6,23,6,-14.6,939.5,NA,220,NA
2016,6,23,9,-14,938.6,NA,250,NA
2016,6,23,12,-14.3,937,NA,250,NA
2016,6,23,15,-14.1,934.5,NA,150,NA
2016,6,23,18,-16.7,931.9,NA,260,NA
2016,6,23,21,-14.5,929.7,NA,30,NA
2016,6,24,0,-12.3,927.6,NA,40,NA
2016,6,24,3,-16.5,926,NA,270,NA
2016,6,24,6,NA,923.9,NA,200,NA
2016,6,24,9,-18,920.5,NA,220,NA
2016,6,24,12,-19.1,919.6,NA,230,NA
2016,6,24,15,-16.9,920.9,NA,240,NA
2016,6,24,18,-19.3,924.2,NA,240,NA
2016,6,24,21,-21,924.9,NA,0,NA
2016,6,25,0,-19.2,923.8,NA,10,NA
2016,6,25,3,-21.4,920.8,NA,60,NA
2016,6,25,6,-21.5,919.3,NA,30,NA
2016,6,25,9,-22.5,916.8,NA,40,NA
2016,6,25,12,-21.8,914.7,5,50,NA
2016,6,25,15,-22.1,915.2,NA,340,NA
2016,6,25,18,-24.9,914,NA,NA,NA
2016,6,25,21,-23.7,913.2,1,70,NA
2016,6,26,0,-25,912,1,70,NA
2016,6,26,3,-25.1,910,NA,360,NA
2016,6,26,6,-26.1,906.4,1,30,NA
2016,6,26,9,-27.3,904,NA,NA,NA
2016,6,26,12,-28.3,902.3,NA,NA,NA
2016,6,26,15,-28.1,901,NA,NA,NA
2016,6,26,18,-28.3,900.2,3,40,NA
2016,6,26,21,-28.7,900.1,3,360,NA
2016,6,27,0,-29.1,900.7,4,360,NA
2016,6,27,3,-29.5,901.5,2,10,NA
2016,6,27,6,-29.2,902.7,2,20,NA
2016,6,27,9,-29,903.6,3,30,NA
2016,6,27,12,-29.8,904.5,1,10,NA
2016,6,27,15,-28.6,904.2,3,20,NA
2016,6,27,18,-28.6,905.9,1,50,NA
2016,6,27,21,-27.9,907.9,NA,NA,NA
2016,6,28,0,-27.9,910.1,NA,NA,NA
2016,6,28,3,-27.3,911.7,1,360,NA
2016,6,28,6,-28.1,912.5,NA,280,NA
2016,6,28,9,-28.2,913.5,NA,290,NA
2016,6,28,12,-28.3,914,2,250,NA
2016,6,28,15,-27.9,914.1,NA,NA,NA
2016,6,28,18,-29.2,913.5,3,260,NA
2016,6,28,21,-29.3,913.8,2,220,NA
2016,6,29,0,-28.3,913.5,NA,250,NA
2016,6,29,3,-26.3,912.4,NA,230,NA
2016,6,29,6,-25.7,913,NA,240,NA
2016,6,29,9,-25.4,913.8,NA,170,NA
2016,6,29,12,-28.5,913.5,NA,0,NA
2016,6,29,15,-26.2,913.6,NA,20,NA
2016,6,29,18,-26.1,914,NA,30,NA
2016,6,29,21,-26.1,914.4,NA,NA,NA
2016,6,30,0,-29.2,915.2,NA,250,NA
2016,6,30,3,-28.4,915.7,NA,230,NA
2016,6,30,6,-30.4,917.5,NA,280,NA
2016,6,30,9,-31.7,918.5,NA,250,NA
2016,6,30,12,-31.2,919.6,NA,0,NA
2016,6,30,15,-29.7,918.4,NA,40,NA
2016,6,30,18,-29.4,916.1,NA,40,NA
2016,6,30,21,-29.5,912.6,8,20,NA
2016,7,1,0,-30.3,909.3,NA,250,NA
2016,7,1,3,-29.3,906.7,NA,220,NA
2016,7,1,6,-28,907.5,NA,240,NA
2016,7,1,9,-28.3,913,NA,230,NA
2016,7,1,12,-28.5,918.4,NA,220,NA
2016,7,1,15,-28.9,921,NA,240,NA
2016,7,1,18,-29.2,923,NA,290,NA
2016,7,1,21,-28.5,922.4,NA,240,NA
2016,7,2,0,-30.5,921.5,NA,260,NA
2016,7,2,3,-31,920,NA,250,NA
2016,7,2,6,-30.6,917.9,NA,230,NA
2016,7,2,9,-30.6,915.7,NA,NA,NA
2016,7,2,12,-30,915.2,NA,NA,NA
2016,7,2,15,-28.3,913.5,33,NA,NA
2016,7,2,18,-29.7,912.3,NA,230,NA
2016,7,2,21,-28.9,913.2,NA,240,NA
2016,7,3,0,-29.2,914.8,NA,240,NA
2016,7,3,3,-29.4,917.7,NA,250,NA
2016,7,3,6,-29.8,919.2,NA,240,NA
2016,7,3,9,-30.2,920.7,NA,260,NA
2016,7,3,12,-29.1,920.7,NA,270,NA
2016,7,3,15,-30.7,920,NA,250,NA
2016,7,3,18,-30.3,918.8,8,260,NA
2016,7,3,21,-31.5,917.2,8,260,NA
2016,7,4,0,-31,915.1,10,250,NA
2016,7,4,3,-32,912.5,NA,250,NA
2016,7,4,6,-29.2,911.2,11,230,NA
2016,7,4,9,-31.9,910.7,NA,240,NA
2016,7,4,12,-32.7,910.3,NA,240,NA
2016,7,4,15,-32.3,911.2,NA,340,NA
2016,7,4,18,-29,907.4,NA,230,NA
2016,7,4,21,-30.1,910.8,NA,NA,NA
2016,7,5,0,-31.8,912.6,NA,NA,NA
2016,7,5,3,-31.3,914.6,NA,NA,NA
2016,7,5,6,-32.2,917.1,NA,NA,NA
2016,7,5,9,-32.4,917.2,NA,250,NA
2016,7,5,12,-32.8,916.2,NA,240,NA
2016,7,5,15,-32.4,915.9,NA,240,NA
2016,7,5,18,-31.3,916.2,NA,230,NA
2016,7,5,21,-32.3,917.2,NA,230,NA
2016,7,6,0,-34.4,917.4,NA,240,NA
2016,7,6,3,-32.8,917.3,NA,220,NA
2016,7,6,6,-35,917.4,NA,240,NA
2016,7,6,9,-34.3,917.4,7,260,NA
2016,7,6,12,-32.5,916.6,NA,0,NA
2016,7,6,15,-32.2,915.4,NA,10,NA
2016,7,6,18,-32.1,914.3,NA,NA,NA
2016,7,6,21,-29.8,912.7,NA,0,NA
2016,7,7,0,-30.3,912.2,NA,NA,NA
2016,7,7,3,-32.2,911.9,NA,NA,NA
2016,7,7,6,-32.7,912.5,NA,NA,NA
2016,7,7,9,-32.4,913.5,NA,NA,NA
2016,7,7,12,-30.9,914.7,NA,NA,NA
2016,7,7,15,-29.2,916,NA,NA,NA
2016,7,7,18,-29.3,917,NA,NA,NA
2016,7,7,21,-27.5,918.1,NA,NA,NA
2016,7,8,0,-27.2,919.1,3,40,NA
2016,7,8,3,-27.1,919.6,3,280,NA
2016,7,8,6,-26.8,920.4,NA,NA,NA
2016,7,8,9,-27,921.2,NA,270,NA
2016,7,8,12,-27.1,922.1,NA,250,NA
2016,7,8,15,-29,922.1,NA,250,NA
2016,7,8,18,-27.5,922.2,NA,NA,NA
2016,7,8,21,-27.6,921.8,NA,NA,NA
2016,7,9,0,NA,921.1,NA,NA,NA
2016,7,9,3,-26.6,920.4,NA,NA,NA
2016,7,9,6,-26.6,920.1,12,360,NA
2016,7,9,9,-27.5,920.4,10,30,NA
2016,7,9,12,-27.2,921.3,NA,20,NA
2016,7,9,15,-27,922.5,NA,330,NA
2016,7,9,18,-27.9,923.9,3,270,NA
2016,7,9,21,-26.8,924.7,NA,NA,NA
2016,7,10,0,-28.9,925.7,NA,NA,NA
2016,7,10,3,-29,925.7,NA,NA,NA
2016,7,10,6,-28.1,926,12,240,NA
2016,7,10,9,-27.1,925.6,11,240,NA
2016,7,10,12,-27,925.6,NA,240,NA
2016,7,10,15,-26,925.3,NA,250,NA
2016,7,10,18,-24.7,924.7,19,240,NA
2016,7,10,21,-24.1,924.7,NA,240,NA
2016,7,11,0,-22.8,924.4,NA,260,NA
2016,7,11,3,-20.8,923.7,NA,250,NA
2016,7,11,6,-19.9,924.4,NA,250,NA
2016,7,11,9,-18.8,924.9,NA,240,NA
2016,7,11,12,-18,926.1,NA,290,NA
2016,7,11,15,-17.2,927.7,NA,240,NA
2016,7,11,18,-15.7,929.5,NA,240,NA
2016,7,11,21,-15.3,931.5,NA,240,NA
2016,7,12,0,-13.8,933.6,NA,0,NA
2016,7,12,3,-15.2,933.7,18,20,NA
2016,7,12,6,-18.5,933.4,NA,40,NA
2016,7,12,9,-17.8,933,NA,NA,NA
2016,7,12,12,NA,931.2,NA,240,NA
2016,7,12,15,NA,930.3,NA,310,NA
2016,7,12,18,-14.8,928.9,NA,0,NA
2016,7,12,21,-13.5,927.9,NA,NA,NA
2016,7,13,0,-13.8,927.1,NA,NA,NA
2016,7,13,3,-15,926.1,NA,NA,NA
2016,7,13,6,-16.8,924.6,NA,0,NA
2016,7,13,9,-17.5,924.5,NA,20,NA
2016,7,13,12,-19.4,924.6,NA,60,NA
2016,7,13,15,-21.2,923.5,NA,50,NA
2016,7,13,18,-21,923.9,NA,0,NA
2016,7,13,21,-21.8,924.2,NA,0,NA
2016,7,14,0,-23.6,924.1,3,320,NA
2016,7,14,3,-23.9,924.9,NA,0,NA
2016,7,14,6,-23.3,925.6,NA,0,NA
2016,7,14,9,-23.5,926.5,NA,270,NA
2016,7,14,12,-23.7,926.8,NA,320,NA
2016,7,14,15,-24.7,926.9,NA,NA,NA
2016,7,14,18,-24.4,927.4,NA,NA,NA
2016,7,14,21,-24.1,928,NA,NA,NA
2016,7,15,0,-23.9,929.2,NA,10,NA
2016,7,15,3,-23.6,930,NA,NA,NA
2016,7,15,6,-24.3,931.2,NA,NA,NA
2016,7,15,9,-23.9,930.9,NA,260,NA
2016,7,15,12,-25.1,930.3,NA,250,NA
2016,7,15,15,-23.5,929.6,NA,240,NA
2016,7,15,18,-22.2,927.5,NA,250,NA
2016,7,15,21,-22.6,925.2,NA,230,NA
2016,7,16,0,-22.2,925.8,NA,240,NA
2016,7,16,3,-22.6,925.8,NA,240,NA
2016,7,16,6,-23.7,925,NA,230,NA
2016,7,16,9,-23.4,923.7,NA,240,NA
2016,7,16,12,-22.2,921.8,NA,240,NA
2016,7,16,15,-23.6,921.7,NA,240,NA
2016,7,16,18,-23.3,921.8,NA,250,NA
2016,7,16,21,-23.7,922.4,NA,240,NA
2016,7,17,0,-23.7,922.6,NA,250,NA
2016,7,17,3,-23.2,923.4,NA,0,NA
2016,7,17,6,-23.1,924,NA,350,NA
2016,7,17,9,-23.5,924.1,NA,10,NA
2016,7,17,12,-24,923.3,NA,NA,NA
2016,7,17,15,-23.5,923.4,NA,NA,NA
2016,7,17,18,-20.4,922.7,NA,NA,NA
2016,7,17,21,NA,921.8,NA,0,NA
2016,7,18,0,NA,920.1,NA,10,NA
2016,7,18,3,NA,918.2,NA,20,NA
2016,7,18,6,NA,916.8,NA,0,NA
2016,7,18,9,NA,916.6,NA,340,NA
2016,7,18,12,NA,917.5,3,320,NA
2016,7,18,15,-20,919,NA,230,NA
2016,7,18,18,-20.9,920.6,NA,250,NA
2016,7,18,21,-23,920.9,NA,240,NA
2016,7,19,0,-23.8,922.8,NA,240,NA
2016,7,19,3,-22.3,925,NA,300,NA
2016,7,19,6,-24.1,925.6,NA,240,NA
2016,7,19,9,-25,926.7,NA,230,NA
2016,7,19,12,-23.7,927.2,NA,0,NA
2016,7,19,15,-23.6,926.2,NA,0,NA
2016,7,19,18,-22.9,925.5,NA,NA,NA
2016,7,19,21,-22.9,924.1,NA,NA,NA
2016,7,20,0,-22.2,923.1,NA,NA,NA
2016,7,20,3,-22.5,921.8,NA,210,NA
2016,7,20,6,-23.6,921,NA,240,NA
2016,7,20,9,-23.8,920.5,NA,230,NA
2016,7,20,12,-24.1,920.2,13,240,NA
2016,7,20,15,-24.9,920.3,15,240,NA
2016,7,20,18,-24.8,921,NA,230,NA
2016,7,20,21,-25.3,920.8,19,240,NA
2016,7,21,0,-26.7,920.9,19,240,NA
2016,7,21,3,-27.4,919.8,NA,240,NA
2016,7,21,6,-29.2,920.8,NA,250,NA
2016,7,21,9,-29.8,921.7,NA,240,NA
2016,7,21,12,-30.1,921.3,NA,250,NA
2016,7,21,15,-30.1,921.1,NA,NA,NA
2016,7,21,18,-29.8,921.9,NA,NA,NA
2016,7,21,21,-30.3,922.4,NA,NA,NA
2016,7,22,0,-30.1,922.7,NA,280,NA
2016,7,22,3,-30.4,922.5,NA,0,NA
2016,7,22,6,-31.1,921.6,NA,240,NA
2016,7,22,9,-31.4,922.3,NA,320,NA
2016,7,22,12,-31,921.8,NA,230,NA
2016,7,22,15,-31.2,921.9,NA,240,NA
2016,7,22,18,-31.2,921.5,NA,230,NA
2016,7,22,21,-31,921.7,NA,240,NA
2016,7,23,0,-31.1,922,NA,230,NA
2016,7,23,3,-31.1,922,19,240,NA
2016,7,23,6,-31.6,923,16,250,NA
2016,7,23,9,-30.9,923.6,NA,260,NA
2016,7,23,12,-30.3,924.6,NA,320,NA
2016,7,23,15,-27.9,925.5,NA,0,NA
2016,7,23,18,-28.4,925.9,NA,340,NA
2016,7,23,21,-28.4,926.9,NA,60,NA
2016,7,24,0,-28.4,927.3,NA,10,NA
2016,7,24,3,-28.3,927.5,NA,240,NA
2016,7,24,6,-28.4,928.5,NA,90,NA
2016,7,24,9,-29.3,928.6,NA,40,NA
2016,7,24,12,-26.1,929.2,6,60,NA
2016,7,24,15,-24.9,929.4,NA,220,NA
2016,7,24,18,-23.7,929.1,NA,0,NA
2016,7,24,21,-23.7,929,NA,NA,NA
2016,7,25,0,-22,929.3,NA,NA,NA
2016,7,25,3,-20.1,929.3,NA,20,NA
2016,7,25,6,-20.9,929.4,11,30,NA
2016,7,25,9,-19.4,929.3,NA,30,NA
2016,7,25,12,-18.4,929.7,NA,10,NA
2016,7,25,15,-19.4,930.2,1,20,NA
2016,7,25,18,-19.5,930.9,NA,0,NA
2016,7,25,21,-19.9,932.3,NA,0,NA
2016,7,26,0,NA,933.3,NA,NA,NA
2016,7,26,3,NA,933.9,2,70,NA
2016,7,26,6,-24.9,934.1,NA,310,NA
2016,7,26,9,-26.7,933.5,NA,NA,NA
2016,7,26,12,-26.9,932.1,3,20,NA
2016,7,26,15,-25.8,930.9,NA,NA,NA
2016,7,26,18,-22.8,929.8,NA,20,NA
2016,7,26,21,-22.5,929,NA,0,NA
2016,7,27,0,-22.1,928.6,NA,30,NA
2016,7,27,3,-20.3,927.4,NA,10,NA
2016,7,27,6,-22.8,926.7,NA,20,NA
2016,7,27,9,-23.4,926.4,NA,0,NA
2016,7,27,12,-22.3,926.1,NA,0,NA
2016,7,27,15,-23.9,925.8,NA,NA,NA
2016,7,27,18,-25.7,925.8,NA,NA,NA
2016,7,27,21,-24.3,926.4,NA,NA,NA
2016,7,28,0,-26.5,927.7,NA,NA,NA
2016,7,28,3,-27.5,927.6,NA,NA,NA
2016,7,28,6,-29.9,927.7,1,10,NA
2016,7,28,9,-31,928,NA,40,NA
2016,7,28,12,-30.1,928.8,NA,10,NA
2016,7,28,15,-30.3,929.7,NA,10,NA
2016,7,28,18,-32.6,931.2,NA,NA,NA
2016,7,28,21,-32.3,932.5,NA,NA,NA
2016,7,29,0,-31.3,934.3,1,340,NA
2016,7,29,3,-32.4,935.2,NA,NA,NA
2016,7,29,6,-32.8,936.1,7,290,NA
2016,7,29,9,-32.4,936.9,NA,NA,NA
2016,7,29,12,-32.6,936.6,NA,NA,NA
2016,7,29,15,-32.3,936.3,NA,NA,NA
2016,7,29,18,-32.3,935.8,NA,NA,NA
2016,7,29,21,-32,935.1,NA,NA,NA
2016,7,30,0,-31.1,934.8,NA,NA,NA
2016,7,30,3,-30.3,934.7,NA,NA,NA
2016,7,30,6,-30,935.3,NA,NA,NA
2016,7,30,9,-27.4,936.2,NA,30,NA
2016,7,30,12,-27.9,937,NA,NA,NA
2016,7,30,15,-25,938,NA,NA,NA
2016,7,30,18,-25.3,938.2,NA,320,NA
2016,7,30,21,-24.5,938.1,NA,20,NA
2016,7,31,0,-24.1,938.7,NA,10,NA
2016,7,31,3,-22.6,938.9,NA,340,NA
2016,7,31,6,-21.6,939.2,NA,350,NA
2016,7,31,9,-23.5,939,NA,20,NA
2016,7,31,12,-26.3,940.2,NA,0,NA
2016,7,31,15,-28.1,939.4,NA,230,NA
2016,7,31,18,-28.9,940.2,NA,230,NA
2016,7,31,21,-29.9,941.4,NA,230,NA
2016,8,1,0,-30.3,941.7,NA,240,NA
2016,8,1,3,-27.8,940.9,NA,230,NA
2016,8,1,6,NA,935.1,NA,60,NA
2016,8,1,9,NA,928,NA,360,NA
2016,8,1,12,-17.8,931.6,NA,240,NA
2016,8,1,15,-16.7,933.1,NA,250,NA
2016,8,1,18,-15.4,933.6,NA,240,NA
2016,8,1,21,-15.4,934.1,NA,320,NA
2016,8,2,0,-15.6,933.4,NA,330,NA
2016,8,2,3,-12.2,932.5,NA,0,NA
2016,8,2,6,NA,932.3,NA,40,NA
2016,8,2,9,-10.5,932.6,NA,220,NA
2016,8,2,12,-11.4,932.3,NA,220,NA
2016,8,2,15,-12,933.9,NA,250,NA
2016,8,2,18,-12,936.4,NA,240,NA
2016,8,2,21,-12,937.3,NA,220,NA
2016,8,3,0,-11.7,938.4,NA,300,NA
2016,8,3,3,-14.7,938.4,NA,230,NA
2016,8,3,6,NA,942.3,NA,250,NA
2016,8,3,9,NA,944.3,NA,330,NA
2016,8,3,12,-23.1,944.2,NA,NA,NA
2016,8,3,15,-24.1,943.8,NA,NA,NA
2016,8,3,18,-22.2,943.2,NA,NA,NA
2016,8,3,21,-21.9,943.2,NA,NA,NA
2016,8,4,0,-21.5,942.4,NA,20,NA
2016,8,4,3,-22.6,942.6,NA,10,NA
2016,8,4,6,-23.1,941.2,NA,NA,NA
2016,8,4,9,-21.7,940.5,NA,NA,NA
2016,8,4,12,-18.7,940.3,NA,NA,NA
2016,8,4,15,-21,940,NA,10,NA
2016,8,4,18,-19.1,938.7,NA,350,NA
2016,8,4,21,-19.2,936.7,NA,340,NA
2016,8,5,0,-20,935.2,NA,20,NA
2016,8,5,3,-20.3,934.3,NA,10,NA
2016,8,5,6,-17.6,933.9,NA,350,NA
2016,8,5,9,-18,933.1,2,10,NA
2016,8,5,12,NA,932.9,NA,0,NA
2016,8,5,15,-22.8,931.7,NA,240,NA
2016,8,5,18,-23.3,931.4,NA,270,NA
2016,8,5,21,-23.5,931.6,9,240,NA
2016,8,6,0,-23.4,932.6,NA,250,NA
2016,8,6,3,-26.6,932.2,NA,240,NA
2016,8,6,6,-27.2,932.2,NA,NA,NA
2016,8,6,9,-27.1,931.3,NA,NA,NA
2016,8,6,12,-27.6,933.4,NA,NA,NA
2016,8,6,15,-29,938.5,NA,250,NA
2016,8,6,18,-29.4,939,NA,250,NA
2016,8,6,21,-32.2,939.3,21,230,NA
2016,8,7,0,-30.1,939.3,NA,230,NA
2016,8,7,3,-32,939.8,NA,240,NA
2016,8,7,6,-33,939.2,NA,250,NA
2016,8,7,9,-31.6,938.7,NA,240,NA
2016,8,7,12,-30.9,936.2,NA,240,NA
2016,8,7,15,-30.9,934.6,NA,230,NA
2016,8,7,18,-30.5,934.9,NA,230,NA
2016,8,7,21,-29.4,933.2,NA,230,NA
2016,8,8,0,-28.7,933.2,NA,240,NA
2016,8,8,3,-28.8,931.9,NA,230,NA
2016,8,8,6,-28.4,931.6,NA,230,NA
2016,8,8,9,-27.6,930.9,NA,230,NA
2016,8,8,12,-27.6,929.3,NA,240,NA
2016,8,8,15,-27.3,929.1,NA,0,NA
2016,8,8,18,-27.3,929.1,NA,0,NA
2016,8,8,21,-26.8,929.1,NA,0,NA
2016,8,9,0,-26.3,929.1,NA,NA,NA
2016,8,9,3,-25.1,928.8,NA,NA,NA
2016,8,9,6,-25.5,928.3,NA,NA,NA
2016,8,9,9,-25.1,927.6,NA,NA,NA
2016,8,9,12,-25.4,926.6,NA,10,NA
2016,8,9,15,-26.2,926,NA,30,NA
2016,8,9,18,-26.9,925.9,NA,0,NA
2016,8,9,21,-26.6,927.1,NA,NA,NA
2016,8,10,0,-26.3,929.4,NA,NA,NA
2016,8,10,3,-26.6,930.9,NA,NA,NA
2016,8,10,6,-24.5,931.9,NA,360,NA
2016,8,10,9,-24,932.6,NA,NA,NA
2016,8,10,12,-26.8,932.3,NA,NA,NA
2016,8,10,15,-25.7,931.7,NA,NA,NA
2016,8,10,18,-26.3,930.5,NA,NA,NA
2016,8,10,21,-28.7,928.7,NA,NA,NA
2016,8,11,0,-27.9,927.4,NA,NA,NA
2016,8,11,3,-28,925.9,NA,NA,NA
2016,8,11,6,-28,925.5,NA,NA,NA
2016,8,11,9,-27.3,926,NA,NA,NA
2016,8,11,12,NA,926.7,NA,30,NA
2016,8,11,15,-27.8,928.3,NA,0,NA
2016,8,11,18,-28.3,929.8,NA,NA,NA
2016,8,11,21,-28.2,931.4,NA,NA,NA
2016,8,12,0,-26.9,932.2,NA,NA,NA
2016,8,12,3,-29.5,932.6,NA,0,NA
2016,8,12,6,-27.6,932.3,NA,NA,NA
2016,8,12,9,-29.3,931.9,NA,NA,NA
2016,8,12,12,-30.6,931.4,NA,NA,NA
2016,8,12,15,-28.6,930.7,NA,NA,NA
2016,8,12,18,-27.2,930.3,NA,NA,NA
2016,8,12,21,-25.5,930.3,NA,NA,NA
2016,8,13,0,-23.4,929.8,NA,310,NA
2016,8,13,3,-22.8,929.1,2,20,NA
2016,8,13,6,-22.2,928,1,120,NA
2016,8,13,9,-20.7,925.7,4,20,NA
2016,8,13,12,-19.6,923.4,NA,360,NA
2016,8,13,15,-18.3,922.1,NA,290,NA
2016,8,13,18,-18.4,922.2,NA,250,NA
2016,8,13,21,-17,923.9,NA,260,NA
2016,8,14,0,-17.3,926.7,9,240,NA
2016,8,14,3,-17,929.7,NA,280,NA
2016,8,14,6,-15.4,932,NA,240,NA
2016,8,14,9,-15.9,934.8,NA,210,NA
2016,8,14,12,-15.4,937.4,NA,220,NA
2016,8,14,15,-16.4,938.7,NA,240,NA
2016,8,14,18,-19.7,941,NA,240,NA
2016,8,14,21,-16.4,942.3,NA,140,NA
2016,8,15,0,-19,942.4,NA,220,NA
2016,8,15,3,-17.2,940.7,NA,240,NA
2016,8,15,6,-19.8,939.6,NA,230,NA
2016,8,15,9,-20.4,940.7,NA,230,NA
2016,8,15,12,-22.5,939.9,NA,240,NA
2016,8,15,15,-19.9,939.9,NA,240,NA
2016,8,15,18,-20,939.1,NA,0,NA
2016,8,15,21,-20.8,937.7,NA,NA,NA
2016,8,16,0,-19.8,937,NA,NA,NA
2016,8,16,3,-19.3,935.8,NA,NA,NA
2016,8,16,6,-19.9,934.4,NA,NA,NA
2016,8,16,9,-22.3,932.5,NA,240,NA
2016,8,16,12,-24.1,930.2,NA,230,NA
2016,8,16,15,-24.7,929.5,NA,230,NA
2016,8,16,18,-25.3,926.8,NA,230,NA
2016,8,16,21,-25.5,924.4,NA,220,NA
2016,8,17,0,-24.3,920.2,NA,NA,NA
2016,8,17,3,-24.3,918,NA,NA,NA
2016,8,17,6,-23.8,915.9,NA,NA,NA
2016,8,17,9,-25,914.5,NA,NA,NA
2016,8,17,12,-24.7,914.4,NA,240,NA
2016,8,17,15,-25.2,916.3,NA,230,NA
2016,8,17,18,-24.5,914.2,NA,NA,NA
2016,8,17,21,-24.9,915.5,NA,NA,NA
2016,8,18,0,-23.7,917.4,NA,NA,NA
2016,8,18,3,-24.5,916,NA,NA,NA
2016,8,18,6,-24.1,918.6,NA,NA,NA
2016,8,18,9,-24.4,920.3,NA,240,NA
2016,8,18,12,-24,919.6,NA,240,NA
2016,8,18,15,-22.9,918,NA,240,NA
2016,8,18,18,-21.8,918.8,NA,250,NA
2016,8,18,21,-21.7,920.5,NA,240,NA
2016,8,19,0,-20.4,919.2,NA,240,NA
2016,8,19,3,-21.1,918.8,NA,260,NA
2016,8,19,6,-19.7,917.4,NA,250,NA
2016,8,19,9,-20,917.1,NA,0,NA
2016,8,19,12,-18.8,916.7,NA,290,NA
2016,8,19,15,-19.1,916.6,NA,0,NA
2016,8,19,18,-18.1,916.8,2,320,NA
2016,8,19,21,-18,917.6,NA,250,NA
2016,8,20,0,-16.6,917.8,NA,250,NA
2016,8,20,3,-15.3,917.5,NA,240,NA
2016,8,20,6,-15.1,918.5,NA,250,NA
2016,8,20,9,-15.1,918.9,NA,230,NA
2016,8,20,12,-14.7,920.2,NA,240,NA
2016,8,20,15,-15.3,922.1,NA,240,NA
2016,8,20,18,-15.6,923.7,NA,250,NA
2016,8,20,21,-15.8,925.3,NA,0,NA
2016,8,21,0,-17.8,926.7,NA,10,NA
2016,8,21,3,-18.7,928.1,NA,NA,NA
2016,8,21,6,-18.1,930.5,NA,NA,NA
2016,8,21,9,-18.2,931.6,NA,NA,NA
2016,8,21,12,-18.9,933,16,240,NA
2016,8,21,15,-19.3,934.3,NA,210,NA
2016,8,21,18,-18.6,934.5,NA,240,NA
2016,8,21,21,-18.8,935.3,NA,230,NA
2016,8,22,0,-19.4,935,NA,360,NA
2016,8,22,3,-19.2,932.8,NA,30,NA
2016,8,22,6,-16.9,930,5,20,NA
2016,8,22,9,-18.9,928.4,9,280,NA
2016,8,22,12,NA,927.7,NA,250,NA
2016,8,22,15,-22.7,927.8,NA,30,NA
2016,8,22,18,-22.8,927.3,NA,210,NA
2016,8,22,21,-22.9,927.1,NA,0,NA
2016,8,23,0,-25.5,927.7,NA,240,NA
2016,8,23,3,-25.4,928.5,NA,230,NA
2016,8,23,6,-25.7,929,NA,250,NA
2016,8,23,9,-25,928.9,NA,240,NA
2016,8,23,12,-25.2,929.7,NA,230,NA
2016,8,23,15,-24.9,930,NA,280,NA
2016,8,23,18,-25.2,930,NA,NA,NA
2016,8,23,21,-25.4,928.9,NA,360,NA
2016,8,24,0,-24.8,928,NA,10,NA
2016,8,24,3,-26,928.3,NA,250,NA
2016,8,24,6,-27,928.9,NA,0,NA
2016,8,24,9,-27.3,928.7,NA,0,NA
2016,8,24,12,-27,928.2,NA,NA,NA
2016,8,24,15,-26.1,928.1,NA,NA,NA
2016,8,24,18,-25.6,927.4,NA,10,NA
2016,8,24,21,-25.4,926.7,NA,0,NA
2016,8,25,0,-24.9,925.7,NA,20,NA
2016,8,25,3,-24.5,924.6,NA,0,NA
2016,8,25,6,-25.7,923.3,NA,0,NA
2016,8,25,9,-25.4,921.9,NA,NA,NA
2016,8,25,12,-25.2,920,NA,30,NA
2016,8,25,15,-25.3,918.3,NA,20,NA
2016,8,25,18,-24.5,916.9,NA,30,NA
2016,8,25,21,-24.3,915.1,NA,20,NA
2016,8,26,0,-25.2,915.1,NA,NA,NA
2016,8,26,3,-25.6,914.6,NA,350,NA
2016,8,26,6,-28.3,913.8,1,330,NA
2016,8,26,9,-27.4,912.7,NA,280,NA
2016,8,26,12,-26.5,910.8,NA,230,NA
2016,8,26,15,-26,908.7,NA,NA,NA
2016,8,26,18,-25.8,908.1,NA,NA,NA
2016,8,26,21,-25.2,906,39,NA,NA
2016,8,27,0,-25.5,904.5,NA,NA,NA
2016,8,27,3,-25.6,902.7,NA,NA,NA
2016,8,27,6,-25.2,901.5,NA,NA,NA
2016,8,27,9,-25.5,895.9,NA,NA,NA
2016,8,27,12,-25.4,898,NA,NA,NA
2016,8,27,15,-24.6,899.2,57,NA,NA
2016,8,27,18,-22.9,901.2,NA,NA,NA
2016,8,27,21,-22.4,900.8,NA,NA,NA
2016,8,28,0,-22.9,904.7,NA,230,NA
2016,8,28,3,-23.2,902.5,NA,NA,NA
2016,8,28,6,-23.3,903.3,NA,NA,NA
2016,8,28,9,-24.9,902,NA,NA,NA
2016,8,28,12,-24.8,902.3,NA,260,NA
2016,8,28,15,-23.7,902.2,NA,20,NA
2016,8,28,18,-24.9,901.2,NA,10,NA
2016,8,28,21,-24.2,900.7,NA,0,NA
2016,8,29,0,-24.9,900,NA,30,NA
2016,8,29,3,-23.4,899,NA,330,NA
2016,8,29,6,-24.1,898.2,NA,20,NA
2016,8,29,9,-24.6,898.7,NA,50,NA
2016,8,29,12,-24.2,900,NA,0,NA
2016,8,29,15,-23.9,902.3,NA,10,NA
2016,8,29,18,-24.9,902.9,NA,270,NA
2016,8,29,21,-26.2,903.7,NA,260,NA
2016,8,30,0,-25.2,905,NA,250,NA
2016,8,30,3,-23.4,906.1,NA,250,NA
2016,8,30,6,-22.5,905.4,NA,230,NA
2016,8,30,9,-22.6,904.1,NA,230,NA
2016,8,30,12,-22,903.3,NA,230,NA
2016,8,30,15,-21.5,904.1,NA,240,NA
2016,8,30,18,-22,905.4,NA,240,NA
2016,8,30,21,-21.9,906.5,NA,230,NA
2016,8,31,0,-22.1,906.6,NA,NA,NA
2016,8,31,3,-21.3,910.6,54,NA,NA
2016,8,31,6,-20.5,912.5,53,NA,NA
2016,8,31,9,-19.7,913,NA,240,NA
2016,8,31,12,-18.9,916.1,NA,240,NA
2016,8,31,15,-20.7,914.5,NA,240,NA
2016,8,31,18,-21,914.3,NA,NA,NA
2016,8,31,21,-21.3,914,NA,NA,NA
2016,9,1,0,-21.5,913.7,NA,220,NA
2016,9,1,3,-21.2,911.8,NA,0,NA
2016,9,1,6,-20.2,909.4,NA,30,NA
2016,9,1,9,-21.1,907.8,NA,360,NA
2016,9,1,12,-21,906.8,15,20,NA
2016,9,1,15,-22,906,NA,360,NA
2016,9,1,18,-22.1,906.2,NA,360,NA
2016,9,1,21,-22,907.6,NA,330,NA
2016,9,2,0,-23.6,908.5,4,220,NA
2016,9,2,3,-23.5,907.6,2,80,NA
2016,9,2,6,-23.6,907,NA,50,NA
2016,9,2,9,-23.5,906.9,NA,40,NA
2016,9,2,12,-24,906.6,6,20,NA
2016,9,2,15,-23.8,907.3,NA,0,NA
2016,9,2,18,-23.1,907.6,2,80,NA
2016,9,2,21,-19,909.6,3,350,NA
2016,9,3,0,NA,908.8,NA,20,NA
2016,9,3,3,-17.8,907.6,NA,10,NA
2016,9,3,6,NA,906.4,NA,260,NA
2016,9,3,9,NA,908.9,NA,250,NA
2016,9,3,12,-24.1,908.7,NA,30,NA
2016,9,3,15,-24.6,910.3,4,350,NA
2016,9,3,18,-24.9,910.8,5,20,NA
2016,9,3,21,-24.8,910.6,5,30,NA
2016,9,4,0,-23.7,909.9,6,20,NA
2016,9,4,3,-23.4,909.2,7,20,NA
2016,9,4,6,NA,908.3,4,20,NA
2016,9,4,9,NA,906.8,NA,10,NA
2016,9,4,12,NA,904.9,NA,0,NA
2016,9,4,15,-17.2,904.3,NA,20,NA
2016,9,4,18,-17.8,903.8,NA,30,NA
2016,9,4,21,-20,903.7,NA,30,NA
2016,9,5,0,-21.2,905.1,NA,40,NA
2016,9,5,3,-21.4,905.9,18,30,NA
2016,9,5,6,-22.4,907,NA,60,NA
2016,9,5,9,-23,908,NA,40,NA
2016,9,5,12,-24.8,907.7,NA,0,NA
2016,9,5,15,-24.6,907.1,NA,240,NA
2016,9,5,18,-27.5,905.8,4,320,NA
2016,9,5,21,-25.5,899.7,NA,230,NA
2016,9,6,0,-26.7,894.9,NA,230,NA
2016,9,6,3,-25.7,897.6,54,240,NA
2016,9,6,6,-26.6,897.9,NA,230,NA
2016,9,6,9,-25.4,899.7,NA,240,NA
2016,9,6,12,-26.6,902.8,NA,230,NA
2016,9,6,15,-27.5,905.1,NA,240,NA
2016,9,6,18,-27.7,907.6,NA,290,NA
2016,9,6,21,-26.4,909.2,NA,220,NA
2016,9,7,0,-25.9,910.5,NA,50,NA
2016,9,7,3,-27,910.5,NA,30,NA
2016,9,7,6,-27.5,909.6,NA,360,NA
2016,9,7,9,-23.4,908.8,NA,0,NA
2016,9,7,12,NA,908.5,NA,270,NA
2016,9,7,15,NA,907.4,NA,0,NA
2016,9,7,18,-12.9,905.9,NA,NA,NA
2016,9,7,21,-12.9,903.9,NA,NA,NA
2016,9,8,0,-14.3,903.1,NA,240,NA
2016,9,8,3,-12.4,900.3,2,190,NA
2016,9,8,6,-14.1,899.8,NA,0,NA
2016,9,8,9,NA,902,NA,220,NA
2016,9,8,12,NA,901.8,NA,0,NA
2016,9,8,15,-20.8,898.7,NA,240,NA
2016,9,8,18,-23.3,897.1,NA,240,NA
2016,9,8,21,-25,894.4,NA,230,NA
2016,9,9,0,-26.3,895.5,NA,240,NA
2016,9,9,3,-27.7,901.3,NA,220,NA
2016,9,9,6,-27.9,905.2,NA,240,NA
2016,9,9,9,-27.4,906.4,NA,0,NA
2016,9,9,12,-26.8,906.7,NA,30,NA
2016,9,9,15,-27.6,904,NA,360,NA
2016,9,9,18,-25.3,900.5,NA,10,NA
2016,9,9,21,-24.8,896.2,NA,40,NA
2016,9,10,0,-25.2,891.2,NA,30,NA
2016,9,10,3,-23.7,887.3,NA,240,NA
2016,9,10,6,-28.3,885,NA,280,NA
2016,9,10,9,-26.9,884.2,NA,250,NA
2016,9,10,12,-25.5,884.8,NA,220,NA
2016,9,10,15,-25.2,886.5,NA,240,NA
2016,9,10,18,-25.4,887.4,NA,250,NA
2016,9,10,21,-28.4,888.7,NA,240,NA
2016,9,11,0,-28.3,890.6,NA,250,NA
2016,9,11,3,-29.5,892.2,NA,240,NA
2016,9,11,6,-30,895,25,240,NA
2016,9,11,9,-30.1,897.3,NA,250,NA
2016,9,11,12,-30.3,898.8,23,240,NA
2016,9,11,15,-30.8,899.5,NA,250,NA
2016,9,11,18,-30.8,900.3,NA,0,NA
2016,9,11,21,-31.7,900,NA,0,NA
2016,9,12,0,-30.6,899.6,NA,0,NA
2016,9,12,3,-32.1,898.9,NA,350,NA
2016,9,12,6,-31.3,899,NA,340,NA
2016,9,12,9,-32,898.9,NA,240,NA
2016,9,12,12,-32.4,898.7,NA,250,NA
2016,9,12,15,-32.4,898.9,16,240,NA
2016,9,12,18,-32.2,898.3,15,230,NA
2016,9,12,21,-31.9,897.4,15,230,NA
2016,9,13,0,-31.7,896.5,NA,240,NA
2016,9,13,3,-32.7,893.8,NA,230,NA
2016,9,13,6,-32.8,893.2,NA,240,NA
2016,9,13,9,-33.5,892.9,NA,240,NA
2016,9,13,12,-33.5,892.3,NA,240,NA
2016,9,13,15,-33.5,891.2,NA,250,NA
2016,9,13,18,-34,889.7,NA,250,NA
2016,9,13,21,-34.2,888.3,NA,280,NA
2016,9,14,0,-33.1,886.5,NA,100,NA
2016,9,14,3,-32.5,884.4,NA,50,NA
2016,9,14,6,-32.1,883.8,NA,30,NA
2016,9,14,9,-32.5,884.3,NA,30,NA
2016,9,14,12,-32,885.9,NA,50,NA
2016,9,14,15,-31.4,889.3,NA,0,NA
2016,9,14,18,-30.3,894.2,NA,NA,NA
2016,9,14,21,-29.9,897.7,NA,NA,NA
2016,9,15,0,-28.6,899.1,NA,20,NA
2016,9,15,3,-27.9,900.1,6,10,NA
2016,9,15,6,-27,901.5,NA,0,NA
2016,9,15,9,-27.3,904.2,NA,0,NA
2016,9,15,12,-27.5,907.2,NA,250,NA
2016,9,15,15,-27.2,909.9,NA,NA,NA
2016,9,15,18,-27.7,911.8,NA,NA,NA
2016,9,15,21,-26.3,913.1,NA,NA,NA
2016,9,16,0,-25.6,914.1,NA,NA,NA
2016,9,16,3,-25.3,915.1,NA,290,NA
2016,9,16,6,-25.7,915.5,NA,230,NA
2016,9,16,9,-25.2,915.9,NA,0,NA
2016,9,16,12,-24.5,916.2,NA,250,NA
2016,9,16,15,-23.2,916.6,NA,340,NA
2016,9,16,18,-23.6,916.1,NA,230,NA
2016,9,16,21,-22.1,916,NA,0,NA
2016,9,17,0,-21.7,915.8,NA,360,NA
2016,9,17,3,-21.6,916,NA,290,NA
2016,9,17,6,-20.7,915.2,NA,240,NA
2016,9,17,9,-18.9,915,NA,250,NA
2016,9,17,12,-17.7,914.9,NA,250,NA
2016,9,17,15,-18.7,915.9,NA,300,NA
2016,9,17,18,-19.2,916.1,11,30,NA
2016,9,17,21,-20.1,916.6,NA,NA,NA
2016,9,18,0,-21.9,917.5,NA,0,NA
2016,9,18,3,-21.9,918.9,NA,10,NA
2016,9,18,6,-23.3,919.4,8,30,NA
2016,9,18,9,-24.9,919.2,NA,0,NA
2016,9,18,12,-25.3,920.1,NA,0,NA
2016,9,18,15,-24.5,919.7,NA,340,NA
2016,9,18,18,-25.7,918.9,NA,300,NA
2016,9,18,21,-26.7,917.7,NA,280,NA
2016,9,19,0,-25.6,916.8,NA,240,NA
2016,9,19,3,-24.7,916.5,NA,350,NA
2016,9,19,6,-24.1,915.8,NA,240,NA
2016,9,19,9,-24.4,916.2,NA,320,NA
2016,9,19,12,-23,916.6,NA,340,NA
2016,9,19,15,-21.7,916.8,NA,NA,NA
2016,9,19,18,-21.9,917.8,NA,NA,NA
2016,9,19,21,-21.6,919.2,NA,NA,NA
2016,9,20,0,-21.5,920.6,NA,NA,NA
2016,9,20,3,-22.1,920.8,7,20,NA
2016,9,20,6,-21.6,920.2,NA,30,NA
2016,9,20,9,-23.5,919.2,NA,40,NA
2016,9,20,12,-24.3,917.9,NA,10,NA
2016,9,20,15,-24.4,915.9,NA,NA,NA
2016,9,20,18,-25.3,911.4,NA,230,NA
2016,9,20,21,-23.9,908,NA,250,NA
2016,9,21,0,-23.4,907.1,NA,240,NA
2016,9,21,3,-22.5,906.3,NA,250,NA
2016,9,21,6,-20.8,910.4,57,NA,NA
2016,9,21,9,-20,916.3,NA,NA,NA
2016,9,21,12,-16.6,917.8,NA,NA,NA
2016,9,21,15,-19,929.7,NA,250,NA
2016,9,21,18,-18.7,932.2,NA,20,NA
2016,9,21,21,-15.4,931.1,NA,10,NA
2016,9,22,0,-18.2,927.3,NA,20,NA
2016,9,22,3,-20,921.7,NA,10,NA
2016,9,22,6,-19.3,914.2,NA,60,NA
2016,9,22,9,-20.1,909.1,NA,220,NA
2016,9,22,12,-19.8,901.5,NA,250,NA
2016,9,22,15,-19.9,902.4,NA,240,NA
2016,9,22,18,-20.9,903.4,NA,NA,NA
2016,9,22,21,-21.9,905.1,NA,NA,NA
2016,9,23,0,-23.3,904.5,NA,NA,NA
2016,9,23,3,-23.5,904.7,NA,250,NA
2016,9,23,6,-21.2,902.1,NA,250,NA
2016,9,23,9,-22.3,908.5,NA,240,NA
2016,9,23,12,-22.8,911.7,NA,240,NA
2016,9,23,15,-21.6,912.5,NA,0,NA
2016,9,23,18,-25.5,912.8,13,240,NA
2016,9,23,21,-25.8,912.5,NA,240,NA
2016,9,24,0,-24.1,912.9,NA,0,NA
2016,9,24,3,-23.3,913.2,NA,240,NA
2016,9,24,6,-21.8,912.5,NA,0,NA
2016,9,24,9,-22.7,913.1,NA,NA,NA
2016,9,24,12,-23.3,912.8,NA,30,NA
2016,9,24,15,-23.1,913.2,NA,30,NA
2016,9,24,18,-24.8,913.9,NA,NA,NA
2016,9,24,21,-25.8,914.2,NA,NA,NA
2016,9,25,0,-25,915.3,NA,NA,NA
2016,9,25,3,-25.5,916.2,NA,NA,NA
2016,9,25,6,-27.4,917.4,16,230,NA
2016,9,25,9,-28.4,918.7,NA,230,NA
2016,9,25,12,-28,920.5,NA,240,NA
2016,9,25,15,-27.7,921.8,NA,230,NA
2016,9,25,18,-27.4,923.8,NA,350,NA
2016,9,25,21,-25.9,924.7,NA,240,NA
2016,9,26,0,-24.2,926.5,NA,0,NA
2016,9,26,3,-23.2,927.5,NA,NA,NA
2016,9,26,6,-22.6,928.5,NA,10,NA
2016,9,26,9,-22,928.5,NA,NA,NA
2016,9,26,12,-20.2,928,NA,NA,NA
2016,9,26,15,-20.5,928.1,NA,NA,NA
2016,9,26,18,-21,927.4,NA,NA,NA
2016,9,26,21,-20.2,926.1,NA,360,NA
2016,9,27,0,-19.8,925.3,1,340,NA
2016,9,27,3,-19.9,924.8,NA,240,NA
2016,9,27,6,-18.2,924.7,NA,250,NA
2016,9,27,9,-17.5,925.5,NA,230,NA
2016,9,27,12,-16.8,925.7,NA,360,NA
2016,9,27,15,-15.9,925.4,NA,350,NA
2016,9,27,18,-14.8,925.8,NA,330,NA
2016,9,27,21,NA,926.7,NA,NA,NA
2016,9,28,0,NA,928.5,NA,NA,NA
2016,9,28,3,-20,929.6,NA,230,NA
2016,9,28,6,-18.9,931.6,NA,230,NA
2016,9,28,9,-16.5,933,NA,230,NA
2016,9,28,12,-14,933.9,NA,0,NA
2016,9,28,15,-13.7,934,NA,360,NA
2016,9,28,18,-14.7,934.5,NA,NA,NA
2016,9,28,21,-17.6,934.5,NA,NA,NA
2016,9,29,0,-16.6,933.8,NA,NA,NA
2016,9,29,3,-15.6,932.6,NA,30,NA
2016,9,29,6,-15.4,931.5,NA,60,NA
2016,9,29,9,-16.2,930.4,9,350,NA
2016,9,29,12,-19.3,928.3,NA,20,NA
2016,9,29,15,-20.8,926.9,NA,0,NA
2016,9,29,18,-21.3,925.3,NA,10,NA
2016,9,29,21,-20.7,923.5,4,20,NA
2016,9,30,0,-21.5,922.5,NA,40,NA
2016,9,30,3,-22.6,921.7,NA,NA,NA
2016,9,30,6,-21.8,920.6,NA,20,NA
2016,9,30,9,-21.9,920.2,NA,10,NA
2016,9,30,12,-22.2,920,NA,240,NA
2016,9,30,15,-21.5,918.2,NA,240,NA
2016,9,30,18,-22.2,918.6,NA,230,NA
2016,9,30,21,-21.2,919.1,NA,0,NA
2016,10,1,0,-21.3,918.5,NA,0,NA
2016,10,1,3,-20.9,917.9,NA,10,NA
2016,10,1,6,-20.8,916.8,NA,350,NA
2016,10,1,9,-22.5,917.2,NA,0,NA
2016,10,1,12,-23.9,916.8,15,240,NA
2016,10,1,15,-25,916.7,17,NA,NA
2016,10,1,18,-24.1,917,NA,NA,NA
2016,10,1,21,-22.2,916.9,NA,NA,NA
2016,10,2,0,NA,915.9,NA,NA,NA
2016,10,2,3,-20.9,917.6,NA,230,NA
2016,10,2,6,-18.1,916.8,NA,240,NA
2016,10,2,9,-17.8,918.6,NA,230,NA
2016,10,2,12,-17.8,919.4,NA,240,NA
2016,10,2,15,-20.2,923.4,NA,240,NA
2016,10,2,18,-19.9,924.1,NA,240,NA
2016,10,2,21,-20.9,924.8,NA,230,NA
2016,10,3,0,-20.4,925.9,NA,260,NA
2016,10,3,3,-20.3,926.1,NA,250,NA
2016,10,3,6,-19.4,927.7,13,230,NA
2016,10,3,9,-18.2,927.9,NA,240,NA
2016,10,3,12,-20,929.7,NA,270,NA
2016,10,3,15,-19.6,930.2,NA,240,NA
2016,10,3,18,-19.3,930.7,NA,200,NA
2016,10,3,21,-19.1,931,NA,230,NA
2016,10,4,0,-18.2,928.1,NA,240,NA
2016,10,4,3,-19.4,931.2,NA,230,NA
2016,10,4,6,-17.7,933,NA,200,NA
2016,10,4,9,-17.8,932.5,NA,NA,NA
2016,10,4,12,-18.4,931.3,NA,350,NA
2016,10,4,15,-17.8,929.3,7,20,NA
2016,10,4,18,-20.3,927.6,NA,310,NA
2016,10,4,21,-21.5,925.5,NA,360,NA
2016,10,5,0,-20,922.6,NA,NA,NA
2016,10,5,3,-20.3,919.8,NA,NA,NA
2016,10,5,6,-21.7,918.9,NA,0,NA
2016,10,5,9,-21.7,917.7,NA,230,NA
2016,10,5,12,-23.7,920,NA,240,NA
2016,10,5,15,-26.1,921.5,NA,230,NA
2016,10,5,18,-27.3,922.4,NA,240,NA
2016,10,5,21,-28.4,923.4,NA,230,NA
2016,10,6,0,-27.6,925.3,NA,240,NA
2016,10,6,3,-26.2,925.5,NA,250,NA
2016,10,6,6,-24.9,925.9,NA,320,NA
2016,10,6,9,-25.9,925.1,NA,0,NA
2016,10,6,12,-24.8,924.7,NA,220,NA
2016,10,6,15,-23.4,924.2,NA,360,NA
2016,10,6,18,-23.8,923.6,4,30,NA
2016,10,6,21,-22.7,923,NA,60,NA
2016,10,7,0,-22.6,923.2,NA,70,NA
2016,10,7,3,-22.7,922.4,NA,0,NA
2016,10,7,6,-23,922.2,NA,40,NA
2016,10,7,9,-23.8,922,NA,NA,NA
2016,10,7,12,-25.4,921.5,NA,20,NA
2016,10,7,15,-26.2,920.7,NA,10,NA
2016,10,7,18,-25,920.2,NA,10,NA
2016,10,7,21,-24.4,920.4,NA,20,NA
2016,10,8,0,-23.8,921.2,NA,30,NA
2016,10,8,3,-22.2,921,NA,0,NA
2016,10,8,6,-22.5,920.3,NA,NA,NA
2016,10,8,9,-23,919.6,NA,NA,NA
2016,10,8,12,-23.4,918.9,NA,0,NA
2016,10,8,15,-23.6,917.8,NA,240,NA
2016,10,8,18,-23.2,918,NA,230,NA
2016,10,8,21,-23.2,917,NA,230,NA
2016,10,9,0,-21.4,914.7,NA,240,NA
2016,10,9,3,-21.9,912.1,NA,240,NA
2016,10,9,6,-23.3,912.4,NA,NA,NA
2016,10,9,9,-22.8,914.1,NA,NA,NA
2016,10,9,12,-23.1,916.6,NA,240,NA
2016,10,9,15,-22.1,918.9,NA,230,NA
2016,10,9,18,-21.7,923.3,NA,240,NA
2016,10,9,21,-22.4,926.6,NA,240,NA
2016,10,10,0,-22.2,928.7,NA,60,NA
2016,10,10,3,-21.8,928.3,NA,50,NA
2016,10,10,6,-21.7,926.8,NA,350,NA
2016,10,10,9,-21.2,925.4,NA,20,NA
2016,10,10,12,-20.4,924.8,NA,20,NA
2016,10,10,15,-19.8,924.2,NA,30,NA
2016,10,10,18,-19.8,924.5,NA,30,NA
2016,10,10,21,-19.6,924.1,NA,270,NA
2016,10,11,0,-18.4,923.6,NA,240,NA
2016,10,11,3,-21.4,922,NA,230,NA
2016,10,11,6,-20.2,920.3,NA,NA,NA
2016,10,11,9,-19.2,917.4,NA,NA,NA
2016,10,11,12,-19.1,916.5,NA,NA,NA
2016,10,11,15,-18.8,916,NA,230,NA
2016,10,11,18,-19,917.4,49,NA,NA
2016,10,11,21,-18.2,919,49,NA,NA
2016,10,12,0,-18,919.9,NA,NA,NA
2016,10,12,3,-18.5,919.8,NA,250,NA
2016,10,12,6,-18,921.9,NA,240,NA
2016,10,12,9,-17.9,922.4,53,NA,NA
2016,10,12,12,-17.7,925.3,NA,NA,NA
2016,10,12,15,-18.2,923.7,NA,NA,NA
2016,10,12,18,-18.1,926.9,NA,NA,NA
2016,10,12,21,-17.7,926.7,NA,230,NA
2016,10,13,0,-17.9,925.8,34,240,NA
2016,10,13,3,-16.6,923.7,NA,240,NA
2016,10,13,6,-17.7,924.4,NA,230,NA
2016,10,13,9,-18.1,923.1,NA,240,NA
2016,10,13,12,-17.8,921.5,NA,240,NA
2016,10,13,15,-17.4,919.9,NA,230,NA
2016,10,13,18,-17.9,918.2,NA,NA,NA
2016,10,13,21,-17.6,916.7,NA,NA,NA
2016,10,14,0,-18.5,915.1,NA,240,NA
2016,10,14,3,-18.9,914.4,NA,250,NA
2016,10,14,6,-19,913.7,18,230,NA
2016,10,14,9,-19.5,913.3,19,240,NA
2016,10,14,12,-19.6,912.7,NA,230,NA
2016,10,14,15,-19.5,913,NA,230,NA
2016,10,14,18,-19.6,913.5,NA,220,NA
2016,10,14,21,-19.8,913.7,25,220,NA
2016,10,15,0,-21.2,914.2,NA,NA,NA
2016,10,15,3,-21.6,915,23,NA,NA
2016,10,15,6,-22,915.6,NA,NA,NA
2016,10,15,9,-22.2,915.6,21,NA,NA
2016,10,15,12,-22.2,915.1,17,NA,NA
2016,10,15,15,-22.7,914.8,NA,270,NA
2016,10,15,18,-23.2,914.6,NA,260,NA
2016,10,15,21,-23.3,914.5,NA,270,NA
2016,10,16,0,-22.1,914.4,NA,260,NA
2016,10,16,3,-22.5,914.3,NA,240,NA
2016,10,16,6,-21.8,914.9,15,230,NA
2016,10,16,9,-21.8,915.6,15,230,NA
2016,10,16,12,-22.1,916.4,17,240,NA
2016,10,16,15,-22.4,917.2,19,240,NA
2016,10,16,18,-22.5,917.9,16,240,NA
2016,10,16,21,-22.3,918.3,NA,230,NA
2016,10,17,0,-22.5,917.8,14,250,NA
2016,10,17,3,-20.9,916.9,NA,0,NA
2016,10,17,6,-22.4,915.5,NA,60,NA
2016,10,17,9,-22,913.4,NA,30,NA
2016,10,17,12,-22.8,910.7,NA,0,NA
2016,10,17,15,-23.6,908.1,NA,250,NA
2016,10,17,18,-21.5,905.9,NA,130,NA
2016,10,17,21,-21.8,903.8,NA,240,NA
2016,10,18,0,-19.9,903.2,NA,50,NA
2016,10,18,3,-18.8,902.9,NA,240,NA
2016,10,18,6,-18.6,902.8,NA,0,NA
2016,10,18,9,-20.1,903.1,NA,NA,NA
2016,10,18,12,-19,903.3,NA,NA,NA
2016,10,18,15,-17.5,904,NA,NA,NA
2016,10,18,18,-20.3,904.5,3,250,NA
2016,10,18,21,-21.3,905.4,NA,100,NA
2016,10,19,0,-21.7,NA,NA,240,NA
2016,10,19,3,-19.3,908.1,NA,230,NA
2016,10,19,6,-19,908.5,NA,90,NA
2016,10,19,9,-19,908.8,NA,50,NA
2016,10,19,12,-19.4,908.8,4,40,NA
2016,10,19,15,-19.6,908.7,4,20,NA
2016,10,19,18,-19.6,908.2,4,30,NA
2016,10,19,21,-18.9,908.3,1,80,NA
2016,10,20,0,-18.2,908.5,1,240,NA
2016,10,20,3,-20.6,908.1,NA,240,NA
2016,10,20,6,-20.7,907.7,NA,240,NA
2016,10,20,9,-20.6,908.5,NA,230,NA
2016,10,20,12,-20.3,910.5,NA,230,NA
2016,10,20,15,-19.5,911.3,NA,220,NA
2016,10,20,18,-19.5,911.9,12,230,NA
2016,10,20,21,-19.6,913.7,NA,270,NA
2016,10,21,0,-20.3,914.8,NA,240,NA
2016,10,21,3,-20,914.8,NA,240,NA
2016,10,21,6,-20.9,914.7,NA,250,NA
2016,10,21,9,-20.8,915.3,23,240,NA
2016,10,21,12,-20.8,915.2,NA,250,NA
2016,10,21,15,-20.8,915.3,NA,240,NA
2016,10,21,18,-21.4,914.7,NA,240,NA
2016,10,21,21,-21,914.5,NA,350,NA
2016,10,22,0,-19.7,914.8,NA,250,NA
2016,10,22,3,-20.5,914,NA,220,NA
2016,10,22,6,-21.1,913.8,NA,230,NA
2016,10,22,9,-22.2,913.5,NA,230,NA
2016,10,22,12,-22.5,913.9,NA,240,NA
2016,10,22,15,-22.8,913.6,NA,240,NA
2016,10,22,18,-23.2,913.6,13,250,NA
2016,10,22,21,-22.5,914,NA,260,NA
2016,10,23,0,-20.4,913.5,NA,80,NA
2016,10,23,3,-21.4,913.5,NA,NA,NA
2016,10,23,6,-22.7,914.2,2,40,NA
2016,10,23,9,-24.2,914.1,NA,230,NA
2016,10,23,12,-25.8,914.9,NA,0,NA
2016,10,23,15,-25.9,914.2,NA,NA,NA
2016,10,23,18,-25.7,913,NA,10,NA
2016,10,23,21,-23.8,912.1,NA,70,NA
2016,10,24,0,-22.7,911.5,NA,20,NA
2016,10,24,3,NA,910.3,1,70,NA
2016,10,24,6,-21.3,909.9,3,20,NA
2016,10,24,9,-22.4,909.2,NA,50,NA
2016,10,24,12,-22.1,907.7,NA,20,NA
2016,10,24,15,-22,906.6,NA,10,NA
2016,10,24,18,-20.3,905.3,NA,270,NA
2016,10,24,21,-19.7,905.1,NA,190,NA
2016,10,25,0,-22.1,906.6,NA,230,NA
2016,10,25,3,-21.6,907.9,NA,240,NA
2016,10,25,6,-20.4,909.6,NA,250,NA
2016,10,25,9,-21,909.8,NA,230,NA
2016,10,25,12,-20.1,910.6,NA,230,NA
2016,10,25,15,-19.8,910.6,NA,230,NA
2016,10,25,18,-19.3,912.1,NA,350,NA
2016,10,25,21,-18.4,913.9,NA,0,NA
2016,10,26,0,-17.3,915.2,NA,290,NA
2016,10,26,3,-16.7,916.8,NA,0,NA
2016,10,26,6,-15.9,918,NA,240,NA
2016,10,26,9,-15.2,919.3,NA,250,NA
2016,10,26,12,-14,920.5,NA,260,NA
2016,10,26,15,-13.7,921.7,NA,250,NA
2016,10,26,18,-12.6,923.4,NA,350,NA
2016,10,26,21,-12.3,922.7,NA,10,NA
2016,10,27,0,-12.1,922.1,NA,20,NA
2016,10,27,3,-12.4,922.2,NA,0,NA
2016,10,27,6,-12.8,921.4,NA,NA,NA
2016,10,27,9,-13.8,921,NA,NA,NA
2016,10,27,12,-14.2,920.7,NA,NA,NA
2016,10,27,15,-13.9,919.9,NA,NA,NA
2016,10,27,18,-13.7,918.9,NA,NA,NA
2016,10,27,21,-13.6,918.3,NA,NA,NA
2016,10,28,0,-14.4,917.9,NA,NA,NA
2016,10,28,3,-14.5,917.3,NA,NA,NA
2016,10,28,6,-14.8,917.2,NA,290,NA
2016,10,28,9,-17.9,917,18,240,NA
2016,10,28,12,-18.7,917.7,NA,250,NA
2016,10,28,15,-19,917.3,15,230,NA
2016,10,28,18,-19,917,16,240,NA
2016,10,28,21,-18.9,917,17,NA,NA
2016,10,29,0,-18.1,917.5,NA,NA,NA
2016,10,29,3,-17.4,917.2,NA,NA,NA
2016,10,29,6,-17.5,917.3,NA,210,NA
2016,10,29,9,-17.9,917.4,NA,0,NA
2016,10,29,12,-18,917.4,NA,250,NA
2016,10,29,15,-17.9,917.2,NA,250,NA
2016,10,29,18,-17.6,917.1,NA,240,NA
2016,10,29,21,-16.5,918.3,NA,340,NA
2016,10,30,0,-16.6,918.8,NA,180,NA
2016,10,30,3,-15.6,918.5,NA,350,NA
2016,10,30,6,-17.3,918.2,3,40,NA
2016,10,30,9,-18.3,917.3,3,50,NA
2016,10,30,12,-17.6,916.5,4,250,NA
2016,10,30,15,-18,915.4,NA,240,NA
2016,10,30,18,-18.8,915.2,NA,300,NA
2016,10,30,21,-19.9,914.7,NA,280,NA
2016,10,31,0,-19.7,915.5,NA,200,NA
2016,10,31,3,-20.3,916.9,NA,270,NA
2016,10,31,6,-20.3,918.8,NA,0,NA
2016,10,31,9,-19.6,919.8,NA,NA,NA
2016,10,31,12,-19.6,920.1,NA,NA,NA
2016,10,31,15,-19.9,920.5,NA,NA,NA
2016,10,31,18,-19.8,919.8,NA,NA,NA
2016,10,31,21,-20.3,920.2,NA,NA,NA
2016,11,1,0,-19.8,920.5,18,220,NA
2016,11,1,3,-19.6,923,NA,250,NA
2016,11,1,6,-18.4,925.2,NA,0,NA
2016,11,1,9,-19.9,926.3,NA,20,NA
2016,11,1,12,-19.6,928.2,NA,10,NA
2016,11,1,15,-19.3,929.3,11,10,NA
2016,11,1,18,-18.2,931.1,NA,320,NA
2016,11,1,21,NA,933.2,NA,20,NA
2016,11,2,0,NA,934.9,4,260,NA
2016,11,2,3,-8.9,937,3,30,NA
2016,11,2,6,-10.2,938.8,NA,250,NA
2016,11,2,9,-5.5,940.9,4,20,NA
2016,11,2,12,-5.7,941.7,NA,60,NA
2016,11,2,15,-7.8,942.4,NA,20,NA
2016,11,2,18,-8.2,942.9,NA,140,NA
2016,11,2,21,-8.9,943.2,NA,250,NA
2016,11,3,0,-8.2,943.6,NA,190,NA
2016,11,3,3,-9.7,943.4,NA,250,NA
2016,11,3,6,-11,943.2,NA,240,NA
2016,11,3,9,-10.4,943.5,12,230,NA
2016,11,3,12,-11.1,942.9,NA,240,NA
2016,11,3,15,-11.8,941.5,NA,330,NA
2016,11,3,18,-11.5,939.8,4,260,NA
2016,11,3,21,-10.4,938,3,230,NA
2016,11,4,0,-9.6,936.1,3,50,NA
2016,11,4,3,-10.6,934.3,2,60,NA
2016,11,4,6,-9.7,932.5,4,30,NA
2016,11,4,9,-8.3,931.4,2,20,NA
2016,11,4,12,-9,930.6,NA,20,NA
2016,11,4,15,-6.9,929.3,NA,40,NA
2016,11,4,18,-5.9,928.6,NA,30,NA
2016,11,4,21,-7.5,928.7,5,240,NA
2016,11,5,0,NA,930.3,NA,250,NA
2016,11,5,3,-10.7,931.4,NA,240,NA
2016,11,5,6,-10.5,931.3,NA,240,NA
2016,11,5,9,-12.2,932,NA,30,NA
2016,11,5,12,-13.2,931.5,NA,230,NA
2016,11,5,15,-12.8,934.2,NA,250,NA
2016,11,5,18,-13.7,935.2,NA,230,NA
2016,11,5,21,-12.8,936.6,NA,250,NA
2016,11,6,0,-13,937.4,NA,230,NA
2016,11,6,3,-13.4,938.4,NA,230,NA
2016,11,6,6,-12.3,940.1,NA,230,NA
2016,11,6,9,-12.1,940.9,NA,80,NA
2016,11,6,12,-13.2,940.8,NA,230,NA
2016,11,6,15,-13.2,940.9,NA,340,NA
2016,11,6,18,-12.5,941.6,NA,40,NA
2016,11,6,21,-11.4,940.8,9,30,NA
2016,11,7,0,-11.3,939.8,NA,0,NA
2016,11,7,3,-10.2,940.8,NA,20,NA
2016,11,7,6,NA,941.4,NA,20,NA
2016,11,7,9,NA,941.7,3,340,NA
2016,11,7,12,-3.4,941.3,NA,10,NA
2016,11,7,15,-3.6,940.5,NA,20,NA
2016,11,7,18,-2.2,939.8,NA,50,NA
2016,11,7,21,0,938.8,NA,90,NA
2016,11,8,0,-0.1,937.4,NA,90,NA
2016,11,8,3,-2.5,935.3,NA,220,NA
2016,11,8,6,-3.2,933.6,NA,250,NA
2016,11,8,9,-1.1,932.7,NA,10,NA
2016,11,8,12,-1.8,932,NA,350,NA
2016,11,8,15,-1.5,931.2,NA,240,NA
2016,11,8,18,-5.5,930.6,NA,250,NA
2016,11,8,21,-2.1,931.1,NA,290,NA
2016,11,9,0,-2,930.7,NA,350,NA
2016,11,9,3,-3.4,930.6,NA,220,NA
2016,11,9,6,-5.1,930.4,NA,250,NA
2016,11,9,9,-5.1,930.7,NA,240,NA
2016,11,9,12,-7.2,931.4,NA,250,NA
2016,11,9,15,-7.4,931.6,NA,240,NA
2016,11,9,18,-8,932.5,9,250,NA
2016,11,9,21,-7.4,932.6,NA,240,NA
2016,11,10,0,-6.2,932.3,NA,240,NA
2016,11,10,3,-6.6,930,NA,80,NA
2016,11,10,6,-6.3,927.6,NA,20,NA
2016,11,10,9,-7.7,925.7,NA,360,NA
2016,11,10,12,-6.6,924.7,NA,270,NA
2016,11,10,15,-4.5,924.2,NA,250,NA
2016,11,10,18,-8.6,925.7,NA,240,NA
2016,11,10,21,-7.7,926.9,NA,240,NA
2016,11,11,0,-8.6,927.8,NA,240,NA
2016,11,11,3,-9.7,929.2,16,220,NA
2016,11,11,6,-9.8,930.1,NA,240,NA
2016,11,11,9,-10.8,932.1,NA,230,NA
2016,11,11,12,-11.1,934.1,13,230,NA
2016,11,11,15,-11.9,935.4,NA,230,NA
2016,11,11,18,-12.1,936.6,NA,220,NA
2016,11,11,21,-11.5,937.6,2,100,NA
2016,11,12,0,-10.8,938.2,3,110,NA
2016,11,12,3,-10.8,938.2,2,210,NA
2016,11,12,6,-11.5,938.1,3,230,NA
2016,11,12,9,-12.7,937.7,NA,230,NA
2016,11,12,12,-13.6,936.9,NA,240,NA
2016,11,12,15,-13.9,936.1,NA,230,NA
2016,11,12,18,-13.7,935.7,NA,240,NA
2016,11,12,21,-13.8,936.3,NA,230,NA
2016,11,13,0,-13.5,936.3,NA,NA,NA
2016,11,13,3,-13.3,936.8,NA,NA,NA
2016,11,13,6,-13.1,937.8,NA,NA,NA
2016,11,13,9,-13.4,940.3,NA,NA,NA
2016,11,13,12,-12.2,941.7,NA,250,NA
2016,11,13,15,-13.6,942.4,NA,250,NA
2016,11,13,18,-13.3,942.8,16,230,NA
2016,11,13,21,-12.4,943.7,NA,240,NA
2016,11,14,0,-11.6,943.4,NA,250,NA
2016,11,14,3,-10.6,942.7,NA,220,NA
2016,11,14,6,-11,941.2,NA,10,NA
2016,11,14,9,-12.3,939.5,NA,20,NA
2016,11,14,12,-12.5,937.5,NA,20,NA
2016,11,14,15,-12.4,936.2,NA,30,NA
2016,11,14,18,-11.8,935.4,NA,80,NA
2016,11,14,21,-12.2,935,NA,0,NA
2016,11,15,0,-11.3,934.6,3,60,NA
2016,11,15,3,-11.6,934.5,3,80,NA
2016,11,15,6,-11.6,934.7,2,260,NA
2016,11,15,9,-13.2,935.1,3,270,NA
2016,11,15,12,-13.4,935.8,NA,240,NA
2016,11,15,15,-13.4,936.6,NA,0,NA
2016,11,15,18,-13.7,937.1,NA,0,NA
2016,11,15,21,-13.1,937.7,NA,230,NA
2016,11,16,0,-12.3,938,NA,150,NA
2016,11,16,3,-11,937.9,NA,90,NA
2016,11,16,6,-12,937.8,3,200,NA
2016,11,16,9,-12.2,937.6,3,210,NA
2016,11,16,12,-14.1,937.1,7,240,NA
2016,11,16,15,-14.2,936.4,NA,0,NA
2016,11,16,18,-13.4,935.5,NA,220,NA
2016,11,16,21,-11.7,934.5,NA,50,NA
2016,11,17,0,-11.4,933.8,NA,70,NA
2016,11,17,3,-11.8,933.5,3,180,NA
2016,11,17,6,-13.1,932.9,NA,240,NA
2016,11,17,9,-14.2,933,NA,0,NA
2016,11,17,12,-14.8,932.9,NA,260,NA
2016,11,17,15,-15.5,932.5,NA,240,NA
2016,11,17,18,-15.4,932.3,NA,240,NA
2016,11,17,21,-15.3,931.8,NA,320,NA
2016,11,18,0,-14.4,931.5,NA,270,NA
2016,11,18,3,-12.6,930.7,NA,80,NA
2016,11,18,6,-12.2,929.8,3,350,NA
2016,11,18,9,-12.7,929.4,3,280,NA
2016,11,18,12,-13.4,929.1,2,260,NA
2016,11,18,15,-11.9,928.3,NA,250,NA
2016,11,18,18,-9.6,927.5,NA,230,NA
2016,11,18,21,-9.8,926.8,NA,60,NA
2016,11,19,0,-8.9,926.2,3,30,NA
2016,11,19,3,-7.2,925.5,NA,0,NA
2016,11,19,6,-7.4,925.5,3,270,NA
2016,11,19,9,-9.1,925.9,NA,240,NA
2016,11,19,12,-11.4,925.5,NA,250,NA
2016,11,19,15,-12.9,927.1,NA,210,NA
2016,11,19,18,-13.6,927.7,NA,190,NA
2016,11,19,21,-12,926.9,NA,0,NA
2016,11,20,0,-9.2,925.4,NA,NA,NA
2016,11,20,3,-11.3,924.1,NA,220,NA
2016,11,20,6,-11.4,922.6,NA,180,NA
2016,11,20,9,-12.6,921.5,2,160,NA
2016,11,20,12,-12.5,920.5,NA,230,NA
2016,11,20,15,-10.7,918.2,NA,240,NA
2016,11,20,18,-9.4,917.6,NA,210,NA
2016,11,20,21,-9.8,918,NA,220,NA
2016,11,21,0,-7.7,916.3,NA,250,NA
2016,11,21,3,-6.9,914.7,NA,240,NA
2016,11,21,6,-8,913.2,NA,NA,NA
2016,11,21,9,-7.5,912.9,NA,NA,NA
2016,11,21,12,-7.8,913.8,NA,NA,NA
2016,11,21,15,-8.4,914.8,NA,220,NA
2016,11,21,18,-11.2,916.7,NA,0,NA
2016,11,21,21,-9.5,919.1,NA,0,NA
2016,11,22,0,-10.3,921.2,NA,280,NA
2016,11,22,3,-9.9,922.8,1,70,NA
2016,11,22,6,-9.7,924.5,1,210,NA
2016,11,22,9,-13.7,925,NA,NA,NA
2016,11,22,12,-14.4,925.8,NA,NA,NA
2016,11,22,15,-14.4,926.2,NA,NA,NA
2016,11,22,18,-14.1,926.6,11,230,NA
2016,11,22,21,-14.4,926.5,NA,230,NA
2016,11,23,0,-12.9,925.4,NA,220,NA
2016,11,23,3,-11.3,925.5,NA,220,NA
2016,11,23,6,-11.9,925.5,NA,230,NA
2016,11,23,9,-11.6,924.9,NA,240,NA
2016,11,23,12,-10.6,924.7,NA,NA,NA
2016,11,23,15,-8.8,923.9,NA,NA,NA
2016,11,23,18,-7.6,923.1,13,NA,NA
2016,11,23,21,-6.9,923,NA,220,NA
2016,11,24,0,-6.3,922.9,9,220,NA
2016,11,24,3,-7.4,922.6,NA,230,NA
2016,11,24,6,-7.2,922.9,10,240,NA
2016,11,24,9,-4.7,923.1,NA,230,NA
2016,11,24,12,-6.8,923.2,NA,360,NA
2016,11,24,15,-7.2,923.4,3,280,NA
2016,11,24,18,-7.1,923.1,1,20,NA
2016,11,24,21,-6.4,923.3,1,70,NA
2016,11,25,0,NA,923.5,1,50,NA
2016,11,25,3,NA,923.7,NA,10,NA
2016,11,25,6,-10.8,923.9,NA,10,NA
2016,11,25,9,-10.4,924.4,7,40,NA
2016,11,25,12,-10.1,925,9,50,NA
2016,11,25,15,-10.3,925.4,NA,0,NA
2016,11,25,18,-10.7,925.5,NA,210,NA
2016,11,25,21,-10.1,926,1,260,NA
2016,11,26,0,-10,926.7,3,160,NA
2016,11,26,3,-11.5,927.3,5,270,NA
2016,11,26,6,-10.8,927.7,4,280,NA
2016,11,26,9,-11.3,928.5,4,270,NA
2016,11,26,12,-11.6,929.4,1,110,NA
2016,11,26,15,-11.1,930,1,40,NA
2016,11,26,18,-11.1,930.5,4,80,NA
2016,11,26,21,-9.6,931.4,2,50,NA
2016,11,27,0,-8.9,932.3,2,200,NA
2016,11,27,3,-8.8,932.9,2,110,NA
2016,11,27,6,-8.7,933.2,1,360,NA
2016,11,27,9,-9.6,933.7,2,110,NA
2016,11,27,12,-10,934.2,3,70,NA
2016,11,27,15,-9.8,934,NA,40,NA
2016,11,27,18,-9.5,934,4,30,NA
2016,11,27,21,-9.1,934.6,5,20,NA
2016,11,28,0,-8.1,934.8,4,NA,NA
2016,11,28,3,-7.4,934.8,3,NA,NA
2016,11,28,6,-7.9,934.5,6,NA,NA
2016,11,28,9,-8,934.5,7,NA,NA
2016,11,28,12,-6.8,934.3,NA,10,NA
2016,11,28,15,-4.6,933.8,4,10,NA
2016,11,28,18,-4.4,933.1,NA,250,NA
2016,11,28,21,-4.3,932.9,2,40,NA
2016,11,29,0,-2.5,932.6,2,250,NA
2016,11,29,3,-1.4,932.1,2,250,NA
2016,11,29,6,-3.1,931.2,4,160,NA
2016,11,29,9,-2.3,930.8,2,10,NA
2016,11,29,12,-2.7,930.5,1,150,NA
2016,11,29,15,-2.5,929.7,2,250,NA
2016,11,29,18,-2.1,929.8,2,270,NA
2016,11,29,21,-0.6,931.1,NA,250,NA
2016,11,30,0,-0.9,931.6,NA,30,NA
2016,11,30,3,-2,931.7,3,300,NA
2016,11,30,6,-5.2,931.3,NA,20,NA
2016,11,30,9,-3,931.4,NA,260,NA
2016,11,30,12,NA,930.2,NA,280,NA
2016,11,30,15,-0.9,929.2,3,220,NA
2016,11,30,18,-0.9,927.7,3,10,NA
2016,11,30,21,-2.6,926.5,NA,250,NA
2016,12,1,0,0,926.1,NA,230,NA
2016,12,1,3,-0.2,925.7,8,240,NA
2016,12,1,6,-0.5,925.8,NA,70,NA
2016,12,1,9,-3.3,925.3,NA,70,NA
2016,12,1,12,-5.2,924.8,NA,20,NA
2016,12,1,15,-5.8,924.8,12,20,NA
2016,12,1,18,-4.7,925,13,350,NA
2016,12,1,21,-3.9,926.4,NA,270,NA
2016,12,2,0,-6.1,927,NA,230,NA
2016,12,2,3,-5.9,928.3,NA,240,NA
2016,12,2,6,-7.4,929,NA,220,NA
2016,12,2,9,-8.3,930.6,NA,230,NA
2016,12,2,12,-8.5,932.3,NA,200,NA
2016,12,2,15,-9.2,933.1,NA,210,NA
2016,12,2,18,-10.3,933.8,4,230,NA
2016,12,2,21,-10.2,934.4,3,NA,NA
2016,12,3,0,-9.2,934.9,2,NA,NA
2016,12,3,3,NA,934.5,1,NA,NA
2016,12,3,6,-5.7,934,NA,NA,NA
2016,12,3,9,-8.8,933.9,2,240,NA
2016,12,3,12,-9.6,933,NA,220,NA
2016,12,3,15,-7.6,932.2,NA,250,NA
2016,12,3,18,-6.8,931.8,NA,260,NA
2016,12,3,21,-6.3,931.3,NA,240,NA
2016,12,4,0,-6.6,930.2,NA,20,NA
2016,12,4,3,-5,929.2,NA,20,NA
2016,12,4,6,-5.2,928.6,NA,260,NA
2016,12,4,9,-7.6,928.4,2,240,NA
2016,12,4,12,-8.5,927.9,3,350,NA
2016,12,4,15,-8.2,926.9,2,350,NA
2016,12,4,18,-8.8,926.3,3,260,NA
2016,12,4,21,NA,926,1,250,NA
2016,12,5,0,-7.8,925.8,3,90,NA
2016,12,5,3,-7.4,925.7,2,260,NA
2016,12,5,6,-7.8,925.6,3,250,NA
2016,12,5,9,-8.6,925,2,10,NA
2016,12,5,12,-10.2,924,NA,10,NA
2016,12,5,15,-10,922.6,NA,280,NA
2016,12,5,18,-7.9,921.1,NA,190,NA
2016,12,5,21,-7.1,920.5,3,200,NA
2016,12,6,0,-6.1,920,3,210,NA
2016,12,6,3,NA,919.4,1,50,NA
2016,12,6,6,NA,918.9,1,20,NA
2016,12,6,9,-5.5,918.8,2,230,NA
2016,12,6,12,-7.4,918.8,4,240,NA
2016,12,6,15,-7,918,NA,250,NA
2016,12,6,18,-7.2,917.4,NA,250,NA
2016,12,6,21,-8,919.5,NA,230,NA
2016,12,7,0,-8,920,NA,230,NA
2016,12,7,3,-9,920.5,NA,230,NA
2016,12,7,6,-9.4,921.1,NA,240,NA
2016,12,7,9,-11.2,922.3,NA,230,NA
2016,12,7,12,-10.7,922.7,NA,230,NA
2016,12,7,15,-11.5,923.5,24,230,NA
2016,12,7,18,-11.5,923.3,21,240,NA
2016,12,7,21,-11.5,923.4,NA,250,NA
2016,12,8,0,-10.3,924.7,NA,240,NA
2016,12,8,3,-10.6,925,NA,240,NA
2016,12,8,6,-10.2,923.4,NA,250,NA
2016,12,8,9,-9.8,923.2,NA,240,NA
2016,12,8,12,-10.3,923.3,NA,240,NA
2016,12,8,15,-9.7,924.2,NA,240,NA
2016,12,8,18,-8.9,924.8,NA,250,NA
2016,12,8,21,-8.5,925.7,NA,240,NA
2016,12,9,0,-7.9,926.4,NA,220,NA
2016,12,9,3,-7.9,926.7,NA,250,NA
2016,12,9,6,-6.3,927,NA,20,NA
2016,12,9,9,-7.4,927.5,NA,240,NA
2016,12,9,12,-7.5,928.3,NA,260,NA
2016,12,9,15,-8.8,928.4,NA,320,NA
2016,12,9,18,-8.3,928.4,5,240,NA
2016,12,9,21,-8.5,928.8,NA,240,NA
2016,12,10,0,-7.1,929,NA,200,NA
2016,12,10,3,-8.4,928.7,NA,230,NA
2016,12,10,6,-7.2,928.4,NA,170,NA
2016,12,10,9,-7.4,927.9,7,240,NA
2016,12,10,12,-8,927.8,NA,220,NA
2016,12,10,15,-7.9,927.2,3,210,NA
2016,12,10,18,-8.4,926.7,NA,240,NA
2016,12,10,21,-7.6,926.2,NA,230,NA
2016,12,11,0,-7.7,926.7,NA,240,NA
2016,12,11,3,-6.7,926.9,NA,250,NA
2016,12,11,6,-7.8,926.3,NA,230,NA
2016,12,11,9,-5.5,926.7,NA,210,NA
2016,12,11,12,-5.6,927,NA,240,NA
2016,12,11,15,-5.3,926.6,NA,240,NA
2016,12,11,18,-5.3,927,NA,240,NA
2016,12,11,21,-4.6,928.7,NA,250,NA
2016,12,12,0,-3.5,929.4,NA,230,NA
2016,12,12,3,-4.3,929.9,4,110,NA
2016,12,12,6,-5.9,929.7,NA,70,NA
2016,12,12,9,-5.6,929.7,5,50,NA
2016,12,12,12,-6.9,929.7,NA,30,NA
2016,12,12,15,-5.7,929.3,NA,30,NA
2016,12,12,18,-6.1,929.1,NA,50,NA
2016,12,12,21,-4.4,929.3,NA,330,NA
2016,12,13,0,-7,929.6,3,80,NA
2016,12,13,3,-6.6,930.1,NA,50,NA
2016,12,13,6,-4.9,930.6,NA,50,NA
2016,12,13,9,-3.8,931.2,NA,230,NA
2016,12,13,12,-5.2,932.2,4,250,NA
2016,12,13,15,-5.2,933,2,20,NA
2016,12,13,18,-5,933.9,3,270,NA
2016,12,13,21,-5.3,935.3,2,70,NA
2016,12,14,0,-4.8,936.4,2,110,NA
2016,12,14,3,-4.9,937.1,4,10,NA
2016,12,14,6,-2.2,937.5,2,250,NA
2016,12,14,9,-3,937.6,2,230,NA
2016,12,14,12,-4.1,937.7,NA,NA,NA
2016,12,14,15,-4,937.4,2,290,NA
2016,12,14,18,-4.2,937.1,4,250,NA
2016,12,14,21,-2.1,937.1,2,230,NA
2016,12,15,0,-1.3,936.8,2,60,NA
2016,12,15,3,-1.2,936,2,60,NA
2016,12,15,6,-0.3,935.5,3,40,NA
2016,12,15,9,-0.7,935.1,4,360,NA
2016,12,15,12,0.1,934.3,NA,300,NA
2016,12,15,15,-0.4,933.1,NA,280,NA
2016,12,15,18,-0.4,932.4,NA,250,NA
2016,12,15,21,0.3,931.9,3,180,NA
2016,12,16,0,-0.3,931.5,NA,250,NA
2016,12,16,3,-0.9,930.1,NA,270,NA
2016,12,16,6,1.4,929.3,NA,230,NA
2016,12,16,9,1.1,929.2,NA,230,NA
2016,12,16,12,-2.3,928.9,NA,340,NA
2016,12,16,15,NA,926.9,NA,240,NA
2016,12,16,18,NA,924.7,NA,240,NA
2016,12,16,21,-7.4,928.7,NA,230,NA
2016,12,17,0,-6.7,928.9,NA,240,NA
2016,12,17,3,-6.8,925.9,NA,240,NA
2016,12,17,6,-7.6,924.6,NA,230,NA
2016,12,17,9,-8,924.3,NA,240,NA
2016,12,17,12,-7.4,921.1,NA,NA,NA
2016,12,17,15,-7.6,919.8,NA,NA,NA
2016,12,17,18,-6.9,921.5,NA,NA,NA
2016,12,17,21,-5.5,924.5,NA,220,NA
2016,12,18,0,-6.3,925.4,NA,NA,NA
2016,12,18,3,-6.7,925.9,27,220,NA
2016,12,18,6,-7.6,926.1,23,230,NA
2016,12,18,9,-7.3,927.3,NA,240,NA
2016,12,18,12,-7.6,926.1,22,240,NA
2016,12,18,15,-7.7,927.1,18,250,NA
2016,12,18,18,-6.6,926.9,NA,NA,NA
2016,12,18,21,-5.2,927.6,NA,NA,NA
2016,12,19,0,-4.4,927.9,NA,NA,NA
2016,12,19,3,-4.6,928.3,36,NA,NA
2016,12,19,6,-4.1,927.4,NA,250,NA
2016,12,19,9,-3.5,928.9,NA,240,NA
2016,12,19,12,-4.8,929.9,NA,230,NA
2016,12,19,15,-6.3,930.9,NA,230,NA
2016,12,19,18,-6,930.8,NA,220,NA
2016,12,19,21,-5.7,931,NA,240,NA
2016,12,20,0,-4.9,930.9,NA,210,NA
2016,12,20,3,-4.3,930.7,NA,230,NA
2016,12,20,6,-3.7,930.8,8,240,NA
2016,12,20,9,-5,931,10,240,NA
2016,12,20,12,-6,931.3,NA,240,NA
2016,12,20,15,-6.6,931.5,NA,230,NA
2016,12,20,18,-6.6,931.5,NA,180,NA
2016,12,20,21,-5.6,932.1,NA,190,NA
2016,12,21,0,-4.9,932.5,2,220,NA
2016,12,21,3,-3.6,932.3,2,80,NA
2016,12,21,6,-4.9,932,4,50,NA
2016,12,21,9,-4.1,931.4,2,350,NA
2016,12,21,12,-5.3,931,NA,30,NA
2016,12,21,15,-5.8,930,NA,30,NA
2016,12,21,18,-5.6,929,NA,310,NA
2016,12,21,21,-5.7,928.8,NA,230,NA
2016,12,22,0,-4.5,928.3,NA,220,NA
2016,12,22,3,-3.5,928,NA,230,NA
2016,12,22,6,-2.8,927.4,NA,40,NA
2016,12,22,9,-2.4,927.3,NA,230,NA
2016,12,22,12,-6.2,927.2,NA,250,NA
2016,12,22,15,-4.4,927.4,NA,260,NA
2016,12,22,18,-6,927.6,NA,240,NA
2016,12,22,21,-5.6,927.7,NA,250,NA
2016,12,23,0,-4.7,929.6,NA,240,NA
2016,12,23,3,-1.9,929.6,NA,350,NA
2016,12,23,6,-4.3,929.3,NA,230,NA
2016,12,23,9,-4.9,929.3,NA,240,NA
2016,12,23,12,-5.7,928.3,NA,240,NA
2016,12,23,15,-5.8,929.4,NA,230,NA
2016,12,23,18,-6.7,931.2,NA,240,NA
2016,12,23,21,-6.4,931.9,NA,220,NA
2016,12,24,0,-5.1,931.7,NA,70,NA
2016,12,24,3,-5,931.4,3,10,NA
2016,12,24,6,-5.2,931.2,4,40,NA
2016,12,24,9,-4.1,931.2,3,340,NA
2016,12,24,12,-4.6,931.8,2,250,NA
2016,12,24,15,NA,932,1,210,NA
2016,12,24,18,-6,932.2,3,260,NA
2016,12,24,21,-5,932.6,2,250,NA
2016,12,25,0,-4.7,932.5,4,120,NA
2016,12,25,3,-4.7,932,4,110,NA
2016,12,25,6,-5.5,931.1,NA,20,NA
2016,12,25,9,-6,930.4,8,360,NA
2016,12,25,12,-5.1,929.9,NA,340,NA
2016,12,25,15,-6,929.1,NA,350,NA
2016,12,25,18,-5.6,928.4,2,210,NA
2016,12,25,21,-5.5,928,3,160,NA
2016,12,26,0,-4.2,927.7,2,70,NA
2016,12,26,3,-4.8,927,2,90,NA
2016,12,26,6,-5.6,926.4,NA,90,NA
2016,12,26,9,-6.1,926.1,3,20,NA
2016,12,26,12,-4.8,925.8,4,260,NA
2016,12,26,15,-4.4,925.7,NA,270,NA
2016,12,26,18,-5.4,925.6,2,240,NA
2016,12,26,21,-6.9,926.1,2,220,NA
2016,12,27,0,-5.2,926.4,4,150,NA
2016,12,27,3,-5.5,926.4,3,70,NA
2016,12,27,6,-4.7,926.5,4,220,NA
2016,12,27,9,-5.3,926.6,4,210,NA
2016,12,27,12,-6.3,927,8,230,NA
2016,12,27,15,-6.6,927.1,6,230,NA
2016,12,27,18,-7.4,927,NA,240,NA
2016,12,27,21,-6.1,927.8,NA,250,NA
2016,12,28,0,-4.7,928.1,NA,220,NA
2016,12,28,3,-4,927.9,NA,130,NA
2016,12,28,6,-4,927.2,NA,350,NA
2016,12,28,9,-4.4,926.7,NA,340,NA
2016,12,28,12,-5.5,925.9,NA,350,NA
2016,12,28,15,-4.6,925.1,NA,10,NA
2016,12,28,18,-5.1,924.2,NA,30,NA
2016,12,28,21,-4.9,923.6,NA,30,NA
2016,12,29,0,-5.5,923.2,NA,30,NA
2016,12,29,3,-6.4,922.5,NA,20,NA
2016,12,29,6,-6.7,921.8,8,70,NA
2016,12,29,9,-6.6,921.1,NA,10,NA
2016,12,29,12,-6.6,921.3,NA,20,NA
2016,12,29,15,-6.4,921.4,NA,20,NA
2016,12,29,18,-6.3,922,NA,70,NA
2016,12,29,21,-6.7,923,NA,20,NA
2016,12,30,0,-5.8,924.2,2,210,NA
2016,12,30,3,-5.9,924.7,5,230,NA
2016,12,30,6,-6.2,925.1,NA,NA,NA
2016,12,30,9,-6.7,925.2,NA,NA,NA
2016,12,30,12,-6.7,926.5,NA,NA,NA
2016,12,30,15,-6.5,926.5,NA,NA,NA
2016,12,30,18,-6.5,926.7,NA,240,NA
2016,12,30,21,-5.8,927.3,NA,230,NA
2016,12,31,0,-5.2,927.7,NA,230,NA
2016,12,31,3,-4.7,927,NA,220,NA
2016,12,31,6,-5,926.7,NA,230,NA
2016,12,31,9,-4.3,926.3,NA,240,NA
2016,12,31,12,-5,925.4,NA,250,NA
2016,12,31,15,-5.5,925.3,NA,250,NA
2016,12,31,18,-5.4,926.3,NA,240,NA
2016,12,31,21,-5.2,926.9,NA,230,NA
2017,1,1,0,-5.4,928,28,240,NA
2017,1,1,3,-5,927.8,NA,NA,NA
2017,1,1,6,-4.2,927.9,NA,NA,NA
2017,1,1,9,-5.2,927.8,25,NA,NA
2017,1,1,12,-5.7,928.1,25,NA,NA
2017,1,1,15,-6.3,928.4,NA,NA,NA
2017,1,1,18,-6,928.6,NA,230,NA
2017,1,1,21,-3.8,928.2,NA,160,NA
2017,1,2,0,-4,927.5,NA,220,NA
2017,1,2,3,-4.7,925.9,NA,230,NA
2017,1,2,6,-3.7,925.5,NA,240,NA
2017,1,2,9,-4.8,924.5,21,230,NA
2017,1,2,12,-4.5,923.9,20,240,NA
2017,1,2,15,-5.4,923.4,NA,230,NA
2017,1,2,18,-5.3,922.5,NA,240,NA
2017,1,2,21,-4,921.8,NA,220,NA
2017,1,3,0,-2.6,920.2,NA,150,NA
2017,1,3,3,-3.1,918.6,NA,50,NA
2017,1,3,6,-3.2,916.6,4,30,NA
2017,1,3,9,-2.2,914.7,NA,260,NA
2017,1,3,12,-2.3,913.1,3,340,NA
2017,1,3,15,-3.3,912.1,2,300,NA
2017,1,3,18,-3.5,912.3,3,270,NA
2017,1,3,21,-3.3,913.4,3,260,NA
2017,1,4,0,-1.8,915,3,200,NA
2017,1,4,3,-1.6,916.5,2,250,NA
2017,1,4,6,-1.6,918.1,3,210,NA
2017,1,4,9,-2.6,920.2,NA,250,NA
2017,1,4,12,-4.3,922.4,4,250,NA
2017,1,4,15,-6.1,924.1,NA,240,NA
2017,1,4,18,-6,925.9,6,230,NA
2017,1,4,21,-5.9,927.1,NA,230,NA
2017,1,5,0,-5.6,927.7,NA,240,NA
2017,1,5,3,-5.6,927,NA,230,NA
2017,1,5,6,-5.3,926,NA,240,NA
2017,1,5,9,-5.3,928.1,42,240,NA
2017,1,5,12,-5.1,927.6,45,250,NA
2017,1,5,15,-5.2,930.9,45,250,NA
2017,1,5,18,-4.8,931.1,NA,240,NA
2017,1,5,21,-4.6,931.7,NA,NA,NA
2017,1,6,0,-4.4,933.4,NA,NA,NA
2017,1,6,3,-4.4,934,NA,240,NA
2017,1,6,6,-4.8,933.6,NA,240,NA
2017,1,6,9,-4.7,933.7,NA,240,NA
2017,1,6,12,-4.6,933.3,NA,340,NA
2017,1,6,15,-6,931.3,NA,10,NA
2017,1,6,18,-6.3,929.6,7,10,NA
2017,1,6,21,-5.6,928.5,NA,180,NA
2017,1,7,0,-5.6,927.7,3,70,NA
2017,1,7,3,-5.7,926.8,NA,80,NA
2017,1,7,6,-5.8,926.8,4,50,NA
2017,1,7,9,-5.6,927.2,3,200,NA
2017,1,7,12,-6.1,927.5,NA,250,NA
2017,1,7,15,-5,927.2,NA,250,NA
2017,1,7,18,-6.4,927.6,NA,240,NA
2017,1,7,21,-6,928.4,NA,230,NA
2017,1,8,0,-5,929.9,NA,230,NA
2017,1,8,3,-4.2,930.5,NA,240,NA
2017,1,8,6,-3.9,930.9,26,240,NA
2017,1,8,9,-5.1,931.9,NA,240,NA
2017,1,8,12,-6.1,932.3,NA,230,NA
2017,1,8,15,-6.3,933.4,NA,230,NA
2017,1,8,18,-6.2,932.6,NA,230,NA
2017,1,8,21,-5.5,931.3,NA,240,NA
2017,1,9,0,-5.8,930.7,NA,NA,NA
2017,1,9,3,-5.8,930.8,NA,NA,NA
2017,1,9,6,-5.8,930.7,NA,NA,NA
2017,1,9,9,-6.1,930.8,NA,230,NA
2017,1,9,12,-6,931.9,NA,NA,NA
2017,1,9,15,-5.9,932,NA,NA,NA
2017,1,9,18,-6,931.5,NA,NA,NA
2017,1,9,21,-5.7,931.8,16,220,NA
2017,1,10,0,-5.7,932,NA,220,NA
2017,1,10,3,-5.8,931.9,13,230,NA
2017,1,10,6,-5.7,931.1,NA,230,NA
2017,1,10,9,-5.9,931.2,NA,240,NA
2017,1,10,12,-6.2,930,NA,250,NA
2017,1,10,15,-6.1,929.8,NA,240,NA
2017,1,10,18,-6.2,931,NA,230,NA
2017,1,10,21,-5.3,928.2,NA,240,NA
2017,1,11,0,-5,929.7,NA,240,NA
2017,1,11,3,-4.8,930,NA,230,NA
2017,1,11,6,-4.2,929.6,35,230,NA
2017,1,11,9,-4.7,928,NA,240,NA
2017,1,11,12,-5.4,928,NA,NA,NA
2017,1,11,15,-5.6,927.8,NA,NA,NA
2017,1,11,18,-5.4,924.4,NA,NA,NA
2017,1,11,21,-5.4,925,NA,NA,NA
2017,1,12,0,-5.8,923.1,NA,250,NA
2017,1,12,3,-6.5,922.9,60,250,NA
2017,1,12,6,-6.3,921.1,59,NA,NA
2017,1,12,9,-6.5,919.3,NA,NA,NA
2017,1,12,12,-6.7,917.6,NA,NA,NA
2017,1,12,15,-7.2,917.2,NA,250,NA
2017,1,12,18,-7.2,915.4,NA,240,NA
2017,1,12,21,-7.2,919.3,NA,240,NA
2017,1,13,0,-6.9,916.4,NA,240,NA
2017,1,13,3,-6.9,920.3,NA,250,NA
2017,1,13,6,-6.7,923.1,57,240,NA
2017,1,13,9,-6.8,922.5,NA,250,NA
2017,1,13,12,-6.6,923.7,NA,240,NA
2017,1,13,15,-6.1,924.9,NA,250,NA
2017,1,13,18,-5.9,926.6,NA,250,NA
2017,1,13,21,-5.6,925.7,NA,250,NA
2017,1,14,0,-5.7,927.3,NA,240,NA
2017,1,14,3,-5.2,928.5,NA,240,NA
2017,1,14,6,-5.4,925.5,NA,250,NA
2017,1,14,9,-5.8,925.8,NA,240,NA
2017,1,14,12,-5.2,928.1,NA,NA,NA
2017,1,14,15,-5.5,925.9,NA,NA,NA
2017,1,14,18,-5.7,928.4,NA,NA,NA
2017,1,14,21,-5.1,929.4,NA,230,NA
2017,1,15,0,-5.2,931.1,NA,230,NA
2017,1,15,3,-5.1,930.1,NA,240,NA
2017,1,15,6,-5.1,930.9,NA,230,NA
2017,1,15,9,-5.6,933.3,NA,230,NA
2017,1,15,12,-5.8,934.2,NA,230,NA
2017,1,15,15,-5.6,934.4,NA,240,NA
2017,1,15,18,-5.2,934.3,NA,220,NA
2017,1,15,21,-5.1,933.7,NA,230,NA
2017,1,16,0,-6.1,931.7,NA,250,NA
2017,1,16,3,-4.8,931.3,NA,80,NA
2017,1,16,6,NA,932.8,1,140,NA
2017,1,16,9,-5.9,933.4,2,120,NA
2017,1,16,12,-6.5,933.9,3,210,NA
2017,1,16,15,-6.9,934.3,4,170,NA
2017,1,16,18,-6.8,934.6,NA,230,NA
2017,1,16,21,-6.6,935.6,NA,230,NA
2017,1,17,0,-5.8,936.2,9,230,NA
2017,1,17,3,-5.7,936.4,10,210,NA
2017,1,17,6,-6,936.6,10,220,NA
2017,1,17,9,-6.1,936.8,12,220,NA
2017,1,17,12,-7.3,937.5,12,240,NA
2017,1,17,15,-7.5,936.9,NA,230,NA
2017,1,17,18,-7.6,937.1,NA,240,NA
2017,1,17,21,-6.8,936.9,NA,240,NA
2017,1,18,0,-6.1,937.3,NA,230,NA
2017,1,18,3,-5.6,937,21,240,NA
2017,1,18,6,-5.3,936.5,NA,230,NA
2017,1,18,9,-5.3,935.7,NA,240,NA
2017,1,18,12,-5.3,936.2,NA,230,NA
2017,1,18,15,-6.1,936.1,NA,220,NA
2017,1,18,18,-6.2,935.8,18,230,NA
2017,1,18,21,-5.9,936.1,NA,240,NA
2017,1,19,0,-6.4,936.1,NA,220,NA
2017,1,19,3,-6,936.5,NA,210,NA
2017,1,19,6,-5.8,936.3,10,220,NA
2017,1,19,9,-6.1,937.3,8,220,NA
2017,1,19,12,-6.5,937.7,NA,230,NA
2017,1,19,15,-8,938.3,8,260,NA
2017,1,19,18,-6.4,938.6,NA,260,NA
2017,1,19,21,-5.2,939.5,NA,260,NA
2017,1,20,0,-4.9,940.3,2,170,NA
2017,1,20,3,-5.6,940.5,3,250,NA
2017,1,20,6,-5.7,940.5,NA,240,NA
2017,1,20,9,-6.2,940.7,NA,260,NA
2017,1,20,12,-7.2,940.6,9,260,NA
2017,1,20,15,-7.6,939.6,NA,240,NA
2017,1,20,18,-7.8,938.1,NA,230,NA
2017,1,20,21,-7.9,936.4,NA,230,NA
2017,1,21,0,-7.5,935,NA,250,NA
2017,1,21,3,-7,934.3,NA,240,NA
2017,1,21,6,-7.4,932.8,NA,230,NA
2017,1,21,9,-7.6,931.8,29,250,NA
2017,1,21,12,-7.3,931.7,NA,250,NA
2017,1,21,15,-6.8,929.9,NA,250,NA
2017,1,21,18,-6.3,928.5,NA,240,NA
2017,1,21,21,-5.3,927.2,24,250,NA
2017,1,22,0,-4.3,927.1,NA,250,NA
2017,1,22,3,-4.3,926.4,NA,230,NA
2017,1,22,6,-4.8,925.6,NA,50,NA
2017,1,22,9,-5,924.5,NA,360,NA
2017,1,22,12,-4.3,922.8,NA,340,NA
2017,1,22,15,-5.9,921.6,3,260,NA
2017,1,22,18,-5.2,920.6,5,230,NA
2017,1,22,21,-4.3,920.3,NA,210,NA
2017,1,23,0,-4.2,920.7,NA,260,NA
2017,1,23,3,NA,920.8,1,40,NA
2017,1,23,6,-3.9,921.1,NA,280,NA
2017,1,23,9,-5,922.1,NA,280,NA
2017,1,23,12,-5.1,924.1,10,270,NA
2017,1,23,15,-4.8,926.1,NA,250,NA
2017,1,23,18,-3.8,929.2,NA,230,NA
2017,1,23,21,-3.3,931.9,NA,250,NA
2017,1,24,0,-3.7,934.5,NA,250,NA
2017,1,24,3,-3.1,936.2,6,250,NA
2017,1,24,6,-4.7,937.5,NA,230,NA
2017,1,24,9,-4.8,938.5,6,230,NA
2017,1,24,12,-5.7,938.6,NA,240,NA
2017,1,24,15,-6.7,938.5,NA,230,NA
2017,1,24,18,-6.1,937.6,NA,230,NA
2017,1,24,21,-6.1,937.6,NA,220,NA
2017,1,25,0,-5.6,938.1,NA,220,NA
2017,1,25,3,-4.8,937.9,NA,230,NA
2017,1,25,6,-4.9,937.7,NA,230,NA
2017,1,25,9,-5.3,938.4,16,230,NA
2017,1,25,12,-5.5,939.3,NA,220,NA
2017,1,25,15,-6,939.4,NA,230,NA
2017,1,25,18,-5.6,939.7,NA,200,NA
2017,1,25,21,-5.5,940,4,140,NA
2017,1,26,0,-4.7,939.9,NA,220,NA
2017,1,26,3,-4.8,938.9,7,190,NA
2017,1,26,6,-5.8,937.8,NA,240,NA
2017,1,26,9,-6.8,936.3,NA,240,NA
2017,1,26,12,-5.7,934,NA,240,NA
2017,1,26,15,-5.9,932.6,NA,230,NA
2017,1,26,18,-6.8,929.9,NA,NA,NA
2017,1,26,21,-6.6,928,NA,NA,NA
2017,1,27,0,-6.5,926.7,NA,NA,NA
2017,1,27,3,-6.4,925.6,NA,240,NA
2017,1,27,6,-6.1,924.6,50,230,NA
2017,1,27,9,-6.1,924.7,50,NA,NA
2017,1,27,12,-6.5,924.4,NA,NA,NA
2017,1,27,15,-6.4,924.6,48,NA,NA
2017,1,27,18,-6.6,926.9,47,NA,NA
2017,1,27,21,-6.7,927.9,NA,NA,NA
2017,1,28,0,-7.1,930.7,NA,240,NA
2017,1,28,3,-6.8,931.3,NA,240,NA
2017,1,28,6,-6.7,933.1,NA,230,NA
2017,1,28,9,-6.9,934,NA,230,NA
2017,1,28,12,-7.6,935.5,NA,230,NA
2017,1,28,15,-7.9,934.7,NA,260,NA
2017,1,28,18,-8.4,932.9,NA,10,NA
2017,1,28,21,-7,931.1,NA,60,NA
2017,1,29,0,-7.2,929.6,NA,NA,NA
2017,1,29,3,-7.4,928.3,NA,NA,NA
2017,1,29,6,-7.5,926.5,13,NA,NA
2017,1,29,9,-7.6,925.4,NA,20,NA
2017,1,29,12,-8,924.5,NA,30,NA
2017,1,29,15,-8.9,923.5,8,10,NA
2017,1,29,18,-8.2,922.2,NA,70,NA
2017,1,29,21,-8.3,922,5,240,NA
2017,1,30,0,-8.5,921.8,NA,250,NA
2017,1,30,3,-8.5,921.3,NA,230,NA
2017,1,30,6,-7.7,920.3,NA,230,NA
2017,1,30,9,-6.1,919.8,NA,250,NA
2017,1,30,12,-6.4,920,NA,250,NA
2017,1,30,15,-6.7,918.8,NA,240,NA
2017,1,30,18,-7.1,917.6,NA,NA,NA
2017,1,30,21,-7.2,917.5,NA,NA,NA
2017,1,31,0,-7.2,917.5,NA,240,NA
2017,1,31,3,-7.1,915.1,NA,250,NA
2017,1,31,6,-6.6,914.8,NA,240,NA
2017,1,31,9,-7.2,915.2,NA,NA,NA
2017,1,31,12,-7.1,918.8,NA,NA,NA
2017,1,31,15,-7.1,919.9,NA,NA,NA
2017,1,31,18,-6.9,924.2,53,240,NA
2017,1,31,21,-6.6,927.5,NA,230,NA
2017,2,1,0,-7.3,929.6,NA,240,NA
2017,2,1,3,-7.6,928.4,40,NA,NA
2017,2,1,6,-8,928.6,40,NA,NA
2017,2,1,9,-8,928.9,42,NA,NA
2017,2,1,12,-7.9,927.7,42,240,NA
2017,2,1,15,-8.1,928.9,NA,230,NA
2017,2,1,18,-8.8,930.2,NA,210,NA
2017,2,1,21,-8.8,930.2,NA,210,NA
2017,2,2,0,-8.9,929.3,NA,230,NA
2017,2,2,3,-8,928.6,NA,230,NA
2017,2,2,6,-7.4,928,NA,230,NA
2017,2,2,9,-8.3,926.5,NA,240,NA
2017,2,2,12,-7.9,925.6,NA,250,NA
2017,2,2,15,-7.9,925.9,NA,240,NA
2017,2,2,18,-8,925.6,NA,210,NA
2017,2,2,21,-8.8,925.2,NA,240,NA
2017,2,3,0,-7.7,924.7,NA,230,NA
2017,2,3,3,-7.8,924.4,NA,240,NA
2017,2,3,6,-8.4,923.7,NA,250,NA
2017,2,3,9,-8.6,924.8,NA,250,NA
2017,2,3,12,-9.2,925.9,NA,240,NA
2017,2,3,15,-9.2,926.2,27,NA,NA
2017,2,3,18,-9.1,926.3,NA,NA,NA
2017,2,3,21,-7.9,926.7,NA,NA,NA
2017,2,4,0,-8.6,925.9,NA,NA,NA
2017,2,4,3,-8.1,926.3,NA,NA,NA
2017,2,4,6,-8.1,925.4,NA,230,NA
2017,2,4,9,-7.5,924.2,NA,250,NA
2017,2,4,12,-6.8,924.3,NA,240,NA
2017,2,4,15,-6.1,924.8,35,NA,NA
2017,2,4,18,-6.3,923,39,NA,NA
2017,2,4,21,-6.6,922.5,NA,NA,NA
2017,2,5,0,-6.7,920.8,NA,250,NA
2017,2,5,3,-7.4,923.1,NA,240,NA
2017,2,5,6,-6.8,922.2,NA,250,NA
2017,2,5,9,-6.5,923.2,NA,240,NA
2017,2,5,12,-6.4,922.3,41,240,NA
2017,2,5,15,-5.8,920.7,NA,250,NA
2017,2,5,18,-6.5,921.3,NA,250,NA
2017,2,5,21,-6.9,922.8,NA,220,NA
2017,2,6,0,-5.5,921.6,NA,240,NA
2017,2,6,3,-5.7,923.6,NA,240,NA
2017,2,6,6,-5.9,923.6,NA,130,NA
2017,2,6,9,-5.6,923,NA,30,NA
2017,2,6,12,-5.7,923.1,NA,20,NA
2017,2,6,15,-6.8,923.3,7,20,NA
2017,2,6,18,-6.8,924,NA,30,NA
2017,2,6,21,-6.8,925.1,4,80,NA
2017,2,7,0,-5.7,926.7,NA,230,NA
2017,2,7,3,-5.5,928.2,5,240,NA
2017,2,7,6,-5.7,929.4,NA,240,NA
2017,2,7,9,-6.2,930.7,NA,240,NA
2017,2,7,12,-5.7,931.6,NA,230,NA
2017,2,7,15,-5.5,931.4,NA,240,NA
2017,2,7,18,-7,930.8,NA,NA,NA
2017,2,7,21,-7.6,929.7,NA,NA,NA
2017,2,8,0,-7.8,927,NA,NA,NA
2017,2,8,3,-6.7,926,NA,NA,NA
2017,2,8,6,-6.7,925.3,NA,250,NA
2017,2,8,9,-6.6,923.2,NA,NA,NA
2017,2,8,12,-6.2,924.8,60,NA,NA
2017,2,8,15,-5.8,925.8,NA,NA,NA
2017,2,8,18,-5.6,928.5,NA,240,NA
2017,2,8,21,-4.8,931.8,NA,250,NA
2017,2,9,0,-4.9,933.3,NA,250,NA
2017,2,9,3,-4.6,934.3,NA,230,NA
2017,2,9,6,-4.7,933.8,NA,60,NA
2017,2,9,9,-5.1,932.7,NA,10,NA
2017,2,9,12,-6.1,932.2,NA,20,NA
2017,2,9,15,-6.1,932,NA,20,NA
2017,2,9,18,-5.9,931.3,NA,0,NA
2017,2,9,21,-4.7,931.1,3,280,NA
2017,2,10,0,-5.2,931.1,NA,70,NA
2017,2,10,3,NA,931.6,1,20,NA
2017,2,10,6,-4.1,931.7,2,260,NA
2017,2,10,9,-5.7,932.2,3,250,NA
2017,2,10,12,NA,932.6,1,320,NA
2017,2,10,15,-6.9,932.8,NA,290,NA
2017,2,10,18,-6.9,933.2,NA,220,NA
2017,2,10,21,-7.3,933.1,NA,190,NA
2017,2,11,0,-7.3,932.9,2,90,NA
2017,2,11,3,-6.7,932.2,3,90,NA
2017,2,11,6,NA,931.6,1,80,NA
2017,2,11,9,-7.1,931.3,3,240,NA
2017,2,11,12,-7.4,931.1,3,140,NA
2017,2,11,15,NA,930.4,1,70,NA
2017,2,11,18,-7.7,929.2,3,70,NA
2017,2,11,21,-7.2,928.8,NA,20,NA
2017,2,12,0,-6.8,928.6,NA,40,NA
2017,2,12,3,-7.2,927.8,NA,60,NA
2017,2,12,6,-7.2,926.7,NA,30,NA
2017,2,12,9,-6.9,926.6,NA,20,NA
2017,2,12,12,-6.8,927,NA,20,NA
2017,2,12,15,-6.8,927.4,NA,10,NA
2017,2,12,18,-7.1,928,NA,320,NA
2017,2,12,21,-8.1,928.5,NA,280,NA
2017,2,13,0,-6.9,929,3,240,NA
2017,2,13,3,-8,929.2,5,250,NA
2017,2,13,6,-7.6,929.5,7,240,NA
2017,2,13,9,-7.3,929.8,NA,240,NA
2017,2,13,12,-7.9,929.6,NA,220,NA
2017,2,13,15,-8.6,928.7,NA,220,NA
2017,2,13,18,-8.8,925.3,NA,NA,NA
2017,2,13,21,-9.4,924.2,NA,NA,NA
2017,2,14,0,-10,924.7,NA,NA,NA
2017,2,14,3,-10,923.2,45,NA,NA
2017,2,14,6,-10,924.9,NA,NA,NA
2017,2,14,9,-9.9,924.6,NA,250,NA
2017,2,14,12,-9.8,927,NA,250,NA
2017,2,14,15,-9.7,927.4,NA,240,NA
2017,2,14,18,-10.4,925.7,NA,240,NA
2017,2,14,21,-9.7,926.8,NA,240,NA
2017,2,15,0,-9.1,927.9,NA,230,NA
2017,2,15,3,-7.4,927.9,NA,300,NA
2017,2,15,6,-9,926.5,NA,50,NA
2017,2,15,9,-8.5,925.3,NA,20,NA
2017,2,15,12,-8.3,924.1,NA,20,NA
2017,2,15,15,-9.4,923.3,NA,30,NA
2017,2,15,18,-8.5,922.2,NA,30,NA
2017,2,15,21,-10.2,920.8,NA,270,NA
2017,2,16,0,-10.1,920.7,NA,240,NA
2017,2,16,3,-8.8,921,NA,230,NA
2017,2,16,6,-8.6,921.5,NA,190,NA
2017,2,16,9,-8.8,921.8,NA,120,NA
2017,2,16,12,-8.8,922.6,NA,220,NA
2017,2,16,15,-8.6,923.5,2,40,NA
2017,2,16,18,-8.6,923.9,NA,340,NA
2017,2,16,21,-7,924.7,NA,60,NA
2017,2,17,0,-7,926,4,100,NA
2017,2,17,3,-7.4,927.1,6,100,NA
2017,2,17,6,-8,927.5,3,140,NA
2017,2,17,9,-8.7,928.4,4,110,NA
2017,2,17,12,-8.7,928.5,4,80,NA
2017,2,17,15,-8.7,928.3,3,90,NA
2017,2,17,18,-8.7,928.1,3,70,NA
2017,2,17,21,-8.3,927.8,3,70,NA
2017,2,18,0,-7.9,927.2,5,70,NA
2017,2,18,3,-7.6,926.1,3,50,NA
2017,2,18,6,-8,925.1,2,120,NA
2017,2,18,9,NA,924.5,1,10,NA
2017,2,18,12,-10.4,924,3,280,NA
2017,2,18,15,-9.4,923.9,NA,230,NA
2017,2,18,18,-8.3,923.3,NA,250,NA
2017,2,18,21,-8.2,923.5,NA,210,NA
2017,2,19,0,-9.7,924.1,NA,200,NA
2017,2,19,3,-10.3,923.9,NA,230,NA
2017,2,19,6,-10.4,923.8,NA,220,NA
2017,2,19,9,-10.6,923.9,NA,230,NA
2017,2,19,12,-10.3,924.6,NA,240,NA
2017,2,19,15,-9.7,926.1,NA,220,NA
2017,2,19,18,-11.3,927.5,NA,250,NA
2017,2,19,21,-9.8,928.5,NA,10,NA
2017,2,20,0,-6.9,928,NA,350,NA
2017,2,20,3,NA,927.1,NA,20,NA
2017,2,20,6,-3.7,925.8,NA,20,NA
2017,2,20,9,-7.5,923.5,8,270,NA
2017,2,20,12,-7.3,920.2,NA,170,NA
2017,2,20,15,-8.4,917.5,5,230,NA
2017,2,20,18,-7.7,916.3,NA,220,NA
2017,2,20,21,-7.5,916.6,NA,250,NA
2017,2,21,0,-8.6,917.6,NA,230,NA
2017,2,21,3,-9.7,920.3,NA,240,NA
2017,2,21,6,-9.7,921.6,NA,240,NA
2017,2,21,9,-9.8,923.1,NA,250,NA
2017,2,21,12,-10.2,924.3,NA,240,NA
2017,2,21,15,-10.4,924.8,11,250,NA
2017,2,21,18,-10.7,925,12,260,NA
2017,2,21,21,-9.3,925.9,14,240,NA
2017,2,22,0,-9.2,927.6,11,240,NA
2017,2,22,3,-9.3,929.4,11,230,NA
2017,2,22,6,-9.9,930.5,NA,220,NA
2017,2,22,9,-10,932,13,220,NA
2017,2,22,12,-10.1,934.1,NA,210,NA
2017,2,22,15,-10.2,935.4,9,210,NA
2017,2,22,18,-10.6,936.9,8,230,NA
2017,2,22,21,-10.3,938.5,NA,90,NA
2017,2,23,0,-9.8,940,4,100,NA
2017,2,23,3,-9.7,941.3,3,80,NA
2017,2,23,6,-9.3,941.9,2,80,NA
2017,2,23,9,NA,942.1,1,110,NA
2017,2,23,12,-9.6,941.7,4,160,NA
2017,2,23,15,-9.9,940.7,NA,160,NA
2017,2,23,18,-10.5,939.9,NA,210,NA
2017,2,23,21,-10.7,938.9,NA,240,NA
2017,2,24,0,-11.4,938.7,NA,240,NA
2017,2,24,3,-10.6,937.6,NA,230,NA
2017,2,24,6,-8.5,935.4,NA,0,NA
2017,2,24,9,-10.5,933.4,NA,30,NA
2017,2,24,12,-11.5,931,NA,30,NA
2017,2,24,15,-10,928.7,NA,20,NA
2017,2,24,18,-9.6,926.4,NA,50,NA
2017,2,24,21,-9.5,925.6,NA,70,NA
2017,2,25,0,-10.1,925.5,NA,290,NA
2017,2,25,3,-10,925.2,3,280,NA
2017,2,25,6,-10,925,2,300,NA
2017,2,25,9,-11.1,925.1,5,20,NA
2017,2,25,12,-10.4,925.2,3,40,NA
2017,2,25,15,-10,924.4,4,50,NA
2017,2,25,18,-9.4,923.9,5,70,NA
2017,2,25,21,-8.6,923.2,3,80,NA
2017,2,26,0,-8.7,923.1,4,80,NA
2017,2,26,3,-8.4,922.8,5,70,NA
2017,2,26,6,-8.5,922.7,5,50,NA
2017,2,26,9,-10.1,923.2,6,270,NA
2017,2,26,12,-10,923.5,NA,270,NA
2017,2,26,15,-10,923.3,NA,250,NA
2017,2,26,18,-9.9,922.9,9,250,NA
2017,2,26,21,-9.8,923,NA,230,NA
2017,2,27,0,-9.7,923,6,220,NA
2017,2,27,3,-10.3,922.1,9,220,NA
2017,2,27,6,-11.1,921.7,8,220,NA
2017,2,27,9,-11.3,921.4,NA,210,NA
2017,2,27,12,-11.6,921,NA,230,NA
2017,2,27,15,-12,920.7,NA,230,NA
2017,2,27,18,-12,920.4,9,220,NA
2017,2,27,21,-12,920.9,10,220,NA
2017,2,28,0,-12.2,921.6,11,230,NA
2017,2,28,3,-11.9,923.1,12,240,NA
2017,2,28,6,-12.2,924.8,NA,NA,NA
2017,2,28,9,-12.5,926.7,16,NA,NA
2017,2,28,12,-12.5,929.7,18,230,NA
2017,2,28,15,-12.8,932.2,NA,250,NA
2017,2,28,18,-11.7,934.3,NA,250,NA
2017,2,28,21,-11.4,936.8,NA,240,NA
2017,3,1,0,-11.3,938.6,NA,240,NA
2017,3,1,3,-11.4,939.4,33,250,NA
2017,3,1,6,-11.5,940.6,32,240,NA
2017,3,1,9,-11.6,942.5,NA,240,NA
2017,3,1,12,-11,944,NA,250,NA
2017,3,1,15,-10.3,945.1,NA,230,NA
2017,3,1,18,-11,945.3,NA,240,NA
2017,3,1,21,-11.7,945.4,14,240,NA
2017,3,2,0,-10,945.2,NA,290,NA
2017,3,2,3,-9.1,944.2,NA,360,NA
2017,3,2,6,-11.4,943.3,NA,250,NA
2017,3,2,9,-11.5,942.7,NA,250,NA
2017,3,2,12,-11.5,941.6,NA,10,NA
2017,3,2,15,-9.1,939.6,NA,360,NA
2017,3,2,18,-8.2,938.5,NA,310,NA
2017,3,2,21,-7.5,937.8,5,50,NA
2017,3,3,0,-6.9,936.9,3,280,NA
2017,3,3,3,-7.4,935.8,4,270,NA
2017,3,3,6,-7.9,935,3,270,NA
2017,3,3,9,-9.3,934.8,6,250,NA
2017,3,3,12,-10.3,934,3,300,NA
2017,3,3,15,-10.6,933.4,NA,240,NA
2017,3,3,18,-12.6,933.3,NA,220,NA
2017,3,3,21,-13,934.7,NA,230,NA
2017,3,4,0,-12.9,934.9,NA,230,NA
2017,3,4,3,-13,934.7,NA,230,NA
2017,3,4,6,-12.9,934,5,250,NA
2017,3,4,9,-12.7,933.8,5,220,NA
2017,3,4,12,-12.8,933.1,6,230,NA
2017,3,4,15,-12.9,933.1,6,240,NA
2017,3,4,18,-12.7,933.3,5,240,NA
2017,3,4,21,-12.9,933.8,8,230,NA
2017,3,5,0,-13.4,935.4,5,240,NA
2017,3,5,3,-14.2,936,7,230,NA
2017,3,5,6,-14.1,937.5,6,240,NA
2017,3,5,9,-13.8,938.6,5,220,NA
2017,3,5,12,-13.6,939.8,3,240,NA
2017,3,5,15,-13.6,940.3,4,250,NA
2017,3,5,18,-13.3,941.2,2,280,NA
2017,3,5,21,-12.7,941.8,4,250,NA
2017,3,6,0,-11.8,942.1,5,220,NA
2017,3,6,3,-12.6,941.8,NA,240,NA
2017,3,6,6,-12.5,941.6,NA,240,NA
2017,3,6,9,-12.6,941.2,14,250,NA
2017,3,6,12,-12.9,941,NA,250,NA
2017,3,6,15,-12.8,940.1,NA,270,NA
2017,3,6,18,-12,939.6,NA,350,NA
2017,3,6,21,-12.8,939,NA,350,NA
2017,3,7,0,-11.8,938.5,1,290,NA
2017,3,7,3,-11,938.3,4,360,NA
2017,3,7,6,-11.9,938.2,4,10,NA
2017,3,7,9,-11.5,937.9,1,70,NA
2017,3,7,12,-12.3,937.5,2,290,NA
2017,3,7,15,-11,936.5,3,50,NA
2017,3,7,18,-10.5,936.1,NA,0,NA
2017,3,7,21,-11.7,935.3,4,270,NA
2017,3,8,0,-11,934.8,NA,260,NA
2017,3,8,3,-10.4,933.8,NA,260,NA
2017,3,8,6,-10.7,932.9,7,230,NA
2017,3,8,9,-10.4,932.7,NA,0,NA
2017,3,8,12,-9.3,932.6,NA,NA,NA
2017,3,8,15,-9.1,931.6,NA,NA,NA
2017,3,8,18,-9.2,930.3,NA,NA,NA
2017,3,8,21,-9.8,928.8,NA,NA,NA
2017,3,9,0,-8.5,927.6,NA,NA,NA
2017,3,9,3,-7.8,926,NA,NA,NA
2017,3,9,6,-9.8,924.8,NA,NA,NA
2017,3,9,9,-9.4,923.7,NA,NA,NA
2017,3,9,12,-10.8,923,NA,NA,NA
2017,3,9,15,-10.7,921.6,NA,NA,NA
2017,3,9,18,-10.7,920.6,NA,NA,NA
2017,3,9,21,-10.4,919.8,NA,NA,NA
2017,3,10,0,-11.6,919.6,NA,230,NA
2017,3,10,3,-12,918.9,NA,240,NA
2017,3,10,6,-12.1,917.7,NA,230,NA
2017,3,10,9,-12.3,916.9,NA,230,NA
2017,3,10,12,-13.3,918.3,NA,230,NA
2017,3,10,15,-14,918.8,NA,240,NA
2017,3,10,18,-14.7,919.2,NA,230,NA
2017,3,10,21,-14.9,920.3,28,230,NA
2017,3,11,0,-14.3,922,NA,240,NA
2017,3,11,3,-14.1,922.7,NA,230,NA
2017,3,11,6,-14,923.1,23,230,NA
2017,3,11,9,-13.6,923.9,25,NA,NA
2017,3,11,12,-13.4,924.5,NA,NA,NA
2017,3,11,15,-13.2,925.4,NA,NA,NA
2017,3,11,18,-13.2,926.2,NA,220,NA
2017,3,11,21,-13.3,927.2,NA,230,NA
2017,3,12,0,-13.2,928.3,NA,240,NA
2017,3,12,3,-13.2,928.5,NA,240,NA
2017,3,12,6,-13.3,928.2,NA,250,NA
2017,3,12,9,-13.3,928.1,NA,250,NA
2017,3,12,12,-13.4,927.3,5,250,NA
2017,3,12,15,-13.4,926,NA,260,NA
2017,3,12,18,-13.2,924.3,NA,250,NA
2017,3,12,21,-14,921.6,NA,230,NA
2017,3,13,0,-15.2,921,NA,230,NA
2017,3,13,3,-16.2,921,34,240,NA
2017,3,13,6,-16.8,921.7,32,230,NA
2017,3,13,9,-16.1,921.4,NA,250,NA
2017,3,13,12,-15.9,920.5,NA,240,NA
2017,3,13,15,-15.6,919.7,NA,240,NA
2017,3,13,18,-16.8,918.7,40,NA,NA
2017,3,13,21,-16.9,917.7,NA,NA,NA
2017,3,14,0,NA,917,NA,NA,NA
2017,3,14,3,-14,917.5,NA,NA,NA
2017,3,14,6,-13,917.2,39,240,NA
2017,3,14,9,-12.7,916.4,NA,250,NA
2017,3,14,12,-13,912.8,NA,250,NA
2017,3,14,15,-13.4,912.2,NA,250,NA
2017,3,14,18,-13.3,914.6,NA,NA,NA
2017,3,14,21,-13.1,915.8,58,NA,NA
2017,3,15,0,-13.2,919.2,NA,NA,NA
2017,3,15,3,-13.3,918.1,NA,NA,NA
2017,3,15,6,-13.6,917.6,NA,240,NA
2017,3,15,9,-14.1,916.4,49,NA,NA
2017,3,15,12,-14.3,914.9,NA,NA,NA
2017,3,15,15,-14.8,913.9,NA,NA,NA
2017,3,15,18,-15.2,914.3,NA,NA,NA
2017,3,15,21,-15.4,914.1,NA,NA,NA
2017,3,16,0,-14.7,915.2,58,NA,NA
2017,3,16,3,-14.5,918.2,NA,NA,NA
2017,3,16,6,-14.3,920.1,NA,NA,NA
2017,3,16,9,-14.6,921.5,NA,NA,NA
2017,3,16,12,-14.8,922.9,NA,240,NA
2017,3,16,15,-15.1,923.3,NA,240,NA
2017,3,16,18,-15.6,922.5,NA,230,NA
2017,3,16,21,-15.6,921.8,NA,230,NA
2017,3,17,0,-15.4,921.5,NA,240,NA
2017,3,17,3,-14.3,920.7,NA,80,NA
2017,3,17,6,-14.3,920.1,2,270,NA
2017,3,17,9,-14.8,920,5,210,NA
2017,3,17,12,-15.7,919.6,4,200,NA
2017,3,17,15,-17.3,918.8,NA,210,NA
2017,3,17,18,-18.5,917.9,NA,230,NA
2017,3,17,21,-19.6,916.9,NA,230,NA
2017,3,18,0,-19.7,916.6,NA,240,NA
2017,3,18,3,-20.1,915.7,31,230,NA
2017,3,18,6,-19.5,915.1,34,240,NA
2017,3,18,9,-19,913.5,NA,250,NA
2017,3,18,12,-18.7,913,NA,250,NA
2017,3,18,15,-18.3,913.2,41,250,NA
2017,3,18,18,-18.5,913.4,43,240,NA
2017,3,18,21,-18,912.5,NA,240,NA
2017,3,19,0,-17.5,913,NA,240,NA
2017,3,19,3,-16.8,915.3,NA,250,NA
2017,3,19,6,-16.5,914.3,48,250,NA
2017,3,19,9,-16,914.7,NA,NA,NA
2017,3,19,12,-15.9,914.4,45,NA,NA
2017,3,19,15,-15.5,912.7,NA,NA,NA
2017,3,19,18,-14.4,912.7,NA,NA,NA
2017,3,19,21,-15,909.8,NA,250,NA
2017,3,20,0,-14.6,911,NA,240,NA
2017,3,20,3,-15,912.4,59,250,NA
2017,3,20,6,-14.8,912.9,NA,250,NA
2017,3,20,9,-14.4,912.7,NA,240,NA
2017,3,20,12,-13.6,914.6,48,NA,NA
2017,3,20,15,-13,913.1,51,NA,NA
2017,3,20,18,-13.2,911.6,NA,NA,NA
2017,3,20,21,-12.7,910.8,NA,NA,NA
2017,3,21,0,-11.8,912.2,58,250,NA
2017,3,21,3,-11.2,913.5,NA,240,NA
2017,3,21,6,-11,912.1,NA,250,NA
2017,3,21,9,-12.1,911.3,NA,NA,NA
2017,3,21,12,-12.4,913.4,NA,NA,NA
2017,3,21,15,-11.8,915.1,NA,NA,NA
2017,3,21,18,-11.5,914.9,NA,240,NA
2017,3,21,21,-12.5,914.8,NA,250,NA
2017,3,22,0,-13.4,915.7,NA,240,NA
2017,3,22,3,-13.6,915.6,NA,250,NA
2017,3,22,6,-13.7,915.7,NA,250,NA
2017,3,22,9,-13.8,916.4,NA,250,NA
2017,3,22,12,-14,918.9,NA,NA,NA
2017,3,22,15,-13.6,920.4,NA,NA,NA
2017,3,22,18,-13.2,922.2,NA,230,NA
2017,3,22,21,-13.3,923,NA,260,NA
2017,3,23,0,-12.9,923,NA,270,NA
2017,3,23,3,-11.9,922.1,NA,250,NA
2017,3,23,6,-10.7,921.8,NA,0,NA
2017,3,23,9,-11,921.4,2,90,NA
2017,3,23,12,-11,921.7,1,30,NA
2017,3,23,15,-10.1,921.4,NA,240,NA
2017,3,23,18,-13.4,921.3,NA,220,NA
2017,3,23,21,-13.3,921.7,NA,210,NA
2017,3,24,0,-12.1,921.9,NA,100,NA
2017,3,24,3,-9.6,921.9,1,350,NA
2017,3,24,6,-12,922.6,NA,230,NA
2017,3,24,9,-13.7,922.5,NA,240,NA
2017,3,24,12,-13.1,923.5,NA,250,NA
2017,3,24,15,-13.6,923.7,17,250,NA
2017,3,24,18,-13.2,923.2,NA,240,NA
2017,3,24,21,-12.7,924.1,NA,230,NA
2017,3,25,0,-12.8,925.2,NA,220,NA
2017,3,25,3,-13.7,925,NA,280,NA
2017,3,25,6,-13.7,924.5,NA,250,NA
2017,3,25,9,-13.6,924.5,NA,230,NA
2017,3,25,12,-13.7,924.2,11,240,NA
2017,3,25,15,-14.5,923.5,NA,240,NA
2017,3,25,18,-14.6,922.9,NA,230,NA
2017,3,25,21,-15.1,921.4,NA,230,NA
2017,3,26,0,-15.1,921,NA,230,NA
2017,3,26,3,-15.6,919.5,NA,240,NA
2017,3,26,6,-16.1,918.8,NA,240,NA
2017,3,26,9,-15.7,917.2,NA,250,NA
2017,3,26,12,-15.7,917.4,NA,NA,NA
2017,3,26,15,-15.7,918.2,NA,NA,NA
2017,3,26,18,-15.6,919.8,NA,NA,NA
2017,3,26,21,-16.4,919.8,NA,NA,NA
2017,3,27,0,-16.8,920.8,41,NA,NA
2017,3,27,3,-16.3,921.9,NA,230,NA
2017,3,27,6,-16.7,922.6,NA,230,NA
2017,3,27,9,-17.3,923.3,NA,230,NA
2017,3,27,12,-17.5,923.6,NA,240,NA
2017,3,27,15,-18.1,923.4,NA,240,NA
2017,3,27,18,-18.3,922.8,NA,280,NA
2017,3,27,21,-17.9,922.2,NA,20,NA
2017,3,28,0,-17.4,922.8,1,240,NA
2017,3,28,3,-18.5,922.2,4,240,NA
2017,3,28,6,-18.2,921.6,2,190,NA
2017,3,28,9,-18.3,921.4,2,240,NA
2017,3,28,12,-19,919.9,6,240,NA
2017,3,28,15,-19.5,918.6,NA,230,NA
2017,3,28,18,-20.9,917.7,NA,230,NA
2017,3,28,21,-22,916.9,NA,230,NA
2017,3,29,0,-22.4,916.6,NA,240,NA
2017,3,29,3,-21.5,916.7,32,240,NA
2017,3,29,6,-22,917.5,30,250,NA
2017,3,29,9,-21.8,919.5,NA,240,NA
2017,3,29,12,-21.4,921.6,NA,230,NA
2017,3,29,15,-21.6,922.7,NA,250,NA
2017,3,29,18,-21.2,923.4,NA,0,NA
2017,3,29,21,-20.3,924.1,NA,60,NA
2017,3,30,0,-19.8,924,NA,20,NA
2017,3,30,3,-18.9,923.9,5,80,NA
2017,3,30,6,-16.6,923.2,6,50,NA
2017,3,30,9,NA,922.4,5,20,NA
2017,3,30,12,-13.4,921.8,2,270,NA
2017,3,30,15,-12.9,920.8,2,240,NA
2017,3,30,18,-17.2,919.8,5,260,NA
2017,3,30,21,-17.8,919.1,6,230,NA
2017,3,31,0,-18.5,918.5,5,250,NA
2017,3,31,3,-18.6,917.4,NA,250,NA
2017,3,31,6,-19.3,917.9,NA,250,NA
2017,3,31,9,-19.9,919.4,NA,260,NA
2017,3,31,12,-21,920.9,NA,260,NA
2017,3,31,15,-21.1,922.6,NA,240,NA
2017,3,31,18,-20.6,924,NA,270,NA
2017,3,31,21,-21,923.6,NA,60,NA
2017,4,1,0,-20.3,923.8,NA,50,NA
2017,4,1,3,-20.7,922.3,NA,240,NA
2017,4,1,6,-21.2,920.3,NA,240,NA
2017,4,1,9,-21.5,919.8,NA,250,NA
2017,4,1,12,-21.7,921,17,240,NA
2017,4,1,15,-22.1,922,NA,220,NA
2017,4,1,18,-23.6,922.8,15,230,NA
2017,4,1,21,-24.9,923.3,15,220,NA
2017,4,2,0,-25.5,923.7,15,220,NA
2017,4,2,3,-25.8,923.5,13,220,NA
2017,4,2,6,-25.9,922.3,15,230,NA
2017,4,2,9,-26.4,922.3,NA,NA,NA
2017,4,2,12,-27,922.1,NA,NA,NA
2017,4,2,15,-27.1,922.4,9,NA,NA
2017,4,2,18,-27.2,922.9,NA,260,NA
2017,4,2,21,-27.2,922.9,NA,170,NA
2017,4,3,0,-26.2,923.4,1,140,NA
2017,4,3,3,-25,924,1,250,NA
2017,4,3,6,-27.1,924.9,4,250,NA
2017,4,3,9,-26.8,924.7,4,300,NA
2017,4,3,12,-26,923.3,NA,30,NA
2017,4,3,15,-25.7,921.9,NA,340,NA
2017,4,3,18,-22.7,921,NA,10,NA
2017,4,3,21,NA,919.2,NA,30,NA
2017,4,4,0,NA,917,NA,30,NA
2017,4,4,3,-16.3,915.6,NA,230,NA
2017,4,4,6,-16.6,914.1,NA,260,NA
2017,4,4,9,-19,912.9,NA,230,NA
2017,4,4,12,-19.9,909.7,NA,NA,NA
2017,4,4,15,-20.3,905.7,NA,NA,NA
2017,4,4,18,-19.8,900.3,NA,NA,NA
2017,4,4,21,-20.5,900.9,NA,NA,NA
2017,4,5,0,-20.5,904.8,NA,240,NA
2017,4,5,3,-19.9,910.2,NA,NA,NA
2017,4,5,6,-20,914.2,54,NA,NA
2017,4,5,9,-20,918.5,NA,NA,NA
2017,4,5,12,-19.9,918.7,51,NA,NA
2017,4,5,15,-19.1,921,49,250,NA
2017,4,5,18,-19,923.1,NA,240,NA
2017,4,5,21,-19.4,925.1,NA,230,NA
2017,4,6,0,-19.1,924.6,NA,240,NA
2017,4,6,3,-18.7,924.9,NA,230,NA
2017,4,6,6,-18.6,924.3,NA,240,NA
2017,4,6,9,-18.6,924.7,NA,230,NA
2017,4,6,12,-19,924.6,NA,230,NA
2017,4,6,15,-19.5,924,NA,250,NA
2017,4,6,18,-19.1,922.8,NA,70,NA
2017,4,6,21,-19.2,921.4,NA,30,NA
2017,4,7,0,-19.2,920.5,NA,30,NA
2017,4,7,3,-19.8,919.8,7,360,NA
2017,4,7,6,-19.5,919.3,NA,0,NA
2017,4,7,9,-19.7,919.1,NA,0,NA
2017,4,7,12,-19.6,918.8,3,30,NA
2017,4,7,15,-19.7,918.7,3,30,NA
2017,4,7,18,NA,918.8,2,330,NA
2017,4,7,21,-20.1,918.3,NA,250,NA
2017,4,8,0,-20.1,919.1,NA,230,NA
2017,4,8,3,-21.1,919.1,NA,230,NA
2017,4,8,6,-21.8,919.3,14,240,NA
2017,4,8,9,-22,919.8,NA,230,NA
2017,4,8,12,-22.5,919.2,NA,240,NA
2017,4,8,15,-23,918.7,NA,250,NA
2017,4,8,18,-23.2,918,NA,340,NA
2017,4,8,21,-23.9,917.6,NA,10,NA
2017,4,9,0,-23.2,917,1,360,NA
2017,4,9,3,-24,916.8,NA,310,NA
2017,4,9,6,-24.3,916.5,NA,NA,NA
2017,4,9,9,-24.7,915.9,NA,NA,NA
2017,4,9,12,-23.4,915.2,NA,NA,NA
2017,4,9,15,-24.7,914.6,NA,NA,NA
2017,4,9,18,-22.7,913.5,1,350,NA
2017,4,9,21,-21.7,912.6,NA,230,NA
2017,4,10,0,-22.5,912.2,NA,230,NA
2017,4,10,3,-21.6,911.9,NA,230,NA
2017,4,10,6,-21.9,912.7,NA,240,NA
2017,4,10,9,-21.9,911.7,NA,250,NA
2017,4,10,12,-21.7,912,NA,240,NA
2017,4,10,15,-21.8,911.3,NA,230,NA
2017,4,10,18,-21.6,910.8,NA,260,NA
2017,4,10,21,-21.2,910,NA,10,NA
2017,4,11,0,-21.1,909.4,NA,20,NA
2017,4,11,3,-20.5,909.3,NA,20,NA
2017,4,11,6,-21,909.2,NA,20,NA
2017,4,11,9,-20.5,909.4,NA,350,NA
2017,4,11,12,-21.2,909.7,NA,20,NA
2017,4,11,15,-20,910.1,NA,10,NA
2017,4,11,18,-21.8,910.4,4,240,NA
2017,4,11,21,-22.5,910.7,4,240,NA
2017,4,12,0,-21.9,911.4,NA,0,NA
2017,4,12,3,-21.7,911.9,NA,20,NA
2017,4,12,6,-19.2,912.6,4,30,NA
2017,4,12,9,-21,913.9,NA,260,NA
2017,4,12,12,-17.9,916.4,NA,230,NA
2017,4,12,15,NA,918.3,NA,290,NA
2017,4,12,18,-14.5,920.9,4,270,NA
2017,4,12,21,-14,923,NA,70,NA
2017,4,13,0,-14,923,NA,270,NA
2017,4,13,3,-16.5,921.3,5,270,NA
2017,4,13,6,-15.7,919,NA,40,NA
2017,4,13,9,-16.4,917.5,NA,260,NA
2017,4,13,12,-17.4,917.6,NA,240,NA
2017,4,13,15,-14.2,918.2,NA,300,NA
2017,4,13,18,-15.9,918.8,NA,260,NA
2017,4,13,21,-18.6,919.4,NA,230,NA
2017,4,14,0,-19.5,920.5,NA,270,NA
2017,4,14,3,-18.3,920.8,NA,250,NA
2017,4,14,6,-19,921,NA,310,NA
2017,4,14,9,-18.8,921.6,2,60,NA
2017,4,14,12,-19,921.7,NA,70,NA
2017,4,14,15,-19,921.7,1,80,NA
2017,4,14,18,-19.2,921.5,1,310,NA
2017,4,14,21,-19.2,920.9,2,270,NA
2017,4,15,0,-17.6,921.3,2,60,NA
2017,4,15,3,-18.1,921.6,3,330,NA
2017,4,15,6,-21.3,921.7,5,280,NA
2017,4,15,9,-21.2,921.7,5,270,NA
2017,4,15,12,-21.2,921.4,6,260,NA
2017,4,15,15,-18.6,920.9,6,250,NA
2017,4,15,18,-21.1,919.9,8,240,NA
2017,4,15,21,-21,918.7,10,230,NA
2017,4,16,0,-21.1,919.3,NA,230,NA
2017,4,16,3,-22.4,917.7,NA,240,NA
2017,4,16,6,-22.3,918.5,NA,240,NA
2017,4,16,9,-22.7,919.7,NA,240,NA
2017,4,16,12,-22.8,922.4,NA,230,NA
2017,4,16,15,-21.8,925,NA,240,NA
2017,4,16,18,-22.2,927.6,NA,240,NA
2017,4,16,21,-22.6,928.5,NA,230,NA
2017,4,17,0,-23.6,930.2,NA,230,NA
2017,4,17,3,-24.4,930.2,NA,240,NA
2017,4,17,6,-24.3,930.4,NA,230,NA
2017,4,17,9,-24.1,930.5,NA,240,NA
2017,4,17,12,-23.5,930.5,NA,240,NA
2017,4,17,15,-23.8,929.8,NA,230,NA
2017,4,17,18,-24.5,928.7,NA,240,NA
2017,4,17,21,-25.2,928.5,20,230,NA
2017,4,18,0,-25.9,928.1,NA,250,NA
2017,4,18,3,-24.9,928,NA,250,NA
2017,4,18,6,-24.7,926.5,NA,20,NA
2017,4,18,9,-25.5,925.1,NA,50,NA
2017,4,18,12,-25.9,924.2,6,50,NA
2017,4,18,15,-25.8,923.5,6,60,NA
2017,4,18,18,-25.9,923,6,30,NA
2017,4,18,21,-26,922.3,7,40,NA
2017,4,19,0,-26.7,922.1,7,20,NA
2017,4,19,3,-26.1,922,NA,360,NA
2017,4,19,6,-23.8,922.2,NA,260,NA
2017,4,19,9,-22.3,921.7,4,360,NA
2017,4,19,12,-21.7,921.2,NA,10,NA
2017,4,19,15,-22.7,920.3,NA,20,NA
2017,4,19,18,-22.9,919.7,9,360,NA
2017,4,19,21,-24.5,918.9,10,40,NA
2017,4,20,0,-25.3,918,NA,40,NA
2017,4,20,3,-26.3,917,NA,50,NA
2017,4,20,6,-26.7,916,5,10,NA
2017,4,20,9,-25.9,916.3,NA,280,NA
2017,4,20,12,-25,916.7,NA,260,NA
2017,4,20,15,-26.1,917,NA,260,NA
2017,4,20,18,-24.6,917.8,8,270,NA
2017,4,20,21,-25.3,918.5,11,250,NA
2017,4,21,0,-24.5,919.5,NA,260,NA
2017,4,21,3,-25.3,920.7,10,270,NA
2017,4,21,6,-24.2,921.7,NA,270,NA
2017,4,21,9,-22.1,922,NA,210,NA
2017,4,21,12,-22.5,921.8,NA,240,NA
2017,4,21,15,-22.5,921.8,NA,240,NA
2017,4,21,18,-22.8,922.5,NA,240,NA
2017,4,21,21,-20.8,921.6,NA,280,NA
2017,4,22,0,-23.5,920.4,NA,30,NA
2017,4,22,3,-24,919.7,NA,10,NA
2017,4,22,6,-24.7,917.8,3,20,NA
2017,4,22,9,-25.5,916.8,1,50,NA
2017,4,22,12,-25.3,915.7,4,280,NA
2017,4,22,15,-25.6,914.9,1,210,NA
2017,4,22,18,-25.5,914.3,4,20,NA
2017,4,22,21,-25.9,914.1,NA,NA,NA
2017,4,23,0,-24.8,914,1,260,NA
2017,4,23,3,-24,913.9,4,250,NA
2017,4,23,6,-23.1,913.8,1,290,NA
2017,4,23,9,-22.4,914.1,1,160,NA
2017,4,23,12,-22.1,914.3,NA,240,NA
2017,4,23,15,-21.8,914.3,NA,230,NA
2017,4,23,18,-21.8,914.4,NA,230,NA
2017,4,23,21,-21.6,914.3,NA,230,NA
2017,4,24,0,-22,914.4,NA,240,NA
2017,4,24,3,-21.5,915.2,NA,250,NA
2017,4,24,6,-21,915.2,22,240,NA
2017,4,24,9,-20.9,916.1,24,250,NA
2017,4,24,12,-20.6,917.6,NA,240,NA
2017,4,24,15,-19.1,918.4,NA,240,NA
2017,4,24,18,-18.8,919.1,29,250,NA
2017,4,24,21,-18.6,921.1,NA,240,NA
2017,4,25,0,-18.7,922.3,NA,240,NA
2017,4,25,3,-17.5,923.9,NA,250,NA
2017,4,25,6,-17.2,924.8,NA,260,NA
2017,4,25,9,-17.6,924.3,NA,320,NA
2017,4,25,12,-16.4,923.4,6,260,NA
2017,4,25,15,-14.9,922.8,5,270,NA
2017,4,25,18,-11.6,922.2,3,260,NA
2017,4,25,21,-13.3,921.6,4,230,NA
2017,4,26,0,-14.1,920.5,7,250,NA
2017,4,26,3,-15.9,919.9,5,250,NA
2017,4,26,6,-14.5,919.8,NA,260,NA
2017,4,26,9,-16.4,919.5,NA,210,NA
2017,4,26,12,NA,919.8,NA,50,NA
2017,4,26,15,NA,919.7,NA,220,NA
2017,4,26,18,-21.1,918.6,NA,230,NA
2017,4,26,21,-20.8,919,NA,230,NA
2017,4,27,0,-21.2,919.6,NA,250,NA
2017,4,27,3,-20.9,919.9,NA,240,NA
2017,4,27,6,-21.5,919.4,NA,NA,NA
2017,4,27,9,-19.2,921,NA,NA,NA
2017,4,27,12,-18.5,922.8,36,230,NA
2017,4,27,15,-17.1,925.8,NA,240,NA
2017,4,27,18,-17,926.9,NA,230,NA
2017,4,27,21,-16.9,928.4,23,230,NA
2017,4,28,0,-16.3,929.3,NA,230,NA
2017,4,28,3,-16.2,930.4,NA,240,NA
2017,4,28,6,-15.9,930.1,NA,240,NA
2017,4,28,9,-15.4,930.5,21,230,NA
2017,4,28,12,-14.7,930.7,NA,230,NA
2017,4,28,15,-14.4,931.4,NA,240,NA
2017,4,28,18,-14.9,931.7,NA,240,NA
2017,4,28,21,-12.9,930.4,NA,240,NA
2017,4,29,0,-13.9,930.9,NA,230,NA
2017,4,29,3,-13.7,929.7,NA,230,NA
2017,4,29,6,-12.9,927.7,NA,240,NA
2017,4,29,9,-14.1,928.6,45,230,NA
2017,4,29,12,-13.1,927.3,47,230,NA
2017,4,29,15,-14.3,926.3,NA,240,NA
2017,4,29,18,-13.9,925.3,NA,240,NA
2017,4,29,21,-13.8,924.8,51,230,NA
2017,4,30,0,-14,925.8,50,240,NA
2017,4,30,3,-13.8,926.8,NA,250,NA
2017,4,30,6,-13.9,927.1,NA,240,NA
2017,4,30,9,-15.2,926.9,39,230,NA
2017,4,30,12,-16.3,927.5,NA,240,NA
2017,4,30,15,-16.1,927.3,37,230,NA
2017,4,30,18,-16.5,927.4,NA,240,NA
2017,4,30,21,-16.9,926.5,NA,230,NA
2017,5,1,0,-17.6,927,NA,230,NA
2017,5,1,3,-18.3,926.8,NA,230,NA
2017,5,1,6,-18.1,926,NA,30,NA
2017,5,1,9,-17.9,924.8,NA,0,NA
2017,5,1,12,-18.4,923.9,3,90,NA
2017,5,1,15,-19.1,922.3,NA,70,NA
2017,5,1,18,-20,921.4,NA,100,NA
2017,5,1,21,-20.8,920.3,NA,170,NA
2017,5,2,0,-21.3,920,4,100,NA
2017,5,2,3,-22.7,919.6,7,130,NA
2017,5,2,6,-23.3,918.1,3,180,NA
2017,5,2,9,-24.4,916.1,NA,230,NA
2017,5,2,12,-23.8,913.4,NA,240,NA
2017,5,2,15,-23.9,909.2,NA,240,NA
2017,5,2,18,-22.9,905.6,NA,240,NA
2017,5,2,21,-22,904.3,NA,NA,NA
2017,5,3,0,-20.3,903.1,NA,NA,NA
2017,5,3,3,-18.6,904.3,NA,NA,NA
2017,5,3,6,-17.9,902.7,NA,240,NA
2017,5,3,9,-16.6,901.2,NA,230,NA
2017,5,3,12,-17,904.1,NA,230,NA
2017,5,3,15,-15.6,905.3,NA,240,NA
2017,5,3,18,-15.2,906.2,NA,230,NA
2017,5,3,21,-15.5,906.9,NA,250,NA
2017,5,4,0,-17.6,907.8,NA,40,NA
2017,5,4,3,-16.6,907.6,NA,350,NA
2017,5,4,6,-17.2,908,NA,260,NA
2017,5,4,9,-18.5,909,NA,250,NA
2017,5,4,12,-17.6,909.7,NA,240,NA
2017,5,4,15,-16.3,910.5,NA,60,NA
2017,5,4,18,-16.6,911,6,220,NA
2017,5,4,21,-16.3,911.1,NA,240,NA
2017,5,5,0,-17,910.7,NA,240,NA
2017,5,5,3,-15.2,911.5,NA,240,NA
2017,5,5,6,-15,911.5,NA,230,NA
2017,5,5,9,-14,911.9,NA,240,NA
2017,5,5,12,-16.2,912.8,NA,270,NA
2017,5,5,15,-18.9,913.3,NA,30,NA
2017,5,5,18,-18.9,913.7,NA,20,NA
2017,5,5,21,-18.8,913.1,NA,350,NA
2017,5,6,0,-18.6,913.8,NA,0,NA
2017,5,6,3,-18.4,912.5,NA,350,NA
2017,5,6,6,-18.1,913.6,NA,30,NA
2017,5,6,9,-18.7,912.9,NA,10,NA
2017,5,6,12,-20.2,911.4,NA,50,NA
2017,5,6,15,-19.5,910.3,NA,50,NA
2017,5,6,18,-20,909.7,NA,100,NA
2017,5,6,21,-19.7,909.8,NA,260,NA
2017,5,7,0,-20.3,910.6,NA,240,NA
2017,5,7,3,-21.1,909.7,NA,NA,NA
2017,5,7,6,-20.9,909.4,NA,NA,NA
2017,5,7,9,-21.8,909.1,NA,NA,NA
2017,5,7,12,-21.3,911.6,NA,240,NA
2017,5,7,15,-21.9,911.7,37,250,NA
2017,5,7,18,-23,912.8,35,230,NA
2017,5,7,21,-24.1,915,NA,240,NA
2017,5,8,0,-24.9,916.3,NA,NA,NA
2017,5,8,3,-25.5,916.5,26,NA,NA
2017,5,8,6,-25.7,917.3,NA,NA,NA
2017,5,8,9,-27.1,917.4,NA,250,NA
2017,5,8,12,-25.1,916.7,NA,260,NA
2017,5,8,15,-25.2,915.6,NA,250,NA
2017,5,8,18,-24.5,914.2,NA,220,NA
2017,5,8,21,-24.8,912.9,9,230,NA
2017,5,9,0,-24.5,912,NA,10,NA
2017,5,9,3,-25.1,911.1,NA,240,NA
2017,5,9,6,-27.2,910.5,NA,250,NA
2017,5,9,9,-27.6,910.6,NA,250,NA
2017,5,9,12,-26.4,911.1,NA,90,NA
2017,5,9,15,-28.2,911.3,NA,240,NA
2017,5,9,18,-29.1,912,NA,240,NA
2017,5,9,21,-28.9,911.7,NA,230,NA
2017,5,10,0,-28.9,911.9,16,230,NA
2017,5,10,3,-28,911.3,NA,240,NA
2017,5,10,6,-28.1,910.5,NA,220,NA
2017,5,10,9,-26.7,908.2,NA,230,NA
2017,5,10,12,-25.9,906.5,NA,230,NA
2017,5,10,15,-25.2,905,NA,230,NA
2017,5,10,18,-23.5,902.9,NA,250,NA
2017,5,10,21,-23,901.6,NA,240,NA
2017,5,11,0,-22.5,903.2,59,250,NA
2017,5,11,3,-22.5,905.5,56,250,NA
2017,5,11,6,-22,904.8,58,240,NA
2017,5,11,9,-21.8,908.8,NA,230,NA
2017,5,11,12,-21.5,910.7,NA,230,NA
2017,5,11,15,-22.2,914.5,NA,230,NA
2017,5,11,18,-22.7,914,NA,250,NA
2017,5,11,21,-21.3,914,NA,30,NA
2017,5,12,0,-21.4,912.7,NA,40,NA
2017,5,12,3,-21.9,911.6,NA,20,NA
2017,5,12,6,-21.6,910,NA,40,NA
2017,5,12,9,-21.9,908.1,17,40,NA
2017,5,12,12,-22,907.6,NA,20,NA
2017,5,12,15,-21.5,906.9,NA,340,NA
2017,5,12,18,-22.2,907,7,240,NA
2017,5,12,21,-24,907.3,NA,240,NA
2017,5,13,0,-23.7,908.9,NA,220,NA
2017,5,13,3,-23.6,909.9,NA,240,NA
2017,5,13,6,-25.8,911.7,NA,240,NA
2017,5,13,9,-26.3,913.4,NA,250,NA
2017,5,13,12,-26.4,913.7,NA,250,NA
2017,5,13,15,-26.1,913.2,NA,350,NA
2017,5,13,18,-26.1,911.8,NA,290,NA
2017,5,13,21,-26,910,NA,10,NA
2017,5,14,0,-24.9,908.2,NA,350,NA
2017,5,14,3,-25.7,906.9,NA,260,NA
2017,5,14,6,-22.5,905.6,NA,NA,NA
2017,5,14,9,-21.3,904.4,2,260,NA
2017,5,14,12,-20.9,904.2,NA,NA,NA
2017,5,14,15,-21,905,2,60,NA
2017,5,14,18,-21.3,906.6,NA,230,NA
2017,5,14,21,-22.1,908.7,NA,250,NA
2017,5,15,0,-22.2,911,NA,240,NA
2017,5,15,3,-22.2,914.1,NA,200,NA
2017,5,15,6,-21,915.4,NA,240,NA
2017,5,15,9,-21.9,916,NA,230,NA
2017,5,15,12,-21.6,915.5,NA,250,NA
2017,5,15,15,-20.3,914.6,NA,40,NA
2017,5,15,18,-19.6,913.3,4,240,NA
2017,5,15,21,-17.9,911.7,NA,NA,NA
2017,5,16,0,-17.4,910.7,NA,NA,NA
2017,5,16,3,-16.5,909.9,NA,NA,NA
2017,5,16,6,-16.9,909.3,12,NA,NA
2017,5,16,9,-16.3,909.2,12,NA,NA
2017,5,16,12,-14.9,909.2,12,NA,NA
2017,5,16,15,-13.8,909.1,NA,270,NA
2017,5,16,18,-13.1,908.7,NA,260,NA
2017,5,16,21,-13.1,908.9,NA,240,NA
2017,5,17,0,-11.2,909.3,NA,250,NA
2017,5,17,3,-12.6,910.3,NA,240,NA
2017,5,17,6,-12.1,908,NA,NA,NA
2017,5,17,9,-12.8,908.6,NA,NA,NA
2017,5,17,12,-13.2,912.1,NA,NA,NA
2017,5,17,15,-13.6,914.4,NA,NA,NA
2017,5,17,18,-14.8,916.3,NA,NA,NA
2017,5,17,21,-14.2,916.5,NA,230,NA
2017,5,18,0,-13,918,NA,240,NA
2017,5,18,3,-11.6,918,NA,NA,NA
2017,5,18,6,-14.9,918.5,NA,NA,NA
2017,5,18,9,-14.2,926.5,NA,NA,NA
2017,5,18,12,-14.1,928.5,NA,NA,NA
2017,5,18,15,-13.3,929.8,NA,230,NA
2017,5,18,18,-15.5,931.7,NA,230,NA
2017,5,18,21,-16.9,932.5,NA,250,NA
2017,5,19,0,-15.5,932.7,NA,220,NA
2017,5,19,3,-16.1,932,NA,230,NA
2017,5,19,6,-15.7,929.8,NA,230,NA
2017,5,19,9,-14.7,930.3,NA,230,NA
2017,5,19,12,-14.9,930.5,NA,330,NA
2017,5,19,15,-13.3,927.4,NA,310,NA
2017,5,19,18,-14.3,923.1,NA,350,NA
2017,5,19,21,-12.7,920,NA,20,NA
2017,5,20,0,-15.2,918.4,NA,20,NA
2017,5,20,3,-13.6,918.1,NA,70,NA
2017,5,20,6,-15.2,917.2,NA,40,NA
2017,5,20,9,-16.7,915.5,7,30,NA
2017,5,20,12,-17.7,914.8,NA,290,NA
2017,5,20,15,-18.9,914.7,NA,60,NA
2017,5,20,18,-19.5,913.3,NA,230,NA
2017,5,20,21,-19.3,912.7,NA,230,NA
2017,5,21,0,-18.3,912.6,NA,240,NA
2017,5,21,3,-18.2,911.3,NA,NA,NA
2017,5,21,6,-19.3,911.6,NA,NA,NA
2017,5,21,9,-19.4,909.4,NA,NA,NA
2017,5,21,12,-19.2,907.8,NA,250,NA
2017,5,21,15,-20.4,907.8,NA,240,NA
2017,5,21,18,-20.3,902.6,NA,250,NA
2017,5,21,21,-20.7,902.9,NA,NA,NA
2017,5,22,0,-20,903.1,55,NA,NA
2017,5,22,3,-21,903.6,56,NA,NA
2017,5,22,6,-22.3,905.6,NA,230,NA
2017,5,22,9,-21.3,906.9,NA,240,NA
2017,5,22,12,-21.9,908.9,NA,220,NA
2017,5,22,15,-24.8,910.2,NA,240,NA
2017,5,22,18,-25.3,910.3,NA,250,NA
2017,5,22,21,-24.8,911.2,NA,240,NA
2017,5,23,0,-24.6,911.5,NA,240,NA
2017,5,23,3,-21.8,911.9,NA,230,NA
2017,5,23,6,-19.8,912.1,NA,340,NA
2017,5,23,9,-18.4,912.4,NA,250,NA
2017,5,23,12,-18.4,913.5,NA,220,NA
2017,5,23,15,-17.5,914.4,11,230,NA
2017,5,23,18,-16.9,915.7,NA,210,NA
2017,5,23,21,-16.9,916.3,NA,240,NA
2017,5,24,0,-15.8,917,NA,230,NA
2017,5,24,3,-15.8,918.3,NA,230,NA
2017,5,24,6,-14.4,921.6,NA,250,NA
2017,5,24,9,-15.1,925.1,NA,250,NA
2017,5,24,12,-14.6,927.5,NA,240,NA
2017,5,24,15,-13.8,928.8,NA,230,NA
2017,5,24,18,-15.1,930.1,7,230,NA
2017,5,24,21,-17.4,931.6,NA,220,NA
2017,5,25,0,-17.7,933.5,NA,0,NA
2017,5,25,3,-17.5,934.2,NA,80,NA
2017,5,25,6,-18.1,935.2,NA,NA,NA
2017,5,25,9,-19.3,935.7,1,240,NA
2017,5,25,12,-19.7,935.8,1,220,NA
2017,5,25,15,-20,935.7,1,120,NA
2017,5,25,18,-20.7,936.1,2,220,NA
2017,5,25,21,-20.8,935.9,NA,100,NA
2017,5,26,0,-21.1,936,NA,90,NA
2017,5,26,3,-21.1,935.4,NA,90,NA
2017,5,26,6,-21.7,934.8,1,260,NA
2017,5,26,9,-21.8,933.7,3,280,NA
2017,5,26,12,-22.4,932.3,3,290,NA
2017,5,26,15,-22.4,930.8,NA,NA,NA
2017,5,26,18,-22.8,928.4,3,40,NA
2017,5,26,21,-23,925.8,4,30,NA
2017,5,27,0,-23.6,923.9,3,40,NA
2017,5,27,3,-24.4,921.8,1,20,NA
2017,5,27,6,-24.4,919.6,2,10,NA
2017,5,27,9,-23.4,918,5,40,NA
2017,5,27,12,-22.2,917.6,4,40,NA
2017,5,27,15,-22.3,916.9,2,260,NA
2017,5,27,18,-22.6,916.6,4,270,NA
2017,5,27,21,-23,915.5,NA,260,NA
2017,5,28,0,-24.1,914.4,NA,250,NA
2017,5,28,3,-23.5,913.7,NA,230,NA
2017,5,28,6,-21.7,912.4,NA,260,NA
2017,5,28,9,-21.6,913,NA,260,NA
2017,5,28,12,-22.3,913.3,32,250,NA
2017,5,28,15,-24.2,912.5,NA,240,NA
2017,5,28,18,-24,912.9,NA,NA,NA
2017,5,28,21,-23.2,915,NA,NA,NA
2017,5,29,0,-23.7,918.1,NA,NA,NA
2017,5,29,3,-23.7,920.4,NA,70,NA
2017,5,29,6,-23.5,920.5,NA,20,NA
2017,5,29,9,-23.7,919.9,NA,150,NA
2017,5,29,12,-23.6,919.5,NA,30,NA
2017,5,29,15,-23.2,917.5,NA,250,NA
2017,5,29,18,-23.1,917.4,NA,240,NA
2017,5,29,21,-21.7,917.8,NA,190,NA
2017,5,30,0,-21.7,918.7,NA,230,NA
2017,5,30,3,-22.1,919.3,NA,20,NA
2017,5,30,6,-21.9,918.8,NA,250,NA
2017,5,30,9,-21.7,918.8,6,230,NA
2017,5,30,12,-21.7,918.6,NA,230,NA
2017,5,30,15,-23.2,917.5,NA,220,NA
2017,5,30,18,-23.1,916.9,NA,230,NA
2017,5,30,21,-21.6,916.9,NA,210,NA
2017,5,31,0,-20.3,915.6,NA,240,NA
2017,5,31,3,-19.4,914.6,NA,200,NA
2017,5,31,6,-18.3,913.5,NA,260,NA
2017,5,31,9,-18.1,912.6,3,250,NA
2017,5,31,12,-17.6,912.4,NA,290,NA
2017,5,31,15,-15.2,912.7,NA,30,NA
2017,5,31,18,-18.4,913.3,6,250,NA
2017,5,31,21,-19.4,914,4,50,NA
2017,6,1,0,-19.2,914.4,NA,10,NA
2017,6,1,3,-22.5,914.4,NA,280,NA
2017,6,1,6,-21,914.7,NA,60,NA
2017,6,1,9,-21.6,914.9,NA,10,NA
2017,6,1,12,-21.2,915.3,8,340,NA
2017,6,1,15,-20.2,916.1,NA,10,NA
2017,6,1,18,-20.4,917.4,4,240,NA
2017,6,1,21,-16,917.1,NA,230,NA
2017,6,2,0,NA,916.3,NA,240,NA
2017,6,2,3,-13.7,919.1,NA,230,NA
2017,6,2,6,-15.5,921,NA,240,NA
2017,6,2,9,-15.4,922.8,NA,140,NA
2017,6,2,12,-17,922.9,NA,60,NA
2017,6,2,15,-17.3,923,7,250,NA
2017,6,2,18,-18.1,923.7,8,230,NA
2017,6,2,21,-18.9,923,NA,240,NA
2017,6,3,0,-20.3,922.3,NA,250,NA
2017,6,3,3,-19.5,920.7,NA,320,NA
2017,6,3,6,-20.1,918.6,NA,360,NA
2017,6,3,9,-20.5,916.6,NA,20,NA
2017,6,3,12,-20.7,915.3,5,30,NA
2017,6,3,15,-20.6,915.4,3,50,NA
2017,6,3,18,-20.5,916,3,30,NA
2017,6,3,21,-21.1,916.8,1,340,NA
2017,6,4,0,-20.8,917.3,2,30,NA
2017,6,4,3,-22.4,917.3,1,10,NA
2017,6,4,6,-21.1,916.7,NA,NA,NA
2017,6,4,9,-21.6,916.3,NA,NA,NA
2017,6,4,12,-20.3,915.6,3,260,NA
2017,6,4,15,-18.3,915.8,1,30,NA
2017,6,4,18,-18,915.9,2,270,NA
2017,6,4,21,-15.7,915.3,NA,260,NA
2017,6,5,0,-13.8,914,NA,260,NA
2017,6,5,3,-15.4,914.9,NA,230,NA
2017,6,5,6,-13.7,916,NA,280,NA
2017,6,5,9,-14.2,917,NA,40,NA
2017,6,5,12,-14.2,917.2,NA,260,NA
2017,6,5,15,-15.3,918.4,5,270,NA
2017,6,5,18,-15.2,919.5,5,350,NA
2017,6,5,21,-16.1,920,4,240,NA
2017,6,6,0,-15.4,920.7,6,270,NA
2017,6,6,3,-14.1,920.2,7,250,NA
2017,6,6,6,-15.4,919.4,NA,230,NA
2017,6,6,9,-16.3,920.2,NA,160,NA
2017,6,6,12,-17.7,919,NA,240,NA
2017,6,6,15,-15.9,916.5,NA,240,NA
2017,6,6,18,-15.5,917.5,NA,240,NA
2017,6,6,21,-18.7,921.8,NA,250,NA
2017,6,7,0,-17.3,921.9,NA,230,NA
2017,6,7,3,-17.8,922.6,NA,230,NA
2017,6,7,6,-17.2,922.7,NA,360,NA
2017,6,7,9,-17.5,922.1,NA,0,NA
2017,6,7,12,-17.6,921.9,NA,190,NA
2017,6,7,15,-20.1,922.6,NA,250,NA
2017,6,7,18,-19.2,922.9,NA,270,NA
2017,6,7,21,-21.8,923.2,NA,210,NA
2017,6,8,0,-23.3,923.3,NA,230,NA
2017,6,8,3,-23.1,923.8,NA,250,NA
2017,6,8,6,-25,923.5,NA,220,NA
2017,6,8,9,-24.2,923.7,8,240,NA
2017,6,8,12,-24.1,923.2,12,240,NA
2017,6,8,15,-23.8,922.3,NA,240,NA
2017,6,8,18,-23.8,921.7,12,230,NA
2017,6,8,21,-23.9,921.3,NA,220,NA
2017,6,9,0,-23.4,921.1,NA,150,NA
2017,6,9,3,-22.9,920.3,NA,340,NA
2017,6,9,6,-22.3,919.5,NA,230,NA
2017,6,9,9,-21.2,920.1,NA,190,NA
2017,6,9,12,-22.1,920,NA,240,NA
2017,6,9,15,-22.8,920.5,NA,240,NA
2017,6,9,18,-24.1,921.4,NA,250,NA
2017,6,9,21,-23.7,922.8,NA,260,NA
2017,6,10,0,-24.9,923.4,NA,0,NA
2017,6,10,3,-24.8,923.7,NA,0,NA
2017,6,10,6,-24.8,923.6,2,360,NA
2017,6,10,9,-25.3,923.8,NA,340,NA
2017,6,10,12,-25.5,923.6,NA,20,NA
2017,6,10,15,-25.3,923.6,NA,340,NA
2017,6,10,18,-25,923.1,NA,10,NA
2017,6,10,21,-24.3,922.6,NA,340,NA
2017,6,11,0,-24.2,922.9,4,330,NA
2017,6,11,3,-24.5,923.8,NA,260,NA
2017,6,11,6,-25.2,924.5,NA,250,NA
2017,6,11,9,-27,925.8,NA,230,NA
2017,6,11,12,-25.5,924.7,NA,NA,NA
2017,6,11,15,-26,925.5,NA,NA,NA
2017,6,11,18,-27.1,925.7,NA,NA,NA
2017,6,11,21,-25.9,922.7,NA,240,NA
2017,6,12,0,-25.4,923.6,NA,NA,NA
2017,6,12,3,-25.3,923.2,43,NA,NA
2017,6,12,6,-24.6,924.7,NA,NA,NA
2017,6,12,9,-23.6,924.9,NA,250,NA
2017,6,12,12,-24,924.4,NA,260,NA
2017,6,12,15,-23.4,924,NA,240,NA
2017,6,12,18,-23.1,922.7,NA,250,NA
2017,6,12,21,-23.7,921.8,NA,260,NA
2017,6,13,0,-23.3,920.9,6,320,NA
2017,6,13,3,-23,920.3,NA,10,NA
2017,6,13,6,-24.1,920.7,NA,310,NA
2017,6,13,9,-23.4,920.8,NA,240,NA
2017,6,13,12,-23.3,920.8,5,270,NA
2017,6,13,15,-23.3,920.1,4,40,NA
2017,6,13,18,-23.5,919.3,2,270,NA
2017,6,13,21,-23.6,918,2,300,NA
2017,6,14,0,-24.7,916.9,5,30,NA
2017,6,14,3,-25.6,915.7,3,20,NA
2017,6,14,6,-26.6,914.5,2,160,NA
2017,6,14,9,-26.7,913.3,NA,NA,NA
2017,6,14,12,-26.8,913.1,NA,NA,NA
2017,6,14,15,-27.2,912.4,NA,NA,NA
2017,6,14,18,-29.3,911.6,2,220,NA
2017,6,14,21,-27.9,910.8,4,250,NA
2017,6,15,0,-27.6,909.7,NA,230,NA
2017,6,15,3,-28,907.9,3,260,NA
2017,6,15,6,-28.8,905.8,NA,240,NA
2017,6,15,9,-27.4,904.9,NA,220,NA
2017,6,15,12,-27.5,903.9,NA,240,NA
2017,6,15,15,-27.5,903.5,NA,240,NA
2017,6,15,18,-26.7,903.2,NA,230,NA
2017,6,15,21,-23.3,899.9,NA,240,NA
2017,6,16,0,-22.5,901,NA,240,NA
2017,6,16,3,-21,900.8,NA,240,NA
2017,6,16,6,-19.4,905.5,NA,230,NA
2017,6,16,9,-19.8,908.1,NA,230,NA
2017,6,16,12,-20.8,911.2,NA,230,NA
2017,6,16,15,-20.6,910.6,NA,30,NA
2017,6,16,18,-21.4,908.5,NA,50,NA
2017,6,16,21,-22.7,906.1,NA,240,NA
2017,6,17,0,-21.3,903.1,NA,240,NA
2017,6,17,3,-24.1,904.6,NA,270,NA
2017,6,17,6,-23.4,904.6,NA,20,NA
2017,6,17,9,-20.5,905.9,1,250,NA
2017,6,17,12,-19.3,908.3,1,260,NA
2017,6,17,15,NA,910.6,NA,260,NA
2017,6,17,18,NA,911.8,NA,240,NA
2017,6,17,21,-26.6,912.5,NA,240,NA
2017,6,18,0,-26.4,913.2,11,230,NA
2017,6,18,3,-27.1,912.3,9,230,NA
2017,6,18,6,-26.9,910,13,230,NA
2017,6,18,9,-28.3,909,NA,NA,NA
2017,6,18,12,-28.6,908.3,NA,NA,NA
2017,6,18,15,-28.6,908.5,21,NA,NA
2017,6,18,18,-29.2,908.8,20,240,NA
2017,6,18,21,-29.3,909.5,22,230,NA
2017,6,19,0,-29.2,911.8,18,230,NA
2017,6,19,3,-29.1,913.2,NA,240,NA
2017,6,19,6,-30.3,914.2,19,230,NA
2017,6,19,9,-30.4,915.5,NA,250,NA
2017,6,19,12,-30.8,918.1,NA,230,NA
2017,6,19,15,-31.1,919.5,NA,230,NA
2017,6,19,18,-30.8,920.8,NA,230,NA
2017,6,19,21,-30.2,921.2,NA,0,NA
2017,6,20,0,-31.2,921.7,3,260,NA
2017,6,20,3,-31.1,921.6,NA,NA,NA
2017,6,20,6,-32.1,921.3,2,40,NA
2017,6,20,9,-32.3,921.7,3,10,NA
2017,6,20,12,-32.8,921.9,3,20,NA
2017,6,20,15,-31.7,921.9,4,40,NA
2017,6,20,18,-31.7,922.9,3,30,NA
2017,6,20,21,-31.1,923.8,1,20,NA
2017,6,21,0,-31.6,925,1,290,NA
2017,6,21,3,-31,926.8,2,260,NA
2017,6,21,6,-31.4,928.8,3,220,NA
2017,6,21,9,-31.1,930.4,NA,140,NA
2017,6,21,12,-32,931.9,4,270,NA
2017,6,21,15,-31.4,932.5,NA,250,NA
2017,6,21,18,-31.2,933,6,250,NA
2017,6,21,21,-30.6,933.2,4,250,NA
2017,6,22,0,-30,932.9,NA,30,NA
2017,6,22,3,-29.7,931.2,3,20,NA
2017,6,22,6,-29.8,928.5,3,20,NA
2017,6,22,9,-29.5,925.4,3,40,NA
2017,6,22,12,-28.4,923.1,NA,NA,NA
2017,6,22,15,-27.2,920.1,4,240,NA
2017,6,22,18,-24.4,918.5,2,220,NA
2017,6,22,21,-25.9,916.7,2,60,NA
2017,6,23,0,-26.1,915.9,5,220,NA
2017,6,23,3,NA,917,5,230,NA
2017,6,23,6,-21.2,918.2,NA,250,NA
2017,6,23,9,-21.4,918.1,NA,210,NA
2017,6,23,12,-22.8,918.8,3,190,NA
2017,6,23,15,-24.8,920,NA,250,NA
2017,6,23,18,-25.3,922,NA,230,NA
2017,6,23,21,-26.4,923.6,NA,230,NA
2017,6,24,0,-26.3,927.1,NA,240,NA
2017,6,24,3,-26.6,929.2,NA,230,NA
2017,6,24,6,-26.8,928.2,15,240,NA
2017,6,24,9,-26.6,927.2,12,250,NA
2017,6,24,12,-27.1,925,13,250,NA
2017,6,24,15,-26.9,921.8,NA,230,NA
2017,6,24,18,-27.1,921.2,NA,230,NA
2017,6,24,21,-27.7,921.7,NA,230,NA
2017,6,25,0,-28.3,922.2,NA,240,NA
2017,6,25,3,-28.5,922.8,NA,230,NA
2017,6,25,6,-26.9,923.7,NA,240,NA
2017,6,25,9,-28,924.5,NA,20,NA
2017,6,25,12,-25.8,924.6,NA,10,NA
2017,6,25,15,NA,924.4,NA,350,NA
2017,6,25,18,-24.9,922.9,NA,0,NA
2017,6,25,21,-22.6,920.8,NA,10,NA
2017,6,26,0,-22.8,919.3,NA,20,NA
2017,6,26,3,NA,918.2,NA,360,NA
2017,6,26,6,NA,918.4,NA,270,NA
2017,6,26,9,-17.1,918.7,NA,NA,NA
2017,6,26,12,-15.6,919,NA,NA,NA
2017,6,26,15,-16.3,917.9,4,NA,NA
2017,6,26,18,-17.8,916.6,3,NA,NA
2017,6,26,21,-20.8,916.3,NA,240,NA
2017,6,27,0,NA,917.1,NA,250,NA
2017,6,27,3,-23.4,918.6,NA,220,NA
2017,6,27,6,-27.2,916.8,NA,240,NA
2017,6,27,9,-26.7,917,NA,240,NA
2017,6,27,12,-27.8,917.3,NA,220,NA
2017,6,27,15,-28.5,917.7,NA,230,NA
2017,6,27,18,-29.4,918.5,NA,230,NA
2017,6,27,21,-29.4,920.3,22,220,NA
2017,6,28,0,-31.2,921.6,23,240,NA
2017,6,28,3,-31.2,922.6,NA,230,NA
2017,6,28,6,-30.8,923.4,NA,220,NA
2017,6,28,9,-31.6,924.2,17,240,NA
2017,6,28,12,-32.9,925.2,NA,240,NA
2017,6,28,15,-31.4,926.3,NA,30,NA
2017,6,28,18,-32.3,926.2,NA,10,NA
2017,6,28,21,-31.8,926.5,NA,10,NA
2017,6,29,0,-32.8,927.9,NA,190,NA
2017,6,29,3,-32.6,929.1,NA,260,NA
2017,6,29,6,-33.8,931.1,NA,230,NA
2017,6,29,9,-32.9,932.4,NA,60,NA
2017,6,29,12,-33.1,933.4,7,30,NA
2017,6,29,15,-31.9,934.2,NA,40,NA
2017,6,29,18,-30.5,934.4,NA,20,NA
2017,6,29,21,-30.6,934.1,NA,20,NA
2017,6,30,0,-30.3,933.4,NA,230,NA
2017,6,30,3,-32.1,931.6,NA,240,NA
2017,6,30,6,-31.7,930.3,NA,NA,NA
2017,6,30,9,-30.8,929.9,NA,NA,NA
2017,6,30,12,-30,930.9,NA,NA,NA
2017,6,30,15,-29.6,931.5,NA,260,NA
2017,6,30,18,-29,930.9,NA,210,NA
2017,6,30,21,-27.8,929.9,NA,250,NA
2017,7,1,0,-27.6,928.5,5,40,NA
2017,7,1,3,-24.8,927,NA,40,NA
2017,7,1,6,NA,925.8,NA,280,NA
2017,7,1,9,-23.5,925.7,NA,240,NA
2017,7,1,12,NA,924.1,NA,240,NA
2017,7,1,15,NA,924.5,NA,250,NA
2017,7,1,18,NA,923.1,NA,240,NA
2017,7,1,21,-12.5,924.2,NA,240,NA
2017,7,2,0,-11.9,929.4,NA,240,NA
2017,7,2,3,-13.4,931.2,NA,30,NA
2017,7,2,6,-13.7,928.9,NA,350,NA
2017,7,2,9,-12.5,926.4,NA,10,NA
2017,7,2,12,-12.8,922.6,NA,20,NA
2017,7,2,15,-12.9,919.5,NA,30,NA
2017,7,2,18,NA,916.8,NA,240,NA
2017,7,2,21,NA,917.8,NA,250,NA
2017,7,3,0,NA,918.4,NA,140,NA
2017,7,3,3,-20.4,915.8,NA,240,NA
2017,7,3,6,-22.1,917.5,NA,240,NA
2017,7,3,9,NA,919.5,NA,230,NA
2017,7,3,12,-26.3,921.3,NA,190,NA
2017,7,3,15,-27.6,920.7,NA,100,NA
2017,7,3,18,-27.4,919.9,4,80,NA
2017,7,3,21,-28.2,919.2,3,140,NA
2017,7,4,0,-29.1,918.6,2,200,NA
2017,7,4,3,-29.3,918.2,3,220,NA
2017,7,4,6,-29.6,918,NA,NA,NA
2017,7,4,9,-29.3,917.9,1,40,NA
2017,7,4,12,-30.5,917.8,1,10,NA
2017,7,4,15,-30.3,917.3,NA,20,NA
2017,7,4,18,-30.3,917.2,NA,30,NA
2017,7,4,21,-30.9,917.8,NA,310,NA
2017,7,5,0,-31,917.6,2,270,NA
2017,7,5,3,-31.2,917.6,2,310,NA
2017,7,5,6,-30.8,917.2,1,280,NA
2017,7,5,9,-30.8,917.2,3,250,NA
2017,7,5,12,-27.6,916.9,2,270,NA
2017,7,5,15,-27.2,916.8,4,30,NA
2017,7,5,18,-27.8,915.4,NA,20,NA
2017,7,5,21,-26.1,913.1,NA,30,NA
2017,7,6,0,-27.4,912.1,6,260,NA
2017,7,6,3,-26.8,911,NA,290,NA
2017,7,6,6,-24.6,910.3,NA,30,NA
2017,7,6,9,-23.5,909.4,4,270,NA
2017,7,6,12,-25,909.7,NA,260,NA
2017,7,6,15,-25.2,910.1,NA,0,NA
2017,7,6,18,-27.7,911,NA,260,NA
2017,7,6,21,-28.1,911.5,NA,70,NA
2017,7,7,0,-30.2,912,NA,30,NA
2017,7,7,3,-30.1,911.7,8,10,NA
2017,7,7,6,-30,911.5,NA,350,NA
2017,7,7,9,-28.9,911.1,NA,300,NA
2017,7,7,12,NA,911,NA,360,NA
2017,7,7,15,NA,911.8,3,50,NA
2017,7,7,18,-22.2,913.3,2,240,NA
2017,7,7,21,-20.7,914.2,NA,260,NA
2017,7,8,0,-20.7,914.7,NA,230,NA
2017,7,8,3,-18.4,913,NA,270,NA
2017,7,8,6,-17.9,911.1,NA,350,NA
2017,7,8,9,-17.5,910,NA,10,NA
2017,7,8,12,-19.1,909.7,NA,250,NA
2017,7,8,15,-21.3,910.4,NA,230,NA
2017,7,8,18,-23.4,910.6,NA,230,NA
2017,7,8,21,-24.3,910.1,NA,240,NA
2017,7,9,0,-25.8,911.2,NA,230,NA
2017,7,9,3,-25.4,911.5,NA,240,NA
2017,7,9,6,-25.8,911.6,7,240,NA
2017,7,9,9,-24.7,912.4,3,320,NA
2017,7,9,12,-24.3,913.2,NA,70,NA
2017,7,9,15,-24.5,914,3,270,NA
2017,7,9,18,-25.2,915.3,4,250,NA
2017,7,9,21,-26.8,916.4,5,230,NA
2017,7,10,0,-27.1,917.8,6,10,NA
2017,7,10,3,-26.8,919.4,5,260,NA
2017,7,10,6,-26.5,921.7,NA,360,NA
2017,7,10,9,-26.9,923.2,NA,210,NA
2017,7,10,12,-27.1,924.7,NA,240,NA
2017,7,10,15,-26.3,924.9,NA,240,NA
2017,7,10,18,-26.9,923.1,NA,NA,NA
2017,7,10,21,-26,920.2,NA,NA,NA
2017,7,11,0,-26.8,916.7,NA,NA,NA
2017,7,11,3,-27.2,914.8,NA,240,NA
2017,7,11,6,-26.7,912.2,NA,NA,NA
2017,7,11,9,-26,909.9,NA,NA,NA
2017,7,11,12,-25.8,911.6,NA,NA,NA
2017,7,11,15,-25.6,912.3,NA,NA,NA
2017,7,11,18,-25.9,917.5,NA,NA,NA
2017,7,11,21,-25.7,919.1,NA,250,NA
2017,7,12,0,-27.7,923,NA,230,NA
2017,7,12,3,-26.9,921.7,NA,10,NA
2017,7,12,6,-27.5,920.2,NA,20,NA
2017,7,12,9,-28,920.8,NA,360,NA
2017,7,12,12,-27.5,920.7,NA,30,NA
2017,7,12,15,-28.2,917.2,NA,10,NA
2017,7,12,18,NA,914.8,NA,340,NA
2017,7,12,21,NA,912.3,NA,260,NA
2017,7,13,0,-18.2,910.7,NA,220,NA
2017,7,13,3,NA,909.9,NA,230,NA
2017,7,13,6,NA,908.4,NA,70,NA
2017,7,13,9,-24.4,908.5,NA,40,NA
2017,7,13,12,-25.3,909.4,9,20,NA
2017,7,13,15,-27.1,909.9,NA,80,NA
2017,7,13,18,-28.1,911.8,7,90,NA
2017,7,13,21,-28.7,911.1,NA,20,NA
2017,7,14,0,-28.3,910.6,NA,360,NA
2017,7,14,3,-26.1,910,NA,20,NA
2017,7,14,6,NA,909.7,NA,70,NA
2017,7,14,9,NA,910.5,NA,250,NA
2017,7,14,12,NA,915.4,NA,180,NA
2017,7,14,15,NA,916.3,NA,100,NA
2017,7,14,18,-30.1,917.7,NA,70,NA
2017,7,14,21,-30.2,918.5,6,50,NA
2017,7,15,0,-29.7,919.3,NA,240,NA
2017,7,15,3,-30.2,919.3,3,270,NA
2017,7,15,6,-30.4,918.3,1,50,NA
2017,7,15,9,-31.9,919.1,NA,250,NA
2017,7,15,12,-31.1,921.2,NA,220,NA
2017,7,15,15,-31.2,922.9,NA,190,NA
2017,7,15,18,-31.4,923.3,NA,0,NA
2017,7,15,21,-32.6,923.2,NA,240,NA
2017,7,16,0,-32.6,924.8,NA,240,NA
2017,7,16,3,-30.6,925.4,9,250,NA
2017,7,16,6,-28.8,926.6,NA,10,NA
2017,7,16,9,-28.1,926.6,NA,30,NA
2017,7,16,12,-27.9,926.5,NA,30,NA
2017,7,16,15,-27.5,925.7,NA,40,NA
2017,7,16,18,-26.7,925.3,NA,30,NA
2017,7,16,21,-24.1,924.4,NA,0,NA
2017,7,17,0,-24.5,923.7,NA,240,NA
2017,7,17,3,-27.8,922.7,NA,270,NA
2017,7,17,6,-27.7,921.8,NA,250,NA
2017,7,17,9,-26.4,921.6,NA,0,NA
2017,7,17,12,-24.8,921.4,NA,290,NA
2017,7,17,15,-24.9,920.6,4,270,NA
2017,7,17,18,-25.1,920.1,3,240,NA
2017,7,17,21,-25.4,919.6,4,270,NA
2017,7,18,0,-24.3,918.6,1,240,NA
2017,7,18,3,-26.9,917.9,3,260,NA
2017,7,18,6,-27.3,916,1,250,NA
2017,7,18,9,-26.7,914.4,NA,30,NA
2017,7,18,12,-26.5,911.9,NA,10,NA
2017,7,18,15,-25.5,909.6,NA,260,NA
2017,7,18,18,-25.4,908.7,NA,40,NA
2017,7,18,21,-22.7,906.7,5,270,NA
2017,7,19,0,-24.4,905.6,3,350,NA
2017,7,19,3,-23.6,904.5,3,330,NA
2017,7,19,6,-24.9,904.3,2,270,NA
2017,7,19,9,-25.9,904.9,NA,20,NA
2017,7,19,12,-28.1,906.2,NA,260,NA
2017,7,19,15,-25.8,906.9,NA,260,NA
2017,7,19,18,-27.3,908.1,3,170,NA
2017,7,19,21,-29,908.5,7,40,NA
2017,7,20,0,-27.8,909.3,NA,240,NA
2017,7,20,3,-26.1,909.5,NA,290,NA
2017,7,20,6,-25.7,909.5,NA,270,NA
2017,7,20,9,-25.5,910.2,NA,270,NA
2017,7,20,12,-24.3,910.5,NA,240,NA
2017,7,20,15,-23.9,909.4,NA,230,NA
2017,7,20,18,-23.9,909.7,NA,240,NA
2017,7,20,21,-23.5,905.5,NA,250,NA
2017,7,21,0,-27.1,912.2,NA,230,NA
2017,7,21,3,-24.1,909.8,NA,240,NA
2017,7,21,6,NA,908.6,NA,240,NA
2017,7,21,9,-20.3,904.1,NA,NA,NA
2017,7,21,12,-18.2,904.2,54,NA,NA
2017,7,21,15,-16.7,906.4,NA,250,NA
2017,7,21,18,-14.2,904.5,NA,NA,NA
2017,7,21,21,-17.5,906.4,NA,NA,NA
2017,7,22,0,-18.2,907.8,NA,NA,NA
2017,7,22,3,-19.1,910.7,NA,NA,NA
2017,7,22,6,-19.6,911.3,NA,260,NA
2017,7,22,9,-19.8,915.4,NA,230,NA
2017,7,22,12,-22.5,916.9,NA,250,NA
2017,7,22,15,-23.5,918.5,NA,240,NA
2017,7,22,18,-24.5,923.3,NA,230,NA
2017,7,22,21,-25,926.9,NA,280,NA
2017,7,23,0,-25,929.9,NA,220,NA
2017,7,23,3,-26.1,930.8,NA,250,NA
2017,7,23,6,-26.1,931.6,NA,230,NA
2017,7,23,9,-25,930.1,NA,220,NA
2017,7,23,12,-26.7,929.6,NA,220,NA
2017,7,23,15,-27.4,929.5,NA,220,NA
2017,7,23,18,-26.5,926.9,NA,230,NA
2017,7,23,21,-24.7,924,NA,NA,NA
2017,7,24,0,-25.9,923.8,57,NA,NA
2017,7,24,3,-26.5,923.1,NA,NA,NA
2017,7,24,6,-25.4,927.9,NA,NA,NA
2017,7,24,9,-23.6,927.5,NA,NA,NA
2017,7,24,12,-22.1,929.6,NA,240,NA
2017,7,24,15,-21.4,930,NA,240,NA
2017,7,24,18,-20.4,929.7,NA,240,NA
2017,7,24,21,-19.8,929,NA,230,NA
2017,7,25,0,-20,927.1,34,NA,NA
2017,7,25,3,-22.3,926.4,NA,NA,NA
2017,7,25,6,-23.5,922.6,NA,NA,NA
2017,7,25,9,-22.6,916.3,NA,NA,NA
2017,7,25,12,-22.5,915.1,NA,NA,NA
2017,7,25,15,-23.5,908.6,NA,NA,NA
2017,7,25,18,-24.2,906.4,NA,NA,NA
2017,7,25,21,-24.6,901.3,NA,NA,NA
2017,7,26,0,-24.2,897.8,NA,NA,NA
2017,7,26,3,-23.6,906.3,NA,NA,NA
2017,7,26,6,-23.7,903.3,NA,230,NA
2017,7,26,9,-24,907.4,NA,240,NA
2017,7,26,12,-23.4,910.1,58,240,NA
2017,7,26,15,-23.6,908.7,55,240,NA
2017,7,26,18,-21.4,906.6,NA,250,NA
2017,7,26,21,-21.9,909.8,45,250,NA
2017,7,27,0,-21.3,907.6,NA,240,NA
2017,7,27,3,-19.7,907.1,NA,250,NA
2017,7,27,6,-20.3,907.6,NA,NA,NA
2017,7,27,9,-19.5,908.6,NA,NA,NA
2017,7,27,12,-20.4,912.9,NA,NA,NA
2017,7,27,15,-20,914.4,NA,360,NA
2017,7,27,18,-19.7,913.3,NA,0,NA
2017,7,27,21,-20.1,911.6,NA,250,NA
2017,7,28,0,-19.9,912.2,NA,240,NA
2017,7,28,3,-19.5,912.9,NA,230,NA
2017,7,28,6,-19,913.7,NA,280,NA
2017,7,28,9,-19.8,915.3,3,250,NA
2017,7,28,12,-18.9,916.3,1,320,NA
2017,7,28,15,-19.1,915.1,NA,20,NA
2017,7,28,18,-19,913.7,NA,270,NA
2017,7,28,21,-20.2,913.7,NA,40,NA
2017,7,29,0,NA,913.2,NA,250,NA
2017,7,29,3,-24.4,912.7,NA,250,NA
2017,7,29,6,-25.2,911.1,NA,240,NA
2017,7,29,9,-25.5,910,NA,230,NA
2017,7,29,12,-26.8,909,4,250,NA
2017,7,29,15,-26.7,908.2,6,220,NA
2017,7,29,18,-27.6,907.3,NA,60,NA
2017,7,29,21,-28.1,906.6,NA,300,NA
2017,7,30,0,-28,908.1,1,360,NA
2017,7,30,3,-28.1,909.4,2,230,NA
2017,7,30,6,-26.6,910.9,NA,200,NA
2017,7,30,9,-27.5,912,2,220,NA
2017,7,30,12,-28.2,912.7,NA,260,NA
2017,7,30,15,-28,913.8,NA,240,NA
2017,7,30,18,-28.4,913.9,NA,220,NA
2017,7,30,21,-28.3,914.3,NA,230,NA
2017,7,31,0,-28.1,915.3,NA,240,NA
2017,7,31,3,-28.6,915.3,30,230,NA
2017,7,31,6,-28.7,915.9,NA,230,NA
2017,7,31,9,-30.8,916.9,NA,240,NA
2017,7,31,12,-31.5,917.3,NA,270,NA
2017,7,31,15,-30.3,917.4,NA,240,NA
2017,7,31,18,-31.7,917.6,NA,270,NA
2017,7,31,21,-32.1,919.3,NA,250,NA
2017,8,1,0,-31.1,921.8,NA,230,NA
2017,8,1,3,-30.7,920,NA,20,NA
2017,8,1,6,-30.9,917.8,NA,20,NA
2017,8,1,9,-31.1,915,NA,60,NA
2017,8,1,12,-29.5,912.4,NA,50,NA
2017,8,1,15,-29.4,911.8,NA,280,NA
2017,8,1,18,-30.3,912.8,NA,290,NA
2017,8,1,21,-32.1,914.1,NA,250,NA
2017,8,2,0,-29.2,916.1,NA,0,NA
2017,8,2,3,-29.7,917.2,NA,50,NA
2017,8,2,6,-29.5,917.3,NA,360,NA
2017,8,2,9,-29.5,916.9,NA,340,NA
2017,8,2,12,-26.7,916.7,NA,260,NA
2017,8,2,15,-26.1,916.6,NA,250,NA
2017,8,2,18,-25.9,916.2,1,250,NA
2017,8,2,21,-27,915.5,4,20,NA
2017,8,3,0,-26,915,NA,30,NA
2017,8,3,3,-28.7,914.4,NA,10,NA
2017,8,3,6,-28.8,913.7,NA,30,NA
2017,8,3,9,-29.2,914.4,NA,40,NA
2017,8,3,12,-29.9,915.1,NA,260,NA
2017,8,3,15,-29.1,915.4,NA,0,NA
2017,8,3,18,-29.7,915.5,NA,250,NA
2017,8,3,21,-30.2,915.6,4,240,NA
2017,8,4,0,-30.7,916,NA,0,NA
2017,8,4,3,-30.6,915.9,2,260,NA
2017,8,4,6,-31.6,916.5,NA,250,NA
2017,8,4,9,-32,918,NA,250,NA
2017,8,4,12,-32.4,919.7,NA,240,NA
2017,8,4,15,-31,921.6,NA,260,NA
2017,8,4,18,-30.7,921.8,NA,260,NA
2017,8,4,21,-29.2,921.4,3,260,NA
2017,8,5,0,-27.6,921.2,1,70,NA
2017,8,5,3,-25.4,921.4,NA,220,NA
2017,8,5,6,-23.4,922,NA,240,NA
2017,8,5,9,-20.5,922.6,NA,220,NA
2017,8,5,12,-19.7,922.9,NA,350,NA
2017,8,5,15,-17.7,922.4,NA,10,NA
2017,8,5,18,-18.2,922.5,NA,270,NA
2017,8,5,21,-22,922.8,NA,260,NA
2017,8,6,0,NA,922.9,NA,240,NA
2017,8,6,3,-23,922.6,NA,270,NA
2017,8,6,6,-26.5,922.4,NA,260,NA
2017,8,6,9,-24.4,922.5,NA,330,NA
2017,8,6,12,-26,922.1,NA,30,NA
2017,8,6,15,-25.5,921.5,1,40,NA
2017,8,6,18,-26.3,921.5,1,250,NA
2017,8,6,21,-28.5,920.1,NA,260,NA
2017,8,7,0,-26.7,920.4,NA,240,NA
2017,8,7,3,-27.8,920.7,NA,270,NA
2017,8,7,6,-28,920.1,NA,250,NA
2017,8,7,9,-27.8,919.3,NA,240,NA
2017,8,7,12,-28,919.5,NA,NA,NA
2017,8,7,15,-26.4,921.6,NA,NA,NA
2017,8,7,18,-25.4,923,NA,230,NA
2017,8,7,21,-24.6,923.7,NA,230,NA
2017,8,8,0,-22.3,922.3,NA,240,NA
2017,8,8,3,-25.3,925,NA,230,NA
2017,8,8,6,-21.3,925.5,NA,350,NA
2017,8,8,9,NA,923.7,NA,10,NA
2017,8,8,12,NA,920.6,NA,20,NA
2017,8,8,15,NA,918.3,NA,250,NA
2017,8,8,18,NA,914.4,5,330,NA
2017,8,8,21,-9.3,909.8,5,30,NA
2017,8,9,0,-9.1,907,NA,250,NA
2017,8,9,3,-10.6,904.1,NA,40,NA
2017,8,9,6,-13,901.9,NA,220,NA
2017,8,9,9,NA,903.5,NA,200,NA
2017,8,9,12,NA,900.9,NA,250,NA
2017,8,9,15,NA,900,NA,250,NA
2017,8,9,18,-23.5,902.1,NA,250,NA
2017,8,9,21,-24.9,905.2,NA,240,NA
2017,8,10,0,-25.9,907.1,NA,240,NA
2017,8,10,3,-26.7,909.8,NA,230,NA
2017,8,10,6,-27.1,910.8,NA,230,NA
2017,8,10,9,-26.2,911.9,NA,240,NA
2017,8,10,12,-28.1,916.4,NA,230,NA
2017,8,10,15,-29.1,916.8,NA,230,NA
2017,8,10,18,-29.3,915.1,NA,280,NA
2017,8,10,21,-29.2,912.3,5,40,NA
2017,8,11,0,-28,910.6,NA,20,NA
2017,8,11,3,-28.9,909.8,NA,340,NA
2017,8,11,6,-29.9,909.5,NA,10,NA
2017,8,11,9,-29.5,909.7,NA,350,NA
2017,8,11,12,-30.2,910.4,NA,310,NA
2017,8,11,15,-30.4,910.2,5,10,NA
2017,8,11,18,-30.6,910.1,4,260,NA
2017,8,11,21,-32.4,910.2,2,250,NA
2017,8,12,0,-30.3,910.7,3,230,NA
2017,8,12,3,-31.3,910.8,NA,240,NA
2017,8,12,6,-30.9,911.8,NA,240,NA
2017,8,12,9,-31.2,910.4,NA,230,NA
2017,8,12,12,-31.6,907.3,NA,230,NA
2017,8,12,15,-32,905.1,NA,240,NA
2017,8,12,18,-31.9,901.9,NA,230,NA
2017,8,12,21,-31.4,900.9,NA,NA,NA
2017,8,13,0,-29.8,898.9,NA,NA,NA
2017,8,13,3,-30,893,NA,250,NA
2017,8,13,6,-28,893.4,NA,240,NA
2017,8,13,9,-26.6,894.8,NA,230,NA
2017,8,13,12,-25.5,895.3,NA,240,NA
2017,8,13,15,-25.6,895.5,NA,250,NA
2017,8,13,18,-23.8,895.8,NA,250,NA
2017,8,13,21,-23.3,900.4,NA,240,NA
2017,8,14,0,-22,901.6,NA,240,NA
2017,8,14,3,-21.3,903.7,NA,250,NA
2017,8,14,6,-23.3,905,NA,230,NA
2017,8,14,9,-20.3,902,NA,240,NA
2017,8,14,12,-20,901.4,NA,230,NA
2017,8,14,15,-21.1,901.4,44,240,NA
2017,8,14,18,-19,900.9,NA,240,NA
2017,8,14,21,-17.5,899.2,NA,250,NA
2017,8,15,0,-16.6,900,NA,240,NA
2017,8,15,3,-15.2,899.3,NA,240,NA
2017,8,15,6,-16.6,904.3,NA,240,NA
2017,8,15,9,-17,907.6,NA,260,NA
2017,8,15,12,-18.5,909.6,NA,230,NA
2017,8,15,15,-18.9,913.7,NA,240,NA
2017,8,15,18,-18.7,914.3,NA,30,NA
2017,8,15,21,-19,913,NA,40,NA
2017,8,16,0,-17.3,913.1,NA,260,NA
2017,8,16,3,-15,914.5,NA,260,NA
2017,8,16,6,-15.7,915.9,NA,230,NA
2017,8,16,9,-15.5,917.1,NA,330,NA
2017,8,16,12,-15.7,918.2,4,280,NA
2017,8,16,15,-15.1,919.5,2,350,NA
2017,8,16,18,-16.4,920.8,3,30,NA
2017,8,16,21,-15.8,921.3,4,30,NA
2017,8,17,0,-16.4,922.6,5,300,NA
2017,8,17,3,-17.6,923.9,3,100,NA
2017,8,17,6,-18.5,925.3,NA,90,NA
2017,8,17,9,-18.1,926.3,NA,50,NA
2017,8,17,12,-18.3,927.2,NA,260,NA
2017,8,17,15,-18.9,928.1,NA,70,NA
2017,8,17,18,-20.8,930,NA,250,NA
2017,8,17,21,-18.2,930.6,4,220,NA
2017,8,18,0,-16.5,931.4,NA,150,NA
2017,8,18,3,-17.9,929.6,NA,240,NA
2017,8,18,6,-19.2,925.6,NA,230,NA
2017,8,18,9,-18.9,920,NA,230,NA
2017,8,18,12,-19.5,913.2,NA,240,NA
2017,8,18,15,-19.9,911.5,NA,250,NA
2017,8,18,18,-19.6,907.3,NA,NA,NA
2017,8,18,21,-19.7,911.1,NA,NA,NA
2017,8,19,0,-21.1,NA,51,NA,NA
2017,8,19,3,-21,920.7,NA,250,NA
2017,8,19,6,-19.5,922.4,NA,250,NA
2017,8,19,9,-18.2,923.1,NA,240,NA
2017,8,19,12,-18.7,923.5,NA,330,NA
2017,8,19,15,-18.6,923.7,NA,250,NA
2017,8,19,18,-18.8,924,NA,290,NA
2017,8,19,21,-19.2,923.5,NA,280,NA
2017,8,20,0,-20,923.1,NA,250,NA
2017,8,20,3,-20.4,923.1,NA,240,NA
2017,8,20,6,-20.7,923,NA,110,NA
2017,8,20,9,-22.4,922.3,NA,240,NA
2017,8,20,12,-24.5,921.2,NA,270,NA
2017,8,20,15,-25.4,919.7,NA,260,NA
2017,8,20,18,-23.9,919.6,NA,50,NA
2017,8,20,21,-26.8,918.7,NA,260,NA
2017,8,21,0,-24.8,917.7,1,20,NA
2017,8,21,3,-24.3,916,NA,NA,NA
2017,8,21,6,-25.2,913.4,2,350,NA
2017,8,21,9,-24.7,910.2,2,10,NA
2017,8,21,12,-23.7,907.1,1,270,NA
2017,8,21,15,-23.4,903.6,4,250,NA
2017,8,21,18,-21.6,901.1,NA,250,NA
2017,8,21,21,-20.1,898,NA,10,NA
2017,8,22,0,-21.3,895.1,NA,20,NA
2017,8,22,3,-20.1,892.5,NA,330,NA
2017,8,22,6,-22.7,890.6,NA,240,NA
2017,8,22,9,-22.1,891,NA,250,NA
2017,8,22,12,-19.9,894,NA,240,NA
2017,8,22,15,-21.7,896.4,NA,250,NA
2017,8,22,18,-21.8,899.7,NA,270,NA
2017,8,22,21,-22,903,NA,200,NA
2017,8,23,0,-22.2,905.2,NA,240,NA
2017,8,23,3,-22.6,906.1,NA,250,NA
2017,8,23,6,-20.8,906.9,NA,290,NA
2017,8,23,9,-23.2,906.5,NA,250,NA
2017,8,23,12,-21.6,907.6,NA,280,NA
2017,8,23,15,-21.7,907.7,NA,0,NA
2017,8,23,18,-22.3,907.9,NA,40,NA
2017,8,23,21,-22.3,908.6,4,280,NA
2017,8,24,0,-21.4,909.3,2,290,NA
2017,8,24,3,-19.8,910.8,NA,230,NA
2017,8,24,6,-18.2,912.5,NA,240,NA
2017,8,24,9,-16.9,914.5,NA,250,NA
2017,8,24,12,-16.3,917.5,NA,250,NA
2017,8,24,15,-17.2,919.2,NA,270,NA
2017,8,24,18,-16.3,920.3,NA,10,NA
2017,8,24,21,-15.9,921.4,NA,310,NA
2017,8,25,0,-17.2,921.2,NA,30,NA
2017,8,25,3,-14.3,919.3,NA,260,NA
2017,8,25,6,-15,916.4,NA,10,NA
2017,8,25,9,-18.5,913.9,NA,10,NA
2017,8,25,12,NA,910.3,NA,270,NA
2017,8,25,15,-23.1,904.7,NA,240,NA
2017,8,25,18,-23.2,901.1,NA,230,NA
2017,8,25,21,-22.7,901.1,NA,230,NA
2017,8,26,0,-21,902.3,NA,230,NA
2017,8,26,3,-20.3,902.9,NA,240,NA
2017,8,26,6,-19.6,904.5,NA,250,NA
2017,8,26,9,-20.2,905.6,34,240,NA
2017,8,26,12,-20.7,909,NA,260,NA
2017,8,26,15,-20.8,909.3,NA,10,NA
2017,8,26,18,-21.1,908.5,NA,50,NA
2017,8,26,21,-22.5,907.7,NA,0,NA
2017,8,27,0,-22.1,908.3,NA,20,NA
2017,8,27,3,-22.2,908,NA,240,NA
2017,8,27,6,-22.5,907.9,NA,70,NA
2017,8,27,9,-23.2,907,1,100,NA
2017,8,27,12,-24,905.8,NA,NA,NA
2017,8,27,15,-23.9,904.3,1,70,NA
2017,8,27,18,-23.8,902.5,1,280,NA
2017,8,27,21,-23.5,901.2,1,290,NA
2017,8,28,0,-25,899.6,NA,260,NA
2017,8,28,3,-26.5,898.1,NA,250,NA
2017,8,28,6,-26.9,896.8,NA,250,NA
2017,8,28,9,-27.8,895.7,NA,240,NA
2017,8,28,12,-28.5,895.5,NA,240,NA
2017,8,28,15,-29.4,896.6,19,NA,NA
2017,8,28,18,-29.8,898.2,18,NA,NA
2017,8,28,21,-30.9,901.1,NA,NA,NA
2017,8,29,0,-31.3,904.2,15,230,NA
2017,8,29,3,-31.9,906.7,14,240,NA
2017,8,29,6,-33.2,908.4,NA,240,NA
2017,8,29,9,-33.5,910.1,NA,230,NA
2017,8,29,12,-34.3,910.5,NA,250,NA
2017,8,29,15,-34.4,910.6,NA,240,NA
2017,8,29,18,-35,910.4,4,240,NA
2017,8,29,21,-35,909.8,7,240,NA
2017,8,30,0,-35,909.2,NA,230,NA
2017,8,30,3,-34.8,908.8,8,NA,NA
2017,8,30,6,-34.2,906.7,NA,NA,NA
2017,8,30,9,-33.3,906,NA,240,NA
2017,8,30,12,-32.5,903.9,NA,240,NA
2017,8,30,15,-32,902.2,NA,240,NA
2017,8,30,18,-31.5,901.4,NA,230,NA
2017,8,30,21,-31.3,904.4,NA,240,NA
2017,8,31,0,-31.2,905.8,NA,250,NA
2017,8,31,3,-30.6,909.2,NA,240,NA
2017,8,31,6,-30.4,911.5,NA,240,NA
2017,8,31,9,-30.4,914.1,NA,280,NA
2017,8,31,12,-29.2,915.2,NA,270,NA
2017,8,31,15,-30.7,913.9,NA,360,NA
2017,8,31,18,-29.9,910.8,NA,30,NA
2017,8,31,21,-31.8,907.7,16,30,NA
2017,9,1,0,-32.1,905.6,NA,360,NA
2017,9,1,3,-32.5,904.2,NA,310,NA
2017,9,1,6,-33.2,903.1,NA,290,NA
2017,9,1,9,-33.5,901.6,NA,50,NA
2017,9,1,12,-34.1,900.7,4,260,NA
2017,9,1,15,-35.3,900.1,NA,270,NA
2017,9,1,18,-34.3,899.7,5,240,NA
2017,9,1,21,-33.5,899.8,NA,260,NA
2017,9,2,0,NA,899.7,NA,240,NA
2017,9,2,3,NA,900,NA,NA,NA
2017,9,2,6,-25.8,900.8,NA,NA,NA
2017,9,2,9,-24.3,901.7,19,NA,NA
2017,9,2,12,-21.9,903.7,NA,230,NA
2017,9,2,15,-20.9,905,NA,360,NA
2017,9,2,18,-21.1,907.3,NA,250,NA
2017,9,2,21,-21.7,909.3,NA,240,NA
2017,9,3,0,-21.7,912.4,NA,210,NA
2017,9,3,3,-23.3,914.7,NA,50,NA
2017,9,3,6,-24.8,916.5,NA,270,NA
2017,9,3,9,-24.8,918.1,NA,240,NA
2017,9,3,12,-25.6,919.9,2,90,NA
2017,9,3,15,-26.4,921.2,3,40,NA
2017,9,3,18,-28.4,923.2,2,20,NA
2017,9,3,21,-28.6,926.1,1,50,NA
2017,9,4,0,-28,927.9,NA,210,NA
2017,9,4,3,-23.8,928.4,NA,240,NA
2017,9,4,6,NA,928.5,NA,240,NA
2017,9,4,9,-20.7,928.5,NA,270,NA
2017,9,4,12,-19.1,928.7,NA,350,NA
2017,9,4,15,-23.3,929.4,NA,170,NA
2017,9,4,18,-22.8,928,NA,340,NA
2017,9,4,21,-23.9,926.4,NA,20,NA
2017,9,5,0,-24.2,925.6,NA,360,NA
2017,9,5,3,-22.6,923.2,NA,10,NA
2017,9,5,6,-25.8,920.3,NA,10,NA
2017,9,5,9,-24.3,917.6,NA,290,NA
2017,9,5,12,-24.5,915.2,NA,270,NA
2017,9,5,15,-23.7,913.1,NA,250,NA
2017,9,5,18,NA,911.7,NA,250,NA
2017,9,5,21,-27.7,913,NA,190,NA
2017,9,6,0,-27.5,912.8,NA,240,NA
2017,9,6,3,-26.2,914,NA,230,NA
2017,9,6,6,-27.1,917.6,NA,NA,NA
2017,9,6,9,-27.4,920.1,NA,NA,NA
2017,9,6,12,-28,923.3,NA,NA,NA
2017,9,6,15,-27.4,926.8,NA,240,NA
2017,9,6,18,-26.8,930.6,NA,220,NA
2017,9,6,21,-27.2,931.2,NA,10,NA
2017,9,7,0,-24.4,931.1,NA,360,NA
2017,9,7,3,NA,930.5,NA,350,NA
2017,9,7,6,NA,928.6,NA,10,NA
2017,9,7,9,NA,927.1,NA,10,NA
2017,9,7,12,NA,927.3,NA,310,NA
2017,9,7,15,NA,928.5,NA,270,NA
2017,9,7,18,NA,929.7,NA,240,NA
2017,9,7,21,NA,930.9,NA,240,NA
2017,9,8,0,-21.4,933.8,NA,290,NA
2017,9,8,3,-23.8,931.4,NA,30,NA
2017,9,8,6,-25.3,928.3,NA,360,NA
2017,9,8,9,-25.2,926.9,NA,0,NA
2017,9,8,12,-25.7,924.7,NA,240,NA
2017,9,8,15,NA,922.8,NA,190,NA
2017,9,8,18,NA,920.2,NA,20,NA
2017,9,8,21,NA,918.9,NA,30,NA
2017,9,9,0,-15,919.5,12,40,NA
2017,9,9,3,-15.5,920.3,12,50,NA
2017,9,9,6,NA,920.2,NA,240,NA
2017,9,9,9,NA,920.6,NA,230,NA
2017,9,9,12,-22.1,920.7,NA,230,NA
2017,9,9,15,-22.5,921.3,NA,220,NA
2017,9,9,18,-24,923.8,NA,280,NA
2017,9,9,21,-22.3,924.5,NA,10,NA
2017,9,10,0,-22.4,924.7,NA,30,NA
2017,9,10,3,-23.2,924.4,NA,40,NA
2017,9,10,6,-21.3,923.2,NA,30,NA
2017,9,10,9,-22.8,922,NA,320,NA
2017,9,10,12,-24.5,920.4,NA,270,NA
2017,9,10,15,-24.1,918.5,NA,240,NA
2017,9,10,18,-21.4,919,NA,240,NA
2017,9,10,21,-20.7,917,NA,30,NA
2017,9,11,0,NA,914.7,NA,220,NA
2017,9,11,3,-22,912.1,NA,230,NA
2017,9,11,6,NA,909.6,NA,250,NA
2017,9,11,9,-22,910.1,NA,230,NA
2017,9,11,12,-22.2,911.7,NA,210,NA
2017,9,11,15,-22.4,912.9,NA,220,NA
2017,9,11,18,-22.8,913.7,NA,260,NA
2017,9,11,21,-23,913.5,4,20,NA
2017,9,12,0,-23.3,913.4,NA,350,NA
2017,9,12,3,-22.8,913.6,NA,90,NA
2017,9,12,6,-23.6,915.9,5,240,NA
2017,9,12,9,-25.4,918,NA,250,NA
2017,9,12,12,-24.6,918.3,NA,90,NA
2017,9,12,15,-25.1,918.8,NA,260,NA
2017,9,12,18,-25.7,918.7,4,230,NA
2017,9,12,21,-27,919.6,NA,230,NA
2017,9,13,0,-27.7,921.3,8,220,NA
2017,9,13,3,-27.6,923,NA,250,NA
2017,9,13,6,-27.2,923.9,NA,30,NA
2017,9,13,9,-27.3,924.2,NA,30,NA
2017,9,13,12,-27.1,924.2,4,40,NA
2017,9,13,15,-26.8,924.8,8,10,NA
2017,9,13,18,-26.2,927,5,20,NA
2017,9,13,21,-24.8,925.2,6,10,NA
2017,9,14,0,-23.8,925,4,350,NA
2017,9,14,3,-21.6,923.3,4,340,NA
2017,9,14,6,NA,920.6,NA,NA,NA
2017,9,14,9,-20.3,919.3,3,240,NA
2017,9,14,12,-19.8,919.4,4,240,NA
2017,9,14,15,-17.1,919.8,NA,NA,NA
2017,9,14,18,-18.5,919.4,NA,NA,NA
2017,9,14,21,-19.5,920.2,NA,40,NA
2017,9,15,0,-19.9,920.8,NA,10,NA
2017,9,15,3,-19.1,921.4,NA,10,NA
2017,9,15,6,-20,923.7,NA,20,NA
2017,9,15,9,-20.9,925.7,NA,30,NA
2017,9,15,12,-22.3,926.8,NA,40,NA
2017,9,15,15,-23.4,926.8,NA,230,NA
2017,9,15,18,-23.7,926,3,330,NA
2017,9,15,21,-23.9,925.1,2,50,NA
2017,9,16,0,-25.8,924,5,270,NA
2017,9,16,3,-25.6,922.5,NA,260,NA
2017,9,16,6,-26.2,921,NA,NA,NA
2017,9,16,9,-26.1,920.5,NA,NA,NA
2017,9,16,12,-26.1,919.4,NA,NA,NA
2017,9,16,15,-26.2,918.2,NA,NA,NA
2017,9,16,18,-26.1,916.9,NA,NA,NA
2017,9,16,21,-26.4,917.1,NA,NA,NA
2017,9,17,0,-26.7,919.2,NA,NA,NA
2017,9,17,3,-26.8,922.3,NA,NA,NA
2017,9,17,6,-27.1,924.4,NA,230,NA
2017,9,17,9,-27.9,925.9,NA,230,NA
2017,9,17,12,-27.9,926.7,NA,230,NA
2017,9,17,15,-27.7,927.2,NA,50,NA
2017,9,17,18,-27.2,926.7,NA,10,NA
2017,9,17,21,-28,925.9,5,30,NA
2017,9,18,0,-24.6,924.8,7,330,NA
2017,9,18,3,NA,923.1,NA,20,NA
2017,9,18,6,NA,921,NA,280,NA
2017,9,18,9,NA,920.1,NA,250,NA
2017,9,18,12,NA,920.3,NA,50,NA
2017,9,18,15,NA,922.6,NA,250,NA
2017,9,18,18,NA,920.9,NA,350,NA
2017,9,18,21,-19.8,920.4,NA,30,NA
2017,9,19,0,-19.4,920,NA,20,NA
2017,9,19,3,-17.2,920,NA,20,NA
2017,9,19,6,-17.9,920.6,NA,30,NA
2017,9,19,9,-15.7,921.2,NA,10,NA
2017,9,19,12,-15.4,921.1,NA,10,NA
2017,9,19,15,-15.8,920.9,NA,20,NA
2017,9,19,18,-15.2,919.7,NA,270,NA
2017,9,19,21,-16.6,918.7,NA,20,NA
2017,9,20,0,-15.6,917.6,NA,10,NA
2017,9,20,3,-13.8,916.4,NA,40,NA
2017,9,20,6,-14.7,915.3,NA,20,NA
2017,9,20,9,-17.5,914.2,4,40,NA
2017,9,20,12,-18.3,912.1,NA,40,NA
2017,9,20,15,-17,909.1,2,260,NA
2017,9,20,18,-18.6,907.5,NA,250,NA
2017,9,20,21,NA,908.9,NA,240,NA
2017,9,21,0,NA,911.2,NA,220,NA
2017,9,21,3,-24.7,912,NA,40,NA
2017,9,21,6,-25.2,910.9,NA,30,NA
2017,9,21,9,-25.4,910,NA,30,NA
2017,9,21,12,-25.3,910,NA,60,NA
2017,9,21,15,-25.5,910.3,NA,230,NA
2017,9,21,18,-27.5,909.7,NA,230,NA
2017,9,21,21,-28.7,910.4,NA,240,NA
2017,9,22,0,-29.7,911.8,NA,230,NA
2017,9,22,3,-30.5,912.8,NA,250,NA
2017,9,22,6,-29.8,912.9,NA,40,NA
2017,9,22,9,-30.2,910.9,NA,30,NA
2017,9,22,12,-29.4,909.1,NA,30,NA
2017,9,22,15,-29.7,908.6,NA,30,NA
2017,9,22,18,-30.7,908.4,NA,240,NA
2017,9,22,21,-30.1,907,NA,250,NA
2017,9,23,0,-30,906.7,4,260,NA
2017,9,23,3,-31,905.2,NA,240,NA
2017,9,23,6,-31.4,904.7,NA,250,NA
2017,9,23,9,-30.8,903.9,NA,40,NA
2017,9,23,12,-31.1,903.5,NA,360,NA
2017,9,23,15,-30.3,902.7,NA,10,NA
2017,9,23,18,-30.6,901.5,NA,30,NA
2017,9,23,21,-31.7,900.5,NA,10,NA
2017,9,24,0,-31.5,900.4,15,20,NA
2017,9,24,3,-31.5,901.1,NA,30,NA
2017,9,24,6,-31.8,901.3,NA,70,NA
2017,9,24,9,-32.2,902,NA,310,NA
2017,9,24,12,-31.8,902.9,NA,NA,NA
2017,9,24,15,-31.9,903.5,1,210,NA
2017,9,24,18,-33,904,4,240,NA
2017,9,24,21,-32.3,904.4,3,260,NA
2017,9,25,0,-32.1,905.2,NA,230,NA
2017,9,25,3,-32.5,906,NA,260,NA
2017,9,25,6,-30.9,906,3,260,NA
2017,9,25,9,-32.7,905.7,NA,250,NA
2017,9,25,12,-30.9,906,NA,250,NA
2017,9,25,15,-33,905.3,NA,250,NA
2017,9,25,18,-31.1,906.1,NA,240,NA
2017,9,25,21,-30.4,906.5,NA,240,NA
2017,9,26,0,-28.4,908.8,NA,250,NA
2017,9,26,3,-30.6,909.7,NA,250,NA
2017,9,26,6,-30.1,910.7,19,240,NA
2017,9,26,9,-29.7,912.4,19,250,NA
2017,9,26,12,-29.5,913.6,NA,250,NA
2017,9,26,15,-29,913.4,NA,240,NA
2017,9,26,18,-30.1,912.8,12,240,NA
2017,9,26,21,-31.2,911.9,NA,250,NA
2017,9,27,0,-31.3,911.7,NA,240,NA
2017,9,27,3,-29,911.3,NA,260,NA
2017,9,27,6,NA,911.4,NA,290,NA
2017,9,27,9,-27.2,911.7,NA,260,NA
2017,9,27,12,-26.9,911.7,NA,40,NA
2017,9,27,15,-27.6,911.2,NA,50,NA
2017,9,27,18,-27.2,911.1,NA,20,NA
2017,9,27,21,-28.1,911.6,NA,50,NA
2017,9,28,0,-28.9,911.1,NA,240,NA
2017,9,28,3,-26.4,910.9,NA,260,NA
2017,9,28,6,-26.2,910.9,6,250,NA
2017,9,28,9,-27.4,910.4,9,250,NA
2017,9,28,12,-26.1,909.9,NA,230,NA
2017,9,28,15,-29.3,909.3,NA,240,NA
2017,9,28,18,-28.7,911.7,NA,240,NA
2017,9,28,21,-29.1,914,NA,250,NA
2017,9,29,0,-26.8,916.8,NA,240,NA
2017,9,29,3,-26.2,918.2,17,250,NA
2017,9,29,6,-28.5,917.8,NA,250,NA
2017,9,29,9,-28.2,918,NA,240,NA
2017,9,29,12,-27.3,916.4,NA,250,NA
2017,9,29,15,-28,912.5,NA,230,NA
2017,9,29,18,-26.5,912.9,NA,230,NA
2017,9,29,21,-25.7,913.2,NA,240,NA
2017,9,30,0,-24.9,912.2,NA,240,NA
2017,9,30,3,-23.9,912.1,39,230,NA
2017,9,30,6,-23.6,911.2,NA,230,NA
2017,9,30,9,-23.2,913.9,NA,230,NA
2017,9,30,12,-26.4,915.1,NA,250,NA
2017,9,30,15,-23.5,912.1,NA,340,NA
2017,9,30,18,-21.9,909.3,NA,0,NA
2017,9,30,21,-21.1,906.5,16,10,NA
2017,10,1,0,-20.8,903.9,NA,20,NA
2017,10,1,3,-21.1,902.8,NA,20,NA
2017,10,1,6,-23.6,903,NA,360,NA
2017,10,1,9,-22.6,903.6,NA,10,NA
2017,10,1,12,-26.6,904.1,NA,70,NA
2017,10,1,15,-24.1,905.2,1,280,NA
2017,10,1,18,-25.9,907,1,330,NA
2017,10,1,21,-27,908.9,NA,240,NA
2017,10,2,0,-28,908.7,NA,240,NA
2017,10,2,3,-25.5,906.7,NA,240,NA
2017,10,2,6,-27.3,903,NA,NA,NA
2017,10,2,9,-27.5,899.4,NA,NA,NA
2017,10,2,12,-27.9,894.5,NA,NA,NA
2017,10,2,15,-27.7,896,NA,NA,NA
2017,10,2,18,-27,893.1,NA,NA,NA
2017,10,2,21,-26.6,893.3,NA,NA,NA
2017,10,3,0,-25.5,895,NA,NA,NA
2017,10,3,3,-24.4,886.2,NA,NA,NA
2017,10,3,6,-23.7,888.5,NA,240,NA
2017,10,3,9,-23.2,889.8,NA,250,NA
2017,10,3,12,-22.4,888.3,NA,NA,NA
2017,10,3,15,-21.9,888.9,NA,NA,NA
2017,10,3,18,-21.8,891.1,NA,NA,NA
2017,10,3,21,-21,889,NA,NA,NA
2017,10,4,0,-20.4,888,NA,NA,NA
2017,10,4,3,-20.6,888.4,NA,240,NA
2017,10,4,6,-20.4,892.6,NA,240,NA
2017,10,4,9,-19.8,892.9,NA,250,NA
2017,10,4,12,-18.9,896,NA,250,NA
2017,10,4,15,-18.1,899.9,NA,240,NA
2017,10,4,18,-16.4,915.6,NA,230,NA
2017,10,4,21,-16.2,921.3,NA,220,NA
2017,10,5,0,-17.9,922.7,NA,230,NA
2017,10,5,3,-17.8,923.8,NA,230,NA
2017,10,5,6,-18.2,920.3,NA,250,NA
2017,10,5,9,-18.1,918.8,NA,240,NA
2017,10,5,12,-17,919.4,50,230,NA
2017,10,5,15,-15.8,918.9,NA,240,NA
2017,10,5,18,-14,918.4,NA,240,NA
2017,10,5,21,-12.7,918.7,NA,240,NA
2017,10,6,0,-13.2,916.5,NA,230,NA
2017,10,6,3,-14.3,918.6,NA,230,NA
2017,10,6,6,-16.7,922.1,NA,230,NA
2017,10,6,9,-17.2,923.1,NA,220,NA
2017,10,6,12,-17,922.2,NA,230,NA
2017,10,6,15,-15.5,921.6,NA,240,NA
2017,10,6,18,-12.9,919,NA,NA,NA
2017,10,6,21,-11.3,916.6,NA,NA,NA
2017,10,7,0,-10.6,917.9,NA,240,NA
2017,10,7,3,-12.9,917,NA,240,NA
2017,10,7,6,-12.8,917,NA,250,NA
2017,10,7,9,-13.1,911.3,NA,250,NA
2017,10,7,12,-14.9,915.6,55,230,NA
2017,10,7,15,NA,921.9,NA,200,NA
2017,10,7,18,-19.6,919,NA,240,NA
2017,10,7,21,-19.1,918,NA,250,NA
2017,10,8,0,-17.9,915.2,NA,240,NA
2017,10,8,3,-17.4,918.1,56,NA,NA
2017,10,8,6,-16.5,918.4,55,NA,NA
2017,10,8,9,-15.3,921.1,NA,NA,NA
2017,10,8,12,-12.8,921,NA,NA,NA
2017,10,8,15,-11.9,921.1,40,NA,NA
2017,10,8,18,-11.8,923,NA,230,NA
2017,10,8,21,-11.8,921.7,NA,360,NA
2017,10,9,0,-10.8,918.9,NA,30,NA
2017,10,9,3,-11.1,915.6,NA,30,NA
2017,10,9,6,-11.4,913.8,NA,40,NA
2017,10,9,9,-15.4,912.2,NA,250,NA
2017,10,9,12,-14.1,911.6,NA,250,NA
2017,10,9,15,-15.9,911.7,NA,230,NA
2017,10,9,18,-15.5,911.2,NA,220,NA
2017,10,9,21,-16.2,910.8,NA,230,NA
2017,10,10,0,-16.7,912.8,NA,240,NA
2017,10,10,3,-18.8,913.4,NA,230,NA
2017,10,10,6,-18.5,915.7,NA,240,NA
2017,10,10,9,-16.9,916.4,NA,260,NA
2017,10,10,12,-17.7,915.9,NA,250,NA
2017,10,10,15,-16.9,916.5,NA,240,NA
2017,10,10,18,-15.9,917.3,NA,240,NA
2017,10,10,21,-17,918.1,NA,40,NA
2017,10,11,0,-16,918.4,NA,110,NA
2017,10,11,3,-14.4,918.7,8,250,NA
2017,10,11,6,-13.8,918.9,NA,30,NA
2017,10,11,9,-14.7,918.8,NA,360,NA
2017,10,11,12,-15.1,919.1,NA,260,NA
2017,10,11,15,-15.1,919.4,7,270,NA
2017,10,11,18,-16.4,920,7,260,NA
2017,10,11,21,-15.8,920.9,3,230,NA
2017,10,12,0,-19.1,922.4,NA,240,NA
2017,10,12,3,-17.4,923.7,5,220,NA
2017,10,12,6,-16.5,924.7,NA,10,NA
2017,10,12,9,-18,925.3,NA,20,NA
2017,10,12,12,-17.4,925.8,NA,350,NA
2017,10,12,15,-17.6,927.6,NA,20,NA
2017,10,12,18,-19.3,928.2,NA,260,NA
2017,10,12,21,-18.8,928.5,NA,20,NA
2017,10,13,0,-18.5,927.7,5,50,NA
2017,10,13,3,-17.8,926.1,NA,30,NA
2017,10,13,6,-16.8,924.7,NA,40,NA
2017,10,13,9,-18.7,923.4,NA,50,NA
2017,10,13,12,-19,922.9,NA,20,NA
2017,10,13,15,-19.1,921.9,NA,0,NA
2017,10,13,18,-20.8,920.6,NA,250,NA
2017,10,13,21,-21.4,919.3,NA,250,NA
2017,10,14,0,-20.3,917.7,NA,230,NA
2017,10,14,3,-18.8,917.4,NA,230,NA
2017,10,14,6,-18.2,917.1,NA,230,NA
2017,10,14,9,-19,919.6,31,240,NA
2017,10,14,12,-20.5,922,NA,250,NA
2017,10,14,15,-19.4,922.7,NA,240,NA
2017,10,14,18,-22.6,922.5,NA,240,NA
2017,10,14,21,-23.2,923.8,23,250,NA
2017,10,15,0,-23.2,924.1,NA,260,NA
2017,10,15,3,-22.9,924.3,NA,250,NA
2017,10,15,6,-22,924.1,NA,250,NA
2017,10,15,9,-20.7,924.2,NA,250,NA
2017,10,15,12,-20.2,924.2,NA,270,NA
2017,10,15,15,-20.5,923,NA,250,NA
2017,10,15,18,-21,922.3,4,220,NA
2017,10,15,21,-19.5,922.2,2,220,NA
2017,10,16,0,-19.6,922,2,230,NA
2017,10,16,3,-19.4,921.6,2,240,NA
2017,10,16,6,-22,921.4,NA,230,NA
2017,10,16,9,-21.7,921,NA,0,NA
2017,10,16,12,-22.4,920,NA,20,NA
2017,10,16,15,-21.7,919.4,NA,260,NA
2017,10,16,18,-20.9,919.8,7,250,NA
2017,10,16,21,-21.9,919.8,NA,230,NA
2017,10,17,0,-23.3,920.4,NA,230,NA
2017,10,17,3,-24.6,920.7,NA,230,NA
2017,10,17,6,-22.6,920.5,NA,270,NA
2017,10,17,9,-23,920.3,NA,240,NA
2017,10,17,12,-24.4,919.8,NA,180,NA
2017,10,17,15,-24.9,918.7,NA,240,NA
2017,10,17,18,-24,918.6,NA,240,NA
2017,10,17,21,-25.8,918.5,NA,200,NA
2017,10,18,0,-26.5,917.8,NA,250,NA
2017,10,18,3,-24.7,917,NA,100,NA
2017,10,18,6,-25.5,914.9,NA,60,NA
2017,10,18,9,-25.8,912,NA,10,NA
2017,10,18,12,-25.9,909.7,NA,10,NA
2017,10,18,15,-26.5,908.4,22,20,NA
2017,10,18,18,-26.6,908.4,NA,20,NA
2017,10,18,21,-26.4,910.3,NA,300,NA
2017,10,19,0,-25.5,911.9,NA,0,NA
2017,10,19,3,-25.6,913.5,4,270,NA
2017,10,19,6,-23.3,914,NA,NA,NA
2017,10,19,9,-22.6,913.9,4,210,NA
2017,10,19,12,-21.6,913.6,NA,NA,NA
2017,10,19,15,-20.8,913.1,4,20,NA
2017,10,19,18,-20.9,913.7,NA,240,NA
2017,10,19,21,-20.4,915.3,NA,240,NA
2017,10,20,0,-20,917,6,220,NA
2017,10,20,3,-18.9,918.2,NA,220,NA
2017,10,20,6,-18,919.1,NA,200,NA
2017,10,20,9,-16.5,919.5,NA,230,NA
2017,10,20,12,-14.7,919.5,NA,240,NA
2017,10,20,15,-14.6,918.9,NA,250,NA
2017,10,20,18,-14.5,921,NA,240,NA
2017,10,20,21,-14.2,922.3,NA,250,NA
2017,10,21,0,-13.9,922.3,NA,240,NA
2017,10,21,3,-11.6,922.5,NA,240,NA
2017,10,21,6,-10.3,921.4,41,250,NA
2017,10,21,9,-8.8,919.3,NA,250,NA
2017,10,21,12,-10.3,920.6,NA,230,NA
2017,10,21,15,-12.2,923.9,NA,230,NA
2017,10,21,18,-13.4,924,NA,230,NA
2017,10,21,21,-15.5,922.9,NA,250,NA
2017,10,22,0,-15.9,921.6,NA,250,NA
2017,10,22,3,-15.8,921.9,NA,280,NA
2017,10,22,6,-12.6,921.3,NA,NA,NA
2017,10,22,9,-12.7,921.7,NA,NA,NA
2017,10,22,12,-13.4,922.7,NA,NA,NA
2017,10,22,15,-13.2,922.5,NA,230,NA
2017,10,22,18,-15.2,924,NA,240,NA
2017,10,22,21,-13.6,922,NA,240,NA
2017,10,23,0,-15.8,923.4,NA,220,NA
2017,10,23,3,-16.6,925.4,NA,240,NA
2017,10,23,6,-14.3,924.9,NA,200,NA
2017,10,23,9,-13.2,922,NA,240,NA
2017,10,23,12,-12.8,922.1,NA,250,NA
2017,10,23,15,-15.6,923.3,37,230,NA
2017,10,23,18,-14.2,923.1,NA,230,NA
2017,10,23,21,-15.7,923.8,NA,230,NA
2017,10,24,0,-17,924.8,NA,240,NA
2017,10,24,3,-17,923.8,NA,260,NA
2017,10,24,6,-13.4,922.6,NA,250,NA
2017,10,24,9,-16,920.9,NA,240,NA
2017,10,24,12,-17.4,919.3,NA,230,NA
2017,10,24,15,-17.2,918.8,NA,230,NA
2017,10,24,18,-17.9,917.9,22,240,NA
2017,10,24,21,-18.3,917.1,19,230,NA
2017,10,25,0,-19.3,916.6,22,230,NA
2017,10,25,3,-19.5,916.6,NA,240,NA
2017,10,25,6,-18.2,915.9,NA,80,NA
2017,10,25,9,-17.6,915.1,NA,0,NA
2017,10,25,12,-19.8,914.9,NA,NA,NA
2017,10,25,15,-20.9,914.5,NA,250,NA
2017,10,25,18,-20.7,914.4,NA,0,NA
2017,10,25,21,-20.1,914.1,3,20,NA
2017,10,26,0,-18.5,913.9,NA,NA,NA
2017,10,26,3,-17.5,913.8,NA,NA,NA
2017,10,26,6,-17.3,913.6,NA,NA,NA
2017,10,26,9,-15.8,913.8,2,260,NA
2017,10,26,12,-17.8,914.4,NA,250,NA
2017,10,26,15,-17.7,914.8,2,260,NA
2017,10,26,18,-17.1,915,3,230,NA
2017,10,26,21,-15.9,915.3,1,220,NA
2017,10,27,0,-13.4,915.2,NA,350,NA
2017,10,27,3,-14.2,915.2,5,20,NA
2017,10,27,6,-13.1,915.5,NA,270,NA
2017,10,27,9,-13.8,916.3,NA,250,NA
2017,10,27,12,-14.3,917,NA,160,NA
2017,10,27,15,-14.2,917.7,4,230,NA
2017,10,27,18,-15.4,917.9,NA,230,NA
2017,10,27,21,-14.6,917.7,NA,230,NA
2017,10,28,0,-14.1,918.5,NA,250,NA
2017,10,28,3,-14,918,NA,30,NA
2017,10,28,6,-12.8,916.3,NA,360,NA
2017,10,28,9,-12.7,914.8,NA,270,NA
2017,10,28,12,-12.4,913.4,NA,350,NA
2017,10,28,15,-12.7,912,NA,250,NA
2017,10,28,18,-10.9,912.2,NA,230,NA
2017,10,28,21,-10.8,912.9,NA,260,NA
2017,10,29,0,-9.6,913.6,NA,70,NA
2017,10,29,3,NA,914.7,NA,240,NA
2017,10,29,6,-14.1,916.1,NA,250,NA
2017,10,29,9,-15.2,917.9,NA,240,NA
2017,10,29,12,-15.6,919.6,NA,230,NA
2017,10,29,15,-15.1,921.3,NA,250,NA
2017,10,29,18,-12.7,923.4,NA,240,NA
2017,10,29,21,-11.8,924.8,NA,50,NA
2017,10,30,0,-11.9,925.9,NA,20,NA
2017,10,30,3,-12.3,927.6,NA,20,NA
2017,10,30,6,-10.7,929.6,NA,260,NA
2017,10,30,9,-10,930.5,NA,310,NA
2017,10,30,12,-8.7,930.8,3,340,NA
2017,10,30,15,-8.9,930.6,NA,NA,NA
2017,10,30,18,-10.7,931.1,2,240,NA
2017,10,30,21,-12.3,931.7,3,270,NA
2017,10,31,0,-12.4,932,3,220,NA
2017,10,31,3,-12.8,932.5,4,240,NA
2017,10,31,6,-13.9,933.4,NA,260,NA
2017,10,31,9,-13.6,934.3,NA,150,NA
2017,10,31,12,-9.7,934.2,NA,350,NA
2017,10,31,15,-9.2,933.2,NA,10,NA
2017,10,31,18,-9.1,932.4,NA,350,NA
2017,10,31,21,-9.3,931.6,NA,20,NA
2017,11,1,0,-7.1,931.4,NA,360,NA
2017,11,1,3,-9.8,931.6,NA,230,NA
2017,11,1,6,NA,931.5,NA,0,NA
2017,11,1,9,-10.2,931,NA,240,NA
2017,11,1,12,-13.2,930,3,20,NA
2017,11,1,15,-14.2,928.4,2,250,NA
2017,11,1,18,-12.1,926.8,1,260,NA
2017,11,1,21,-13.7,925.9,2,220,NA
2017,11,2,0,-13.8,924.9,2,230,NA
2017,11,2,3,-13.3,924.5,NA,60,NA
2017,11,2,6,-13.6,924.6,3,50,NA
2017,11,2,9,-13.2,925.3,3,40,NA
2017,11,2,12,-14.7,926,1,280,NA
2017,11,2,15,-14,926.5,1,20,NA
2017,11,2,18,-14.1,926.5,NA,NA,NA
2017,11,2,21,-14.3,926.7,1,100,NA
2017,11,3,0,-13.6,927.1,1,240,NA
2017,11,3,3,-14.7,927.4,2,220,NA
2017,11,3,6,-14.7,928.2,3,160,NA
2017,11,3,9,-17.5,929.1,NA,270,NA
2017,11,3,12,-17.1,929.6,NA,240,NA
2017,11,3,15,-16.9,930.1,7,250,NA
2017,11,3,18,-16.5,930.7,NA,250,NA
2017,11,3,21,-15.4,931.3,NA,220,NA
2017,11,4,0,-14.2,931.4,NA,NA,NA
2017,11,4,3,-13.7,930.9,NA,NA,NA
2017,11,4,6,-14.9,929.7,NA,NA,NA
2017,11,4,9,-15.7,928,NA,NA,NA
2017,11,4,12,-16.3,926.5,NA,NA,NA
2017,11,4,15,-16.1,924.7,NA,NA,NA
2017,11,4,18,-16.6,922.8,NA,NA,NA
2017,11,4,21,-15.6,921.6,1,130,NA
2017,11,5,0,-15,920.4,3,90,NA
2017,11,5,3,-15.2,919,3,80,NA
2017,11,5,6,-14.1,917.7,1,80,NA
2017,11,5,9,-16.5,917.1,1,210,NA
2017,11,5,12,-17.3,916.7,NA,NA,NA
2017,11,5,15,-17.4,916.6,1,260,NA
2017,11,5,18,-17,917,1,270,NA
2017,11,5,21,-13.1,918,1,270,NA
2017,11,6,0,-15.1,919.3,3,250,NA
2017,11,6,3,-16.4,920.4,5,260,NA
2017,11,6,6,-16.5,921.5,6,250,NA
2017,11,6,9,-17.4,922.8,6,230,NA
2017,11,6,12,-17.9,923.5,6,250,NA
2017,11,6,15,-17.6,923.8,3,250,NA
2017,11,6,18,-16.8,924.3,NA,200,NA
2017,11,6,21,-15.4,924.7,1,210,NA
2017,11,7,0,-13.9,924.8,1,220,NA
2017,11,7,3,-14.2,924.7,2,220,NA
2017,11,7,6,-16.9,924.8,3,120,NA
2017,11,7,9,-16.2,924.4,NA,0,NA
2017,11,7,12,-17.7,923.5,3,180,NA
2017,11,7,15,-18.1,922.1,NA,220,NA
2017,11,7,18,-18.3,920.8,NA,NA,NA
2017,11,7,21,-18.4,919.6,11,NA,NA
2017,11,8,0,-18.3,918,12,NA,NA
2017,11,8,3,-18.3,916,13,NA,NA
2017,11,8,6,-18.5,914.6,14,230,NA
2017,11,8,9,-19,913.4,NA,240,NA
2017,11,8,12,-18.8,911.7,NA,250,NA
2017,11,8,15,-18.6,910,NA,20,NA
2017,11,8,18,-17.6,908.6,3,40,NA
2017,11,8,21,-16,907.4,2,100,NA
2017,11,9,0,-14.7,906.9,1,220,NA
2017,11,9,3,-14.9,907.1,3,250,NA
2017,11,9,6,-15.1,908.1,5,240,NA
2017,11,9,9,-15.6,909.7,5,260,NA
2017,11,9,12,-16.7,911.1,2,240,NA
2017,11,9,15,-16.3,912,NA,0,NA
2017,11,9,18,-14.9,912.9,1,90,NA
2017,11,9,21,-15.8,913.2,3,40,NA
2017,11,10,0,-16.2,913.3,2,110,NA
2017,11,10,3,-13.4,913.1,3,30,NA
2017,11,10,6,-14.8,912.5,NA,20,NA
2017,11,10,9,-13.4,912,NA,360,NA
2017,11,10,12,-13.8,911.2,8,0,NA
2017,11,10,15,-13.6,909.7,NA,260,NA
2017,11,10,18,-14.5,909.3,NA,40,NA
2017,11,10,21,-13.8,909.1,NA,260,NA
2017,11,11,0,-13.8,908.9,3,30,NA
2017,11,11,3,-13.8,908.9,3,20,NA
2017,11,11,6,-14.2,909.1,2,260,NA
2017,11,11,9,-17.1,909.6,5,270,NA
2017,11,11,12,-17.3,909.3,NA,250,NA
2017,11,11,15,-15.7,909.2,4,260,NA
2017,11,11,18,-15.3,908.8,4,310,NA
2017,11,11,21,-13.8,908.7,3,50,NA
2017,11,12,0,-14,908.4,2,140,NA
2017,11,12,3,-13.2,908.1,2,230,NA
2017,11,12,6,-13.7,907.8,3,240,NA
2017,11,12,9,-14.5,907.8,6,240,NA
2017,11,12,12,-16.3,907.5,7,260,NA
2017,11,12,15,-17,907.4,NA,NA,NA
2017,11,12,18,-16.1,908.3,8,NA,NA
2017,11,12,21,-17.8,909,10,NA,NA
2017,11,13,0,-17.4,909.5,NA,250,NA
2017,11,13,3,-15.2,910.1,NA,260,NA
2017,11,13,6,-15.6,910.4,NA,270,NA
2017,11,13,9,-15.6,910.6,4,270,NA
2017,11,13,12,-16.4,910.6,NA,260,NA
2017,11,13,15,-16.5,910.8,8,240,NA
2017,11,13,18,-16.1,911.1,NA,260,NA
2017,11,13,21,-13.7,911.7,NA,250,NA
2017,11,14,0,-14,912.2,3,250,NA
2017,11,14,3,-13.7,912.3,2,240,NA
2017,11,14,6,-15.8,912.4,2,30,NA
2017,11,14,9,-17.9,912,5,30,NA
2017,11,14,12,-17.8,911.6,NA,350,NA
2017,11,14,15,-17.4,911.5,NA,250,NA
2017,11,14,18,-18.3,911.6,5,250,NA
2017,11,14,21,-14.7,911.8,3,280,NA
2017,11,15,0,-15.2,912.2,NA,230,NA
2017,11,15,3,-13,911.4,NA,230,NA
2017,11,15,6,-12.2,910.5,NA,230,NA
2017,11,15,9,-12.3,910.1,NA,240,NA
2017,11,15,12,-11.5,909.1,NA,240,NA
2017,11,15,15,-11.9,909.8,NA,240,NA
2017,11,15,18,-11.5,907.9,NA,250,NA
2017,11,15,21,-10.9,907.5,NA,240,NA
2017,11,16,0,-12,907.4,NA,NA,NA
2017,11,16,3,-11.8,906.7,NA,NA,NA
2017,11,16,6,-10.9,906.4,NA,NA,NA
2017,11,16,9,-10.9,906.2,NA,NA,NA
2017,11,16,12,-11.2,906.8,NA,NA,NA
2017,11,16,15,-11.8,908.6,NA,230,NA
2017,11,16,18,-11.4,907.6,NA,240,NA
2017,11,16,21,-12.9,909.6,NA,230,NA
2017,11,17,0,-11.6,908.8,NA,NA,NA
2017,11,17,3,-11.6,910.1,NA,NA,NA
2017,11,17,6,-12.7,911.2,28,NA,NA
2017,11,17,9,-12.4,912.4,29,NA,NA
2017,11,17,12,-12.3,914,NA,240,NA
2017,11,17,15,-12.3,914.6,NA,240,NA
2017,11,17,18,-12.9,915.6,NA,230,NA
2017,11,17,21,-12.5,915.8,NA,250,NA
2017,11,18,0,-10.9,916.1,NA,210,NA
2017,11,18,3,-10.8,915.5,NA,110,NA
2017,11,18,6,-11.8,915.3,3,210,NA
2017,11,18,9,-12.6,915.1,NA,230,NA
2017,11,18,12,-11.7,914.9,3,210,NA
2017,11,18,15,-11,914.7,2,230,NA
2017,11,18,18,-9.8,914.8,1,290,NA
2017,11,18,21,-9.2,914.9,3,40,NA
2017,11,19,0,-8.4,915,3,60,NA
2017,11,19,3,-10.1,914.8,5,50,NA
2017,11,19,6,-9.5,915,3,270,NA
2017,11,19,9,-9.7,915,1,360,NA
2017,11,19,12,-10.4,915.6,2,280,NA
2017,11,19,15,-10.8,915.6,3,280,NA
2017,11,19,18,-9.5,915.9,NA,0,NA
2017,11,19,21,-8.7,916,2,220,NA
2017,11,20,0,-8.4,916.2,NA,240,NA
2017,11,20,3,-8.4,915.9,NA,220,NA
2017,11,20,6,-10.2,915.5,NA,250,NA
2017,11,20,9,-9.7,915.1,NA,NA,NA
2017,11,20,12,-10.1,914.6,NA,NA,NA
2017,11,20,15,-10.8,914.2,NA,NA,NA
2017,11,20,18,-10.8,914,NA,240,NA
2017,11,20,21,-11.1,915.6,NA,240,NA
2017,11,21,0,-10.9,915.6,NA,240,NA
2017,11,21,3,-10.1,916.7,NA,230,NA
2017,11,21,6,-11,917.2,NA,240,NA
2017,11,21,9,-10.7,915.6,NA,360,NA
2017,11,21,12,-9.9,914.1,NA,300,NA
2017,11,21,15,-9.5,912.2,NA,40,NA
2017,11,21,18,-7.8,911,2,20,NA
2017,11,21,21,-7.5,910.2,3,50,NA
2017,11,22,0,-8.4,909.7,NA,110,NA
2017,11,22,3,-9.1,909,NA,70,NA
2017,11,22,6,-9.3,908.6,3,270,NA
2017,11,22,9,-10.4,908.5,3,210,NA
2017,11,22,12,-12,908.6,NA,230,NA
2017,11,22,15,-13.3,907.9,NA,240,NA
2017,11,22,18,-12.3,906.8,NA,250,NA
2017,11,22,21,-12.2,907,NA,240,NA
2017,11,23,0,-12.6,907.8,NA,230,NA
2017,11,23,3,-11.8,908.6,NA,240,NA
2017,11,23,6,-11.2,909,NA,200,NA
2017,11,23,9,-12.9,908.9,NA,30,NA
2017,11,23,12,-13.3,908.9,NA,350,NA
2017,11,23,15,-12.8,908.5,NA,250,NA
2017,11,23,18,-10.1,908.2,NA,90,NA
2017,11,23,21,-9.3,908.4,1,80,NA
2017,11,24,0,-8,909,2,270,NA
2017,11,24,3,-8.3,910,2,200,NA
2017,11,24,6,-8.8,912.1,1,160,NA
2017,11,24,9,-9.4,914.6,NA,230,NA
2017,11,24,12,-9.7,917,NA,250,NA
2017,11,24,15,-8.3,918.9,NA,240,NA
2017,11,24,18,-8.3,921.1,NA,210,NA
2017,11,24,21,-6.7,923.6,NA,220,NA
2017,11,25,0,-5.2,924.4,NA,210,NA
2017,11,25,3,-3.4,924.2,5,360,NA
2017,11,25,6,-2.9,923.8,NA,10,NA
2017,11,25,9,-0.7,922.6,NA,320,NA
2017,11,25,12,-1.8,920.1,NA,10,NA
2017,11,25,15,-2.8,917.5,NA,20,NA
2017,11,25,18,-3.6,915.7,NA,250,NA
2017,11,25,21,-7.5,915.5,NA,210,NA
2017,11,26,0,-8.4,914.6,NA,70,NA
2017,11,26,3,-8.3,913.5,NA,250,NA
2017,11,26,6,-8.3,911.9,NA,240,NA
2017,11,26,9,-9.1,911.5,NA,250,NA
2017,11,26,12,-9.7,912.2,NA,240,NA
2017,11,26,15,-10.1,912.6,NA,240,NA
2017,11,26,18,-10.5,913.3,NA,250,NA
2017,11,26,21,-9.2,914.4,NA,240,NA
2017,11,27,0,-9.6,915.8,NA,NA,NA
2017,11,27,3,-9.9,916,NA,NA,NA
2017,11,27,6,-9.3,916.6,NA,NA,NA
2017,11,27,9,-8.5,916.7,NA,280,NA
2017,11,27,12,-10.1,916.2,NA,10,NA
2017,11,27,15,-9.6,915.2,NA,20,NA
2017,11,27,18,-8.1,914.4,NA,250,NA
2017,11,27,21,-8.5,914,NA,240,NA
2017,11,28,0,-6.5,914.1,NA,230,NA
2017,11,28,3,-5.4,913.9,NA,240,NA
2017,11,28,6,-5.8,913.9,NA,240,NA
2017,11,28,9,-8.7,914,NA,240,NA
2017,11,28,12,-9.4,914.2,NA,230,NA
2017,11,28,15,-9.5,914.6,NA,220,NA
2017,11,28,18,-9.4,912.9,NA,240,NA
2017,11,28,21,-9.6,912.5,NA,240,NA
2017,11,29,0,-11.6,914.1,NA,220,NA
2017,11,29,3,-11.2,915.4,NA,230,NA
2017,11,29,6,-9.3,916.2,NA,220,NA
2017,11,29,9,-9.1,916.1,NA,220,NA
2017,11,29,12,-8.5,916.5,8,220,NA
2017,11,29,15,-7.9,916.8,NA,240,NA
2017,11,29,18,-7.3,918.2,NA,240,NA
2017,11,29,21,-5.4,919.5,NA,220,NA
2017,11,30,0,-5.8,920.6,6,220,NA
2017,11,30,3,-5.5,921.4,2,80,NA
2017,11,30,6,-5.9,921.8,NA,70,NA
2017,11,30,9,-7.8,922.1,NA,20,NA
2017,11,30,12,-8,921.9,NA,40,NA
2017,11,30,15,-7.9,921.7,NA,240,NA
2017,11,30,18,-9.7,921.6,NA,260,NA
2017,11,30,21,-8.9,921.6,NA,230,NA
2017,12,1,0,-9.3,921.2,NA,230,NA
2017,12,1,3,-8.6,920,NA,NA,NA
2017,12,1,6,-8.9,920.3,NA,NA,NA
2017,12,1,9,-9.2,920.2,NA,NA,NA
2017,12,1,12,-9.6,921,28,240,NA
2017,12,1,15,-9.3,921.1,NA,240,NA
2017,12,1,18,-10.4,922.2,NA,230,NA
2017,12,1,21,-8.8,923,NA,210,NA
2017,12,2,0,-7.6,922.4,NA,150,NA
2017,12,2,3,-7.8,921.9,5,70,NA
2017,12,2,6,-7.8,922.3,3,220,NA
2017,12,2,9,-8.8,923,NA,250,NA
2017,12,2,12,-9.3,923.6,NA,230,NA
2017,12,2,15,-8.2,924.3,10,260,NA
2017,12,2,18,-7.4,924.1,NA,250,NA
2017,12,2,21,-5.8,924.1,NA,230,NA
2017,12,3,0,-4.3,923.4,NA,60,NA
2017,12,3,3,-5.5,922.1,NA,360,NA
2017,12,3,6,-5.8,920.2,NA,10,NA
2017,12,3,9,-6.8,919.3,15,20,NA
2017,12,3,12,-6.7,918.5,NA,20,NA
2017,12,3,15,-6.8,918,NA,290,NA
2017,12,3,18,-6.7,918,NA,220,NA
2017,12,3,21,-8.9,918.6,4,280,NA
2017,12,4,0,-7.3,919,3,80,NA
2017,12,4,3,-6.8,918.6,2,100,NA
2017,12,4,6,-7.9,918.5,5,50,NA
2017,12,4,9,-8.3,918,NA,60,NA
2017,12,4,12,-8,917.7,NA,100,NA
2017,12,4,15,-8.5,917.5,NA,250,NA
2017,12,4,18,-9,917.6,NA,240,NA
2017,12,4,21,-9.1,918.1,NA,250,NA
2017,12,5,0,-8.6,918.5,9,240,NA
2017,12,5,3,-8.7,918.8,NA,240,NA
2017,12,5,6,-8.8,918.9,NA,230,NA
2017,12,5,9,-8.7,919.4,12,220,NA
2017,12,5,12,-8.2,919,NA,250,NA
2017,12,5,15,-9.2,918.9,NA,240,NA
2017,12,5,18,-7.9,919.5,NA,240,NA
2017,12,5,21,-7.8,919.5,NA,220,NA
2017,12,6,0,-7.1,919.4,NA,230,NA
2017,12,6,3,-7.1,919.2,NA,200,NA
2017,12,6,6,-7.8,918.9,NA,150,NA
2017,12,6,9,-8.6,918.6,NA,70,NA
2017,12,6,12,-9.1,917.7,4,20,NA
2017,12,6,15,-10.1,916.7,5,10,NA
2017,12,6,18,-8.8,916,NA,0,NA
2017,12,6,21,-9.4,916,4,250,NA
2017,12,7,0,-7.9,916.5,3,220,NA
2017,12,7,3,-8.1,917.2,NA,220,NA
2017,12,7,6,-8.7,918,NA,230,NA
2017,12,7,9,-9,919.2,8,230,NA
2017,12,7,12,-9,920.1,NA,260,NA
2017,12,7,15,-9.3,920.7,NA,70,NA
2017,12,7,18,-8.9,920.9,4,70,NA
2017,12,7,21,-8.2,921,4,90,NA
2017,12,8,0,-7.2,920.9,3,170,NA
2017,12,8,3,-7.3,920.6,4,150,NA
2017,12,8,6,-8.5,920,5,70,NA
2017,12,8,9,-8.8,919.6,2,280,NA
2017,12,8,12,-10,919.1,NA,260,NA
2017,12,8,15,-10.1,918.4,4,260,NA
2017,12,8,18,-9.1,917.9,NA,260,NA
2017,12,8,21,-8.5,917.4,5,240,NA
2017,12,9,0,-8.6,917.2,4,210,NA
2017,12,9,3,-9.2,916.5,5,240,NA
2017,12,9,6,-9.4,916.4,6,240,NA
2017,12,9,9,-9.7,916.7,NA,230,NA
2017,12,9,12,-9.8,917,7,230,NA
2017,12,9,15,-10.6,917.3,10,240,NA
2017,12,9,18,-10.4,917.9,11,240,NA
2017,12,9,21,-9.1,918.6,NA,230,NA
2017,12,10,0,-8.7,919.2,NA,240,NA
2017,12,10,3,-8.1,919.4,NA,220,NA
2017,12,10,6,-8.4,919.3,14,240,NA
2017,12,10,9,-9.4,919.7,14,240,NA
2017,12,10,12,-9.7,919.9,NA,230,NA
2017,12,10,15,-9.5,919.3,NA,NA,NA
2017,12,10,18,-9.2,919.7,NA,NA,NA
2017,12,10,21,-9.5,920.4,23,NA,NA
2017,12,11,0,-9.2,921,NA,240,NA
2017,12,11,3,-8.1,920.9,NA,210,NA
2017,12,11,6,-8.8,921.1,NA,230,NA
2017,12,11,9,-9,920.9,NA,250,NA
2017,12,11,12,-9.4,920.7,5,200,NA
2017,12,11,15,-9.7,920.2,NA,220,NA
2017,12,11,18,-8.7,920.4,NA,210,NA
2017,12,11,21,-7.9,920,NA,250,NA
2017,12,12,0,-8.5,920.7,NA,240,NA
2017,12,12,3,-8.3,921.3,NA,230,NA
2017,12,12,6,-8.4,923,NA,220,NA
2017,12,12,9,-9.7,924.2,NA,250,NA
2017,12,12,12,-9.7,925.4,NA,250,NA
2017,12,12,15,-9.5,925,NA,240,NA
2017,12,12,18,-7.8,925.5,NA,250,NA
2017,12,12,21,-6.5,925.3,NA,230,NA
2017,12,13,0,-5.6,924.7,NA,240,NA
2017,12,13,3,-6.3,923.3,NA,250,NA
2017,12,13,6,-6.2,924.1,NA,220,NA
2017,12,13,9,-6.7,922.4,NA,240,NA
2017,12,13,12,-8.3,925.9,NA,240,NA
2017,12,13,15,-8.6,927.4,NA,250,NA
2017,12,13,18,-8.5,926.9,NA,250,NA
2017,12,13,21,-8.4,929.1,NA,250,NA
2017,12,14,0,-8,931.1,NA,240,NA
2017,12,14,3,-7.8,931,NA,240,NA
2017,12,14,6,-7.6,930.4,25,240,NA
2017,12,14,9,-6.7,930.8,21,250,NA
2017,12,14,12,-7.1,931.2,21,NA,NA
2017,12,14,15,-7.2,931.3,19,NA,NA
2017,12,14,18,-7.8,932.3,NA,NA,NA
2017,12,14,21,-7.8,932.3,NA,NA,NA
2017,12,15,0,-7.5,932,NA,230,NA
2017,12,15,3,-7,931.8,NA,220,NA
2017,12,15,6,-6.9,931.9,NA,240,NA
2017,12,15,9,-6.8,931.5,NA,230,NA
2017,12,15,12,-7.2,932.4,NA,240,NA
2017,12,15,15,-7.1,932.6,NA,230,NA
2017,12,15,18,-7.2,932.9,NA,230,NA
2017,12,15,21,-7.2,933.5,NA,250,NA
2017,12,16,0,-6,934,NA,250,NA
2017,12,16,3,-4.2,934.2,NA,240,NA
2017,12,16,6,-4.4,934,NA,10,NA
2017,12,16,9,-5,933.3,NA,10,NA
2017,12,16,12,-5.5,932.4,NA,360,NA
2017,12,16,15,-6.8,930.7,NA,10,NA
2017,12,16,18,-6.2,929.3,13,0,NA
2017,12,16,21,-6.5,927.8,NA,20,NA
2017,12,17,0,-6.1,925.9,9,40,NA
2017,12,17,3,-6,924.2,8,60,NA
2017,12,17,6,-6.6,922.8,NA,30,NA
2017,12,17,9,-6.5,922.2,NA,30,NA
2017,12,17,12,-6.5,921.3,NA,20,NA
2017,12,17,15,-6.6,920.4,NA,30,NA
2017,12,17,18,-6.3,920,NA,20,NA
2017,12,17,21,NA,919.9,1,210,NA
2017,12,18,0,NA,919.9,2,260,NA
2017,12,18,3,-6.6,919.6,4,270,NA
2017,12,18,6,-6.9,919.7,6,270,NA
2017,12,18,9,-6.6,919.7,NA,250,NA
2017,12,18,12,-7,919.6,NA,230,NA
2017,12,18,15,-7.3,919.7,11,240,NA
2017,12,18,18,-7,920.2,11,230,NA
2017,12,18,21,-6.8,920.4,NA,230,NA
2017,12,19,0,-6.1,921.4,NA,240,NA
2017,12,19,3,-5.7,921.8,NA,240,NA
2017,12,19,6,-5.8,921.7,NA,250,NA
2017,12,19,9,-6.2,922,22,240,NA
2017,12,19,12,-6.5,922.9,23,230,NA
2017,12,19,15,-6.4,923.6,NA,250,NA
2017,12,19,18,-6.3,924.2,NA,240,NA
2017,12,19,21,-6.4,924.9,NA,300,NA
2017,12,20,0,-3.7,925.5,NA,180,NA
2017,12,20,3,-4.3,926.4,2,70,NA
2017,12,20,6,-5.2,927.5,4,270,NA
2017,12,20,9,-5.9,928.6,3,220,NA
2017,12,20,12,-6.7,929.7,NA,300,NA
2017,12,20,15,-6.6,929.8,NA,60,NA
2017,12,20,18,-6.8,930.3,NA,40,NA
2017,12,20,21,-6,930.4,4,100,NA
2017,12,21,0,-6,930.6,2,270,NA
2017,12,21,3,-6.2,929.9,3,70,NA
2017,12,21,6,-6.1,929.3,2,350,NA
2017,12,21,9,NA,928.4,1,350,NA
2017,12,21,12,-6.9,927.6,2,150,NA
2017,12,21,15,-8.1,926.1,3,260,NA
2017,12,21,18,NA,924.7,1,240,NA
2017,12,21,21,NA,924,1,240,NA
2017,12,22,0,-7,923.4,4,230,NA
2017,12,22,3,-7.4,922.9,4,230,NA
2017,12,22,6,-8.1,922.7,NA,240,NA
2017,12,22,9,-8.6,923.1,6,230,NA
2017,12,22,12,-8.7,923.7,7,240,NA
2017,12,22,15,-9.1,923.6,9,230,NA
2017,12,22,18,-9.1,924.2,10,230,NA
2017,12,22,21,-9,925.2,NA,240,NA
2017,12,23,0,-8.3,925.9,NA,230,NA
2017,12,23,3,-7.5,926.5,NA,240,NA
2017,12,23,6,-7.7,927.3,NA,240,NA
2017,12,23,9,-7.3,927.8,NA,230,NA
2017,12,23,12,-7.8,927.9,14,230,NA
2017,12,23,15,-7.9,927.3,14,220,NA
2017,12,23,18,-7.6,927.3,NA,200,NA
2017,12,23,21,-6.9,926.9,NA,210,NA
2017,12,24,0,-6.5,926.1,NA,160,NA
2017,12,24,3,-6.7,925.5,2,10,NA
2017,12,24,6,NA,925.6,1,160,NA
2017,12,24,9,NA,925.6,1,360,NA
2017,12,24,12,-5.6,925.8,5,310,NA
2017,12,24,15,NA,925.8,1,250,NA
2017,12,24,18,-3.7,926.2,2,360,NA
2017,12,24,21,-2.7,926.7,NA,0,NA
2017,12,25,0,-3.6,927.3,NA,270,NA
2017,12,25,3,-5.6,927.5,NA,230,NA
2017,12,25,6,-4.5,927.5,NA,260,NA
2017,12,25,9,-7,927.3,NA,20,NA
2017,12,25,12,-7.9,926.8,NA,10,NA
2017,12,25,15,-8.2,926,8,10,NA
2017,12,25,18,-7.7,925.1,NA,230,NA
2017,12,25,21,-7.4,924.4,4,130,NA
2017,12,26,0,-9,924,4,230,NA
2017,12,26,3,-8.4,923.7,8,280,NA
2017,12,26,6,-8,923.6,NA,250,NA
2017,12,26,9,-7.7,923.7,NA,150,NA
2017,12,26,12,NA,923.9,1,80,NA
2017,12,26,15,-8.5,923.4,2,40,NA
2017,12,26,18,-7.5,922.9,2,160,NA
2017,12,26,21,-7.3,922.9,3,50,NA
2017,12,27,0,-6.3,923.1,3,90,NA
2017,12,27,3,-6.1,923.1,4,260,NA
2017,12,27,6,-6.9,923.7,NA,250,NA
2017,12,27,9,-6.7,924.7,6,240,NA
2017,12,27,12,-6.7,925.5,NA,270,NA
2017,12,27,15,-7,925.9,3,250,NA
2017,12,27,18,-8.8,926.4,NA,260,NA
2017,12,27,21,-8,927,NA,260,NA
2017,12,28,0,-7.5,927.4,13,250,NA
2017,12,28,3,-6.2,927.7,9,250,NA
2017,12,28,6,-4.8,927.9,NA,250,NA
2017,12,28,9,-7.7,927.8,5,40,NA
2017,12,28,12,-6.5,927,NA,320,NA
2017,12,28,15,-2.8,926,NA,350,NA
2017,12,28,18,-3,925.1,NA,10,NA
2017,12,28,21,-5.5,925.2,NA,220,NA
2017,12,29,0,-6,NA,NA,210,NA
2017,12,29,3,-5.8,923.1,NA,230,NA
2017,12,29,6,-5.7,922.5,7,240,NA
2017,12,29,9,-6,923.1,9,230,NA
2017,12,29,12,-6.1,923.3,NA,200,NA
2017,12,29,15,-5.8,923.1,NA,250,NA
2017,12,29,18,-6.2,922.8,NA,240,NA
2017,12,29,21,-6.9,923,NA,250,NA
2017,12,30,0,-7.8,922.8,NA,230,NA
2017,12,30,3,-7.2,923.7,NA,230,NA
2017,12,30,6,-6.7,925,NA,250,NA
2017,12,30,9,-6.5,926.1,NA,240,NA
2017,12,30,12,-6.4,927.1,NA,250,NA
2017,12,30,15,-4.9,927.4,NA,210,NA
2017,12,30,18,-3,928.2,2,200,NA
2017,12,30,21,-3.4,929.5,3,250,NA
2017,12,31,0,-3.7,930.5,NA,210,NA
2017,12,31,3,-1.9,930.6,NA,80,NA
2017,12,31,6,-1.7,930.4,4,290,NA
2017,12,31,9,-0.8,929.5,NA,240,NA
2017,12,31,12,-1.8,927.8,NA,350,NA
2017,12,31,15,-1.9,925.4,NA,10,NA
2017,12,31,18,-0.3,923.5,NA,10,NA
2017,12,31,21,-3.7,923.3,NA,240,NA
2018,1,1,0,-1.9,923.8,NA,240,48
2018,1,1,3,-2.4,923.8,NA,230,55
2018,1,1,6,-5.2,923.4,NA,240,80
2018,1,1,9,-5.5,924.2,NA,250,80
2018,1,1,12,-5.5,924.4,NA,260,60
2018,1,1,15,-5.8,924.5,8,260,81
2018,1,1,18,-5.8,924.7,NA,220,81
2018,1,1,21,-5.1,925.2,5,160,NA
2018,1,2,0,-4.9,925.7,4,130,90
2018,1,2,3,-4.5,926.2,2,10,90
2018,1,2,6,-5.9,926.6,3,40,94
2018,1,2,9,-5.3,927.2,2,180,94
2018,1,2,12,-7,928.3,4,10,92
2018,1,2,15,-6.5,929,2,20,92
2018,1,2,18,NA,929.8,1,240,91
2018,1,2,21,-4.9,931,4,130,90
2018,1,3,0,-3.5,931.8,2,60,90
2018,1,3,3,-4.7,932.4,3,70,94
2018,1,3,6,NA,932.8,1,10,90
2018,1,3,9,-5.6,933.4,4,20,94
2018,1,3,12,-6.6,933.8,4,20,93
2018,1,3,15,-6.3,933.3,5,20,91
2018,1,3,18,NA,932.2,1,170,91
2018,1,3,21,-5.8,931.6,3,210,NA
2018,1,4,0,-5.8,930.3,3,270,NA
2018,1,4,3,-6.2,928.7,NA,160,NA
2018,1,4,6,-6,927.5,NA,170,NA
2018,1,4,9,-5.9,926.8,NA,170,NA
2018,1,4,12,-6.1,925.9,7,220,NA
2018,1,4,15,-6.7,925.1,10,250,NA
2018,1,4,18,-6.7,924.5,8,250,NA
2018,1,4,21,-6.4,923.9,NA,260,NA
2018,1,5,0,-6.2,923.9,NA,220,NA
2018,1,5,3,-6,923.1,11,240,NA
2018,1,5,6,-5.7,922.9,NA,240,NA
2018,1,5,9,-5.6,923.5,NA,230,NA
2018,1,5,12,-6.1,923.5,NA,240,NA
2018,1,5,15,-6.2,923.9,NA,240,NA
2018,1,5,18,-6.2,923.9,NA,230,NA
2018,1,5,21,-5.6,923.8,NA,230,NA
2018,1,6,0,-5.9,924,NA,230,NA
2018,1,6,3,-6.2,923.7,34,240,NA
2018,1,6,6,-5.9,923.9,32,240,NA
2018,1,6,9,-5.7,924,35,250,NA
2018,1,6,12,-5.1,925.8,NA,240,90
2018,1,6,15,-4.9,927,NA,250,83
2018,1,6,18,-4.2,928.1,NA,230,78
2018,1,6,21,-2.1,928.8,NA,210,67
2018,1,7,0,-1.9,929.2,NA,40,72
2018,1,7,3,-2.8,929.3,NA,40,71
2018,1,7,6,-2.5,929.5,4,10,67
2018,1,7,9,-3.7,929.2,NA,30,65
2018,1,7,12,-3.9,929.2,NA,30,66
2018,1,7,15,-4.1,928,NA,10,75
2018,1,7,18,-5,927.7,NA,40,72
2018,1,7,21,-5.4,928,NA,20,NA
2018,1,8,0,-4.8,928.2,NA,50,NA
2018,1,8,3,-4.2,928.3,NA,70,NA
2018,1,8,6,-5.5,928.5,NA,260,NA
2018,1,8,9,-5.7,928.8,NA,250,NA
2018,1,8,12,-6.3,929.1,8,230,NA
2018,1,8,15,-6.4,929.4,8,NA,NA
2018,1,8,18,-6,930.4,7,250,NA
2018,1,8,21,-4.8,930.4,NA,230,NA
2018,1,9,0,-4.5,932.7,NA,220,NA
2018,1,9,3,-4.3,932.7,NA,240,NA
2018,1,9,6,-5.1,933.1,NA,230,NA
2018,1,9,9,-4.8,931.3,NA,NA,NA
2018,1,9,12,-4.7,930.6,NA,NA,NA
2018,1,9,15,-4.7,931.8,NA,NA,NA
2018,1,9,18,-4.8,931,33,NA,NA
2018,1,9,21,-4.8,929.8,32,240,NA
2018,1,10,0,-5,932.1,NA,250,NA
2018,1,10,3,-4.9,931.3,NA,250,NA
2018,1,10,6,-5.3,930.6,24,240,NA
2018,1,10,9,-4.8,930.4,NA,240,NA
2018,1,10,12,-5.7,929.1,NA,230,NA
2018,1,10,15,-5.5,927.4,NA,220,NA
2018,1,10,18,-6,926,4,210,NA
2018,1,10,21,-5.9,925.2,NA,230,93
2018,1,11,0,-5.2,924.4,NA,230,85
2018,1,11,3,-4.3,923.2,NA,80,95
2018,1,11,6,-6.1,921.9,NA,20,88
2018,1,11,9,-6.3,922.2,NA,40,81
2018,1,11,12,-6.9,922,NA,30,78
2018,1,11,15,-6.3,921.7,NA,30,79
2018,1,11,18,-4.1,921.8,NA,90,83
2018,1,11,21,-4.3,922.4,NA,250,85
2018,1,12,0,-4.2,923.1,3,120,83
2018,1,12,3,-4.2,923.6,2,260,80
2018,1,12,6,NA,924.9,1,140,90
2018,1,12,9,NA,926.2,1,10,91
2018,1,12,12,-6.9,927.7,NA,230,92
2018,1,12,15,-6.1,928.4,NA,270,93
2018,1,12,18,-5.3,929.3,NA,80,91
2018,1,12,21,-4.8,930.1,3,30,92
2018,1,13,0,-5.5,931,3,140,94
2018,1,13,3,-4,932.1,2,70,93
2018,1,13,6,NA,933.2,1,150,79
2018,1,13,9,-2.8,933.6,NA,20,59
2018,1,13,12,-4.4,932.9,NA,0,69
2018,1,13,15,-5.9,930.4,NA,20,95
2018,1,13,18,-6,927.4,NA,20,NA
2018,1,13,21,-6.2,926,NA,50,NA
2018,1,14,0,-5.9,922.8,NA,250,NA
2018,1,14,3,-6.3,922.2,NA,230,NA
2018,1,14,6,-6.1,920.7,NA,230,NA
2018,1,14,9,-5.8,919.8,NA,250,NA
2018,1,14,12,-5.7,919.8,NA,250,NA
2018,1,14,15,-5.4,922.4,NA,240,NA
2018,1,14,18,-5.7,923.1,NA,240,NA
2018,1,14,21,-5.6,924.1,NA,230,NA
2018,1,15,0,-4.1,924.2,NA,280,NA
2018,1,15,3,-3.8,922.4,NA,80,NA
2018,1,15,6,-5.3,920.7,3,30,NA
2018,1,15,9,-5.5,919.3,5,20,NA
2018,1,15,12,-5.9,917.7,7,20,NA
2018,1,15,15,-6.2,916.1,3,40,NA
2018,1,15,18,-6.6,914.8,3,30,NA
2018,1,15,21,-5.6,913.8,6,70,NA
2018,1,16,0,-5.4,913.1,NA,30,NA
2018,1,16,3,-4.8,912.1,9,60,NA
2018,1,16,6,-4.7,911.6,7,50,NA
2018,1,16,9,-4.3,911.5,NA,80,NA
2018,1,16,12,-5.1,911.4,NA,0,NA
2018,1,16,15,-5.3,910.9,3,240,NA
2018,1,16,18,-6,911.1,3,260,NA
2018,1,16,21,-6,911.8,5,240,NA
2018,1,17,0,-6.3,912.6,5,240,NA
2018,1,17,3,-6.4,912.9,4,250,NA
2018,1,17,6,-6.1,913.2,5,230,NA
2018,1,17,9,-6.5,913.9,4,250,NA
2018,1,17,12,-6.7,914.1,5,240,NA
2018,1,17,15,-6.9,914.4,NA,230,NA
2018,1,17,18,-6.8,914.5,NA,NA,NA
2018,1,17,21,-6.7,915.1,NA,NA,NA
2018,1,18,0,-5,915.8,NA,0,NA
2018,1,18,3,-6.4,915.2,NA,250,NA
2018,1,18,6,NA,915.7,1,220,NA
2018,1,18,9,-6.3,915.5,NA,0,NA
2018,1,18,12,-6,915.5,NA,NA,NA
2018,1,18,15,-7.4,915.1,2,0,NA
2018,1,18,18,-6.6,915,NA,350,NA
2018,1,18,21,-4.3,915.3,NA,NA,NA
2018,1,19,0,-3.7,915.6,NA,NA,NA
2018,1,19,3,-5.1,915.5,NA,NA,NA
2018,1,19,6,-4.7,915.2,3,230,NA
2018,1,19,9,-5.3,915.2,4,240,NA
2018,1,19,12,-6.3,915.1,3,240,95
2018,1,19,15,-5.6,914.6,3,280,84
2018,1,19,18,-7.3,914.4,NA,240,90
2018,1,19,21,-7.4,914.7,NA,240,83
2018,1,20,0,-5.9,915,NA,240,83
2018,1,20,3,-5.2,914.2,NA,40,88
2018,1,20,6,-4.1,913.4,3,260,71
2018,1,20,9,-5.1,912.9,NA,250,72
2018,1,20,12,-6.5,912.3,7,260,77
2018,1,20,15,-6,911.6,NA,230,73
2018,1,20,18,-5,911.4,3,30,65
2018,1,20,21,-5.3,911.6,NA,230,63
2018,1,21,0,-5.3,911.6,NA,NA,55
2018,1,21,3,-6.7,911.2,NA,NA,83
2018,1,21,6,-4.5,912,NA,NA,82
2018,1,21,9,-4.1,912,NA,240,71
2018,1,21,12,-4.8,912.6,NA,NA,73
2018,1,21,15,-5.5,913,NA,NA,86
2018,1,21,18,-5.7,912.9,NA,NA,93
2018,1,21,21,-7.2,914.5,NA,230,NA
2018,1,22,0,-5.6,915.1,NA,250,NA
2018,1,22,3,-5.2,915.4,NA,260,NA
2018,1,22,6,-5.3,916.3,2,250,NA
2018,1,22,9,-6.2,916.7,NA,240,NA
2018,1,22,12,-6.5,918.6,NA,230,NA
2018,1,22,15,-6.4,919.4,NA,220,NA
2018,1,22,18,-6.2,919.8,NA,230,NA
2018,1,22,21,-6.4,920.5,NA,230,NA
2018,1,23,0,-7.3,920.9,NA,260,NA
2018,1,23,3,-6.7,921.3,NA,230,NA
2018,1,23,6,-7.3,921.8,NA,240,NA
2018,1,23,9,-7.5,921.6,NA,240,NA
2018,1,23,12,-7.8,921.2,19,230,NA
2018,1,23,15,-6.7,919.7,NA,250,89
2018,1,23,18,-7.2,918,NA,240,NA
2018,1,23,21,-7.1,918.1,NA,NA,NA
2018,1,24,0,-7.2,915.7,NA,NA,NA
2018,1,24,3,-7.6,914.3,NA,NA,NA
2018,1,24,6,-7.3,911.6,NA,250,NA
2018,1,24,9,-7.5,912.2,NA,250,NA
2018,1,24,12,-7.3,912.4,NA,240,NA
2018,1,24,15,-7,908.4,NA,240,NA
2018,1,24,18,-7,910,NA,250,NA
2018,1,24,21,-6.6,911.5,NA,240,NA
2018,1,25,0,-6.6,913.6,NA,240,NA
2018,1,25,3,-6.4,913.8,NA,240,NA
2018,1,25,6,-6.2,916.3,NA,NA,NA
2018,1,25,9,-6.2,917.2,NA,NA,NA
2018,1,25,12,-6.3,917.1,NA,NA,NA
2018,1,25,15,-6.2,917.2,NA,NA,NA
2018,1,25,18,-6.3,920,NA,NA,NA
2018,1,25,21,-6.2,922.3,39,NA,NA
2018,1,26,0,-6.4,923.4,NA,NA,NA
2018,1,26,3,-6.3,925.1,NA,250,NA
2018,1,26,6,-6.2,926.5,NA,250,NA
2018,1,26,9,-6.7,926.7,NA,240,NA
2018,1,26,12,-7,927.1,NA,240,NA
2018,1,26,15,-6.7,926.4,NA,230,NA
2018,1,26,18,-6.2,925.6,NA,230,NA
2018,1,26,21,-6.2,924.2,NA,250,NA
2018,1,27,0,-5.8,924.7,NA,240,NA
2018,1,27,3,-5.8,924.7,NA,260,NA
2018,1,27,6,-6.1,924.9,NA,230,NA
2018,1,27,9,-6.6,924.8,NA,10,NA
2018,1,27,12,-6.6,925.4,NA,90,NA
2018,1,27,15,-7.4,926.2,4,280,NA
2018,1,27,18,-7.5,927.1,3,210,NA
2018,1,27,21,-7.6,927.9,NA,230,NA
2018,1,28,0,-7.4,929.7,NA,230,NA
2018,1,28,3,-7.3,930.6,9,260,NA
2018,1,28,6,-7.5,931,7,260,NA
2018,1,28,9,-7.4,931.3,NA,100,NA
2018,1,28,12,-8,931.4,3,0,NA
2018,1,28,15,-8.1,930.4,NA,320,NA
2018,1,28,18,-7.9,929.7,5,260,NA
2018,1,28,21,-7.4,929.2,5,230,NA
2018,1,29,0,-7.7,928.3,NA,220,NA
2018,1,29,3,-8,927,NA,240,NA
2018,1,29,6,-7.9,926,10,240,NA
2018,1,29,9,-8.3,925,NA,220,NA
2018,1,29,12,-9.2,924,11,230,NA
2018,1,29,15,-10,921.8,15,240,NA
2018,1,29,18,-10.8,920.7,NA,260,NA
2018,1,29,21,-9.4,919.5,NA,240,NA
2018,1,30,0,-8.9,919.1,NA,250,NA
2018,1,30,3,-8.7,919.2,NA,250,NA
2018,1,30,6,-8.3,918.8,NA,250,NA
2018,1,30,9,-8.9,920.2,NA,240,94
2018,1,30,12,-9.4,920.7,32,240,NA
2018,1,30,15,-9.4,922.3,NA,NA,93
2018,1,30,18,-9.3,923.1,NA,NA,NA
2018,1,30,21,-9.5,924.2,18,250,NA
2018,1,31,0,-9.2,925.1,NA,250,NA
2018,1,31,3,-9.1,925.9,NA,240,NA
2018,1,31,6,-8.9,926.6,NA,240,NA
2018,1,31,9,-9.1,927.4,6,260,NA
2018,1,31,12,-9.5,927.8,5,260,NA
2018,1,31,15,-9.6,928.2,4,260,NA
2018,1,31,18,-9.3,928.9,3,230,NA
2018,1,31,21,-8.1,929.5,NA,0,NA
2018,2,1,0,NA,929.9,2,260,NA
2018,2,1,3,-8.4,929.8,NA,270,NA
2018,2,1,6,-8.4,929.9,NA,240,NA
2018,2,1,9,-8.6,930,NA,250,NA
2018,2,1,12,-8.9,929.7,NA,NA,NA
2018,2,1,15,-9.4,928.9,NA,230,NA
2018,2,1,18,-9.7,928.6,NA,230,NA
2018,2,1,21,-9.4,928.9,4,250,NA
2018,2,2,0,-9.2,928.4,NA,250,NA
2018,2,2,3,-9.1,927.9,NA,290,NA
2018,2,2,6,-9.1,927.6,NA,240,NA
2018,2,2,9,-10.2,927.5,NA,250,NA
2018,2,2,12,-11,927.1,NA,250,NA
2018,2,2,15,-11,926.9,NA,270,84
2018,2,2,18,-10.1,927.1,NA,240,84
2018,2,2,21,-8.5,926.9,NA,260,77
2018,2,3,0,-10.9,926.8,NA,240,83
2018,2,3,3,-10.7,926.8,NA,250,88
2018,2,3,6,-10.4,926.8,NA,250,84
2018,2,3,9,-10.9,926.6,NA,230,74
2018,2,3,12,-11.3,926.6,NA,240,70
2018,2,3,15,-10.4,926.4,NA,250,82
2018,2,3,18,-9.5,925.4,NA,250,88
2018,2,3,21,-9.7,926.5,NA,230,89
2018,2,4,0,-9.5,926.5,NA,240,84
2018,2,4,3,-9,926.4,NA,230,80
2018,2,4,6,-8.9,926.1,NA,250,80
2018,2,4,9,-8.5,925.8,NA,10,63
2018,2,4,12,-9.1,925.3,NA,200,69
2018,2,4,15,-11.3,924.7,NA,270,70
2018,2,4,18,-11.1,923.7,NA,240,82
2018,2,4,21,-10.9,922.8,NA,240,86
2018,2,5,0,-10.8,922.4,NA,240,94
2018,2,5,3,-11.8,921,NA,230,NA
2018,2,5,6,-11.3,920.7,30,240,NA
2018,2,5,9,-11.5,919.8,NA,240,93
2018,2,5,12,-11.5,918.8,NA,230,95
2018,2,5,15,-11.6,917.6,NA,240,NA
2018,2,5,18,-11.3,916.1,NA,240,NA
2018,2,5,21,-10.1,916.2,48,250,95
2018,2,6,0,-8.9,917.6,NA,250,NA
2018,2,6,3,-8.9,918.5,NA,240,NA
2018,2,6,6,-8.2,919.7,NA,240,NA
2018,2,6,9,-8.9,920.2,NA,230,NA
2018,2,6,12,-8.9,920.4,33,250,95
2018,2,6,15,-8.5,919.8,NA,240,80
2018,2,6,18,-9.4,919.6,31,240,88
2018,2,6,21,-10,920.6,NA,240,94
2018,2,7,0,-9.2,921.2,NA,270,93
2018,2,7,3,-8.4,920.4,NA,40,91
2018,2,7,6,-8.7,919.2,NA,20,86
2018,2,7,9,-9.2,918.2,NA,20,88
2018,2,7,12,-9.3,917.2,NA,20,88
2018,2,7,15,-8.8,916.8,NA,30,94
2018,2,7,18,-10.5,916.7,NA,250,NA
2018,2,7,21,-10.1,916.5,NA,260,NA
2018,2,8,0,-11.2,916.3,8,240,NA
2018,2,8,3,-11.5,915.6,NA,250,NA
2018,2,8,6,-11.9,915.3,NA,250,NA
2018,2,8,9,-11.7,915.2,NA,250,NA
2018,2,8,12,-11.8,915.3,NA,240,NA
2018,2,8,15,-11.5,914.8,NA,0,NA
2018,2,8,18,-12.3,913.8,3,260,NA
2018,2,8,21,-10.6,912.7,2,40,NA
2018,2,9,0,-10.5,911.5,4,60,NA
2018,2,9,3,-10.6,910.2,6,70,95
2018,2,9,6,-9.8,909.2,8,30,95
2018,2,9,9,-10.1,908.9,NA,260,NA
2018,2,9,12,-10.8,908.8,NA,260,NA
2018,2,9,15,-9.9,909.3,NA,250,NA
2018,2,9,18,-9,909.8,NA,210,NA
2018,2,9,21,-8,910.2,4,80,NA
2018,2,10,0,-8.4,911.1,5,70,NA
2018,2,10,3,-8.9,911.4,NA,60,NA
2018,2,10,6,-9.2,912.6,NA,50,NA
2018,2,10,9,-8.9,913.8,5,50,93
2018,2,10,12,-8.9,915.1,4,40,91
2018,2,10,15,-8.3,916,3,30,NA
2018,2,10,18,-9.8,916.8,3,270,NA
2018,2,10,21,-11,917.8,NA,270,NA
2018,2,11,0,-10.4,917.8,NA,260,NA
2018,2,11,3,-9,918.1,NA,250,NA
2018,2,11,6,-8.7,919.4,NA,250,NA
2018,2,11,9,-10.6,922,NA,240,NA
2018,2,11,12,-10.1,924.4,NA,250,91
2018,2,11,15,-9.6,926.5,NA,240,84
2018,2,11,18,-9.3,928.6,NA,250,84
2018,2,11,21,-8.6,930.3,NA,280,75
2018,2,12,0,-9.6,931.8,NA,260,88
2018,2,12,3,-7.9,932.4,NA,70,75
2018,2,12,6,-8.2,932.3,NA,30,74
2018,2,12,9,-6.2,930.9,8,10,58
2018,2,12,12,-5.6,929.4,NA,320,39
2018,2,12,15,-4.3,926.3,6,40,37
2018,2,12,18,-2.6,924.7,NA,280,33
2018,2,12,21,-1.1,924,3,300,35
2018,2,13,0,-3.8,922.5,5,250,40
2018,2,13,3,-5.3,920.2,NA,260,43
2018,2,13,6,-5.2,918.6,7,250,50
2018,2,13,9,-6.5,917.8,7,230,52
2018,2,13,12,-6.7,917.7,NA,170,59
2018,2,13,15,-6.6,917,NA,20,60
2018,2,13,18,-7.7,918.1,5,250,49
2018,2,13,21,-7.1,919.2,6,70,93
2018,2,14,0,-7.2,919.9,NA,20,NA
2018,2,14,3,NA,920.4,NA,190,59
2018,2,14,6,-3.5,922.5,NA,240,50
2018,2,14,9,NA,925.7,NA,190,NA
2018,2,14,12,NA,927.2,NA,40,93
2018,2,14,15,-8.6,926.9,NA,20,NA
2018,2,14,18,-7.5,926.2,NA,50,NA
2018,2,14,21,-7,923.1,NA,40,NA
2018,2,15,0,-5.9,918.2,NA,40,NA
2018,2,15,3,NA,916.3,NA,270,58
2018,2,15,6,NA,916.7,NA,240,71
2018,2,15,9,-3.6,917.1,NA,250,66
2018,2,15,12,-5.3,918.7,NA,230,67
2018,2,15,15,NA,920.1,NA,240,78
2018,2,15,18,-9.8,921.3,NA,240,77
2018,2,15,21,-12.1,922,NA,260,76
2018,2,16,0,-10.5,922.8,NA,310,71
2018,2,16,3,-8.3,922.4,NA,50,63
2018,2,16,6,-10.2,921.8,5,100,90
2018,2,16,9,-9.6,921,NA,40,93
2018,2,16,12,-10.2,920.6,NA,50,93
2018,2,16,15,-9.6,919.9,NA,40,94
2018,2,16,18,-9,919.6,7,50,NA
2018,2,16,21,-8.7,919.9,NA,110,NA
2018,2,17,0,-9.8,920.7,NA,270,NA
2018,2,17,3,-9.2,920.9,NA,250,NA
2018,2,17,6,-11.4,921.5,NA,240,NA
2018,2,17,9,-11.8,922.2,NA,240,NA
2018,2,17,12,-12.2,923,NA,240,NA
2018,2,17,15,-12.1,924.2,NA,230,NA
2018,2,17,18,-11.4,926.5,NA,250,92
2018,2,17,21,-11.2,925.9,NA,240,NA
2018,2,18,0,-10.6,929.7,NA,240,92
2018,2,18,3,-10.7,930.9,NA,250,NA
2018,2,18,6,-11.6,932.1,NA,250,NA
2018,2,18,9,-10.9,932.5,NA,290,87
2018,2,18,12,-11.6,932.3,NA,340,86
2018,2,18,15,-12.4,931.5,NA,270,NA
2018,2,18,18,-12.7,930.9,6,250,NA
2018,2,18,21,-12.7,930.4,10,240,NA
2018,2,19,0,-12.3,929.8,NA,240,91
2018,2,19,3,-12,929.8,13,220,88
2018,2,19,6,-13.1,929.3,NA,230,NA
2018,2,19,9,-13.8,929.6,NA,230,95
2018,2,19,12,-14.5,929.5,21,240,89
2018,2,19,15,-14.7,929.7,NA,250,84
2018,2,19,18,-14.4,929.6,NA,230,73
2018,2,19,21,-13.1,928.4,NA,310,75
2018,2,20,0,-12.4,927.4,NA,230,83
2018,2,20,3,-13,925.6,NA,250,78
2018,2,20,6,-13.6,924.5,NA,240,89
2018,2,20,9,-13.5,923.8,NA,250,92
2018,2,20,12,-13.2,923.9,NA,230,95
2018,2,20,15,-12.3,924.9,23,250,NA
2018,2,20,18,-12.4,924.9,NA,250,NA
2018,2,20,21,-11.9,924.2,NA,240,95
2018,2,21,0,-12,923.3,NA,250,95
2018,2,21,3,-12,922,NA,240,NA
2018,2,21,6,-12.5,921.4,24,240,88
2018,2,21,9,-12.4,921,27,250,86
2018,2,21,12,-13.9,920.3,NA,240,95
2018,2,21,15,-14.7,919.4,NA,250,95
2018,2,21,18,-15.4,918.1,NA,250,94
2018,2,21,21,-14.9,918.6,NA,250,94
2018,2,22,0,-15.8,917.8,39,NA,94
2018,2,22,3,-15.8,916.7,NA,NA,93
2018,2,22,6,-15.6,917.6,43,NA,92
2018,2,22,9,-15.7,917.3,42,NA,93
2018,2,22,12,-14.9,916.3,45,NA,91
2018,2,22,15,-14.2,915.8,45,NA,92
2018,2,22,18,-14.1,915.5,48,NA,92
2018,2,22,21,-13.3,915.5,NA,NA,93
2018,2,23,0,-12.8,916.5,50,NA,94
2018,2,23,3,-11.6,914.9,51,250,95
2018,2,23,6,-11.2,916.8,50,250,NA
2018,2,23,9,-10.5,917.3,49,240,NA
2018,2,23,12,-10.4,918.2,48,230,NA
2018,2,23,15,-9.6,919.8,51,250,NA
2018,2,23,18,-9.6,920.4,NA,250,NA
2018,2,23,21,-9.4,921.5,NA,250,95
2018,2,24,0,-9.9,923.2,NA,240,NA
2018,2,24,3,-9.3,922.1,NA,240,NA
2018,2,24,6,-9.6,923.3,NA,230,NA
2018,2,24,9,-9.7,922.9,NA,240,95
2018,2,24,12,-10,922,21,240,93
2018,2,24,15,-10.7,921.6,NA,230,NA
2018,2,24,18,-10.7,920.9,NA,240,NA
2018,2,24,21,-10.7,920.6,NA,260,NA
2018,2,25,0,-10.9,919.5,NA,240,NA
2018,2,25,3,-11,918.7,NA,260,NA
2018,2,25,6,-11.3,917.8,NA,260,NA
2018,2,25,9,-11.8,917.3,10,260,NA
2018,2,25,12,-12,916.6,10,250,NA
2018,2,25,15,-12.1,915.8,13,230,NA
2018,2,25,18,-12.2,915.7,NA,230,NA
2018,2,25,21,-12.4,915.7,12,240,NA
2018,2,26,0,-12.5,916,10,230,NA
2018,2,26,3,-12.9,916.2,8,240,NA
2018,2,26,6,-12.8,916.5,7,240,NA
2018,2,26,9,-13.5,917.2,6,250,NA
2018,2,26,12,-13.7,917.6,8,250,96
2018,2,26,15,-13.8,917.8,6,250,95
2018,2,26,18,-13.9,918,6,NA,95
2018,2,26,21,-13.3,918,5,NA,NA
2018,2,27,0,-10.5,918.4,2,230,NA
2018,2,27,3,-9.2,917.7,NA,0,NA
2018,2,27,6,NA,916.8,4,70,NA
2018,2,27,9,NA,916.5,1,30,NA
2018,2,27,12,NA,915.9,1,260,NA
2018,2,27,15,-13.6,915.4,3,240,96
2018,2,27,18,-13.8,914.6,5,250,96
2018,2,27,21,NA,914.6,1,250,NA
2018,2,28,0,-12.1,914.6,NA,240,NA
2018,2,28,3,-12.8,915.1,NA,230,NA
2018,2,28,6,-12.6,914.9,NA,230,NA
2018,2,28,9,-13.4,915.3,16,220,NA
2018,2,28,12,-13.7,916.2,NA,230,96
2018,2,28,15,-14.3,916.2,NA,230,95
2018,2,28,18,-14.3,915.5,NA,230,95
2018,2,28,21,-14.6,915.2,NA,240,95
2018,3,1,0,-13.4,915.5,NA,230,NA
2018,3,1,3,-13,914.6,NA,240,95
2018,3,1,6,-12.6,915.5,NA,240,87
2018,3,1,9,-12.5,916.5,NA,240,88
2018,3,1,12,-11.9,917.3,NA,250,79
2018,3,1,15,-12.5,918.4,NA,NA,80
2018,3,1,18,-12.8,918.8,24,NA,85
2018,3,1,21,-12.3,919.1,22,NA,86
2018,3,2,0,-12.6,919.9,NA,NA,92
2018,3,2,3,-12.6,920.4,NA,230,91
2018,3,2,6,-12.9,920.8,NA,220,91
2018,3,2,9,-13.5,921.4,8,250,91
2018,3,2,12,-13,921.6,NA,290,87
2018,3,2,15,-13.2,921.5,4,30,93
2018,3,2,18,-13.6,921.3,5,320,96
2018,3,2,21,-14.1,921,5,240,95
2018,3,3,0,-13.7,921.4,NA,230,96
2018,3,3,3,-14.6,921.7,NA,260,95
2018,3,3,6,-13.7,922.4,NA,230,92
2018,3,3,9,-14,922.9,NA,240,86
2018,3,3,12,-13.9,924,18,250,82
2018,3,3,15,-15.1,924.8,NA,270,94
2018,3,3,18,-14.9,925.1,NA,280,90
2018,3,3,21,-15.3,925,NA,290,94
2018,3,4,0,-14.5,924.8,4,260,95
2018,3,4,3,-15,924.6,NA,230,95
2018,3,4,6,-15.2,924.3,NA,230,95
2018,3,4,9,-15.3,924.5,9,250,94
2018,3,4,12,-15.6,924.7,9,240,94
2018,3,4,15,-15.7,924.2,NA,250,94
2018,3,4,18,-15.4,924.4,NA,260,94
2018,3,4,21,-15.2,924.1,18,250,94
2018,3,5,0,-15.9,922.8,NA,NA,94
2018,3,5,3,-15.5,921,NA,NA,94
2018,3,5,6,-16,919.1,NA,NA,94
2018,3,5,9,-15.8,918.7,NA,NA,94
2018,3,5,12,-15.1,917.1,NA,NA,94
2018,3,5,15,-14.7,916.5,NA,NA,94
2018,3,5,18,-13.8,916.6,NA,NA,95
2018,3,5,21,-13.4,917.3,NA,250,95
2018,3,6,0,-13.5,918.5,NA,240,96
2018,3,6,3,-13.7,919.1,NA,250,95
2018,3,6,6,-14.3,921,NA,240,95
2018,3,6,9,-13.9,922.6,NA,250,95
2018,3,6,12,-14.4,922.2,NA,240,95
2018,3,6,15,-15,921.7,NA,240,94
2018,3,6,18,-16.1,921.5,NA,230,94
2018,3,6,21,-16.5,921.1,NA,240,94
2018,3,7,0,-16.5,920.5,NA,250,94
2018,3,7,3,-16.7,919.6,NA,190,94
2018,3,7,6,-17,918.6,NA,220,93
2018,3,7,9,-18.1,917.6,NA,250,93
2018,3,7,12,-17.5,916.5,NA,90,92
2018,3,7,15,-17.8,915.3,NA,70,93
2018,3,7,18,-17,913.8,NA,90,93
2018,3,7,21,-16.7,912.1,3,110,93
2018,3,8,0,-15.9,910.5,2,260,94
2018,3,8,3,-16.7,908.6,NA,270,94
2018,3,8,6,-16.9,907.1,NA,240,93
2018,3,8,9,-17.3,905.7,NA,240,93
2018,3,8,12,-17.2,905.1,NA,230,93
2018,3,8,15,-18.5,903.5,NA,240,92
2018,3,8,18,-19.6,902.4,NA,240,91
2018,3,8,21,-20.3,901.9,NA,NA,91
2018,3,9,0,-19.6,902.1,NA,NA,91
2018,3,9,3,-20.3,902.1,39,NA,90
2018,3,9,6,-19.3,904.2,NA,240,89
2018,3,9,9,-18.5,905.3,NA,230,83
2018,3,9,12,-18,906.1,NA,270,84
2018,3,9,15,-17.7,906.2,NA,250,78
2018,3,9,18,-15.7,906.3,4,270,76
2018,3,9,21,-14.2,907,NA,240,88
2018,3,10,0,-11.4,907.2,NA,240,89
2018,3,10,3,-10,908.3,NA,240,93
2018,3,10,6,-10,906.6,NA,250,NA
2018,3,10,9,-11.6,911.6,NA,250,NA
2018,3,10,12,-12.5,916.3,NA,230,NA
2018,3,10,15,-12.8,918.7,NA,250,NA
2018,3,10,18,-13.1,921.7,NA,240,NA
2018,3,10,21,-12.8,924.7,NA,240,NA
2018,3,11,0,-12.2,926.4,NA,210,NA
2018,3,11,3,-12.2,926.8,NA,310,NA
2018,3,11,6,-12.1,927.1,NA,100,NA
2018,3,11,9,-12.6,927.6,2,350,NA
2018,3,11,12,-12.5,927.2,NA,270,NA
2018,3,11,15,-13.8,926.7,NA,260,95
2018,3,11,18,-13.3,926.6,7,240,NA
2018,3,11,21,-14,926.4,9,210,95
2018,3,12,0,-15.3,926,NA,230,94
2018,3,12,3,-16,925.4,NA,230,94
2018,3,12,6,-16.8,925.4,NA,240,94
2018,3,12,9,-15.9,925.5,NA,240,92
2018,3,12,12,-14.9,925.2,NA,230,76
2018,3,12,15,-12.8,923.8,NA,240,81
2018,3,12,18,-12,924.6,NA,240,65
2018,3,12,21,-11,923.5,NA,250,67
2018,3,13,0,-11,924.5,NA,240,79
2018,3,13,3,-12.2,924.6,NA,230,75
2018,3,13,6,-11,922.8,NA,240,NA
2018,3,13,9,-11.4,923.1,NA,250,NA
2018,3,13,12,-10.3,921.2,NA,250,NA
2018,3,13,15,-11.9,922.7,NA,230,NA
2018,3,13,18,-13.7,920.8,NA,240,96
2018,3,13,21,-14.1,920.9,NA,230,95
2018,3,14,0,-14.3,922,NA,230,95
2018,3,14,3,-14.7,921.2,NA,240,95
2018,3,14,6,-14.7,921.3,NA,250,95
2018,3,14,9,-14,918.6,NA,NA,95
2018,3,14,12,-14.5,916,NA,NA,95
2018,3,14,15,-14.7,915.4,NA,NA,95
2018,3,14,18,-14.6,915.6,NA,230,95
2018,3,14,21,-14.2,915.8,NA,240,95
2018,3,15,0,-13.9,914.5,NA,NA,96
2018,3,15,3,-14,914,46,NA,95
2018,3,15,6,-13.4,915.9,NA,NA,95
2018,3,15,9,-12.8,915.5,NA,250,93
2018,3,15,12,-14.4,916.2,NA,230,93
2018,3,15,15,-14.8,915.3,NA,0,95
2018,3,15,18,-15.3,913.3,NA,20,95
2018,3,15,21,-15.1,911.9,NA,70,95
2018,3,16,0,-15,910.4,NA,230,95
2018,3,16,3,-15.5,909.2,NA,250,95
2018,3,16,6,-16.2,907.8,NA,260,94
2018,3,16,9,-15.7,906.9,NA,250,94
2018,3,16,12,-16.8,905.8,NA,230,94
2018,3,16,15,-17.9,905.6,NA,NA,93
2018,3,16,18,-18.6,906.2,29,NA,92
2018,3,16,21,-19.2,907.3,NA,NA,92
2018,3,17,0,-19,908,NA,230,92
2018,3,17,3,-18.7,909.3,NA,240,92
2018,3,17,6,-18.7,909.3,NA,250,92
2018,3,17,9,-17.9,908.5,NA,50,93
2018,3,17,12,-18.3,906.7,NA,10,93
2018,3,17,15,-18.2,905.5,6,270,92
2018,3,17,18,-17.6,904.5,NA,250,93
2018,3,17,21,-17.4,905.2,NA,250,93
2018,3,18,0,-18.2,906.9,NA,280,92
2018,3,18,3,-15.5,911.1,NA,250,93
2018,3,18,6,-14.9,915.1,NA,20,74
2018,3,18,9,NA,918.5,NA,0,32
2018,3,18,12,NA,921.3,NA,10,30
2018,3,18,15,-11.4,924,NA,30,59
2018,3,18,18,-10,927.5,NA,20,86
2018,3,18,21,-9.5,929.8,NA,360,63
2018,3,19,0,-9,931.2,NA,20,83
2018,3,19,3,-8.9,929.6,NA,260,NA
2018,3,19,6,-8.4,926.9,NA,250,NA
2018,3,19,9,-11.3,925.4,NA,240,NA
2018,3,19,12,-10.9,926.6,NA,230,NA
2018,3,19,15,-9.4,928.7,NA,260,NA
2018,3,19,18,-10.7,929.4,NA,250,NA
2018,3,19,21,-11.3,929.5,NA,230,94
2018,3,20,0,-11.6,930.6,NA,230,NA
2018,3,20,3,-11.9,929.3,NA,250,NA
2018,3,20,6,-12.7,926.3,NA,240,NA
2018,3,20,9,-12.9,922.8,NA,NA,NA
2018,3,20,12,-13.4,921.1,NA,NA,NA
2018,3,20,15,-14.5,919.4,NA,NA,95
2018,3,20,18,-14.5,919.5,NA,NA,95
2018,3,20,21,-15.3,920.8,NA,NA,95
2018,3,21,0,-14.3,921.6,NA,230,94
2018,3,21,3,-14.4,921.8,NA,220,95
2018,3,21,6,-15,920.8,NA,240,95
2018,3,21,9,-15.4,920.5,NA,230,95
2018,3,21,12,-15.7,919.4,NA,360,94
2018,3,21,15,-15.3,918.6,NA,60,94
2018,3,21,18,-15.3,917.7,2,100,95
2018,3,21,21,-15.7,917.8,1,280,94
2018,3,22,0,-15.3,917.7,NA,250,95
2018,3,22,3,-15.4,917.9,NA,250,95
2018,3,22,6,-17.2,917.7,NA,240,93
2018,3,22,9,-18,917.6,NA,240,93
2018,3,22,12,-18.2,917.5,10,220,93
2018,3,22,15,-19.4,917.8,11,240,92
2018,3,22,18,-19.8,917.5,NA,230,91
2018,3,22,21,-20.6,917.9,10,240,91
2018,3,23,0,-21,917.8,10,230,91
2018,3,23,3,-20.8,917.7,NA,220,90
2018,3,23,6,-21.4,917.5,NA,190,90
2018,3,23,9,-22,918.2,4,230,90
2018,3,23,12,-21.7,920.2,1,270,89
2018,3,23,15,-17.7,921.2,NA,250,92
2018,3,23,18,NA,923.1,NA,260,88
2018,3,23,21,-15.1,924.6,NA,270,57
2018,3,24,0,-14.5,924.4,NA,280,57
2018,3,24,3,-12.7,923.3,NA,340,54
2018,3,24,6,-13,922.6,4,260,52
2018,3,24,9,-12.8,921.3,NA,240,55
2018,3,24,12,-11.1,919.7,NA,260,66
2018,3,24,15,-11.3,916.6,NA,240,NA
2018,3,24,18,-10.5,919,NA,240,NA
2018,3,24,21,-10.5,915.1,NA,250,NA
2018,3,25,0,-8.3,918.1,NA,240,NA
2018,3,25,3,-10.2,920.7,NA,240,NA
2018,3,25,6,-11.1,915.7,NA,250,NA
2018,3,25,9,-10.9,919.2,NA,NA,NA
2018,3,25,12,-10.7,921.7,NA,NA,NA
2018,3,25,15,-9.3,924.3,NA,NA,81
2018,3,25,18,-9.4,926.4,NA,210,75
2018,3,25,21,-11.1,926.4,NA,320,80
2018,3,26,0,-10.9,924.9,NA,350,80
2018,3,26,3,-8.3,924.3,NA,20,61
2018,3,26,6,-9.5,923.9,NA,260,52
2018,3,26,9,-12.7,924.8,NA,260,92
2018,3,26,12,-10.9,927.5,NA,260,56
2018,3,26,15,-15.2,929.3,NA,250,94
2018,3,26,18,-13.2,930.8,NA,250,81
2018,3,26,21,-12.6,932.1,NA,250,74
2018,3,27,0,-11.6,933.2,NA,0,69
2018,3,27,3,-11.7,934,NA,NA,64
2018,3,27,6,-12.8,934.7,4,30,65
2018,3,27,9,-13.5,934.8,NA,20,69
2018,3,27,12,-12.9,935.2,8,10,57
2018,3,27,15,-14.8,935.7,NA,10,87
2018,3,27,18,-14.3,935.8,4,260,64
2018,3,27,21,-13.6,936.5,2,30,68
2018,3,28,0,-15.7,937.7,NA,30,82
2018,3,28,3,-15.2,938.1,NA,350,86
2018,3,28,6,-15.8,938.7,NA,360,94
2018,3,28,9,-17.8,939.3,3,270,93
2018,3,28,12,-14.5,939.4,NA,260,94
2018,3,28,15,-15.8,938.8,NA,10,93
2018,3,28,18,-14.8,938.6,NA,10,95
2018,3,28,21,-15.7,938.2,NA,340,94
2018,3,29,0,-16,938.3,NA,40,94
2018,3,29,3,-15.7,939.2,NA,170,94
2018,3,29,6,-17.2,939.1,4,50,93
2018,3,29,9,-18.6,940,NA,230,93
2018,3,29,12,-18.7,938.1,NA,230,92
2018,3,29,15,-18.6,940.1,NA,240,81
2018,3,29,18,-18.8,939.9,NA,230,82
2018,3,29,21,-18.2,939.3,NA,220,78
2018,3,30,0,-17.4,938.5,NA,240,61
2018,3,30,3,-14.6,937.9,5,230,47
2018,3,30,6,-17.5,937.1,NA,250,60
2018,3,30,9,-15,936.6,NA,NA,44
2018,3,30,12,-14.3,936.2,NA,NA,40
2018,3,30,15,-13.2,936,NA,NA,43
2018,3,30,18,-12.7,935.4,NA,240,40
2018,3,30,21,-12.6,935.5,NA,250,43
2018,3,31,0,-13.3,935.9,NA,240,45
2018,3,31,3,-13.9,936.5,11,260,52
2018,3,31,6,-11.2,937,NA,260,50
2018,3,31,9,-12.9,937.8,NA,250,54
2018,3,31,12,-12.7,938.7,NA,360,56
2018,3,31,15,-14.9,939.2,NA,260,58
2018,3,31,18,-14.7,939.2,NA,140,54
2018,3,31,21,-13.6,939.2,NA,90,53
2018,4,1,0,-13.5,939.5,3,260,48
2018,4,1,3,-13.2,938.9,NA,240,48
2018,4,1,6,-13.4,938.5,NA,210,47
2018,4,1,9,-13.1,938.3,NA,280,45
2018,4,1,12,-13.1,938,2,360,46
2018,4,1,15,-12,937.1,5,30,46
2018,4,1,18,-16.2,937.1,NA,60,68
2018,4,1,21,NA,937.1,NA,110,91
2018,4,2,0,-16.1,937.2,4,160,78
2018,4,2,3,-18.7,936.9,NA,240,83
2018,4,2,6,-18.6,936.2,NA,240,88
2018,4,2,9,-18.7,937.2,NA,240,87
2018,4,2,12,-18.8,937.6,NA,230,91
2018,4,2,15,-19.2,938.3,NA,220,91
2018,4,2,18,-19.4,939.4,NA,230,90
2018,4,2,21,-19.1,938.7,NA,240,84
2018,4,3,0,-19,938.4,NA,230,84
2018,4,3,3,-18.5,937.7,NA,230,82
2018,4,3,6,-18.9,936.6,NA,250,83
2018,4,3,9,-18.7,935.9,18,250,78
2018,4,3,12,-18.6,934.5,16,230,69
2018,4,3,15,-18.2,932.2,NA,250,71
2018,4,3,18,-18.2,930.1,NA,240,62
2018,4,3,21,-18.9,930.3,NA,230,71
2018,4,4,0,-20.7,929.2,NA,240,87
2018,4,4,3,-20.7,928.1,20,230,84
2018,4,4,6,-21.3,926.6,NA,240,89
2018,4,4,9,-21.2,925.9,NA,240,88
2018,4,4,12,-21.4,925.3,NA,230,79
2018,4,4,15,-21,927.2,NA,240,86
2018,4,4,18,-20.8,928.6,NA,240,88
2018,4,4,21,-20.8,928.5,NA,240,87
2018,4,5,0,-20.8,928.1,27,NA,86
2018,4,5,3,-20.1,928.7,NA,NA,87
2018,4,5,6,-20.5,929.3,NA,NA,86
2018,4,5,9,-20.4,929.7,26,NA,80
2018,4,5,12,-21,929.5,NA,230,83
2018,4,5,15,-20.9,928.9,28,230,82
2018,4,5,18,-20,928.7,29,240,72
2018,4,5,21,-18.8,929.1,NA,240,62
2018,4,6,0,-19.1,928.7,NA,240,62
2018,4,6,3,-18.4,928.8,NA,230,69
2018,4,6,6,-18.7,929.1,NA,230,85
2018,4,6,9,-18.2,928.2,NA,240,62
2018,4,6,12,-18.3,927.7,NA,0,59
2018,4,6,15,-19.8,927.6,NA,220,64
2018,4,6,18,-21,927.3,NA,30,60
2018,4,6,21,-21.4,927,5,70,88
2018,4,7,0,-21.3,927.1,NA,60,89
2018,4,7,3,-21.6,927,7,50,89
2018,4,7,6,-21.4,927.2,10,40,88
2018,4,7,9,-20.8,927.6,NA,10,73
2018,4,7,12,-20.7,927.9,14,10,71
2018,4,7,15,-20.5,928.7,11,350,67
2018,4,7,18,-20.6,929.2,NA,30,64
2018,4,7,21,-20.5,930,NA,0,69
2018,4,8,0,-20,930.7,NA,20,63
2018,4,8,3,-20.9,931.2,NA,NA,68
2018,4,8,6,-19.7,931.7,NA,NA,67
2018,4,8,9,-20.9,932.8,NA,NA,70
2018,4,8,12,-20.6,933.4,15,10,69
2018,4,8,15,-21.2,933.9,NA,30,71
2018,4,8,18,-21.6,934.3,NA,30,80
2018,4,8,21,-21,934.6,10,30,82
2018,4,9,0,-20.5,934.9,NA,360,NA
2018,4,9,3,-20.6,935.3,NA,10,89
2018,4,9,6,-20.5,935.9,NA,360,90
2018,4,9,9,-18,936.2,NA,50,92
2018,4,9,12,-18.3,936.7,NA,NA,92
2018,4,9,15,-19,936.9,NA,NA,92
2018,4,9,18,-19.9,937,NA,NA,91
2018,4,9,21,-18.9,937.2,NA,NA,91
2018,4,10,0,-15.8,937.7,NA,NA,93
2018,4,10,3,-15.4,938,NA,NA,82
2018,4,10,6,-17.8,938.8,NA,NA,71
2018,4,10,9,-18.1,937.9,2,40,81
2018,4,10,12,NA,935,NA,NA,70
2018,4,10,15,NA,931.5,NA,30,30
2018,4,10,18,-11.9,928.8,NA,250,33
2018,4,10,21,NA,931.9,NA,170,57
2018,4,11,0,NA,931.9,NA,240,85
2018,4,11,3,-19,932.3,NA,250,86
2018,4,11,6,-18.8,933.1,NA,340,89
2018,4,11,9,-18.4,933,NA,30,91
2018,4,11,12,-16.9,931.9,NA,20,76
2018,4,11,15,-15.9,931.6,NA,20,77
2018,4,11,18,-18.2,931.7,NA,360,91
2018,4,11,21,-18.5,931,NA,30,81
2018,4,12,0,-17.1,930.1,NA,40,87
2018,4,12,3,-17.4,929.4,NA,250,88
2018,4,12,6,-16.3,928,NA,260,82
2018,4,12,9,-14.3,926.8,3,270,69
2018,4,12,12,-12.7,926.2,NA,250,66
2018,4,12,15,-14.4,925.7,NA,50,53
2018,4,12,18,NA,924.4,NA,40,93
2018,4,12,21,-16.3,922.9,NA,20,93
2018,4,13,0,NA,923.3,NA,360,93
2018,4,13,3,-21,922.9,NA,140,90
2018,4,13,6,NA,921.3,2,180,89
2018,4,13,9,-22.9,920.2,NA,220,88
2018,4,13,12,-24.1,920.1,NA,240,87
2018,4,13,15,-24.4,919.6,NA,250,87
2018,4,13,18,-24.4,918.7,NA,70,86
2018,4,13,21,-25,918.1,NA,360,87
2018,4,14,0,-22.6,918.6,NA,350,88
2018,4,14,3,-22.9,919.2,NA,0,88
2018,4,14,6,-21.9,921.1,NA,250,78
2018,4,14,9,-21.1,921.5,NA,260,63
2018,4,14,12,-19.8,921.8,NA,280,59
2018,4,14,15,-17.3,921.5,NA,350,44
2018,4,14,18,-20.4,923.9,NA,230,64
2018,4,14,21,-21,925.9,NA,350,77
2018,4,15,0,-21.9,925,NA,20,85
2018,4,15,3,-21.5,923.9,NA,20,81
2018,4,15,6,-20.9,923.3,NA,20,70
2018,4,15,9,NA,923.2,NA,30,55
2018,4,15,12,NA,923.5,NA,270,38
2018,4,15,15,-11.2,924.8,NA,240,35
2018,4,15,18,-11.7,927.4,10,250,34
2018,4,15,21,NA,930.4,NA,50,63
2018,4,16,0,-13.9,931.3,NA,10,56
2018,4,16,3,NA,933.4,NA,300,33
2018,4,16,6,NA,935.4,6,350,55
2018,4,16,9,-10.9,936.5,3,0,44
2018,4,16,12,NA,937.3,5,340,45
2018,4,16,15,-9.7,938,NA,290,39
2018,4,16,18,-12.6,939.4,NA,270,46
2018,4,16,21,NA,940.6,NA,230,86
2018,4,17,0,-14.5,940,14,250,93
2018,4,17,3,-13.6,939.6,NA,260,95
2018,4,17,6,-11.6,937.9,NA,10,NA
2018,4,17,9,-11.3,936.9,NA,20,NA
2018,4,17,12,-10.9,936.8,NA,30,95
2018,4,17,15,-11.4,936.3,NA,10,95
2018,4,17,18,-10.7,934.8,NA,NA,90
2018,4,17,21,-9.9,934.9,NA,NA,92
2018,4,18,0,-8.5,934.2,23,NA,91
2018,4,18,3,-10.2,932.3,25,NA,NA
2018,4,18,6,-10.5,930.6,NA,20,NA
2018,4,18,9,-11.3,929.7,NA,50,NA
2018,4,18,12,-10.9,928.2,NA,40,NA
2018,4,18,15,-9.9,926.5,NA,350,NA
2018,4,18,18,-11.8,925.3,NA,240,NA
2018,4,18,21,-12.7,926.1,NA,230,NA
2018,4,19,0,-12.3,925.2,NA,NA,NA
2018,4,19,3,-14,925.2,NA,NA,95
2018,4,19,6,-16.5,923.8,NA,NA,95
2018,4,19,9,-18.3,924,58,240,93
2018,4,19,12,-18.7,923,58,240,93
2018,4,19,15,-21,929.6,NA,230,91
2018,4,19,18,-21,928.6,NA,NA,91
2018,4,19,21,-20.9,930,NA,NA,91
2018,4,20,0,-20.9,929.7,38,NA,91
2018,4,20,3,-21.8,930.9,NA,NA,90
2018,4,20,6,-21.7,931.1,NA,240,90
2018,4,20,9,-22.1,932.1,NA,230,86
2018,4,20,12,-21.8,931.4,NA,240,81
2018,4,20,15,-22.3,930.4,NA,230,86
2018,4,20,18,-22.7,929.9,NA,230,89
2018,4,20,21,-23,929.6,NA,210,89
2018,4,21,0,-23.1,929.2,NA,130,89
2018,4,21,3,-23.4,928.7,NA,60,88
2018,4,21,6,-23.9,928.3,3,90,88
2018,4,21,9,-24.8,928,NA,310,87
2018,4,21,12,-23.8,927.7,3,280,87
2018,4,21,15,-25,926.6,5,250,87
2018,4,21,18,-25.2,925.9,3,250,87
2018,4,21,21,-25.2,925.1,NA,260,86
2018,4,22,0,-25.6,924.6,4,260,86
2018,4,22,3,-25.6,923.6,NA,250,86
2018,4,22,6,-25.4,923.9,NA,240,86
2018,4,22,9,-25.3,923.9,NA,240,86
2018,4,22,12,-25,923.8,NA,230,86
2018,4,22,15,-25.8,922.8,NA,230,86
2018,4,22,18,-25.3,923.1,NA,240,86
2018,4,22,21,-26.1,921.7,NA,230,85
2018,4,23,0,-26.4,922.1,NA,NA,85
2018,4,23,3,-27,926.3,NA,NA,84
2018,4,23,6,-26.8,926.9,NA,NA,81
2018,4,23,9,-26.4,926.8,NA,NA,76
2018,4,23,12,-26.2,926.1,NA,230,65
2018,4,23,15,-25.7,925,NA,230,63
2018,4,23,18,-25.5,924,31,230,59
2018,4,23,21,-25.8,924.2,NA,220,65
2018,4,24,0,-24.4,923.4,NA,210,64
2018,4,24,3,-24.8,921.8,NA,280,53
2018,4,24,6,-23.2,919.3,NA,350,47
2018,4,24,9,-26,916.6,NA,30,85
2018,4,24,12,-26.4,914,NA,20,84
2018,4,24,15,-25.3,911.2,NA,20,80
2018,4,24,18,-26.4,910.1,NA,0,85
2018,4,24,21,-25.4,908.7,NA,30,85
2018,4,25,0,-25.3,907,NA,50,86
2018,4,25,3,-25.2,905.4,7,340,86
2018,4,25,6,-25.4,904.4,4,360,85
2018,4,25,9,-25.2,903.7,3,10,86
2018,4,25,12,-25,903.1,NA,NA,86
2018,4,25,15,-24.3,902.1,NA,240,87
2018,4,25,18,-22.8,902.2,NA,250,65
2018,4,25,21,-22.2,903.3,NA,240,50
2018,4,26,0,-19.1,905.7,NA,230,41
2018,4,26,3,NA,907.8,17,250,73
2018,4,26,6,NA,910.2,NA,250,79
2018,4,26,9,NA,912.8,NA,240,79
2018,4,26,12,-12.9,916.2,15,240,86
2018,4,26,15,-15.1,919,NA,230,88
2018,4,26,18,-16.3,920.4,NA,250,94
2018,4,26,21,-16.5,921.5,NA,240,94
2018,4,27,0,-17.4,923.4,NA,240,93
2018,4,27,3,-17.8,923.6,NA,230,86
2018,4,27,6,-17.8,922.8,NA,50,87
2018,4,27,9,-18.3,921,NA,40,81
2018,4,27,12,-19.9,919.5,NA,30,86
2018,4,27,15,-19.6,918.5,NA,270,91
2018,4,27,18,-20.4,917.8,NA,150,90
2018,4,27,21,-21.6,917.6,2,350,90
2018,4,28,0,-21.6,917.7,3,300,90
2018,4,28,3,-21.9,916.6,3,250,90
2018,4,28,6,-21.8,914.7,4,230,90
2018,4,28,9,-22.4,913.5,5,250,89
2018,4,28,12,-22.2,913,6,250,89
2018,4,28,15,-23.3,912.7,4,220,88
2018,4,28,18,-23.6,912.6,4,210,88
2018,4,28,21,-24.3,912.2,2,260,87
2018,4,29,0,-23.2,911.2,3,260,88
2018,4,29,3,-21.9,910.6,1,360,89
2018,4,29,6,-20.9,910.2,NA,NA,90
2018,4,29,9,-20.3,909.7,3,0,63
2018,4,29,12,-19.5,909.8,NA,NA,58
2018,4,29,15,-19.3,910,NA,NA,55
2018,4,29,18,-20.4,911.1,NA,250,73
2018,4,29,21,-21.6,913.3,NA,220,68
2018,4,30,0,-21.3,914.9,NA,0,58
2018,4,30,3,-24.1,916.6,NA,220,76
2018,4,30,6,-23.2,917.9,NA,230,87
2018,4,30,9,-23.5,919.1,NA,260,87
2018,4,30,12,-23.3,919.2,17,260,88
2018,4,30,15,-22.9,919.5,NA,240,88
2018,4,30,18,-22.9,919,NA,260,89
2018,4,30,21,-22.6,918.5,NA,260,89
2018,5,1,0,-23,918.2,NA,230,88
2018,5,1,3,-22.7,917.4,NA,230,88
2018,5,1,6,-23.9,916.3,NA,220,88
2018,5,1,9,-23.9,915,NA,220,87
2018,5,1,12,-24.2,916.2,NA,240,87
2018,5,1,15,-24.7,915.3,NA,NA,87
2018,5,1,18,-25,914.8,NA,NA,86
2018,5,1,21,-24.6,913.9,NA,NA,87
2018,5,2,0,-24.1,913.5,NA,270,87
2018,5,2,3,-24.7,912.7,NA,270,86
2018,5,2,6,-23.7,911.7,NA,10,87
2018,5,2,9,-23.7,911.6,3,250,87
2018,5,2,12,-23.3,912,NA,NA,87
2018,5,2,15,-24.6,912,1,270,87
2018,5,2,18,-23.9,912.2,NA,50,87
2018,5,2,21,-24.4,912.5,NA,60,87
2018,5,3,0,-24.2,913.1,NA,140,87
2018,5,3,3,-24.1,913.1,NA,120,87
2018,5,3,6,-24.5,913.4,NA,NA,87
2018,5,3,9,-26.4,913.6,NA,250,85
2018,5,3,12,-26.3,914.8,2,230,85
2018,5,3,15,-26,915.7,NA,0,85
2018,5,3,18,-26.5,916.7,3,250,85
2018,5,3,21,-26.8,918.2,2,250,84
2018,5,4,0,-26.8,920.1,NA,NA,84
2018,5,4,3,-26.8,921.2,1,20,84
2018,5,4,6,-25.4,921.8,NA,NA,85
2018,5,4,9,-22.7,921.8,2,350,88
2018,5,4,12,-24.4,922.5,3,10,87
2018,5,4,15,-23.4,923.5,5,20,81
2018,5,4,18,-22.5,925.8,2,250,86
2018,5,4,21,-22.6,927.8,1,190,87
2018,5,5,0,-22.9,928.4,NA,40,78
2018,5,5,3,-23.2,929.2,4,280,77
2018,5,5,6,-26.5,928.4,8,280,85
2018,5,5,9,-27.1,927.1,5,270,83
2018,5,5,12,-25.3,927.2,NA,240,85
2018,5,5,15,-25,925.8,4,240,86
2018,5,5,18,-26,925.3,3,260,85
2018,5,5,21,-26.2,924.1,2,260,84
2018,5,6,0,-27.1,923.3,1,250,84
2018,5,6,3,-26.9,921.9,2,270,83
2018,5,6,6,-25.2,920.4,NA,NA,85
2018,5,6,9,-25.1,919.5,NA,NA,86
2018,5,6,12,-25.8,918.3,NA,NA,84
2018,5,6,15,-26.2,916.2,NA,230,84
2018,5,6,18,-27.3,916.3,NA,240,83
2018,5,6,21,-27.3,917.5,NA,0,83
2018,5,7,0,-27.6,917.4,NA,0,83
2018,5,7,3,-27.8,917.7,1,240,83
2018,5,7,6,-27.7,917.7,NA,NA,82
2018,5,7,9,-28.8,917.9,1,250,82
2018,5,7,12,-29.4,917.7,NA,NA,81
2018,5,7,15,-29.9,917.1,NA,250,80
2018,5,7,18,-30.1,917.1,NA,240,80
2018,5,7,21,-29.5,917.7,NA,230,80
2018,5,8,0,-30.3,919.2,NA,240,79
2018,5,8,3,-31,919.6,NA,230,79
2018,5,8,6,-29.9,919.9,NA,220,80
2018,5,8,9,-30.2,921.2,NA,230,80
2018,5,8,12,-30.3,923,NA,230,79
2018,5,8,15,-30.8,923.7,NA,230,79
2018,5,8,18,-30.6,923.7,NA,250,79
2018,5,8,21,-30.7,924.2,NA,240,79
2018,5,9,0,-30.6,923.9,NA,250,79
2018,5,9,3,-30.7,923.6,NA,270,79
2018,5,9,6,-29.7,923.3,NA,0,80
2018,5,9,9,-28.9,922.4,1,10,81
2018,5,9,12,-28.3,921.2,NA,NA,81
2018,5,9,15,-28.6,920.1,1,10,82
2018,5,9,18,-27.7,918.7,3,340,80
2018,5,9,21,-28.6,916.7,2,340,79
2018,5,10,0,-28.6,914.9,3,340,76
2018,5,10,3,-28.4,912.9,NA,NA,81
2018,5,10,6,-28.5,911,NA,NA,81
2018,5,10,9,-29,909.9,NA,NA,81
2018,5,10,12,-29,908.9,NA,NA,81
2018,5,10,15,-28.7,907.8,NA,NA,81
2018,5,10,18,-29.3,906.9,NA,NA,77
2018,5,10,21,-29.9,906.3,NA,210,80
2018,5,11,0,-30.6,905.2,NA,240,80
2018,5,11,3,-28.8,904,NA,NA,81
2018,5,11,6,-27.7,903.4,NA,NA,82
2018,5,11,9,-27,903.3,NA,NA,82
2018,5,11,12,-25.5,903.4,NA,220,70
2018,5,11,15,-23.7,903.9,NA,240,62
2018,5,11,18,-23,903.4,NA,240,61
2018,5,11,21,-22.4,904.2,NA,230,49
2018,5,12,0,-25.5,903.7,NA,240,63
2018,5,12,3,-24.7,904.1,NA,240,72
2018,5,12,6,-25.8,905.3,NA,280,84
2018,5,12,9,-22.6,904.3,NA,290,51
2018,5,12,12,NA,904.3,2,20,45
2018,5,12,15,-20.9,904.1,NA,20,45
2018,5,12,18,-19.6,905,NA,300,40
2018,5,12,21,-22.3,906.8,NA,260,45
2018,5,13,0,-21.1,909.5,NA,260,41
2018,5,13,3,-19.6,911.6,9,240,39
2018,5,13,6,-19.7,912.8,8,240,53
2018,5,13,9,-20.2,914.3,7,220,51
2018,5,13,12,-18.7,915.1,NA,250,47
2018,5,13,15,-17.8,915.5,NA,270,45
2018,5,13,18,-16.9,915.9,4,170,41
2018,5,13,21,-16,916,5,230,37
2018,5,14,0,-13.9,916.4,NA,240,46
2018,5,14,3,-13.6,916.7,NA,210,59
2018,5,14,6,-13.6,916.2,NA,260,55
2018,5,14,9,-13.3,915.4,NA,280,54
2018,5,14,12,-14.1,915,7,260,53
2018,5,14,15,-14,914,7,280,52
2018,5,14,18,-13.2,913.4,NA,320,50
2018,5,14,21,-12.1,913,NA,350,51
2018,5,15,0,-13.4,913.6,6,260,48
2018,5,15,3,-14.2,913.8,NA,30,51
2018,5,15,6,-13.2,913.9,3,10,48
2018,5,15,9,-16.2,914.4,NA,260,50
2018,5,15,12,-16.2,914.8,4,220,55
2018,5,15,15,-15.8,915.3,NA,230,54
2018,5,15,18,-16.4,916.3,NA,230,76
2018,5,15,21,-15.4,917.4,NA,240,68
2018,5,16,0,-16.4,919.2,NA,230,93
2018,5,16,3,NA,922.5,NA,240,90
2018,5,16,6,NA,925.4,NA,220,89
2018,5,16,9,-23.3,925.8,NA,230,87
2018,5,16,12,-23.9,927.3,10,240,88
2018,5,16,15,-21.2,927.8,NA,260,90
2018,5,16,18,-20.3,927.6,NA,0,87
2018,5,16,21,-21,926.7,NA,20,75
2018,5,17,0,-20.8,926,NA,60,78
2018,5,17,3,-22.4,925.6,NA,40,77
2018,5,17,6,-21.5,926,NA,40,71
2018,5,17,9,-22.1,927.1,NA,30,88
2018,5,17,12,-23,929.3,NA,270,88
2018,5,17,15,-23.1,931.5,NA,240,88
2018,5,17,18,-22.8,934,2,340,88
2018,5,17,21,-25.4,936.1,3,260,86
2018,5,18,0,-24.4,938.1,2,50,86
2018,5,18,3,-24.9,939.2,4,270,86
2018,5,18,6,-25.2,939.9,NA,260,85
2018,5,18,9,-25.1,940.3,5,270,85
2018,5,18,12,-24.8,939.7,NA,0,86
2018,5,18,15,-23.7,938.1,NA,0,87
2018,5,18,18,-23.1,936.6,2,270,87
2018,5,18,21,-22.8,934.9,3,270,88
2018,5,19,0,-22.7,932.6,4,40,87
2018,5,19,3,-22.1,930.3,NA,30,66
2018,5,19,6,-22.9,928.8,NA,30,68
2018,5,19,9,-23.2,927.9,15,40,79
2018,5,19,12,-22.3,927.2,12,30,81
2018,5,19,15,-23,926.6,NA,20,81
2018,5,19,18,-21.6,926.4,NA,290,69
2018,5,19,21,-24.6,926,NA,280,82
2018,5,20,0,-24.7,926.2,1,30,85
2018,5,20,3,-25.8,925.5,2,210,84
2018,5,20,6,-26.2,925.4,2,200,84
2018,5,20,9,-27.4,925.4,NA,240,83
2018,5,20,12,-27.5,925.6,NA,230,83
2018,5,20,15,-28,926.2,NA,250,82
2018,5,20,18,-28.1,927.3,10,250,82
2018,5,20,21,-28.6,928,12,230,81
2018,5,21,0,-29,928.8,NA,240,81
2018,5,21,3,-28.8,929.3,NA,240,81
2018,5,21,6,-29.1,929.3,NA,230,80
2018,5,21,9,-28.5,930,NA,230,81
2018,5,21,12,-28,930.6,33,NA,82
2018,5,21,15,-28,929,37,NA,81
2018,5,21,18,-27.9,927.8,NA,NA,81
2018,5,21,21,-28.1,926.3,NA,NA,81
2018,5,22,0,-26.1,925.3,NA,240,80
2018,5,22,3,-24.6,921.5,NA,NA,84
2018,5,22,6,-24.9,918.7,NA,NA,85
2018,5,22,9,-26.8,920.3,NA,NA,83
2018,5,22,12,-24.7,923,NA,NA,85
2018,5,22,15,-23.7,923.1,NA,NA,86
2018,5,22,18,-23.8,924.1,NA,NA,86
2018,5,22,21,-24.1,926.4,55,NA,86
2018,5,23,0,-24.5,927.4,NA,230,86
2018,5,23,3,-23.2,928.8,52,240,87
2018,5,23,6,-22.7,929.7,NA,240,87
2018,5,23,9,-22.3,931.8,NA,240,84
2018,5,23,12,-24.1,931.1,NA,260,77
2018,5,23,15,-23.5,930.2,NA,270,69
2018,5,23,18,-24.7,928.5,NA,260,68
2018,5,23,21,-24.3,926,NA,20,82
2018,5,24,0,-24.1,924.1,4,10,86
2018,5,24,3,-24.9,921.2,3,240,85
2018,5,24,6,-24.5,919.6,NA,NA,86
2018,5,24,9,-25.1,918,1,350,85
2018,5,24,12,-26.2,917.7,3,80,85
2018,5,24,15,-26.5,918,3,60,84
2018,5,24,18,-27.1,918.4,3,30,83
2018,5,24,21,-26.8,919.3,7,40,83
2018,5,25,0,-26.4,920,7,50,83
2018,5,25,3,-25.9,920.6,5,50,84
2018,5,25,6,-27.2,920.1,6,20,83
2018,5,25,9,-25.9,919.4,3,20,84
2018,5,25,12,-26.4,919.2,5,350,84
2018,5,25,15,-23.5,918.2,NA,20,86
2018,5,25,18,-24,917.1,NA,50,87
2018,5,25,21,-22.7,917.1,5,20,54
2018,5,26,0,-23.2,917.1,NA,50,NA
2018,5,26,3,-24.5,917,NA,30,85
2018,5,26,6,-24.6,917.3,NA,240,86
2018,5,26,9,-24.8,917.7,NA,250,84
2018,5,26,12,-27.1,916.6,NA,230,83
2018,5,26,15,-25.4,915.7,NA,230,85
2018,5,26,18,-24.2,917.2,NA,230,85
2018,5,26,21,-22.6,918.7,39,240,87
2018,5,27,0,-22.6,919.8,NA,230,88
2018,5,27,3,-22.7,922.2,NA,230,87
2018,5,27,6,-23.4,925,NA,NA,88
2018,5,27,9,-22.4,928.5,NA,NA,83
2018,5,27,12,-23.5,930.5,NA,NA,87
2018,5,27,15,-24.3,932.7,NA,220,86
2018,5,27,18,-25.4,933.3,NA,260,85
2018,5,27,21,-26,933.3,NA,240,85
2018,5,28,0,-26.2,933.6,NA,240,84
2018,5,28,3,-26.9,933.3,NA,240,83
2018,5,28,6,-27.2,933.9,NA,250,83
2018,5,28,9,-26.9,933.7,NA,250,78
2018,5,28,12,-26.7,933.9,NA,90,83
2018,5,28,15,-27,934.1,NA,90,80
2018,5,28,18,-27.6,934.1,2,60,81
2018,5,28,21,-27.4,934.8,NA,70,82
2018,5,29,0,-27.5,934.9,NA,360,82
2018,5,29,3,-27.7,934.6,10,40,82
2018,5,29,6,-28.4,932.6,10,40,81
2018,5,29,9,-28.6,929.2,NA,40,81
2018,5,29,12,-28.1,926.3,NA,30,82
2018,5,29,15,-28,923.9,NA,30,82
2018,5,29,18,-28.4,923,NA,0,81
2018,5,29,21,-28.5,923.2,NA,230,81
2018,5,30,0,-27.8,924.7,NA,350,82
2018,5,30,3,-28,926.1,2,280,81
2018,5,30,6,-28.1,928.7,2,260,82
2018,5,30,9,-27.3,930.4,2,20,83
2018,5,30,12,-26.4,931.9,NA,50,83
2018,5,30,15,-26.6,932.4,NA,40,71
2018,5,30,18,-25.9,932.6,NA,20,57
2018,5,30,21,-25.3,932.2,11,360,58
2018,5,31,0,-26.1,932.2,10,350,57
2018,5,31,3,-25.7,932,NA,310,58
2018,5,31,6,-27.1,932.5,NA,260,62
2018,5,31,9,-25.9,932.2,NA,240,65
2018,5,31,12,-24.7,932.8,NA,240,64
2018,5,31,15,-24.4,934.3,22,240,66
2018,5,31,18,-23.9,935.8,NA,350,60
2018,5,31,21,-25.9,936.6,NA,260,71
2018,6,1,0,-27.1,937.3,NA,250,74
2018,6,1,3,-26.6,937.9,NA,250,65
2018,6,1,6,-23.5,938.5,NA,260,45
2018,6,1,9,-23.4,938.8,NA,230,43
2018,6,1,12,-23.9,939,NA,250,41
2018,6,1,15,-23.3,938.3,1,320,40
2018,6,1,18,-23.5,937.2,NA,340,42
2018,6,1,21,-24.7,936.5,NA,120,43
2018,6,2,0,-25.4,934.9,NA,240,58
2018,6,2,3,-22.8,933.3,NA,240,47
2018,6,2,6,-22,931,NA,240,45
2018,6,2,9,-20.8,930,NA,250,59
2018,6,2,12,-18.7,928.6,NA,240,64
2018,6,2,15,-17.9,926.8,24,240,65
2018,6,2,18,-17.3,925,NA,240,88
2018,6,2,21,-17.6,924.3,NA,230,63
2018,6,3,0,-17.8,923.6,NA,260,59
2018,6,3,3,-17.9,919.6,NA,10,54
2018,6,3,6,-17.1,914.1,NA,300,49
2018,6,3,9,-15.6,906.7,NA,20,48
2018,6,3,12,-13.8,900.5,NA,10,34
2018,6,3,15,NA,896.7,8,270,40
2018,6,3,18,-18,896.4,5,40,42
2018,6,3,21,NA,898.8,NA,220,85
2018,6,4,0,-22.5,903.9,NA,230,87
2018,6,4,3,-22.7,906,NA,240,87
2018,6,4,6,-22.1,908.7,NA,240,88
2018,6,4,9,-22.7,910.4,NA,240,88
2018,6,4,12,-24.6,914.2,NA,230,86
2018,6,4,15,-25.8,916.8,NA,NA,85
2018,6,4,18,-26.6,923.2,NA,NA,82
2018,6,4,21,-27.1,926.1,NA,NA,83
2018,6,5,0,-27,927.5,NA,250,83
2018,6,5,3,-25.5,927.6,NA,180,83
2018,6,5,6,-26.1,926.8,NA,0,84
2018,6,5,9,-26.3,925.4,2,60,84
2018,6,5,12,-26.3,924,NA,NA,84
2018,6,5,15,-25.3,922,2,270,85
2018,6,5,18,-26.1,920.1,NA,NA,84
2018,6,5,21,-26.5,918.7,4,270,84
2018,6,6,0,-26.2,918.3,NA,240,83
2018,6,6,3,-26.9,917.8,4,260,83
2018,6,6,6,-27.5,916.9,NA,260,83
2018,6,6,9,-27.3,916,NA,250,83
2018,6,6,12,-26.8,915,NA,240,82
2018,6,6,15,-26.7,913.6,14,250,83
2018,6,6,18,-26.6,912.7,NA,220,84
2018,6,6,21,-27.5,911.7,NA,230,83
2018,6,7,0,-28,912,NA,230,82
2018,6,7,3,-29.6,913.2,NA,270,80
2018,6,7,6,-29.9,913.6,NA,240,79
2018,6,7,9,-30.3,913.2,NA,240,79
2018,6,7,12,-29.7,914.1,NA,230,80
2018,6,7,15,-29.8,914.2,NA,250,79
2018,6,7,18,-29.4,913.8,NA,250,80
2018,6,7,21,-28.9,913.2,NA,240,81
2018,6,8,0,-28.9,912.2,NA,280,81
2018,6,8,3,-27.4,910.5,6,240,82
2018,6,8,6,-26.4,909.6,NA,250,82
2018,6,8,9,-25.2,909.3,NA,250,82
2018,6,8,12,-24.2,908.2,NA,230,81
2018,6,8,15,-24.3,907.2,NA,220,77
2018,6,8,18,-23.9,904.6,NA,240,86
2018,6,8,21,-24.1,904.2,NA,240,86
2018,6,9,0,-23.4,904.2,NA,250,87
2018,6,9,3,-22.2,905.6,NA,240,88
2018,6,9,6,-20.9,905,NA,240,87
2018,6,9,9,-18.9,903.9,NA,240,74
2018,6,9,12,-20,903.7,NA,230,46
2018,6,9,15,-19,903.7,NA,250,46
2018,6,9,18,-18.2,904.6,NA,240,40
2018,6,9,21,-18.3,905.3,NA,240,39
2018,6,10,0,-17.3,906,NA,200,36
2018,6,10,3,-17.2,907.2,NA,250,38
2018,6,10,6,-17.4,909.1,NA,250,42
2018,6,10,9,-16.8,910.6,NA,240,44
2018,6,10,12,-15.9,911.6,NA,230,43
2018,6,10,15,-16,911.3,NA,240,85
2018,6,10,18,-16.7,913,NA,210,93
2018,6,10,21,-15.8,912.5,NA,230,93
2018,6,11,0,-14.9,912.8,NA,250,84
2018,6,11,3,-17.3,913.9,NA,190,88
2018,6,11,6,NA,913.8,NA,210,91
2018,6,11,9,-18.7,913.3,NA,10,90
2018,6,11,12,-22.3,913.1,NA,30,88
2018,6,11,15,-22.7,914.1,NA,0,88
2018,6,11,18,-21.9,914.9,3,280,89
2018,6,11,21,-23.1,915,2,360,82
2018,6,12,0,-22.9,914.8,3,50,NA
2018,6,12,3,-22.1,914.9,NA,10,83
2018,6,12,6,-23.2,915.5,NA,20,86
2018,6,12,9,-23.4,916.3,NA,20,87
2018,6,12,12,-23.4,917.3,NA,10,87
2018,6,12,15,-25,918.7,NA,10,86
2018,6,12,18,-25.3,919.7,1,70,85
2018,6,12,21,-25.5,920.6,5,50,85
2018,6,13,0,-25,921.3,NA,30,85
2018,6,13,3,-25.9,922.6,NA,40,85
2018,6,13,6,-26.7,923.9,NA,20,83
2018,6,13,9,-26.2,926,NA,210,84
2018,6,13,12,-26.7,928,1,300,84
2018,6,13,15,-27.3,929.7,5,250,83
2018,6,13,18,-28.6,931,NA,240,82
2018,6,13,21,-29.5,932.6,NA,240,80
2018,6,14,0,-29.1,933.4,NA,230,81
2018,6,14,3,-29.7,934.1,NA,240,80
2018,6,14,6,-29.5,933.4,NA,20,80
2018,6,14,9,-28.9,931.8,NA,20,79
2018,6,14,12,-28.4,929.9,NA,40,80
2018,6,14,15,-27.9,929.3,NA,290,66
2018,6,14,18,-29.4,929.8,6,280,59
2018,6,14,21,-29.9,930.2,NA,250,64
2018,6,15,0,-29.4,930.2,NA,340,77
2018,6,15,3,-30.1,929.5,NA,20,60
2018,6,15,6,-29.5,930.3,NA,30,66
2018,6,15,9,-31.3,930.1,NA,240,78
2018,6,15,12,-31.2,931.2,NA,250,77
2018,6,15,15,-32,932,NA,270,77
2018,6,15,18,-32.5,931.9,NA,20,77
2018,6,15,21,-32.1,931.6,NA,280,54
2018,6,16,0,-30.3,931.2,NA,240,64
2018,6,16,3,-30.2,929.9,NA,240,65
2018,6,16,6,-26.6,929.5,NA,240,82
2018,6,16,9,NA,925,NA,250,85
2018,6,16,12,NA,923.8,NA,240,88
2018,6,16,15,-20.3,920.3,42,250,90
2018,6,16,18,-18.9,917.9,NA,240,90
2018,6,16,21,-21.1,914.6,NA,NA,90
2018,6,17,0,-20.9,916,NA,NA,90
2018,6,17,3,-22.3,916.9,56,NA,89
2018,6,17,6,-21.5,919.1,NA,240,90
2018,6,17,9,-21,918.6,NA,240,90
2018,6,17,12,-24,922.4,NA,230,88
2018,6,17,15,-20.6,920.5,NA,NA,90
2018,6,17,18,-19.2,914.5,NA,NA,92
2018,6,17,21,-18.5,917.4,NA,250,92
2018,6,18,0,-16.6,918.6,NA,240,92
2018,6,18,3,-15.9,916.9,NA,240,88
2018,6,18,6,-15.2,919.2,NA,NA,84
2018,6,18,9,-13.4,918,NA,NA,93
2018,6,18,12,-13.5,922.7,58,NA,90
2018,6,18,15,-12.3,923.5,NA,250,59
2018,6,18,18,-13.5,922.5,NA,240,86
2018,6,18,21,-12.7,925,NA,230,73
2018,6,19,0,-15,927,NA,230,71
2018,6,19,3,-15,927,NA,240,74
2018,6,19,6,-16.9,927.3,NA,240,78
2018,6,19,9,-14.6,926.1,29,250,73
2018,6,19,12,-15.4,924.5,29,230,78
2018,6,19,15,-17.3,924,NA,230,90
2018,6,19,18,-14.2,921.7,26,230,68
2018,6,19,21,-15,918.9,NA,240,71
2018,6,20,0,-15,913.1,NA,240,94
2018,6,20,3,-16.5,912.5,NA,250,94
2018,6,20,6,-15.2,921.1,54,NA,93
2018,6,20,9,-14.6,923.5,56,NA,NA
2018,6,20,12,-13.7,924.6,NA,NA,NA
2018,6,20,15,-15,930.9,47,230,94
2018,6,20,18,-12.3,929.5,NA,240,93
2018,6,20,21,-13.6,931.6,NA,230,75
2018,6,21,0,-14.1,933,NA,220,76
2018,6,21,3,-14.6,932.7,NA,230,88
2018,6,21,6,-15.1,930.7,NA,20,78
2018,6,21,9,-17.8,929.5,NA,230,93
2018,6,21,12,-19.4,927.9,NA,240,85
2018,6,21,15,-19.6,928.3,NA,220,92
2018,6,21,18,-19.6,929,NA,230,92
2018,6,21,21,-21,928.7,NA,240,91
2018,6,22,0,-21.9,928.8,NA,240,89
2018,6,22,3,-21.8,929.1,15,240,90
2018,6,22,6,-23.1,930.1,NA,250,89
2018,6,22,9,-22,930.8,NA,260,90
2018,6,22,12,-22.4,931.9,NA,280,86
2018,6,22,15,-19.8,931.6,NA,270,78
2018,6,22,18,-21,932.8,8,260,83
2018,6,22,21,-21.2,933.1,NA,250,78
2018,6,23,0,-20.4,934.1,NA,260,76
2018,6,23,3,-21.3,933.9,NA,240,78
2018,6,23,6,-22.8,934.2,NA,250,83
2018,6,23,9,-18.9,932.6,NA,230,80
2018,6,23,12,-19.5,932.9,NA,230,81
2018,6,23,15,-18.7,933.7,35,240,78
2018,6,23,18,-18.7,932.8,33,230,92
2018,6,23,21,-18.3,932.6,NA,220,93
2018,6,24,0,-18.2,931.3,NA,230,93
2018,6,24,3,-18.3,929.7,NA,NA,93
2018,6,24,6,-17.6,930,36,NA,94
2018,6,24,9,-17,929.2,35,240,94
2018,6,24,12,-16.4,929,NA,250,91
2018,6,24,15,-15.8,928.7,NA,230,83
2018,6,24,18,-15.9,927.7,29,240,88
2018,6,24,21,-16.5,928.3,NA,220,85
2018,6,25,0,-16.5,928.3,NA,220,94
2018,6,25,3,-16.7,927.7,NA,230,94
2018,6,25,6,-16.5,926.5,NA,230,94
2018,6,25,9,-16.7,925.6,NA,230,94
2018,6,25,12,-17.3,925.4,NA,240,94
2018,6,25,15,-17.6,925.2,NA,230,94
2018,6,25,18,-18.2,924.1,NA,240,94
2018,6,25,21,-18.6,924.3,NA,240,93
2018,6,26,0,-17.8,924.5,NA,230,93
2018,6,26,3,-18.9,924.1,16,230,93
2018,6,26,6,-19.5,924.9,NA,230,92
2018,6,26,9,-20.6,925.9,19,240,92
2018,6,26,12,-20.4,926.2,21,240,92
2018,6,26,15,-20.6,927,NA,240,92
2018,6,26,18,-20.3,927.9,NA,NA,92
2018,6,26,21,-19.4,927.5,NA,NA,93
2018,6,27,0,-19.5,930.1,NA,240,92
2018,6,27,3,-19.4,929.7,NA,230,92
2018,6,27,6,-19,929.8,NA,250,87
2018,6,27,9,-19,930.5,42,250,84
2018,6,27,12,-19.4,930.8,41,240,84
2018,6,27,15,-20.1,932.7,NA,240,NA
2018,6,27,18,-19.7,932.7,NA,230,NA
2018,6,27,21,-20.4,933,NA,240,NA
2018,6,28,0,-20.7,933.6,NA,240,NA
2018,6,28,3,-21.5,933.5,NA,250,NA
2018,6,28,6,-22.1,933.7,NA,250,NA
2018,6,28,9,-20.5,933.3,NA,340,NA
2018,6,28,12,-20.4,932.8,5,50,NA
2018,6,28,15,-20.9,932.1,NA,0,NA
2018,6,28,18,-21.5,932.1,2,80,NA
2018,6,28,21,-21.8,931.6,NA,NA,NA
2018,6,29,0,-22.1,931.5,NA,NA,NA
2018,6,29,3,-22.3,930.7,2,150,NA
2018,6,29,6,-22.3,930,NA,NA,NA
2018,6,29,9,-22.5,930,NA,NA,NA
2018,6,29,12,-24.4,929.3,2,270,NA
2018,6,29,15,-24.4,928.8,4,250,NA
2018,6,29,18,-24.7,928.6,NA,250,NA
2018,6,29,21,-24.4,929.3,NA,260,NA
2018,6,30,0,-25.7,929.2,13,240,NA
2018,6,30,3,-25.3,929.9,NA,280,NA
2018,6,30,6,-23.7,930.6,NA,0,NA
2018,6,30,9,-23.8,930.9,4,230,NA
2018,6,30,12,-23.9,931.6,NA,240,NA
2018,6,30,15,-23.7,932,3,230,NA
2018,6,30,18,-24,931.3,NA,240,NA
2018,6,30,21,-23.8,930.8,NA,NA,NA
2018,7,1,0,-24,930,NA,350,NA
2018,7,1,3,-24.7,929.2,NA,360,NA
2018,7,1,6,-24.2,928.2,NA,10,NA
2018,7,1,9,-25.1,927,NA,20,NA
2018,7,1,12,-24.5,926.3,6,20,NA
2018,7,1,15,-24.1,925.9,NA,340,NA
2018,7,1,18,-24.4,925.9,3,270,NA
2018,7,1,21,-23.9,926.3,3,290,NA
2018,7,2,0,-23.9,926.8,1,270,NA
2018,7,2,3,-24.5,927.5,1,280,NA
2018,7,2,6,-24.2,928.6,NA,0,NA
2018,7,2,9,-24.7,929.3,NA,0,NA
2018,7,2,12,-25,930.5,2,260,NA
2018,7,2,15,-25.1,930.9,1,30,NA
2018,7,2,18,-25.6,931.3,NA,NA,NA
2018,7,2,21,-26,930.7,3,80,NA
2018,7,3,0,-26.1,930.1,3,60,NA
2018,7,3,3,-25.8,928.8,2,110,NA
2018,7,3,6,-25.4,927.6,3,270,NA
2018,7,3,9,-26.9,926.2,NA,260,NA
2018,7,3,12,-26.8,923.7,NA,260,NA
2018,7,3,15,-25.9,919.6,NA,240,NA
2018,7,3,18,-22.8,917.9,NA,260,NA
2018,7,3,21,-23.1,915.6,NA,260,NA
2018,7,4,0,-23.2,916.6,NA,270,NA
2018,7,4,3,-23.2,911.1,NA,250,NA
2018,7,4,6,-22.2,913.5,NA,NA,NA
2018,7,4,9,-21.8,911.6,NA,NA,NA
2018,7,4,12,-23.2,908.5,NA,NA,NA
2018,7,4,15,-23.8,910.7,NA,230,NA
2018,7,4,18,-24.2,915.6,NA,240,NA
2018,7,4,21,-23.8,918.7,NA,240,NA
2018,7,5,0,-22.8,918.8,NA,240,NA
2018,7,5,3,-21.7,921.4,46,NA,NA
2018,7,5,6,-20.4,922.6,45,NA,NA
2018,7,5,9,-19.7,924.2,NA,NA,NA
2018,7,5,12,-20.1,926.1,NA,NA,NA
2018,7,5,15,-18.9,929.6,NA,NA,NA
2018,7,5,18,-19.4,930.8,NA,240,NA
2018,7,5,21,-19.7,931.7,NA,NA,NA
2018,7,6,0,-18.7,932.3,NA,NA,NA
2018,7,6,3,-16.9,932.1,NA,NA,NA
2018,7,6,6,-20.6,931.9,5,NA,NA
2018,7,6,9,-21,931.1,NA,300,NA
2018,7,6,12,-20.6,929.8,9,NA,NA
2018,7,6,15,-19,928,NA,NA,NA
2018,7,6,18,-19.2,926.5,NA,NA,NA
2018,7,6,21,-19.5,925.1,NA,NA,NA
2018,7,7,0,-20.7,923.7,NA,NA,NA
2018,7,7,3,-20,921.9,5,NA,NA
2018,7,7,6,-22.2,920.6,4,20,NA
2018,7,7,9,-19.8,920.9,4,NA,NA
2018,7,7,12,-20.7,922.6,1,NA,NA
2018,7,7,15,-20.6,924.3,NA,NA,NA
2018,7,7,18,-20.9,925.8,5,NA,NA
2018,7,7,21,-21.9,927.2,NA,250,NA
2018,7,8,0,-21,928.1,NA,NA,NA
2018,7,8,3,-22,927.7,NA,NA,NA
2018,7,8,6,-22.6,928,NA,0,NA
2018,7,8,9,-23.6,927.5,NA,NA,NA
2018,7,8,12,-23.2,926.9,NA,270,NA
2018,7,8,15,-25,925.4,NA,NA,NA
2018,7,8,18,-25.4,924.1,NA,NA,NA
2018,7,8,21,-27.4,921.9,NA,NA,NA
2018,7,9,0,-27.6,920.5,24,230,NA
2018,7,9,3,-27.9,916.9,NA,220,NA
2018,7,9,6,-27.7,913.5,NA,230,NA
2018,7,9,9,-27,912.1,NA,230,NA
2018,7,9,12,-28.7,914.4,NA,230,NA
2018,7,9,15,-28.9,916.2,NA,220,NA
2018,7,9,18,-29.7,917.2,NA,200,NA
2018,7,9,21,-29.7,915.9,28,210,NA
2018,7,10,0,-29.2,913.7,NA,230,NA
2018,7,10,3,-28.6,912.3,NA,220,NA
2018,7,10,6,-29.6,909.1,NA,230,NA
2018,7,10,9,-29.6,905.6,NA,230,NA
2018,7,10,12,-30.4,905.6,NA,230,NA
2018,7,10,15,-30.1,903.7,NA,NA,NA
2018,7,10,18,-29.3,905.7,56,NA,NA
2018,7,10,21,-29.4,904.3,56,NA,NA
2018,7,11,0,-30.1,905.1,NA,NA,NA
2018,7,11,3,-27.3,907.8,NA,230,NA
2018,7,11,6,-29.3,907.2,NA,230,NA
2018,7,11,9,-29.3,908.8,NA,220,NA
2018,7,11,12,-31.5,908.4,NA,240,NA
2018,7,11,15,-32.4,907.9,NA,240,NA
2018,7,11,18,-32.9,906.8,NA,230,NA
2018,7,11,21,-33,905.6,NA,190,NA
2018,7,12,0,-32.2,903.3,NA,30,NA
2018,7,12,3,-32.2,900.8,NA,NA,NA
2018,7,12,6,-32.3,898.8,13,50,NA
2018,7,12,9,-32.2,897.7,NA,50,NA
2018,7,12,12,-31.3,897.6,NA,60,NA
2018,7,12,15,-30.2,897.8,NA,NA,NA
2018,7,12,18,-30.9,898.9,NA,NA,NA
2018,7,12,21,-30.7,899.7,NA,NA,NA
2018,7,13,0,-32.6,900.8,NA,NA,NA
2018,7,13,3,-31.9,901.9,13,NA,NA
2018,7,13,6,-36.5,903.6,NA,NA,NA
2018,7,13,9,-35.5,905,NA,100,NA
2018,7,13,12,-35.7,907.7,NA,240,NA
2018,7,13,15,-35.5,911,NA,250,NA
2018,7,13,18,-35.3,913.5,NA,260,NA
2018,7,13,21,-35,915,NA,NA,NA
2018,7,14,0,-33.6,916,NA,20,NA
2018,7,14,3,-32.5,916.3,3,NA,NA
2018,7,14,6,-31.4,915.9,NA,190,NA
2018,7,14,9,-28.9,915.4,3,NA,NA
2018,7,14,12,NA,914.4,NA,0,NA
2018,7,14,15,NA,913.3,NA,0,NA
2018,7,14,18,-24.1,913.9,NA,280,NA
2018,7,14,21,-27.9,915,NA,110,NA
2018,7,15,0,NA,916.1,NA,240,NA
2018,7,15,3,NA,918,NA,230,NA
2018,7,15,6,NA,920.7,NA,220,NA
2018,7,15,9,NA,921.9,NA,220,NA
2018,7,15,12,-26.1,922.2,NA,220,NA
2018,7,15,15,-24.3,924,NA,210,NA
2018,7,15,18,-22.4,923.5,NA,350,NA
2018,7,15,21,-20.9,922.7,NA,40,NA
2018,7,16,0,-23.8,923.5,NA,260,NA
2018,7,16,3,NA,925,NA,80,NA
2018,7,16,6,-25.9,924.3,NA,40,NA
2018,7,16,9,-25,923.7,NA,30,NA
2018,7,16,12,-24.6,923.5,13,20,NA
2018,7,16,15,-23.9,923.4,NA,40,NA
2018,7,16,18,NA,922.1,NA,70,NA
2018,7,16,21,NA,921.8,NA,260,NA
2018,7,17,0,NA,923.2,NA,120,NA
2018,7,17,3,NA,922.7,NA,10,NA
2018,7,17,6,-19.2,923.3,NA,210,NA
2018,7,17,9,NA,925.2,NA,230,NA
2018,7,17,12,NA,925.2,NA,40,NA
2018,7,17,15,NA,924.2,NA,20,NA
2018,7,17,18,-12.7,923.7,NA,30,NA
2018,7,17,21,-11.5,923.4,NA,250,NA
2018,7,18,0,NA,924.2,NA,240,NA
2018,7,18,3,NA,925.1,NA,240,NA
2018,7,18,6,-15.2,923.7,NA,50,NA
2018,7,18,9,-14,922.8,NA,190,NA
2018,7,18,12,-17.5,922.4,NA,230,NA
2018,7,18,15,-17,920.1,NA,240,NA
2018,7,18,18,-16.5,918.7,NA,230,NA
2018,7,18,21,-17,917.1,NA,40,NA
2018,7,19,0,-17.1,911.4,NA,350,NA
2018,7,19,3,-17.4,910.5,NA,30,NA
2018,7,19,6,-17,910.1,NA,40,NA
2018,7,19,9,-17.3,908.2,NA,350,NA
2018,7,19,12,NA,907.2,NA,50,NA
2018,7,19,15,NA,903.5,NA,220,NA
2018,7,19,18,-13.3,903.7,NA,230,NA
2018,7,19,21,NA,902.9,NA,230,NA
2018,7,20,0,NA,902.1,NA,240,NA
2018,7,20,3,-25.4,904.1,NA,230,NA
2018,7,20,6,-25,907.2,NA,230,NA
2018,7,20,9,-23.7,910.8,NA,240,NA
2018,7,20,12,-23.3,912.5,NA,230,NA
2018,7,20,15,-22.1,911.9,NA,240,NA
2018,7,20,18,-21.1,912.7,NA,240,NA
2018,7,20,21,-22.5,912.2,NA,220,NA
2018,7,21,0,-21.8,912.9,NA,230,NA
2018,7,21,3,-21.9,914.6,NA,220,NA
2018,7,21,6,-22.2,914.7,NA,230,NA
2018,7,21,9,-19.5,913.6,NA,230,NA
2018,7,21,12,-18.4,913,NA,220,NA
2018,7,21,15,-17.1,911.9,NA,240,NA
2018,7,21,18,-20.3,913.1,NA,240,NA
2018,7,21,21,-19.7,912.8,18,240,NA
2018,7,22,0,-18.5,913,NA,30,NA
2018,7,22,3,-18.1,911.5,NA,50,NA
2018,7,22,6,-19.7,912.7,NA,220,NA
2018,7,22,9,-19,912.3,NA,190,NA
2018,7,22,12,-17.7,911.8,NA,210,NA
2018,7,22,15,-15.6,911.2,NA,250,NA
2018,7,22,18,-13.8,909.7,NA,210,NA
2018,7,22,21,-13.1,907.4,NA,360,NA
2018,7,23,0,NA,907.1,NA,180,NA
2018,7,23,3,NA,913.5,NA,240,NA
2018,7,23,6,NA,915.5,NA,230,NA
2018,7,23,9,-18.9,915.7,NA,240,NA
2018,7,23,12,-18.9,921.5,NA,230,NA
2018,7,23,15,-20.3,921.9,NA,230,NA
2018,7,23,18,-19.2,924.6,NA,230,NA
2018,7,23,21,-20.6,928.5,NA,180,NA
2018,7,24,0,-20.4,928.3,NA,10,NA
2018,7,24,3,-20.1,926.7,NA,350,NA
2018,7,24,6,-19.7,926.7,NA,320,NA
2018,7,24,9,-16.7,924.9,NA,40,NA
2018,7,24,12,-16.9,922.5,NA,60,NA
2018,7,24,15,-12.2,918.7,NA,20,NA
2018,7,24,18,NA,916.9,NA,240,NA
2018,7,24,21,NA,919.5,NA,240,NA
2018,7,25,0,-16.7,921.4,NA,100,NA
2018,7,25,3,NA,920.5,NA,250,NA
2018,7,25,6,NA,924.9,46,240,NA
2018,7,25,9,-23.4,925.1,NA,230,NA
2018,7,25,12,-18.8,923.9,NA,240,NA
2018,7,25,15,NA,922.3,NA,230,NA
2018,7,25,18,NA,920.8,NA,210,NA
2018,7,25,21,-16.3,920.1,NA,230,NA
2018,7,26,0,-17.4,921.6,NA,70,NA
2018,7,26,3,-16.5,922.3,NA,240,NA
2018,7,26,6,-16.5,921.7,NA,10,NA
2018,7,26,9,-17.1,921.4,NA,350,NA
2018,7,26,12,-19.4,926.5,NA,230,NA
2018,7,26,15,-20.4,926,NA,230,NA
2018,7,26,18,-18.6,926.6,NA,240,NA
2018,7,26,21,NA,923,NA,240,NA
2018,7,27,0,-18.1,924.9,NA,220,NA
2018,7,27,3,NA,926,NA,230,NA
2018,7,27,6,-16.7,926.6,NA,230,NA
2018,7,27,9,-17.4,928.3,NA,220,NA
2018,7,27,12,-16.6,927.9,NA,210,NA
2018,7,27,15,-15.9,927.5,NA,110,NA
2018,7,27,18,-18.3,925,NA,30,NA
2018,7,27,21,-15.8,922.1,NA,50,NA
2018,7,28,0,-18.9,921.4,NA,70,NA
2018,7,28,3,-20.5,922.2,NA,270,NA
2018,7,28,6,-21.3,922.4,NA,240,NA
2018,7,28,9,-21,922.6,7,240,NA
2018,7,28,12,-23.3,922.9,NA,230,NA
2018,7,28,15,-22.2,923.3,NA,230,NA
2018,7,28,18,-21.7,925.1,12,230,NA
2018,7,28,21,-20.9,927.8,13,240,NA
2018,7,29,0,-20.3,930.9,10,250,NA
2018,7,29,3,-22.6,931.4,NA,220,NA
2018,7,29,6,-22.7,932.9,NA,240,NA
2018,7,29,9,-22,933.8,NA,250,NA
2018,7,29,12,-22.6,934.4,13,240,NA
2018,7,29,15,-22.9,935.2,NA,230,NA
2018,7,29,18,-22.8,934.8,NA,80,NA
2018,7,29,21,-24.9,934.4,NA,230,NA
2018,7,30,0,-24.5,934.6,NA,160,NA
2018,7,30,3,-25.1,934.6,NA,110,NA
2018,7,30,6,-26.6,934.2,NA,220,NA
2018,7,30,9,-27.6,934.4,NA,220,NA
2018,7,30,12,-28.1,934.3,NA,230,NA
2018,7,30,15,-27.3,934.2,NA,220,NA
2018,7,30,18,-27.6,934.2,19,NA,NA
2018,7,30,21,-27.2,934.7,19,NA,NA
2018,7,31,0,-26.5,936,NA,NA,NA
2018,7,31,3,-26.8,936.9,NA,250,NA
2018,7,31,6,-26.5,938.1,NA,240,NA
2018,7,31,9,-26.3,938.7,NA,230,NA
2018,7,31,12,-26.3,939.9,NA,230,NA
2018,7,31,15,-25.9,940.6,18,230,NA
2018,7,31,18,-25.7,941.4,16,220,NA
2018,7,31,21,-25.8,941.8,NA,210,NA
2018,8,1,0,-26.2,941.9,NA,200,NA
2018,8,1,3,-26.6,941,7,180,NA
2018,8,1,6,-27.4,940,4,320,NA
2018,8,1,9,-26.3,938.6,NA,0,NA
2018,8,1,12,-28.5,937.6,NA,NA,NA
2018,8,1,15,-28.5,935.8,4,NA,NA
2018,8,1,18,-28.1,934.6,4,NA,NA
2018,8,1,21,-27.8,933.6,4,NA,NA
2018,8,2,0,-29.3,932.8,8,310,NA
2018,8,2,3,-29.6,932.5,NA,220,NA
2018,8,2,6,-28.9,933.2,NA,230,NA
2018,8,2,9,-28.6,934.7,NA,220,NA
2018,8,2,12,-28.3,936.2,NA,220,NA
2018,8,2,15,-29.5,936.8,NA,270,NA
2018,8,2,18,-28.8,936.4,NA,NA,NA
2018,8,2,21,-29.2,936.3,NA,60,NA
2018,8,3,0,-29.8,936.2,5,40,NA
2018,8,3,3,-29.7,936,4,70,NA
2018,8,3,6,-30.7,937.1,1,70,NA
2018,8,3,9,-29.6,938.1,1,NA,NA
2018,8,3,12,-29.6,938.1,NA,230,NA
2018,8,3,15,-29.6,938.7,5,220,NA
2018,8,3,18,-31,937.9,NA,220,NA
2018,8,3,21,-30.4,936.9,NA,230,NA
2018,8,4,0,-30,935.5,NA,230,NA
2018,8,4,3,-29.8,933.8,NA,230,NA
2018,8,4,6,-29.8,932.6,NA,240,NA
2018,8,4,9,-30.1,932.5,31,240,NA
2018,8,4,12,-30.1,931.9,NA,230,NA
2018,8,4,15,-29.9,932.7,NA,230,NA
2018,8,4,18,-29.8,934.2,NA,210,NA
2018,8,4,21,-29.4,934.6,NA,230,NA
2018,8,5,0,-28.8,935.4,NA,220,NA
2018,8,5,3,-27.9,935.8,NA,140,NA
2018,8,5,6,-28.5,933.9,NA,20,NA
2018,8,5,9,-28.1,931.1,NA,60,NA
2018,8,5,12,-27.7,928.1,NA,20,NA
2018,8,5,15,-28,924.8,NA,50,NA
2018,8,5,18,-28.9,922.5,NA,50,NA
2018,8,5,21,-28.3,920.1,NA,70,NA
2018,8,6,0,-28.2,918.5,NA,50,NA
2018,8,6,3,-28.2,917.8,3,70,NA
2018,8,6,6,-27.8,919,3,180,NA
2018,8,6,9,-28.4,921,3,180,NA
2018,8,6,12,-29.5,922.6,2,50,NA
2018,8,6,15,-29.3,924.4,1,80,NA
2018,8,6,18,-30.1,925.7,NA,220,NA
2018,8,6,21,-30.3,927.4,NA,180,NA
2018,8,7,0,-30.5,928.5,NA,110,NA
2018,8,7,3,-30,929.1,NA,NA,NA
2018,8,7,6,-29.6,929.1,4,40,NA
2018,8,7,9,-27.9,928.4,2,60,NA
2018,8,7,12,-26.5,927.9,NA,NA,NA
2018,8,7,15,NA,927.2,4,350,NA
2018,8,7,18,-23.6,926.1,NA,NA,NA
2018,8,7,21,-24,925,3,60,NA
2018,8,8,0,-24.2,924.4,2,70,NA
2018,8,8,3,-23,923.8,NA,0,NA
2018,8,8,6,-22.6,923.4,NA,220,NA
2018,8,8,9,-22.9,924.4,NA,230,NA
2018,8,8,12,-23.5,925.7,NA,NA,NA
2018,8,8,15,-21.5,927.1,11,NA,NA
2018,8,8,18,-21,926.2,NA,NA,NA
2018,8,8,21,NA,926.8,NA,NA,NA
2018,8,9,0,-24.5,930.4,NA,240,NA
2018,8,9,3,NA,931.5,NA,230,NA
2018,8,9,6,-21.3,930.7,NA,240,NA
2018,8,9,9,-21.3,931.4,NA,230,NA
2018,8,9,12,-21.4,931.9,NA,NA,NA
2018,8,9,15,-23.7,931.2,NA,NA,NA
2018,8,9,18,-24.1,933.2,NA,NA,NA
2018,8,9,21,-25.5,934.2,NA,250,NA
2018,8,10,0,-22.8,935.5,NA,230,NA
2018,8,10,3,-21.9,934.8,NA,60,NA
2018,8,10,6,-21.9,933.6,NA,70,NA
2018,8,10,9,-20.9,932.2,NA,50,NA
2018,8,10,12,-19.4,931,2,60,NA
2018,8,10,15,-20.5,929.9,6,20,NA
2018,8,10,18,-20.8,929.1,4,50,NA
2018,8,10,21,-21.3,926.8,4,120,NA
2018,8,11,0,-20.4,925,NA,10,NA
2018,8,11,3,-20,923.6,5,320,NA
2018,8,11,6,-19.2,922.6,6,300,NA
2018,8,11,9,-19.2,920.9,NA,240,NA
2018,8,11,12,-18.8,919.1,NA,230,NA
2018,8,11,15,-19,915.5,NA,240,NA
2018,8,11,18,-20.7,913.2,NA,240,NA
2018,8,11,21,-21.8,913.1,NA,240,NA
2018,8,12,0,NA,917.5,NA,210,NA
2018,8,12,3,-25.6,917.7,NA,220,NA
2018,8,12,6,-24.3,918.7,NA,240,NA
2018,8,12,9,-25.6,920.6,NA,240,NA
2018,8,12,12,-24.1,921.6,NA,230,NA
2018,8,12,15,-23.7,921.6,NA,110,NA
2018,8,12,18,-22,921,NA,NA,NA
2018,8,12,21,-21,920.5,2,NA,NA
2018,8,13,0,-20.1,920.7,1,50,NA
2018,8,13,3,-19.2,920.7,NA,230,NA
2018,8,13,6,-19.5,921.4,NA,230,NA
2018,8,13,9,-18.9,922,13,230,NA
2018,8,13,12,-22.6,924.1,NA,200,NA
2018,8,13,15,-22.6,925.2,NA,80,NA
2018,8,13,18,-21.4,926.7,NA,60,NA
2018,8,13,21,-22.2,927.4,NA,90,NA
2018,8,14,0,-22.9,929.1,NA,60,NA
2018,8,14,3,-23.1,929.6,NA,20,NA
2018,8,14,6,-21.9,929.8,4,60,NA
2018,8,14,9,-20.1,930.1,NA,NA,NA
2018,8,14,12,-19,930.9,5,NA,NA
2018,8,14,15,-18.2,931.1,5,NA,NA
2018,8,14,18,-17.8,932.1,5,50,NA
2018,8,14,21,-17,933.5,2,90,NA
2018,8,15,0,-17,935.9,NA,240,NA
2018,8,15,3,-16.6,937.7,NA,230,NA
2018,8,15,6,-15.5,939.3,NA,40,NA
2018,8,15,9,-15.5,940.5,NA,50,NA
2018,8,15,12,-14.8,941.4,NA,360,NA
2018,8,15,15,-14.8,942.4,NA,20,NA
2018,8,15,18,-14.2,943,NA,40,NA
2018,8,15,21,-13.7,943.9,NA,30,NA
2018,8,16,0,-14.3,944.7,7,40,NA
2018,8,16,3,-15.4,945,7,40,NA
2018,8,16,6,-14.2,944.9,7,30,NA
2018,8,16,9,-14.1,945.2,NA,80,NA
2018,8,16,12,-14.1,944.9,5,70,NA
2018,8,16,15,-13.4,944.3,5,320,NA
2018,8,16,18,-12.5,943.5,4,60,NA
2018,8,16,21,-9.2,942.6,2,60,NA
2018,8,17,0,-7.6,941.9,NA,280,NA
2018,8,17,3,-5.7,940.6,6,50,NA
2018,8,17,6,-5.7,939.5,NA,20,NA
2018,8,17,9,-4.7,938.2,NA,350,NA
2018,8,17,12,-5.1,937.1,NA,60,NA
2018,8,17,15,-7,936.1,NA,250,NA
2018,8,17,18,-8.5,936.7,NA,190,NA
2018,8,17,21,-9.4,937.6,NA,70,NA
2018,8,18,0,-10.9,936.4,NA,230,NA
2018,8,18,3,-12.1,936.2,NA,240,NA
2018,8,18,6,-11.5,937.4,NA,230,NA
2018,8,18,9,-12.6,938.6,NA,120,NA
2018,8,18,12,-11.7,938.3,NA,60,NA
2018,8,18,15,-13.8,937.5,3,70,NA
2018,8,18,18,-12.9,936.6,2,80,NA
2018,8,18,21,-12.4,935.2,4,30,NA
2018,8,19,0,-12.4,933.4,NA,360,NA
2018,8,19,3,-12.3,931.9,NA,40,NA
2018,8,19,6,-11.7,929.8,NA,10,NA
2018,8,19,9,-12.5,928.6,NA,60,NA
2018,8,19,12,-11.8,926.4,NA,100,NA
2018,8,19,15,-14.1,924.1,NA,NA,NA
2018,8,19,18,-14.3,921.4,NA,240,NA
2018,8,19,21,-10.7,920.8,NA,NA,NA
2018,8,20,0,NA,920.7,NA,240,NA
2018,8,20,3,NA,921.4,NA,230,NA
2018,8,20,6,-17.7,920.7,NA,230,NA
2018,8,20,9,-19.7,920.3,NA,210,NA
2018,8,20,12,-17.5,919.9,NA,60,NA
2018,8,20,15,-17.6,919.4,NA,70,NA
2018,8,20,18,-19.7,919.1,5,80,NA
2018,8,20,21,NA,918.9,NA,230,NA
2018,8,21,0,-24.4,919.7,NA,230,NA
2018,8,21,3,-26.4,919.9,NA,250,NA
2018,8,21,6,-27.3,920.2,NA,230,NA
2018,8,21,9,-28.1,921.6,NA,NA,NA
2018,8,21,12,-28.5,922.6,NA,NA,NA
2018,8,21,15,-28.9,923,NA,NA,NA
2018,8,21,18,-29.1,922.7,NA,220,NA
2018,8,21,21,-29,923.9,NA,220,NA
2018,8,22,0,-29.8,924.8,NA,230,NA
2018,8,22,3,-31.3,925.9,NA,240,NA
2018,8,22,6,-31.2,927.6,NA,240,NA
2018,8,22,9,-31.9,929,NA,290,NA
2018,8,22,12,-31.6,930,NA,240,NA
2018,8,22,15,-31.9,930.8,7,180,NA
2018,8,22,18,-32.6,931.1,9,230,NA
2018,8,22,21,-32.3,931.4,NA,300,NA
2018,8,23,0,-33,932,NA,NA,NA
2018,8,23,3,-32,932.3,3,80,NA
2018,8,23,6,-32.9,932.3,NA,80,NA
2018,8,23,9,-33.4,932.2,NA,40,NA
2018,8,23,12,-32.4,931.9,NA,40,NA
2018,8,23,15,-31.6,932.2,NA,100,NA
2018,8,23,18,-32.8,931.9,NA,80,NA
2018,8,23,21,-32.4,931.4,4,60,NA
2018,8,24,0,-32,931.4,NA,60,NA
2018,8,24,3,-30.8,930.6,NA,40,NA
2018,8,24,6,-32.8,930.1,NA,30,NA
2018,8,24,9,-32.2,929.8,NA,50,NA
2018,8,24,12,-32.4,929.8,NA,20,NA
2018,8,24,15,-31.1,929.6,NA,40,NA
2018,8,24,18,-29.4,928.8,17,50,NA
2018,8,24,21,-30.9,929.1,NA,30,NA
2018,8,25,0,-29.9,929.1,NA,80,NA
2018,8,25,3,-29.9,928.8,NA,NA,NA
2018,8,25,6,-30.4,927.8,4,110,NA
2018,8,25,9,-31.5,926.3,NA,230,NA
2018,8,25,12,NA,922.5,NA,NA,NA
2018,8,25,15,-30.6,917.2,NA,NA,NA
2018,8,25,18,-30.4,915.3,NA,NA,NA
2018,8,25,21,-30.5,911.6,NA,NA,NA
2018,8,26,0,-30.2,911,NA,240,NA
2018,8,26,3,-29.9,910,NA,240,NA
2018,8,26,6,-30,908.8,NA,230,NA
2018,8,26,9,-29.3,908.6,NA,230,NA
2018,8,26,12,-28.2,912.2,NA,240,NA
2018,8,26,15,-27.7,914.7,NA,230,NA
2018,8,26,18,-27,914.1,NA,230,NA
2018,8,26,21,-25,918.5,49,240,NA
2018,8,27,0,-23.4,917.4,NA,230,NA
2018,8,27,3,-23.5,915.6,NA,230,NA
2018,8,27,6,-22.2,917.7,45,NA,NA
2018,8,27,9,-21.1,916.6,NA,NA,NA
2018,8,27,12,-21.7,918.2,NA,NA,NA
2018,8,27,15,-22.4,918.5,NA,240,NA
2018,8,27,18,-22.8,918.5,NA,220,NA
2018,8,27,21,-21.5,917.8,NA,60,NA
2018,8,28,0,-20.4,916.8,NA,60,NA
2018,8,28,3,-21,915.5,NA,30,NA
2018,8,28,6,-22.3,914,NA,20,NA
2018,8,28,9,-19.9,912.1,NA,30,NA
2018,8,28,12,-18.7,910.6,NA,40,NA
2018,8,28,15,-18.2,909.4,NA,90,NA
2018,8,28,18,-20.3,908.3,NA,240,NA
2018,8,28,21,NA,907.9,NA,110,NA
2018,8,29,0,NA,908.5,7,200,NA
2018,8,29,3,-25.3,909.1,NA,200,NA
2018,8,29,6,-24.8,910.1,NA,180,NA
2018,8,29,9,-25.2,910.4,2,130,NA
2018,8,29,12,-26.6,910.4,5,30,NA
2018,8,29,15,-27.6,910.2,NA,320,NA
2018,8,29,18,-27.5,909.5,NA,300,NA
2018,8,29,21,-27.4,908.4,NA,290,NA
2018,8,30,0,-27.5,909.1,NA,250,NA
2018,8,30,3,-27.2,907.8,NA,240,NA
2018,8,30,6,-26.8,906.1,NA,220,NA
2018,8,30,9,-27.1,906,NA,230,NA
2018,8,30,12,-26.3,908.2,NA,NA,NA
2018,8,30,15,-26.4,907.5,NA,NA,NA
2018,8,30,18,-26.3,910.5,NA,NA,NA
2018,8,30,21,-25.8,913.2,NA,230,NA
2018,8,31,0,-26,915.6,NA,240,NA
2018,8,31,3,-25.8,918.1,NA,220,NA
2018,8,31,6,-24.8,919.1,NA,70,NA
2018,8,31,9,-25.5,918.9,NA,70,NA
2018,8,31,12,-25.5,918.2,NA,30,NA
2018,8,31,15,-25.8,917,NA,30,NA
2018,8,31,18,-26.1,915.9,NA,20,NA
2018,8,31,21,-27.5,916.1,NA,20,NA
2018,9,1,0,-26.6,916.2,NA,50,NA
2018,9,1,3,-26.2,915.3,NA,60,NA
2018,9,1,6,-26.6,914,NA,40,NA
2018,9,1,9,-26.2,912.7,NA,60,NA
2018,9,1,12,-25.3,911,5,60,NA
2018,9,1,15,-24.3,908.8,5,50,NA
2018,9,1,18,-25.5,905.5,NA,200,NA
2018,9,1,21,-26.9,900.8,NA,230,NA
2018,9,2,0,-29.1,896.5,NA,NA,NA
2018,9,2,3,-30.8,893.4,NA,NA,NA
2018,9,2,6,-30.7,894.5,NA,NA,NA
2018,9,2,9,-30.4,892.5,NA,NA,NA
2018,9,2,12,-29.2,892.4,NA,NA,NA
2018,9,2,15,-28.3,891.7,NA,NA,NA
2018,9,2,18,-28.9,892.7,NA,230,NA
2018,9,2,21,-27,894.5,NA,240,NA
2018,9,3,0,-25.8,897.1,NA,250,NA
2018,9,3,3,-26,898,NA,230,NA
2018,9,3,6,-24.1,896.6,NA,100,NA
2018,9,3,9,-24.4,894.2,NA,320,NA
2018,9,3,12,-25,891.3,NA,30,NA
2018,9,3,15,-23.4,888.9,NA,80,NA
2018,9,3,18,-25.3,885.9,NA,60,NA
2018,9,3,21,-27.1,884.4,5,210,NA
2018,9,4,0,-25.7,884.2,NA,220,NA
2018,9,4,3,-23.8,885.4,6,160,NA
2018,9,4,6,-22.9,886.8,NA,220,NA
2018,9,4,9,-22.7,887.7,NA,220,NA
2018,9,4,12,-19.9,890.6,NA,220,NA
2018,9,4,15,-19.6,893.5,NA,40,NA
2018,9,4,18,-19,894.9,NA,40,NA
2018,9,4,21,-22.6,895.6,13,240,NA
2018,9,5,0,-22.4,896.9,NA,250,NA
2018,9,5,3,-24.3,897.7,NA,240,NA
2018,9,5,6,-24.4,898.9,NA,220,NA
2018,9,5,9,-24.6,900.2,12,230,NA
2018,9,5,12,-25.2,902.2,NA,240,NA
2018,9,5,15,-25.7,904.1,NA,310,NA
2018,9,5,18,-26.2,905.4,NA,260,NA
2018,9,5,21,-27.1,906.6,4,220,NA
2018,9,6,0,-26.5,907.8,2,350,NA
2018,9,6,3,-28.7,909,NA,280,NA
2018,9,6,6,-28.6,910.7,NA,290,NA
2018,9,6,9,-28.9,911.7,NA,80,NA
2018,9,6,12,-28.3,910.8,NA,50,NA
2018,9,6,15,-29.3,910.7,7,40,NA
2018,9,6,18,-28.5,911.5,NA,60,NA
2018,9,6,21,-28,911.3,NA,220,NA
2018,9,7,0,NA,911.6,3,60,NA
2018,9,7,3,NA,911.8,NA,40,NA
2018,9,7,6,-24.8,912,NA,60,NA
2018,9,7,9,NA,911.9,4,50,NA
2018,9,7,12,NA,911.1,NA,40,NA
2018,9,7,15,-23.9,910.4,NA,360,NA
2018,9,7,18,-20,910.1,NA,240,NA
2018,9,7,21,NA,911,NA,130,NA
2018,9,8,0,NA,911.4,NA,70,NA
2018,9,8,3,-27.7,912.1,NA,20,NA
2018,9,8,6,-27.8,914.3,NA,10,NA
2018,9,8,9,-25.9,916.4,NA,20,NA
2018,9,8,12,-23.9,917.2,NA,20,NA
2018,9,8,15,NA,915.2,NA,10,NA
2018,9,8,18,NA,914.7,NA,30,NA
2018,9,8,21,NA,914.7,NA,30,NA
2018,9,9,0,NA,917.9,NA,290,NA
2018,9,9,3,-21.8,920.6,NA,230,NA
2018,9,9,6,-22.1,923.5,NA,250,NA
2018,9,9,9,-21.2,926.2,NA,250,NA
2018,9,9,12,-21.5,927.9,NA,70,NA
2018,9,9,15,-22.7,928.3,NA,30,NA
2018,9,9,18,-22.3,929.5,NA,60,NA
2018,9,9,21,-20.6,930.2,NA,50,NA
2018,9,10,0,-19,930.1,NA,40,NA
2018,9,10,3,NA,930.1,NA,140,NA
2018,9,10,6,NA,930.6,NA,240,NA
2018,9,10,9,-13.5,931.7,NA,90,NA
2018,9,10,12,-15.6,932.6,NA,70,NA
2018,9,10,15,-14.9,932.9,NA,70,NA
2018,9,10,18,-16.5,933.5,NA,30,NA
2018,9,10,21,-18.2,934,NA,20,NA
2018,9,11,0,-18.7,935.1,6,40,NA
2018,9,11,3,-18,935.2,NA,70,NA
2018,9,11,6,-18.1,934.9,NA,20,NA
2018,9,11,9,-18.8,934.3,NA,20,NA
2018,9,11,12,-19.8,933.4,18,30,NA
2018,9,11,15,-18.1,932.2,NA,40,NA
2018,9,11,18,-18.3,931.1,20,40,NA
2018,9,11,21,-17.1,930.1,NA,40,NA
2018,9,12,0,-18.1,929.6,21,30,NA
2018,9,12,3,-18.1,928.8,NA,40,NA
2018,9,12,6,-18,928.5,NA,50,NA
2018,9,12,9,-17.5,928.4,NA,70,NA
2018,9,12,12,-17.7,927.9,NA,120,NA
2018,9,12,15,-17.6,927.2,4,150,NA
2018,9,12,18,-18.3,926.8,5,160,NA
2018,9,12,21,-18.7,925.8,3,80,NA
2018,9,13,0,-17.7,925.2,1,90,NA
2018,9,13,3,-15.2,923.5,4,60,NA
2018,9,13,6,-17.2,922.1,NA,60,NA
2018,9,13,9,-17.7,921.3,NA,80,NA
2018,9,13,12,-18.7,920.8,NA,200,NA
2018,9,13,15,NA,920.9,NA,230,NA
2018,9,13,18,NA,922.3,NA,210,NA
2018,9,13,21,-25.7,922.1,NA,260,NA
2018,9,14,0,-26.4,921.3,NA,230,NA
2018,9,14,3,-26.7,920.9,NA,240,NA
2018,9,14,6,-26.3,921.7,NA,240,NA
2018,9,14,9,-27,921.6,24,230,NA
2018,9,14,12,-27.5,921.3,NA,210,NA
2018,9,14,15,-28,919.9,NA,220,NA
2018,9,14,18,-28.2,918.4,NA,220,NA
2018,9,14,21,-28,916.7,NA,210,NA
2018,9,15,0,-27.3,915.3,NA,220,NA
2018,9,15,3,-27.5,911.7,NA,NA,NA
2018,9,15,6,-27.6,910.7,NA,NA,NA
2018,9,15,9,-27.7,909.2,51,NA,NA
2018,9,15,12,-28.3,908.7,51,230,NA
2018,9,15,15,-28.2,909.4,NA,NA,NA
2018,9,15,18,-28.7,911.7,NA,NA,NA
2018,9,15,21,-28.3,911.6,NA,NA,NA
2018,9,16,0,-28.7,912.2,NA,220,NA
2018,9,16,3,-29.3,912.6,NA,230,NA
2018,9,16,6,-29.9,914,NA,240,NA
2018,9,16,9,-29.6,914.7,NA,240,NA
2018,9,16,12,-28.4,913.8,NA,230,NA
2018,9,16,15,-28.6,913.2,NA,230,NA
2018,9,16,18,-27.2,910.2,NA,230,NA
2018,9,16,21,-25.5,910,NA,240,NA
2018,9,17,0,-24.4,906.4,NA,250,NA
2018,9,17,3,-23.7,905.9,NA,240,NA
2018,9,17,6,-24.1,907.6,NA,NA,NA
2018,9,17,9,-23.1,909.6,NA,NA,NA
2018,9,17,12,-21.5,908.6,NA,NA,NA
2018,9,17,15,-21.4,906.5,NA,NA,NA
2018,9,17,18,-20.8,906.8,NA,NA,NA
2018,9,17,21,-18.5,906.8,NA,250,NA
2018,9,18,0,-19.4,907,NA,NA,NA
2018,9,18,3,-18.1,904.6,NA,NA,NA
2018,9,18,6,-18.4,905.3,NA,NA,NA
2018,9,18,9,-18.1,903.1,NA,230,NA
2018,9,18,12,-17.9,897.5,NA,230,NA
2018,9,18,15,-18.9,899.7,NA,230,NA
2018,9,18,18,-18.4,900.1,NA,240,NA
2018,9,18,21,-17.7,903,NA,240,NA
2018,9,19,0,-17.5,903,NA,240,NA
2018,9,19,3,-17.7,904.7,NA,220,NA
2018,9,19,6,-15.9,904.3,NA,230,NA
2018,9,19,9,-17.1,904.5,NA,230,NA
2018,9,19,12,-16.7,904.9,NA,160,NA
2018,9,19,15,-18.3,905,NA,30,NA
2018,9,19,18,-18.5,905.4,NA,NA,NA
2018,9,19,21,-21.1,906.8,NA,70,NA
2018,9,20,0,-20.4,908.1,NA,240,NA
2018,9,20,3,-21.1,909.5,NA,100,NA
2018,9,20,6,-22,911.7,4,160,NA
2018,9,20,9,-22.8,913,6,230,NA
2018,9,20,12,-22.4,914.9,7,230,NA
2018,9,20,15,-22.2,916.5,NA,110,NA
2018,9,20,18,-21.7,917.5,NA,250,NA
2018,9,20,21,-23.7,918.1,NA,300,NA
2018,9,21,0,-23.2,917.8,NA,280,NA
2018,9,21,3,-21.7,917.7,NA,50,NA
2018,9,21,6,-22,916.3,NA,300,NA
2018,9,21,9,-22.7,913.7,NA,250,NA
2018,9,21,12,-22.6,912.8,NA,230,NA
2018,9,21,15,-21.5,911.7,NA,230,NA
2018,9,21,18,-21.4,911.4,NA,220,NA
2018,9,21,21,-21.3,912.3,NA,230,NA
2018,9,22,0,-21.1,911.2,NA,240,NA
2018,9,22,3,-20.5,912,NA,240,NA
2018,9,22,6,-19.6,910.8,NA,240,NA
2018,9,22,9,-19.5,910.8,NA,230,NA
2018,9,22,12,-19.4,909.5,56,240,NA
2018,9,22,15,-20.3,909.4,NA,230,NA
2018,9,22,18,-20.8,910.4,NA,240,NA
2018,9,22,21,-20.8,911.6,57,230,NA
2018,9,23,0,-21.1,912.3,57,230,NA
2018,9,23,3,-20.3,914.9,55,240,NA
2018,9,23,6,-20.1,915.4,NA,240,NA
2018,9,23,9,-21.2,915.6,NA,230,NA
2018,9,23,12,-21.4,916.6,NA,230,NA
2018,9,23,15,-21.6,918.3,NA,240,NA
2018,9,23,18,-22.7,918.1,NA,230,NA
2018,9,23,21,-22.9,918.7,NA,230,NA
2018,9,24,0,-23.4,918,NA,240,NA
2018,9,24,3,-23.6,919.1,NA,230,NA
2018,9,24,6,-23.6,919.2,NA,220,NA
2018,9,24,9,-24.4,919.3,NA,210,NA
2018,9,24,12,-24.8,919.6,NA,220,NA
2018,9,24,15,-27.1,919.4,NA,270,NA
2018,9,24,18,-26.5,919.2,NA,160,NA
2018,9,24,21,-27.2,918.6,NA,180,NA
2018,9,25,0,-27.2,918.4,NA,50,NA
2018,9,25,3,-26.6,918,NA,0,NA
2018,9,25,6,-27.6,917.2,3,110,NA
2018,9,25,9,-27.5,916.5,2,70,NA
2018,9,25,12,-27.6,916.1,NA,NA,NA
2018,9,25,15,-27.4,915.2,3,80,NA
2018,9,25,18,-27.3,914.8,NA,NA,NA
2018,9,25,21,-26.8,914.5,3,60,NA
2018,9,26,0,-26.5,914.2,2,80,NA
2018,9,26,3,-26.3,914,NA,NA,NA
2018,9,26,6,-28.6,913.3,NA,340,NA
2018,9,26,9,-30,912.8,NA,270,NA
2018,9,26,12,-29.4,913,NA,210,NA
2018,9,26,15,-28.8,912.1,NA,210,NA
2018,9,26,18,-29.9,912.6,NA,220,NA
2018,9,26,21,-31.2,912.1,NA,220,NA
2018,9,27,0,-31.5,911.9,NA,220,NA
2018,9,27,3,-31.5,911.2,21,230,NA
2018,9,27,6,-29.2,910.9,NA,200,NA
2018,9,27,9,-29,910.9,NA,220,NA
2018,9,27,12,-29,909.8,NA,80,NA
2018,9,27,15,-27.3,907.4,NA,80,NA
2018,9,27,18,-28,904.1,6,70,NA
2018,9,27,21,-27.4,900.6,NA,220,NA
2018,9,28,0,-25.2,897.7,NA,80,NA
2018,9,28,3,-23.9,894,NA,20,NA
2018,9,28,6,-22.9,890.6,NA,20,NA
2018,9,28,9,-23.1,888.1,NA,50,NA
2018,9,28,12,-23,886.9,NA,NA,NA
2018,9,28,15,-22.7,886.3,NA,240,NA
2018,9,28,18,-24.7,886.9,NA,120,NA
2018,9,28,21,-25.8,889.1,7,210,NA
2018,9,29,0,-25.1,892.5,NA,210,NA
2018,9,29,3,-25.9,895.8,NA,230,NA
2018,9,29,6,-26.3,898.5,NA,230,NA
2018,9,29,9,-26.9,900.6,NA,70,NA
2018,9,29,12,-26.1,900.9,NA,50,NA
2018,9,29,15,-26.6,900.3,NA,30,NA
2018,9,29,18,-26.8,899.8,NA,0,NA
2018,9,29,21,-25.9,898.5,NA,80,NA
2018,9,30,0,-26.2,897.6,1,60,NA
2018,9,30,3,-26.4,896.6,NA,230,NA
2018,9,30,6,-27.2,895.6,NA,230,NA
2018,9,30,9,-26.1,892,NA,220,NA
2018,9,30,12,-24.9,887.6,NA,230,NA
2018,9,30,15,-24.4,885.5,NA,240,NA
2018,9,30,18,-23.6,884.8,54,240,NA
2018,9,30,21,-24,885.4,NA,250,NA
2018,10,1,0,-23.1,889.4,51,NA,NA
2018,10,1,3,-22.5,891.3,NA,NA,NA
2018,10,1,6,-22.3,894,48,NA,NA
2018,10,1,9,-22.2,894.9,NA,250,NA
2018,10,1,12,-21.3,899.5,NA,240,NA
2018,10,1,15,-21,901.4,NA,250,NA
2018,10,1,18,-20,903.9,NA,230,NA
2018,10,1,21,-20.8,903.9,NA,240,NA
2018,10,2,0,-20.2,902.3,NA,240,NA
2018,10,2,3,-19.9,904.3,NA,230,NA
2018,10,2,6,-20.6,904.5,NA,210,NA
2018,10,2,9,-21.6,904,NA,250,NA
2018,10,2,12,-20.5,903.2,NA,240,NA
2018,10,2,15,-21.2,902.5,14,210,NA
2018,10,2,18,-22.4,901.9,13,220,NA
2018,10,2,21,-22.9,900.5,NA,230,NA
2018,10,3,0,-22.5,901.4,NA,230,NA
2018,10,3,3,-22.4,900.8,25,220,NA
2018,10,3,6,-22.7,900.5,NA,240,NA
2018,10,3,9,-23.3,899.5,NA,230,NA
2018,10,3,12,-22.4,899.7,NA,210,NA
2018,10,3,15,-22.5,899.2,NA,230,NA
2018,10,3,18,-22.6,898.1,NA,250,NA
2018,10,3,21,-21.2,897.7,16,230,NA
2018,10,4,0,-21,897,13,230,NA
2018,10,4,3,-19.6,896.5,NA,150,NA
2018,10,4,6,-17.9,895.5,NA,140,NA
2018,10,4,9,-18.7,895.1,NA,90,NA
2018,10,4,12,-18.5,894.6,NA,170,NA
2018,10,4,15,-17.3,894.6,NA,210,NA
2018,10,4,18,-15.6,894.4,NA,240,NA
2018,10,4,21,-16.7,894.3,NA,230,NA
2018,10,5,0,-15.8,893.9,NA,230,NA
2018,10,5,3,-15.7,896.1,NA,200,NA
2018,10,5,6,-15,895.7,NA,200,NA
2018,10,5,9,-14,895.9,NA,210,NA
2018,10,5,12,-12.5,894.9,NA,230,NA
2018,10,5,15,-13.5,895.8,NA,250,NA
2018,10,5,18,-13.7,895.2,NA,240,NA
2018,10,5,21,-14,896.2,NA,230,NA
2018,10,6,0,-14,895.6,NA,240,NA
2018,10,6,3,-14.1,896.6,NA,240,NA
2018,10,6,6,-15.2,897.4,40,230,NA
2018,10,6,9,-16.2,896.4,NA,230,NA
2018,10,6,12,-16.8,897.2,NA,240,NA
2018,10,6,15,-17,901.8,NA,230,NA
2018,10,6,18,-16.7,903.2,NA,240,NA
2018,10,6,21,-16.6,904.2,NA,240,NA
2018,10,7,0,-16.7,904.5,NA,250,NA
2018,10,7,3,-16.5,905.1,NA,240,NA
2018,10,7,6,-17.2,908.1,NA,NA,NA
2018,10,7,9,-17.2,910.6,NA,NA,NA
2018,10,7,12,-16.3,910.5,NA,NA,NA
2018,10,7,15,-17,912,NA,230,NA
2018,10,7,18,-15.6,911.7,NA,240,NA
2018,10,7,21,-15.1,910.6,NA,230,NA
2018,10,8,0,-16.6,911,NA,220,NA
2018,10,8,3,-17.9,910.4,NA,240,NA
2018,10,8,6,-18,909.5,NA,220,NA
2018,10,8,9,-15.2,908,NA,240,NA
2018,10,8,12,-15.5,906.8,NA,230,NA
2018,10,8,15,-15.4,907,NA,240,NA
2018,10,8,18,-14.5,908.1,NA,220,NA
2018,10,8,21,-14.2,909.7,NA,230,NA
2018,10,9,0,-15.9,911.2,NA,180,NA
2018,10,9,3,-16.3,911.3,NA,240,NA
2018,10,9,6,-15.4,910.3,NA,NA,NA
2018,10,9,9,-14.6,910.7,NA,NA,NA
2018,10,9,12,-14,910.2,35,NA,NA
2018,10,9,15,-13.1,910.9,33,NA,NA
2018,10,9,18,-13.3,910.7,NA,250,NA
2018,10,9,21,-14,911,NA,210,NA
2018,10,10,0,-14.9,909.9,NA,90,NA
2018,10,10,3,-16.5,908.8,NA,250,NA
2018,10,10,6,-18.3,907.8,NA,220,NA
2018,10,10,9,-19.2,907.2,NA,260,NA
2018,10,10,12,-17.2,906.9,NA,230,NA
2018,10,10,15,-16.9,906.1,NA,100,NA
2018,10,10,18,-16.7,905.5,7,340,NA
2018,10,10,21,-15.5,905,NA,80,NA
2018,10,11,0,-14.4,904.4,6,340,NA
2018,10,11,3,-13.4,904.2,NA,60,NA
2018,10,11,6,-13.4,904.4,3,60,NA
2018,10,11,9,-14.8,905.4,4,40,NA
2018,10,11,12,-16.1,905.7,6,50,NA
2018,10,11,15,-16.6,905.6,NA,50,NA
2018,10,11,18,-15.4,905.9,NA,30,NA
2018,10,11,21,-14.6,907.7,NA,60,NA
2018,10,12,0,-15.8,910.1,NA,NA,NA
2018,10,12,3,-17.4,912.1,NA,230,NA
2018,10,12,6,-20.1,913.8,NA,260,NA
2018,10,12,9,-20,915.2,NA,220,NA
2018,10,12,12,-19.5,916.8,NA,280,NA
2018,10,12,15,-19.6,916.9,NA,190,NA
2018,10,12,18,-18.6,916.9,NA,NA,NA
2018,10,12,21,-17.6,916.3,3,130,NA
2018,10,13,0,-17.4,916.2,NA,80,NA
2018,10,13,3,-17.7,916.1,5,80,NA
2018,10,13,6,-17.4,917,3,100,NA
2018,10,13,9,-18.5,918.5,4,140,NA
2018,10,13,12,-19.5,920.2,4,130,NA
2018,10,13,15,-19.6,921.4,NA,110,NA
2018,10,13,18,-18.5,923.2,7,250,NA
2018,10,13,21,-17.4,925.2,5,180,NA
2018,10,14,0,-18.5,927.2,NA,220,NA
2018,10,14,3,-20.1,927.9,NA,230,NA
2018,10,14,6,-19.3,929.9,NA,NA,NA
2018,10,14,9,-19.4,932.6,NA,NA,NA
2018,10,14,12,-19.6,933.8,NA,NA,NA
2018,10,14,15,-19.9,933.7,NA,0,NA
2018,10,14,18,-20.1,932.7,NA,90,NA
2018,10,14,21,-20.7,931.4,NA,50,NA
2018,10,15,0,-19.5,930.1,6,80,NA
2018,10,15,3,-19.1,929.6,2,80,NA
2018,10,15,6,-19.2,930.8,NA,280,NA
2018,10,15,9,-21.6,932.6,NA,200,NA
2018,10,15,12,-21.9,933.6,NA,230,NA
2018,10,15,15,-22.7,935.9,NA,230,NA
2018,10,15,18,-22.7,936.1,NA,50,NA
2018,10,15,21,-21.2,935.6,NA,230,NA
2018,10,16,0,-21.4,934.1,NA,220,NA
2018,10,16,3,-20,931.5,NA,240,NA
2018,10,16,6,-19.8,930,NA,220,NA
2018,10,16,9,-20.1,927.7,NA,220,NA
2018,10,16,12,-20.7,925,NA,220,NA
2018,10,16,15,-18.9,920.9,NA,60,NA
2018,10,16,18,-18.7,916.2,NA,30,NA
2018,10,16,21,-17.9,912.4,NA,30,NA
2018,10,17,0,NA,908.9,NA,10,NA
2018,10,17,3,-22.3,906.2,NA,140,NA
2018,10,17,6,-22.9,904.8,NA,60,NA
2018,10,17,9,-23.2,903.7,2,60,NA
2018,10,17,12,-23.2,903.8,NA,70,NA
2018,10,17,15,-21.9,904.5,NA,230,NA
2018,10,17,18,-22.2,905.7,NA,220,NA
2018,10,17,21,-23.6,906,NA,230,NA
2018,10,18,0,-22.7,906.4,NA,120,NA
2018,10,18,3,-23.6,906.3,NA,170,NA
2018,10,18,6,-22.8,905.6,NA,60,NA
2018,10,18,9,-23.2,905,4,80,NA
2018,10,18,12,-24,904.4,3,NA,NA
2018,10,18,15,-23.8,904.1,NA,NA,NA
2018,10,18,18,-24.2,905,NA,230,NA
2018,10,18,21,-23.4,906.5,NA,230,NA
2018,10,19,0,-23.3,908.4,NA,240,NA
2018,10,19,3,-23.8,910,NA,240,NA
2018,10,19,6,-21.7,912.6,NA,230,NA
2018,10,19,9,-21.2,915.7,NA,170,NA
2018,10,19,12,-20.4,918.6,NA,180,NA
2018,10,19,15,-19,920.8,NA,170,NA
2018,10,19,18,-18,923.4,NA,220,NA
2018,10,19,21,-16.8,924.7,NA,80,NA
2018,10,20,0,-14,925.1,NA,70,NA
2018,10,20,3,-12.9,923.5,NA,30,NA
2018,10,20,6,-13.6,921.1,NA,70,NA
2018,10,20,9,-16.6,919.1,NA,60,NA
2018,10,20,12,-17.9,915.8,NA,290,NA
2018,10,20,15,-17.1,913.1,5,190,NA
2018,10,20,18,-13.5,912.5,NA,70,NA
2018,10,20,21,-14.5,913.9,NA,130,NA
2018,10,21,0,NA,914.6,NA,240,NA
2018,10,21,3,-17.3,914.1,NA,220,NA
2018,10,21,6,-18.1,911.9,NA,230,NA
2018,10,21,9,-18.8,911.4,NA,230,NA
2018,10,21,12,-18.5,908.8,NA,250,NA
2018,10,21,15,-18.4,906.9,NA,250,NA
2018,10,21,18,-18.7,909.2,NA,250,NA
2018,10,21,21,-19.1,911.1,NA,240,NA
2018,10,22,0,-19.4,912.2,NA,NA,NA
2018,10,22,3,-19.1,914.2,NA,NA,NA
2018,10,22,6,-18,915,NA,NA,NA
2018,10,22,9,-18.7,918,NA,NA,NA
2018,10,22,12,-19,919.7,NA,230,NA
2018,10,22,15,-18.6,921.3,NA,220,NA
2018,10,22,18,-19.2,921.7,NA,70,NA
2018,10,22,21,-19.4,920.4,NA,60,NA
2018,10,23,0,-17.8,919.1,4,70,NA
2018,10,23,3,-19.1,917.7,NA,30,NA
2018,10,23,6,-19.1,916.8,7,30,NA
2018,10,23,9,-19.2,916.5,8,50,NA
2018,10,23,12,-20.1,916.1,NA,20,NA
2018,10,23,15,-19.6,916.2,NA,10,NA
2018,10,23,18,-20.3,916.6,8,320,NA
2018,10,23,21,-21.1,916.9,12,220,NA
2018,10,24,0,-21.3,917.1,NA,230,NA
2018,10,24,3,-21.7,917,NA,240,NA
2018,10,24,6,-21.7,917.6,NA,210,NA
2018,10,24,9,-22.4,917.6,NA,220,NA
2018,10,24,12,-22.6,917.1,NA,260,NA
2018,10,24,15,-22.9,916.7,NA,210,NA
2018,10,24,18,-23.5,916.2,NA,300,NA
2018,10,24,21,-21.9,915.2,1,70,NA
2018,10,25,0,-20.5,914.5,3,90,NA
2018,10,25,3,-19.5,913.5,NA,220,NA
2018,10,25,6,-19,912.7,NA,220,NA
2018,10,25,9,-18,911.6,12,220,NA
2018,10,25,12,-16.5,910.9,NA,260,NA
2018,10,25,15,-16.1,910.1,NA,90,NA
2018,10,25,18,-14.6,909.4,NA,210,NA
2018,10,25,21,-12.2,908.5,NA,210,NA
2018,10,26,0,-10.5,909.1,NA,100,NA
2018,10,26,3,-9.4,909.7,NA,220,NA
2018,10,26,6,-9.1,910.9,NA,120,NA
2018,10,26,9,-8.7,911.5,NA,150,NA
2018,10,26,12,-7.3,912.2,3,110,NA
2018,10,26,15,-7.8,912.4,NA,230,NA
2018,10,26,18,-8.7,911.9,NA,230,NA
2018,10,26,21,-10.4,909.9,NA,250,NA
2018,10,27,0,NA,918,NA,200,NA
2018,10,27,3,-14.6,919.3,NA,230,NA
2018,10,27,6,-13.7,919.8,NA,240,NA
2018,10,27,9,-13.7,918.8,NA,80,NA
2018,10,27,12,-12.6,916.7,NA,20,NA
2018,10,27,15,-11.8,914.7,NA,300,NA
2018,10,27,18,-11.9,913.1,NA,NA,NA
2018,10,27,21,-9.4,912.5,NA,90,NA
2018,10,28,0,-11.5,913,NA,160,NA
2018,10,28,3,-9.9,913.3,NA,80,NA
2018,10,28,6,-14.6,914.5,NA,210,NA
2018,10,28,9,-13,915.4,NA,230,NA
2018,10,28,12,-12.5,916.2,NA,0,NA
2018,10,28,15,-11.9,916.4,NA,0,NA
2018,10,28,18,-10.7,917,NA,230,NA
2018,10,28,21,-8.7,917.9,NA,220,NA
2018,10,29,0,-7.3,919,7,220,NA
2018,10,29,3,-9,919.5,NA,240,NA
2018,10,29,6,-10.7,921.1,NA,220,NA
2018,10,29,9,-11.5,921.9,NA,270,NA
2018,10,29,12,-10.5,922.4,NA,40,NA
2018,10,29,15,-10.4,922.1,NA,80,NA
2018,10,29,18,-8.3,921.9,NA,210,NA
2018,10,29,21,-7.4,921.5,3,110,NA
2018,10,30,0,-5.5,920.8,3,70,NA
2018,10,30,3,-7.1,919.7,NA,50,NA
2018,10,30,6,-7,918.3,NA,60,NA
2018,10,30,9,-6.2,917.3,NA,0,NA
2018,10,30,12,-7.5,916.5,NA,30,NA
2018,10,30,15,-8.5,915.6,NA,280,NA
2018,10,30,18,-6.8,914.9,NA,0,NA
2018,10,30,21,-9.1,914.3,NA,280,NA
2018,10,31,0,-8.7,913.7,NA,200,NA
2018,10,31,3,-9.1,913.1,NA,100,NA
2018,10,31,6,-7.9,912.5,NA,0,NA
2018,10,31,9,-8.8,912.5,NA,360,NA
2018,10,31,12,-9.7,912.7,4,130,NA
2018,10,31,15,-10,912.5,2,50,NA
2018,10,31,18,-10.6,912.5,4,50,NA
2018,10,31,21,-10.5,912.8,3,120,NA
2018,11,1,0,NA,912.6,6,230,NA
2018,11,1,3,-12.7,912,NA,250,63
2018,11,1,6,-14.9,911.9,NA,240,67
2018,11,1,9,-14.1,912.2,NA,240,68
2018,11,1,12,-13.3,911.9,NA,230,69
2018,11,1,15,-13,911.8,NA,230,64
2018,11,1,18,-12.8,910.9,NA,250,58
2018,11,1,21,-13.2,911.3,NA,240,59
2018,11,2,0,-12.9,910.8,38,250,70
2018,11,2,3,-12.6,911.2,41,240,68
2018,11,2,6,-13.1,912.9,NA,NA,65
2018,11,2,9,-13.4,913.6,NA,NA,60
2018,11,2,12,-14.2,914.6,NA,NA,63
2018,11,2,15,-14.3,915.9,NA,230,69
2018,11,2,18,-14,916.5,NA,0,69
2018,11,2,21,-14.3,917,3,120,69
2018,11,3,0,-12.6,917.7,2,190,71
2018,11,3,3,-14.9,918.6,NA,230,70
2018,11,3,6,-16.2,919,NA,210,68
2018,11,3,9,-16.7,920,16,230,67
2018,11,3,12,-16.8,921,NA,300,64
2018,11,3,15,-17.2,920.7,NA,230,64
2018,11,3,18,-16.5,920.1,NA,120,65
2018,11,3,21,-15.9,920,4,80,67
2018,11,4,0,-15.5,919.2,1,220,68
2018,11,4,3,-16.2,918.8,NA,230,68
2018,11,4,6,-16.4,917.8,NA,240,67
2018,11,4,9,-17.6,916.3,NA,NA,66
2018,11,4,12,-17.9,915.1,NA,NA,66
2018,11,4,15,-18.2,914.8,NA,NA,65
2018,11,4,18,-17.9,915,NA,NA,62
2018,11,4,21,-17.8,916.2,NA,230,55
2018,11,5,0,-17.5,917,NA,220,56
2018,11,5,3,-17.1,917.6,NA,240,62
2018,11,5,6,-17.4,918.2,NA,250,65
2018,11,5,9,-18,918.9,NA,60,61
2018,11,5,12,-18.2,919.7,5,340,63
2018,11,5,15,-18.8,920.3,NA,340,64
2018,11,5,18,-17.4,920.6,NA,30,60
2018,11,5,21,NA,921.2,NA,210,43
2018,11,6,0,-13.8,921.5,2,130,32
2018,11,6,3,-12.5,920.9,2,360,35
2018,11,6,6,-12.7,920.6,3,300,36
2018,11,6,9,-13.8,920.3,4,270,34
2018,11,6,12,-15.2,919.3,2,240,35
2018,11,6,15,-14.9,918.4,1,60,34
2018,11,6,18,-14.4,917.8,1,80,40
2018,11,6,21,-13.3,917.4,1,330,42
2018,11,7,0,-14.3,917.3,3,190,64
2018,11,7,3,-15.9,917.4,NA,230,67
2018,11,7,6,-16,917.6,NA,240,67
2018,11,7,9,-16.1,918.1,14,230,67
2018,11,7,12,-16,918.1,14,250,67
2018,11,7,15,-15.1,917.8,NA,240,60
2018,11,7,18,-14.7,917.5,18,240,62
2018,11,7,21,-14.3,917.1,21,240,59
2018,11,8,0,-13.7,916.5,22,230,59
2018,11,8,3,-13.9,915.8,NA,230,66
2018,11,8,6,-13.5,914.7,18,240,61
2018,11,8,9,-13.3,914.3,NA,NA,48
2018,11,8,12,-13.6,912.9,NA,NA,40
2018,11,8,15,-13.7,912.1,NA,NA,41
2018,11,8,18,-12.5,911,NA,NA,37
2018,11,8,21,-10.1,910.5,NA,NA,35
2018,11,9,0,-9.1,909.9,NA,250,33
2018,11,9,3,-9.4,909,NA,360,34
2018,11,9,6,-10,907.9,NA,360,35
2018,11,9,9,-9.4,907.8,NA,350,32
2018,11,9,12,-11.1,907.9,NA,280,32
2018,11,9,15,-11.1,907.9,2,290,28
2018,11,9,18,-10.4,908.1,4,20,28
2018,11,9,21,-9.6,908.6,4,30,32
2018,11,10,0,-8.3,909.1,3,70,32
2018,11,10,3,-8.1,909.8,1,50,31
2018,11,10,6,-7.3,910.9,2,220,29
2018,11,10,9,-9.4,911.8,4,260,32
2018,11,10,12,-11.1,912,3,280,34
2018,11,10,15,-10.6,911.7,4,260,32
2018,11,10,18,-11,911.7,5,240,38
2018,11,10,21,-9.4,911.6,4,220,30
2018,11,11,0,-8.8,911.2,3,200,30
2018,11,11,3,-9.3,910.6,NA,220,33
2018,11,11,6,-8.9,910.6,NA,230,47
2018,11,11,9,-9.6,910.6,NA,40,43
2018,11,11,12,-8.5,910,NA,260,41
2018,11,11,15,-9.6,909.4,NA,280,42
2018,11,11,18,-7.6,909.3,NA,0,41
2018,11,11,21,-8.4,909.2,NA,250,58
2018,11,12,0,-7.8,908.6,NA,230,56
2018,11,12,3,-8,908.1,NA,90,62
2018,11,12,6,-8.5,907.6,NA,210,77
2018,11,12,9,-9.2,907.3,2,120,76
2018,11,12,12,-9.8,906.5,4,250,76
2018,11,12,15,-10.5,906,1,210,75
2018,11,12,18,-10.4,906,NA,240,75
2018,11,12,21,-9.8,906.3,3,270,76
2018,11,13,0,-10.1,906.9,NA,250,76
2018,11,13,3,-9.4,907.7,NA,220,77
2018,11,13,6,-10,908.9,NA,190,76
2018,11,13,9,-9.8,910.1,1,210,76
2018,11,13,12,-10.8,910.9,4,260,75
2018,11,13,15,-11.1,911.7,NA,10,65
2018,11,13,18,-10.5,912.1,NA,260,68
2018,11,13,21,-9.4,912.4,2,40,55
2018,11,14,0,-9.1,912.6,3,160,77
2018,11,14,3,-9.1,912.6,2,140,76
2018,11,14,6,-10.4,912.7,1,210,77
2018,11,14,9,-10.9,912.7,NA,220,76
2018,11,14,12,-12,912.2,NA,250,75
2018,11,14,15,-12.3,912,NA,240,74
2018,11,14,18,-12.2,911.9,NA,230,74
2018,11,14,21,-11.6,912.1,NA,240,74
2018,11,15,0,-11.5,912.3,NA,230,75
2018,11,15,3,-11.7,912.4,21,230,75
2018,11,15,6,-11.5,912.7,17,240,75
2018,11,15,9,-11.6,913.1,NA,250,75
2018,11,15,12,-11.9,913.8,NA,250,75
2018,11,15,15,-12,913.7,NA,230,74
2018,11,15,18,-12.3,914,NA,230,74
2018,11,15,21,-10.7,914.7,NA,200,75
2018,11,16,0,-11.3,915.1,NA,210,75
2018,11,16,3,-12.2,915.4,7,230,75
2018,11,16,6,-12.7,915.3,NA,220,74
2018,11,16,9,-13.1,915.9,NA,240,73
2018,11,16,12,-13.2,916.7,NA,270,73
2018,11,16,15,-13.2,916.9,NA,310,69
2018,11,16,18,-13,917.6,2,280,67
2018,11,16,21,-12.5,918.1,4,50,72
2018,11,17,0,-11,918.8,4,40,69
2018,11,17,3,-11,919.3,NA,360,61
2018,11,17,6,-10.8,920.1,NA,350,56
2018,11,17,9,-11,920.9,NA,340,59
2018,11,17,12,-11,921.7,3,10,47
2018,11,17,15,-11.4,922.2,NA,260,47
2018,11,17,18,-10.7,922.9,2,250,48
2018,11,17,21,-10,923.9,1,240,52
2018,11,18,0,-9.8,924.9,2,210,54
2018,11,18,3,-10.3,925.9,4,210,54
2018,11,18,6,-11.4,927.3,NA,250,70
2018,11,18,9,-10,928.6,4,300,46
2018,11,18,12,-10.1,929.2,NA,300,33
2018,11,18,15,-10.5,928.1,NA,30,31
2018,11,18,18,-8.3,927.1,NA,360,27
2018,11,18,21,NA,924.9,NA,10,20
2018,11,19,0,-3.4,922.6,NA,260,22
2018,11,19,3,-7.6,919,NA,230,31
2018,11,19,6,-5.3,917.2,NA,240,48
2018,11,19,9,-7.5,915.2,NA,250,42
2018,11,19,12,-9.7,913.5,NA,230,60
2018,11,19,15,-10.1,911.5,NA,40,38
2018,11,19,18,-10.8,909.3,NA,60,45
2018,11,19,21,-11.6,907.9,NA,250,52
2018,11,20,0,-11.3,907.1,NA,210,49
2018,11,20,3,-12.1,905.4,NA,220,45
2018,11,20,6,-11.9,907.1,NA,240,46
2018,11,20,9,-11.3,907.9,NA,250,38
2018,11,20,12,-12.8,909.4,NA,270,41
2018,11,20,15,-12.8,909.5,NA,300,37
2018,11,20,18,-12.5,909.8,3,240,36
2018,11,20,21,-12.5,910.5,NA,230,39
2018,11,21,0,-12.2,911.7,NA,200,56
2018,11,21,3,-12.4,913,9,NA,64
2018,11,21,6,-12.5,914.1,NA,NA,72
2018,11,21,9,-13.7,914.4,NA,NA,67
2018,11,21,12,-13.9,914.8,NA,230,57
2018,11,21,15,-14,914.7,12,240,56
2018,11,21,18,-13.9,914.9,NA,270,61
2018,11,21,21,-12,915.2,NA,240,65
2018,11,22,0,-11.6,915.3,4,190,58
2018,11,22,3,-10.1,915.3,NA,240,40
2018,11,22,6,-8.2,915.4,NA,NA,28
2018,11,22,9,-8.4,913.3,NA,NA,44
2018,11,22,12,-8.9,913.7,NA,NA,64
2018,11,22,15,-9.5,911.8,NA,NA,75
2018,11,22,18,-9.8,915.7,NA,NA,76
2018,11,22,21,-10.5,915.5,NA,230,75
2018,11,23,0,-12.6,920.5,NA,220,73
2018,11,23,3,-12.5,921.4,NA,230,73
2018,11,23,6,-10.7,921.2,NA,240,50
2018,11,23,9,-9.2,920.6,NA,250,37
2018,11,23,12,-7.1,920.4,NA,240,29
2018,11,23,15,-7,921.3,NA,210,31
2018,11,23,18,-6.7,920.7,NA,240,32
2018,11,23,21,-5.6,921.3,NA,220,29
2018,11,24,0,-6.5,922,11,240,30
2018,11,24,3,-7.2,922.2,NA,230,45
2018,11,24,6,-7.7,922.6,NA,230,41
2018,11,24,9,-8.6,923,NA,250,54
2018,11,24,12,-9.3,923.6,NA,260,59
2018,11,24,15,-8.1,922.8,NA,120,38
2018,11,24,18,-7.4,922.2,NA,210,45
2018,11,24,21,-6.5,921.5,4,100,55
2018,11,25,0,-6.6,920.1,3,10,54
2018,11,25,3,-7.3,918.7,6,360,55
2018,11,25,6,-6.1,917,NA,360,51
2018,11,25,9,-8.5,916,NA,10,47
2018,11,25,12,-8.2,915.2,NA,10,32
2018,11,25,15,-8.7,915,NA,20,32
2018,11,25,18,-6.9,915.8,NA,20,34
2018,11,25,21,-8.9,916.9,NA,240,38
2018,11,26,0,-8.4,917.6,NA,250,44
2018,11,26,3,-8.2,916.8,NA,240,46
2018,11,26,6,-7.8,917,NA,230,48
2018,11,26,9,-7.3,918.1,NA,240,55
2018,11,26,12,-6.8,915.4,NA,240,42
2018,11,26,15,-6.4,917.5,NA,250,36
2018,11,26,18,-5.8,918.1,NA,240,38
2018,11,26,21,-7,919.9,NA,230,42
2018,11,27,0,-7.8,921.2,NA,230,63
2018,11,27,3,-6.5,922.1,NA,240,53
2018,11,27,6,-4.8,922.9,NA,210,36
2018,11,27,9,-5.7,924.1,2,250,43
2018,11,27,12,-7.4,925.1,NA,10,38
2018,11,27,15,-6.7,925.8,NA,250,42
2018,11,27,18,-8.4,927.3,6,230,53
2018,11,27,21,-7.9,928.3,NA,230,57
2018,11,28,0,-7.1,929,NA,270,55
2018,11,28,3,-6.6,929.1,NA,250,69
2018,11,28,6,-7.7,929.3,NA,250,74
2018,11,28,9,-8.7,929.2,3,60,69
2018,11,28,12,-8.7,928.9,NA,20,54
2018,11,28,15,-9.3,928.2,NA,20,75
2018,11,28,18,-9.3,927.7,NA,30,76
2018,11,28,21,-8.7,927.1,NA,50,76
2018,11,29,0,-8.6,926.3,13,60,77
2018,11,29,3,-8.2,925.4,NA,60,78
2018,11,29,6,-9,925.2,16,50,77
2018,11,29,9,-9.8,924.9,NA,50,77
2018,11,29,12,-10.1,924.6,NA,50,76
2018,11,29,15,-10,924.3,NA,130,77
2018,11,29,18,-10.4,924.4,6,220,76
2018,11,29,21,-10.4,924.6,4,220,76
2018,11,30,0,-9.9,924.4,4,240,77
2018,11,30,3,-9.4,924.2,2,250,78
2018,11,30,6,-7.8,923.5,1,240,79
2018,11,30,9,-10.7,922.4,NA,30,77
2018,11,30,12,-11.1,921.2,NA,360,75
2018,11,30,15,-9.8,919.6,NA,100,NA
2018,11,30,18,-10.2,919.3,NA,280,75
2018,11,30,21,-10.1,919.4,NA,250,76
2018,12,1,0,-9.5,919.9,5,240,77
2018,12,1,3,-10.2,920.4,NA,240,75
2018,12,1,6,-10,920.7,6,220,76
2018,12,1,9,-10.8,920.8,7,230,76
2018,12,1,12,-10.7,920.8,NA,220,71
2018,12,1,15,-9.8,920.4,NA,210,57
2018,12,1,18,-8.9,920.2,4,240,50
2018,12,1,21,-7.2,920.2,NA,280,51
2018,12,2,0,-6.1,920.1,4,350,51
2018,12,2,3,-6.7,919.2,NA,360,33
2018,12,2,6,-6.4,919.2,NA,350,36
2018,12,2,9,-6.3,919.1,NA,10,30
2018,12,2,12,-5.2,919.5,NA,10,22
2018,12,2,15,-2.2,920.1,5,250,17
2018,12,2,18,-4.4,921.9,NA,250,30
2018,12,2,21,-2.1,924.2,NA,240,23
2018,12,3,0,-1.4,925.6,NA,240,20
2018,12,3,3,-4.7,926.4,5,260,40
2018,12,3,6,-5.7,926.5,NA,250,55
2018,12,3,9,-6.6,926.2,NA,240,52
2018,12,3,12,-8.3,924.7,NA,210,99
2018,12,3,15,-7.9,920.5,NA,230,89
2018,12,3,18,-8.4,917.1,NA,240,95
2018,12,3,21,-7.9,915.6,NA,NA,92
2018,12,4,0,-6.8,917.8,NA,NA,88
2018,12,4,3,-5.4,920.9,NA,NA,77
2018,12,4,6,-5.8,922.6,NA,NA,88
2018,12,4,9,-6.9,924.1,NA,NA,99
2018,12,4,12,-7.2,923.9,NA,250,92
2018,12,4,15,-7.4,925.6,NA,240,99
2018,12,4,18,-7.3,927,NA,210,99
2018,12,4,21,-7.3,926.8,NA,230,99
2018,12,5,0,-6.2,925.7,NA,50,99
2018,12,5,3,-6.9,923.9,NA,30,99
2018,12,5,6,-6.4,923.3,NA,60,99
2018,12,5,9,-6.7,921.7,4,20,80
2018,12,5,12,-4.5,920.5,4,310,47
2018,12,5,15,-4.1,919.2,3,10,32
2018,12,5,18,-3.6,917.9,NA,70,44
2018,12,5,21,-3.7,916.4,4,340,45
2018,12,6,0,-4.8,914.2,NA,30,55
2018,12,6,3,-4.6,912.3,NA,20,57
2018,12,6,6,-5.9,911.2,NA,60,72
2018,12,6,9,-7.1,910.4,NA,220,99
2018,12,6,12,-8.2,909,NA,250,98
2018,12,6,15,-9.3,909.1,NA,220,98
2018,12,6,18,-8.3,908.3,NA,210,98
2018,12,6,21,-7.5,908.7,NA,240,98
2018,12,7,0,-8,909.8,NA,230,98
2018,12,7,3,-7.8,910.7,NA,230,97
2018,12,7,6,-8,911.7,NA,230,95
2018,12,7,9,-7.9,913,NA,240,93
2018,12,7,12,-7.1,914.6,NA,NA,80
2018,12,7,15,-6.6,916.2,NA,NA,82
2018,12,7,18,-7.2,919.5,NA,NA,97
2018,12,7,21,-6.2,920.9,NA,230,75
2018,12,8,0,-5.6,922.3,NA,230,66
2018,12,8,3,-4,923.6,NA,210,54
2018,12,8,6,-3.3,923.7,NA,230,52
2018,12,8,9,-3.6,923.4,NA,230,47
2018,12,8,12,-3.8,922.8,8,270,44
2018,12,8,15,-3.8,921.8,NA,340,37
2018,12,8,18,-3.4,921.1,NA,70,41
2018,12,8,21,-3.5,920.5,NA,30,48
2018,12,9,0,NA,NA,NA,NA,NA
2018,12,9,3,-3.3,918.6,16,10,50
2018,12,9,6,-3.3,918.3,NA,30,53
2018,12,9,9,-3.8,918.3,NA,250,50
2018,12,9,12,-5.5,918.6,NA,230,85
2018,12,9,15,-5.8,918.8,NA,160,59
2018,12,9,18,-5.5,918.9,NA,220,52
2018,12,9,21,-4.9,918.6,2,50,72
2018,12,10,0,-6,918.8,NA,220,81
2018,12,10,3,-5.9,918.7,NA,210,82
2018,12,10,6,-6.2,919,NA,170,76
2018,12,10,9,-7.9,919.2,NA,230,97
2018,12,10,12,-7.2,919.5,5,200,91
2018,12,10,15,-7.4,919.9,7,210,81
2018,12,10,18,-7.3,920.8,NA,220,81
2018,12,10,21,-8.3,921.9,NA,240,97
2018,12,11,0,-7.8,923.2,11,230,99
2018,12,11,3,-7.6,924.1,11,200,98
2018,12,11,6,-7.5,925.1,NA,200,99
2018,12,11,9,-7.3,926.3,NA,190,99
2018,12,11,12,-7.6,926.9,NA,200,99
2018,12,11,15,-7.8,927.1,NA,250,98
2018,12,11,18,NA,927.4,1,320,99
2018,12,11,21,-7.6,927,NA,50,99
2018,12,12,0,-7.2,925.5,NA,40,99
2018,12,12,3,-7.8,924.9,NA,30,99
2018,12,12,6,-7.5,923.8,NA,20,99
2018,12,12,9,-7.9,922.8,NA,50,99
2018,12,12,12,-7.3,921.7,NA,250,98
2018,12,12,15,NA,920.5,1,140,98
2018,12,12,18,NA,919.6,1,350,98
2018,12,12,21,-6.4,919.3,NA,200,99
2018,12,13,0,-7.4,918.7,NA,240,99
2018,12,13,3,-7.3,918.5,NA,230,98
2018,12,13,6,-7.8,917.9,NA,NA,99
2018,12,13,9,-8,918,24,NA,99
2018,12,13,12,-7.7,919,NA,NA,99
2018,12,13,15,-8.2,919.3,NA,240,98
2018,12,13,18,-8,919.1,NA,250,98
2018,12,13,21,-7.6,918.1,NA,210,98
2018,12,14,0,-6.9,917.1,NA,0,99
2018,12,14,3,NA,915.9,1,50,98
2018,12,14,6,-7,915.3,3,220,98
2018,12,14,9,-8.3,915.1,NA,240,97
2018,12,14,12,-8.3,915,NA,220,92
2018,12,14,15,-8.1,913.9,NA,230,96
2018,12,14,18,-8.7,913.1,NA,250,98
2018,12,14,21,-9.2,914.2,NA,250,98
2018,12,15,0,-8.4,914.6,NA,260,97
2018,12,15,3,-7.6,915.3,NA,230,82
2018,12,15,6,-6.4,914.7,NA,220,76
2018,12,15,9,-6.2,913.6,NA,240,56
2018,12,15,12,-5.8,913.3,NA,250,71
2018,12,15,15,-6.7,914,NA,230,87
2018,12,15,18,-10.1,914.1,NA,210,97
2018,12,15,21,-10.1,915.2,NA,230,97
2018,12,16,0,-9.9,917.7,NA,230,97
2018,12,16,3,-9.3,918.7,NA,250,96
2018,12,16,6,-8.9,918.3,NA,230,98
2018,12,16,9,-8.9,918.6,NA,240,98
2018,12,16,12,-9.3,918.4,NA,230,98
2018,12,16,15,-8.7,919,NA,230,81
2018,12,16,18,-7.6,918.6,NA,240,78
2018,12,16,21,-6.3,919,NA,230,73
2018,12,17,0,-5.4,918.6,NA,230,66
2018,12,17,3,-6.6,917.6,NA,240,83
2018,12,17,6,-7.3,916.8,NA,250,87
2018,12,17,9,-6.3,917.3,NA,240,60
2018,12,17,12,-4.5,916.9,NA,240,42
2018,12,17,15,-4.8,915,NA,130,49
2018,12,17,18,-6.4,911.5,NA,240,97
2018,12,17,21,-6.7,910.6,NA,240,96
2018,12,18,0,-5.9,912.7,NA,230,99
2018,12,18,3,-5.5,916.1,NA,230,72
2018,12,18,6,-5.2,917.6,NA,240,58
2018,12,18,9,-5.2,919.1,NA,240,71
2018,12,18,12,-4.9,916.6,NA,230,62
2018,12,18,15,-4.9,919.3,NA,240,65
2018,12,18,18,-4,918.3,NA,230,56
2018,12,18,21,-5.3,920.6,NA,240,81
2018,12,19,0,-6.4,922.8,NA,240,99
2018,12,19,3,-7.5,923.7,NA,230,99
2018,12,19,6,-7.5,927.6,NA,240,99
2018,12,19,9,-7.3,930.3,NA,240,99
2018,12,19,12,-6.8,930.3,NA,240,99
2018,12,19,15,-6.2,930.6,NA,260,NA
2018,12,19,18,-6.8,931,NA,230,99
2018,12,19,21,-5.5,930.8,NA,30,94
2018,12,20,0,-5.3,930.4,NA,80,98
2018,12,20,3,-4.8,929.8,NA,240,87
2018,12,20,6,-4.7,929,NA,240,83
2018,12,20,9,-5.1,927.8,NA,230,69
2018,12,20,12,-4.8,926.9,NA,240,53
2018,12,20,15,-3.8,925.3,NA,260,42
2018,12,20,18,-3.4,923.3,NA,240,43
2018,12,20,21,-2.4,921.6,NA,220,39
2018,12,21,0,-4,919.4,NA,230,NA
2018,12,21,3,-3.9,918.6,NA,240,98
2018,12,21,6,-4.9,917.9,NA,230,99
2018,12,21,9,-5.4,919.6,NA,240,98
2018,12,21,12,-5.8,922.7,NA,230,99
2018,12,21,15,-6.4,923.3,NA,230,99
2018,12,21,18,-6.7,924.6,33,240,99
2018,12,21,21,-7.1,925.6,31,NA,99
2018,12,22,0,-6.4,926.4,NA,NA,95
2018,12,22,3,-5.1,926.9,NA,NA,87
2018,12,22,6,-5.6,926.3,NA,80,99
2018,12,22,9,NA,925.2,0,20,99
2018,12,22,12,-5.7,924.4,NA,340,81
2018,12,22,15,-5.9,924,NA,230,87
2018,12,22,18,-6.1,923.6,NA,250,97
2018,12,22,21,-7.2,923.2,NA,250,99
2018,12,23,0,-5.8,924.6,NA,240,88
2018,12,23,3,-6.8,924.2,NA,230,99
2018,12,23,6,-7.6,924,29,230,99
2018,12,23,9,-8.4,923.5,NA,240,98
2018,12,23,12,-7.7,923.4,NA,240,81
2018,12,23,15,-6.8,922.6,NA,260,66
2018,12,23,18,-7.3,921.4,NA,230,79
2018,12,23,21,-6.2,920.6,NA,230,76
2018,12,24,0,-5.3,919,NA,240,NA
2018,12,24,3,-6.5,916.5,NA,240,99
2018,12,24,6,-7.5,915.6,NA,230,99
2018,12,24,9,-7.6,915.6,NA,230,99
2018,12,24,12,-7.6,914.3,NA,230,99
2018,12,24,15,-7.8,913,NA,250,99
2018,12,24,18,-7.2,913.9,NA,230,99
2018,12,24,21,-7.5,915.5,NA,220,99
2018,12,25,0,-7.2,915.2,NA,240,99
2018,12,25,3,-6.7,915.1,NA,230,99
2018,12,25,6,-6.2,916.6,NA,220,99
2018,12,25,9,-7.3,915.8,NA,230,99
2018,12,25,12,-7.2,914.8,NA,240,99
2018,12,25,15,-6.9,913.3,NA,230,99
2018,12,25,18,-7.2,911.4,NA,230,99
2018,12,25,21,-7.6,913.1,NA,220,99
2018,12,26,0,-7.6,912.8,NA,220,99
2018,12,26,3,-7.3,914,NA,220,99
2018,12,26,6,-6.9,915.4,NA,230,99
2018,12,26,9,-6.8,916.4,NA,220,99
2018,12,26,12,-7.2,917.5,8,230,99
2018,12,26,15,-7,918.2,5,NA,99
2018,12,26,18,-7,918.9,NA,NA,99
2018,12,26,21,-6.9,920.7,7,NA,99
2018,12,27,0,-6,921.7,6,NA,99
2018,12,27,3,-5.3,921.9,4,240,99
2018,12,27,6,-5.2,922.5,NA,NA,99
2018,12,27,9,-5.2,921.9,NA,NA,99
2018,12,27,12,-5.1,922.3,NA,NA,99
2018,12,27,15,-6.1,924.2,NA,220,99
2018,12,27,18,-5.8,924.6,NA,230,99
2018,12,27,21,-5.9,923.3,NA,250,99
2018,12,28,0,-6.3,925,NA,240,99
2018,12,28,3,-5.5,926.4,NA,230,99
2018,12,28,6,-5.9,926.2,NA,230,99
2018,12,28,9,-6.5,925.9,13,240,99
2018,12,28,12,-6.9,925.6,14,230,99
2018,12,28,15,-7.1,925.3,NA,190,99
2018,12,28,18,-6.3,924.8,NA,0,99
2018,12,28,21,-5.6,924.5,3,210,99
2018,12,29,0,-4.7,924,4,230,99
2018,12,29,3,-5.2,923.5,NA,230,97
2018,12,29,6,-6.7,923,NA,240,98
2018,12,29,9,-7.4,922.7,NA,230,97
2018,12,29,12,-7.6,922.4,NA,230,95
2018,12,29,15,-7.5,921.8,NA,240,86
2018,12,29,18,-7.6,921.1,NA,240,98
2018,12,29,21,-7.4,922.9,NA,230,99
2018,12,30,0,-6.8,923.7,NA,230,95
2018,12,30,3,-6.9,924.8,NA,220,99
2018,12,30,6,-6.7,924.9,NA,220,99
2018,12,30,9,-7,925.3,NA,200,99
2018,12,30,12,-7.2,926,NA,220,99
2018,12,30,15,-7.8,925.9,NA,210,99
2018,12,30,18,NA,926.3,1,350,96
2018,12,30,21,-6.2,926.6,5,10,94
2018,12,31,0,-5.8,926.7,NA,60,99
2018,12,31,3,-5.6,926.6,4,30,99
2018,12,31,6,-5.8,926.6,2,0,85
2018,12,31,9,-5.7,926.2,NA,280,66
2018,12,31,12,-5.6,926.2,NA,250,61
2018,12,31,15,NA,926.1,0,280,63
2018,12,31,18,-5.6,925.9,3,250,57
2018,12,31,21,-5.9,925.8,NA,240,68
2019,1,1,0,-4.1,926,5,240,54
2019,1,1,3,-3.2,925.8,NA,40,59
2019,1,1,6,NA,925.5,1,220,49
2019,1,1,9,-3.9,925.1,NA,290,38
2019,1,1,12,-5,924.6,NA,290,41
2019,1,1,15,-5.2,923.8,6,290,39
2019,1,1,18,-3.3,923.2,NA,270,34
2019,1,1,21,-2.9,922.9,2,250,33
2019,1,2,0,-3.2,922.4,3,230,33
2019,1,2,3,-3.4,921.7,3,230,44
2019,1,2,6,NA,920.9,0,50,41
2019,1,2,9,NA,920.3,1,40,54
2019,1,2,12,-7.2,919.3,NA,340,68
2019,1,2,15,-7.6,918.3,NA,350,70
2019,1,2,18,-7,918,NA,20,79
2019,1,2,21,-6.3,917.8,NA,40,80
2019,1,3,0,-6.1,918,6,60,79
2019,1,3,3,-5.9,917.6,2,60,92
2019,1,3,6,-7,917.2,NA,30,88
2019,1,3,9,-7.2,917.1,NA,350,80
2019,1,3,12,-7.2,916.6,NA,20,66
2019,1,3,15,-6.6,915.9,NA,250,69
2019,1,3,18,-5.7,915.7,6,240,60
2019,1,3,21,-4.3,915.7,4,20,79
2019,1,4,0,-5.5,915.3,4,70,87
2019,1,4,3,NA,914.7,1,20,78
2019,1,4,6,-7.3,914.3,5,30,91
2019,1,4,9,-6.9,914.1,2,140,99
2019,1,4,12,-8,913.9,5,360,96
2019,1,4,15,-8.6,913.7,2,20,96
2019,1,4,18,-7.6,913.8,2,320,91
2019,1,4,21,-7.1,913.8,NA,230,89
2019,1,5,0,-8.1,914.5,4,220,99
2019,1,5,3,-7.2,914.6,NA,240,99
2019,1,5,6,-7.6,915.3,NA,240,99
2019,1,5,9,-8.1,916.3,NA,230,99
2019,1,5,12,-8.3,917.3,9,240,99
2019,1,5,15,-7.7,918,NA,200,97
2019,1,5,18,-7.8,918.7,NA,210,98
2019,1,5,21,-7.7,919.5,NA,240,99
2019,1,6,0,-6.1,920.1,NA,240,80
2019,1,6,3,-7.5,920.1,NA,240,99
2019,1,6,6,-7.6,919.3,NA,230,99
2019,1,6,9,-7.7,919.7,NA,220,99
2019,1,6,12,-8.1,919.5,NA,230,99
2019,1,6,15,-7.9,919.4,26,230,99
2019,1,6,18,-7.6,919.5,26,NA,99
2019,1,6,21,-7,919.9,NA,NA,99
2019,1,7,0,-6,919.6,NA,240,NA
2019,1,7,3,-6.2,919.4,NA,240,99
2019,1,7,6,-5.9,919.3,NA,220,99
2019,1,7,9,-7,919.2,32,NA,99
2019,1,7,12,-7.7,919,NA,NA,99
2019,1,7,15,-7.7,918.5,33,NA,99
2019,1,7,18,-7.6,918.8,NA,NA,99
2019,1,7,21,-7.8,919.2,36,240,99
2019,1,8,0,-7.4,920.3,NA,240,99
2019,1,8,3,-7.7,919.8,NA,230,99
2019,1,8,6,-7.5,921.4,NA,NA,99
2019,1,8,9,-8.1,921,NA,NA,99
2019,1,8,12,-7.9,921.4,NA,NA,94
2019,1,8,15,-7.5,922.2,NA,NA,82
2019,1,8,18,-7.4,922.3,NA,NA,82
2019,1,8,21,-7.1,923.1,NA,240,92
2019,1,9,0,-6.3,923.2,NA,220,80
2019,1,9,3,-6.8,923.2,NA,230,89
2019,1,9,6,-6.4,923.3,14,240,76
2019,1,9,9,-6.9,923.6,15,230,74
2019,1,9,12,-7.6,924,NA,250,68
2019,1,9,15,-7.5,924.1,NA,240,93
2019,1,9,18,-6.2,924.2,NA,230,74
2019,1,9,21,-7.3,924.5,NA,250,99
2019,1,10,0,-7.8,924.6,NA,250,99
2019,1,10,3,-6.3,924.1,NA,240,94
2019,1,10,6,-7.6,923.3,NA,220,99
2019,1,10,9,-7.6,923.4,NA,240,98
2019,1,10,12,-7.2,923.7,27,220,99
2019,1,10,15,-7.8,923,27,230,99
2019,1,10,18,-7.6,923.2,24,NA,99
2019,1,10,21,-6.9,924.8,26,NA,99
2019,1,11,0,-6.7,926.8,NA,NA,99
2019,1,11,3,-7.2,925.7,NA,NA,99
2019,1,11,6,-7.5,925,NA,230,99
2019,1,11,9,-7.4,924,NA,NA,99
2019,1,11,12,-7,925.2,NA,NA,99
2019,1,11,15,-6.6,927.3,NA,NA,99
2019,1,11,18,-6.2,929,NA,NA,98
2019,1,11,21,-4.7,931,NA,NA,70
2019,1,12,0,-4.2,931.9,NA,NA,90
2019,1,12,3,-3.4,931.4,NA,240,94
2019,1,12,6,-3.5,933.6,NA,230,81
2019,1,12,9,-2.8,933.3,NA,240,62
2019,1,12,12,-5.1,934.5,NA,230,83
2019,1,12,15,-5.2,934.3,NA,230,86
2019,1,12,18,-2.2,934.3,NA,220,71
2019,1,12,21,NA,933.5,NA,340,63
2019,1,13,0,-1.7,932.5,NA,350,71
2019,1,13,3,-4.1,931.5,NA,60,52
2019,1,13,6,-3.4,931.2,5,190,79
2019,1,13,9,-5.1,930.6,NA,210,75
2019,1,13,12,-6.7,930.4,NA,10,70
2019,1,13,15,NA,930.2,1,320,71
2019,1,13,18,NA,930.6,1,280,59
2019,1,13,21,-4.3,931.1,NA,240,69
2019,1,14,0,-4.1,931.4,NA,230,80
2019,1,14,3,-4.5,932.1,9,240,91
2019,1,14,6,-5.5,933.2,NA,240,99
2019,1,14,9,-5.9,934.3,NA,230,99
2019,1,14,12,-2.7,935,11,230,99
2019,1,14,15,-2.5,936,7,250,99
2019,1,14,18,-5.8,937.1,NA,240,99
2019,1,14,21,NA,938.1,5,240,95
2019,1,15,0,-4.3,938.6,NA,80,96
2019,1,15,3,NA,938.7,1,270,NA
2019,1,15,6,-5.4,938.4,3,70,99
2019,1,15,9,-5.7,937.6,2,60,99
2019,1,15,12,-6.1,936.6,NA,20,99
2019,1,15,15,-6,935.2,6,40,99
2019,1,15,18,-5.7,934,7,50,99
2019,1,15,21,-5.2,932.5,4,60,99
2019,1,16,0,-5.5,930.6,7,20,99
2019,1,16,3,-4.9,928.9,NA,30,99
2019,1,16,6,-4.1,927.1,NA,40,99
2019,1,16,9,-5.7,925.9,2,250,99
2019,1,16,12,-6.2,924.8,2,290,99
2019,1,16,15,-6.3,923.7,4,250,99
2019,1,16,18,-5.8,923.2,NA,240,99
2019,1,16,21,-4.5,923.1,NA,240,98
2019,1,17,0,-4.7,923,NA,230,97
2019,1,17,3,-4.6,922.4,NA,240,96
2019,1,17,6,-5.3,922.7,NA,230,98
2019,1,17,9,-6.7,923.1,NA,240,91
2019,1,17,12,-7.3,922.9,17,NA,96
2019,1,17,15,-6.9,923.1,17,NA,92
2019,1,17,18,-6.3,923.5,NA,NA,92
2019,1,17,21,-3,924.1,14,230,78
2019,1,18,0,-5,924.4,NA,NA,91
2019,1,18,3,-4.6,924.5,NA,NA,96
2019,1,18,6,-5.9,924.7,NA,NA,99
2019,1,18,9,-6.9,924.6,NA,NA,99
2019,1,18,12,-7.7,925.3,NA,NA,99
2019,1,18,15,-7.2,925.4,NA,NA,92
2019,1,18,18,-3.9,925.6,NA,220,75
2019,1,18,21,-5.9,925.5,NA,230,93
2019,1,19,0,-2.3,925.3,NA,350,85
2019,1,19,3,-5.3,924.9,NA,230,98
2019,1,19,6,-4.3,924.1,NA,230,92
2019,1,19,9,-6,923.7,NA,80,99
2019,1,19,12,-6.6,923.4,2,250,99
2019,1,19,15,-6.8,922.9,4,260,99
2019,1,19,18,-7.4,922.6,5,240,99
2019,1,19,21,NA,923.2,1,330,99
2019,1,20,0,-4.4,923.2,NA,40,98
2019,1,20,3,-4.7,923.2,3,230,95
2019,1,20,6,-3.4,923.1,NA,NA,90
2019,1,20,9,NA,923.6,0,330,96
2019,1,20,12,NA,924,1,280,99
2019,1,20,15,-6.5,924.2,2,270,99
2019,1,20,18,-6,924.8,2,270,99
2019,1,20,21,NA,925.5,1,350,90
2019,1,21,0,-6.2,925.8,3,240,98
2019,1,21,3,-5.8,926,2,250,97
2019,1,21,6,-6.6,925.8,4,240,99
2019,1,21,9,-6.8,925.8,NA,250,99
2019,1,21,12,-6.5,924.7,NA,230,NA
2019,1,21,15,-7.2,923.2,NA,230,99
2019,1,21,18,-7,922,NA,240,99
2019,1,21,21,-6.3,920.9,NA,230,99
2019,1,22,0,-5.7,920.5,37,230,99
2019,1,22,3,-5.5,918.6,NA,230,99
2019,1,22,6,-5.5,918.6,NA,220,99
2019,1,22,9,-5.9,919.2,NA,230,99
2019,1,22,12,-5.9,919.6,NA,230,99
2019,1,22,15,-6.6,918.8,39,230,99
2019,1,22,18,NA,918.3,40,NA,99
2019,1,22,21,NA,918.5,NA,NA,NA
2019,1,23,0,NA,919.3,NA,NA,NA
2019,1,23,3,NA,919.2,NA,NA,NA
2019,1,23,6,NA,920.5,NA,NA,NA
2019,1,23,9,NA,920.2,NA,240,NA
2019,1,23,12,NA,922.2,NA,230,NA
2019,1,23,15,NA,921.3,NA,230,NA
2019,1,23,18,NA,921.3,NA,NA,NA
2019,1,23,21,NA,921.7,NA,NA,NA
2019,1,24,0,NA,920.8,NA,NA,NA
2019,1,24,3,NA,921.8,NA,230,NA
2019,1,24,6,NA,924,NA,230,NA
2019,1,24,9,NA,924,NA,230,NA
2019,1,24,12,NA,924.8,NA,220,NA
2019,1,24,15,NA,924.9,NA,230,NA
2019,1,24,18,NA,925.6,NA,230,NA
2019,1,24,21,NA,925.2,NA,230,NA
2019,1,25,0,-5.9,924.3,11,240,59
2019,1,25,3,-3.6,923.5,NA,260,35
2019,1,25,6,-2.2,922.4,NA,10,28
2019,1,25,9,-5.9,920.9,NA,350,42
2019,1,25,12,-5.6,919.2,NA,0,34
2019,1,25,15,-6.3,917.8,NA,0,46
2019,1,25,18,-3.3,917.2,NA,10,44
2019,1,25,21,-2.6,916.6,NA,30,24
2019,1,26,0,-2.3,917.6,NA,30,31
2019,1,26,3,-2.2,918.5,NA,290,60
2019,1,26,6,-4.3,919.3,NA,150,54
2019,1,26,9,-5.1,919.9,2,290,65
2019,1,26,12,-5.8,920.8,NA,240,59
2019,1,26,15,-6.2,921.3,NA,230,61
2019,1,26,18,-7.5,922.1,NA,230,84
2019,1,26,21,-6.3,923.2,NA,230,83
2019,1,27,0,-4.5,924,NA,220,71
2019,1,27,3,-4.7,924.6,NA,210,79
2019,1,27,6,-5.5,924.7,3,150,85
2019,1,27,9,-6.3,924.3,NA,50,96
2019,1,27,12,-6.7,924.1,7,30,91
2019,1,27,15,-6.9,923.9,6,40,99
2019,1,27,18,-6.8,923.4,7,50,99
2019,1,27,21,-6.2,923.4,4,60,96
2019,1,28,0,-5.6,923.2,NA,70,80
2019,1,28,3,-6,923.1,6,50,82
2019,1,28,6,-5.7,922.9,6,40,96
2019,1,28,9,-7,922.5,7,10,88
2019,1,28,12,-7.7,922.1,10,360,89
2019,1,28,15,-7.5,920.9,10,10,88
2019,1,28,18,-7.4,919.6,NA,40,90
2019,1,28,21,-7.2,919.1,NA,60,94
2019,1,29,0,-7.1,918.7,NA,60,91
2019,1,29,3,-6.6,918.1,NA,230,93
2019,1,29,6,-7.5,918.1,5,250,96
2019,1,29,9,-8.6,918.2,NA,250,96
2019,1,29,12,-8.3,918.2,NA,230,96
2019,1,29,15,-8.2,918.6,9,240,95
2019,1,29,18,-8.3,919.1,9,250,95
2019,1,29,21,-7.7,919.9,NA,240,95
2019,1,30,0,-7.3,920.4,NA,240,96
2019,1,30,3,-7.7,921.2,NA,240,96
2019,1,30,6,-7.8,922.5,NA,230,95
2019,1,30,9,-7.9,923.5,NA,230,96
2019,1,30,12,-8.3,924.7,NA,240,95
2019,1,30,15,-8.4,925.9,NA,250,95
2019,1,30,18,-8,926.9,NA,270,95
2019,1,30,21,-6.7,927.6,NA,60,94
2019,1,31,0,-6.7,928,NA,60,92
2019,1,31,3,-7.1,928.5,NA,60,93
2019,1,31,6,-6.7,928.6,NA,20,90
2019,1,31,9,-6.4,928.7,NA,40,98
2019,1,31,12,-6.4,928.4,NA,60,97
2019,1,31,15,-7.3,927.7,6,260,96
2019,1,31,18,-7.2,926.8,5,240,97
2019,1,31,21,-6.7,926.7,5,240,97
2019,2,1,0,-6.4,926.7,2,180,97
2019,2,1,3,-8.5,925,NA,230,95
2019,2,1,6,-9,925,NA,230,95
2019,2,1,9,-9.8,925.1,11,230,82
2019,2,1,12,-9.9,923.7,NA,240,68
2019,2,1,15,-10.7,922.1,NA,230,89
2019,2,1,18,-10,918.6,NA,240,81
2019,2,1,21,-10.7,914.3,NA,240,94
2019,2,2,0,-10.2,909.2,NA,250,95
2019,2,2,3,-10.1,906.7,NA,NA,95
2019,2,2,6,-9.4,905.1,NA,NA,95
2019,2,2,9,-8.8,904.4,NA,NA,95
2019,2,2,12,-9.1,903.3,NA,NA,95
2019,2,2,15,-9.5,904.3,NA,NA,95
2019,2,2,18,-9.9,906.5,NA,NA,94
2019,2,2,21,-10.1,907.2,NA,NA,94
2019,2,3,0,-10,908.8,NA,NA,94
2019,2,3,3,-9.7,912,NA,NA,95
2019,2,3,6,-9.7,911.7,NA,NA,94
2019,2,3,9,-8.6,912.3,NA,NA,68
2019,2,3,12,-8.4,911.6,NA,250,68
2019,2,3,15,-9,911.5,NA,240,77
2019,2,3,18,-8.8,913,NA,240,80
2019,2,3,21,-8.1,914.5,NA,240,65
2019,2,4,0,-7.4,915.1,NA,230,59
2019,2,4,3,-7.8,915,NA,240,58
2019,2,4,6,-8.1,915.6,NA,230,78
2019,2,4,9,-7.9,915.6,NA,230,53
2019,2,4,12,-8.8,915.5,NA,240,66
2019,2,4,15,-9.6,914.9,NA,250,71
2019,2,4,18,-7.9,914.8,NA,280,53
2019,2,4,21,-7.6,915,NA,20,83
2019,2,5,0,NA,915.4,1,260,70
2019,2,5,3,-7.8,915.7,NA,260,70
2019,2,5,6,-8.7,915.8,4,50,78
2019,2,5,9,-8.8,916.3,NA,70,87
2019,2,5,12,-8.9,917.1,4,350,77
2019,2,5,15,-9.7,917.6,5,360,74
2019,2,5,18,-9.7,918.5,4,360,73
2019,2,5,21,-9.3,919.6,5,10,75
2019,2,6,0,-8.6,919.8,5,70,81
2019,2,6,3,-8.7,919.2,8,40,90
2019,2,6,6,-8.2,919.2,8,30,95
2019,2,6,9,-8.1,919.1,NA,60,96
2019,2,6,12,-9.1,919,NA,270,84
2019,2,6,15,-9.8,918.7,NA,240,89
2019,2,6,18,-11.8,918.3,NA,250,96
2019,2,6,21,-11.3,918.4,13,240,93
2019,2,7,0,-9.7,918.4,NA,220,94
2019,2,7,3,-9.5,917.4,NA,210,89
2019,2,7,6,-8.5,916,NA,230,50
2019,2,7,9,-8.1,915.3,NA,250,59
2019,2,7,12,-9.4,914.7,NA,NA,75
2019,2,7,15,-9.1,914.5,NA,NA,85
2019,2,7,18,-8.7,913.9,NA,NA,76
2019,2,7,21,-8.4,913.6,NA,240,61
2019,2,8,0,-6.6,913.2,NA,40,64
2019,2,8,3,-7.8,912.3,NA,70,91
2019,2,8,6,-8.5,911.4,NA,40,96
2019,2,8,9,-9,911.1,NA,0,79
2019,2,8,12,-8.8,911.2,7,30,69
2019,2,8,15,-9.7,911.6,3,20,57
2019,2,8,18,-7.8,913,NA,30,54
2019,2,8,21,-7.2,914.7,NA,80,63
2019,2,9,0,-6.9,916.6,7,20,83
2019,2,9,3,-8.5,918.5,7,260,89
2019,2,9,6,-8.6,920.4,NA,240,91
2019,2,9,9,-9.2,922,NA,NA,87
2019,2,9,12,-9.4,924.4,NA,NA,87
2019,2,9,15,-9.9,925.8,19,NA,94
2019,2,9,18,-10.3,927.1,NA,230,94
2019,2,9,21,-9.8,928.3,NA,240,94
2019,2,10,0,-9.3,929.5,NA,240,NA
2019,2,10,3,-9.2,929.6,NA,250,95
2019,2,10,6,-8.1,931.1,NA,250,95
2019,2,10,9,-8.1,930.7,NA,260,95
2019,2,10,12,-8.6,930,10,240,95
2019,2,10,15,-8.3,928.8,7,240,95
2019,2,10,18,-8.6,927.4,NA,240,95
2019,2,10,21,-7.9,926.9,4,NA,95
2019,2,11,0,-8.1,926.3,5,NA,95
2019,2,11,3,-7.3,926.5,5,240,96
2019,2,11,6,-8.6,927.4,NA,170,95
2019,2,11,9,-9,928.1,NA,10,94
2019,2,11,12,NA,928.8,1,340,94
2019,2,11,15,-10.3,929.2,2,350,91
2019,2,11,18,NA,929.1,1,70,93
2019,2,11,21,-8.5,929.2,4,50,87
2019,2,12,0,-8.3,928.9,3,120,89
2019,2,12,3,-7.7,928.9,NA,70,90
2019,2,12,6,-9.5,928.7,2,20,84
2019,2,12,9,-10.6,928.8,NA,250,93
2019,2,12,12,-11.1,929.2,NA,250,89
2019,2,12,15,-10.4,929.6,11,240,89
2019,2,12,18,-10.3,930.7,10,270,85
2019,2,12,21,-8.9,931.2,NA,100,80
2019,2,13,0,-8,931.9,NA,180,NA
2019,2,13,3,-8.2,932.2,NA,240,95
2019,2,13,6,-7.8,933.2,NA,240,96
2019,2,13,9,-7.7,934.7,5,250,96
2019,2,13,12,-7.8,936.2,NA,260,96
2019,2,13,15,-7.6,936.1,NA,50,97
2019,2,13,18,-7,935.7,4,50,96
2019,2,13,21,-6.6,936.3,3,30,97
2019,2,14,0,-6.5,935,5,70,97
2019,2,14,3,-6.8,934.6,NA,NA,97
2019,2,14,6,-6.9,936.1,NA,NA,96
2019,2,14,9,-7.2,936.8,NA,NA,96
2019,2,14,12,-8.2,937.8,NA,NA,96
2019,2,14,15,-8.3,939.4,NA,NA,95
2019,2,14,18,-8.9,940.2,NA,NA,95
2019,2,14,21,-7.4,941.1,NA,NA,96
2019,2,15,0,-5.9,941.8,NA,NA,97
2019,2,15,3,-5,942.3,NA,NA,97
2019,2,15,6,-6.5,942.5,NA,NA,97
2019,2,15,9,-7.5,942.3,NA,NA,96
2019,2,15,12,-7.7,941.5,NA,NA,96
2019,2,15,15,-9.1,939.6,NA,NA,95
2019,2,15,18,-8.4,938.4,NA,NA,95
2019,2,15,21,-5.8,937.8,NA,NA,97
2019,2,16,0,-7.2,937,NA,NA,96
2019,2,16,3,-8.1,935.3,NA,NA,96
2019,2,16,6,-8.4,934.5,NA,NA,95
2019,2,16,9,-10.1,934.3,NA,NA,86
2019,2,16,12,-10.5,934.3,NA,NA,92
2019,2,16,15,-10.4,933.3,NA,NA,88
2019,2,16,18,-10.5,933.4,NA,250,78
2019,2,16,21,-10.9,933.5,NA,280,82
2019,2,17,0,-10,934,22,260,74
2019,2,17,3,NA,934.5,NA,260,69
2019,2,17,6,-11,936.7,NA,210,94
2019,2,17,9,-10.7,938.2,NA,280,90
2019,2,17,12,-11.3,938.4,NA,240,92
2019,2,17,15,-11.4,937.9,NA,240,92
2019,2,17,18,-11.3,937.6,NA,220,93
2019,2,17,21,-11.3,937.1,NA,220,93
2019,2,18,0,-11.2,937.3,18,230,93
2019,2,18,3,-11.1,936.7,NA,250,93
2019,2,18,6,-11.5,936.1,NA,270,85
2019,2,18,9,-12.2,935.9,8,270,71
2019,2,18,12,-13.4,935.8,7,290,66
2019,2,18,15,-11.7,935.6,NA,290,68
2019,2,18,18,-11.8,936.1,7,310,64
2019,2,18,21,-9.7,937,NA,310,66
2019,2,19,0,-9.8,937.7,4,260,67
2019,2,19,3,-10.6,938.4,NA,230,71
2019,2,19,6,-10,939,NA,240,69
2019,2,19,9,-10.5,939.7,NA,230,84
2019,2,19,12,-11,940.1,18,NA,84
2019,2,19,15,-10.7,939.4,NA,NA,77
2019,2,19,18,-10.4,939.4,NA,NA,65
2019,2,19,21,-10.8,938.6,NA,NA,89
2019,2,20,0,-10.3,938.8,NA,NA,87
2019,2,20,3,-10.4,938.2,NA,220,91
2019,2,20,6,-10.7,937.9,24,230,92
2019,2,20,9,-10.5,936.5,NA,230,80
2019,2,20,12,-10.7,934.4,NA,230,82
2019,2,20,15,-10.6,933.1,NA,240,78
2019,2,20,18,-11.1,932.4,NA,NA,91
2019,2,20,21,-10.6,933.2,NA,NA,86
2019,2,21,0,-10.7,933.9,NA,NA,90
2019,2,21,3,-10.7,933.4,NA,230,88
2019,2,21,6,-10.7,933,NA,240,85
2019,2,21,9,-11.2,932.6,NA,NA,83
2019,2,21,12,-11,932.6,NA,NA,85
2019,2,21,15,-11.3,932,17,NA,74
2019,2,21,18,-11.4,931.6,NA,NA,80
2019,2,21,21,-11.5,930.5,NA,230,82
2019,2,22,0,-11.8,930.6,NA,240,89
2019,2,22,3,-11.6,929.6,34,240,80
2019,2,22,6,-11.5,928.7,NA,240,82
2019,2,22,9,-11.7,929.1,NA,NA,84
2019,2,22,12,-11.8,929.7,NA,NA,89
2019,2,22,15,-11.1,930.2,NA,NA,70
2019,2,22,18,-12.1,929.8,NA,NA,76
2019,2,22,21,-11.9,929.4,NA,230,84
2019,2,23,0,-11.8,928.8,NA,220,84
2019,2,23,3,-12.1,928.5,NA,230,79
2019,2,23,6,-13.1,928.7,NA,240,88
2019,2,23,9,-12.6,928.5,NA,250,74
2019,2,23,12,-12.2,928.9,25,240,76
2019,2,23,15,-12.6,929.2,25,NA,72
2019,2,23,18,-12.6,928.7,NA,NA,66
2019,2,23,21,-11.8,929.6,NA,NA,68
2019,2,24,0,-11.9,929.4,NA,240,65
2019,2,24,3,-11.7,929.5,NA,230,75
2019,2,24,6,-12.1,929.6,NA,260,65
2019,2,24,9,-13.9,929.5,NA,290,73
2019,2,24,12,-13.4,929.1,NA,330,70
2019,2,24,15,-13.3,928,NA,330,81
2019,2,24,18,-13.4,927.2,3,310,75
2019,2,24,21,-11.4,926.5,NA,30,82
2019,2,25,0,NA,925.5,1,310,67
2019,2,25,3,-10.9,924.3,NA,280,69
2019,2,25,6,-12.4,923,NA,250,69
2019,2,25,9,-12.8,921.4,NA,250,69
2019,2,25,12,-12.5,920.1,NA,350,86
2019,2,25,15,-11.7,918.1,NA,360,44
2019,2,25,18,-11.7,916.6,3,0,42
2019,2,25,21,-12.1,914.9,2,260,50
2019,2,26,0,NA,914.1,1,50,NA
2019,2,26,3,-10.8,913.7,4,250,43
2019,2,26,6,-10.7,913.9,NA,320,36
2019,2,26,9,-12.1,914.8,NA,260,41
2019,2,26,12,-12,915.9,NA,270,46
2019,2,26,15,-10.7,916.7,NA,10,31
2019,2,26,18,-11.4,917.8,5,10,34
2019,2,26,21,-9.8,919,2,40,53
2019,2,27,0,-10.3,920.4,5,250,40
2019,2,27,3,-11.1,921.7,NA,250,73
2019,2,27,6,-10.3,923.4,8,250,90
2019,2,27,9,-9.8,924.7,NA,290,69
2019,2,27,12,-9.1,925.7,NA,340,89
2019,2,27,15,-10,926,2,310,64
2019,2,27,18,-10.6,926.5,3,280,62
2019,2,27,21,NA,927.4,1,280,49
2019,2,28,0,-8.5,928.1,3,290,49
2019,2,28,3,-9.4,928.2,NA,270,48
2019,2,28,6,-8.7,928.2,NA,240,39
2019,2,28,9,-10.2,927.9,NA,250,47
2019,2,28,12,-10.3,927.5,NA,250,79
2019,2,28,15,-10.5,926.4,NA,350,53
2019,2,28,18,-10,924.6,NA,20,57
2019,2,28,21,-8.1,922.7,NA,50,65
2019,3,1,0,-7.9,920.7,3,290,43
2019,3,1,3,-8,918.8,4,270,42
2019,3,1,6,-7.8,918.2,6,20,39
2019,3,1,9,-8.5,918.4,NA,10,56
2019,3,1,12,-9.8,919.3,NA,250,51
2019,3,1,15,-10.1,920.8,NA,240,77
2019,3,1,18,-10.2,922.9,NA,240,69
2019,3,1,21,-10.3,925.5,NA,230,85
2019,3,2,0,-10.8,926.5,NA,NA,89
2019,3,2,3,-10.7,928,NA,NA,90
2019,3,2,6,-10.3,929.5,NA,NA,86
2019,3,2,9,-8.8,931.5,NA,230,72
2019,3,2,12,-8.7,932.5,NA,230,74
2019,3,2,15,-7.8,932.7,NA,260,62
2019,3,2,18,-9.2,932.6,NA,250,65
2019,3,2,21,-9.1,931.8,NA,240,73
2019,3,3,0,-9,931.1,NA,230,94
2019,3,3,3,-8.3,930.2,22,240,96
2019,3,3,6,-8.8,930.5,NA,230,95
2019,3,3,9,-9,929.6,NA,230,95
2019,3,3,12,-8.9,931.5,NA,240,94
2019,3,3,15,-9.3,932.2,32,230,95
2019,3,3,18,-9.5,931.4,NA,230,95
2019,3,3,21,-9.4,934.6,NA,220,95
2019,3,4,0,-9.5,935.6,NA,240,93
2019,3,4,3,-9.1,935.4,NA,240,84
2019,3,4,6,-9.8,935.3,NA,NA,94
2019,3,4,9,-10.2,934.5,22,NA,94
2019,3,4,12,-10.9,934.2,18,NA,87
2019,3,4,15,-10.2,933.1,22,240,80
2019,3,4,18,-10.1,932.2,NA,240,76
2019,3,4,21,-11,931.5,NA,230,92
2019,3,5,0,-10.5,931.2,24,230,80
2019,3,5,3,-10.4,930.7,NA,230,85
2019,3,5,6,-9.5,930.7,NA,240,77
2019,3,5,9,-9.3,930.6,NA,NA,74
2019,3,5,12,-10.7,930,NA,NA,82
2019,3,5,15,-10.2,930.2,NA,NA,82
2019,3,5,18,-10.6,930.6,NA,NA,84
2019,3,5,21,-10.6,930.5,NA,220,94
2019,3,6,0,-11.1,930.3,NA,230,93
2019,3,6,3,-11,930,NA,240,93
2019,3,6,6,-11,929.1,NA,240,93
2019,3,6,9,-10.8,928.3,6,230,93
2019,3,6,12,-11.1,927.6,NA,220,93
2019,3,6,15,-11.5,926.4,4,210,93
2019,3,6,18,-11.9,925.4,4,260,92
2019,3,6,21,-13.2,924.7,5,250,92
2019,3,7,0,-12.4,924.1,NA,230,92
2019,3,7,3,-12,923.2,NA,240,84
2019,3,7,6,-12.6,923.4,NA,240,88
2019,3,7,9,-13.1,923.6,NA,230,89
2019,3,7,12,-13.2,924,NA,240,87
2019,3,7,15,-13.1,924.4,NA,230,88
2019,3,7,18,-13.6,925,NA,240,89
2019,3,7,21,-13.2,925.7,NA,220,93
2019,3,8,0,-13.6,926.5,NA,250,85
2019,3,8,3,-13.6,926.6,13,240,78
2019,3,8,6,-13.5,926.2,NA,230,68
2019,3,8,9,-13.2,926.2,NA,250,69
2019,3,8,12,-13.1,925.9,NA,230,92
2019,3,8,15,-13,924.7,NA,250,92
2019,3,8,18,-13,923.4,10,240,92
2019,3,8,21,-12.8,922.3,8,240,92
2019,3,9,0,-12.5,921,8,240,92
2019,3,9,3,-13.4,918.8,NA,230,92
2019,3,9,6,-13.2,917.2,NA,240,90
2019,3,9,9,-14.5,916.1,NA,230,89
2019,3,9,12,-14.7,915.3,NA,240,83
2019,3,9,15,-14.8,915.8,NA,230,80
2019,3,9,18,-14.7,918.4,NA,240,87
2019,3,9,21,-13.6,919.4,NA,230,85
2019,3,10,0,-13.6,922.3,NA,230,90
2019,3,10,3,-13.3,923.7,NA,240,92
2019,3,10,6,-13.5,925,NA,250,91
2019,3,10,9,-13.3,925.6,NA,260,91
2019,3,10,12,-13,926.2,NA,220,92
2019,3,10,15,-13.7,926.3,NA,330,91
2019,3,10,18,-12.7,926.2,3,10,92
2019,3,10,21,-11.4,926.2,1,360,93
2019,3,11,0,-9.7,926.5,4,40,94
2019,3,11,3,-9,926.8,NA,260,94
2019,3,11,6,-8.9,926.4,NA,210,95
2019,3,11,9,-9.1,926.4,NA,NA,95
2019,3,11,12,-9.1,926.3,NA,NA,95
2019,3,11,15,-9.3,926.3,NA,NA,95
2019,3,11,18,-8.8,926.7,NA,NA,95
2019,3,11,21,-8.9,927.9,NA,NA,95
2019,3,12,0,-8.8,930.2,NA,NA,95
2019,3,12,3,-8,932,NA,NA,95
2019,3,12,6,-9,933.6,NA,NA,95
2019,3,12,9,-9.7,934.2,NA,NA,94
2019,3,12,12,-9.6,934.4,NA,NA,95
2019,3,12,15,-9.5,933.1,NA,NA,95
2019,3,12,18,-8.8,931.8,NA,NA,95
2019,3,12,21,-8.7,929.9,NA,NA,95
2019,3,13,0,-9.7,928.2,NA,NA,94
2019,3,13,3,-9.7,927.1,NA,NA,94
2019,3,13,6,-9.7,927.5,NA,NA,94
2019,3,13,9,-8.3,926.5,NA,NA,95
2019,3,13,12,-7.8,925.9,NA,NA,96
2019,3,13,15,-8.7,924.8,NA,NA,95
2019,3,13,18,-8.4,924.1,NA,NA,95
2019,3,13,21,-8.2,923.6,NA,NA,95
2019,3,14,0,-9,921.9,NA,NA,95
2019,3,14,3,-11.6,917.1,NA,NA,93
2019,3,14,6,-13.2,907.4,NA,NA,92
2019,3,14,9,-14.1,906.1,NA,NA,91
2019,3,14,12,-14.8,902.8,NA,NA,91
2019,3,14,15,-15.5,897.3,47,240,90
2019,3,14,18,-15.3,894.6,NA,240,90
2019,3,14,21,-16,896.1,NA,250,90
2019,3,15,0,-15.8,898,NA,250,90
2019,3,15,3,-15.6,902.8,NA,250,90
2019,3,15,6,-14.9,908.8,56,240,90
2019,3,15,9,-14.4,912.6,NA,NA,91
2019,3,15,12,-13.9,914.1,NA,NA,89
2019,3,15,15,-14.3,915.2,NA,NA,89
2019,3,15,18,-14.1,916.9,NA,NA,82
2019,3,15,21,-12.9,917.3,NA,NA,76
2019,3,16,0,-13,917.9,NA,250,85
2019,3,16,3,-12.4,916.5,NA,0,93
2019,3,16,6,-12.6,914,NA,30,85
2019,3,16,9,-12,911.6,NA,30,74
2019,3,16,12,-12.1,910.3,NA,60,78
2019,3,16,15,-13.9,908.6,NA,280,91
2019,3,16,18,-14.4,907.4,NA,250,91
2019,3,16,21,-13.7,907.2,NA,240,91
2019,3,17,0,-13.4,906.8,NA,260,91
2019,3,17,3,-13.1,906.3,13,250,92
2019,3,17,6,-15.4,905.6,NA,230,90
2019,3,17,9,-16,906.8,NA,240,89
2019,3,17,12,-16.5,907,NA,220,89
2019,3,17,15,-16.8,907.7,NA,NA,88
2019,3,17,18,-17.2,908.5,NA,NA,88
2019,3,17,21,-18.4,908.9,16,NA,87
2019,3,18,0,-19,908.9,17,230,87
2019,3,18,3,-20,908.6,NA,230,85
2019,3,18,6,-21.2,908.4,NA,240,85
2019,3,18,9,-21.9,908.8,NA,NA,84
2019,3,18,12,-22.3,908.3,NA,NA,84
2019,3,18,15,-22.3,908.3,NA,NA,83
2019,3,18,18,-22.4,908.6,NA,NA,76
2019,3,18,21,-22.5,909.2,NA,230,76
2019,3,19,0,-22.6,909.7,NA,240,75
2019,3,19,3,-22.7,908.6,35,230,76
2019,3,19,6,-22.8,906.9,NA,230,73
2019,3,19,9,-22.6,906.7,NA,240,74
2019,3,19,12,-22.2,907.6,NA,240,72
2019,3,19,15,-20.3,906.4,NA,250,70
2019,3,19,18,-17.8,907.7,NA,240,74
2019,3,19,21,-16.3,909.6,52,240,84
2019,3,20,0,-15.4,916.2,53,250,90
2019,3,20,3,-15.1,921.9,NA,250,91
2019,3,20,6,-14.9,927.8,NA,240,80
2019,3,20,9,-13.9,929.7,NA,20,63
2019,3,20,12,-12.1,929.9,NA,0,33
2019,3,20,15,-14.1,929,NA,NA,32
2019,3,20,18,-14.2,927.5,NA,NA,66
2019,3,20,21,-13.2,926.4,NA,NA,65
2019,3,21,0,-13.3,924.7,NA,NA,NA
2019,3,21,3,-14.6,921.8,NA,NA,90
2019,3,21,6,-15.2,919.9,NA,NA,90
2019,3,21,9,-15.5,918.3,NA,NA,90
2019,3,21,12,-15.9,917.3,38,230,85
2019,3,21,15,-15.9,917.9,NA,NA,84
2019,3,21,18,-17.1,918,36,NA,88
2019,3,21,21,-16.6,918.5,NA,NA,88
2019,3,22,0,-16.1,919.9,NA,NA,89
2019,3,22,3,-15.9,920.4,NA,240,90
2019,3,22,6,-15.5,921.5,NA,260,90
2019,3,22,9,-15.6,922.1,NA,260,89
2019,3,22,12,-15.9,922.8,NA,270,89
2019,3,22,15,-16,923.6,NA,260,89
2019,3,22,18,-15.9,924.2,5,260,89
2019,3,22,21,-15.7,925,NA,260,90
2019,3,23,0,-14.8,925.2,NA,240,90
2019,3,23,3,-14.5,925.9,3,290,91
2019,3,23,6,-16,926.1,NA,250,89
2019,3,23,9,-17,926,NA,250,88
2019,3,23,12,-16.9,926.9,NA,250,88
2019,3,23,15,-15.9,926.2,NA,10,89
2019,3,23,18,-15,925.4,NA,310,43
2019,3,23,21,-18.1,925.2,NA,250,77
2019,3,24,0,-17.4,925,NA,280,85
2019,3,24,3,-14.2,922.8,NA,20,50
2019,3,24,6,-14.6,920.7,NA,40,46
2019,3,24,9,-16.7,917,NA,20,72
2019,3,24,12,-16.2,915.4,NA,20,89
2019,3,24,15,-13.3,913.3,NA,240,36
2019,3,24,18,-12.3,913,NA,270,31
2019,3,24,21,-15.6,913.4,NA,210,53
2019,3,25,0,-14.9,913.6,NA,310,80
2019,3,25,3,-15.2,913.9,NA,290,55
2019,3,25,6,-14,913.9,NA,250,34
2019,3,25,9,-12.7,914.7,NA,240,58
2019,3,25,12,-10.7,916.2,NA,240,58
2019,3,25,15,-11.7,917.5,NA,250,75
2019,3,25,18,-11.9,920.9,NA,240,82
2019,3,25,21,-12,924.5,NA,NA,90
2019,3,26,0,-12,926.9,NA,NA,83
2019,3,26,3,-10.7,927.9,NA,NA,69
2019,3,26,6,-11.3,929.2,NA,NA,70
2019,3,26,9,-11.7,931.9,NA,310,63
2019,3,26,12,-12.1,931.5,NA,330,78
2019,3,26,15,-12.5,930.4,3,20,92
2019,3,26,18,-12.4,929.5,3,40,92
2019,3,26,21,-13.4,929.2,4,80,91
2019,3,27,0,-12.7,929.2,NA,50,91
2019,3,27,3,-12.2,928.7,2,120,92
2019,3,27,6,-12.5,928.8,1,200,92
2019,3,27,9,-12.2,928.3,2,40,92
2019,3,27,12,-12.3,927.2,NA,40,NA
2019,3,27,15,-12.4,925.3,NA,30,92
2019,3,27,18,-13.9,924.5,NA,50,91
2019,3,27,21,-13.1,923.1,NA,30,92
2019,3,28,0,-12.9,922.4,NA,30,91
2019,3,28,3,-13.5,921.8,NA,260,81
2019,3,28,6,-14.3,920.9,NA,240,92
2019,3,28,9,-14,920.9,NA,250,92
2019,3,28,12,-13,920.8,NA,10,92
2019,3,28,15,-13.6,920.7,NA,250,91
2019,3,28,18,-14.4,921,2,190,91
2019,3,28,21,-15.9,920.9,NA,230,89
2019,3,29,0,-16.1,920.5,NA,220,89
2019,3,29,3,-16.5,919.6,8,220,89
2019,3,29,6,-16.4,919.4,NA,220,89
2019,3,29,9,-16.6,919.7,NA,230,88
2019,3,29,12,-17.1,919.8,NA,220,88
2019,3,29,15,-17.1,919.7,NA,230,88
2019,3,29,18,-17.6,919.5,NA,160,87
2019,3,29,21,-17.5,919.8,NA,320,88
2019,3,30,0,-17.1,920.2,2,60,88
2019,3,30,3,-17.2,920.7,4,60,88
2019,3,30,6,-17.2,921.5,3,50,88
2019,3,30,9,-16.5,922,NA,0,88
2019,3,30,12,-15.8,922.1,0,30,89
2019,3,30,15,-15.6,921.8,NA,NA,89
2019,3,30,18,-17.6,922,1,280,88
2019,3,30,21,-16.1,922.2,3,270,89
2019,3,31,0,-17.3,922.1,NA,260,88
2019,3,31,3,-15.9,921.2,NA,250,90
2019,3,31,6,-17.5,919.1,NA,240,88
2019,3,31,9,-18,917.1,NA,230,87
2019,3,31,12,-18.7,914.3,NA,230,87
2019,3,31,15,-19.8,914.9,NA,230,86
2019,3,31,18,-20.7,915.5,38,240,85
2019,3,31,21,-21,916.6,NA,230,85
2019,4,1,0,-20.7,918.2,NA,230,85
2019,4,1,3,-20.9,918.1,NA,220,85
2019,4,1,6,-21.4,918.5,NA,220,84
2019,4,1,9,-21.7,917.8,NA,230,84
2019,4,1,12,-21.7,917.3,NA,250,84
2019,4,1,15,-22,915.9,9,260,84
2019,4,1,18,-22.1,915.3,10,250,83
2019,4,1,21,-22.3,915.2,NA,240,83
2019,4,2,0,-22.3,915.4,NA,200,83
2019,4,2,3,-22.8,915.4,6,220,83
2019,4,2,6,-23.7,915.8,NA,NA,81
2019,4,2,9,-24,916.3,NA,NA,81
2019,4,2,12,-24.8,916.7,NA,NA,81
2019,4,2,15,-23.8,917.1,NA,NA,81
2019,4,2,18,-23.7,917,NA,NA,82
2019,4,2,21,-22.6,917.1,NA,NA,83
2019,4,3,0,-21.3,917.1,NA,NA,84
2019,4,3,3,-21.3,916.2,NA,NA,84
2019,4,3,6,-20.6,915.2,NA,NA,84
2019,4,3,9,-22,913.8,NA,NA,83
2019,4,3,12,-22.7,913,NA,NA,83
2019,4,3,15,-23.2,911.4,NA,NA,82
2019,4,3,18,-23.9,911.1,NA,NA,82
2019,4,3,21,-24.7,909.9,NA,NA,81
2019,4,4,0,-25.1,909.4,27,NA,80
2019,4,4,3,-26,911.1,26,NA,80
2019,4,4,6,-26.9,912.3,NA,NA,79
2019,4,4,9,-28.2,913.5,NA,NA,77
2019,4,4,12,-29.4,916.3,NA,240,76
2019,4,4,15,-29.7,917.2,NA,230,76
2019,4,4,18,-30.5,917.7,NA,NA,75
2019,4,4,21,-29.8,917.3,NA,NA,75
2019,4,5,0,-30.1,916.4,12,NA,75
2019,4,5,3,-30.3,914.8,NA,NA,75
2019,4,5,6,-31,914.4,NA,NA,74
2019,4,5,9,-30.5,914.4,NA,220,75
2019,4,5,12,-30.9,915.1,NA,240,74
2019,4,5,15,-30.8,915.4,NA,240,74
2019,4,5,18,-30.5,916,NA,320,75
2019,4,5,21,-29.7,916.7,NA,340,75
2019,4,6,0,-29.7,917.6,3,NA,75
2019,4,6,3,-28.7,918.4,3,NA,76
2019,4,6,6,-29.7,918.9,NA,NA,76
2019,4,6,9,-30.2,919.9,2,340,75
2019,4,6,12,-29.1,921,4,340,76
2019,4,6,15,-28.6,921.9,2,340,77
2019,4,6,18,-28.3,922.1,NA,350,77
2019,4,6,21,-25.9,921.5,NA,50,79
2019,4,7,0,-24.9,922.6,NA,60,80
2019,4,7,3,-23.5,923.5,NA,50,82
2019,4,7,6,-23.3,924.5,7,30,82
2019,4,7,9,-24.4,925.4,7,10,81
2019,4,7,12,-24.1,926.4,NA,340,81
2019,4,7,15,-23.2,926.7,NA,360,82
2019,4,7,18,-20.8,927.5,1,350,84
2019,4,7,21,-19.5,928.4,2,290,85
2019,4,8,0,-19.6,929,NA,20,85
2019,4,8,3,-17.9,929.2,NA,0,87
2019,4,8,6,-16,929,NA,270,88
2019,4,8,9,-14.8,928.3,NA,260,81
2019,4,8,12,-15,927,NA,270,51
2019,4,8,15,-17.9,925.5,8,260,78
2019,4,8,18,NA,924.7,11,260,71
2019,4,8,21,-21,924.6,NA,230,85
2019,4,9,0,-21.7,925.5,NA,240,84
2019,4,9,3,-22.3,926.9,NA,250,83
2019,4,9,6,-22.5,927.5,NA,240,83
2019,4,9,9,-23.2,928.4,NA,240,82
2019,4,9,12,-24.5,929.5,NA,230,81
2019,4,9,15,-25,929.4,NA,240,81
2019,4,9,18,-24.8,929.7,NA,170,81
2019,4,9,21,-25.4,929.6,NA,300,80
2019,4,10,0,-25.7,929,2,120,80
2019,4,10,3,-25.8,927.3,0,20,80
2019,4,10,6,-26.5,925.4,0,10,79
2019,4,10,9,-26.3,923.7,1,10,79
2019,4,10,12,-26.2,921.7,0,150,79
2019,4,10,15,-26.1,921,0,210,79
2019,4,10,18,-26.3,920.4,1,300,79
2019,4,10,21,-28.2,920.2,NA,270,78
2019,4,11,0,-26.9,920.1,NA,230,79
2019,4,11,3,-26.9,918.7,NA,230,79
2019,4,11,6,-26.8,919.7,NA,220,79
2019,4,11,9,-27.1,920.7,NA,240,79
2019,4,11,12,-27.1,920.8,NA,260,78
2019,4,11,15,-27.4,920.5,NA,260,78
2019,4,11,18,-27.8,920,NA,250,78
2019,4,11,21,-27.4,919.8,NA,250,78
2019,4,12,0,-26.6,919.9,NA,260,79
2019,4,12,3,-26.7,919.2,NA,240,78
2019,4,12,6,-27.3,918.8,NA,320,78
2019,4,12,9,-27.9,918.3,1,340,78
2019,4,12,12,-28.2,918.2,3,0,77
2019,4,12,15,-28.8,917.9,3,10,76
2019,4,12,18,-27.7,917.5,2,310,77
2019,4,12,21,-25.9,917.7,1,260,79
2019,4,13,0,-24.7,918.1,2,330,81
2019,4,13,3,-23.7,917.3,3,300,63
2019,4,13,6,-24.2,916.7,NA,340,63
2019,4,13,9,-24.4,915.8,NA,10,64
2019,4,13,12,-23,915.1,10,360,44
2019,4,13,15,-21.2,914,NA,0,37
2019,4,13,18,-22,913.2,NA,20,40
2019,4,13,21,-21.9,912.4,NA,30,39
2019,4,14,0,-22.2,912.3,11,40,NA
2019,4,14,3,-22.3,912.5,NA,30,83
2019,4,14,6,-22.4,913.2,NA,20,83
2019,4,14,9,-22.2,914.2,NA,350,84
2019,4,14,12,-23.1,915.8,NA,260,83
2019,4,14,15,-24.7,916.8,NA,240,81
2019,4,14,18,-24.7,918.7,NA,230,81
2019,4,14,21,-26.9,920.4,NA,210,79
2019,4,15,0,-28.4,921.6,NA,230,77
2019,4,15,3,-28.4,923.3,NA,240,77
2019,4,15,6,-28.6,925.3,NA,240,77
2019,4,15,9,-28.7,926.7,NA,230,76
2019,4,15,12,-27.7,928,NA,240,66
2019,4,15,15,-26.9,928.1,NA,250,58
2019,4,15,18,-26.1,928.2,NA,240,75
2019,4,15,21,-23.9,928.7,NA,140,63
2019,4,16,0,-22.8,928.9,NA,230,45
2019,4,16,3,-19.7,927.8,NA,250,34
2019,4,16,6,-19.1,928.4,8,250,30
2019,4,16,9,-17.9,928.5,NA,240,29
2019,4,16,12,-15.5,928.3,NA,240,38
2019,4,16,15,-14.4,928.3,NA,280,34
2019,4,16,18,-12.8,927.2,NA,330,26
2019,4,16,21,NA,929.9,NA,210,86
2019,4,17,0,NA,930.5,NA,220,85
2019,4,17,3,-21.1,932.4,NA,230,79
2019,4,17,6,-21.3,933.3,NA,270,84
2019,4,17,9,-20.6,933.6,NA,0,83
2019,4,17,12,-19.8,932.9,NA,20,49
2019,4,17,15,-21.1,931.6,NA,340,85
2019,4,17,18,-20.9,930.7,NA,270,60
2019,4,17,21,-22.4,929.5,NA,360,83
2019,4,18,0,-21.7,928.1,NA,0,84
2019,4,18,3,-22.1,926,NA,240,83
2019,4,18,6,-19.9,924.8,NA,240,49
2019,4,18,9,-17.6,923.9,NA,250,42
2019,4,18,12,-16.9,922.6,NA,240,45
2019,4,18,15,-14.3,921.3,NA,NA,41
2019,4,18,18,-14.6,920.1,NA,NA,52
2019,4,18,21,-13.7,919.3,NA,NA,51
2019,4,19,0,-12.9,918.4,NA,90,46
2019,4,19,3,-12.5,915.7,NA,270,38
2019,4,19,6,-13.6,913.6,NA,10,45
2019,4,19,9,-12.9,910.9,6,290,51
2019,4,19,12,-13.7,909.8,5,250,49
2019,4,19,15,-15.1,910,4,240,60
2019,4,19,18,-13.1,909.6,NA,250,44
2019,4,19,21,-15.9,910.9,NA,210,81
2019,4,20,0,-14.5,911.6,NA,240,73
2019,4,20,3,-12.3,911.8,NA,NA,77
2019,4,20,6,-11.7,911.9,NA,NA,81
2019,4,20,9,-11.9,912.7,NA,NA,70
2019,4,20,12,-13.7,912.4,NA,NA,91
2019,4,20,15,-14.6,918.4,NA,NA,89
2019,4,20,18,-13.9,921.7,NA,NA,82
2019,4,20,21,-12.7,923.7,NA,230,72
2019,4,21,0,-12.8,925,NA,240,80
2019,4,21,3,-12.6,926.6,NA,240,70
2019,4,21,6,-13.5,926.9,NA,230,72
2019,4,21,9,-11.6,928.7,NA,260,53
2019,4,21,12,-12.5,927.7,NA,340,53
2019,4,21,15,-12.7,926.8,NA,240,48
2019,4,21,18,-13.5,926.2,3,20,58
2019,4,21,21,-14.2,925.4,NA,350,58
2019,4,22,0,-12.9,924.9,NA,20,57
2019,4,22,3,-16.4,924.4,NA,30,80
2019,4,22,6,-16.8,923.4,NA,20,79
2019,4,22,9,-16.3,923,4,0,71
2019,4,22,12,-17.7,921.7,6,20,83
2019,4,22,15,-18.4,920.3,8,10,82
2019,4,22,18,-18.2,918.5,NA,350,87
2019,4,22,21,-20.8,917.9,4,280,85
2019,4,23,0,-20.7,917,3,310,84
2019,4,23,3,-21.1,915.6,NA,10,84
2019,4,23,6,-22.6,914.2,NA,250,82
2019,4,23,9,-23.7,912.8,4,290,82
2019,4,23,12,-24.6,911.8,2,280,80
2019,4,23,15,-23.5,910,0,20,81
2019,4,23,18,-21.2,908.2,4,250,84
2019,4,23,21,-20.1,907.7,NA,240,83
2019,4,24,0,-18.1,907.7,NA,10,36
2019,4,24,3,-18,906.7,NA,240,40
2019,4,24,6,-16,906.3,NA,240,38
2019,4,24,9,-15.8,906.6,NA,260,52
2019,4,24,12,-14.1,907.2,NA,250,58
2019,4,24,15,-13.2,907.3,NA,240,82
2019,4,24,18,-13.3,909.1,NA,250,88
2019,4,24,21,-12.8,909,NA,230,90
2019,4,25,0,-12.3,910.4,NA,230,92
2019,4,25,3,-12.3,910.1,NA,240,84
2019,4,25,6,-14,913.8,NA,220,91
2019,4,25,9,-12.7,913.3,NA,250,68
2019,4,25,12,-12.7,915.1,NA,240,64
2019,4,25,15,-13.9,917,NA,220,75
2019,4,25,18,-14,917.7,NA,230,73
2019,4,25,21,-15.9,918,NA,240,89
2019,4,26,0,-14.6,919.4,NA,240,74
2019,4,26,3,-12.5,920,NA,350,60
2019,4,26,6,-16.7,920.8,NA,80,88
2019,4,26,9,-16.1,921.9,NA,240,88
2019,4,26,12,-17.5,923.3,NA,270,88
2019,4,26,15,-17.6,923.8,NA,70,87
2019,4,26,18,-17.9,924.7,2,250,88
2019,4,26,21,-17.9,925.2,3,100,87
2019,4,27,0,-18.6,925.3,2,240,87
2019,4,27,3,-18.1,924.5,0,30,87
2019,4,27,6,-18.1,924.3,2,60,87
2019,4,27,9,-18.4,924.1,4,240,87
2019,4,27,12,-18.3,923.5,NA,240,87
2019,4,27,15,-18.7,922.2,8,220,87
2019,4,27,18,-19.2,922.4,6,240,86
2019,4,27,21,-19.4,922,7,250,86
2019,4,28,0,-21.2,921.2,NA,230,84
2019,4,28,3,-22.5,921.1,NA,240,83
2019,4,28,6,-22.8,922,NA,NA,83
2019,4,28,9,-22.4,922.2,34,NA,83
2019,4,28,12,-22.6,922.1,NA,NA,83
2019,4,28,15,-22.2,923.5,NA,NA,83
2019,4,28,18,-22.2,924.3,NA,NA,83
2019,4,28,21,-21.6,923.9,NA,NA,84
2019,4,29,0,-20.5,923,NA,240,84
2019,4,29,3,-20.2,924.7,NA,230,75
2019,4,29,6,-19.9,926.7,NA,230,79
2019,4,29,9,-19.3,927.2,NA,240,80
2019,4,29,12,-18.3,927.4,NA,230,66
2019,4,29,15,-19.5,927.1,NA,280,84
2019,4,29,18,-19.5,926.6,NA,40,70
2019,4,29,21,-19.7,925.9,NA,290,60
2019,4,30,0,-18.1,925.3,NA,0,52
2019,4,30,3,-19,924.3,2,280,56
2019,4,30,6,-19.1,923.7,2,0,58
2019,4,30,9,-20.4,922.5,NA,10,68
2019,4,30,12,-21.1,920.8,NA,40,75
2019,4,30,15,-21.7,919.3,NA,40,83
2019,4,30,18,-21.7,918.3,NA,70,83
2019,4,30,21,-23.1,917.6,4,270,82
2019,5,1,0,-23.4,917,NA,250,82
2019,5,1,3,-23.3,916.4,NA,240,82
2019,5,1,6,-24,916.4,NA,230,82
2019,5,1,9,-24.5,917.2,NA,230,81
2019,5,1,12,-24.8,917.4,NA,240,81
2019,5,1,15,-24.9,917.5,NA,240,81
2019,5,1,18,-25,917.4,NA,240,80
2019,5,1,21,-25,916.7,NA,350,80
2019,5,2,0,-24.7,914.9,NA,240,80
2019,5,2,3,-23.6,913,NA,240,82
2019,5,2,6,-22.2,911.3,NA,230,83
2019,5,2,9,-21.1,909.5,NA,250,68
2019,5,2,12,-20.4,908,NA,50,67
2019,5,2,15,-20.2,906.2,3,270,51
2019,5,2,18,-23.5,904.7,3,240,70
2019,5,2,21,NA,902.7,2,30,80
2019,5,3,0,-25.4,901.9,5,60,80
2019,5,3,3,-24.8,901.8,NA,10,80
2019,5,3,6,-25.4,901.2,4,350,80
2019,5,3,9,-26.8,902,5,30,78
2019,5,3,12,-26.1,902.6,2,10,79
2019,5,3,15,-26.5,903.3,6,20,79
2019,5,3,18,-27.3,903.9,4,40,79
2019,5,3,21,-27.3,905,6,20,75
2019,5,4,0,-26.3,906.3,NA,350,64
2019,5,4,3,-24.6,907.3,NA,280,51
2019,5,4,6,NA,907.9,NA,240,42
2019,5,4,9,-21.9,909.9,NA,230,52
2019,5,4,12,-21.2,904,NA,250,84
2019,5,4,15,-23.7,907.8,55,230,82
2019,5,4,18,-22.8,908.8,NA,240,83
2019,5,4,21,-21.4,911.5,51,240,84
2019,5,5,0,-21.2,913.5,NA,230,84
2019,5,5,3,-19.8,914.4,NA,NA,77
2019,5,5,6,-18,915.1,NA,NA,79
2019,5,5,9,-16.5,916,59,NA,81
2019,5,5,12,-15.4,920.3,NA,NA,81
2019,5,5,15,-13.3,919.5,NA,240,56
2019,5,5,18,-18,921.5,NA,230,87
2019,5,5,21,NA,923.3,NA,240,86
2019,5,6,0,-16.6,926.4,NA,240,66
2019,5,6,3,-14.5,927.5,NA,240,51
2019,5,6,6,-15.7,930.4,NA,230,60
2019,5,6,9,-17.4,931.7,NA,220,88
2019,5,6,12,-17.7,931.6,NA,250,88
2019,5,6,15,-17.8,932.3,NA,230,82
2019,5,6,18,-17.9,932.2,NA,230,78
2019,5,6,21,-16.6,932.7,NA,300,52
2019,5,7,0,-17.8,932.5,NA,340,58
2019,5,7,3,-17.7,932.7,NA,10,47
2019,5,7,6,-18.8,931.5,NA,10,51
2019,5,7,9,-18.6,929.3,NA,20,50
2019,5,7,12,-17.3,926.5,NA,340,44
2019,5,7,15,-19.5,924.2,NA,250,62
2019,5,7,18,-19.3,923.1,NA,250,58
2019,5,7,21,-20.4,922.9,NA,250,85
2019,5,8,0,-20.1,924.5,NA,260,74
2019,5,8,3,-21.4,923.1,NA,230,77
2019,5,8,6,-21.2,922.4,NA,240,67
2019,5,8,9,-20.7,922.1,NA,220,61
2019,5,8,12,-20.5,921.4,NA,20,58
2019,5,8,15,-20.3,920.1,NA,40,52
2019,5,8,18,-20.7,919,NA,10,54
2019,5,8,21,-19.6,919.4,NA,280,47
2019,5,9,0,-22.4,919.1,NA,230,71
2019,5,9,3,-24,918.4,NA,260,82
2019,5,9,6,-23.7,918.3,NA,240,81
2019,5,9,9,-22.8,917.6,NA,310,59
2019,5,9,12,-24.7,917.2,4,20,77
2019,5,9,15,-23.9,917.3,4,250,71
2019,5,9,18,-23.4,916.9,NA,290,57
2019,5,9,21,-22.1,917.1,7,240,43
2019,5,10,0,-21,916.4,NA,220,39
2019,5,10,3,-20.2,916.4,NA,250,35
2019,5,10,6,-18.1,917.2,NA,240,30
2019,5,10,9,-16.2,917.3,NA,250,31
2019,5,10,12,-15.9,917.9,NA,220,65
2019,5,10,15,-16.9,918.6,NA,230,88
2019,5,10,18,-17.1,918.7,NA,240,88
2019,5,10,21,-16.2,919.6,NA,210,88
2019,5,11,0,-16.3,920.1,NA,210,89
2019,5,11,3,-17,920.1,NA,260,79
2019,5,11,6,-15.8,919.3,NA,270,66
2019,5,11,9,-16.4,918.7,NA,300,63
2019,5,11,12,-15.7,918.2,4,0,60
2019,5,11,15,-15.8,916.4,NA,350,59
2019,5,11,18,-14.2,915.3,NA,340,44
2019,5,11,21,-14.1,914.6,NA,10,42
2019,5,12,0,-14.4,914.3,8,10,41
2019,5,12,3,-13.9,914.1,NA,300,39
2019,5,12,6,-17.5,914.3,NA,250,50
2019,5,12,9,NA,914.9,NA,230,83
2019,5,12,12,NA,916,NA,250,84
2019,5,12,15,-21.9,916.8,NA,260,83
2019,5,12,18,-23.3,916.9,NA,240,82
2019,5,12,21,-23.4,917.6,NA,240,82
2019,5,13,0,-23.7,918.7,NA,250,82
2019,5,13,3,-24.1,919,NA,230,81
2019,5,13,6,-24.6,918.6,NA,240,80
2019,5,13,9,-25.4,919.2,NA,260,80
2019,5,13,12,-26.1,919.9,NA,250,79
2019,5,13,15,-25.2,920,5,240,80
2019,5,13,18,-25.2,920.2,4,230,80
2019,5,13,21,-25.9,920.3,4,240,79
2019,5,14,0,-25.8,920.8,3,250,79
2019,5,14,3,-25.4,920.3,5,280,79
2019,5,14,6,-26.3,920.3,7,250,79
2019,5,14,9,-26.5,920.2,7,260,79
2019,5,14,12,-26.5,920.1,NA,280,78
2019,5,14,15,-27.2,919.6,NA,290,78
2019,5,14,18,-26.1,919.3,0,340,79
2019,5,14,21,-25.4,919.1,NA,NA,80
2019,5,15,0,-23.6,919.1,0,10,81
2019,5,15,3,-23.3,919.3,0,300,82
2019,5,15,6,-22.4,919.2,NA,NA,82
2019,5,15,9,-22.9,918.7,NA,0,47
2019,5,15,12,-22.9,918.4,NA,20,43
2019,5,15,15,-23.1,918.2,5,0,42
2019,5,15,18,-23.6,918,NA,240,43
2019,5,15,21,-23.2,918,2,300,44
2019,5,16,0,-24.6,917.7,3,10,47
2019,5,16,3,-24.5,916.8,1,280,47
2019,5,16,6,-23.3,916.1,2,240,44
2019,5,16,9,-22.4,915.7,3,270,41
2019,5,16,12,-23.1,915.6,2,290,41
2019,5,16,15,-22.7,915.7,2,270,42
2019,5,16,18,-23.7,916.1,NA,250,50
2019,5,16,21,-22.6,916.8,NA,260,39
2019,5,17,0,-23.6,917.2,NA,230,43
2019,5,17,3,-22.4,917.3,4,310,43
2019,5,17,6,-23.4,918.1,NA,240,44
2019,5,17,9,-25.8,918.7,NA,250,55
2019,5,17,12,-25.2,919.4,NA,240,79
2019,5,17,15,-24.4,919.2,NA,240,81
2019,5,17,18,-28.1,918.8,NA,230,77
2019,5,17,21,-27.4,918.7,NA,210,78
2019,5,18,0,-26.9,917.7,NA,240,78
2019,5,18,3,-27,918.2,NA,240,78
2019,5,18,6,-25.7,917.1,NA,240,80
2019,5,18,9,-25.9,916.8,17,250,79
2019,5,18,12,-25,915.9,15,240,80
2019,5,18,15,-24.7,914.9,18,230,80
2019,5,18,18,-25,914.8,NA,220,80
2019,5,18,21,-25.3,912.2,NA,230,79
2019,5,19,0,-26.5,912,NA,230,79
2019,5,19,3,-26.3,913.2,NA,210,79
2019,5,19,6,-25.9,911.5,NA,230,79
2019,5,19,9,-24.8,909.7,NA,230,81
2019,5,19,12,-22.2,908.1,NA,NA,81
2019,5,19,15,-21,906.1,NA,NA,75
2019,5,19,18,-19.7,905.5,58,NA,82
2019,5,19,21,-19,902.5,60,NA,82
2019,5,20,0,-18,902.1,NA,NA,87
2019,5,20,3,-17.2,903.2,NA,NA,88
2019,5,20,6,-17,900.1,NA,240,89
2019,5,20,9,-15.7,903.5,NA,NA,89
2019,5,20,12,-16.3,904.4,NA,NA,89
2019,5,20,15,-16,904,NA,NA,88
2019,5,20,18,-14.3,901.4,NA,NA,90
2019,5,20,21,-14.6,900.2,NA,240,90
2019,5,21,0,-14.5,902.9,NA,240,90
2019,5,21,3,-13.8,904.3,NA,230,91
2019,5,21,6,-13.5,904.2,NA,230,90
2019,5,21,9,-13.6,907.5,NA,230,91
2019,5,21,12,-13.4,908.9,NA,240,91
2019,5,21,15,-13.3,910.1,50,240,90
2019,5,21,18,-13.7,912.9,NA,240,91
2019,5,21,21,-13,914.7,NA,230,75
2019,5,22,0,-14.1,916,NA,220,81
2019,5,22,3,-15.1,916.5,NA,340,91
2019,5,22,6,-15.5,916.8,NA,30,90
2019,5,22,9,-15.1,917.1,NA,20,90
2019,5,22,12,-15.2,918.9,NA,40,90
2019,5,22,15,-15.9,921.3,NA,30,89
2019,5,22,18,-15.2,924.3,NA,60,90
2019,5,22,21,-17.2,927.6,3,250,88
2019,5,23,0,-17.3,930.2,NA,240,88
2019,5,23,3,-17.2,932.8,NA,240,88
2019,5,23,6,-19.1,933.5,NA,230,86
2019,5,23,9,-19.1,935.4,NA,250,86
2019,5,23,12,-19.8,936.3,NA,250,86
2019,5,23,15,-19.7,937.8,15,250,86
2019,5,23,18,-19.4,938.4,NA,240,86
2019,5,23,21,-19.2,939.8,NA,260,86
2019,5,24,0,-18.5,939.7,NA,250,87
2019,5,24,3,-19.4,939.2,14,250,86
2019,5,24,6,-18.8,939.1,16,240,86
2019,5,24,9,-19.5,939.2,15,250,86
2019,5,24,12,-19.7,938.5,13,250,85
2019,5,24,15,-20.1,938.6,NA,260,85
2019,5,24,18,-19.6,938.1,10,240,86
2019,5,24,21,-20.5,938.4,9,250,85
2019,5,25,0,-20.5,938.9,NA,250,84
2019,5,25,3,-20,939.3,NA,220,85
2019,5,25,6,-20.5,939.3,9,230,84
2019,5,25,9,-20.6,939.4,9,230,84
2019,5,25,12,-22,939.7,NA,230,83
2019,5,25,15,-21.9,939.3,10,240,83
2019,5,25,18,-22.9,938.8,NA,240,82
2019,5,25,21,-23.8,938.6,NA,230,82
2019,5,26,0,-23.5,939,NA,220,82
2019,5,26,3,-24,938.2,NA,220,81
2019,5,26,6,-24.5,937.9,NA,230,81
2019,5,26,9,-23.5,937.9,NA,240,81
2019,5,26,12,-23.5,938.1,NA,240,82
2019,5,26,15,-23.5,939.1,NA,210,82
2019,5,26,18,-25.1,938.2,8,230,80
2019,5,26,21,-25.7,939.3,NA,250,79
2019,5,27,0,-26.4,939.3,NA,340,79
2019,5,27,3,-26.6,939.4,0,320,78
2019,5,27,6,-26.2,939.2,NA,240,79
2019,5,27,9,-25.4,939.7,NA,230,79
2019,5,27,12,-24.6,940.3,NA,220,80
2019,5,27,15,-24.4,939.5,NA,310,80
2019,5,27,18,-23.9,938.8,NA,230,81
2019,5,27,21,-22.8,938.6,NA,230,82
2019,5,28,0,-21.8,938.7,NA,240,83
2019,5,28,3,-21.4,938.5,15,NA,84
2019,5,28,6,-20.7,939.2,13,NA,84
2019,5,28,9,-19.8,939.3,17,220,85
2019,5,28,12,-17.7,939.4,NA,240,88
2019,5,28,15,-17.5,939.9,NA,230,63
2019,5,28,18,-16.4,939.5,NA,240,68
2019,5,28,21,-16.2,940.2,NA,NA,63
2019,5,29,0,-17.8,940.9,NA,NA,73
2019,5,29,3,-18.5,942.7,NA,NA,86
2019,5,29,6,-16.7,943.1,NA,270,62
2019,5,29,9,-16.7,943,NA,300,64
2019,5,29,12,-14.9,943.6,NA,10,53
2019,5,29,15,-16.7,943,NA,10,62
2019,5,29,18,-15.6,942.2,NA,340,38
2019,5,29,21,-14.2,941.8,NA,350,24
2019,5,30,0,-15.3,942.1,NA,30,26
2019,5,30,3,-15,942.1,NA,10,27
2019,5,30,6,-16.2,941.4,NA,40,33
2019,5,30,9,-17.2,940.4,NA,30,67
2019,5,30,12,-15.6,938.7,NA,30,72
2019,5,30,15,-16.6,937.7,NA,30,79
2019,5,30,18,-15,935.1,NA,40,73
2019,5,30,21,-17.1,934.5,NA,20,89
2019,5,31,0,-15.9,936.1,NA,40,77
2019,5,31,3,-18.2,937.2,NA,300,81
2019,5,31,6,-17.7,937.9,NA,280,87
2019,5,31,9,-18.2,938.2,4,270,87
2019,5,31,12,-17.3,937.6,2,250,87
2019,5,31,15,-17.7,938.1,NA,250,83
2019,5,31,18,-18,938.5,NA,250,83
2019,5,31,21,-17,939.5,NA,240,80
2019,6,1,0,-18.1,939.3,3,50,75
2019,6,1,3,-17.5,939.9,2,250,76
2019,6,1,6,-17.2,940.8,NA,240,76
2019,6,1,9,-16.3,941.5,NA,10,45
2019,6,1,12,-16.4,941.2,7,350,50
2019,6,1,15,-17.8,940.6,3,40,71
2019,6,1,18,-18.9,939.1,4,10,86
2019,6,1,21,-18.5,938,NA,50,86
2019,6,2,0,-17.9,936,4,40,87
2019,6,2,3,-18.5,933.8,6,40,86
2019,6,2,6,-18.7,932.2,NA,40,86
2019,6,2,9,-19.2,930.6,NA,70,86
2019,6,2,12,-19.4,928.6,1,60,86
2019,6,2,15,-19.6,926.9,NA,NA,85
2019,6,2,18,-21.1,925,NA,240,84
2019,6,2,21,-20.3,925.3,NA,220,85
2019,6,3,0,-23.8,925,6,240,82
2019,6,3,3,-24.2,925.9,NA,240,81
2019,6,3,6,-25.5,926.4,9,230,80
2019,6,3,9,-26,926.9,6,230,79
2019,6,3,12,-26.8,926.8,NA,210,79
2019,6,3,15,-27.3,925.5,3,250,78
2019,6,3,18,-27.2,924.4,NA,0,78
2019,6,3,21,-26.8,923.2,2,70,78
2019,6,4,0,-26.8,921.5,2,50,78
2019,6,4,3,-27.2,919.5,2,40,78
2019,6,4,6,-26.4,917.2,4,30,79
2019,6,4,9,-26.6,916.2,2,40,79
2019,6,4,12,-26.7,914.7,2,40,79
2019,6,4,15,-27.1,912.6,1,20,78
2019,6,4,18,-26.3,910.4,3,40,79
2019,6,4,21,-25.9,908.6,3,40,79
2019,6,5,0,-26.2,907.6,NA,NA,79
2019,6,5,3,-26.4,907.2,2,190,79
2019,6,5,6,NA,906.5,NA,250,74
2019,6,5,9,-27.6,907.1,NA,230,78
2019,6,5,12,-28.9,906.8,NA,NA,76
2019,6,5,15,-30.5,906.4,NA,NA,75
2019,6,5,18,-31.5,903.5,NA,NA,74
2019,6,5,21,-31.1,902.4,NA,NA,74
2019,6,6,0,-30.5,903,NA,NA,75
2019,6,6,3,-29.5,901.5,NA,NA,76
2019,6,6,6,-28.9,901.3,NA,NA,76
2019,6,6,9,-29.1,900.7,NA,NA,77
2019,6,6,12,-28.7,902.5,NA,NA,77
2019,6,6,15,-28.3,907.7,NA,NA,77
2019,6,6,18,-26.6,908.1,NA,NA,74
2019,6,6,21,-27.5,911.1,NA,230,78
2019,6,7,0,-25.4,910.5,NA,NA,49
2019,6,7,3,-25.7,910.6,NA,NA,66
2019,6,7,6,-24.1,912.7,NA,NA,60
2019,6,7,9,-24.4,913.5,NA,230,53
2019,6,7,12,-24.9,915.8,NA,240,50
2019,6,7,15,-25.1,916.1,NA,220,78
2019,6,7,18,-26.3,916.5,NA,0,79
2019,6,7,21,-25.4,916.3,NA,40,64
2019,6,8,0,-26.7,916.4,NA,20,72
2019,6,8,3,-26,915.7,NA,40,79
2019,6,8,6,-26.6,916,8,20,NA
2019,6,8,9,-27.6,915.7,NA,270,79
2019,6,8,12,-28.3,915.1,NA,260,77
2019,6,8,15,-28.3,915,9,260,77
2019,6,8,18,-29.6,914.8,10,260,77
2019,6,8,21,-28.8,913.6,NA,230,77
2019,6,9,0,-29.1,912,NA,240,76
2019,6,9,3,-28.2,911.3,19,240,77
2019,6,9,6,-27.3,911.3,20,NA,77
2019,6,9,9,-26.9,910.3,18,NA,79
2019,6,9,12,-25.2,908.5,NA,240,63
2019,6,9,15,-24.4,907,NA,230,73
2019,6,9,18,-23.5,906.4,NA,230,67
2019,6,9,21,-21.8,904.3,NA,240,68
2019,6,10,0,-21.6,902.7,NA,NA,69
2019,6,10,3,-21,899.5,NA,NA,64
2019,6,10,6,-20.8,897.9,NA,NA,60
2019,6,10,9,-20.6,894.6,NA,270,64
2019,6,10,12,-20,892.5,4,310,76
2019,6,10,15,-20,890.4,4,290,69
2019,6,10,18,-19.8,890,5,330,69
2019,6,10,21,-19.5,890.8,2,330,62
2019,6,11,0,-18.6,891.4,3,310,49
2019,6,11,3,-16.5,891.2,NA,350,37
2019,6,11,6,-16.3,892.1,NA,360,39
2019,6,11,9,-16.5,892.7,NA,320,38
2019,6,11,12,-16,893.2,4,290,32
2019,6,11,15,-17.9,894.7,NA,250,47
2019,6,11,18,-15.9,897.3,NA,260,33
2019,6,11,21,-18.6,900.1,NA,240,51
2019,6,12,0,-17.4,901.5,NA,240,46
2019,6,12,3,-16.8,902.9,NA,250,57
2019,6,12,6,-15.8,904.3,NA,250,67
2019,6,12,9,-15.6,905.1,NA,310,53
2019,6,12,12,-17.7,904.1,NA,20,55
2019,6,12,15,-18.6,904.2,NA,30,48
2019,6,12,18,-19.2,905.7,NA,270,66
2019,6,12,21,-17.5,907.1,NA,10,42
2019,6,13,0,-19.7,908,NA,20,49
2019,6,13,3,-19.4,909.4,NA,310,64
2019,6,13,6,-23.8,910.2,NA,230,82
2019,6,13,9,NA,910.5,NA,230,80
2019,6,13,12,-25.9,910.7,22,240,79
2019,6,13,15,-25.7,911,NA,250,79
2019,6,13,18,-26.2,911.3,NA,240,79
2019,6,13,21,-26.7,911.2,21,240,78
2019,6,14,0,-26.7,911.8,NA,260,79
2019,6,14,3,-25.1,911.5,NA,150,80
2019,6,14,6,-25.3,911.2,NA,150,80
2019,6,14,9,-24,910.4,NA,50,81
2019,6,14,12,-23.4,910.3,NA,30,82
2019,6,14,15,-24.1,910.5,NA,20,81
2019,6,14,18,-23.7,910.3,NA,240,82
2019,6,14,21,-22.7,910.3,NA,250,82
2019,6,15,0,-24.8,911.6,NA,260,80
2019,6,15,3,-24.7,913,NA,260,81
2019,6,15,6,-25.4,913.9,NA,280,79
2019,6,15,9,-22.2,914.7,NA,140,83
2019,6,15,12,-24.2,914.1,3,290,82
2019,6,15,15,-23.9,913.2,NA,240,81
2019,6,15,18,-24.7,912.3,NA,210,80
2019,6,15,21,-27.7,912.7,NA,220,78
2019,6,16,0,-29.4,913.5,NA,240,76
2019,6,16,3,-32.6,915.7,NA,230,72
2019,6,16,6,-33.8,918.3,NA,220,71
2019,6,16,9,-32.8,922,NA,50,72
2019,6,16,12,-31.5,922.3,NA,10,73
2019,6,16,15,NA,921.9,NA,30,77
2019,6,16,18,NA,920.4,NA,30,30
2019,6,16,21,NA,918.4,NA,30,21
2019,6,17,0,NA,916.1,NA,0,18
2019,6,17,3,-14.4,914,NA,270,23
2019,6,17,6,-17.7,912.3,NA,250,24
2019,6,17,9,-16.5,911.7,NA,230,22
2019,6,17,12,-19.5,910.5,NA,80,38
2019,6,17,15,-19.5,907.8,NA,20,37
2019,6,17,18,-19.9,907,NA,0,38
2019,6,17,21,-20.5,908.5,NA,30,43
2019,6,18,0,-22.7,911,NA,10,74
2019,6,18,3,-24.8,913.1,NA,250,68
2019,6,18,6,-26.9,914.9,NA,230,79
2019,6,18,9,-27.9,916.7,NA,230,75
2019,6,18,12,-29.2,919,NA,240,76
2019,6,18,15,-30.3,920.1,NA,230,74
2019,6,18,18,-31.5,920.7,NA,210,74
2019,6,18,21,-32.6,920,NA,330,72
2019,6,19,0,-32.3,918.2,7,50,72
2019,6,19,3,-32.6,916.1,10,60,72
2019,6,19,6,-34,913.9,NA,10,71
2019,6,19,9,-33.5,912.6,6,20,72
2019,6,19,12,-33.4,913.3,NA,250,71
2019,6,19,15,-34.6,912.4,NA,260,70
2019,6,19,18,-33.3,912.6,NA,320,71
2019,6,19,21,-33.4,913.8,NA,260,71
2019,6,20,0,-33.1,916,NA,260,72
2019,6,20,3,-35.5,918.3,6,260,69
2019,6,20,6,-32.7,919.7,NA,240,72
2019,6,20,9,-32.2,920.1,NA,300,72
2019,6,20,12,-31.5,919,NA,340,72
2019,6,20,15,-31.5,917.8,NA,40,60
2019,6,20,18,-32.3,916,NA,20,55
2019,6,20,21,-32,915,NA,70,61
2019,6,21,0,-32.1,913.9,NA,20,NA
2019,6,21,3,-33.2,913,NA,350,71
2019,6,21,6,-33.3,911.5,3,340,67
2019,6,21,9,-33.3,909.9,2,360,71
2019,6,21,12,-34,908.1,3,360,70
2019,6,21,15,-34.8,905.9,4,20,69
2019,6,21,18,-35.2,903.8,2,320,69
2019,6,21,21,-34.6,902.4,2,280,69
2019,6,22,0,-35.3,902,NA,240,69
2019,6,22,3,-36.6,902.2,NA,250,67
2019,6,22,6,-36.2,903.4,NA,230,68
2019,6,22,9,-36.5,905.2,NA,230,68
2019,6,22,12,-36.3,907.8,NA,240,68
2019,6,22,15,-36.9,909.3,NA,250,67
2019,6,22,18,-36.8,909.6,NA,NA,66
2019,6,22,21,-36.4,909.2,NA,NA,57
2019,6,23,0,-36.3,908.8,NA,NA,51
2019,6,23,3,-35.9,907,NA,230,54
2019,6,23,6,-35.2,906.6,NA,NA,46
2019,6,23,9,-34.4,906,NA,NA,56
2019,6,23,12,-31.5,904.8,NA,NA,56
2019,6,23,15,-31.2,903.6,NA,240,65
2019,6,23,18,-30.4,901.4,NA,NA,62
2019,6,23,21,-29.2,900.5,NA,NA,58
2019,6,24,0,-27,900.5,NA,NA,51
2019,6,24,3,-24.4,903.1,NA,230,56
2019,6,24,6,-22.1,900.6,NA,250,65
2019,6,24,9,-23.2,897.4,NA,NA,77
2019,6,24,12,-25.1,898.3,NA,NA,80
2019,6,24,15,-25.3,897.5,NA,NA,80
2019,6,24,18,-24.8,897.6,56,NA,81
2019,6,24,21,-21.9,895.2,NA,NA,71
2019,6,25,0,-20,895,NA,NA,53
2019,6,25,3,-19,895,NA,240,38
2019,6,25,6,-18.2,893.3,NA,150,64
2019,6,25,9,-16.3,891.6,NA,240,27
2019,6,25,12,-19.7,891.7,NA,250,45
2019,6,25,15,NA,889.4,NA,240,39
2019,6,25,18,-14.8,889,NA,250,58
2019,6,25,21,-15.5,886.3,NA,240,90
2019,6,26,0,-17.2,888.4,52,240,89
2019,6,26,3,-18.3,892.5,NA,240,88
2019,6,26,6,-19.5,891.2,NA,NA,87
2019,6,26,9,-17.8,893.7,NA,NA,86
2019,6,26,12,-14.7,894,NA,NA,43
2019,6,26,15,-15.1,893,NA,220,54
2019,6,26,18,-16.3,892.1,NA,160,80
2019,6,26,21,-17,893.2,NA,220,88
2019,6,27,0,-19.4,893.3,NA,240,86
2019,6,27,3,-18.9,894.9,NA,NA,86
2019,6,27,6,-20.7,894.5,NA,NA,85
2019,6,27,9,-19.2,899.2,51,NA,86
2019,6,27,12,-18.4,899.9,NA,NA,87
2019,6,27,15,-15.3,901.7,NA,NA,46
2019,6,27,18,-14.3,903,NA,230,35
2019,6,27,21,-16.7,904.8,NA,230,57
2019,6,28,0,-18.3,906,NA,240,64
2019,6,28,3,-17.1,904.3,NA,50,61
2019,6,28,6,-17.9,903.3,NA,50,79
2019,6,28,9,-20.1,903.7,NA,40,85
2019,6,28,12,-20,904,NA,60,85
2019,6,28,15,-21.5,904.7,NA,240,84
2019,6,28,18,-21.3,905,NA,40,84
2019,6,28,21,-21.5,905.2,3,40,84
2019,6,29,0,-22.1,905.5,3,10,83
2019,6,29,3,-22.5,906,1,260,83
2019,6,29,6,-22.3,907.3,3,250,83
2019,6,29,9,-21.7,908.7,0,340,83
2019,6,29,12,-22.4,909.9,2,280,83
2019,6,29,15,-21.1,910.8,NA,240,85
2019,6,29,18,-18.7,911.3,NA,240,84
2019,6,29,21,-19.6,911.1,NA,230,86
2019,6,30,0,-21.3,911.8,NA,230,84
2019,6,30,3,-21.5,909.9,NA,10,84
2019,6,30,6,-22.1,906.7,NA,40,83
2019,6,30,9,-23.5,903.2,NA,0,82
2019,6,30,12,-23.1,903.5,NA,230,82
2019,6,30,15,-24.2,903.4,NA,230,81
2019,6,30,18,-24.7,903.2,NA,0,81
2019,6,30,21,-24.6,902.7,NA,60,81
2019,7,1,0,-21.5,904.4,1,200,84
2019,7,1,3,-21,905.4,0,260,84
2019,7,1,6,-20.6,906.5,NA,NA,81
2019,7,1,9,-19.3,907.7,NA,250,51
2019,7,1,12,-18.7,908.5,NA,230,29
2019,7,1,15,-16.8,909.6,NA,200,23
2019,7,1,18,-16.1,907.6,NA,330,41
2019,7,1,21,-16.1,907.1,NA,20,49
2019,7,2,0,-18.4,906.5,NA,40,52
2019,7,2,3,NA,907.2,NA,320,52
2019,7,2,6,-23,908,NA,230,82
2019,7,2,9,-23.2,908.2,NA,260,82
2019,7,2,12,-23.6,908.1,NA,230,82
2019,7,2,15,-23.3,908.5,NA,240,82
2019,7,2,18,-21.5,908.8,NA,250,83
2019,7,2,21,-23.5,907.6,NA,230,83
2019,7,3,0,-24.1,911.8,NA,230,81
2019,7,3,3,-23.1,917.9,NA,240,77
2019,7,3,6,-23.4,920.5,NA,240,77
2019,7,3,9,-23.7,922.8,NA,240,82
2019,7,3,12,-23.8,923.8,NA,250,82
2019,7,3,15,-23.2,924.7,NA,240,82
2019,7,3,18,-23.5,924.4,NA,240,82
2019,7,3,21,-24.6,923.5,NA,270,81
2019,7,4,0,-24.9,922.5,NA,260,81
2019,7,4,3,-23.9,920.2,NA,50,82
2019,7,4,6,-24.6,918.5,1,10,81
2019,7,4,9,-25.6,916.6,NA,260,80
2019,7,4,12,-25.2,915.4,NA,250,80
2019,7,4,15,-26.3,914.7,9,250,79
2019,7,4,18,-27.1,914.3,NA,250,78
2019,7,4,21,-27.5,914,NA,220,78
2019,7,5,0,-28.7,914,NA,230,77
2019,7,5,3,-29.7,915.9,NA,260,75
2019,7,5,6,-30.5,915.5,NA,220,75
2019,7,5,9,-30.4,914.9,NA,230,75
2019,7,5,12,-30.4,917.2,NA,NA,75
2019,7,5,15,-29.9,918,NA,NA,75
2019,7,5,18,-29.8,918.9,NA,220,75
2019,7,5,21,-29.6,918.6,NA,220,76
2019,7,6,0,-29.8,918.2,NA,230,75
2019,7,6,3,-29,917.7,NA,NA,76
2019,7,6,6,-27.3,916.6,NA,NA,76
2019,7,6,9,-25.8,915.5,NA,240,79
2019,7,6,12,-24.3,916.3,NA,230,75
2019,7,6,15,-23.2,916.2,48,240,79
2019,7,6,18,-20.6,917.3,NA,230,61
2019,7,6,21,NA,NA,NA,NA,NA
2019,7,7,0,NA,NA,NA,NA,NA
2019,7,7,3,NA,NA,NA,NA,NA
2019,7,7,6,NA,NA,NA,NA,NA
2019,7,7,9,NA,NA,NA,NA,NA
2019,7,7,12,NA,NA,NA,NA,NA
2019,7,7,15,NA,NA,NA,NA,NA
2019,7,7,18,NA,NA,NA,NA,NA
2019,7,7,21,NA,NA,NA,NA,NA
2019,7,8,0,NA,NA,NA,NA,NA
2019,7,8,3,NA,NA,NA,NA,NA
2019,7,8,6,NA,NA,NA,NA,NA
2019,7,8,9,NA,NA,NA,NA,NA
2019,7,8,12,NA,NA,NA,NA,NA
2019,7,8,15,NA,NA,NA,NA,NA
2019,7,8,18,NA,NA,NA,NA,NA
2019,7,8,21,NA,NA,NA,NA,NA
2019,7,9,0,NA,NA,NA,NA,NA
2019,7,9,3,NA,NA,NA,NA,NA
2019,7,9,6,NA,NA,NA,NA,NA
2019,7,9,9,NA,NA,NA,NA,NA
2019,7,9,12,NA,NA,NA,NA,NA
2019,7,9,15,NA,NA,NA,NA,NA
2019,7,9,18,NA,NA,NA,NA,NA
2019,7,9,21,NA,NA,NA,NA,NA
2019,7,10,0,NA,NA,NA,NA,NA
2019,7,10,3,NA,NA,NA,NA,NA
2019,7,10,6,NA,NA,NA,NA,NA
2019,7,10,9,NA,NA,NA,NA,NA
2019,7,10,12,NA,NA,NA,NA,NA
2019,7,10,15,NA,NA,NA,NA,NA
2019,7,10,18,NA,NA,NA,NA,NA
2019,7,10,21,NA,NA,NA,NA,NA
2019,7,11,0,NA,NA,NA,NA,NA
2019,7,11,3,NA,NA,NA,NA,NA
2019,7,11,6,NA,NA,NA,NA,NA
2019,7,11,9,NA,NA,NA,NA,NA
2019,7,11,12,NA,NA,NA,NA,NA
2019,7,11,15,NA,NA,NA,NA,NA
2019,7,11,18,NA,NA,NA,NA,NA
2019,7,11,21,NA,NA,NA,NA,NA
2019,7,12,0,NA,NA,NA,NA,NA
2019,7,12,3,NA,NA,NA,NA,NA
2019,7,12,6,NA,NA,NA,NA,NA
2019,7,12,9,NA,NA,NA,NA,NA
2019,7,12,12,NA,NA,NA,NA,NA
2019,7,12,15,NA,NA,NA,NA,NA
2019,7,12,18,NA,NA,NA,NA,NA
2019,7,12,21,NA,NA,NA,NA,NA
2019,7,13,0,NA,NA,NA,NA,NA
2019,7,13,3,NA,NA,NA,NA,NA
2019,7,13,6,NA,NA,NA,NA,NA
2019,7,13,9,NA,NA,NA,NA,NA
2019,7,13,12,NA,NA,NA,NA,NA
2019,7,13,15,NA,NA,NA,NA,NA
2019,7,13,18,NA,NA,NA,NA,NA
2019,7,13,21,NA,NA,NA,NA,NA
2019,7,14,0,NA,NA,NA,NA,NA
2019,7,14,3,NA,NA,NA,NA,NA
2019,7,14,6,NA,NA,NA,NA,NA
2019,7,14,9,NA,NA,NA,NA,NA
2019,7,14,12,NA,NA,NA,NA,NA
2019,7,14,15,NA,NA,NA,NA,NA
2019,7,14,18,NA,NA,NA,NA,NA
2019,7,14,21,NA,NA,NA,NA,NA
2019,7,15,0,NA,NA,NA,NA,NA
2019,7,15,3,NA,NA,NA,NA,NA
2019,7,15,6,NA,NA,NA,NA,NA
2019,7,15,9,NA,NA,NA,NA,NA
2019,7,15,12,NA,NA,NA,NA,NA
2019,7,15,15,NA,NA,NA,NA,NA
2019,7,15,18,NA,NA,NA,NA,NA
2019,7,15,21,NA,NA,NA,NA,NA
2019,7,16,0,NA,NA,NA,NA,NA
2019,7,16,3,NA,NA,NA,NA,NA
2019,7,16,6,NA,NA,NA,NA,NA
2019,7,16,9,NA,NA,NA,NA,NA
2019,7,16,12,NA,NA,NA,NA,NA
2019,7,16,15,NA,NA,NA,NA,NA
2019,7,16,18,NA,NA,NA,NA,NA
2019,7,16,21,NA,NA,NA,NA,NA
2019,7,17,0,NA,NA,NA,NA,NA
2019,7,17,3,NA,NA,NA,NA,NA
2019,7,17,6,NA,NA,NA,NA,NA
2019,7,17,9,NA,NA,NA,NA,NA
2019,7,17,12,NA,NA,NA,NA,NA
2019,7,17,15,NA,NA,NA,NA,NA
2019,7,17,18,NA,NA,NA,NA,NA
2019,7,17,21,NA,NA,NA,NA,NA
2019,7,18,0,NA,NA,NA,NA,NA
2019,7,18,3,NA,NA,NA,NA,NA
2019,7,18,6,NA,NA,NA,NA,NA
2019,7,18,9,NA,NA,NA,NA,NA
2019,7,18,12,NA,NA,NA,NA,NA
2019,7,18,15,NA,NA,NA,NA,NA
2019,7,18,18,NA,NA,NA,NA,NA
2019,7,18,21,NA,NA,NA,NA,NA
2019,7,19,0,NA,NA,NA,NA,NA
2019,7,19,3,NA,NA,NA,NA,NA
2019,7,19,6,NA,NA,NA,NA,NA
2019,7,19,9,NA,NA,NA,NA,NA
2019,7,19,12,NA,NA,NA,NA,NA
2019,7,19,15,NA,NA,NA,NA,NA
2019,7,19,18,NA,NA,NA,NA,NA
2019,7,19,21,NA,NA,NA,NA,NA
2019,7,20,0,NA,NA,NA,NA,NA
2019,7,20,3,NA,NA,NA,NA,NA
2019,7,20,6,NA,NA,NA,NA,NA
2019,7,20,9,NA,NA,NA,NA,NA
2019,7,20,12,NA,NA,NA,NA,NA
2019,7,20,15,NA,NA,NA,NA,NA
2019,7,20,18,NA,NA,NA,NA,NA
2019,7,20,21,NA,NA,NA,NA,NA
2019,7,21,0,NA,NA,NA,NA,NA
2019,7,21,3,NA,NA,NA,NA,NA
2019,7,21,6,NA,NA,NA,NA,NA
2019,7,21,9,NA,NA,NA,NA,NA
2019,7,21,12,NA,NA,NA,NA,NA
2019,7,21,15,NA,NA,NA,NA,NA
2019,7,21,18,NA,NA,NA,NA,NA
2019,7,21,21,NA,NA,NA,NA,NA
2019,7,22,0,NA,NA,NA,NA,NA
2019,7,22,3,NA,NA,NA,NA,NA
2019,7,22,6,NA,NA,NA,NA,NA
2019,7,22,9,NA,NA,NA,NA,NA
2019,7,22,12,NA,NA,NA,NA,NA
2019,7,22,15,NA,NA,NA,NA,NA
2019,7,22,18,NA,NA,NA,NA,NA
2019,7,22,21,NA,NA,NA,NA,NA
2019,7,23,0,NA,NA,NA,NA,NA
2019,7,23,3,NA,NA,NA,NA,NA
2019,7,23,6,NA,NA,NA,NA,NA
2019,7,23,9,NA,NA,NA,NA,NA
2019,7,23,12,NA,NA,NA,NA,NA
2019,7,23,15,NA,NA,NA,NA,NA
2019,7,23,18,NA,NA,NA,NA,NA
2019,7,23,21,NA,NA,NA,NA,NA
2019,7,24,0,NA,NA,NA,NA,NA
2019,7,24,3,NA,NA,NA,NA,NA
2019,7,24,6,NA,NA,NA,NA,NA
2019,7,24,9,NA,NA,NA,NA,NA
2019,7,24,12,NA,NA,NA,NA,NA
2019,7,24,15,NA,NA,NA,NA,NA
2019,7,24,18,NA,NA,NA,NA,NA
2019,7,24,21,NA,NA,NA,NA,NA
2019,7,25,0,NA,NA,NA,NA,NA
2019,7,25,3,NA,NA,NA,NA,NA
2019,7,25,6,NA,NA,NA,NA,NA
2019,7,25,9,NA,NA,NA,NA,NA
2019,7,25,12,NA,NA,NA,NA,NA
2019,7,25,15,NA,NA,NA,NA,NA
2019,7,25,18,NA,NA,NA,NA,NA
2019,7,25,21,NA,NA,NA,NA,NA
2019,7,26,0,NA,NA,NA,NA,NA
2019,7,26,3,NA,NA,NA,NA,NA
2019,7,26,6,NA,NA,NA,NA,NA
2019,7,26,9,NA,NA,NA,NA,NA
2019,7,26,12,NA,NA,NA,NA,NA
2019,7,26,15,NA,NA,NA,NA,NA
2019,7,26,18,NA,NA,NA,NA,NA
2019,7,26,21,NA,NA,NA,NA,NA
2019,7,27,0,NA,NA,NA,NA,NA
2019,7,27,3,NA,NA,NA,NA,NA
2019,7,27,6,NA,NA,NA,NA,NA
2019,7,27,9,NA,NA,NA,NA,NA
2019,7,27,12,NA,NA,NA,NA,NA
2019,7,27,15,NA,NA,NA,NA,NA
2019,7,27,18,NA,NA,NA,NA,NA
2019,7,27,21,NA,NA,NA,NA,NA
2019,7,28,0,NA,NA,NA,NA,NA
2019,7,28,3,NA,NA,NA,NA,NA
2019,7,28,6,NA,NA,NA,NA,NA
2019,7,28,9,NA,NA,NA,NA,NA
2019,7,28,12,NA,NA,NA,NA,NA
2019,7,28,15,NA,NA,NA,NA,NA
2019,7,28,18,NA,NA,NA,NA,NA
2019,7,28,21,NA,NA,NA,NA,NA
2019,7,29,0,NA,NA,NA,NA,NA
2019,7,29,3,NA,NA,NA,NA,NA
2019,7,29,6,NA,NA,NA,NA,NA
2019,7,29,9,NA,NA,NA,NA,NA
2019,7,29,12,NA,NA,NA,NA,NA
2019,7,29,15,NA,NA,NA,NA,NA
2019,7,29,18,NA,NA,NA,NA,NA
2019,7,29,21,NA,NA,NA,NA,NA
2019,7,30,0,NA,NA,NA,NA,NA
2019,7,30,3,NA,NA,NA,NA,NA
2019,7,30,6,NA,NA,NA,NA,NA
2019,7,30,9,NA,NA,NA,NA,NA
2019,7,30,12,NA,NA,NA,NA,NA
2019,7,30,15,NA,NA,NA,NA,NA
2019,7,30,18,NA,NA,NA,NA,NA
2019,7,30,21,NA,NA,NA,NA,NA
2019,7,31,0,NA,NA,NA,NA,NA
2019,7,31,3,NA,NA,NA,NA,NA
2019,7,31,6,NA,NA,NA,NA,NA
2019,7,31,9,NA,NA,NA,NA,NA
2019,7,31,12,NA,NA,NA,NA,NA
2019,7,31,15,NA,NA,NA,NA,NA
2019,7,31,18,NA,NA,NA,NA,NA
2019,7,31,21,NA,NA,NA,NA,NA
2019,8,1,0,NA,NA,NA,NA,NA
2019,8,1,3,NA,NA,NA,NA,NA
2019,8,1,6,NA,NA,NA,NA,NA
2019,8,1,9,NA,NA,NA,NA,NA
2019,8,1,12,NA,NA,NA,NA,NA
2019,8,1,15,NA,NA,NA,NA,NA
2019,8,1,18,NA,NA,NA,NA,NA
2019,8,1,21,NA,NA,NA,NA,NA
2019,8,2,0,NA,NA,NA,NA,NA
2019,8,2,3,NA,NA,NA,NA,NA
2019,8,2,6,NA,NA,NA,NA,NA
2019,8,2,9,NA,NA,NA,NA,NA
2019,8,2,12,NA,NA,NA,NA,NA
2019,8,2,15,NA,NA,NA,NA,NA
2019,8,2,18,NA,NA,NA,NA,NA
2019,8,2,21,NA,NA,NA,NA,NA
2019,8,3,0,NA,NA,NA,NA,NA
2019,8,3,3,NA,NA,NA,NA,NA
2019,8,3,6,NA,NA,NA,NA,NA
2019,8,3,9,NA,NA,NA,NA,NA
2019,8,3,12,NA,NA,NA,NA,NA
2019,8,3,15,NA,NA,NA,NA,NA
2019,8,3,18,NA,NA,NA,NA,NA
2019,8,3,21,NA,NA,NA,NA,NA
2019,8,4,0,NA,NA,NA,NA,NA
2019,8,4,3,NA,NA,NA,NA,NA
2019,8,4,6,NA,NA,NA,NA,NA
2019,8,4,9,NA,NA,NA,NA,NA
2019,8,4,12,NA,NA,NA,NA,NA
2019,8,4,15,NA,NA,NA,NA,NA
2019,8,4,18,NA,NA,NA,NA,NA
2019,8,4,21,NA,NA,NA,NA,NA
2019,8,5,0,NA,NA,NA,NA,NA
2019,8,5,3,NA,NA,NA,NA,NA
2019,8,5,6,NA,NA,NA,NA,NA
2019,8,5,9,NA,NA,NA,NA,NA
2019,8,5,12,NA,NA,NA,NA,NA
2019,8,5,15,NA,NA,NA,NA,NA
2019,8,5,18,NA,NA,NA,NA,NA
2019,8,5,21,NA,NA,NA,NA,NA
2019,8,6,0,NA,NA,NA,NA,NA
2019,8,6,3,NA,NA,NA,NA,NA
2019,8,6,6,NA,NA,NA,NA,NA
2019,8,6,9,NA,NA,NA,NA,NA
2019,8,6,12,NA,NA,NA,NA,NA
2019,8,6,15,NA,NA,NA,NA,NA
2019,8,6,18,NA,NA,NA,NA,NA
2019,8,6,21,NA,NA,NA,NA,NA
2019,8,7,0,NA,NA,NA,NA,NA
2019,8,7,3,NA,NA,NA,NA,NA
2019,8,7,6,NA,NA,NA,NA,NA
2019,8,7,9,NA,NA,NA,NA,NA
2019,8,7,12,NA,NA,NA,NA,NA
2019,8,7,15,NA,NA,NA,NA,NA
2019,8,7,18,NA,NA,NA,NA,NA
2019,8,7,21,NA,NA,NA,NA,NA
2019,8,8,0,NA,NA,NA,NA,NA
2019,8,8,3,NA,NA,NA,NA,NA
2019,8,8,6,NA,NA,NA,NA,NA
2019,8,8,9,NA,NA,NA,NA,NA
2019,8,8,12,NA,NA,NA,NA,NA
2019,8,8,15,NA,NA,NA,NA,NA
2019,8,8,18,NA,NA,NA,NA,NA
2019,8,8,21,NA,NA,NA,NA,NA
2019,8,9,0,NA,NA,NA,NA,NA
2019,8,9,3,NA,NA,NA,NA,NA
2019,8,9,6,NA,NA,NA,NA,NA
2019,8,9,9,NA,NA,NA,NA,NA
2019,8,9,12,NA,NA,NA,NA,NA
2019,8,9,15,NA,NA,NA,NA,NA
2019,8,9,18,NA,NA,NA,NA,NA
2019,8,9,21,NA,NA,NA,NA,NA
2019,8,10,0,NA,NA,NA,NA,NA
2019,8,10,3,NA,NA,NA,NA,NA
2019,8,10,6,NA,NA,NA,NA,NA
2019,8,10,9,NA,NA,NA,NA,NA
2019,8,10,12,NA,NA,NA,NA,NA
2019,8,10,15,NA,NA,NA,NA,NA
2019,8,10,18,NA,NA,NA,NA,NA
2019,8,10,21,NA,NA,NA,NA,NA
2019,8,11,0,NA,NA,NA,NA,NA
2019,8,11,3,NA,NA,NA,NA,NA
2019,8,11,6,NA,NA,NA,NA,NA
2019,8,11,9,NA,NA,NA,NA,NA
2019,8,11,12,NA,NA,NA,NA,NA
2019,8,11,15,NA,NA,NA,NA,NA
2019,8,11,18,NA,NA,NA,NA,NA
2019,8,11,21,NA,NA,NA,NA,NA
2019,8,12,0,NA,NA,NA,NA,NA
2019,8,12,3,NA,NA,NA,NA,NA
2019,8,12,6,NA,NA,NA,NA,NA
2019,8,12,9,NA,NA,NA,NA,NA
2019,8,12,12,NA,NA,NA,NA,NA
2019,8,12,15,NA,NA,NA,NA,NA
2019,8,12,18,NA,NA,NA,NA,NA
2019,8,12,21,NA,NA,NA,NA,NA
2019,8,13,0,NA,NA,NA,NA,NA
2019,8,13,3,NA,NA,NA,NA,NA
2019,8,13,6,NA,NA,NA,NA,NA
2019,8,13,9,NA,NA,NA,NA,NA
2019,8,13,12,NA,NA,NA,NA,NA
2019,8,13,15,NA,NA,NA,NA,NA
2019,8,13,18,NA,NA,NA,NA,NA
2019,8,13,21,NA,NA,NA,NA,NA
2019,8,14,0,NA,NA,NA,NA,NA
2019,8,14,3,NA,NA,NA,NA,NA
2019,8,14,6,NA,NA,NA,NA,NA
2019,8,14,9,NA,NA,NA,NA,NA
2019,8,14,12,NA,NA,NA,NA,NA
2019,8,14,15,NA,NA,NA,NA,NA
2019,8,14,18,NA,NA,NA,NA,NA
2019,8,14,21,NA,NA,NA,NA,NA
2019,8,15,0,NA,NA,NA,NA,NA
2019,8,15,3,NA,NA,NA,NA,NA
2019,8,15,6,NA,NA,NA,NA,NA
2019,8,15,9,NA,NA,NA,NA,NA
2019,8,15,12,NA,NA,NA,NA,NA
2019,8,15,15,NA,NA,NA,NA,NA
2019,8,15,18,NA,NA,NA,NA,NA
2019,8,15,21,NA,NA,NA,NA,NA
2019,8,16,0,NA,NA,NA,NA,NA
2019,8,16,3,NA,NA,NA,NA,NA
2019,8,16,6,NA,NA,NA,NA,NA
2019,8,16,9,NA,NA,NA,NA,NA
2019,8,16,12,NA,NA,NA,NA,NA
2019,8,16,15,NA,NA,NA,NA,NA
2019,8,16,18,NA,NA,NA,NA,NA
2019,8,16,21,NA,NA,NA,NA,NA
2019,8,17,0,NA,NA,NA,NA,NA
2019,8,17,3,NA,NA,NA,NA,NA
2019,8,17,6,NA,NA,NA,NA,NA
2019,8,17,9,NA,NA,NA,NA,NA
2019,8,17,12,NA,NA,NA,NA,NA
2019,8,17,15,NA,NA,NA,NA,NA
2019,8,17,18,NA,NA,NA,NA,NA
2019,8,17,21,NA,NA,NA,NA,NA
2019,8,18,0,NA,NA,NA,NA,NA
2019,8,18,3,NA,NA,NA,NA,NA
2019,8,18,6,NA,NA,NA,NA,NA
2019,8,18,9,NA,NA,NA,NA,NA
2019,8,18,12,NA,NA,NA,NA,NA
2019,8,18,15,NA,NA,NA,NA,NA
2019,8,18,18,NA,NA,NA,NA,NA
2019,8,18,21,NA,NA,NA,NA,NA
2019,8,19,0,NA,NA,NA,NA,NA
2019,8,19,3,NA,NA,NA,NA,NA
2019,8,19,6,NA,NA,NA,NA,NA
2019,8,19,9,NA,NA,NA,NA,NA
2019,8,19,12,NA,NA,NA,NA,NA
2019,8,19,15,NA,NA,NA,NA,NA
2019,8,19,18,NA,NA,NA,NA,NA
2019,8,19,21,NA,NA,NA,NA,NA
2019,8,20,0,NA,NA,NA,NA,NA
2019,8,20,3,NA,NA,NA,NA,NA
2019,8,20,6,NA,NA,NA,NA,NA
2019,8,20,9,NA,NA,NA,NA,NA
2019,8,20,12,NA,NA,NA,NA,NA
2019,8,20,15,NA,NA,NA,NA,NA
2019,8,20,18,NA,NA,NA,NA,NA
2019,8,20,21,NA,NA,NA,NA,NA
2019,8,21,0,NA,NA,NA,NA,NA
2019,8,21,3,NA,NA,NA,NA,NA
2019,8,21,6,NA,NA,NA,NA,NA
2019,8,21,9,NA,NA,NA,NA,NA
2019,8,21,12,NA,NA,NA,NA,NA
2019,8,21,15,NA,NA,NA,NA,NA
2019,8,21,18,NA,NA,NA,NA,NA
2019,8,21,21,NA,NA,NA,NA,NA
2019,8,22,0,NA,NA,NA,NA,NA
2019,8,22,3,NA,NA,NA,NA,NA
2019,8,22,6,NA,NA,NA,NA,NA
2019,8,22,9,NA,NA,NA,NA,NA
2019,8,22,12,NA,NA,NA,NA,NA
2019,8,22,15,NA,NA,NA,NA,NA
2019,8,22,18,NA,NA,NA,NA,NA
2019,8,22,21,NA,NA,NA,NA,NA
2019,8,23,0,NA,NA,NA,NA,NA
2019,8,23,3,NA,NA,NA,NA,NA
2019,8,23,6,NA,NA,NA,NA,NA
2019,8,23,9,NA,NA,NA,NA,NA
2019,8,23,12,NA,NA,NA,NA,NA
2019,8,23,15,NA,NA,NA,NA,NA
2019,8,23,18,NA,NA,NA,NA,NA
2019,8,23,21,NA,NA,NA,NA,NA
2019,8,24,0,NA,NA,NA,NA,NA
2019,8,24,3,NA,NA,NA,NA,NA
2019,8,24,6,NA,NA,NA,NA,NA
2019,8,24,9,NA,NA,NA,NA,NA
2019,8,24,12,NA,NA,NA,NA,NA
2019,8,24,15,NA,NA,NA,NA,NA
2019,8,24,18,NA,NA,NA,NA,NA
2019,8,24,21,NA,NA,NA,NA,NA
2019,8,25,0,NA,NA,NA,NA,NA
2019,8,25,3,NA,NA,NA,NA,NA
2019,8,25,6,NA,NA,NA,NA,NA
2019,8,25,9,NA,NA,NA,NA,NA
2019,8,25,12,NA,NA,NA,NA,NA
2019,8,25,15,NA,NA,NA,NA,NA
2019,8,25,18,NA,NA,NA,NA,NA
2019,8,25,21,NA,NA,NA,NA,NA
2019,8,26,0,NA,NA,NA,NA,NA
2019,8,26,3,NA,NA,NA,NA,NA
2019,8,26,6,NA,NA,NA,NA,NA
2019,8,26,9,NA,NA,NA,NA,NA
2019,8,26,12,NA,NA,NA,NA,NA
2019,8,26,15,NA,NA,NA,NA,NA
2019,8,26,18,NA,NA,NA,NA,NA
2019,8,26,21,NA,NA,NA,NA,NA
2019,8,27,0,NA,NA,NA,NA,NA
2019,8,27,3,NA,NA,NA,NA,NA
2019,8,27,6,NA,NA,NA,NA,NA
2019,8,27,9,NA,NA,NA,NA,NA
2019,8,27,12,NA,NA,NA,NA,NA
2019,8,27,15,NA,NA,NA,NA,NA
2019,8,27,18,NA,NA,NA,NA,NA
2019,8,27,21,NA,NA,NA,NA,NA
2019,8,28,0,NA,NA,NA,NA,NA
2019,8,28,3,NA,NA,NA,NA,NA
2019,8,28,6,NA,NA,NA,NA,NA
2019,8,28,9,NA,NA,NA,NA,NA
2019,8,28,12,NA,NA,NA,NA,NA
2019,8,28,15,NA,NA,NA,NA,NA
2019,8,28,18,NA,NA,NA,NA,NA
2019,8,28,21,NA,NA,NA,NA,NA
2019,8,29,0,NA,NA,NA,NA,NA
2019,8,29,3,NA,NA,NA,NA,NA
2019,8,29,6,NA,NA,NA,NA,NA
2019,8,29,9,NA,NA,NA,NA,NA
2019,8,29,12,NA,NA,NA,NA,NA
2019,8,29,15,NA,NA,NA,NA,NA
2019,8,29,18,NA,NA,NA,NA,NA
2019,8,29,21,NA,NA,NA,NA,NA
2019,8,30,0,NA,NA,NA,NA,NA
2019,8,30,3,NA,NA,NA,NA,NA
2019,8,30,6,NA,NA,NA,NA,NA
2019,8,30,9,NA,NA,NA,NA,NA
2019,8,30,12,NA,NA,NA,NA,NA
2019,8,30,15,NA,NA,NA,NA,NA
2019,8,30,18,NA,NA,NA,NA,NA
2019,8,30,21,NA,NA,NA,NA,NA
2019,8,31,0,NA,NA,NA,NA,NA
2019,8,31,3,NA,NA,NA,NA,NA
2019,8,31,6,NA,NA,NA,NA,NA
2019,8,31,9,NA,NA,NA,NA,NA
2019,8,31,12,NA,NA,NA,NA,NA
2019,8,31,15,NA,NA,NA,NA,NA
2019,8,31,18,NA,NA,NA,NA,NA
2019,8,31,21,NA,NA,NA,NA,NA
2019,9,1,0,NA,NA,NA,NA,NA
2019,9,1,3,NA,NA,NA,NA,NA
2019,9,1,6,NA,NA,NA,NA,NA
2019,9,1,9,NA,NA,NA,NA,NA
2019,9,1,12,NA,NA,NA,NA,NA
2019,9,1,15,NA,NA,NA,NA,NA
2019,9,1,18,NA,NA,NA,NA,NA
2019,9,1,21,NA,NA,NA,NA,NA
2019,9,2,0,NA,NA,NA,NA,NA
2019,9,2,3,NA,NA,NA,NA,NA
2019,9,2,6,NA,NA,NA,NA,NA
2019,9,2,9,NA,NA,NA,NA,NA
2019,9,2,12,NA,NA,NA,NA,NA
2019,9,2,15,NA,NA,NA,NA,NA
2019,9,2,18,NA,NA,NA,NA,NA
2019,9,2,21,NA,NA,NA,NA,NA
2019,9,3,0,NA,NA,NA,NA,NA
2019,9,3,3,NA,NA,NA,NA,NA
2019,9,3,6,NA,NA,NA,NA,NA
2019,9,3,9,NA,NA,NA,NA,NA
2019,9,3,12,NA,NA,NA,NA,NA
2019,9,3,15,NA,NA,NA,NA,NA
2019,9,3,18,NA,NA,NA,NA,NA
2019,9,3,21,NA,NA,NA,NA,NA
2019,9,4,0,NA,NA,NA,NA,NA
2019,9,4,3,NA,NA,NA,NA,NA
2019,9,4,6,NA,NA,NA,NA,NA
2019,9,4,9,NA,NA,NA,NA,NA
2019,9,4,12,NA,NA,NA,NA,NA
2019,9,4,15,NA,NA,NA,NA,NA
2019,9,4,18,NA,NA,NA,NA,NA
2019,9,4,21,NA,NA,NA,NA,NA
2019,9,5,0,NA,NA,NA,NA,NA
2019,9,5,3,NA,NA,NA,NA,NA
2019,9,5,6,NA,NA,NA,NA,NA
2019,9,5,9,NA,NA,NA,NA,NA
2019,9,5,12,NA,NA,NA,NA,NA
2019,9,5,15,NA,NA,NA,NA,NA
2019,9,5,18,NA,NA,NA,NA,NA
2019,9,5,21,NA,NA,NA,NA,NA
2019,9,6,0,NA,NA,NA,NA,NA
2019,9,6,3,NA,NA,NA,NA,NA
2019,9,6,6,NA,NA,NA,NA,NA
2019,9,6,9,NA,NA,NA,NA,NA
2019,9,6,12,NA,NA,NA,NA,NA
2019,9,6,15,NA,NA,NA,NA,NA
2019,9,6,18,NA,NA,NA,NA,NA
2019,9,6,21,NA,NA,NA,NA,NA
2019,9,7,0,NA,NA,NA,NA,NA
2019,9,7,3,NA,NA,NA,NA,NA
2019,9,7,6,NA,NA,NA,NA,NA
2019,9,7,9,NA,NA,NA,NA,NA
2019,9,7,12,NA,NA,NA,NA,NA
2019,9,7,15,NA,NA,NA,NA,NA
2019,9,7,18,NA,NA,NA,NA,NA
2019,9,7,21,NA,NA,NA,NA,NA
2019,9,8,0,NA,NA,NA,NA,NA
2019,9,8,3,NA,NA,NA,NA,NA
2019,9,8,6,NA,NA,NA,NA,NA
2019,9,8,9,NA,NA,NA,NA,NA
2019,9,8,12,NA,NA,NA,NA,NA
2019,9,8,15,NA,NA,NA,NA,NA
2019,9,8,18,NA,NA,NA,NA,NA
2019,9,8,21,NA,NA,NA,NA,NA
2019,9,9,0,NA,NA,NA,NA,NA
2019,9,9,3,NA,NA,NA,NA,NA
2019,9,9,6,NA,NA,NA,NA,NA
2019,9,9,9,NA,NA,NA,NA,NA
2019,9,9,12,NA,NA,NA,NA,NA
2019,9,9,15,NA,NA,NA,NA,NA
2019,9,9,18,NA,NA,NA,NA,NA
2019,9,9,21,NA,NA,NA,NA,NA
2019,9,10,0,NA,NA,NA,NA,NA
2019,9,10,3,NA,NA,NA,NA,NA
2019,9,10,6,NA,NA,NA,NA,NA
2019,9,10,9,NA,NA,NA,NA,NA
2019,9,10,12,NA,NA,NA,NA,NA
2019,9,10,15,NA,NA,NA,NA,NA
2019,9,10,18,NA,NA,NA,NA,NA
2019,9,10,21,NA,NA,NA,NA,NA
2019,9,11,0,NA,NA,NA,NA,NA
2019,9,11,3,NA,NA,NA,NA,NA
2019,9,11,6,NA,NA,NA,NA,NA
2019,9,11,9,NA,NA,NA,NA,NA
2019,9,11,12,NA,NA,NA,NA,NA
2019,9,11,15,NA,NA,NA,NA,NA
2019,9,11,18,NA,NA,NA,NA,NA
2019,9,11,21,NA,NA,NA,NA,NA
2019,9,12,0,NA,NA,NA,NA,NA
2019,9,12,3,NA,NA,NA,NA,NA
2019,9,12,6,NA,NA,NA,NA,NA
2019,9,12,9,NA,NA,NA,NA,NA
2019,9,12,12,NA,NA,NA,NA,NA
2019,9,12,15,NA,NA,NA,NA,NA
2019,9,12,18,NA,NA,NA,NA,NA
2019,9,12,21,NA,NA,NA,NA,NA
2019,9,13,0,NA,NA,NA,NA,NA
2019,9,13,3,NA,NA,NA,NA,NA
2019,9,13,6,NA,NA,NA,NA,NA
2019,9,13,9,NA,NA,NA,NA,NA
2019,9,13,12,NA,NA,NA,NA,NA
2019,9,13,15,NA,NA,NA,NA,NA
2019,9,13,18,NA,NA,NA,NA,NA
2019,9,13,21,NA,NA,NA,NA,NA
2019,9,14,0,NA,NA,NA,NA,NA
2019,9,14,3,NA,NA,NA,NA,NA
2019,9,14,6,NA,NA,NA,NA,NA
2019,9,14,9,NA,NA,NA,NA,NA
2019,9,14,12,NA,NA,NA,NA,NA
2019,9,14,15,NA,NA,NA,NA,NA
2019,9,14,18,NA,NA,NA,NA,NA
2019,9,14,21,NA,NA,NA,NA,NA
2019,9,15,0,NA,NA,NA,NA,NA
2019,9,15,3,NA,NA,NA,NA,NA
2019,9,15,6,NA,NA,NA,NA,NA
2019,9,15,9,NA,NA,NA,NA,NA
2019,9,15,12,NA,NA,NA,NA,NA
2019,9,15,15,NA,NA,NA,NA,NA
2019,9,15,18,NA,NA,NA,NA,NA
2019,9,15,21,NA,NA,NA,NA,NA
2019,9,16,0,NA,NA,NA,NA,NA
2019,9,16,3,NA,NA,NA,NA,NA
2019,9,16,6,NA,NA,NA,NA,NA
2019,9,16,9,NA,NA,NA,NA,NA
2019,9,16,12,NA,NA,NA,NA,NA
2019,9,16,15,NA,NA,NA,NA,NA
2019,9,16,18,NA,NA,NA,NA,NA
2019,9,16,21,NA,NA,NA,NA,NA
2019,9,17,0,NA,NA,NA,NA,NA
2019,9,17,3,NA,NA,NA,NA,NA
2019,9,17,6,NA,NA,NA,NA,NA
2019,9,17,9,NA,NA,NA,NA,NA
2019,9,17,12,NA,NA,NA,NA,NA
2019,9,17,15,NA,NA,NA,NA,NA
2019,9,17,18,NA,NA,NA,NA,NA
2019,9,17,21,NA,NA,NA,NA,NA
2019,9,18,0,NA,NA,NA,NA,NA
2019,9,18,3,NA,NA,NA,NA,NA
2019,9,18,6,NA,NA,NA,NA,NA
2019,9,18,9,NA,NA,NA,NA,NA
2019,9,18,12,NA,NA,NA,NA,NA
2019,9,18,15,NA,NA,NA,NA,NA
2019,9,18,18,NA,NA,NA,NA,NA
2019,9,18,21,NA,NA,NA,NA,NA
2019,9,19,0,NA,NA,NA,NA,NA
2019,9,19,3,NA,NA,NA,NA,NA
2019,9,19,6,NA,NA,NA,NA,NA
2019,9,19,9,NA,NA,NA,NA,NA
2019,9,19,12,NA,NA,NA,NA,NA
2019,9,19,15,NA,NA,NA,NA,NA
2019,9,19,18,NA,NA,NA,NA,NA
2019,9,19,21,NA,NA,NA,NA,NA
2019,9,20,0,NA,NA,NA,NA,NA
2019,9,20,3,NA,NA,NA,NA,NA
2019,9,20,6,NA,NA,NA,NA,NA
2019,9,20,9,NA,NA,NA,NA,NA
2019,9,20,12,NA,NA,NA,NA,NA
2019,9,20,15,NA,NA,NA,NA,NA
2019,9,20,18,NA,NA,NA,NA,NA
2019,9,20,21,NA,NA,NA,NA,NA
2019,9,21,0,NA,NA,NA,NA,NA
2019,9,21,3,NA,NA,NA,NA,NA
2019,9,21,6,NA,NA,NA,NA,NA
2019,9,21,9,NA,NA,NA,NA,NA
2019,9,21,12,NA,NA,NA,NA,NA
2019,9,21,15,NA,NA,NA,NA,NA
2019,9,21,18,NA,NA,NA,NA,NA
2019,9,21,21,NA,NA,NA,NA,NA
2019,9,22,0,NA,NA,NA,NA,NA
2019,9,22,3,NA,NA,NA,NA,NA
2019,9,22,6,NA,NA,NA,NA,NA
2019,9,22,9,NA,NA,NA,NA,NA
2019,9,22,12,NA,NA,NA,NA,NA
2019,9,22,15,NA,NA,NA,NA,NA
2019,9,22,18,NA,NA,NA,NA,NA
2019,9,22,21,NA,NA,NA,NA,NA
2019,9,23,0,NA,NA,NA,NA,NA
2019,9,23,3,NA,NA,NA,NA,NA
2019,9,23,6,NA,NA,NA,NA,NA
2019,9,23,9,NA,NA,NA,NA,NA
2019,9,23,12,NA,NA,NA,NA,NA
2019,9,23,15,NA,NA,NA,NA,NA
2019,9,23,18,NA,NA,NA,NA,NA
2019,9,23,21,NA,NA,NA,NA,NA
2019,9,24,0,NA,NA,NA,NA,NA
2019,9,24,3,NA,NA,NA,NA,NA
2019,9,24,6,NA,NA,NA,NA,NA
2019,9,24,9,NA,NA,NA,NA,NA
2019,9,24,12,NA,NA,NA,NA,NA
2019,9,24,15,NA,NA,NA,NA,NA
2019,9,24,18,NA,NA,NA,NA,NA
2019,9,24,21,NA,NA,NA,NA,NA
2019,9,25,0,NA,NA,NA,NA,NA
2019,9,25,3,NA,NA,NA,NA,NA
2019,9,25,6,NA,NA,NA,NA,NA
2019,9,25,9,NA,NA,NA,NA,NA
2019,9,25,12,NA,NA,NA,NA,NA
2019,9,25,15,NA,NA,NA,NA,NA
2019,9,25,18,NA,NA,NA,NA,NA
2019,9,25,21,NA,NA,NA,NA,NA
2019,9,26,0,NA,NA,NA,NA,NA
2019,9,26,3,NA,NA,NA,NA,NA
2019,9,26,6,NA,NA,NA,NA,NA
2019,9,26,9,NA,NA,NA,NA,NA
2019,9,26,12,NA,NA,NA,NA,NA
2019,9,26,15,NA,NA,NA,NA,NA
2019,9,26,18,NA,NA,NA,NA,NA
2019,9,26,21,NA,NA,NA,NA,NA
2019,9,27,0,NA,NA,NA,NA,NA
2019,9,27,3,NA,NA,NA,NA,NA
2019,9,27,6,NA,NA,NA,NA,NA
2019,9,27,9,NA,NA,NA,NA,NA
2019,9,27,12,NA,NA,NA,NA,NA
2019,9,27,15,NA,NA,NA,NA,NA
2019,9,27,18,NA,NA,NA,NA,NA
2019,9,27,21,NA,NA,NA,NA,NA
2019,9,28,0,NA,NA,NA,NA,NA
2019,9,28,3,NA,NA,NA,NA,NA
2019,9,28,6,NA,NA,NA,NA,NA
2019,9,28,9,NA,NA,NA,NA,NA
2019,9,28,12,NA,NA,NA,NA,NA
2019,9,28,15,NA,NA,NA,NA,NA
2019,9,28,18,NA,NA,NA,NA,NA
2019,9,28,21,NA,NA,NA,NA,NA
2019,9,29,0,NA,NA,NA,NA,NA
2019,9,29,3,NA,NA,NA,NA,NA
2019,9,29,6,NA,NA,NA,NA,NA
2019,9,29,9,NA,NA,NA,NA,NA
2019,9,29,12,NA,NA,NA,NA,NA
2019,9,29,15,NA,NA,NA,NA,NA
2019,9,29,18,NA,NA,NA,NA,NA
2019,9,29,21,NA,NA,NA,NA,NA
2019,9,30,0,NA,NA,NA,NA,NA
2019,9,30,3,NA,NA,NA,NA,NA
2019,9,30,6,NA,NA,NA,NA,NA
2019,9,30,9,NA,NA,NA,NA,NA
2019,9,30,12,NA,NA,NA,NA,NA
2019,9,30,15,NA,NA,NA,NA,NA
2019,9,30,18,NA,NA,NA,NA,NA
2019,9,30,21,NA,NA,NA,NA,NA
2019,10,1,0,NA,NA,NA,NA,NA
2019,10,1,3,NA,NA,NA,NA,NA
2019,10,1,6,NA,NA,NA,NA,NA
2019,10,1,9,NA,NA,NA,NA,NA
2019,10,1,12,NA,NA,NA,NA,NA
2019,10,1,15,NA,NA,NA,NA,NA
2019,10,1,18,NA,NA,NA,NA,NA
2019,10,1,21,NA,NA,NA,NA,NA
2019,10,2,0,NA,NA,NA,NA,NA
2019,10,2,3,NA,NA,NA,NA,NA
2019,10,2,6,NA,NA,NA,NA,NA
2019,10,2,9,NA,NA,NA,NA,NA
2019,10,2,12,NA,NA,NA,NA,NA
2019,10,2,15,NA,NA,NA,NA,NA
2019,10,2,18,NA,NA,NA,NA,NA
2019,10,2,21,NA,NA,NA,NA,NA
2019,10,3,0,NA,NA,NA,NA,NA
2019,10,3,3,NA,NA,NA,NA,NA
2019,10,3,6,NA,NA,NA,NA,NA
2019,10,3,9,NA,NA,NA,NA,NA
2019,10,3,12,NA,NA,NA,NA,NA
2019,10,3,15,NA,NA,NA,NA,NA
2019,10,3,18,NA,NA,NA,NA,NA
2019,10,3,21,NA,NA,NA,NA,NA
2019,10,4,0,NA,NA,NA,NA,NA
2019,10,4,3,NA,NA,NA,NA,NA
2019,10,4,6,NA,NA,NA,NA,NA
2019,10,4,9,NA,NA,NA,NA,NA
2019,10,4,12,NA,NA,NA,NA,NA
2019,10,4,15,NA,NA,NA,NA,NA
2019,10,4,18,NA,NA,NA,NA,NA
2019,10,4,21,NA,NA,NA,NA,NA
2019,10,5,0,NA,NA,NA,NA,NA
2019,10,5,3,NA,NA,NA,NA,NA
2019,10,5,6,NA,NA,NA,NA,NA
2019,10,5,9,NA,NA,NA,NA,NA
2019,10,5,12,NA,NA,NA,NA,NA
2019,10,5,15,NA,NA,NA,NA,NA
2019,10,5,18,NA,NA,NA,NA,NA
2019,10,5,21,NA,NA,NA,NA,NA
2019,10,6,0,NA,NA,NA,NA,NA
2019,10,6,3,NA,NA,NA,NA,NA
2019,10,6,6,NA,NA,NA,NA,NA
2019,10,6,9,NA,NA,NA,NA,NA
2019,10,6,12,NA,NA,NA,NA,NA
2019,10,6,15,NA,NA,NA,NA,NA
2019,10,6,18,NA,NA,NA,NA,NA
2019,10,6,21,NA,NA,NA,NA,NA
2019,10,7,0,NA,NA,NA,NA,NA
2019,10,7,3,NA,NA,NA,NA,NA
2019,10,7,6,NA,NA,NA,NA,NA
2019,10,7,9,NA,NA,NA,NA,NA
2019,10,7,12,NA,NA,NA,NA,NA
2019,10,7,15,NA,NA,NA,NA,NA
2019,10,7,18,NA,NA,NA,NA,NA
2019,10,7,21,NA,NA,NA,NA,NA
2019,10,8,0,NA,NA,NA,NA,NA
2019,10,8,3,NA,NA,NA,NA,NA
2019,10,8,6,NA,NA,NA,NA,NA
2019,10,8,9,NA,NA,NA,NA,NA
2019,10,8,12,NA,NA,NA,NA,NA
2019,10,8,15,NA,NA,NA,NA,NA
2019,10,8,18,NA,NA,NA,NA,NA
2019,10,8,21,NA,NA,NA,NA,NA
2019,10,9,0,NA,NA,NA,NA,NA
2019,10,9,3,NA,NA,NA,NA,NA
2019,10,9,6,NA,NA,NA,NA,NA
2019,10,9,9,NA,NA,NA,NA,NA
2019,10,9,12,NA,NA,NA,NA,NA
2019,10,9,15,NA,NA,NA,NA,NA
2019,10,9,18,NA,NA,NA,NA,NA
2019,10,9,21,NA,NA,NA,NA,NA
2019,10,10,0,NA,NA,NA,NA,NA
2019,10,10,3,NA,NA,NA,NA,NA
2019,10,10,6,NA,NA,NA,NA,NA
2019,10,10,9,NA,NA,NA,NA,NA
2019,10,10,12,NA,NA,NA,NA,NA
2019,10,10,15,NA,NA,NA,NA,NA
2019,10,10,18,NA,NA,NA,NA,NA
2019,10,10,21,NA,NA,NA,NA,NA
2019,10,11,0,NA,NA,NA,NA,NA
2019,10,11,3,NA,NA,NA,NA,NA
2019,10,11,6,NA,NA,NA,NA,NA
2019,10,11,9,NA,NA,NA,NA,NA
2019,10,11,12,NA,NA,NA,NA,NA
2019,10,11,15,NA,NA,NA,NA,NA
2019,10,11,18,NA,NA,NA,NA,NA
2019,10,11,21,NA,NA,NA,NA,NA
2019,10,12,0,NA,NA,NA,NA,NA
2019,10,12,3,NA,NA,NA,NA,NA
2019,10,12,6,NA,NA,NA,NA,NA
2019,10,12,9,NA,NA,NA,NA,NA
2019,10,12,12,NA,NA,NA,NA,NA
2019,10,12,15,NA,NA,NA,NA,NA
2019,10,12,18,NA,NA,NA,NA,NA
2019,10,12,21,NA,NA,NA,NA,NA
2019,10,13,0,NA,NA,NA,NA,NA
2019,10,13,3,NA,NA,NA,NA,NA
2019,10,13,6,NA,NA,NA,NA,NA
2019,10,13,9,NA,NA,NA,NA,NA
2019,10,13,12,NA,NA,NA,NA,NA
2019,10,13,15,NA,NA,NA,NA,NA
2019,10,13,18,NA,NA,NA,NA,NA
2019,10,13,21,NA,NA,NA,NA,NA
2019,10,14,0,NA,NA,NA,NA,NA
2019,10,14,3,NA,NA,NA,NA,NA
2019,10,14,6,NA,NA,NA,NA,NA
2019,10,14,9,NA,NA,NA,NA,NA
2019,10,14,12,NA,NA,NA,NA,NA
2019,10,14,15,NA,NA,NA,NA,NA
2019,10,14,18,NA,NA,NA,NA,NA
2019,10,14,21,NA,NA,NA,NA,NA
2019,10,15,0,NA,NA,NA,NA,NA
2019,10,15,3,NA,NA,NA,NA,NA
2019,10,15,6,NA,NA,NA,NA,NA
2019,10,15,9,NA,NA,NA,NA,NA
2019,10,15,12,NA,NA,NA,NA,NA
2019,10,15,15,NA,NA,NA,NA,NA
2019,10,15,18,NA,NA,NA,NA,NA
2019,10,15,21,NA,NA,NA,NA,NA
2019,10,16,0,NA,NA,NA,NA,NA
2019,10,16,3,NA,NA,NA,NA,NA
2019,10,16,6,NA,NA,NA,NA,NA
2019,10,16,9,NA,NA,NA,NA,NA
2019,10,16,12,NA,NA,NA,NA,NA
2019,10,16,15,NA,NA,NA,NA,NA
2019,10,16,18,NA,NA,NA,NA,NA
2019,10,16,21,NA,NA,NA,NA,NA
2019,10,17,0,NA,NA,NA,NA,NA
2019,10,17,3,NA,NA,NA,NA,NA
2019,10,17,6,NA,NA,NA,NA,NA
2019,10,17,9,NA,NA,NA,NA,NA
2019,10,17,12,NA,NA,NA,NA,NA
2019,10,17,15,NA,NA,NA,NA,NA
2019,10,17,18,NA,NA,NA,NA,NA
2019,10,17,21,NA,NA,NA,NA,NA
2019,10,18,0,NA,NA,NA,NA,NA
2019,10,18,3,NA,NA,NA,NA,NA
2019,10,18,6,NA,NA,NA,NA,NA
2019,10,18,9,NA,NA,NA,NA,NA
2019,10,18,12,NA,NA,NA,NA,NA
2019,10,18,15,NA,NA,NA,NA,NA
2019,10,18,18,NA,NA,NA,NA,NA
2019,10,18,21,NA,NA,NA,NA,NA
2019,10,19,0,NA,NA,NA,NA,NA
2019,10,19,3,NA,NA,NA,NA,NA
2019,10,19,6,NA,NA,NA,NA,NA
2019,10,19,9,NA,NA,NA,NA,NA
2019,10,19,12,NA,NA,NA,NA,NA
2019,10,19,15,NA,NA,NA,NA,NA
2019,10,19,18,NA,NA,NA,NA,NA
2019,10,19,21,NA,NA,NA,NA,NA
2019,10,20,0,NA,NA,NA,NA,NA
2019,10,20,3,NA,NA,NA,NA,NA
2019,10,20,6,NA,NA,NA,NA,NA
2019,10,20,9,NA,NA,NA,NA,NA
2019,10,20,12,NA,NA,NA,NA,NA
2019,10,20,15,NA,NA,NA,NA,NA
2019,10,20,18,NA,NA,NA,NA,NA
2019,10,20,21,NA,NA,NA,NA,NA
2019,10,21,0,NA,NA,NA,NA,NA
2019,10,21,3,NA,NA,NA,NA,NA
2019,10,21,6,NA,NA,NA,NA,NA
2019,10,21,9,NA,NA,NA,NA,NA
2019,10,21,12,NA,NA,NA,NA,NA
2019,10,21,15,NA,NA,NA,NA,NA
2019,10,21,18,NA,NA,NA,NA,NA
2019,10,21,21,NA,NA,NA,NA,NA
2019,10,22,0,NA,NA,NA,NA,NA
2019,10,22,3,NA,NA,NA,NA,NA
2019,10,22,6,NA,NA,NA,NA,NA
2019,10,22,9,NA,NA,NA,NA,NA
2019,10,22,12,NA,NA,NA,NA,NA
2019,10,22,15,NA,NA,NA,NA,NA
2019,10,22,18,NA,NA,NA,NA,NA
2019,10,22,21,NA,NA,NA,NA,NA
2019,10,23,0,NA,NA,NA,NA,NA
2019,10,23,3,NA,NA,NA,NA,NA
2019,10,23,6,NA,NA,NA,NA,NA
2019,10,23,9,NA,NA,NA,NA,NA
2019,10,23,12,NA,NA,NA,NA,NA
2019,10,23,15,NA,NA,NA,NA,NA
2019,10,23,18,NA,NA,NA,NA,NA
2019,10,23,21,NA,NA,NA,NA,NA
2019,10,24,0,NA,NA,NA,NA,NA
2019,10,24,3,NA,NA,NA,NA,NA
2019,10,24,6,NA,NA,NA,NA,NA
2019,10,24,9,NA,NA,NA,NA,NA
2019,10,24,12,NA,NA,NA,NA,NA
2019,10,24,15,NA,NA,NA,NA,NA
2019,10,24,18,NA,NA,NA,NA,NA
2019,10,24,21,NA,NA,NA,NA,NA
2019,10,25,0,NA,NA,NA,NA,NA
2019,10,25,3,NA,NA,NA,NA,NA
2019,10,25,6,NA,NA,NA,NA,NA
2019,10,25,9,NA,NA,NA,NA,NA
2019,10,25,12,NA,NA,NA,NA,NA
2019,10,25,15,NA,NA,NA,NA,NA
2019,10,25,18,NA,NA,NA,NA,NA
2019,10,25,21,NA,NA,NA,NA,NA
2019,10,26,0,NA,NA,NA,NA,NA
2019,10,26,3,NA,NA,NA,NA,NA
2019,10,26,6,NA,NA,NA,NA,NA
2019,10,26,9,NA,NA,NA,NA,NA
2019,10,26,12,NA,NA,NA,NA,NA
2019,10,26,15,NA,NA,NA,NA,NA
2019,10,26,18,NA,NA,NA,NA,NA
2019,10,26,21,NA,NA,NA,NA,NA
2019,10,27,0,NA,NA,NA,NA,NA
2019,10,27,3,NA,NA,NA,NA,NA
2019,10,27,6,NA,NA,NA,NA,NA
2019,10,27,9,NA,NA,NA,NA,NA
2019,10,27,12,NA,NA,NA,NA,NA
2019,10,27,15,NA,NA,NA,NA,NA
2019,10,27,18,NA,NA,NA,NA,NA
2019,10,27,21,NA,NA,NA,NA,NA
2019,10,28,0,NA,NA,NA,NA,NA
2019,10,28,3,NA,NA,NA,NA,NA
2019,10,28,6,NA,NA,NA,NA,NA
2019,10,28,9,NA,NA,NA,NA,NA
2019,10,28,12,NA,NA,NA,NA,NA
2019,10,28,15,NA,NA,NA,NA,NA
2019,10,28,18,NA,NA,NA,NA,NA
2019,10,28,21,NA,NA,NA,NA,NA
2019,10,29,0,NA,NA,NA,NA,NA
2019,10,29,3,NA,NA,NA,NA,NA
2019,10,29,6,NA,NA,NA,NA,NA
2019,10,29,9,NA,NA,NA,NA,NA
2019,10,29,12,NA,NA,NA,NA,NA
2019,10,29,15,NA,NA,NA,NA,NA
2019,10,29,18,NA,NA,NA,NA,NA
2019,10,29,21,NA,NA,NA,NA,NA
2019,10,30,0,NA,NA,NA,NA,NA
2019,10,30,3,NA,NA,NA,NA,NA
2019,10,30,6,NA,NA,NA,NA,NA
2019,10,30,9,NA,NA,NA,NA,NA
2019,10,30,12,NA,NA,NA,NA,NA
2019,10,30,15,NA,NA,NA,NA,NA
2019,10,30,18,NA,NA,NA,NA,NA
2019,10,30,21,NA,NA,NA,NA,NA
2019,10,31,0,NA,NA,NA,NA,NA
2019,10,31,3,NA,NA,NA,NA,NA
2019,10,31,6,NA,NA,NA,NA,NA
2019,10,31,9,NA,NA,NA,NA,NA
2019,10,31,12,NA,NA,NA,NA,NA
2019,10,31,15,NA,NA,NA,NA,NA
2019,10,31,18,NA,NA,NA,NA,NA
2019,10,31,21,NA,NA,NA,NA,NA
2019,11,1,0,-17.6,931,18,230,89
2019,11,1,3,-17.1,931.3,NA,230,90
2019,11,1,6,-16.2,931.5,NA,240,90
2019,11,1,9,-17.6,930.3,NA,220,88
2019,11,1,12,-16.9,929,4,350,48
2019,11,1,15,-16,927.2,NA,240,37
2019,11,1,18,-12.7,926.8,NA,210,30
2019,11,1,21,-12.7,926.9,NA,240,35
2019,11,2,0,-14.7,926.7,NA,230,87
2019,11,2,3,-14.2,927.2,NA,220,76
2019,11,2,6,-14.2,928.6,NA,210,89
2019,11,2,9,-14.6,928.4,NA,350,74
2019,11,2,12,-13.7,928.1,NA,290,51
2019,11,2,15,-12.3,927.8,7,250,46
2019,11,2,18,-11.4,928.4,NA,220,44
2019,11,2,21,-11.2,929.3,NA,240,41
2019,11,3,0,-13.9,928.7,NA,230,80
2019,11,3,3,-14.2,930.1,NA,240,85
2019,11,3,6,-13.1,930.9,NA,230,64
2019,11,3,9,-12.4,930.2,NA,240,74
2019,11,3,12,-11.8,930.4,NA,240,75
2019,11,3,15,-12.2,928.9,NA,240,90
2019,11,3,18,-12.2,931.7,NA,230,84
2019,11,3,21,-11.1,930.1,NA,NA,86
2019,11,4,0,-11.6,931.1,NA,NA,91
2019,11,4,3,-13,930.2,NA,NA,90
2019,11,4,6,-11.6,928.9,NA,240,89
2019,11,4,9,-11.5,930.4,NA,240,92
2019,11,4,12,-11.3,931.5,NA,230,95
2019,11,4,15,-11.2,931.6,NA,220,95
2019,11,4,18,-11.8,931.1,NA,230,92
2019,11,4,21,-11.7,933,NA,230,79
2019,11,5,0,-11.4,933.3,NA,220,80
2019,11,5,3,-10.9,933.6,NA,220,95
2019,11,5,6,-10.4,933.1,NA,230,67
2019,11,5,9,-10.2,933,NA,240,68
2019,11,5,12,-10.3,933,NA,250,80
2019,11,5,15,-6.7,931.7,NA,320,41
2019,11,5,18,-9,931.3,NA,260,54
2019,11,5,21,-8.6,931.7,NA,210,50
2019,11,6,0,-11.3,931.6,NA,240,61
2019,11,6,3,-11.4,931.7,NA,240,73
2019,11,6,6,-11.7,931.9,NA,240,76
2019,11,6,9,-10.4,932.5,NA,250,55
2019,11,6,12,-10.2,932.6,NA,290,46
2019,11,6,15,-10.5,932.3,6,300,43
2019,11,6,18,-9.3,931.7,7,0,44
2019,11,6,21,-7.5,931.7,NA,10,46
2019,11,7,0,-6.4,NA,NA,30,42
2019,11,7,3,-7.1,935.4,NA,260,50
2019,11,7,6,-6.2,928.9,4,260,36
2019,11,7,9,-8.3,916.8,3,290,45
2019,11,7,12,-8.5,909.6,3,290,40
2019,11,7,15,-8.8,909.1,NA,280,43
2019,11,7,18,-8.9,918.7,7,250,43
2019,11,7,21,-8.2,929.6,4,240,48
2019,11,8,0,-7.2,952.1,NA,90,42
2019,11,8,3,-8.7,NA,4,40,57
2019,11,8,6,-9.2,929.2,3,20,50
2019,11,8,9,-10.7,911.8,5,10,55
2019,11,8,12,-12.6,NA,4,20,78
2019,11,8,15,-11.4,908.2,6,20,53
2019,11,8,18,-10.5,926.5,NA,30,71
2019,11,8,21,-9.4,945,NA,260,52
2019,11,9,0,-11,NA,4,260,NA
2019,11,9,3,-12,936,3,80,94
2019,11,9,6,-13,911.5,2,30,94
2019,11,9,9,-13.4,908.4,1,210,93
2019,11,9,12,-14.9,907.6,1,10,91
2019,11,9,15,-14.4,912.7,4,20,92
2019,11,9,18,-13,924.5,NA,340,93
2019,11,9,21,-10.4,945.8,NA,140,95
2019,11,10,0,-10.9,942.1,3,50,95
2019,11,10,3,-11.1,952,1,70,95
2019,11,10,6,-11,935.3,0,20,95
2019,11,10,9,-11.3,923.6,NA,70,95
2019,11,10,12,-11.6,NA,4,60,95
2019,11,10,15,-11.8,924.8,NA,0,95
2019,11,10,18,-10.6,936.8,0,290,95
2019,11,10,21,-10.5,945.4,3,70,95
2019,11,11,0,-8.8,962.2,1,30,96
2019,11,11,3,-5.6,NA,0,20,53
2019,11,11,6,-6.3,944.7,1,250,50
2019,11,11,9,-7.8,921.7,0,280,55
2019,11,11,12,-9.4,NA,2,30,57
2019,11,11,15,-7.9,920.1,1,320,40
2019,11,11,18,-9.1,932.8,NA,250,53
2019,11,11,21,NA,NA,NA,NA,NA
2019,11,12,0,-4.1,928.5,3,240,42
2019,11,12,3,-2.6,926.7,3,250,32
2019,11,12,6,-4,925.6,4,250,46
2019,11,12,9,NA,925.1,NA,250,67
2019,11,12,12,NA,924.5,NA,240,95
2019,11,12,15,-9.5,924.6,NA,0,94
2019,11,12,18,-8.5,925.4,NA,250,53
2019,11,12,21,-9.9,925.1,NA,250,71
2019,11,13,0,-7.3,924.8,NA,190,69
2019,11,13,3,-9.1,924.7,NA,50,76
2019,11,13,6,-10.1,924.1,NA,40,80
2019,11,13,9,-9.8,924,NA,40,58
2019,11,13,12,-10.4,924.1,NA,20,54
2019,11,13,15,-10.4,924.3,NA,280,72
2019,11,13,18,-12.4,925.4,NA,70,94
2019,11,13,21,-11.4,927.1,3,170,95
2019,11,14,0,-11.5,928.1,2,240,94
2019,11,14,3,-11.5,929.2,2,230,95
2019,11,14,6,-11.8,930.7,2,230,95
2019,11,14,9,-12.1,932.2,5,210,94
2019,11,14,12,-12.6,933.7,2,230,94
2019,11,14,15,-12.9,934.3,NA,230,94
2019,11,14,18,-12,935.6,2,150,94
2019,11,14,21,-11.6,936.4,4,210,95
2019,11,15,0,-10.7,936.9,4,150,95
2019,11,15,3,-10.5,937.5,2,250,95
2019,11,15,6,-11.6,937.8,NA,250,95
2019,11,15,9,-11.6,938.1,NA,240,67
2019,11,15,12,-11.6,937.8,NA,40,66
2019,11,15,15,-12.9,936.5,NA,250,93
2019,11,15,18,-11.9,934.9,NA,240,74
2019,11,15,21,-12.1,934.1,NA,230,77
2019,11,16,0,-12.2,932.4,NA,240,86
2019,11,16,3,-12,930.9,NA,220,87
2019,11,16,6,-11.3,929.2,NA,240,77
2019,11,16,9,-11.9,928.3,NA,230,77
2019,11,16,12,-12.6,926.4,NA,230,80
2019,11,16,15,-13.5,926.6,NA,230,86
2019,11,16,18,-13.7,927.3,NA,240,88
2019,11,16,21,-13.6,929.5,NA,230,85
2019,11,17,0,-13.5,930.4,NA,240,90
2019,11,17,3,-12.9,930.9,NA,220,86
2019,11,17,6,-13.8,930.7,NA,230,86
2019,11,17,9,-13.8,930.5,21,240,80
2019,11,17,12,-14.4,930.7,NA,230,84
2019,11,17,15,-15.2,930.4,NA,220,92
2019,11,17,18,-14.7,930,NA,200,92
2019,11,17,21,-14.6,930.1,0,250,92
2019,11,18,0,-13.9,930,1,150,93
2019,11,18,3,-12.7,930.2,3,200,93
2019,11,18,6,-12.1,930.4,NA,230,77
2019,11,18,9,-12,931,NA,240,61
2019,11,18,12,-13.4,931.3,NA,230,66
2019,11,18,15,-12.4,931.1,NA,240,51
2019,11,18,18,-10.7,931.8,NA,220,46
2019,11,18,21,-10.6,932,NA,230,57
2019,11,19,0,-9.3,NA,NA,250,51
2019,11,19,3,-7.8,930.5,NA,240,38
2019,11,19,6,-8.1,929.9,NA,250,33
2019,11,19,9,-9.4,930.2,NA,240,50
2019,11,19,12,-9.3,930.3,NA,250,42
2019,11,19,15,-9.3,930.2,NA,330,34
2019,11,19,18,-9.4,930,NA,10,36
2019,11,19,21,-9,929.8,NA,70,56
2019,11,20,0,-9,929.5,6,70,57
2019,11,20,3,-9.1,928.9,NA,50,79
2019,11,20,6,-9.6,928.6,4,240,80
2019,11,20,9,-12.1,928.6,NA,240,94
2019,11,20,12,-11.2,928.7,NA,310,68
2019,11,20,15,-11.1,929.1,NA,300,59
2019,11,20,18,-10.9,930,2,240,72
2019,11,20,21,-9.7,931,1,250,79
2019,11,21,0,-9.3,932.2,2,80,81
2019,11,21,3,-9.3,933.1,2,140,90
2019,11,21,6,-10.7,933.7,1,30,89
2019,11,21,9,-11.2,934.5,2,180,85
2019,11,21,12,-12.4,934.9,NA,240,93
2019,11,21,15,-12.2,934.8,NA,240,80
2019,11,21,18,-11.1,934.7,NA,20,66
2019,11,21,21,-8.8,934.3,4,210,43
2019,11,22,0,-7.9,933.3,NA,230,42
2019,11,22,3,-7.1,932.4,NA,230,52
2019,11,22,6,-7.2,931.8,8,210,57
2019,11,22,9,-7.3,930.6,NA,220,55
2019,11,22,12,-9.2,929.9,NA,230,96
2019,11,22,15,-8.7,930.2,NA,220,97
2019,11,22,18,-9.1,930.7,NA,220,96
2019,11,22,21,-8.3,930.9,NA,190,97
2019,11,23,0,-10.7,930.9,NA,240,96
2019,11,23,3,-10.8,931.2,NA,NA,96
2019,11,23,6,-11.5,931.3,NA,NA,96
2019,11,23,9,-12,933,NA,NA,95
2019,11,23,12,-11.7,932.4,NA,250,92
2019,11,23,15,-11.3,932.6,NA,230,89
2019,11,23,18,-10.3,931.6,NA,280,88
2019,11,23,21,-9.1,931.3,NA,160,87
2019,11,24,0,-9.3,931.4,NA,40,84
2019,11,24,3,-8.2,932.2,NA,230,75
2019,11,24,6,-9.4,932.4,NA,240,90
2019,11,24,9,-9.3,932.5,NA,240,64
2019,11,24,12,-9.3,932.7,NA,230,62
2019,11,24,15,-9.7,933.8,NA,240,72
2019,11,24,18,-8.7,933.8,NA,240,59
2019,11,24,21,-7.1,933.4,NA,NA,50
2019,11,25,0,-7.4,932.3,NA,NA,69
2019,11,25,3,-6.7,932.1,NA,230,56
2019,11,25,6,-6.7,933,NA,230,55
2019,11,25,9,-7.1,933.5,NA,240,55
2019,11,25,12,-7.6,933.4,NA,300,42
2019,11,25,15,-7.1,933,NA,0,37
2019,11,25,18,-6.4,932.6,1,60,70
2019,11,25,21,-5.5,933.2,2,20,72
2019,11,26,0,-5.7,933.5,4,50,69
2019,11,26,3,-6.4,933.5,NA,40,46
2019,11,26,6,-7.2,933.1,NA,30,48
2019,11,26,9,-8.4,932.8,NA,260,93
2019,11,26,12,-10.1,931.6,NA,250,96
2019,11,26,15,-10.2,930.7,NA,230,95
2019,11,26,18,-9.9,929.6,NA,NA,84
2019,11,26,21,-8.9,928.9,NA,NA,74
2019,11,27,0,-8.1,927.1,NA,NA,56
2019,11,27,3,-8.9,926.3,NA,240,72
2019,11,27,6,-7.2,925.3,NA,240,62
2019,11,27,9,-7.1,924.3,NA,330,46
2019,11,27,12,-7,923.1,4,300,46
2019,11,27,15,-6.1,922.1,4,340,41
2019,11,27,18,-6.2,921.6,1,50,41
2019,11,27,21,-5.2,921.4,4,30,47
2019,11,28,0,-4.3,921.6,4,40,58
2019,11,28,3,-4.6,921.9,3,240,51
2019,11,28,6,-4.5,922.5,4,220,40
2019,11,28,9,-6.4,923.8,3,350,43
2019,11,28,12,-6.7,925.2,5,350,39
2019,11,28,15,-5.7,926.4,1,240,38
2019,11,28,18,-6.2,927.9,4,240,50
2019,11,28,21,-5.4,929.4,NA,100,54
2019,11,29,0,-3.9,930.5,2,220,56
2019,11,29,3,-4.6,931.3,0,120,62
2019,11,29,6,-5.1,931.9,1,20,49
2019,11,29,9,-6.1,932.3,4,10,49
2019,11,29,12,-5.8,932.7,2,340,45
2019,11,29,15,-7.3,932.9,5,280,47
2019,11,29,18,-4.6,933,NA,230,44
2019,11,29,21,-2.9,933.1,NA,90,48
2019,11,30,0,-4.4,933.3,4,40,73
2019,11,30,3,-5.4,933.1,NA,40,43
2019,11,30,6,-5.4,933.1,NA,260,55
2019,11,30,9,-5.9,933.1,NA,30,44
2019,11,30,12,-6.5,933.5,3,260,47
2019,11,30,15,-7.8,933.4,NA,250,63
2019,11,30,18,-7.3,933.7,7,240,60
2019,11,30,21,-7.1,933.9,5,210,84
2019,12,1,0,-6.8,934.1,NA,230,96
2019,12,1,3,-6.7,933.9,NA,220,96
2019,12,1,6,-7.1,933.2,2,190,98
2019,12,1,9,-7.9,932.8,3,40,98
2019,12,1,12,-8.5,932.6,NA,40,97
2019,12,1,15,-9.5,932.3,NA,350,93
2019,12,1,18,-8.7,932.7,NA,350,88
2019,12,1,21,-7.6,933.6,3,240,85
2019,12,2,0,-6.7,935,3,240,79
2019,12,2,3,NA,936.4,1,80,73
2019,12,2,6,-5.8,938.1,2,230,79
2019,12,2,9,NA,940.2,1,70,90
2019,12,2,12,NA,942.4,0,120,85
2019,12,2,15,-7.4,943.7,2,100,90
2019,12,2,18,-6.2,944.8,2,30,81
2019,12,2,21,-4.6,945.5,3,20,75
2019,12,3,0,-4.6,944.6,NA,50,44
2019,12,3,3,-4.3,943.3,NA,290,56
2019,12,3,6,-3.2,941.7,NA,10,43
2019,12,3,9,-2.5,940.5,NA,270,29
2019,12,3,12,-3.5,940.2,NA,240,32
2019,12,3,15,-6.2,940.3,NA,220,54
2019,12,3,18,-5.4,938.7,NA,70,58
2019,12,3,21,-6.3,938.4,NA,20,63
2019,12,4,0,-5.6,939.2,NA,220,82
2019,12,4,3,-6.5,937.7,NA,230,66
2019,12,4,6,-6.1,936.9,NA,240,48
2019,12,4,9,-6.7,936.7,NA,240,59
2019,12,4,12,-6.2,936.2,NA,260,50
2019,12,4,15,-6.3,935.4,NA,250,48
2019,12,4,18,-6.5,934.3,NA,230,50
2019,12,4,21,-7.6,933.9,NA,220,70
2019,12,5,0,-7.5,932.8,NA,230,72
2019,12,5,3,-7,932.6,NA,240,64
2019,12,5,6,-7.4,932,NA,230,60
2019,12,5,9,-6.9,931.8,NA,NA,49
2019,12,5,12,-6.8,930.4,NA,NA,43
2019,12,5,15,-5.8,928.5,NA,NA,44
2019,12,5,18,-6.1,927.3,NA,240,65
2019,12,5,21,-7.2,927.6,NA,NA,95
2019,12,6,0,-7.5,927.8,NA,NA,98
2019,12,6,3,-8.4,929.2,NA,230,98
2019,12,6,6,-8.4,930.3,NA,230,97
2019,12,6,9,-8.2,933.6,NA,230,98
2019,12,6,12,-8.8,935.2,NA,220,97
2019,12,6,15,-8.8,934.5,NA,240,97
2019,12,6,18,-8.7,935.1,NA,NA,97
2019,12,6,21,-8.3,934.4,18,NA,96
2019,12,7,0,-7.8,935.3,NA,220,97
2019,12,7,3,-6.4,935.1,NA,180,98
2019,12,7,6,-8.7,934.7,NA,230,98
2019,12,7,9,-9,934.7,NA,250,97
2019,12,7,12,-9.1,933.8,NA,340,95
2019,12,7,15,-8.8,932.7,3,0,83
2019,12,7,18,-8.2,932.4,NA,60,96
2019,12,7,21,-7.9,932.9,NA,200,97
2019,12,8,0,-7.6,933.2,NA,120,98
2019,12,8,3,-7.3,933.5,NA,50,95
2019,12,8,6,-8.2,934.5,NA,230,96
2019,12,8,9,-8,935.4,NA,240,95
2019,12,8,12,-9.6,936,NA,240,97
2019,12,8,15,-8.6,936,NA,240,97
2019,12,8,18,-7.6,935.7,NA,200,92
2019,12,8,21,-7,935.3,NA,230,89
2019,12,9,0,-6,934.2,5,230,87
2019,12,9,3,-6.7,932.2,NA,360,74
2019,12,9,6,-4.7,930.7,NA,10,51
2019,12,9,9,-4.8,929.7,6,290,39
2019,12,9,12,-6.1,929.2,6,280,41
2019,12,9,15,-5.5,928.4,8,270,47
2019,12,9,18,-4.7,928.7,NA,60,39
2019,12,9,21,-4.7,929,4,160,62
2019,12,10,0,NA,929.8,NA,140,NA
2019,12,10,3,-5.9,930.2,NA,300,98
2019,12,10,6,-7.2,930.6,NA,220,99
2019,12,10,9,-7.2,931.2,NA,220,98
2019,12,10,12,-7.7,931.7,NA,200,98
2019,12,10,15,-7.9,931.2,NA,240,98
2019,12,10,18,-7.8,931.1,NA,240,98
2019,12,10,21,-7.4,931.5,NA,210,98
2019,12,11,0,-7.3,931,NA,210,99
2019,12,11,3,-7.3,930.8,NA,220,99
2019,12,11,6,-7.6,931.3,NA,220,98
2019,12,11,9,-8,931.6,NA,230,98
2019,12,11,12,-8.5,932.1,NA,250,98
2019,12,11,15,-8.6,931.7,12,220,98
2019,12,11,18,-8.8,932.1,NA,240,97
2019,12,11,21,-6.6,932.7,NA,220,98
2019,12,12,0,-6.3,932.9,NA,50,96
2019,12,12,3,-6.6,933.3,3,260,80
2019,12,12,6,-6.7,933.6,2,250,81
2019,12,12,9,-6.7,933.6,NA,230,60
2019,12,12,12,-6.9,934.3,NA,240,67
2019,12,12,15,-6.3,934.1,NA,220,65
2019,12,12,18,-5.8,934.6,NA,210,64
2019,12,12,21,-5,934.9,6,230,64
2019,12,13,0,-4.8,935.3,3,70,75
2019,12,13,3,-6,935.1,5,50,83
2019,12,13,6,NA,935.3,1,170,64
2019,12,13,9,-5.9,935.5,3,260,73
2019,12,13,12,-6.1,935.8,3,250,78
2019,12,13,15,-7.7,935.7,NA,250,96
2019,12,13,18,-6.8,936.2,6,250,91
2019,12,13,21,-4.2,937,NA,240,68
2019,12,14,0,-5.5,937.2,6,50,73
2019,12,14,3,-6.8,937.6,NA,50,95
2019,12,14,6,-6.9,938.1,NA,30,99
2019,12,14,9,-7.5,938.2,NA,20,98
2019,12,14,12,-7.3,939,NA,30,98
2019,12,14,15,-7.6,939,NA,30,98
2019,12,14,18,-7.2,939.2,NA,60,98
2019,12,14,21,-7.6,939,4,220,99
2019,12,15,0,-7.5,937.7,NA,230,98
2019,12,15,3,-7.4,935.6,NA,230,98
2019,12,15,6,-7.2,935.7,NA,240,99
2019,12,15,9,-7.3,934.1,NA,230,99
2019,12,15,12,-7.3,933,NA,230,99
2019,12,15,15,-6.9,931.3,NA,230,99
2019,12,15,18,-6.6,931.5,NA,NA,99
2019,12,15,21,-6.3,932.1,NA,NA,99
2019,12,16,0,-5.8,932.3,NA,NA,99
2019,12,16,3,-5.4,932.6,NA,NA,99
2019,12,16,6,-5.7,933.2,NA,NA,99
2019,12,16,9,-5.6,933,NA,NA,99
2019,12,16,12,-5.5,934.5,NA,NA,98
2019,12,16,15,-5.9,935,NA,NA,95
2019,12,16,18,-5.9,935.3,NA,NA,96
2019,12,16,21,-5.8,935.1,NA,240,98
2019,12,17,0,-5.7,935.1,NA,250,98
2019,12,17,3,-5.8,934.9,NA,240,99
2019,12,17,6,-5.8,934.8,NA,240,99
2019,12,17,9,-6.1,934.8,NA,240,99
2019,12,17,12,-5.4,933.9,NA,150,91
2019,12,17,15,-4.6,932.4,NA,230,85
2019,12,17,18,-4.6,931.6,NA,360,78
2019,12,17,21,-2.9,931.6,NA,270,71
2019,12,18,0,-1.2,931.6,NA,30,67
2019,12,18,3,-1.1,931.3,2,280,61
2019,12,18,6,NA,931.5,1,210,71
2019,12,18,9,NA,931.9,0,90,91
2019,12,18,12,-6.7,932.6,NA,260,97
2019,12,18,15,-6.2,933.4,NA,240,99
2019,12,18,18,-5.8,934.8,4,190,99
2019,12,18,21,-5.6,936.3,3,210,99
2019,12,19,0,-5.3,937.6,NA,210,99
2019,12,19,3,-6.1,937.8,NA,220,99
2019,12,19,6,-6.5,938.9,9,230,99
2019,12,19,9,-6.6,938.7,NA,230,99
2019,12,19,12,-7.2,938.9,NA,220,99
2019,12,19,15,-8,938.3,NA,230,98
2019,12,19,18,-8,937.1,16,NA,98
2019,12,19,21,-8.2,936.5,NA,NA,98
2019,12,20,0,-8.3,934.6,NA,NA,98
2019,12,20,3,-8.8,931.8,NA,NA,98
2019,12,20,6,-8.9,930.5,NA,NA,98
2019,12,20,9,-9.5,926.1,NA,NA,98
2019,12,20,12,-9.3,926.4,NA,NA,98
2019,12,20,15,-9.5,923.6,NA,NA,97
2019,12,20,18,-9.2,923,NA,NA,98
2019,12,20,21,-8.9,925.7,NA,NA,98
2019,12,21,0,-8.9,923.4,NA,NA,98
2019,12,21,3,-8.8,927.3,NA,NA,98
2019,12,21,6,-9.2,929.1,NA,NA,98
2019,12,21,9,-9.1,929.4,57,NA,98
2019,12,21,12,-9,930.4,55,NA,98
2019,12,21,15,-8.5,933.8,NA,NA,89
2019,12,21,18,-6,932.8,NA,240,58
2019,12,21,21,-5.8,933.5,NA,230,62
2019,12,22,0,-2.9,933.9,NA,220,49
2019,12,22,3,-2.4,933.1,NA,200,49
2019,12,22,6,-0.9,932.8,NA,220,38
2019,12,22,9,-2.9,931.7,6,350,43
2019,12,22,12,1.1,929.8,NA,340,27
2019,12,22,15,0.7,928.4,NA,330,28
2019,12,22,18,NA,927.4,NA,250,63
2019,12,22,21,NA,928.6,NA,230,73
2019,12,23,0,-3.1,929,NA,40,56
2019,12,23,3,-5.1,928.6,6,50,69
2019,12,23,6,-5.8,927.9,NA,40,66
2019,12,23,9,-5.4,927,NA,10,49
2019,12,23,12,-5.3,925.9,NA,NA,43
2019,12,23,15,-5.3,924.7,20,NA,58
2019,12,23,18,-5.1,924.3,20,20,52
2019,12,23,21,-4.5,924,NA,10,52
2019,12,24,0,-4.3,924.5,NA,20,64
2019,12,24,3,-4.4,924.5,NA,30,48
2019,12,24,6,-5.7,924.5,NA,210,95
2019,12,24,9,-6.5,924.2,NA,200,99
2019,12,24,12,-7.2,924.1,4,40,98
2019,12,24,15,-7.1,923.9,2,250,99
2019,12,24,18,-6.3,923.4,2,220,92
2019,12,24,21,NA,923.2,1,140,89
2019,12,25,0,-6,923.4,NA,220,90
2019,12,25,3,-6.8,922.8,NA,230,99
2019,12,25,6,-6.9,922.5,NA,240,99
2019,12,25,9,-7.9,922.5,NA,230,99
2019,12,25,12,-8.2,922.5,15,230,98
2019,12,25,15,-7.9,921.5,NA,220,99
2019,12,25,18,-7.2,921.2,NA,230,83
2019,12,25,21,-7.3,920.9,NA,230,98
2019,12,26,0,-7.3,922.1,NA,240,99
2019,12,26,3,-7,922.8,NA,240,89
2019,12,26,6,-5.6,924.2,NA,240,72
2019,12,26,9,-5.4,924.6,NA,180,72
2019,12,26,12,-5.4,924.4,NA,340,60
2019,12,26,15,-5.8,923.5,NA,350,59
2019,12,26,18,-2.9,923,NA,20,59
2019,12,26,21,-2.2,922.8,NA,350,55
2019,12,27,0,-2.4,923,4,260,55
2019,12,27,3,-4.2,923.2,NA,50,68
2019,12,27,6,-6.1,923.3,NA,30,98
2019,12,27,9,-6.5,924.1,NA,50,99
2019,12,27,12,-8,924.8,4,270,99
2019,12,27,15,-8,925.3,NA,210,98
2019,12,27,18,-7.9,926.6,3,360,98
2019,12,27,21,-7,927.8,NA,350,99
2019,12,28,0,-6.3,929.3,NA,70,99
2019,12,28,3,-6.6,930,NA,70,99
2019,12,28,6,-6.6,930.9,NA,90,99
2019,12,28,9,NA,931.8,1,80,99
2019,12,28,12,-6.8,932.3,4,230,99
2019,12,28,15,-7.4,932.5,NA,240,99
2019,12,28,18,-7.3,932.6,NA,240,99
2019,12,28,21,-6.9,933.2,8,230,99
2019,12,29,0,-6.2,933.4,7,NA,99
2019,12,29,3,-6.4,933.1,NA,NA,99
2019,12,29,6,-6.7,932.9,NA,NA,99
2019,12,29,9,-7,933.2,12,NA,99
2019,12,29,12,-7.2,933.5,NA,NA,99
2019,12,29,15,-7,933.7,NA,240,99
2019,12,29,18,-6.6,934.1,NA,20,99
2019,12,29,21,-4.1,934.6,3,220,99
2019,12,30,0,-5.7,935.2,4,70,99
2019,12,30,3,-6.5,935.2,NA,10,99
2019,12,30,6,-6.6,934.9,NA,20,99
2019,12,30,9,-6,935.1,NA,20,99
2019,12,30,12,-6.5,935.6,NA,20,99
2019,12,30,15,-6.3,935.8,NA,0,99
2019,12,30,18,NA,936,0,300,99
2019,12,30,21,NA,936.4,0,260,99
2019,12,31,0,NA,937.3,1,150,99
2019,12,31,3,-4.6,938,NA,210,99
2019,12,31,6,-5.1,938.5,NA,250,99
2019,12,31,9,-4.9,938.7,3,230,99
2019,12,31,12,NA,939,0,50,99
2019,12,31,15,-6,939.3,4,240,99
2019,12,31,18,-5.9,939.8,NA,230,99
2019,12,31,21,-5.4,940.3,6,200,99
2020,1,1,0,-5.4,940.8,7,240,99
2020,1,1,3,-5.8,940.5,7,230,99
2020,1,1,6,-5.8,940.6,NA,0,99
2020,1,1,9,-5.6,940.7,NA,NA,99
2020,1,1,12,-6.1,940.4,NA,NA,99
2020,1,1,15,-6,939.1,NA,NA,99
2020,1,1,18,-5.7,938.2,NA,NA,99
2020,1,1,21,-5.8,937.2,NA,NA,99
2020,1,2,0,-5.5,935.9,NA,NA,99
2020,1,2,3,-5.5,934.1,NA,NA,99
2020,1,2,6,-6.3,932.8,NA,NA,99
2020,1,2,9,-6.6,931.3,NA,NA,99
2020,1,2,12,-7.4,929.7,NA,NA,99
2020,1,2,15,-6.7,928.4,NA,NA,99
2020,1,2,18,-5,928.1,NA,NA,99
2020,1,2,21,NA,928.1,1,10,99
2020,1,3,0,-3.9,928.3,2,160,99
2020,1,3,3,NA,928,1,260,99
2020,1,3,6,-5,927.9,4,250,99
2020,1,3,9,-4.7,928,5,230,99
2020,1,3,12,NA,928,1,10,99
2020,1,3,15,-5.3,927.3,2,260,99
2020,1,3,18,-4.2,927.1,2,250,95
2020,1,3,21,NA,926.8,1,30,80
2020,1,4,0,-3.2,926.6,4,70,92
2020,1,4,3,NA,926.1,1,10,72
2020,1,4,6,-3.1,926.1,3,240,81
2020,1,4,9,-4.9,926,3,270,96
2020,1,4,12,-5.6,926.4,6,250,95
2020,1,4,15,-6.1,926.5,5,240,99
2020,1,4,18,-5.3,927.4,NA,220,99
2020,1,4,21,-5.1,928,NA,230,99
2020,1,5,0,-4.6,928.8,NA,220,99
2020,1,5,3,-4.6,929,7,240,99
2020,1,5,6,-4.3,929.4,NA,240,99
2020,1,5,9,-4.6,929.4,NA,240,99
2020,1,5,12,-5.1,929.5,3,100,99
2020,1,5,15,NA,929.1,0,320,99
2020,1,5,18,NA,929.4,1,250,99
2020,1,5,21,NA,928.8,0,90,99
2020,1,6,0,-3.3,928.8,2,150,99
2020,1,6,3,NA,928.2,1,50,98
2020,1,6,6,NA,928,1,30,99
2020,1,6,9,-5.1,928,2,20,99
2020,1,6,12,-5.3,928.2,3,260,NA
2020,1,6,15,-5.6,928.3,4,280,99
2020,1,6,18,-5.5,929.3,NA,250,99
2020,1,6,21,-5,930.3,NA,230,99
2020,1,7,0,-4.6,931.9,11,230,99
2020,1,7,3,-4.5,932.7,13,240,99
2020,1,7,6,-5.3,934.4,12,230,99
2020,1,7,9,-6.7,935.6,15,240,99
2020,1,7,12,-6,937.3,11,240,74
2020,1,7,15,-5.3,937.6,15,230,79
2020,1,7,18,-5.1,938.5,NA,230,76
2020,1,7,21,-4.9,938.4,NA,240,74
2020,1,8,0,-4.3,938.5,10,230,74
2020,1,8,3,-3.3,937.7,NA,240,79
2020,1,8,6,-4.5,936.6,NA,40,77
2020,1,8,9,-5.8,935.5,NA,40,67
2020,1,8,12,-4.9,934.5,3,10,45
2020,1,8,15,-4,933.2,3,330,45
2020,1,8,18,-2.7,932.5,3,190,60
2020,1,8,21,NA,932,1,130,58
2020,1,9,0,-4.4,931.7,4,250,66
2020,1,9,3,-4.9,931.2,4,250,69
2020,1,9,6,-5.6,931.3,6,230,94
2020,1,9,9,-6.8,931.6,5,240,93
2020,1,9,12,-6.9,932,4,250,99
2020,1,9,15,-7.4,932,NA,230,99
2020,1,9,18,-7.6,932.4,NA,250,99
2020,1,9,21,-7,932.6,NA,240,99
2020,1,10,0,-6.9,933.3,NA,240,99
2020,1,10,3,-6.8,932.6,2,110,96
2020,1,10,6,-6.9,932.3,4,50,99
2020,1,10,9,-7.4,931.8,5,10,99
2020,1,10,12,-7.5,931.5,NA,260,89
2020,1,10,15,-6.6,931,5,260,73
2020,1,10,18,-4.5,931.1,3,260,49
2020,1,10,21,-3.3,931.2,2,20,69
2020,1,11,0,-3.4,931.5,4,30,51
2020,1,11,3,-4,931.4,NA,10,53
2020,1,11,6,-4.2,931.1,8,360,41
2020,1,11,9,-4.7,930.9,8,350,34
2020,1,11,12,-6,930.3,NA,20,54
2020,1,11,15,-6,929.6,12,20,43
2020,1,11,18,-5.9,929.5,12,30,56
2020,1,11,21,-7,929.6,9,20,90
2020,1,12,0,-6,929.8,NA,70,95
2020,1,12,3,-6.3,930,NA,80,99
2020,1,12,6,-6.4,930.3,NA,260,98
2020,1,12,9,-6.5,930.2,NA,240,77
2020,1,12,12,-5.6,929.9,NA,240,82
2020,1,12,15,-6,930.1,NA,230,94
2020,1,12,18,-5.5,930.6,NA,240,87
2020,1,12,21,-5.3,931,NA,240,85
2020,1,13,0,-5.2,931.8,NA,230,NA
2020,1,13,3,-5,931.8,NA,220,96
2020,1,13,6,-5.3,932.2,NA,240,99
2020,1,13,9,-6.3,931.8,NA,230,99
2020,1,13,12,-6,931.5,NA,230,99
2020,1,13,15,-6,930.6,NA,190,99
2020,1,13,18,-5.9,929.6,NA,240,99
2020,1,13,21,-5.3,928.8,NA,230,99
2020,1,14,0,-4.9,928.2,6,230,99
2020,1,14,3,-5.4,927.2,NA,220,99
2020,1,14,6,-5.6,927.1,NA,230,99
2020,1,14,9,-5.7,927.4,NA,240,99
2020,1,14,12,-6,927.8,9,230,99
2020,1,14,15,-6.1,928.2,10,230,99
2020,1,14,18,-6,929,9,210,99
2020,1,14,21,-5.2,929.9,NA,240,99
2020,1,15,0,-5.4,930.3,NA,70,98
2020,1,15,3,-5.7,930,NA,20,86
2020,1,15,6,-5.4,930.3,6,50,80
2020,1,15,9,-5.8,929.8,NA,40,93
2020,1,15,12,-6.1,929.3,NA,30,94
2020,1,15,15,-6.3,928.9,NA,50,96
2020,1,15,18,-5.6,928.2,NA,0,95
2020,1,15,21,-5.9,927.5,4,260,99
2020,1,16,0,-6.3,927,NA,240,99
2020,1,16,3,-5.8,926.5,NA,240,99
2020,1,16,6,-6.3,925.9,NA,230,99
2020,1,16,9,-6.1,926.5,NA,220,99
2020,1,16,12,-6.6,925.9,17,230,99
2020,1,16,15,-6.7,925.3,NA,240,99
2020,1,16,18,-6.6,925.9,14,230,99
2020,1,16,21,-6.7,925.4,NA,230,99
2020,1,17,0,-6.6,925,NA,230,99
2020,1,17,3,-6.6,925.8,NA,240,99
2020,1,17,6,-6.8,926.5,NA,240,99
2020,1,17,9,-6.8,926.9,NA,290,96
2020,1,17,12,-7,927.1,NA,340,92
2020,1,17,15,-8.2,926.6,NA,360,93
2020,1,17,18,-7.8,926.4,NA,10,95
2020,1,17,21,-5.5,926.2,NA,330,98
2020,1,18,0,-5.6,926.4,3,30,99
2020,1,18,3,-6.2,926.5,3,30,96
2020,1,18,6,-6.7,926.4,NA,20,95
2020,1,18,9,-6.5,926.5,NA,50,99
2020,1,18,12,-7.4,926,NA,10,86
2020,1,18,15,-8,925.6,7,260,99
2020,1,18,18,-8.2,925,NA,240,99
2020,1,18,21,-7.4,924.7,NA,230,99
2020,1,19,0,-6,924.3,NA,230,77
2020,1,19,3,-5.2,923.6,NA,30,87
2020,1,19,6,-7.6,923,5,10,90
2020,1,19,9,-6.3,922.5,4,30,63
2020,1,19,12,-7.9,922.2,NA,350,66
2020,1,19,15,-6.7,921.4,NA,320,57
2020,1,19,18,-7.2,920.9,4,20,76
2020,1,19,21,-5.4,920.6,2,80,75
2020,1,20,0,-4.1,920.8,2,220,68
2020,1,20,3,-4.4,920.6,NA,240,58
2020,1,20,6,-4.7,920.7,NA,NA,52
2020,1,20,9,-5.8,920.9,NA,NA,58
2020,1,20,12,-5.2,921,NA,NA,49
2020,1,20,15,-6,921.9,NA,230,83
2020,1,20,18,-4.8,923.2,NA,240,60
2020,1,20,21,-3.7,924.4,NA,240,49
2020,1,21,0,-3.2,925.7,14,230,50
2020,1,21,3,-1,926.7,NA,190,42
2020,1,21,6,-2.1,927.4,NA,360,38
2020,1,21,9,-3,927.9,NA,330,36
2020,1,21,12,-3.2,929.1,NA,340,34
2020,1,21,15,-3.7,929.9,NA,300,39
2020,1,21,18,-3.7,931.3,NA,250,46
2020,1,21,21,NA,932.9,1,210,49
2020,1,22,0,-3.3,934.5,NA,210,65
2020,1,22,3,-4.4,935.4,4,40,73
2020,1,22,6,-4.7,936.1,NA,240,79
2020,1,22,9,-5.5,936.2,NA,230,88
2020,1,22,12,-5.9,937.4,NA,250,79
2020,1,22,15,-6.4,938.4,NA,240,75
2020,1,22,18,-5.8,938.5,NA,260,78
2020,1,22,21,-4,937.9,NA,310,73
2020,1,23,0,-5.4,936.9,NA,20,83
2020,1,23,3,-5.5,936.1,NA,20,74
2020,1,23,6,-3.9,935.6,NA,340,64
2020,1,23,9,-6,935.4,NA,20,71
2020,1,23,12,-5.1,935.3,NA,260,66
2020,1,23,15,-6.6,935.1,4,250,61
2020,1,23,18,-6.9,935.5,4,230,98
2020,1,23,21,-5.7,936.4,5,250,82
2020,1,24,0,-2.6,937.2,2,210,50
2020,1,24,3,-5,937.1,5,30,73
2020,1,24,6,-3.6,937.2,3,250,49
2020,1,24,9,-3.8,937.7,5,280,38
2020,1,24,12,-5.3,938.6,7,250,55
2020,1,24,15,-5.5,938.2,6,260,59
2020,1,24,18,-4.6,937.8,NA,350,55
2020,1,24,21,-3.8,937.2,4,30,60
2020,1,25,0,-3.2,935.5,NA,340,44
2020,1,25,3,-3.8,933.8,NA,30,41
2020,1,25,6,-4.7,932.3,NA,10,42
2020,1,25,9,-5.1,931.5,10,0,41
2020,1,25,12,-6,931.4,NA,10,51
2020,1,25,15,-6.3,931.4,NA,290,52
2020,1,25,18,-5.4,931.1,NA,200,69
2020,1,25,21,-6.2,931.5,NA,240,72
2020,1,26,0,-6.1,931.4,NA,230,91
2020,1,26,3,-5.5,930.8,NA,240,86
2020,1,26,6,-5.3,930.4,NA,NA,67
2020,1,26,9,-5.7,929.8,NA,NA,70
2020,1,26,12,-5.9,930.1,NA,NA,68
2020,1,26,15,-6.3,930.2,NA,230,84
2020,1,26,18,-7.2,930.2,NA,240,76
2020,1,26,21,-4.7,929.7,NA,210,64
2020,1,27,0,-5.4,928.8,NA,220,NA
2020,1,27,3,-6.5,927.4,NA,240,94
2020,1,27,6,-7.1,929.3,NA,230,98
2020,1,27,9,-6.5,929.6,NA,230,99
2020,1,27,12,-6.7,929.9,NA,240,99
2020,1,27,15,-6.7,930.7,NA,220,99
2020,1,27,18,-6.6,931.3,NA,240,99
2020,1,27,21,-6.4,932,4,230,99
2020,1,28,0,-5.7,932.5,3,240,99
2020,1,28,3,-5.9,932.7,6,240,99
2020,1,28,6,-5.5,932.8,NA,270,99
2020,1,28,9,-6.3,933.1,NA,250,99
2020,1,28,12,-6.7,932.8,4,230,99
2020,1,28,15,-6.5,932.7,3,310,99
2020,1,28,18,-6.8,932.3,7,240,99
2020,1,28,21,-6.8,932.2,4,240,99
2020,1,29,0,-4.7,931.8,NA,350,99
2020,1,29,3,NA,931.1,1,10,93
2020,1,29,6,NA,930.2,1,40,98
2020,1,29,9,-7.2,929.5,4,280,95
2020,1,29,12,-7.8,928.7,4,300,68
2020,1,29,15,-8,927.9,5,270,61
2020,1,29,18,-6.5,927.2,2,200,82
2020,1,29,21,NA,926.9,1,230,85
2020,1,30,0,-6.7,926.1,NA,250,83
2020,1,30,3,-6,925.3,4,250,75
2020,1,30,6,-7.2,924.7,NA,260,79
2020,1,30,9,-7.7,924.3,NA,240,76
2020,1,30,12,-8.6,923.7,NA,240,67
2020,1,30,15,-7.5,923.1,NA,240,73
2020,1,30,18,-7.1,923.3,NA,250,75
2020,1,30,21,-8,922.8,NA,230,92
2020,1,31,0,-7.5,923.4,NA,240,NA
2020,1,31,3,-7.6,923.8,NA,230,98
2020,1,31,6,-7.7,923.6,NA,NA,96
2020,1,31,9,-7.8,924.1,34,NA,99
2020,1,31,12,-7.6,924.1,NA,NA,99
2020,1,31,15,-8,923.9,NA,240,99
2020,1,31,18,-7.3,923.8,NA,230,99
2020,1,31,21,-6.8,925,NA,230,99
2020,2,1,0,-7.2,925.4,NA,230,99
2020,2,1,3,-7.1,924.9,NA,NA,99
2020,2,1,6,-7.3,923.3,46,NA,99
2020,2,1,9,-7.2,922.6,NA,230,99
2020,2,1,12,-7.6,920.8,NA,240,99
2020,2,1,15,-8,919.5,NA,240,99
2020,2,1,18,-7.9,914.4,NA,NA,99
2020,2,1,21,-8.3,915,NA,NA,99
2020,2,2,0,-8.2,911.7,NA,NA,99
2020,2,2,3,-8.4,912.2,NA,NA,99
2020,2,2,6,-8.6,913.8,57,NA,99
2020,2,2,9,-8.4,913.2,NA,NA,99
2020,2,2,12,-8.2,914,NA,NA,99
2020,2,2,15,-8.2,912.9,NA,NA,99
2020,2,2,18,-7.8,915.2,NA,NA,99
2020,2,2,21,-7.5,916.3,NA,NA,99
2020,2,3,0,-7.6,921.1,54,NA,99
2020,2,3,3,-7.5,922.1,NA,240,99
2020,2,3,6,-6.8,923.8,NA,240,87
2020,2,3,9,-6.7,924.5,NA,230,85
2020,2,3,12,-7.1,924.7,NA,240,90
2020,2,3,15,-6.5,924.4,NA,230,76
2020,2,3,18,-6.5,924,NA,230,72
2020,2,3,21,-6.3,923.5,NA,240,85
2020,2,4,0,-4.9,923,NA,230,74
2020,2,4,3,-5.4,921.9,NA,230,71
2020,2,4,6,-6.2,921.4,NA,230,84
2020,2,4,9,-6.2,920.6,14,240,75
2020,2,4,12,-6.8,920.4,14,250,77
2020,2,4,15,-6.3,919.8,NA,240,70
2020,2,4,18,-6.5,920,NA,240,77
2020,2,4,21,-6.6,920.6,22,230,81
2020,2,5,0,-6.6,921.1,NA,230,88
2020,2,5,3,-6.1,921.1,NA,240,85
2020,2,5,6,-6.4,921.9,NA,240,90
2020,2,5,9,-6.4,921.9,NA,270,77
2020,2,5,12,-7.2,921.4,NA,50,95
2020,2,5,15,-8.3,920.8,6,30,90
2020,2,5,18,-6.7,920.5,NA,50,97
2020,2,5,21,-5.6,920.7,NA,90,91
2020,2,6,0,NA,920.8,0,100,NA
2020,2,6,3,-6.8,920.1,NA,60,99
2020,2,6,6,-6.8,919.9,NA,70,98
2020,2,6,9,-6.8,919.6,NA,70,99
2020,2,6,12,-6.9,919.3,NA,60,99
2020,2,6,15,-6.8,918.7,NA,10,99
2020,2,6,18,-7.1,918.7,NA,50,99
2020,2,6,21,-7.3,918.9,NA,30,99
2020,2,7,0,-6.8,919.5,4,60,99
2020,2,7,3,-6.6,919.4,5,240,99
2020,2,7,6,-7.4,919.3,NA,240,99
2020,2,7,9,-7.4,919.8,NA,250,99
2020,2,7,12,-7.5,920.2,NA,340,99
2020,2,7,15,-8.8,920.3,NA,350,99
2020,2,7,18,NA,920.8,0,250,99
2020,2,7,21,-7.6,921.6,3,200,99
2020,2,8,0,-6.6,922.6,2,130,98
2020,2,8,3,-6.7,922.9,NA,250,99
2020,2,8,6,-6.2,923.7,NA,250,93
2020,2,8,9,-6.8,924.8,11,240,91
2020,2,8,12,-6.7,925.8,NA,230,89
2020,2,8,15,-7.2,925.6,NA,240,81
2020,2,8,18,-4.8,925.2,NA,240,65
2020,2,8,21,-4.9,925.6,NA,230,68
2020,2,9,0,-4,924.6,NA,240,76
2020,2,9,3,-0.7,922,NA,320,49
2020,2,9,6,-0.6,920,8,340,46
2020,2,9,9,-1.2,918.6,5,300,47
2020,2,9,12,-1.4,917.3,4,350,42
2020,2,9,15,-1.2,916.5,NA,350,40
2020,2,9,18,-2.2,916.7,3,250,50
2020,2,9,21,-1.7,917.2,4,260,56
2020,2,10,0,-3.9,918.1,NA,260,68
2020,2,10,3,-2.8,919.1,NA,240,58
2020,2,10,6,-4.4,920.1,NA,250,81
2020,2,10,9,-5.2,921.5,6,250,62
2020,2,10,12,-5.3,922.6,8,250,57
2020,2,10,15,-6.4,923.2,8,270,82
2020,2,10,18,-6.3,924,NA,30,81
2020,2,10,21,-6.4,924.2,NA,150,96
2020,2,11,0,-5.9,924,NA,40,92
2020,2,11,3,-5.8,923.6,NA,50,87
2020,2,11,6,-5.9,923.5,NA,20,90
2020,2,11,9,-5.5,923.6,NA,210,83
2020,2,11,12,-5.8,923.6,4,250,81
2020,2,11,15,-5.4,923.7,2,30,79
2020,2,11,18,-5.9,924,2,30,85
2020,2,11,21,-5.6,924.2,3,40,84
2020,2,12,0,NA,924.3,1,10,82
2020,2,12,3,-3.4,924.2,2,230,76
2020,2,12,6,-4.9,924.4,2,20,84
2020,2,12,9,-6.4,923.9,NA,240,82
2020,2,12,12,-6.9,923.9,NA,240,92
2020,2,12,15,-7.1,923.6,10,240,96
2020,2,12,18,-6.6,923.8,NA,330,91
2020,2,12,21,-6,923.8,NA,200,80
2020,2,13,0,NA,923.8,1,40,83
2020,2,13,3,-6.1,923.3,NA,40,92
2020,2,13,6,-6.2,922.9,NA,30,87
2020,2,13,9,-6.6,922.3,NA,20,79
2020,2,13,12,-7.6,921.5,NA,10,95
2020,2,13,15,-7.8,920.9,NA,30,94
2020,2,13,18,-7.8,920.3,NA,250,92
2020,2,13,21,-6.3,919.7,NA,30,92
2020,2,14,0,NA,919.6,4,110,NA
2020,2,14,3,-7.3,918.6,NA,240,99
2020,2,14,6,-7.4,918.3,NA,240,99
2020,2,14,9,-7.6,918.7,NA,260,99
2020,2,14,12,-7.4,918.9,5,230,99
2020,2,14,15,-7.5,919.3,NA,240,99
2020,2,14,18,-7.2,920.1,NA,50,99
2020,2,14,21,-7.4,921.2,4,240,99
2020,2,15,0,NA,922.3,1,160,99
2020,2,15,3,-6.4,923.2,4,200,NA
2020,2,15,6,-7.3,923.7,NA,230,99
2020,2,15,9,-8.4,924.7,NA,NA,99
2020,2,15,12,-8.4,925.5,NA,NA,99
2020,2,15,15,-8.8,925.9,14,230,99
2020,2,15,18,-8.9,926.8,NA,230,99
2020,2,15,21,-8.8,928.1,12,220,99
2020,2,16,0,-8.8,929.1,NA,230,99
2020,2,16,3,-8,929.9,NA,220,96
2020,2,16,6,-7.9,930.5,NA,240,88
2020,2,16,9,NA,930.9,1,100,97
2020,2,16,12,-8.2,930.7,4,340,60
2020,2,16,15,-8,929.6,2,290,52
2020,2,16,18,-8.2,929.3,3,300,68
2020,2,16,21,-8.4,928.9,NA,230,73
2020,2,17,0,-8.3,929.6,NA,220,98
2020,2,17,3,-8.9,928,NA,240,98
2020,2,17,6,-9.5,927.6,NA,240,97
2020,2,17,9,-8.9,927.9,NA,240,73
2020,2,17,12,-9.1,928.4,NA,260,91
2020,2,17,15,-9.5,928.6,NA,250,91
2020,2,17,18,-10.4,928.8,10,290,85
2020,2,17,21,-9.3,928.6,NA,60,84
2020,2,18,0,-8.9,928.8,NA,210,82
2020,2,18,3,NA,929,1,100,87
2020,2,18,6,-9.6,929.1,NA,200,90
2020,2,18,9,-10.3,928.5,NA,60,96
2020,2,18,12,-10.4,928,4,30,88
2020,2,18,15,-10.4,926.9,NA,70,88
2020,2,18,18,-10.4,926.5,NA,40,91
2020,2,18,21,-10.2,926.3,3,60,94
2020,2,19,0,-10.5,926.2,4,200,96
2020,2,19,3,-10.8,925.7,NA,200,96
2020,2,19,6,-11.5,925.3,NA,250,96
2020,2,19,9,-11.5,924.9,9,240,96
2020,2,19,12,-11.7,924.5,8,260,96
2020,2,19,15,-11.9,924.4,NA,260,95
2020,2,19,18,-11.9,924.7,NA,250,96
2020,2,19,21,-12.3,924.9,NA,240,95
2020,2,20,0,-12.9,925.3,NA,230,95
2020,2,20,3,-13.4,924.8,NA,250,94
2020,2,20,6,-13.1,925.6,NA,NA,65
2020,2,20,9,-13.3,925.5,NA,NA,65
2020,2,20,12,-13.5,924.7,NA,NA,78
2020,2,20,15,-13.4,923.7,NA,300,78
2020,2,20,18,-13.8,922.3,NA,280,88
2020,2,20,21,-13.4,921.4,2,270,87
2020,2,21,0,NA,920.7,1,260,62
2020,2,21,3,-10.1,919.2,3,290,52
2020,2,21,6,-9.2,917.9,3,360,37
2020,2,21,9,-10.7,916.4,4,330,41
2020,2,21,12,NA,915.2,0,290,36
2020,2,21,15,-11.8,914.2,NA,290,40
2020,2,21,18,-10.9,913.4,NA,260,40
2020,2,21,21,-9.3,913,NA,340,32
2020,2,22,0,-7.8,913.1,2,20,42
2020,2,22,3,-9.2,912.3,NA,20,33
2020,2,22,6,-8.8,911.9,6,340,34
2020,2,22,9,-9.6,911.8,3,330,30
2020,2,22,12,-8.8,911.7,NA,330,34
2020,2,22,15,-9.4,911.8,NA,300,34
2020,2,22,18,-9.1,912.2,NA,290,33
2020,2,22,21,-8.8,912.7,5,70,58
2020,2,23,0,-8.6,913.3,2,260,60
2020,2,23,3,NA,913.5,1,260,54
2020,2,23,6,-8.4,914,3,290,39
2020,2,23,9,-11,914.6,5,300,42
2020,2,23,12,-10.7,915.4,NA,270,47
2020,2,23,15,-10.7,916.1,5,290,37
2020,2,23,18,-10.8,916.7,NA,280,38
2020,2,23,21,-8.3,917.9,NA,280,35
2020,2,24,0,-7,918.5,NA,310,38
2020,2,24,3,-6.3,918.9,3,350,37
2020,2,24,6,-6.7,919.2,NA,330,42
2020,2,24,9,-8.8,919.5,NA,300,48
2020,2,24,12,-9.7,919.9,NA,290,50
2020,2,24,15,-8.8,920,4,280,49
2020,2,24,18,-9.4,920.2,6,270,49
2020,2,24,21,-6.6,920.4,2,360,44
2020,2,25,0,-7.2,920.3,4,30,53
2020,2,25,3,NA,919.7,1,360,47
2020,2,25,6,-6.9,919.3,2,350,45
2020,2,25,9,-8.3,918.9,4,310,46
2020,2,25,12,-8.8,918.8,4,340,46
2020,2,25,15,-9.4,918.6,6,280,47
2020,2,25,18,-9.9,918.8,NA,230,60
2020,2,25,21,-8.8,919.2,NA,240,70
2020,2,26,0,-7.4,920,NA,230,79
2020,2,26,3,-8.4,919.9,NA,250,68
2020,2,26,6,-9.2,919.7,NA,250,71
2020,2,26,9,-9.9,919.7,NA,240,93
2020,2,26,12,-7.8,920.1,NA,240,76
2020,2,26,15,-7.3,918.8,NA,240,80
2020,2,26,18,-7.8,919.6,NA,NA,90
2020,2,26,21,-7.6,920.7,NA,NA,90
2020,2,27,0,-6.9,925.1,NA,NA,86
2020,2,27,3,-7.3,927.4,NA,NA,93
2020,2,27,6,-7.4,929.3,NA,250,91
2020,2,27,9,-8.1,930.4,NA,240,88
2020,2,27,12,-8.1,930.9,NA,220,94
2020,2,27,15,-8.6,929.7,NA,260,98
2020,2,27,18,-8.6,928.4,NA,260,98
2020,2,27,21,-8.4,927,NA,250,98
2020,2,28,0,-8.3,925.8,5,NA,98
2020,2,28,3,-8.4,924.1,5,NA,98
2020,2,28,6,-8.5,922.7,6,NA,98
2020,2,28,9,-10.1,921.3,NA,240,98
2020,2,28,12,-9.7,921.3,NA,250,93
2020,2,28,15,-11.1,921.4,NA,230,96
2020,2,28,18,-11.2,921.2,NA,240,93
2020,2,28,21,-11.4,921.6,33,240,95
2020,2,29,0,-11.6,920,NA,240,92
2020,2,29,3,-11.7,916.7,NA,250,95
2020,2,29,6,-11.4,914,NA,250,86
2020,2,29,9,-12,911.2,NA,240,91
2020,2,29,12,-12.8,909.5,60,240,95
2020,2,29,15,-13.2,911.3,NA,250,95
2020,2,29,18,-13,912,NA,250,95
2020,2,29,21,-13.1,912.9,NA,240,94
2020,3,1,0,-12.6,916.3,NA,NA,84
2020,3,1,3,-12.2,916.9,NA,NA,83
2020,3,1,6,-12,917,NA,NA,80
2020,3,1,9,-12.4,916.5,NA,220,95
2020,3,1,12,-12.4,916.3,NA,340,94
2020,3,1,15,-12.4,915.7,3,30,95
2020,3,1,18,-12.8,915.1,1,330,94
2020,3,1,21,-12.2,914.5,3,60,93
2020,3,2,0,-10.9,913.6,NA,230,94
2020,3,2,3,-11.6,912.2,NA,240,96
2020,3,2,6,-10.9,911.7,NA,220,96
2020,3,2,9,-11.1,911.2,NA,190,96
2020,3,2,12,-11.6,911,NA,230,96
2020,3,2,15,-11.7,911.5,7,180,96
2020,3,2,18,-11.7,912.8,NA,330,96
2020,3,2,21,-12.2,915.3,NA,230,95
2020,3,3,0,-12.2,917.1,NA,230,95
2020,3,3,3,-12.1,918.6,4,240,95
2020,3,3,6,-12.1,919.6,5,260,95
2020,3,3,9,-12,920.2,6,250,95
2020,3,3,12,-11.9,920.9,6,230,96
2020,3,3,15,-11.9,921.3,3,260,95
2020,3,3,18,-11.9,921.7,7,230,95
2020,3,3,21,-11.2,922.8,NA,230,96
2020,3,4,0,-11,924.2,5,250,96
2020,3,4,3,-10.9,924.8,6,270,96
2020,3,4,6,-11.1,925.6,5,280,96
2020,3,4,9,-11.4,925.7,7,290,96
2020,3,4,12,-11.6,925.2,6,300,96
2020,3,4,15,-11.9,924.5,NA,310,95
2020,3,4,18,-11.8,923,NA,300,96
2020,3,4,21,-11.5,921.9,1,330,96
2020,3,5,0,-10.9,920.7,3,320,96
2020,3,5,3,-11,919.3,3,320,96
2020,3,5,6,-11.3,918.2,5,310,96
2020,3,5,9,-11.5,916.8,6,310,96
2020,3,5,12,-11.4,914.9,8,300,96
2020,3,5,15,-11.1,914.6,10,250,96
2020,3,5,18,-10.8,914.6,9,250,97
2020,3,5,21,-10.5,915,NA,290,97
2020,3,6,0,-9.1,915.4,NA,320,98
2020,3,6,3,-8.9,915.3,0,350,98
2020,3,6,6,-9.1,915.5,0,20,98
2020,3,6,9,-9.7,915.6,0,20,97
2020,3,6,12,-9.4,915.6,2,290,98
2020,3,6,15,-10.5,915.7,0,350,97
2020,3,6,18,-10.9,916,3,220,97
2020,3,6,21,-10.1,916,NA,NA,97
2020,3,7,0,-9.1,916.5,6,NA,98
2020,3,7,3,-9.5,915.8,NA,NA,98
2020,3,7,6,-9.9,915.8,NA,240,98
2020,3,7,9,-10.2,915.4,9,240,97
2020,3,7,12,-9.7,915.5,10,240,98
2020,3,7,15,-9.3,915.5,9,250,98
2020,3,7,18,-9.3,915.8,8,230,98
2020,3,7,21,-8.5,916.2,NA,270,99
2020,3,8,0,-7.8,914.7,NA,20,99
2020,3,8,3,-7.2,912.5,NA,10,28
2020,3,8,6,NA,908.6,NA,270,52
2020,3,8,9,-8.5,906.7,NA,280,37
2020,3,8,12,-9.8,905.9,NA,180,52
2020,3,8,15,-10.8,905.3,NA,290,96
2020,3,8,18,-11.6,905.2,NA,200,96
2020,3,8,21,-12.4,905.4,NA,190,95
2020,3,9,0,-12.4,905.2,NA,210,95
2020,3,9,3,-13.4,904.8,NA,240,94
2020,3,9,6,-13.5,904,NA,260,87
2020,3,9,9,-12.1,905.1,NA,250,79
2020,3,9,12,-12.6,904.7,NA,240,85
2020,3,9,15,-12.8,907.4,NA,240,94
2020,3,9,18,-13,909.5,NA,240,94
2020,3,9,21,-13.5,911.6,NA,260,73
2020,3,10,0,-13.1,913.6,NA,260,61
2020,3,10,3,-13.2,914.1,NA,240,93
2020,3,10,6,-13.9,915.3,NA,240,93
2020,3,10,9,-14.3,915.5,NA,240,90
2020,3,10,12,-14.3,916.4,NA,250,86
2020,3,10,15,-14.3,918.5,NA,250,67
2020,3,10,18,-14.4,919.2,NA,280,66
2020,3,10,21,-13.4,918.8,NA,20,65
2020,3,11,0,-12.4,917.4,NA,50,72
2020,3,11,3,-13.1,914.8,NA,30,71
2020,3,11,6,-12.3,912.9,NA,30,63
2020,3,11,9,-11,910.9,NA,0,54
2020,3,11,12,-12.4,909.3,NA,260,67
2020,3,11,15,-12.5,909,NA,250,95
2020,3,11,18,-12.9,909,NA,210,94
2020,3,11,21,-12.5,909.5,NA,180,94
2020,3,12,0,-12.5,910.5,NA,220,94
2020,3,12,3,-12.4,911.3,NA,150,95
2020,3,12,6,-12.5,912.5,NA,220,94
2020,3,12,9,-12.7,913.8,NA,190,94
2020,3,12,12,-13.4,914.8,NA,240,93
2020,3,12,15,-14,915.8,NA,NA,93
2020,3,12,18,-14.2,917.5,NA,NA,93
2020,3,12,21,-14.3,919.3,NA,NA,93
2020,3,13,0,-14.9,920.7,19,230,92
2020,3,13,3,-15.7,921.6,15,230,92
2020,3,13,6,-15,922.4,19,NA,89
2020,3,13,9,-14.6,923,NA,NA,89
2020,3,13,12,-15.3,923.4,NA,260,79
2020,3,13,15,-14.7,923.5,NA,260,81
2020,3,13,18,-14.5,924.1,NA,250,82
2020,3,13,21,-14.2,923.8,NA,350,73
2020,3,14,0,-13.5,923.4,NA,50,77
2020,3,14,3,-13.7,922.5,NA,40,77
2020,3,14,6,-14.8,921.3,NA,20,79
2020,3,14,9,-14.1,920.4,NA,30,79
2020,3,14,12,-14.8,919.4,NA,260,87
2020,3,14,15,-13.8,918.6,NA,250,76
2020,3,14,18,-14.9,917.9,NA,250,92
2020,3,14,21,-14,919.1,NA,240,93
2020,3,15,0,-13.9,919.5,NA,250,93
2020,3,15,3,-14,919.1,10,240,93
2020,3,15,6,-14.1,918.8,NA,230,93
2020,3,15,9,-15,918.7,NA,230,92
2020,3,15,12,-15.6,918.2,12,220,92
2020,3,15,15,-16.3,917,NA,230,91
2020,3,15,18,-17.7,916.1,NA,230,90
2020,3,15,21,-18.4,914.3,NA,240,89
2020,3,16,0,-18.6,914.2,NA,240,88
2020,3,16,3,-19.2,913.6,NA,240,88
2020,3,16,6,-18.8,914,NA,230,84
2020,3,16,9,-18.6,913,NA,230,81
2020,3,16,12,-18.8,913.9,NA,240,84
2020,3,16,15,-19.2,912.6,NA,NA,83
2020,3,16,18,-18.4,912.4,NA,NA,77
2020,3,16,21,-18.8,912.7,35,NA,81
2020,3,17,0,-19.2,912.5,35,240,86
2020,3,17,3,-19.3,912.1,36,250,89
2020,3,17,6,-19.4,913.3,NA,240,88
2020,3,17,9,-19.6,913.3,NA,250,86
2020,3,17,12,-19.7,913.3,23,260,85
2020,3,17,15,-19.7,912.7,NA,250,84
2020,3,17,18,-20,912.2,NA,240,86
2020,3,17,21,-20.5,910.3,NA,240,87
2020,3,18,0,-20.4,908.6,NA,NA,87
2020,3,18,3,-20.7,907.3,NA,NA,87
2020,3,18,6,-21.2,906.9,NA,250,87
2020,3,18,9,-20.8,906.7,NA,250,85
2020,3,18,12,-20.6,908.8,NA,240,82
2020,3,18,15,-19.8,909.6,NA,250,79
2020,3,18,18,-19,911.7,NA,240,79
2020,3,18,21,-18.5,914.5,NA,250,81
2020,3,19,0,-18.1,917.1,NA,240,83
2020,3,19,3,-18.3,918,NA,240,80
2020,3,19,6,-18.3,919.3,NA,230,79
2020,3,19,9,-18.3,920.4,NA,240,81
2020,3,19,12,-17.7,921.5,NA,290,84
2020,3,19,15,-18.5,921.8,NA,10,81
2020,3,19,18,-17.1,922,NA,30,87
2020,3,19,21,-16.6,921.4,10,20,88
2020,3,20,0,-16.4,921.7,NA,290,72
2020,3,20,3,-16.7,922.5,NA,240,77
2020,3,20,6,-16.8,923.7,NA,260,91
2020,3,20,9,-16.4,924.2,NA,330,83
2020,3,20,12,-16.7,923.1,NA,270,91
2020,3,20,15,-16.8,921.3,3,290,90
2020,3,20,18,-14.8,919.6,NA,260,93
2020,3,20,21,-15.1,918.1,NA,230,92
2020,3,21,0,-15,916.6,NA,NA,92
2020,3,21,3,-16.1,915.3,NA,NA,92
2020,3,21,6,-16.2,916.3,NA,NA,91
2020,3,21,9,-17.3,919.3,NA,NA,90
2020,3,21,12,-17.6,922.3,NA,240,90
2020,3,21,15,-17.7,926.2,NA,250,90
2020,3,21,18,-17.3,928.5,NA,230,90
2020,3,21,21,-17.3,930.9,NA,240,90
2020,3,22,0,-16,931.7,NA,50,91
2020,3,22,3,-14.8,930.8,NA,60,92
2020,3,22,6,-13.8,930.2,NA,50,93
2020,3,22,9,-12.8,928.8,NA,270,94
2020,3,22,12,-14.7,926.6,2,270,93
2020,3,22,15,-15.4,924.1,NA,240,92
2020,3,22,18,-15.8,923.1,NA,230,92
2020,3,22,21,-16.3,923,6,230,91
2020,3,23,0,-15.9,923.4,3,220,91
2020,3,23,3,-16.9,922,5,250,90
2020,3,23,6,-17.1,921.8,4,240,90
2020,3,23,9,-17.2,920.7,5,210,90
2020,3,23,12,-17.2,919.3,6,210,90
2020,3,23,15,-17.9,916.8,7,220,89
2020,3,23,18,-18.5,914.5,6,220,89
2020,3,23,21,-20.2,910,NA,240,87
2020,3,24,0,-23.2,907.5,NA,240,NA
2020,3,24,3,NA,901.6,NA,240,82
2020,3,24,6,-27.2,902.9,NA,NA,81
2020,3,24,9,-27.8,902.3,NA,NA,80
2020,3,24,12,-27.9,902,NA,240,80
2020,3,24,15,-27.5,904.9,NA,NA,80
2020,3,24,18,-25.8,909,NA,NA,82
2020,3,24,21,-26.4,908.3,NA,NA,81
2020,3,25,0,-24.1,906.3,NA,NA,81
2020,3,25,3,-22.4,906.8,NA,NA,80
2020,3,25,6,-21.3,907,NA,NA,76
2020,3,25,9,-20.2,905.9,NA,240,73
2020,3,25,12,-19.4,905.6,NA,240,69
2020,3,25,15,-18.6,905.2,NA,250,65
2020,3,25,18,-17.9,904.2,35,240,65
2020,3,25,21,-17.8,904.3,NA,NA,67
2020,3,26,0,-16.9,904.8,NA,NA,68
2020,3,26,3,-16.7,905.5,NA,NA,60
2020,3,26,6,-16.7,905.4,NA,NA,62
2020,3,26,9,-16.3,905.7,NA,240,64
2020,3,26,12,-16.6,905.8,NA,240,64
2020,3,26,15,-16.4,906.1,NA,240,67
2020,3,26,18,-16.5,906,NA,230,62
2020,3,26,21,-16.5,906.3,NA,280,65
2020,3,27,0,-15.1,906.5,7,260,70
2020,3,27,3,-15,906.7,NA,250,64
2020,3,27,6,-16.6,906.6,5,290,81
2020,3,27,9,-17.4,906.7,4,10,75
2020,3,27,12,-17,906.4,NA,30,90
2020,3,27,15,-16.6,906.3,8,20,90
2020,3,27,18,-17,906.4,NA,0,89
2020,3,27,21,-16.8,906.6,5,10,75
2020,3,28,0,-16.5,906.6,3,300,81
2020,3,28,3,-16.1,906.2,4,250,90
2020,3,28,6,-16,905.6,NA,240,86
2020,3,28,9,-15.6,906.4,NA,260,82
2020,3,28,12,-17.2,906,NA,240,90
2020,3,28,15,-17,905.2,NA,230,91
2020,3,28,18,-18,905.9,NA,240,80
2020,3,28,21,-19.3,907.7,NA,230,88
2020,3,29,0,-19,909.9,NA,240,79
2020,3,29,3,-17.6,913,NA,240,50
2020,3,29,6,-17,915.6,NA,0,55
2020,3,29,9,-16.8,918.2,NA,350,64
2020,3,29,12,-12.2,921.2,NA,360,36
2020,3,29,15,-14.1,923.2,NA,0,33
2020,3,29,18,NA,924.5,NA,340,22
2020,3,29,21,NA,924.2,4,30,24
2020,3,30,0,-6.6,922.4,NA,290,20
2020,3,30,3,-8.7,923.1,NA,230,28
2020,3,30,6,-9.7,922,NA,20,31
2020,3,30,9,NA,925.6,NA,230,87
2020,3,30,12,NA,926.2,NA,240,82
2020,3,30,15,-18.6,931,NA,250,82
2020,3,30,18,-14.9,931,NA,270,40
2020,3,30,21,-17,930.6,NA,20,80
2020,3,31,0,-16.8,932.5,NA,40,91
2020,3,31,3,-16.5,933.6,NA,340,91
2020,3,31,6,-16,933.2,NA,30,91
2020,3,31,9,-14.1,932.3,NA,300,92
2020,3,31,12,-14.5,931.6,NA,60,89
2020,3,31,15,-11,930.2,4,30,47
2020,3,31,18,-12.4,929.3,NA,250,59
2020,3,31,21,-13.9,928.2,3,50,76
2020,4,1,0,NA,927.4,5,200,91
2020,4,1,3,-18.2,925.2,NA,210,89
2020,4,1,6,-18.7,923.5,NA,230,89
2020,4,1,9,-19.8,922.8,NA,230,88
2020,4,1,12,-20.3,921.4,NA,230,87
2020,4,1,15,-20.6,920.3,NA,240,87
2020,4,1,18,-20.7,919.1,NA,NA,86
2020,4,1,21,-20.4,918.3,32,NA,81
2020,4,2,0,-20.4,917.8,31,NA,81
2020,4,2,3,-19.9,917.8,NA,230,86
2020,4,2,6,-19.9,917.5,NA,230,87
2020,4,2,9,-20.3,917,NA,270,87
2020,4,2,12,-20.9,916.6,NA,250,86
2020,4,2,15,-20.3,916.3,NA,40,87
2020,4,2,18,-21.1,916.4,NA,330,86
2020,4,2,21,-20.9,917.3,NA,0,86
2020,4,3,0,-18.9,918.4,NA,10,88
2020,4,3,3,-19.1,919.9,4,350,77
2020,4,3,6,-20.9,921.6,NA,350,79
2020,4,3,9,-19.7,923.2,NA,50,88
2020,4,3,12,-20.2,925.9,NA,220,87
2020,4,3,15,-21.1,928.2,NA,220,86
2020,4,3,18,-21.4,930.4,4,230,86
2020,4,3,21,-21,932.4,3,20,86
2020,4,4,0,-20.6,933.9,2,340,86
2020,4,4,3,-21.1,934.5,6,40,86
2020,4,4,6,-20.7,935.7,5,10,87
2020,4,4,9,-19.9,937.3,4,20,86
2020,4,4,12,-16.8,938.1,4,20,34
2020,4,4,15,-15.5,938.7,NA,10,30
2020,4,4,18,-15.6,938.8,NA,NA,37
2020,4,4,21,-16.3,938.5,12,NA,43
2020,4,5,0,-18.3,937.7,NA,NA,NA
2020,4,5,3,-17.7,935.6,NA,30,88
2020,4,5,6,-16.4,934.1,NA,50,91
2020,4,5,9,-17.3,933.6,NA,60,90
2020,4,5,12,-19.2,932.6,NA,260,89
2020,4,5,15,-19.6,930.4,NA,240,88
2020,4,5,18,-19.4,929.1,NA,230,88
2020,4,5,21,-19.3,928.6,NA,230,88
2020,4,6,0,-19.1,928,NA,240,88
2020,4,6,3,-19.3,928.2,NA,240,88
2020,4,6,6,-19.7,928.4,NA,20,87
2020,4,6,9,-20,928.2,NA,10,87
2020,4,6,12,-19.8,927,NA,20,88
2020,4,6,15,-20.3,926.6,NA,20,87
2020,4,6,18,-20.6,926.1,NA,240,87
2020,4,6,21,-20.4,925.1,NA,240,87
2020,4,7,0,-20.7,924.4,NA,210,87
2020,4,7,3,-20.9,922.5,NA,230,86
2020,4,7,6,-20.8,922.6,NA,220,86
2020,4,7,9,-21.3,923.1,NA,210,86
2020,4,7,12,-22.2,922.6,NA,210,85
2020,4,7,15,-22.3,922.3,NA,210,85
2020,4,7,18,-23.7,922,6,220,84
2020,4,7,21,-25.1,921.6,6,240,82
2020,4,8,0,-25.3,921.2,5,250,82
2020,4,8,3,-25.4,920.4,3,250,82
2020,4,8,6,-25.8,919.3,2,270,81
2020,4,8,9,-26.6,918.3,0,360,80
2020,4,8,12,-26.4,917.1,1,20,80
2020,4,8,15,-24.9,916.1,0,340,82
2020,4,8,18,-25.4,914.7,1,290,82
2020,4,8,21,-24,914.6,0,360,83
2020,4,9,0,-21.8,914.3,1,240,85
2020,4,9,3,-21.6,914,0,350,85
2020,4,9,6,-21.4,913.6,2,270,85
2020,4,9,9,-22.1,913.6,1,280,85
2020,4,9,12,-21.1,913.5,1,280,86
2020,4,9,15,-19.7,912.8,2,300,87
2020,4,9,18,-19.1,912.3,2,340,71
2020,4,9,21,-17.9,912.4,4,340,48
2020,4,10,0,-19.5,912.8,NA,260,55
2020,4,10,3,-19.1,912.6,NA,290,47
2020,4,10,6,-18.8,912.9,4,280,49
2020,4,10,9,-19.9,913.5,NA,240,58
2020,4,10,12,-20.8,913.2,NA,240,72
2020,4,10,15,-19.7,913,NA,230,87
2020,4,10,18,-20.3,913.5,NA,220,87
2020,4,10,21,-22.3,917.6,NA,240,85
2020,4,11,0,-21.8,916.5,NA,220,86
2020,4,11,3,-21.4,916.7,NA,230,86
2020,4,11,6,-23.3,918.7,NA,220,84
2020,4,11,9,-24.9,920,NA,240,82
2020,4,11,12,-24.2,922.8,NA,230,83
2020,4,11,15,-24.5,923.2,NA,220,83
2020,4,11,18,-24.6,923.1,NA,220,82
2020,4,11,21,-25.6,922.9,NA,0,82
2020,4,12,0,-25.4,921.3,NA,20,82
2020,4,12,3,-25.7,919.3,NA,20,81
2020,4,12,6,-26.3,916.4,NA,260,81
2020,4,12,9,-26.3,913.4,NA,250,81
2020,4,12,12,-26,911.9,NA,240,81
2020,4,12,15,-24.7,911.9,NA,260,83
2020,4,12,18,-26.2,911.2,NA,280,80
2020,4,12,21,-27.9,911.1,4,280,79
2020,4,13,0,-26.3,911.8,0,270,81
2020,4,13,3,-26.2,912.6,NA,270,81
2020,4,13,6,-26.2,914.2,NA,240,81
2020,4,13,9,-26.7,915.2,6,250,80
2020,4,13,12,-26.6,916,7,230,80
2020,4,13,15,-27.8,916.7,NA,220,79
2020,4,13,18,-25.9,917.6,NA,240,81
2020,4,13,21,-25.4,915.6,NA,240,81
2020,4,14,0,-23.2,919.4,NA,250,72
2020,4,14,3,-22.2,926.5,NA,240,59
2020,4,14,6,-22.3,928.8,NA,250,44
2020,4,14,9,-22,926.6,NA,60,40
2020,4,14,12,-23.2,922.3,NA,20,52
2020,4,14,15,-20.4,918,NA,240,32
2020,4,14,18,NA,913.8,NA,260,25
2020,4,14,21,NA,909.9,NA,330,13
2020,4,15,0,NA,906.5,NA,320,11
2020,4,15,3,-8.9,906.4,NA,350,13
2020,4,15,6,-10.2,906.1,NA,30,19
2020,4,15,9,-10.4,906.4,NA,290,22
2020,4,15,12,NA,907.8,NA,90,84
2020,4,15,15,NA,908.1,NA,60,82
2020,4,15,18,-21.9,911.1,NA,220,84
2020,4,15,21,-23.2,912.2,NA,210,85
2020,4,16,0,-24.3,913.2,NA,240,83
2020,4,16,3,-24.2,914.9,NA,230,83
2020,4,16,6,-24.8,916.7,NA,230,72
2020,4,16,9,-25.3,917.2,NA,230,72
2020,4,16,12,-25.5,917.2,NA,50,79
2020,4,16,15,-24.7,916.3,NA,340,57
2020,4,16,18,-24.7,915.9,NA,350,54
2020,4,16,21,-25.6,917.1,NA,30,81
2020,4,17,0,-26.6,918.2,NA,220,80
2020,4,17,3,-27.2,917.5,NA,NA,79
2020,4,17,6,-27.4,917.9,NA,NA,79
2020,4,17,9,-27.6,919.5,NA,NA,79
2020,4,17,12,-27.5,921.4,NA,NA,74
2020,4,17,15,-27.6,920.2,NA,NA,57
2020,4,17,18,-26.8,917.8,NA,240,76
2020,4,17,21,-26.1,916.6,NA,250,71
2020,4,18,0,-25.7,914,NA,240,59
2020,4,18,3,-27.1,910,NA,20,58
2020,4,18,6,-26.2,905.6,NA,20,61
2020,4,18,9,-27.3,902,NA,20,46
2020,4,18,12,-26.3,900,NA,270,53
2020,4,18,15,-23.1,898.7,NA,260,31
2020,4,18,18,-22.4,896.8,NA,300,28
2020,4,18,21,-23.4,895.9,NA,70,31
2020,4,19,0,-22.9,896.6,NA,70,52
2020,4,19,3,-23.4,897.9,NA,50,58
2020,4,19,6,-23.9,900.2,7,50,60
2020,4,19,9,-24.5,903.1,NA,10,58
2020,4,19,12,-23.4,906.5,11,320,53
2020,4,19,15,-22.3,909.4,9,260,37
2020,4,19,18,-21.9,911.7,NA,240,35
2020,4,19,21,-18.9,913.5,NA,250,46
2020,4,20,0,-19.3,915.8,NA,230,86
2020,4,20,3,-17.7,916.3,NA,240,82
2020,4,20,6,-18.2,918,NA,230,89
2020,4,20,9,-19,919.6,NA,220,88
2020,4,20,12,-21.1,920.9,NA,320,86
2020,4,20,15,-21.9,920,NA,360,85
2020,4,20,18,-22.7,918.9,NA,0,85
2020,4,20,21,-23.1,920.4,NA,250,84
2020,4,21,0,-23,921.7,NA,210,84
2020,4,21,3,-23.8,922.3,NA,210,83
2020,4,21,6,-24.4,921.2,NA,330,83
2020,4,21,9,-21.9,919.4,NA,350,69
2020,4,21,12,NA,918,NA,350,28
2020,4,21,15,NA,914.9,NA,0,17
2020,4,21,18,NA,913.9,NA,310,20
2020,4,21,21,-12.9,916.7,NA,220,17
2020,4,22,0,-16,918.8,NA,230,50
2020,4,22,3,-14.8,918.6,NA,240,64
2020,4,22,6,-14,922.6,NA,240,48
2020,4,22,9,-14.3,923.8,NA,350,47
2020,4,22,12,-12,922.5,NA,340,30
2020,4,22,15,NA,922.1,NA,320,23
2020,4,22,18,-11.4,921.2,NA,290,26
2020,4,22,21,-11.1,920.3,NA,50,26
2020,4,23,0,-14.4,920.8,NA,20,62
2020,4,23,3,-15.2,920.8,NA,20,69
2020,4,23,6,-15.2,921.7,NA,230,62
2020,4,23,9,-16.8,922.4,NA,340,66
2020,4,23,12,-18.4,921.2,NA,30,64
2020,4,23,15,-18.4,919.9,NA,20,66
2020,4,23,18,-19.2,918.3,NA,20,69
2020,4,23,21,-18,919,NA,40,69
2020,4,24,0,-17.9,920.4,NA,260,NA
2020,4,24,3,-20.5,921.7,NA,240,84
2020,4,24,6,-20.6,921.5,NA,240,85
2020,4,24,9,-22.6,921.5,NA,230,84
2020,4,24,12,-22.5,922,NA,240,84
2020,4,24,15,-23.8,918.4,NA,40,83
2020,4,24,18,-24.9,915.1,NA,20,82
2020,4,24,21,-25,914.5,NA,20,82
2020,4,25,0,-25.5,916.7,NA,250,81
2020,4,25,3,-23.7,917.7,NA,260,83
2020,4,25,6,-25.4,918.9,NA,230,81
2020,4,25,9,-23.9,920,4,270,83
2020,4,25,12,-24.3,921.3,NA,20,82
2020,4,25,15,-24.4,922.5,5,20,83
2020,4,25,18,-25.1,924.9,1,300,82
2020,4,25,21,-23.9,927.2,NA,240,83
2020,4,26,0,NA,929.1,NA,240,33
2020,4,26,3,NA,929.9,NA,240,50
2020,4,26,6,-17.4,930.4,NA,210,52
2020,4,26,9,-17.7,931.4,NA,250,53
2020,4,26,12,-18.8,933.1,NA,240,64
2020,4,26,15,-18.9,934,NA,230,88
2020,4,26,18,-20.3,935,13,230,87
2020,4,26,21,-20.1,935.9,NA,250,87
2020,4,27,0,-21.5,936.1,NA,10,85
2020,4,27,3,-21.7,935.4,1,250,85
2020,4,27,6,-21.7,935,2,90,85
2020,4,27,9,-22.5,934.6,1,270,84
2020,4,27,12,-22,933.8,NA,260,70
2020,4,27,15,-22.5,933.3,3,300,65
2020,4,27,18,-22.1,932.7,NA,50,67
2020,4,27,21,-22.6,932.7,4,260,66
2020,4,28,0,-22.9,932.6,NA,250,81
2020,4,28,3,-21.9,932.8,NA,240,84
2020,4,28,6,-22.2,933.9,12,250,84
2020,4,28,9,-24.7,934.3,NA,250,82
2020,4,28,12,-23,935.7,NA,240,84
2020,4,28,15,-22.2,935.8,NA,230,84
2020,4,28,18,-20.9,935.7,21,230,86
2020,4,28,21,-21.4,935,NA,230,86
2020,4,29,0,-21.9,935.7,NA,240,85
2020,4,29,3,-22.1,935,NA,240,83
2020,4,29,6,-22.3,934.6,NA,240,80
2020,4,29,9,-23.1,934.9,NA,270,84
2020,4,29,12,-21.7,934.2,NA,210,78
2020,4,29,15,-20.9,933.1,4,0,34
2020,4,29,18,-22.2,932,2,10,45
2020,4,29,21,-23.1,931.8,NA,250,56
2020,4,30,0,-24.9,930.3,NA,230,82
2020,4,30,3,-24.2,929.2,NA,230,79
2020,4,30,6,-25.3,931.3,NA,240,81
2020,4,30,9,-21.5,930.1,NA,10,37
2020,4,30,12,-22.2,927.6,NA,10,40
2020,4,30,15,-23,925.7,NA,360,41
2020,4,30,18,-25.2,923.8,14,10,69
2020,4,30,21,-24.6,922.5,NA,360,49
2020,5,1,0,-24.3,921.4,NA,10,56
2020,5,1,3,-21.6,921.1,NA,30,44
2020,5,1,6,-21.6,922.4,NA,30,39
2020,5,1,9,-22.1,923,NA,10,37
2020,5,1,12,-22.3,924.3,NA,30,41
2020,5,1,15,-23.3,925.9,NA,270,42
2020,5,1,18,-23.6,926.8,NA,250,46
2020,5,1,21,-25,926.1,NA,230,62
2020,5,2,0,-25.3,926.9,NA,240,78
2020,5,2,3,-24.4,927.2,NA,240,70
2020,5,2,6,-24.2,927.3,NA,0,53
2020,5,2,9,-22.6,927.3,3,320,43
2020,5,2,12,-22.4,927.5,4,290,39
2020,5,2,15,-22.4,927.3,5,280,42
2020,5,2,18,-21.1,927.6,1,40,39
2020,5,2,21,-20.8,927.6,4,10,40
2020,5,3,0,-21.6,927.8,NA,320,43
2020,5,3,3,-19.1,927.5,NA,300,39
2020,5,3,6,-21,927.9,NA,20,50
2020,5,3,9,-21.8,928.4,NA,0,50
2020,5,3,12,-25.3,928.2,NA,250,81
2020,5,3,15,-26.3,928.9,NA,260,80
2020,5,3,18,-24.6,929,NA,40,65
2020,5,3,21,-25.4,928.5,NA,30,65
2020,5,4,0,-25.1,928.1,NA,20,77
2020,5,4,3,-24,927.8,NA,340,68
2020,5,4,6,-24.8,928.3,NA,240,79
2020,5,4,9,-26.3,928.2,NA,250,80
2020,5,4,12,-26.7,928.1,NA,240,79
2020,5,4,15,-27.7,928.2,NA,NA,78
2020,5,4,18,-26,928.3,19,NA,81
2020,5,4,21,-25.6,927.6,NA,NA,81
2020,5,5,0,-23.8,926.7,NA,230,82
2020,5,5,3,-23.7,926.1,NA,240,83
2020,5,5,6,-23.1,925,24,230,82
2020,5,5,9,-23.1,924,22,230,72
2020,5,5,12,-24.4,923.3,NA,240,76
2020,5,5,15,-24.1,922.4,NA,250,68
2020,5,5,18,-24.6,921.7,NA,230,65
2020,5,5,21,-25.4,920.6,NA,230,65
2020,5,6,0,-24.7,919.7,NA,320,NA
2020,5,6,3,-28,918,NA,20,78
2020,5,6,6,-27.9,917.1,4,20,79
2020,5,6,9,-27,917.2,3,60,79
2020,5,6,12,-27.4,917.8,4,300,78
2020,5,6,15,-28,917.9,NA,240,78
2020,5,6,18,-28.2,918.1,NA,240,77
2020,5,6,21,-29.4,918.8,NA,240,76
2020,5,7,0,-29.5,919.5,NA,250,76
2020,5,7,3,-29.7,919.4,NA,30,76
2020,5,7,6,-30.6,918.9,5,350,75
2020,5,7,9,-30.2,918.2,3,270,75
2020,5,7,12,-28.5,916.8,5,240,77
2020,5,7,15,-28.3,915.8,3,290,73
2020,5,7,18,-27.3,914.4,7,270,48
2020,5,7,21,-25.5,913.7,4,300,59
2020,5,8,0,-23.9,912.9,NA,350,60
2020,5,8,3,-22.9,912.3,NA,30,62
2020,5,8,6,-21.7,912,NA,360,51
2020,5,8,9,-22.3,912.4,NA,10,52
2020,5,8,12,-23.8,912.6,18,10,56
2020,5,8,15,-23.9,913.5,16,20,60
2020,5,8,18,-26.7,915.3,NA,280,65
2020,5,8,21,-27.2,917.5,NA,280,61
2020,5,9,0,-27.4,919.7,NA,240,65
2020,5,9,3,-27.4,922.3,5,250,70
2020,5,9,6,-26.5,925.2,2,120,79
2020,5,9,9,-26.8,927.1,2,60,79
2020,5,9,12,-26.5,928.6,5,60,79
2020,5,9,15,-26.5,929.2,NA,NA,79
2020,5,9,18,-26.2,928.7,8,NA,80
2020,5,9,21,-26,928,9,60,80
2020,5,10,0,-25.1,926.6,NA,40,81
2020,5,10,3,-25.1,925.8,NA,30,81
2020,5,10,6,-25.5,924.4,NA,0,81
2020,5,10,9,-24.5,922.9,6,20,82
2020,5,10,12,-23.4,920.9,4,20,83
2020,5,10,15,-23.7,918.9,3,240,83
2020,5,10,18,-23.1,915.8,NA,NA,82
2020,5,10,21,-23.6,913.9,NA,NA,65
2020,5,11,0,-20.3,913.7,20,NA,52
2020,5,11,3,-20.1,914.9,NA,70,50
2020,5,11,6,NA,913.5,NA,230,79
2020,5,11,9,-22.4,916.6,NA,240,74
2020,5,11,12,-22.8,921,NA,230,69
2020,5,11,15,-22.4,924.1,NA,240,52
2020,5,11,18,-22.8,924.5,NA,30,72
2020,5,11,21,-25,926.4,NA,10,83
2020,5,12,0,-24.3,928.8,NA,360,82
2020,5,12,3,-22.9,929.7,NA,40,84
2020,5,12,6,-23.1,929.3,NA,60,83
2020,5,12,9,-22.5,927,2,70,84
2020,5,12,12,-21.9,924.3,0,20,84
2020,5,12,15,-22.3,922.5,1,280,84
2020,5,12,18,-21.8,921.4,1,280,84
2020,5,12,21,-22.5,921.1,3,250,84
2020,5,13,0,-23.9,922,NA,230,83
2020,5,13,3,-25.4,922.9,NA,210,81
2020,5,13,6,-26.5,922.4,NA,NA,80
2020,5,13,9,-27.4,921.6,NA,NA,79
2020,5,13,12,-27.2,921.8,22,NA,79
2020,5,13,15,-28.2,922.8,NA,220,78
2020,5,13,18,-28.6,924.4,NA,240,77
2020,5,13,21,-28.6,924.7,NA,250,77
2020,5,14,0,-28,923.9,NA,NA,78
2020,5,14,3,-26.7,923.3,NA,NA,79
2020,5,14,6,-25.6,922.5,NA,NA,80
2020,5,14,9,-25.5,921.6,NA,NA,80
2020,5,14,12,-24.6,921.3,NA,NA,81
2020,5,14,15,-24.7,920.5,NA,NA,82
2020,5,14,18,-24.3,920.3,NA,NA,82
2020,5,14,21,-24.7,920.8,NA,NA,81
2020,5,15,0,-23.9,921.1,NA,NA,82
2020,5,15,3,-24.1,921,NA,NA,82
2020,5,15,6,-24,921.1,NA,NA,82
2020,5,15,9,-23.4,921.6,NA,NA,83
2020,5,15,12,-23.6,921.8,NA,NA,83
2020,5,15,15,-24.3,922,NA,NA,82
2020,5,15,18,-24.3,922.2,NA,NA,82
2020,5,15,21,-23.8,922.5,NA,NA,83
2020,5,16,0,-24.1,922.5,NA,NA,82
2020,5,16,3,-26,922.3,NA,NA,80
2020,5,16,6,-26.7,922.6,NA,NA,80
2020,5,16,9,-27,921.8,NA,NA,79
2020,5,16,12,-26.6,921.8,NA,NA,79
2020,5,16,15,-26.8,920.5,NA,NA,79
2020,5,16,18,-27.2,919.3,NA,NA,79
2020,5,16,21,-26.6,917.8,NA,NA,79
2020,5,17,0,-26.6,916.7,NA,40,80
2020,5,17,3,-28,915.8,NA,360,78
2020,5,17,6,-28.2,915.6,NA,360,78
2020,5,17,9,-27.1,915.2,NA,20,79
2020,5,17,12,-27.6,916,NA,0,78
2020,5,17,15,-27.4,916.6,NA,340,78
2020,5,17,18,-29.3,917.2,NA,340,77
2020,5,17,21,-28.4,918.1,NA,360,77
2020,5,18,0,-28,918.4,NA,350,78
2020,5,18,3,-27.8,917.9,NA,360,78
2020,5,18,6,-27.8,917.2,NA,0,78
2020,5,18,9,-27.3,916.7,NA,350,79
2020,5,18,12,-29.2,915.3,NA,330,77
2020,5,18,15,-28.2,914,NA,250,78
2020,5,18,18,-27.6,913,1,260,79
2020,5,18,21,-27.6,912.7,NA,260,79
2020,5,19,0,-27.2,911.9,NA,250,79
2020,5,19,3,-27.2,912.9,NA,240,80
2020,5,19,6,-27.3,914.4,NA,240,79
2020,5,19,9,-27.4,915.8,NA,NA,79
2020,5,19,12,-27.4,920.4,NA,NA,79
2020,5,19,15,-27.4,922.5,0,260,79
2020,5,19,18,-27.9,923.5,NA,310,79
2020,5,19,21,-27.5,923.4,NA,NA,79
2020,5,20,0,-26.3,922.4,NA,NA,81
2020,5,20,3,-25,920.5,NA,NA,39
2020,5,20,6,-24.5,919.2,NA,340,40
2020,5,20,9,-23.9,918.8,NA,350,39
2020,5,20,12,-26.1,919.1,NA,340,52
2020,5,20,15,-26.2,919,NA,360,43
2020,5,20,18,-26.8,918.8,0,350,59
2020,5,20,21,-26.2,918.7,0,350,47
2020,5,21,0,-26,918.2,NA,20,40
2020,5,21,3,-23.9,918,NA,340,32
2020,5,21,6,-23.7,918.6,NA,360,31
2020,5,21,9,-24.5,919.1,NA,340,35
2020,5,21,12,-24.4,918.7,NA,290,37
2020,5,21,15,-25.1,916.1,NA,310,38
2020,5,21,18,-22.6,913.2,NA,260,55
2020,5,21,21,-22.1,909.4,2,230,80
2020,5,22,0,-22.9,906.9,NA,NA,84
2020,5,22,3,-21.2,904.7,NA,NA,86
2020,5,22,6,-20.5,902.2,NA,NA,86
2020,5,22,9,-21.9,903.3,3,240,85
2020,5,22,12,-21.3,905.4,1,250,86
2020,5,22,15,-21.1,906.4,2,240,NA
2020,5,22,18,-20.8,907.4,0,240,86
2020,5,22,21,-21.4,907.7,0,270,85
2020,5,23,0,-21.2,NA,NA,340,85
2020,5,23,3,-20.8,906.3,NA,340,86
2020,5,23,6,-19.8,906.1,NA,290,87
2020,5,23,9,-19.7,905.8,NA,280,62
2020,5,23,12,-18.8,905.9,NA,310,62
2020,5,23,15,-19.2,906,NA,350,67
2020,5,23,18,-19,905.7,1,20,54
2020,5,23,21,-19.1,905.5,1,320,60
2020,5,24,0,-18.6,905.4,NA,340,59
2020,5,24,3,-17.8,905.1,3,0,50
2020,5,24,6,-18.3,904.8,NA,360,46
2020,5,24,9,-18.1,904.4,3,20,48
2020,5,24,12,-18.3,904.5,NA,300,41
2020,5,24,15,-18.8,904.9,4,20,39
2020,5,24,18,-20.6,906,NA,340,49
2020,5,24,21,NA,907.8,NA,340,81
2020,5,25,0,-23.2,908.4,NA,360,83
2020,5,25,3,-25.3,908.6,NA,320,81
2020,5,25,6,-25.1,909.6,NA,350,81
2020,5,25,9,-24.7,909.9,NA,350,81
2020,5,25,12,-24.8,910.3,NA,0,81
2020,5,25,15,-24.9,910,NA,10,81
2020,5,25,18,-25.5,909.1,NA,10,81
2020,5,25,21,-24.9,909.3,NA,20,81
2020,5,26,0,-25.5,909.3,0,10,81
2020,5,26,3,-24.9,909.5,0,50,81
2020,5,26,6,-25.1,910.7,1,50,81
2020,5,26,9,-26.2,911.9,NA,350,80
2020,5,26,12,-26.8,913.9,NA,340,79
2020,5,26,15,-27.3,915.8,NA,340,79
2020,5,26,18,-27.5,917.4,NA,10,78
2020,5,26,21,-27.8,917.9,NA,350,78
2020,5,27,0,-28.2,918.1,NA,0,78
2020,5,27,3,-27.8,918.2,NA,340,78
2020,5,27,6,-25,918.3,NA,350,81
2020,5,27,9,-23.7,918.4,NA,360,82
2020,5,27,12,-24.2,919.5,NA,0,78
2020,5,27,15,-25.7,919.7,NA,360,76
2020,5,27,18,-26.3,920.1,NA,340,57
2020,5,27,21,-27.8,920.3,NA,50,78
2020,5,28,0,-27.4,920.1,NA,360,71
2020,5,28,3,-28.2,918.9,NA,350,68
2020,5,28,6,-26.3,918.4,NA,360,48
2020,5,28,9,-25.6,916.7,NA,340,42
2020,5,28,12,-24.1,915.8,0,360,41
2020,5,28,15,-23.6,915.8,0,350,43
2020,5,28,18,-23.9,915.8,NA,310,46
2020,5,28,21,-23.2,917.2,NA,350,44
2020,5,29,0,-23,918,2,20,43
2020,5,29,3,-21.2,917.8,2,360,36
2020,5,29,6,-18.4,917.7,1,350,28
2020,5,29,9,-17.8,917.3,4,30,25
2020,5,29,12,-16,916.6,4,40,24
2020,5,29,15,-16.5,915.1,NA,0,32
2020,5,29,18,-17.2,912.6,NA,20,34
2020,5,29,21,-18.3,908.9,NA,20,37
2020,5,30,0,-17.7,905.5,NA,40,25
2020,5,30,3,-16.1,902.4,NA,20,26
2020,5,30,6,-16.8,901.1,NA,270,28
2020,5,30,9,-18.3,901.9,NA,290,34
2020,5,30,12,NA,902.7,NA,280,48
2020,5,30,15,-20.9,903.4,0,340,42
2020,5,30,18,-19.5,903.8,2,40,37
2020,5,30,21,-19.3,904.4,NA,360,32
2020,5,31,0,-17.6,905.3,NA,350,29
2020,5,31,3,-17,906.3,NA,340,27
2020,5,31,6,-18.2,907.3,6,290,31
2020,5,31,9,-18.5,908.6,NA,330,37
2020,5,31,12,-16.5,908.5,NA,360,31
2020,5,31,15,-18.3,906.6,NA,20,38
2020,5,31,18,-17.6,904.8,NA,20,59
2020,5,31,21,-17.3,903.2,NA,20,62
2020,6,1,0,-19.5,901.4,NA,300,55
2020,6,1,3,-19.8,899.8,NA,230,64
2020,6,1,6,-21.2,899.6,NA,300,75
2020,6,1,9,-18.3,901.4,NA,290,78
2020,6,1,12,-21.2,904.2,NA,290,86
2020,6,1,15,-19.9,907.5,NA,320,87
2020,6,1,18,-18.5,910.7,NA,320,87
2020,6,1,21,-18.9,913.5,NA,300,88
2020,6,2,0,-20.5,916.4,1,240,87
2020,6,2,3,-22.6,918.4,NA,300,84
2020,6,2,6,-21.7,920,NA,340,85
2020,6,2,9,-21.9,920,NA,10,84
2020,6,2,12,-21.1,919,NA,10,84
2020,6,2,15,-22.9,918.8,NA,360,84
2020,6,2,18,-23.7,918.2,NA,320,83
2020,6,2,21,-25.4,917.3,NA,340,81
2020,6,3,0,-24.4,917.3,NA,0,82
2020,6,3,3,-22.8,916.7,NA,NA,84
2020,6,3,6,-22,916.7,NA,NA,84
2020,6,3,9,-21.5,916.8,NA,NA,85
2020,6,3,12,-21.4,917.1,NA,NA,85
2020,6,3,15,-24.4,917,NA,NA,83
2020,6,3,18,NA,918.5,NA,NA,80
2020,6,3,21,-26.1,918.6,NA,NA,80
2020,6,4,0,-25.2,920.4,NA,NA,81
2020,6,4,3,-25.6,920.2,NA,NA,81
2020,6,4,6,-25.3,920.5,NA,NA,81
2020,6,4,9,-25.4,920.1,NA,NA,81
2020,6,4,12,-26.8,921.3,NA,NA,79
2020,6,4,15,-27.4,921.4,NA,NA,79
2020,6,4,18,-25.8,920.9,NA,NA,80
2020,6,4,21,-26.1,919.6,NA,NA,80
2020,6,5,0,-27.2,917.6,NA,NA,79
2020,6,5,3,-27.1,915.3,NA,NA,79
2020,6,5,6,-27.8,913.3,NA,NA,78
2020,6,5,9,-28.1,911.7,NA,NA,78
2020,6,5,12,-27.7,910,NA,NA,79
2020,6,5,15,-27.7,908.5,NA,NA,79
2020,6,5,18,-27.6,907.6,NA,NA,78
2020,6,5,21,-27.9,907.1,NA,NA,78
2020,6,6,0,-27.6,906.5,NA,NA,78
2020,6,6,3,-28.6,906,NA,NA,77
2020,6,6,6,-26.6,906.1,NA,NA,79
2020,6,6,9,-27.5,906.5,NA,NA,79
2020,6,6,12,-27,907.3,NA,NA,79
2020,6,6,15,-24.4,907.1,NA,NA,82
2020,6,6,18,-23.9,907.4,NA,NA,82
2020,6,6,21,-22.5,907.3,NA,NA,84
2020,6,7,0,-21.7,907.1,NA,NA,83
2020,6,7,3,-21.8,906.6,NA,NA,81
2020,6,7,6,-21.6,907.3,NA,NA,68
2020,6,7,9,-21.6,908.8,NA,NA,83
2020,6,7,12,-24.6,911,NA,260,82
2020,6,7,15,NA,913.1,NA,260,78
2020,6,7,18,NA,913.2,NA,360,75
2020,6,7,21,-29.6,913.2,NA,0,76
2020,6,8,0,-28.6,912.6,NA,330,78
2020,6,8,3,-27.3,911,NA,270,79
2020,6,8,6,-29.1,911.8,NA,280,77
2020,6,8,9,-30.1,911.4,NA,230,76
2020,6,8,12,-30.6,911.6,NA,330,76
2020,6,8,15,-30.5,911.8,NA,310,75
2020,6,8,18,-30.4,911.5,NA,360,76
2020,6,8,21,-29.8,911.6,NA,340,76
2020,6,9,0,-28.9,911.4,NA,330,77
2020,6,9,3,-28,910.8,NA,310,78
2020,6,9,6,-27.5,909.9,0,240,75
2020,6,9,9,-27.7,911.3,0,260,73
2020,6,9,12,-25.6,909.8,1,230,76
2020,6,9,15,-25,910.2,1,240,72
2020,6,9,18,-23.6,910.5,3,240,70
2020,6,9,21,-23.4,909.8,1,240,78
2020,6,10,0,-24.4,910.8,0,230,81
2020,6,10,3,-21.6,910.2,1,250,74
2020,6,10,6,-21.4,910.3,0,250,71
2020,6,10,9,-18.7,909.1,0,240,55
2020,6,10,12,-18.3,908.6,0,250,60
2020,6,10,15,-18.2,907,1,240,74
2020,6,10,18,-18.8,906.8,1,240,82
2020,6,10,21,-19.2,907.2,2,230,88
2020,6,11,0,-20.1,907.9,1,240,87
2020,6,11,3,-20.8,908.2,2,240,86
2020,6,11,6,-22.9,910.2,NA,310,84
2020,6,11,9,-22.7,910.1,NA,30,84
2020,6,11,12,-23.4,909.3,NA,30,74
2020,6,11,15,-24.1,908.7,NA,10,71
2020,6,11,18,-24.5,908.3,NA,360,69
2020,6,11,21,-25.3,908.4,NA,10,75
2020,6,12,0,-25.9,908.9,NA,10,81
2020,6,12,3,-25.4,909.9,NA,0,81
2020,6,12,6,-26.7,911.3,NA,350,80
2020,6,12,9,-27.8,912.9,NA,360,78
2020,6,12,12,-27.6,914.5,NA,360,79
2020,6,12,15,-28.2,915.9,NA,360,78
2020,6,12,18,-28.3,917.5,NA,10,78
2020,6,12,21,-28.8,918.9,NA,40,77
2020,6,13,0,-29.7,920.5,NA,10,76
2020,6,13,3,-29.5,921.9,NA,10,76
2020,6,13,6,-29.6,922.9,NA,0,76
2020,6,13,9,-30.2,924.2,NA,360,75
2020,6,13,12,-29.6,925.1,NA,360,76
2020,6,13,15,-28.6,925.2,NA,360,77
2020,6,13,18,-29.9,925.1,NA,350,76
2020,6,13,21,-29.8,924.7,NA,350,76
2020,6,14,0,-29.3,923.8,NA,350,76
2020,6,14,3,-29.5,922.9,NA,320,76
2020,6,14,6,-29.7,922,NA,310,76
2020,6,14,9,-29,921.3,NA,320,77
2020,6,14,12,-29.3,920.9,NA,330,77
2020,6,14,15,-29.2,919.5,NA,290,77
2020,6,14,18,-28.9,919.8,NA,320,77
2020,6,14,21,-29.4,918.9,NA,300,76
2020,6,15,0,-30.3,918.5,1,240,76
2020,6,15,3,-30.1,917.5,0,270,75
2020,6,15,6,-29.9,919.4,0,240,76
2020,6,15,9,-29.2,919.2,1,260,76
2020,6,15,12,-31.1,920.2,NA,230,75
2020,6,15,15,-30.6,922.3,NA,230,75
2020,6,15,18,-31.3,921.8,NA,250,75
2020,6,15,21,-31.3,922.1,NA,290,75
2020,6,16,0,-31.7,921.5,NA,0,74
2020,6,16,3,-31.6,920.7,NA,0,74
2020,6,16,6,-31.7,919.6,NA,20,74
2020,6,16,9,-29.9,917,NA,30,75
2020,6,16,12,-28.3,915.6,1,30,59
2020,6,16,15,-29.1,915.7,NA,20,62
2020,6,16,18,-30.2,915.1,NA,NA,68
2020,6,16,21,-29.6,914,NA,NA,75
2020,6,17,0,-28.5,912.7,NA,NA,77
2020,6,17,3,-29.1,910.5,NA,300,77
2020,6,17,6,-30.3,908.7,NA,250,76
2020,6,17,9,-29.1,905.9,NA,240,77
2020,6,17,12,-29.2,906.1,NA,230,77
2020,6,17,15,-30,905.4,NA,240,76
2020,6,17,18,-31.4,906.2,1,230,75
2020,6,17,21,-30.8,909.3,NA,230,75
2020,6,18,0,-31.7,911.3,NA,230,74
2020,6,18,3,-32.2,912.8,NA,250,73
2020,6,18,6,-31.8,915.3,0,10,73
2020,6,18,9,-32.6,914.6,NA,350,73
2020,6,18,12,-32.6,911.9,NA,20,73
2020,6,18,15,-32.7,913,NA,340,73
2020,6,18,18,-32.3,910.6,NA,350,73
2020,6,18,21,-31.9,908,0,280,74
2020,6,19,0,-33.4,906.5,0,280,72
2020,6,19,3,-34.5,906.7,1,260,71
2020,6,19,6,-33,905.7,0,240,72
2020,6,19,9,-33.1,903,4,230,72
2020,6,19,12,-33.2,904.7,1,270,72
2020,6,19,15,-33.7,903.4,3,220,72
2020,6,19,18,-32.8,905.6,0,250,72
2020,6,19,21,-33.8,907.9,1,230,70
2020,6,20,0,-34.6,908.9,0,280,70
2020,6,20,3,-31.7,906.7,NA,240,61
2020,6,20,6,NA,905.1,NA,240,51
2020,6,20,9,NA,904.5,NA,230,57
2020,6,20,12,-26.6,904.7,NA,220,79
2020,6,20,15,-27,904.2,NA,230,79
2020,6,20,18,-24.4,904.1,NA,230,69
2020,6,20,21,-23.9,903.9,NA,230,76
2020,6,21,0,-23.3,905.7,NA,240,75
2020,6,21,3,-24,906.1,NA,240,79
2020,6,21,6,-21.1,903.6,NA,230,54
2020,6,21,9,-20,903,NA,250,43
2020,6,21,12,-17.3,900.8,NA,240,42
2020,6,21,15,-16,900.5,NA,240,61
2020,6,21,18,-16,903.2,NA,240,52
2020,6,21,21,-16.5,903.5,NA,350,48
2020,6,22,0,-20.2,904.7,NA,50,85
2020,6,22,3,-21.4,904.8,NA,70,85
2020,6,22,6,-22.7,904.9,NA,260,84
2020,6,22,9,-22.7,905.8,NA,260,84
2020,6,22,12,-22.5,906.8,NA,320,84
2020,6,22,15,-21.4,906.8,NA,280,71
2020,6,22,18,-20.1,907,0,260,56
2020,6,22,21,-20.5,907.7,0,310,64
2020,6,23,0,-21.1,908.1,NA,240,66
2020,6,23,3,-18.6,907.5,NA,220,66
2020,6,23,6,-17.5,904.7,NA,240,65
2020,6,23,9,NA,901.9,NA,250,41
2020,6,23,12,-14.2,901,NA,250,67
2020,6,23,15,-15.8,902.1,NA,240,91
2020,6,23,18,-15.8,903.2,NA,NA,91
2020,6,23,21,-14.5,907.2,NA,NA,86
2020,6,24,0,-14.2,911.2,NA,NA,90
2020,6,24,3,-17.9,911,NA,NA,89
2020,6,24,6,NA,915.3,NA,230,88
2020,6,24,9,-22.4,918.5,NA,240,85
2020,6,24,12,-23.3,919.4,NA,270,84
2020,6,24,15,-23.9,921,NA,280,83
2020,6,24,18,-24.7,922.2,1,230,82
2020,6,24,21,-25.8,922.1,NA,230,81
2020,6,25,0,-26.3,926.4,NA,240,81
2020,6,25,3,-26.1,926.7,NA,250,81
2020,6,25,6,-24.4,927.6,0,260,47
2020,6,25,9,-25.3,928.4,NA,240,54
2020,6,25,12,-25.3,928.1,NA,290,46
2020,6,25,15,-23.5,927.7,NA,340,29
2020,6,25,18,-24,927.5,NA,270,28
2020,6,25,21,-22.6,927.9,0,350,24
2020,6,26,0,-21.4,927.6,4,20,21
2020,6,26,3,-21.3,927,0,330,20
2020,6,26,6,-20.3,926.6,0,270,20
2020,6,26,9,-18.7,926.6,NA,240,17
2020,6,26,12,-19.3,927.1,NA,260,17
2020,6,26,15,-19.7,927.2,0,290,34
2020,6,26,18,NA,925.8,NA,300,28
2020,6,26,21,-16.6,925.7,NA,320,35
2020,6,27,0,-16.8,926.6,NA,310,34
2020,6,27,3,-14.8,926.3,0,230,26
2020,6,27,6,NA,926.1,0,260,38
2020,6,27,9,-10.9,928.5,NA,210,48
2020,6,27,12,-8.8,929.6,NA,220,47
2020,6,27,15,NA,933.6,NA,240,86
2020,6,27,18,NA,933.9,NA,230,92
2020,6,27,21,-16.1,935,NA,240,90
2020,6,28,0,-16.1,933.8,NA,10,90
2020,6,28,3,-16.9,931.4,NA,NA,90
2020,6,28,6,-17.2,928.3,0,NA,90
2020,6,28,9,-18.1,925.1,NA,NA,89
2020,6,28,12,-16.1,922.4,NA,0,90
2020,6,28,15,-13.4,921.4,NA,0,48
2020,6,28,18,NA,921.8,NA,260,77
2020,6,28,21,NA,924,NA,330,84
2020,6,29,0,-18.2,928,NA,310,88
2020,6,29,3,-21.5,929.3,0,240,80
2020,6,29,6,-21.4,933.8,1,230,86
2020,6,29,9,-20.3,935.6,2,250,87
2020,6,29,12,-19.9,933.4,2,240,87
2020,6,29,15,-20.6,941.5,1,240,87
2020,6,29,18,-20.5,943,0,250,73
2020,6,29,21,-18.6,941.6,1,NA,54
2020,6,30,0,-17.3,939,NA,NA,43
2020,6,30,3,-17,940.5,NA,NA,44
2020,6,30,6,-15.1,939.5,NA,240,32
2020,6,30,9,-16.2,939.9,0,270,35
2020,6,30,12,-15.1,936.6,1,330,28
2020,6,30,15,-16,934.3,NA,340,33
2020,6,30,18,NA,935.4,NA,300,51
2020,6,30,21,-19.7,932.5,1,260,50
2020,7,1,0,-23.1,933.3,0,250,79
2020,7,1,3,-23.7,932.6,0,320,83
2020,7,1,6,-23.8,932,1,0,83
2020,7,1,9,-24,930.8,0,330,83
2020,7,1,12,-21.5,929.9,0,270,57
2020,7,1,15,NA,928.3,1,250,34
2020,7,1,18,NA,926.7,1,230,32
2020,7,1,21,-12.4,927.1,2,240,30
2020,7,2,0,NA,927.3,1,250,29
2020,7,2,3,-9.6,929,NA,250,36
2020,7,2,6,-7.8,929.5,NA,250,25
2020,7,2,9,NA,931.4,NA,270,50
2020,7,2,12,NA,933.1,NA,260,56
2020,7,2,15,-9,934.8,NA,240,41
2020,7,2,18,-11.8,936.1,NA,230,89
2020,7,2,21,NA,942.6,NA,240,93
2020,7,3,0,-13.2,941.3,NA,230,89
2020,7,3,3,-15.3,945.6,NA,270,91
2020,7,3,6,-14.8,944.7,NA,260,92
2020,7,3,9,-14.6,944.3,NA,270,91
2020,7,3,12,-13.7,941.2,3,340,85
2020,7,3,15,-10.7,937.2,1,340,45
2020,7,3,18,NA,932.4,1,10,18
2020,7,3,21,NA,928.7,NA,340,14
2020,7,4,0,NA,924.6,NA,330,20
2020,7,4,3,0.5,922.1,NA,330,19
2020,7,4,6,NA,921.9,NA,10,45
2020,7,4,9,NA,920,NA,220,51
2020,7,4,12,-5.9,919.4,NA,350,29
2020,7,4,15,-10.7,917.5,NA,20,47
2020,7,4,18,-9.9,916.1,NA,10,40
2020,7,4,21,-9.8,916.4,NA,350,42
2020,7,5,0,-11.9,917.1,NA,20,NA
2020,7,5,3,NA,917.4,0,250,82
2020,7,5,6,NA,917,0,290,79
2020,7,5,9,-19.3,916.3,0,250,85
2020,7,5,12,-20.3,916.8,1,230,81
2020,7,5,15,-20.6,917.6,NA,290,86
2020,7,5,18,-21.4,916.9,NA,320,85
2020,7,5,21,-22.2,916.8,NA,0,84
2020,7,6,0,-21.4,916.3,NA,360,85
2020,7,6,3,-23.2,915.2,NA,10,82
2020,7,6,6,-20.4,915.5,NA,350,61
2020,7,6,9,-21.6,915.5,2,10,69
2020,7,6,12,-21.5,915.3,NA,0,76
2020,7,6,15,-20.8,915.1,NA,40,72
2020,7,6,18,-20,914.6,NA,350,63
2020,7,6,21,-20.8,915,NA,340,62
2020,7,7,0,-21,916.2,NA,0,74
2020,7,7,3,-21.3,917.5,0,320,84
2020,7,7,6,-21.5,918.8,0,350,84
2020,7,7,9,-19,920.2,NA,NA,83
2020,7,7,12,-19.4,921.7,3,270,71
2020,7,7,15,-21.1,923,0,330,71
2020,7,7,18,-21.7,924.9,0,340,75
2020,7,7,21,-23.8,925.9,NA,20,83
2020,7,8,0,-23.4,927.1,NA,0,NA
2020,7,8,3,-23.8,927.4,NA,340,82
2020,7,8,6,-24.6,927.9,NA,290,82
2020,7,8,9,-24.3,928,NA,300,82
2020,7,8,12,-24,928.4,NA,280,82
2020,7,8,15,-24.1,928.8,NA,280,82
2020,7,8,18,-24.2,928.5,NA,320,82
2020,7,8,21,-24.3,929.1,NA,290,82
2020,7,9,0,-24.1,929.3,NA,270,82
2020,7,9,3,-24.4,930.1,NA,280,82
2020,7,9,6,-23.4,930,NA,270,83
2020,7,9,9,-23.7,930,NA,270,83
2020,7,9,12,-23.5,930.1,0,250,83
2020,7,9,15,-23.8,929.1,1,NA,83
2020,7,9,18,-23.9,924.9,0,NA,83
2020,7,9,21,-24.2,922.2,0,NA,83
2020,7,10,0,-24.1,915.2,1,NA,83
2020,7,10,3,-24.2,913.3,NA,NA,82
2020,7,10,6,-24.5,906.8,4,NA,82
2020,7,10,9,-24,908.4,6,NA,83
2020,7,10,12,-23.2,903.7,4,240,84
2020,7,10,15,-23.6,904.1,3,230,83
2020,7,10,18,-22.6,903.7,5,240,84
2020,7,10,21,-21.6,906.3,4,240,85
2020,7,11,0,-22.1,899.7,5,230,85
2020,7,11,3,-20.9,NA,5,240,86
2020,7,11,6,-20.8,900,4,240,86
2020,7,11,9,-21.5,908.2,2,240,85
2020,7,11,12,-22.3,906.7,2,230,85
2020,7,11,15,-21.3,908.9,2,240,86
2020,7,11,18,-21.9,906.9,4,NA,85
2020,7,11,21,-20.7,907.6,3,NA,86
2020,7,12,0,-21.2,909.1,0,NA,85
2020,7,12,3,-21.8,911.6,3,250,85
2020,7,12,6,-22.6,914.7,3,240,84
2020,7,12,9,-21.4,917.8,1,240,84
2020,7,12,12,-21.5,919,0,240,83
2020,7,12,15,-21.2,918,0,230,85
2020,7,12,18,-20.1,918.5,1,230,87
2020,7,12,21,-18.8,918.2,2,240,88
2020,7,13,0,-20.2,917.3,1,240,70
2020,7,13,3,-20.1,918.5,0,260,76
2020,7,13,6,-19.6,918.5,1,260,73
2020,7,13,9,-18.3,919.5,NA,0,60
2020,7,13,12,-19.4,920.5,NA,NA,61
2020,7,13,15,-22.6,921,NA,NA,81
2020,7,13,18,-22.2,920.8,NA,NA,85
2020,7,13,21,-20.9,919.1,NA,NA,59
2020,7,14,0,-23.9,919.2,NA,340,83
2020,7,14,3,-24.6,918.2,NA,20,82
2020,7,14,6,-24.7,919.9,NA,350,82
2020,7,14,9,-25.3,921.3,NA,310,81
2020,7,14,12,-25.7,920.6,NA,360,81
2020,7,14,15,-23.8,917.9,NA,40,78
2020,7,14,18,-25.1,915.2,NA,350,69
2020,7,14,21,-25,914.3,NA,10,64
2020,7,15,0,-24.1,914.4,NA,340,55
2020,7,15,3,-22.9,914.5,NA,300,45
2020,7,15,6,-22.5,914,1,270,49
2020,7,15,9,NA,914.3,1,260,38
2020,7,15,12,-21.3,914.3,0,240,50
2020,7,15,15,-22.6,916.3,NA,260,70
2020,7,15,18,-22.5,915.8,NA,290,66
2020,7,15,21,-24.1,914.9,NA,240,83
2020,7,16,0,-25.1,914.1,NA,340,82
2020,7,16,3,-23.6,910.6,21,360,72
2020,7,16,6,-23.8,908.6,NA,10,67
2020,7,16,9,-24.4,908.9,NA,340,74
2020,7,16,12,-24.9,910.4,NA,310,72
2020,7,16,15,-26.2,914.3,NA,300,80
2020,7,16,18,-25.2,917.2,NA,270,81
2020,7,16,21,-23.8,920.4,NA,300,64
2020,7,17,0,-24.2,921.9,NA,330,51
2020,7,17,3,-23.6,922.5,NA,300,58
2020,7,17,6,-21.6,923.6,NA,310,47
2020,7,17,9,-22.6,924.7,NA,310,43
2020,7,17,12,-22.2,925.8,0,10,45
2020,7,17,15,-22,926.3,NA,30,44
2020,7,17,18,-24.9,926.4,NA,20,76
2020,7,17,21,-25.7,926.2,NA,10,80
2020,7,18,0,-27.1,926.4,NA,330,79
2020,7,18,3,-26.6,925.6,NA,320,79
2020,7,18,6,-27,924.5,NA,300,79
2020,7,18,9,-27.3,924,NA,290,79
2020,7,18,12,-26.7,922.4,NA,310,79
2020,7,18,15,-27.2,920.6,NA,0,79
2020,7,18,18,-27.5,917.9,2,50,78
2020,7,18,21,-28.4,916,3,30,77
2020,7,19,0,-28.1,914.4,NA,40,78
2020,7,19,3,-29,912.6,NA,10,77
2020,7,19,6,-28.8,911,NA,NA,77
2020,7,19,9,-29.1,909.9,NA,NA,77
2020,7,19,12,-29.4,908.2,NA,NA,76
2020,7,19,15,-28.5,907.2,NA,360,77
2020,7,19,18,-28.9,907.3,NA,340,77
2020,7,19,21,-28.4,908.7,NA,340,77
2020,7,20,0,-28.8,910.1,NA,280,77
2020,7,20,3,-30.5,910.5,NA,270,75
2020,7,20,6,-30,912,NA,280,76
2020,7,20,9,-29.3,912.2,NA,250,77
2020,7,20,12,-29.2,911.4,1,240,77
2020,7,20,15,-30.7,913.5,2,250,76
2020,7,20,18,-30.2,915.6,1,240,76
2020,7,20,21,-31.1,917.6,1,210,75
2020,7,21,0,-32.4,919,NA,350,73
2020,7,21,3,-32.7,919.3,NA,350,73
2020,7,21,6,-33,919.6,NA,20,72
2020,7,21,9,-32.4,919.8,1,40,73
2020,7,21,12,-32.6,919.8,NA,40,73
2020,7,21,15,-33,919.5,NA,50,72
2020,7,21,18,-34.3,918.9,NA,350,71
2020,7,21,21,-34.4,917.6,4,40,71
2020,7,22,0,-34.8,916.8,3,10,70
2020,7,22,3,-34.9,915.5,4,10,70
2020,7,22,6,-34.4,915.6,3,340,71
2020,7,22,9,-34,916.3,NA,360,71
2020,7,22,12,-33.6,916.3,NA,350,72
2020,7,22,15,-34.3,915.8,1,260,71
2020,7,22,18,-35.8,915.2,0,260,69
2020,7,22,21,-32.5,914.2,1,240,73
2020,7,23,0,-31.6,911.3,2,NA,74
2020,7,23,3,-30.7,907.8,NA,NA,75
2020,7,23,6,-30.7,903.1,2,240,75
2020,7,23,9,-31.4,900.7,3,230,74
2020,7,23,12,-30.5,901.3,2,230,75
2020,7,23,15,-28.6,900,NA,NA,77
2020,7,23,18,-26.6,903.2,3,NA,79
2020,7,23,21,-24.9,899.6,3,NA,81
2020,7,24,0,-23,896.8,3,230,83
2020,7,24,3,-24.8,898.1,2,230,82
2020,7,24,6,-24.8,895.3,3,240,81
2020,7,24,9,-24.6,895.3,2,240,82
2020,7,24,12,-23.9,892.7,2,240,83
2020,7,24,15,-23.2,895.4,3,230,84
2020,7,24,18,-22,892.6,5,240,85
2020,7,24,21,-20.8,893.8,2,240,86
2020,7,25,0,NA,894.4,2,250,75
2020,7,25,3,-16.2,891.8,3,250,47
2020,7,25,6,-15.2,893.4,0,250,41
2020,7,25,9,-14.8,892.4,1,270,45
2020,7,25,12,-15.3,891.6,NA,290,46
2020,7,25,15,-15.1,891.6,NA,290,42
2020,7,25,18,-16.1,893.1,NA,290,49
2020,7,25,21,-15.8,896,NA,320,59
2020,7,26,0,NA,895.8,NA,240,91
2020,7,26,3,NA,900.8,NA,240,85
2020,7,26,6,NA,905.1,NA,230,85
2020,7,26,9,-21.2,906.9,NA,230,75
2020,7,26,12,-20.8,908.3,NA,240,81
2020,7,26,15,-22.2,913,NA,230,85
2020,7,26,18,-21.9,914.4,NA,230,85
2020,7,26,21,-22.1,917.1,NA,230,84
2020,7,27,0,-21.8,920.6,NA,240,70
2020,7,27,3,-22.3,923.1,NA,240,66
2020,7,27,6,-22.6,921.7,NA,350,54
2020,7,27,9,-21,918.5,NA,20,46
2020,7,27,12,-23.3,915.9,NA,30,72
2020,7,27,15,-23.3,914.4,NA,10,69
2020,7,27,18,-23.3,912.5,NA,50,84
2020,7,27,21,-23.7,911.8,NA,340,83
2020,7,28,0,-25.1,910.8,NA,280,82
2020,7,28,3,-24.9,911.1,NA,0,81
2020,7,28,6,-27.7,911.4,NA,280,78
2020,7,28,9,-29,913.3,1,240,77
2020,7,28,12,-29.5,917.2,2,230,76
2020,7,28,15,-29.7,921.1,NA,340,76
2020,7,28,18,-29.3,922,NA,40,77
2020,7,28,21,-29.8,922.3,NA,30,76
2020,7,29,0,-29.6,922.8,NA,40,76
2020,7,29,3,-29.7,924.2,NA,20,76
2020,7,29,6,-30.1,925.6,NA,350,76
2020,7,29,9,-29.5,926.9,NA,20,76
2020,7,29,12,-27.7,927.1,NA,30,79
2020,7,29,15,-28.6,928.9,0,10,78
2020,7,29,18,-27.2,928.2,0,20,71
2020,7,29,21,-27.6,927.9,NA,30,69
2020,7,30,0,NA,926.3,NA,300,28
2020,7,30,3,NA,925.2,NA,320,15
2020,7,30,6,-12.6,924.2,NA,320,24
2020,7,30,9,-13,923.8,NA,300,18
2020,7,30,12,NA,923.6,0,310,43
2020,7,30,15,-13.3,920.7,NA,350,30
2020,7,30,18,-17.5,917.8,NA,260,52
2020,7,30,21,NA,913.1,NA,240,86
2020,7,31,0,-21.5,908.5,2,230,86
2020,7,31,3,-23.5,908.9,1,230,84
2020,7,31,6,-25.6,912.2,2,240,81
2020,7,31,9,-26.4,914.8,1,230,80
2020,7,31,12,-27.2,919.2,0,240,79
2020,7,31,15,-27.3,923.3,NA,260,79
2020,7,31,18,-28.3,924.5,NA,260,78
2020,7,31,21,-29,925,1,260,77
2020,8,1,0,-29.4,924.9,0,250,77
2020,8,1,3,-28.9,924.3,0,290,77
2020,8,1,6,-29.3,925,1,240,77
2020,8,1,9,-28.7,925.8,0,240,77
2020,8,1,12,-28.5,927.1,1,250,78
2020,8,1,15,-28.7,928,1,250,77
2020,8,1,18,-28.9,930.5,0,230,77
2020,8,1,21,-29,930.1,NA,350,77
2020,8,2,0,-29.3,928.8,NA,NA,76
2020,8,2,3,-29.7,926.3,NA,NA,76
2020,8,2,6,-30.4,923.3,NA,NA,75
2020,8,2,9,-30.5,920.4,NA,40,75
2020,8,2,12,-30.6,919.2,NA,0,75
2020,8,2,15,-31.6,918,NA,310,74
2020,8,2,18,-31.2,915.9,NA,350,74
2020,8,2,21,-32.1,913.4,NA,10,73
2020,8,3,0,-33.6,912,NA,330,71
2020,8,3,3,-33.6,910.2,NA,280,72
2020,8,3,6,-34.8,910.6,NA,340,70
2020,8,3,9,-35.1,910.3,NA,340,70
2020,8,3,12,-35.7,909.5,NA,350,69
2020,8,3,15,-36,908.1,1,20,69
2020,8,3,18,-35.5,907.1,NA,360,69
2020,8,3,21,-35.5,906.8,NA,0,69
2020,8,4,0,-35.4,906.1,NA,10,69
2020,8,4,3,-36.7,905.3,NA,350,67
2020,8,4,6,-36.9,904.4,NA,340,68
2020,8,4,9,-35.5,904.2,NA,330,69
2020,8,4,12,-34.5,904,NA,280,70
2020,8,4,15,-34.9,903.5,NA,290,70
2020,8,4,18,-31.4,900.8,1,240,74
2020,8,4,21,-30,897.8,0,NA,73
2020,8,5,0,-29.1,895.1,2,NA,77
2020,8,5,3,-29,892,3,250,76
2020,8,5,6,-27.4,898.7,2,240,76
2020,8,5,9,-26.7,899.9,3,230,79
2020,8,5,12,-27.6,903.8,3,240,79
2020,8,5,15,-26.2,906.3,4,240,76
2020,8,5,18,-25,914.2,3,240,77
2020,8,5,21,-24.1,915.3,1,230,73
2020,8,6,0,-23.2,917.6,1,230,69
2020,8,6,3,-23.8,917.8,NA,270,61
2020,8,6,6,-23.7,917.8,NA,0,63
2020,8,6,9,-23.8,917.4,NA,320,62
2020,8,6,12,-22.4,917.3,NA,80,44
2020,8,6,15,-22,917.3,2,20,35
2020,8,6,18,-23.2,916.7,NA,10,40
2020,8,6,21,-24.3,916,NA,30,43
2020,8,7,0,-25,915.7,NA,40,45
2020,8,7,3,-25.5,914.9,NA,350,52
2020,8,7,6,-28.6,914.2,NA,330,77
2020,8,7,9,-27.8,914.1,NA,300,77
2020,8,7,12,-27.5,914,NA,300,78
2020,8,7,15,-27.4,913.4,NA,330,78
2020,8,7,18,-28.6,913,NA,310,77
2020,8,7,21,-29.5,912.7,NA,260,76
2020,8,8,0,-30.8,913.5,1,260,74
2020,8,8,3,-31.6,913.9,NA,310,74
2020,8,8,6,-29.1,914.8,NA,360,76
2020,8,8,9,-29,915.7,NA,0,77
2020,8,8,12,-27.4,916,NA,360,78
2020,8,8,15,-26,916.1,NA,0,80
2020,8,8,18,-25.9,916.5,NA,350,55
2020,8,8,21,-23.5,917,NA,0,34
2020,8,9,0,NA,917.5,NA,350,29
2020,8,9,3,-19.5,918.5,NA,360,27
2020,8,9,6,-19.8,919.6,NA,300,25
2020,8,9,9,-19.6,920.7,0,320,27
2020,8,9,12,-19.4,922.1,NA,10,23
2020,8,9,15,-21.8,922.7,NA,290,28
2020,8,9,18,NA,923.6,0,300,77
2020,8,9,21,-25.1,924.8,0,250,81
2020,8,10,0,-24,924.9,0,250,83
2020,8,10,3,-24.2,924.9,NA,280,78
2020,8,10,6,-24.4,923.9,NA,270,79
2020,8,10,9,-25.2,921.2,NA,260,80
2020,8,10,12,-24.2,918.8,2,230,83
2020,8,10,15,-24.4,918.8,2,230,82
2020,8,10,18,-24.4,917.7,2,240,82
2020,8,10,21,-25.2,918.3,1,NA,82
2020,8,11,0,-25.6,920.8,2,NA,81
2020,8,11,3,-25.6,921.8,2,NA,81
2020,8,11,6,-24.6,922.4,2,NA,80
2020,8,11,9,-25.3,922,1,230,81
2020,8,11,12,-24.9,919,3,240,81
2020,8,11,15,-24.4,916.8,2,230,79
2020,8,11,18,-22.5,914.2,NA,240,75
2020,8,11,21,-21.2,914.4,NA,NA,83
2020,8,12,0,-20.9,914.1,NA,NA,86
2020,8,12,3,-19.8,915.8,NA,NA,87
2020,8,12,6,-19.1,916.7,NA,250,81
2020,8,12,9,-18,913.9,NA,230,70
2020,8,12,12,-16,911.5,NA,230,47
2020,8,12,15,-14.8,908.1,NA,240,36
2020,8,12,18,-13.2,905.7,1,240,43
2020,8,12,21,-13,904.6,2,230,90
2020,8,13,0,-14.7,903,NA,NA,92
2020,8,13,3,-14.5,903.8,NA,NA,93
2020,8,13,6,-14.6,910.6,NA,NA,92
2020,8,13,9,-14.7,916.5,3,240,92
2020,8,13,12,-14.8,921,1,250,92
2020,8,13,15,-14.8,922.7,1,240,92
2020,8,13,18,-13.7,923.9,0,260,82
2020,8,13,21,-13.8,925.8,0,250,86
2020,8,14,0,-14.4,927,NA,240,91
2020,8,14,3,-14.6,928,NA,240,92
2020,8,14,6,-14.6,930.3,NA,220,93
2020,8,14,9,-14.1,931.9,NA,220,89
2020,8,14,12,-13.5,931.8,NA,0,92
2020,8,14,15,-13.2,931.1,NA,20,64
2020,8,14,18,-12.8,930,NA,40,73
2020,8,14,21,-13.8,928.9,NA,40,68
2020,8,15,0,-15.1,929.1,NA,10,NA
2020,8,15,3,-16.3,929.2,NA,0,89
2020,8,15,6,-17.1,929.8,NA,20,86
2020,8,15,9,-16.7,931.5,NA,340,88
2020,8,15,12,-19.8,932.4,NA,320,87
2020,8,15,15,-19,934.4,NA,260,88
2020,8,15,18,-18.5,936.5,1,310,88
2020,8,15,21,-21.2,937.4,NA,310,86
2020,8,16,0,-21.6,937.8,NA,320,85
2020,8,16,3,-21.7,937.7,NA,340,85
2020,8,16,6,-22.7,937.4,NA,330,84
2020,8,16,9,-22.9,937.5,NA,NA,84
2020,8,16,12,-23.2,937.5,NA,NA,83
2020,8,16,15,-23.4,937.8,NA,NA,83
2020,8,16,18,-24.4,938.1,NA,NA,83
2020,8,16,21,-24.2,939,NA,NA,83
2020,8,17,0,-24.3,939.6,NA,NA,82
2020,8,17,3,-23.7,939.7,NA,NA,83
2020,8,17,6,-23.4,939.2,NA,NA,83
2020,8,17,9,-21.6,938.7,NA,280,85
2020,8,17,12,-21.7,937.1,NA,320,85
2020,8,17,15,-21.3,934.7,NA,290,86
2020,8,17,18,-21.5,933.1,0,260,86
2020,8,17,21,-22.4,931.3,0,230,85
2020,8,18,0,-21.7,929.4,1,250,85
2020,8,18,3,-21.9,930.5,1,260,79
2020,8,18,6,-23.2,930.1,NA,240,84
2020,8,18,9,-23.9,931,NA,240,83
2020,8,18,12,-25.6,931.3,0,270,81
2020,8,18,15,-25.8,930.6,NA,300,81
2020,8,18,18,-26.3,929.4,NA,350,80
2020,8,18,21,-26.4,927.5,NA,350,80
2020,8,19,0,-28.1,926,NA,350,79
2020,8,19,3,-29.1,925,NA,330,77
2020,8,19,6,-28.5,923.7,NA,340,78
2020,8,19,9,-29.5,922,NA,270,77
2020,8,19,12,-30.1,920.7,NA,230,76
2020,8,19,15,-30.6,920.8,0,240,76
2020,8,19,18,-31.5,920.6,NA,320,75
2020,8,19,21,-31,921,NA,0,75
2020,8,20,0,-30.1,920.6,NA,10,76
2020,8,20,3,-30.8,921,NA,360,75
2020,8,20,6,-30.5,920.8,NA,350,76
2020,8,20,9,-30,920,NA,290,76
2020,8,20,12,-29.2,920.4,0,270,77
2020,8,20,15,-29.5,921.9,NA,320,77
2020,8,20,18,-27.7,922,NA,310,79
2020,8,20,21,-27.1,922.5,NA,360,79
2020,8,21,0,-25.4,922.6,NA,290,81
2020,8,21,3,-25.9,922.2,1,250,80
2020,8,21,6,-25.5,921.6,1,230,82
2020,8,21,9,-27.4,924.3,0,250,79
2020,8,21,12,-25.7,921.9,1,230,81
2020,8,21,15,-25.1,920.8,NA,230,82
2020,8,21,18,-26.3,918.1,NA,230,81
2020,8,21,21,-26.8,916.4,NA,NA,80
2020,8,22,0,-28.2,915.3,2,NA,78
2020,8,22,3,-28,911.7,0,NA,79
2020,8,22,6,-28,912.6,0,230,79
2020,8,22,9,-28.3,910.9,3,240,79
2020,8,22,12,-27.6,911.5,0,240,78
2020,8,22,15,-27,910.3,0,210,80
2020,8,22,18,NA,906.6,0,240,48
2020,8,22,21,-22.7,904.6,1,240,48
2020,8,23,0,-24.4,904.2,0,210,55
2020,8,23,3,-24.7,903.1,0,20,57
2020,8,23,6,-24.6,900.8,NA,350,51
2020,8,23,9,-25.7,899.8,NA,350,47
2020,8,23,12,NA,897.4,NA,340,28
2020,8,23,15,-24.4,896.2,NA,350,39
2020,8,23,18,-22.5,894.6,NA,310,27
2020,8,23,21,-23.3,894.4,NA,320,30
2020,8,24,0,-21.3,894.7,NA,360,27
2020,8,24,3,-22.2,896.1,NA,310,26
2020,8,24,6,-22,898.7,NA,290,29
2020,8,24,9,-21.1,902.1,NA,280,28
2020,8,24,12,-21,905.3,NA,260,76
2020,8,24,15,-20.4,907.7,NA,240,70
2020,8,24,18,-20.5,910.8,NA,250,81
2020,8,24,21,-21.4,913.5,NA,290,72
2020,8,25,0,-20.9,915.4,0,280,67
2020,8,25,3,-19.6,916.9,0,270,63
2020,8,25,6,-19.8,916,1,250,80
2020,8,25,9,-22,916.8,0,250,85
2020,8,25,12,-21.9,915.6,2,230,85
2020,8,25,15,-22.3,916.6,1,240,85
2020,8,25,18,-23.4,917,2,230,83
2020,8,25,21,-24.3,918.1,1,230,82
2020,8,26,0,-24.2,920.9,0,230,83
2020,8,26,3,-24,921.9,1,240,82
2020,8,26,6,-22.9,923.4,NA,NA,84
2020,8,26,9,-23,921.9,1,NA,84
2020,8,26,12,-24.2,925.7,3,NA,83
2020,8,26,15,-25.6,926.4,2,NA,81
2020,8,26,18,-25.4,926.5,1,NA,81
2020,8,26,21,-24.4,924.2,2,NA,82
2020,8,27,0,-24.5,921.9,3,NA,82
2020,8,27,3,-24.4,922.1,1,NA,82
2020,8,27,6,-24.5,922.5,2,NA,82
2020,8,27,9,-24.4,924.2,5,NA,82
2020,8,27,12,-23.7,925.6,4,NA,83
2020,8,27,15,-23.1,924.6,NA,240,84
2020,8,27,18,-22.8,925.5,NA,240,83
2020,8,27,21,-23.2,925.3,1,230,83
2020,8,28,0,-22.9,926,2,NA,84
2020,8,28,3,-23,926.6,2,NA,84
2020,8,28,6,-22.3,926.7,1,NA,85
2020,8,28,9,-21.9,927.9,4,240,85
2020,8,28,12,-22.7,926.3,5,230,84
2020,8,28,15,-22.7,925.2,2,230,84
2020,8,28,18,-22.5,925,3,240,84
2020,8,28,21,-21.6,927.2,2,240,85
2020,8,29,0,-22.8,924.5,3,230,84
2020,8,29,3,-21.3,923.2,2,240,81
2020,8,29,6,-20.5,923.1,0,230,66
2020,8,29,9,-19.9,922.9,2,230,62
2020,8,29,12,-20.5,921,2,NA,65
2020,8,29,15,-23.5,916.5,4,NA,82
2020,8,29,18,-24.1,912.2,2,NA,83
2020,8,29,21,-26.4,910.6,1,NA,80
2020,8,30,0,-27.4,908.6,2,230,79
2020,8,30,3,-27.2,908.7,1,240,79
2020,8,30,6,-27.8,908.8,2,NA,75
2020,8,30,9,-27.3,908.1,0,NA,72
2020,8,30,12,-25.6,907.4,3,NA,62
2020,8,30,15,-24.3,902,0,NA,69
2020,8,30,18,-23.7,901.6,1,NA,73
2020,8,30,21,-21.8,900.7,3,NA,70
2020,8,31,0,-21.6,897.9,2,NA,83
2020,8,31,3,-20.9,896.5,2,240,81
2020,8,31,6,-20.3,894.1,2,250,84
2020,8,31,9,-19.5,892.2,3,240,88
2020,8,31,12,-18.2,890.5,1,250,86
2020,8,31,15,-16.4,890.8,3,250,82
2020,8,31,18,-14.3,891.8,1,250,78
2020,8,31,21,-14.2,892.4,NA,10,69
2020,9,1,0,-15.8,895.9,NA,0,90
2020,9,1,3,-18.8,898.3,NA,10,87
2020,9,1,6,-16.9,903.9,5,70,91
2020,9,1,9,-16.6,907.6,1,200,91
2020,9,1,12,-16.9,910.8,NA,180,91
2020,9,1,15,-17.6,912.7,NA,230,90
2020,9,1,18,-18.8,913.8,NA,NA,89
2020,9,1,21,-18.8,915.2,0,NA,89
2020,9,2,0,-18.3,916.7,0,NA,89
2020,9,2,3,-18.2,917.9,NA,310,89
2020,9,2,6,-19.2,919.3,NA,350,88
2020,9,2,9,-18.9,920.8,NA,290,85
2020,9,2,12,-18.8,923,NA,270,87
2020,9,2,15,-16.9,924.7,1,260,83
2020,9,2,18,NA,925.7,0,250,93
2020,9,2,21,-14.5,928.5,2,250,91
2020,9,3,0,-14.9,930,1,250,93
2020,9,3,3,-15.2,933.1,1,230,93
2020,9,3,6,-13.6,934.7,3,NA,91
2020,9,3,9,-12.9,933.2,1,NA,94
2020,9,3,12,-12.6,933.2,2,250,90
2020,9,3,15,-12.4,934.3,0,250,42
2020,9,3,18,-11.2,932.8,2,240,56
2020,9,3,21,-12.1,932.2,0,290,64
2020,9,4,0,-12.6,930.8,0,300,66
2020,9,4,3,-12,929,NA,NA,53
2020,9,4,6,-15,926,NA,20,59
2020,9,4,9,-13.3,924.2,NA,20,49
2020,9,4,12,-13.9,922.9,NA,300,44
2020,9,4,15,-12.5,922.4,NA,360,42
2020,9,4,18,-14.3,922.1,NA,310,43
2020,9,4,21,-13.9,922.2,NA,330,45
2020,9,5,0,-14.6,921.8,NA,320,48
2020,9,5,3,-16.9,921.4,0,70,65
2020,9,5,6,-15.8,919.9,NA,10,51
2020,9,5,9,-14.6,918.3,NA,350,47
2020,9,5,12,-13.3,916.2,NA,10,39
2020,9,5,15,-10.6,914.2,NA,360,35
2020,9,5,18,-12.4,913.2,0,310,35
2020,9,5,21,-12.4,912.7,NA,250,38
2020,9,6,0,-13.8,912.4,NA,330,44
2020,9,6,3,-16,913.3,NA,340,55
2020,9,6,6,NA,914.7,1,240,74
2020,9,6,9,-19.5,916.3,NA,240,54
2020,9,6,12,-21.4,917.9,0,280,84
2020,9,6,15,-22.6,918.7,1,250,85
2020,9,6,18,-23,919.5,1,280,84
2020,9,6,21,-23,921.5,1,290,84
2020,9,7,0,-23.5,923,0,250,83
2020,9,7,3,-23.9,923.9,3,230,83
2020,9,7,6,-24.6,925.7,1,230,82
2020,9,7,9,-24.5,926,0,310,82
2020,9,7,12,-24.1,926.1,0,300,83
2020,9,7,15,-24.6,925.5,2,250,82
2020,9,7,18,-24.8,925.3,0,270,71
2020,9,7,21,-26,925.2,0,270,81
2020,9,8,0,-25.1,924.5,0,240,80
2020,9,8,3,-26.3,924.2,2,240,80
2020,9,8,6,-28.3,924.8,1,250,70
2020,9,8,9,-29.6,924.6,2,240,76
2020,9,8,12,-29.1,924.8,0,240,77
2020,9,8,15,-26.9,922.7,2,250,63
2020,9,8,18,-25,922.4,2,240,58
2020,9,8,21,-23.5,922.3,1,NA,64
2020,9,9,0,-21.4,921.4,1,NA,55
2020,9,9,3,-20.5,923.1,1,NA,59
2020,9,9,6,-21.9,922.7,0,300,84
2020,9,9,9,-22.5,921.9,0,40,83
2020,9,9,12,-24.4,921.1,NA,10,82
2020,9,9,15,-23.6,920,NA,50,83
2020,9,9,18,-23.4,919.5,NA,30,73
2020,9,9,21,-22.7,920.2,10,40,56
2020,9,10,0,-23,921.1,NA,50,64
2020,9,10,3,-24.3,923,NA,330,79
2020,9,10,6,-25.3,923.7,NA,270,78
2020,9,10,9,-25.4,924.4,0,320,68
2020,9,10,12,-27.3,925.4,2,360,80
2020,9,10,15,-25.3,925.7,0,350,81
2020,9,10,18,-25.7,924.7,NA,30,57
2020,9,10,21,-26.6,923.8,NA,20,63
2020,9,11,0,-26.6,923.1,NA,50,79
2020,9,11,3,-27.5,921.6,10,10,80
2020,9,11,6,-27.8,919.9,NA,20,79
2020,9,11,9,-28.4,918.9,NA,20,77
2020,9,11,12,-27.3,916.8,NA,350,79
2020,9,11,15,-26.3,914.1,NA,20,78
2020,9,11,18,-23.2,911.6,NA,0,50
2020,9,11,21,NA,909.8,NA,360,30
2020,9,12,0,NA,908.6,NA,10,79
2020,9,12,3,NA,911,NA,360,81
2020,9,12,6,-27.3,912.4,NA,280,79
2020,9,12,9,-28.9,912.8,1,270,77
2020,9,12,12,-29.2,913.7,0,270,77
2020,9,12,15,-27.6,913.8,1,240,78
2020,9,12,18,-26.6,915.5,1,240,61
2020,9,12,21,-27.5,918.9,0,230,78
2020,9,13,0,-26.8,921.1,0,230,NA
2020,9,13,3,-27.6,922.7,0,230,78
2020,9,13,6,-28.3,924.3,1,210,78
2020,9,13,9,-29.9,925.4,0,290,76
2020,9,13,12,-29.4,926.1,NA,310,77
2020,9,13,15,-28.3,925.5,NA,10,77
2020,9,13,18,-28.5,924.7,NA,10,77
2020,9,13,21,-28.5,924.4,NA,360,77
2020,9,14,0,-27.9,923.4,NA,40,78
2020,9,14,3,-27.6,922.3,NA,20,78
2020,9,14,6,-27.9,921.4,NA,330,78
2020,9,14,9,-29.9,920.7,NA,340,76
2020,9,14,12,-29.3,919.2,1,250,76
2020,9,14,15,-29.8,918,NA,230,76
2020,9,14,18,-30.1,917,NA,240,76
2020,9,14,21,-29.9,915.3,NA,230,76
2020,9,15,0,-29.8,914.2,NA,250,76
2020,9,15,3,-29,912,2,NA,77
2020,9,15,6,-29.8,911,1,NA,76
2020,9,15,9,-30.7,910.3,1,NA,75
2020,9,15,12,-31.5,907.6,1,NA,74
2020,9,15,15,-33,904.4,2,NA,72
2020,9,15,18,-33.2,903.5,3,NA,72
2020,9,15,21,-33.8,905.5,0,NA,71
2020,9,16,0,-33.5,904.6,2,NA,72
2020,9,16,3,-33.4,903.6,4,NA,72
2020,9,16,6,-32.1,901.6,3,NA,74
2020,9,16,9,-31.9,902.7,2,NA,74
2020,9,16,12,-31.5,901.7,3,NA,75
2020,9,16,15,-30.7,906.8,3,NA,75
2020,9,16,18,-30.9,907.3,1,NA,75
2020,9,16,21,-28.7,908,2,NA,76
2020,9,17,0,-28.1,910.7,2,NA,72
2020,9,17,3,-28.5,910.4,1,240,78
2020,9,17,6,-26.9,913.5,NA,240,72
2020,9,17,9,-27.6,911.5,NA,230,79
2020,9,17,12,-26.6,911.3,NA,240,75
2020,9,17,15,-26.5,912,NA,240,76
2020,9,17,18,-25.3,912.9,0,260,68
2020,9,17,21,-24.8,913.4,1,250,76
2020,9,18,0,-23.5,913.1,1,240,70
2020,9,18,3,-23.1,913.2,2,230,67
2020,9,18,6,-24.4,914.6,0,250,82
2020,9,18,9,-25.2,915.2,0,290,81
2020,9,18,12,-24.9,915.1,NA,NA,81
2020,9,18,15,-25,914.9,2,30,81
2020,9,18,18,-25.5,914.9,2,20,81
2020,9,18,21,-25.6,915.1,NA,340,81
2020,9,19,0,-24.7,915.2,NA,350,82
2020,9,19,3,-23.9,914.7,NA,350,82
2020,9,19,6,-24.9,914,NA,340,71
2020,9,19,9,-24.1,913.1,0,320,82
2020,9,19,12,-24.2,911.3,1,270,82
2020,9,19,15,-21.9,909.9,NA,250,85
2020,9,19,18,NA,909.2,NA,250,76
2020,9,19,21,-19.9,907.8,NA,230,80
2020,9,20,0,-19.5,906.4,0,250,80
2020,9,20,3,-19.6,906.3,0,240,84
2020,9,20,6,-20.1,907,0,240,87
2020,9,20,9,-19.2,908.2,NA,240,88
2020,9,20,12,-18.4,912.2,NA,230,89
2020,9,20,15,-17.6,915.6,NA,250,NA
2020,9,20,18,-18,917.9,NA,200,90
2020,9,20,21,-18.2,919.2,NA,220,90
2020,9,21,0,-18.4,919.3,NA,250,88
2020,9,21,3,-21.3,920.4,NA,280,86
2020,9,21,6,-21.6,920.6,NA,350,86
2020,9,21,9,-21.1,919.5,NA,360,86
2020,9,21,12,-21.5,918.3,NA,340,81
2020,9,21,15,-18.1,916.5,NA,280,57
2020,9,21,18,-19.4,915.3,NA,280,59
2020,9,21,21,-20.8,915.9,NA,310,85
2020,9,22,0,-21.7,917,1,220,86
2020,9,22,3,-23.2,917.8,0,250,84
2020,9,22,6,-23.4,918.5,2,20,84
2020,9,22,9,-24.5,917.8,NA,20,82
2020,9,22,12,-25.4,918,NA,300,82
2020,9,22,15,-25.1,919,NA,330,82
2020,9,22,18,-24.9,919.9,NA,340,82
2020,9,22,21,-25.6,920.8,0,180,81
2020,9,23,0,-26.8,921.8,0,250,80
2020,9,23,3,-27.8,922.3,1,250,79
2020,9,23,6,-27.8,923.4,0,260,79
2020,9,23,9,-28,924.7,NA,320,78
2020,9,23,12,-28.5,924.9,NA,320,78
2020,9,23,15,-28.7,924.9,NA,350,78
2020,9,23,18,-28.1,924.1,NA,300,78
2020,9,23,21,-26.9,924,NA,320,45
2020,9,24,0,-26.3,924.2,NA,320,42
2020,9,24,3,-25.4,923.8,NA,310,41
2020,9,24,6,-25.9,923.5,NA,300,46
2020,9,24,9,-26,923,NA,310,60
2020,9,24,12,-26.3,922.7,NA,300,67
2020,9,24,15,-25.7,921.9,1,310,61
2020,9,24,18,-26.2,921,NA,300,69
2020,9,24,21,-25.7,920.3,NA,340,75
2020,9,25,0,NA,918.9,NA,10,68
2020,9,25,3,-25.7,917.4,NA,20,80
2020,9,25,6,-26.6,916.3,6,20,80
2020,9,25,9,-25.9,915.9,3,280,80
2020,9,25,12,-26,915.6,NA,330,79
2020,9,25,15,-25.8,915.7,0,290,80
2020,9,25,18,-25,915.4,1,250,78
2020,9,25,21,-26.3,914.3,1,230,80
2020,9,26,0,-25.8,915.8,1,240,80
2020,9,26,3,-24.3,919,2,260,62
2020,9,26,6,-23.7,918.7,1,260,60
2020,9,26,9,-23.8,917.8,1,240,76
2020,9,26,12,-25.4,921,1,230,81
2020,9,26,15,-25.3,923.7,2,240,78
2020,9,26,18,-24.7,923.4,1,240,74
2020,9,26,21,-22.7,925.2,1,240,66
2020,9,27,0,-24.6,928.1,1,210,82
2020,9,27,3,-23.4,929.5,NA,350,83
2020,9,27,6,-25.1,930.2,NA,40,81
2020,9,27,9,-25.1,931.1,NA,360,81
2020,9,27,12,-26.5,932.2,2,30,80
2020,9,27,15,-26.7,932.8,NA,360,79
2020,9,27,18,-28.6,933.6,NA,0,78
2020,9,27,21,-25.6,933.9,NA,340,80
2020,9,28,0,NA,933.3,5,290,47
2020,9,28,3,-22.3,932.5,NA,230,47
2020,9,28,6,-21.2,931.5,NA,230,48
2020,9,28,9,-20.4,930,13,250,43
2020,9,28,12,-21.5,928.7,15,240,52
2020,9,28,15,-22.4,927.6,NA,240,59
2020,9,28,18,-22.5,927.1,NA,240,59
2020,9,28,21,-20.8,925.5,NA,40,58
2020,9,29,0,-21.9,922.8,NA,360,63
2020,9,29,3,-21,921.9,NA,10,69
2020,9,29,6,-20.7,922.4,NA,30,44
2020,9,29,9,-21.9,922.5,NA,220,62
2020,9,29,12,-24.2,920.6,1,230,82
2020,9,29,15,-24.8,918.5,1,240,80
2020,9,29,18,-25.8,918.3,0,NA,81
2020,9,29,21,-26.4,916.6,2,NA,80
2020,9,30,0,-26.7,916.8,1,NA,77
2020,9,30,3,-28.1,915.2,0,230,78
2020,9,30,6,-27.9,916.8,1,240,67
2020,9,30,9,-28.4,917.1,NA,230,74
2020,9,30,12,-27,916.7,NA,240,69
2020,9,30,15,-26.5,916.6,NA,240,76
2020,9,30,18,-24.6,918.3,NA,240,67
2020,9,30,21,-23.4,918.8,0,230,77
2020,10,1,0,-22.3,916,1,230,72
2020,10,1,3,-19.9,917.8,NA,230,58
2020,10,1,6,-19.5,917.6,NA,250,61
2020,10,1,9,-18.7,918.9,NA,240,65
2020,10,1,12,-19,919.7,NA,250,71
2020,10,1,15,-18.1,918.6,0,260,59
2020,10,1,18,-17.7,916.2,1,250,70
2020,10,1,21,-17,914.9,1,250,73
2020,10,2,0,-15.7,913,0,230,76
2020,10,2,3,-15.6,912.3,0,240,86
2020,10,2,6,-14.4,910.9,1,240,88
2020,10,2,9,-13.9,910.7,3,240,93
2020,10,2,12,-13.1,910.2,0,260,89
2020,10,2,15,-11.9,910.8,1,230,70
2020,10,2,18,-13.1,910.6,1,240,87
2020,10,2,21,-12.5,910,NA,320,89
2020,10,3,0,-12.9,909.4,NA,280,78
2020,10,3,3,-13.4,908.3,NA,340,86
2020,10,3,6,-14.2,907.8,0,20,89
2020,10,3,9,-14.8,907.6,NA,320,92
2020,10,3,12,-15.6,907.4,NA,330,85
2020,10,3,15,-16.2,907.6,NA,320,73
2020,10,3,18,-15.8,907.9,NA,310,71
2020,10,3,21,-17.1,908.1,NA,290,90
2020,10,4,0,-17.6,908.7,NA,290,89
2020,10,4,3,-17.8,909.9,NA,280,89
2020,10,4,6,-17.6,909.3,1,260,89
2020,10,4,9,-18.4,910.6,0,250,89
2020,10,4,12,-19.1,912,1,230,88
2020,10,4,15,-19.4,913.6,0,250,88
2020,10,4,18,-19.6,914.1,NA,310,87
2020,10,4,21,-19.3,914.9,NA,280,87
2020,10,5,0,-18.1,915.1,NA,340,89
2020,10,5,3,-17.8,915.6,NA,30,89
2020,10,5,6,-18.9,915.7,NA,10,70
2020,10,5,9,-17.8,915.6,NA,320,67
2020,10,5,12,-17,915.1,NA,270,70
2020,10,5,15,-16.4,914.5,1,250,53
2020,10,5,18,-16.1,913.9,0,250,63
2020,10,5,21,-17.2,913.2,0,270,78
2020,10,6,0,-16.4,912.9,0,290,74
2020,10,6,3,-16.2,912.7,1,250,70
2020,10,6,6,-17.3,912.5,2,270,82
2020,10,6,9,-16.6,912.1,NA,250,65
2020,10,6,12,-16.3,911.5,NA,300,61
2020,10,6,15,-17.1,911.3,1,280,83
2020,10,6,18,-16.7,910.8,0,310,85
2020,10,6,21,-17.2,910.6,0,250,87
2020,10,7,0,-17.5,910.3,0,240,87
2020,10,7,3,-17.6,909.9,1,230,89
2020,10,7,6,-17.7,910.4,NA,240,89
2020,10,7,9,-17.9,910.4,NA,280,89
2020,10,7,12,-17.6,910.5,NA,250,87
2020,10,7,15,-17.8,911.2,3,70,89
2020,10,7,18,-16.9,911.2,0,290,82
2020,10,7,21,-16.5,911.9,1,330,72
2020,10,8,0,-15.6,912.9,NA,260,54
2020,10,8,3,-15.8,913.8,NA,340,66
2020,10,8,6,-16.8,914.8,7,0,60
2020,10,8,9,-15.6,915,NA,320,47
2020,10,8,12,-15.4,915.3,NA,310,40
2020,10,8,15,-14.5,915,1,30,41
2020,10,8,18,-17.2,914.2,NA,NA,51
2020,10,8,21,-18,913.6,NA,50,87
2020,10,9,0,-18.3,913.4,NA,360,88
2020,10,9,3,-18.1,913.2,NA,40,58
2020,10,9,6,-20,913.6,4,50,87
2020,10,9,9,-19.9,913.6,NA,330,86
2020,10,9,12,-18.9,914.1,NA,350,67
2020,10,9,15,-17,914.4,3,10,40
2020,10,9,18,-18.2,914.8,NA,340,48
2020,10,9,21,-17.2,913.4,NA,350,47
2020,10,10,0,-18.4,913.1,NA,320,62
2020,10,10,3,-17.4,912.6,4,0,60
2020,10,10,6,-20,911.3,4,30,87
2020,10,10,9,-20,909.6,NA,350,88
2020,10,10,12,-21,909,NA,330,86
2020,10,10,15,-19.7,909.1,NA,360,87
2020,10,10,18,-20.8,908.5,9,20,70
2020,10,10,21,-19.3,908.1,NA,20,66
2020,10,11,0,-18.9,907.9,NA,10,69
2020,10,11,3,-19.3,907.1,NA,350,71
2020,10,11,6,-19.6,906.6,8,0,65
2020,10,11,9,-19.1,906.6,NA,350,61
2020,10,11,12,-19,906.7,NA,350,54
2020,10,11,15,-19.8,906.6,NA,310,54
2020,10,11,18,-19.6,907.1,NA,340,55
2020,10,11,21,-20.9,907.2,NA,280,80
2020,10,12,0,-20.4,907.6,NA,280,NA
2020,10,12,3,-20.3,908.1,NA,290,78
2020,10,12,6,-21,908.2,NA,320,86
2020,10,12,9,-21.6,908.4,NA,340,84
2020,10,12,12,-22.3,908.1,NA,20,85
2020,10,12,15,-21.9,908,4,30,85
2020,10,12,18,-22.4,908.4,NA,340,85
2020,10,12,21,-22.7,909.1,NA,300,84
2020,10,13,0,-21.1,909.8,NA,350,85
2020,10,13,3,-21.6,910.4,NA,300,85
2020,10,13,6,-23.2,910.6,NA,350,84
2020,10,13,9,-24.9,911.3,NA,300,82
2020,10,13,12,-25,911.8,NA,250,82
2020,10,13,15,-26.1,912.1,0,250,81
2020,10,13,18,-26.9,912.8,NA,260,80
2020,10,13,21,-26.6,913.8,NA,330,80
2020,10,14,0,-24,914.2,NA,30,82
2020,10,14,3,-25.6,914.1,6,40,81
2020,10,14,6,-25.8,913.3,NA,10,80
2020,10,14,9,-25.9,913.3,NA,340,80
2020,10,14,12,-25.7,913.3,NA,310,81
2020,10,14,15,-25.6,913.2,NA,310,72
2020,10,14,18,-25.3,913.6,NA,340,42
2020,10,14,21,-22.8,914,2,30,53
2020,10,15,0,-21.5,914.1,NA,350,44
2020,10,15,3,-23.4,913.5,NA,350,43
2020,10,15,6,-24.6,912.1,NA,320,44
2020,10,15,9,-24.5,910.1,NA,270,51
2020,10,15,12,-23.5,908.2,1,250,75
2020,10,15,15,-23.8,905.7,1,240,79
2020,10,15,18,-23.8,904.6,0,NA,83
2020,10,15,21,-24.1,904.9,4,NA,83
2020,10,16,0,-24.1,905.8,0,NA,83
2020,10,16,3,-23.6,908,1,NA,81
2020,10,16,6,-23.7,909.6,0,250,69
2020,10,16,9,-24.2,910.8,0,260,83
2020,10,16,12,-24.4,910.1,0,310,79
2020,10,16,15,-24.9,909.6,NA,280,79
2020,10,16,18,-24.7,909.4,NA,290,79
2020,10,16,21,-24.6,909.6,NA,290,79
2020,10,17,0,-21.1,909.8,1,50,63
2020,10,17,3,-20.7,909.7,1,20,52
2020,10,17,6,-20.1,909.5,NA,0,44
2020,10,17,9,-22.1,909.3,NA,330,43
2020,10,17,12,-21.4,908.7,NA,320,40
2020,10,17,15,-21.1,908.1,NA,300,48
2020,10,17,18,-20.7,907.3,NA,300,48
2020,10,17,21,-20.2,906.6,NA,290,45
2020,10,18,0,-21.3,906,NA,50,73
2020,10,18,3,-18.9,905.1,NA,350,42
2020,10,18,6,-20.6,904.2,NA,10,49
2020,10,18,9,-22.1,903.8,NA,350,50
2020,10,18,12,-24.5,904.2,NA,350,74
2020,10,18,15,-26,905.1,NA,310,79
2020,10,18,18,-26.2,907,NA,330,80
2020,10,18,21,-25.4,909.1,NA,330,80
2020,10,19,0,-26.2,910.7,3,240,80
2020,10,19,3,-26.2,911.6,2,240,80
2020,10,19,6,-26.1,912.6,0,230,80
2020,10,19,9,-26.8,913.3,1,280,79
2020,10,19,12,-27.2,913,NA,350,78
2020,10,19,15,-28,912.9,NA,330,78
2020,10,19,18,-28,912.7,NA,300,78
2020,10,19,21,-28.1,913.3,NA,290,78
2020,10,20,0,-26,914.1,NA,320,80
2020,10,20,3,-27.9,914.2,NA,320,78
2020,10,20,6,-28.8,913.9,NA,310,77
2020,10,20,9,-27.9,913.3,NA,240,78
2020,10,20,12,-27.9,913,0,260,78
2020,10,20,15,-28.8,912.4,NA,310,77
2020,10,20,18,-28.3,911.6,NA,290,71
2020,10,20,21,-27.9,910.8,NA,290,75
2020,10,21,0,-26.5,910.3,NA,330,73
2020,10,21,3,-27.6,909.5,1,280,78
2020,10,21,6,-27.1,909.2,NA,280,74
2020,10,21,9,-27.7,908.9,NA,350,74
2020,10,21,12,-28.2,908.4,NA,360,76
2020,10,21,15,-28.1,907.6,NA,10,72
2020,10,21,18,-28.2,906.6,NA,20,77
2020,10,21,21,-26.3,905.4,NA,60,79
2020,10,22,0,-25,903.7,NA,30,74
2020,10,22,3,-25.7,901.3,3,30,68
2020,10,22,6,-26.2,899,NA,30,60
2020,10,22,9,-26.3,898.3,7,50,80
2020,10,22,12,-26.5,898.2,NA,0,79
2020,10,22,15,-27.5,898.7,NA,290,79
2020,10,22,18,-26,900.7,NA,320,80
2020,10,22,21,-27.8,902.8,NA,250,79
2020,10,23,0,-26.8,905.4,NA,270,79
2020,10,23,3,-25.7,907,NA,330,80
2020,10,23,6,-25.3,908.3,NA,20,81
2020,10,23,9,-26.2,909.5,NA,20,80
2020,10,23,12,-25.9,909.9,NA,0,81
2020,10,23,15,-25.5,910,1,20,80
2020,10,23,18,-24.6,909.4,NA,320,73
2020,10,23,21,-22.7,909.4,NA,270,43
2020,10,24,0,-23.7,909.7,NA,300,55
2020,10,24,3,-21.1,909.8,NA,270,46
2020,10,24,6,-21.5,910.1,NA,290,78
2020,10,24,9,-18.5,909.5,1,260,69
2020,10,24,12,-20.7,909.4,0,240,83
2020,10,24,15,-20.2,907.3,1,230,84
2020,10,24,18,-20.9,908.9,1,230,86
2020,10,24,21,-20.9,912.1,0,230,86
2020,10,25,0,-19.8,912.3,0,300,87
2020,10,25,3,-19.4,910.1,0,240,77
2020,10,25,6,-20.4,908.2,3,250,78
2020,10,25,9,-20.1,908.1,4,240,75
2020,10,25,12,-22.2,909.7,1,240,80
2020,10,25,15,-21.9,911.1,1,230,80
2020,10,25,18,-21.5,912.3,0,240,79
2020,10,25,21,-21.2,914.1,0,240,76
2020,10,26,0,-20.6,914.2,1,230,76
2020,10,26,3,-21.4,915.5,1,240,75
2020,10,26,6,-21.4,916.5,0,240,60
2020,10,26,9,-22.3,917.5,NA,230,73
2020,10,26,12,-23.2,918.1,NA,260,82
2020,10,26,15,-23.8,919.3,NA,260,76
2020,10,26,18,-22.2,919,NA,250,68
2020,10,26,21,-20.9,919.7,NA,240,50
2020,10,27,0,-19.3,918.7,NA,270,52
2020,10,27,3,-17.9,918.3,NA,280,47
2020,10,27,6,-16.3,917.9,1,230,30
2020,10,27,9,-16.4,914.2,2,240,54
2020,10,27,12,-15.4,914.3,1,240,43
2020,10,27,15,-15.2,915.6,1,230,81
2020,10,27,18,-15,921.6,2,240,68
2020,10,27,21,-12.7,922.1,0,260,38
2020,10,28,0,-10.8,920.4,NA,350,38
2020,10,28,3,-13,921.6,NA,140,62
2020,10,28,6,-15,924,NA,10,91
2020,10,28,9,-14.7,923.4,3,260,45
2020,10,28,12,-13.4,924.2,0,250,38
2020,10,28,15,-13.8,924.8,0,230,44
2020,10,28,18,-13.3,924.2,NA,240,39
2020,10,28,21,-13.3,923.8,NA,250,43
2020,10,29,0,-11.1,921.7,NA,340,45
2020,10,29,3,-10.3,920.3,NA,360,36
2020,10,29,6,-11.4,919.8,NA,240,37
2020,10,29,9,-13,918,NA,230,44
2020,10,29,12,-12.2,917.4,NA,240,33
2020,10,29,15,-11.5,917,28,NA,31
2020,10,29,18,-10.9,916.5,NA,NA,37
2020,10,29,21,-10.1,915.9,NA,NA,42
2020,10,30,0,-9.2,913.8,NA,NA,46
2020,10,30,3,-9.4,913.2,NA,NA,48
2020,10,30,6,-9.4,912.6,NA,230,48
2020,10,30,9,-10.2,912.1,NA,240,50
2020,10,30,12,-10.3,911.2,NA,230,47
2020,10,30,15,-11,910.3,NA,260,49
2020,10,30,18,-12,909.5,NA,230,58
2020,10,30,21,-14.7,908.3,NA,230,90
2020,10,31,0,-13,907.3,NA,220,93
2020,10,31,3,-12.7,906,NA,240,93
2020,10,31,6,-13.8,904,NA,220,79
2020,10,31,9,-14.4,903.3,NA,230,77
2020,10,31,12,-14.6,902.5,NA,240,67
2020,10,31,15,-15.2,902.2,NA,230,72
2020,10,31,18,-15.4,902.5,23,230,73
2020,10,31,21,-15.7,902.7,NA,230,88
2020,11,1,0,-15.7,903.6,NA,220,91
2020,11,1,3,-15.7,904.5,NA,210,90
2020,11,1,6,-15.8,905.1,NA,200,91
2020,11,1,9,-16.8,905.9,NA,240,90
2020,11,1,12,-16.6,906.4,9,220,83
2020,11,1,15,-16.8,907,NA,240,84
2020,11,1,18,-17.1,907.4,NA,230,90
2020,11,1,21,-16.9,907.7,NA,210,90
2020,11,2,0,-17.1,908.1,NA,210,90
2020,11,2,3,-17,908.7,18,220,90
2020,11,2,6,-17.2,908.7,NA,230,90
2020,11,2,9,-17.8,908.7,19,NA,89
2020,11,2,12,-18.4,908.4,NA,NA,89
2020,11,2,15,-18.6,907.2,NA,NA,88
2020,11,2,18,-17.2,905.9,8,240,89
2020,11,2,21,-16.5,905.1,NA,290,90
2020,11,3,0,-16.3,903.4,NA,300,90
2020,11,3,3,-17.3,902.1,0,260,90
2020,11,3,6,-16.9,901,NA,290,90
2020,11,3,9,-17.2,899.6,NA,340,80
2020,11,3,12,-16.3,898.2,NA,NA,43
2020,11,3,15,-16.3,897,NA,330,44
2020,11,3,18,-15.5,896.2,NA,350,42
2020,11,3,21,-17.4,896,NA,320,59
2020,11,4,0,-15.6,896.1,NA,70,57
2020,11,4,3,-14.5,896.1,NA,20,69
2020,11,4,6,-16.9,896.4,NA,310,82
2020,11,4,9,-17.8,896.7,NA,330,86
2020,11,4,12,-18.3,897.3,NA,340,89
2020,11,4,15,-18.5,898,NA,320,88
2020,11,4,18,-18.2,898.7,1,240,89
2020,11,4,21,-17.5,899.8,1,230,89
2020,11,5,0,-16.8,900.7,NA,310,90
2020,11,5,3,-17.6,901.5,NA,280,85
2020,11,5,6,-18.2,902,NA,250,76
2020,11,5,9,-18.9,902.5,NA,250,72
2020,11,5,12,-19.1,903.3,NA,280,88
2020,11,5,15,-20.1,903.9,NA,330,63
2020,11,5,18,-18.1,904,2,70,82
2020,11,5,21,-17.7,905,0,350,84
2020,11,6,0,-17,906.3,NA,330,72
2020,11,6,3,-18.4,907.4,NA,290,83
2020,11,6,6,-18.6,908.6,NA,310,88
2020,11,6,9,-19.3,909.9,NA,290,88
2020,11,6,12,-19.3,910.9,NA,320,69
2020,11,6,15,-20,911.3,NA,330,57
2020,11,6,18,-18.6,911.8,NA,10,70
2020,11,6,21,-18.1,912.2,1,40,76
2020,11,7,0,-19.4,911.8,NA,300,87
2020,11,7,3,-18.5,911.3,NA,310,88
2020,11,7,6,-19.2,910.4,NA,280,84
2020,11,7,9,-20,910.1,NA,280,87
2020,11,7,12,-20.6,909.7,0,310,86
2020,11,7,15,-19,909.1,0,340,57
2020,11,7,18,-19.1,908.5,4,10,67
2020,11,7,21,-17.3,907.9,3,70,80
2020,11,8,0,-15.9,907.4,NA,330,43
2020,11,8,3,-15.3,906.5,1,10,35
2020,11,8,6,-16.4,905.4,0,320,42
2020,11,8,9,-16.4,904.6,NA,330,36
2020,11,8,12,-16.8,903.1,NA,290,45
2020,11,8,15,-16.2,901.8,NA,320,41
2020,11,8,18,-14.7,900.4,NA,360,37
2020,11,8,21,-13,900,NA,320,35
2020,11,9,0,-12.7,899.3,2,30,53
2020,11,9,3,-14.4,898.4,3,60,46
2020,11,9,6,-14.4,897.4,NA,10,47
2020,11,9,9,-14,896.9,6,0,36
2020,11,9,12,-12.8,896.4,NA,340,28
2020,11,9,15,-13.6,896.3,NA,300,32
2020,11,9,18,-12.9,896.9,NA,300,37
2020,11,9,21,-10.8,897.9,NA,60,39
2020,11,10,0,NA,899.2,0,330,NA
2020,11,10,3,NA,900.3,0,290,62
2020,11,10,6,-13.4,902.1,NA,220,74
2020,11,10,9,-15.1,903.9,NA,240,86
2020,11,10,12,-17.2,905.5,NA,30,89
2020,11,10,15,-17.7,906.2,NA,30,89
2020,11,10,18,-17.5,907.1,NA,340,89
2020,11,10,21,-16.8,908.1,NA,0,89
2020,11,11,0,-16.1,909.2,NA,340,90
2020,11,11,3,-15.9,909.5,NA,310,80
2020,11,11,6,-17.7,909.9,NA,320,85
2020,11,11,9,-15.8,909.7,NA,290,59
2020,11,11,12,-15.8,909.5,1,260,59
2020,11,11,15,-17.2,910.3,0,240,88
2020,11,11,18,-16,911.4,0,340,76
2020,11,11,21,-14.7,911.9,1,240,65
2020,11,12,0,-15.1,912.5,NA,240,80
2020,11,12,3,-14.7,913.4,NA,240,73
2020,11,12,6,-14.7,914.1,0,260,84
2020,11,12,9,-15,914.4,0,280,70
2020,11,12,12,-13.6,914.5,1,240,54
2020,11,12,15,-14,914.2,0,240,66
2020,11,12,18,-13.5,914.8,1,250,70
2020,11,12,21,-13.6,917.2,0,260,68
2020,11,13,0,-12,916.8,0,280,55
2020,11,13,3,-10.1,916.8,0,290,41
2020,11,13,6,-11,916.1,1,260,37
2020,11,13,9,-12.1,916.3,1,240,46
2020,11,13,12,-13.2,916.9,1,240,82
2020,11,13,15,-12.2,915.2,0,250,52
2020,11,13,18,-12.1,916.8,2,240,58
2020,11,13,21,-12.6,917.2,1,230,68
2020,11,14,0,-10.9,918,1,240,48
2020,11,14,3,-9.7,918,3,250,39
2020,11,14,6,-10.3,917.7,2,230,55
2020,11,14,9,-12.7,920,1,230,88
2020,11,14,12,-12.4,921.6,1,240,67
2020,11,14,15,-11.5,920.6,3,230,64
2020,11,14,18,-13.2,922.8,1,250,82
2020,11,14,21,-10.7,923.6,NA,60,56
2020,11,15,0,-11.3,923.9,NA,20,62
2020,11,15,3,-9.1,925.9,NA,320,62
2020,11,15,6,-11.2,927.9,NA,290,91
2020,11,15,9,-10.6,929.7,NA,280,61
2020,11,15,12,-10.8,930.5,NA,250,42
2020,11,15,15,-10.9,930.8,NA,270,44
2020,11,15,18,-10.3,930.8,1,260,43
2020,11,15,21,-9.9,930.4,0,270,49
2020,11,16,0,-6.9,929.8,2,10,47
2020,11,16,3,-9.7,927.4,NA,30,54
2020,11,16,6,-10.2,925.1,NA,10,44
2020,11,16,9,-10.5,923.7,NA,20,43
2020,11,16,12,-10.4,923.5,NA,20,37
2020,11,16,15,-10.9,923,NA,0,60
2020,11,16,18,-13.4,923.2,NA,30,93
2020,11,16,21,-13.5,924.5,2,70,93
2020,11,17,0,-12.4,926.2,NA,210,94
2020,11,17,3,-12.6,927.7,NA,290,94
2020,11,17,6,-10.6,929.2,NA,300,71
2020,11,17,9,-12,929.7,NA,260,79
2020,11,17,12,-11.7,930.2,1,260,64
2020,11,17,15,-12.5,930.6,1,260,69
2020,11,17,18,-12.4,931.2,1,270,86
2020,11,17,21,-10.5,932.4,0,320,65
2020,11,18,0,NA,932.4,NA,30,65
2020,11,18,3,-9.8,931.5,NA,10,58
2020,11,18,6,-7.6,931.5,NA,320,46
2020,11,18,9,-9.4,931.7,NA,310,48
2020,11,18,12,-11.3,931.6,NA,350,88
2020,11,18,15,-10.7,931.8,NA,310,60
2020,11,18,18,-9.6,931.9,NA,290,49
2020,11,18,21,-8.1,931.6,0,330,45
2020,11,19,0,-8.5,931.3,3,70,83
2020,11,19,3,-9.2,931.1,0,310,78
2020,11,19,6,-9.6,930.7,0,310,70
2020,11,19,9,-9.2,930.2,NA,350,43
2020,11,19,12,-11,929.6,NA,350,66
2020,11,19,15,-12.3,928.8,NA,300,72
2020,11,19,18,-12,928.4,NA,340,78
2020,11,19,21,-10.8,927.9,NA,320,75
2020,11,20,0,-9.3,927.3,NA,290,66
2020,11,20,3,-11.6,926.4,2,0,94
2020,11,20,6,-10.7,926.1,2,50,91
2020,11,20,9,-11.9,926,0,20,93
2020,11,20,12,-12.8,926.2,4,40,85
2020,11,20,15,-12.4,926.3,NA,340,78
2020,11,20,18,-11.7,927.1,NA,330,74
2020,11,20,21,-11.1,928.1,NA,330,72
2020,11,21,0,-12.7,929,NA,280,81
2020,11,21,3,-12,929.4,NA,310,91
2020,11,21,6,-12,930.1,0,300,88
2020,11,21,9,-12,930.4,NA,290,95
2020,11,21,12,-12.4,930.6,NA,280,94
2020,11,21,15,-12.6,930.2,NA,320,93
2020,11,21,18,-10.8,930.2,NA,320,54
2020,11,21,21,-11.2,929.9,NA,330,65
2020,11,22,0,-8.9,929.8,0,30,66
2020,11,22,3,-9.2,930,0,290,55
2020,11,22,6,-9.1,930.1,0,260,49
2020,11,22,9,-9.8,929.7,1,240,48
2020,11,22,12,-11.7,930.5,NA,260,94
2020,11,22,15,-11.1,930.8,NA,330,94
2020,11,22,18,-11.5,930.2,NA,250,95
2020,11,22,21,-10.9,929.5,1,260,79
2020,11,23,0,-11.1,NA,1,250,84
2020,11,23,3,-10.4,930.8,2,240,73
2020,11,23,6,-10.2,931.3,0,240,81
2020,11,23,9,-10.5,931.8,1,240,71
2020,11,23,12,-11.7,932,NA,NA,88
2020,11,23,15,-12,931.7,2,20,93
2020,11,23,18,-9.7,931.6,3,0,75
2020,11,23,21,-7.7,931.6,0,20,76
2020,11,24,0,-8.5,931.3,NA,40,77
2020,11,24,3,-8.8,930.6,NA,50,67
2020,11,24,6,-9.7,929.8,NA,20,57
2020,11,24,9,-10.9,928.6,NA,0,94
2020,11,24,12,-11,927.8,NA,10,55
2020,11,24,15,-11.1,926.3,NA,20,62
2020,11,24,18,-12.2,925.2,NA,10,94
2020,11,24,21,-11.7,924.8,NA,10,95
2020,11,25,0,-11,924.2,NA,50,95
2020,11,25,3,-10.4,923.2,NA,30,95
2020,11,25,6,-10.2,922.3,NA,70,96
2020,11,25,9,-10.6,921.5,NA,360,96
2020,11,25,12,-11,920.5,NA,330,96
2020,11,25,15,-11.3,918.5,NA,320,95
2020,11,25,18,-11.3,916.4,NA,240,95
2020,11,25,21,-10.8,915,0,240,96
2020,11,26,0,-10.7,912,0,230,95
2020,11,26,3,-10.5,910.2,1,240,96
2020,11,26,6,-10.5,908.8,NA,240,96
2020,11,26,9,-10.5,908.7,NA,240,96
2020,11,26,12,-10.7,907.2,NA,250,96
2020,11,26,15,-11.2,906.7,4,240,96
2020,11,26,18,-11,907.4,3,240,96
2020,11,26,21,-9.7,909.1,1,240,69
2020,11,27,0,-8.3,912,1,250,57
2020,11,27,3,-6.9,912.6,1,240,42
2020,11,27,6,-6.6,913.3,0,250,49
2020,11,27,9,-7.5,913.1,1,0,56
2020,11,27,12,-7.1,912.5,0,350,37
2020,11,27,15,-7.9,910.9,NA,360,47
2020,11,27,18,-6.3,910.5,NA,50,58
2020,11,27,21,-5.9,910.6,NA,50,54
2020,11,28,0,-4.7,910.9,NA,30,56
2020,11,28,3,-5.9,911.7,NA,10,66
2020,11,28,6,-8.6,912.7,NA,70,88
2020,11,28,9,-8.1,913.9,NA,310,91
2020,11,28,12,-9.6,914.7,NA,290,97
2020,11,28,15,-8.9,915,NA,310,93
2020,11,28,18,-10.8,915.5,NA,310,95
2020,11,28,21,-10.2,916.2,NA,240,90
2020,11,29,0,-7.6,917,NA,270,74
2020,11,29,3,-8.4,916.4,NA,250,91
2020,11,29,6,-9,915.6,0,310,97
2020,11,29,9,-9.4,914.8,NA,280,97
2020,11,29,12,-9.8,914.9,NA,320,97
2020,11,29,15,-10,913.4,NA,250,97
2020,11,29,18,-9.8,912.1,1,250,97
2020,11,29,21,-9.4,911.4,1,240,92
2020,11,30,0,-9.3,910.4,2,NA,97
2020,11,30,3,-9.3,909.8,1,NA,98
2020,11,30,6,-9.1,911,3,NA,98
2020,11,30,9,-8.8,911.6,3,250,98
2020,11,30,12,-8.6,912.9,1,240,98
2020,11,30,15,-8.5,914.8,0,240,98
2020,11,30,18,-8.7,916.5,0,230,99
2020,11,30,21,-8.3,917.1,1,NA,98
2020,12,1,0,-8,916.9,NA,NA,93
2020,12,1,3,-8,916.6,NA,NA,98
2020,12,1,6,-8.2,916.5,NA,260,99
2020,12,1,9,-8.7,916.1,NA,300,99
2020,12,1,12,-9.3,915.8,NA,270,98
2020,12,1,15,-9.2,915.7,NA,310,90
2020,12,1,18,-9.4,916.6,NA,250,93
2020,12,1,21,-7.2,917.6,NA,310,NA
2020,12,2,0,-7.6,918.2,NA,300,88
2020,12,2,3,-6.2,919,NA,280,70
2020,12,2,6,-6.6,919.5,NA,310,75
2020,12,2,9,-7.2,920.2,NA,0,72
2020,12,2,12,-8,920.7,NA,0,83
2020,12,2,15,-8,920.7,NA,350,78
2020,12,2,18,-9.5,921,NA,330,85
2020,12,2,21,-9.9,921.2,NA,300,97
2020,12,3,0,-9.2,921.5,NA,300,97
2020,12,3,3,-8,921.6,NA,320,97
2020,12,3,6,-8.4,922.1,NA,310,97
2020,12,3,9,-10,922.6,NA,310,97
2020,12,3,12,NA,922.9,0,330,96
2020,12,3,15,NA,922.8,0,320,50
2020,12,3,18,NA,922.2,0,260,58
2020,12,3,21,NA,922,1,250,55
2020,12,4,0,NA,921.4,1,250,60
2020,12,4,3,-9.4,921.3,NA,240,58
2020,12,4,6,-8.9,921.4,NA,250,58
2020,12,4,9,NA,921.3,1,240,39
2020,12,4,12,NA,920.8,1,270,49
2020,12,4,15,NA,919.8,0,260,47
2020,12,4,18,NA,919.7,0,300,37
2020,12,4,21,NA,919.5,0,280,30
2020,12,5,0,-6,918.7,NA,20,48
2020,12,5,3,-6.8,917.6,NA,50,45
2020,12,5,6,-5,917.3,NA,240,41
2020,12,5,9,-8.1,917.4,NA,260,NA
2020,12,5,12,-6.8,917.8,NA,260,40
2020,12,5,15,-7.9,917.9,NA,230,44
2020,12,5,18,-7.5,918.3,NA,230,45
2020,12,5,21,-4.6,919.1,NA,0,46
2020,12,6,0,-4.6,919.5,NA,20,45
2020,12,6,3,-5.2,919.6,NA,20,34
2020,12,6,6,-3,920.5,NA,30,34
2020,12,6,9,-6.5,920.7,NA,250,56
2020,12,6,12,-7.4,920.7,NA,290,44
2020,12,6,15,-6.5,920.3,NA,20,63
2020,12,6,18,NA,920.1,1,220,68
2020,12,6,21,-6.1,919.4,2,70,76
2020,12,7,0,-6.6,918.3,3,10,83
2020,12,7,3,-6.9,916.9,3,30,85
2020,12,7,6,-6.7,916,2,360,71
2020,12,7,9,NA,915.5,1,220,71
2020,12,7,12,-7.7,915.5,3,230,78
2020,12,7,15,-7.4,915.3,2,220,78
2020,12,7,18,NA,915.9,0,120,80
2020,12,7,21,NA,916.5,1,200,45
2020,12,8,0,-5.1,916.8,3,110,78
2020,12,8,3,-5.9,916.7,2,30,63
2020,12,8,6,-8.1,916,3,20,90
2020,12,8,9,-9.2,915,4,20,97
2020,12,8,12,-9.5,914,5,40,97
2020,12,8,15,-9.5,912.9,NA,40,97
2020,12,8,18,-9.1,912.5,3,70,97
2020,12,8,21,-7.7,912.3,3,220,98
2020,12,9,0,NA,912.4,0,130,98
2020,12,9,3,-6,912.7,2,210,71
2020,12,9,6,-6.3,913.4,NA,NA,57
2020,12,9,9,-7,914.7,NA,NA,53
2020,12,9,12,-8.1,915.7,10,NA,68
2020,12,9,15,-10.6,916.1,NA,NA,89
2020,12,9,18,-11.3,917.6,NA,NA,96
2020,12,9,21,-8.8,919.3,NA,220,97
2020,12,10,0,-7.8,920.8,NA,230,81
2020,12,10,3,-8,920.9,NA,240,87
2020,12,10,6,-7.8,921.2,29,240,87
2020,12,10,9,-7.7,920.4,NA,230,86
2020,12,10,12,-7.7,920.1,NA,230,79
2020,12,10,15,-6.4,918.6,NA,240,55
2020,12,10,18,-6.6,919.8,NA,230,51
2020,12,10,21,-5.1,919.8,NA,240,47
2020,12,11,0,-2.9,919,NA,250,33
2020,12,11,3,-1.3,918.1,NA,210,27
2020,12,11,6,-3.2,916.9,NA,40,26
2020,12,11,9,-3.1,915.7,4,340,32
2020,12,11,12,-3.4,914.7,NA,320,34
2020,12,11,15,NA,913.7,1,10,24
2020,12,11,18,NA,913.4,1,240,28
2020,12,11,21,-2.2,913.3,2,250,27
2020,12,12,0,-0.4,913.6,2,190,25
2020,12,12,3,NA,913.5,0,20,24
2020,12,12,6,-3.5,913.9,NA,250,33
2020,12,12,9,NA,914,NA,220,86
2020,12,12,12,-6.6,914.6,NA,200,92
2020,12,12,15,-7.1,914.9,NA,210,81
2020,12,12,18,-6.2,915.4,NA,200,77
2020,12,12,21,-6,915.7,NA,220,89
2020,12,13,0,-7,916,NA,230,92
2020,12,13,3,-6.7,916.1,NA,210,92
2020,12,13,6,-7,916.6,NA,230,85
2020,12,13,9,-7,917.4,NA,240,69
2020,12,13,12,-7.6,917.6,23,240,80
2020,12,13,15,-7.7,917.8,NA,230,81
2020,12,13,18,-7.9,918.8,NA,240,88
2020,12,13,21,-6.8,919,NA,230,73
2020,12,14,0,-6.5,919.2,NA,220,79
2020,12,14,3,-7.3,918.9,NA,230,89
2020,12,14,6,-7.2,919.2,NA,NA,83
2020,12,14,9,-7.7,919,22,NA,79
2020,12,14,12,-8.1,919.5,NA,NA,78
2020,12,14,15,-7.8,919.5,NA,240,69
2020,12,14,18,-7.9,919.5,NA,230,85
2020,12,14,21,-7.2,919.2,NA,220,85
2020,12,15,0,-6.4,919.2,NA,230,84
2020,12,15,3,-6.8,917.7,NA,NA,83
2020,12,15,6,-7.4,917.2,21,NA,88
2020,12,15,9,-8.1,916.7,NA,NA,95
2020,12,15,12,-8.3,916.6,NA,NA,94
2020,12,15,15,-8,916.4,NA,240,93
2020,12,15,18,-8.1,916.5,NA,240,92
2020,12,15,21,-6.5,915.9,17,230,71
2020,12,16,0,-5.9,915.4,NA,230,70
2020,12,16,3,-5.3,915.2,NA,240,64
2020,12,16,6,-4.1,914.8,28,240,59
2020,12,16,9,-5.1,915.8,NA,230,61
2020,12,16,12,-3.8,915.3,NA,280,43
2020,12,16,15,-4.5,914.2,NA,300,43
2020,12,16,18,-3.6,913.7,2,260,47
2020,12,16,21,-4.2,913.3,NA,230,52
2020,12,17,0,-4.1,913.1,NA,240,64
2020,12,17,3,-5.5,912.9,10,230,88
2020,12,17,6,-4.5,912.8,6,220,60
2020,12,17,9,-6.2,912.7,NA,220,75
2020,12,17,12,-5.8,912.6,NA,230,63
2020,12,17,15,-6.9,912.6,NA,240,86
2020,12,17,18,-6.2,912.9,NA,240,78
2020,12,17,21,-5.5,915.6,NA,220,83
2020,12,18,0,-4.1,916.6,NA,230,70
2020,12,18,3,-4.7,917.2,NA,240,83
2020,12,18,6,-3.7,917.3,NA,170,76
2020,12,18,9,-4.5,916.5,NA,250,76
2020,12,18,12,-4.3,915.9,NA,260,57
2020,12,18,15,-4.4,915.1,6,260,50
2020,12,18,18,-3.6,915.1,3,230,53
2020,12,18,21,-4.4,915.1,5,230,60
2020,12,19,0,-3.4,915,NA,250,53
2020,12,19,3,-3.8,914.6,NA,60,61
2020,12,19,6,NA,914,NA,330,42
2020,12,19,9,-4,913.6,NA,350,45
2020,12,19,12,-3.9,913.1,NA,340,43
2020,12,19,15,-4.3,912.6,NA,290,45
2020,12,19,18,-4.1,912.5,6,240,53
2020,12,19,21,-5.1,912.7,NA,NA,58
2020,12,20,0,-2,913.2,NA,NA,38
2020,12,20,3,-1.3,913.1,NA,230,36
2020,12,20,6,-2,913.3,3,220,44
2020,12,20,9,-2.9,913.9,NA,50,44
2020,12,20,12,-3.2,914.7,2,300,41
2020,12,20,15,-3.1,915.2,3,310,42
2020,12,20,18,NA,916.3,1,10,NA
2020,12,20,21,-1.3,917,5,20,46
2020,12,21,0,-1.2,917.1,5,30,44
2020,12,21,3,0.4,916.5,2,20,37
2020,12,21,6,-0.5,916.1,NA,20,37
2020,12,21,9,-2.2,916.4,NA,260,55
2020,12,21,12,-3,916.8,NA,250,49
2020,12,21,15,-4.9,917.4,NA,250,63
2020,12,21,18,-4.5,918.6,11,240,68
2020,12,21,21,-2,919.6,NA,220,49
2020,12,22,0,-1.3,920.4,NA,40,57
2020,12,22,3,-1.8,920.4,6,50,50
2020,12,22,6,0.6,920.6,NA,20,46
2020,12,22,9,0.1,920.6,NA,270,34
2020,12,22,12,-1.2,920.5,NA,270,42
2020,12,22,15,-1.1,920.3,NA,260,42
2020,12,22,18,-1.1,920.5,NA,250,49
2020,12,22,21,-0.8,920.9,NA,190,62
2020,12,23,0,NA,921.3,1,110,52
2020,12,23,3,NA,921.6,1,140,53
2020,12,23,6,NA,922.1,1,50,49
2020,12,23,9,NA,922.8,0,280,52
2020,12,23,12,NA,924.1,0,60,50
2020,12,23,15,-3,925,4,20,54
2020,12,23,18,-1.8,925.4,4,40,55
2020,12,23,21,-3.4,925.4,NA,20,66
2020,12,24,0,-4,925.2,NA,50,73
2020,12,24,3,-4.1,924.7,NA,70,94
2020,12,24,6,-2,924.5,NA,220,60
2020,12,24,9,-4.6,924.6,NA,250,84
2020,12,24,12,-6.4,924.9,NA,NA,98
2020,12,24,15,-6.5,925.5,NA,NA,99
2020,12,24,18,-6.6,925.1,NA,NA,99
2020,12,24,21,-5.6,925.8,NA,230,98
2020,12,25,0,-4.3,926.5,NA,NA,90
2020,12,25,3,-4.4,925.5,NA,NA,84
2020,12,25,6,-5.3,924.5,NA,NA,95
2020,12,25,9,-5.5,923,NA,NA,99
2020,12,25,12,-5.4,920.9,50,230,99
2020,12,25,15,-5.5,917.6,NA,240,99
2020,12,25,18,-5.5,920.7,NA,230,99
2020,12,25,21,-5.6,922.7,NA,230,99
2020,12,26,0,-5.5,923.3,NA,220,99
2020,12,26,3,-5.9,922.3,NA,230,99
2020,12,26,6,-6,921.9,23,NA,99
2020,12,26,9,-6.1,921.2,23,NA,99
2020,12,26,12,-6.1,921.4,NA,NA,99
2020,12,26,15,-6,921.5,NA,240,99
2020,12,26,18,-6.2,921.2,NA,230,99
2020,12,26,21,-4.9,922,NA,260,99
2020,12,27,0,-4.3,920.9,NA,60,99
2020,12,27,3,-5.5,919.3,NA,10,99
2020,12,27,6,-5.6,918.6,4,10,99
2020,12,27,9,-4.3,917.5,NA,250,99
2020,12,27,12,-5.4,916.8,NA,0,99
2020,12,27,15,-4.7,915.8,NA,260,99
2020,12,27,18,-4.7,916,NA,250,99
2020,12,27,21,-4.6,916.8,5,240,99
2020,12,28,0,-3.5,917,4,250,99
2020,12,28,3,-4,915.4,5,220,99
2020,12,28,6,-5.4,912.5,NA,250,99
2020,12,28,9,-6.3,909.6,NA,250,99
2020,12,28,12,-6.3,909.8,NA,210,99
2020,12,28,15,-6.8,911.6,NA,240,99
2020,12,28,18,-5.6,913.1,NA,190,99
2020,12,28,21,-5.4,915.4,NA,250,98
2020,12,29,0,-5.3,916.5,NA,250,98
2020,12,29,3,-4.4,916.7,3,290,98
2020,12,29,6,-5.5,916.4,NA,40,82
2020,12,29,9,-5.7,916.8,5,260,92
2020,12,29,12,-6.1,917.2,4,240,97
2020,12,29,15,-3.8,917.2,3,350,73
2020,12,29,18,-2.4,917,2,30,78
2020,12,29,21,-0.1,916.3,6,40,61
2020,12,30,0,NA,915.9,NA,20,33
2020,12,30,3,1.3,915.4,3,30,44
2020,12,30,6,0.5,913.1,NA,30,34
2020,12,30,9,1,910.7,NA,330,30
2020,12,30,12,-0.7,907.1,NA,250,41
2020,12,30,15,-0.3,904.2,NA,230,33
2020,12,30,18,-3.5,903.9,NA,200,69
2020,12,30,21,-5.2,903.8,NA,240,59
2020,12,31,0,-4,903.7,NA,NA,56
2020,12,31,3,-4.7,904.1,NA,NA,55
2020,12,31,6,-5.8,904.7,NA,NA,78
2020,12,31,9,-5.9,906.5,NA,NA,78
2020,12,31,12,-6.1,908.2,NA,250,64
2020,12,31,15,-5.6,909.4,NA,240,69
2020,12,31,18,-5.2,910.3,NA,260,51
2020,12,31,21,-5.1,910.9,NA,210,66
2021,1,1,0,-6.1,910.8,NA,230,77
2021,1,1,3,-5.2,910.8,NA,NA,77
2021,1,1,6,-6.5,910.2,NA,NA,90
2021,1,1,9,-7.9,910.5,NA,NA,98
2021,1,1,12,-7.4,910.3,NA,NA,75
2021,1,1,15,-7.7,908.8,NA,NA,72
2021,1,1,18,-6.6,909.8,NA,NA,58
2021,1,1,21,-5.2,910.1,NA,30,79
2021,1,2,0,-6.5,909.9,NA,50,84
2021,1,2,3,-5.9,909.8,5,70,69
2021,1,2,6,-6.6,909.6,6,60,73
2021,1,2,9,-7.6,909.7,7,260,86
2021,1,2,12,-7.5,910,7,220,97
2021,1,2,15,-7.8,909.9,8,250,90
2021,1,2,18,-7.3,910,NA,290,77
2021,1,2,21,-7,910.2,5,0,85
2021,1,3,0,-6.4,910.4,2,40,93
2021,1,3,3,-4.7,910.4,3,240,50
2021,1,3,6,-5.8,910.5,NA,250,49
2021,1,3,9,-7,910.5,NA,240,59
2021,1,3,12,-7,910.4,NA,230,49
2021,1,3,15,-7,909.4,NA,250,68
2021,1,3,18,-6.5,909.9,NA,250,81
2021,1,3,21,-5.9,911.1,NA,240,76
2021,1,4,0,-5,911.1,NA,240,66
2021,1,4,3,-3.3,910.9,NA,220,67
2021,1,4,6,NA,910.4,NA,270,55
2021,1,4,9,-4,910.6,5,300,51
2021,1,4,12,-5.6,911.3,NA,290,57
2021,1,4,15,-4.9,911.9,4,230,58
2021,1,4,18,-4.4,912.9,NA,240,51
2021,1,4,21,-4.6,914,NA,220,61
2021,1,5,0,-4.5,915,10,230,70
2021,1,5,3,-2.4,915.4,8,230,49
2021,1,5,6,-3.1,915.2,NA,210,44
2021,1,5,9,-4.6,915.5,4,60,61
2021,1,5,12,NA,915.4,1,40,69
2021,1,5,15,NA,914.8,1,260,92
2021,1,5,18,-6,914.4,3,40,85
2021,1,5,21,-4.7,914.5,3,30,86
2021,1,6,0,-4,914,2,50,93
2021,1,6,3,NA,913.4,0,280,91
2021,1,6,6,-4.5,913,NA,20,56
2021,1,6,9,-4.9,912.8,NA,260,80
2021,1,6,12,-5.6,912.2,NA,250,66
2021,1,6,15,-3.9,911.5,3,230,48
2021,1,6,18,-6.2,911.4,NA,230,79
2021,1,6,21,-7,912,NA,200,98
2021,1,7,0,-6.3,912.1,4,220,96
2021,1,7,3,-3.9,912.3,3,210,76
2021,1,7,6,-4.7,912.5,5,200,83
2021,1,7,9,-5.7,913.3,NA,220,85
2021,1,7,12,-6.9,913.3,NA,240,96
2021,1,7,15,-6.5,913.4,12,250,97
2021,1,7,18,-5.8,914.3,9,230,87
2021,1,7,21,-4.4,915,NA,220,86
2021,1,8,0,-3.3,915.3,7,220,67
2021,1,8,3,-4.1,915.3,NA,230,79
2021,1,8,6,-4.8,915.6,7,240,86
2021,1,8,9,-5.5,916.3,NA,230,92
2021,1,8,12,-5.7,916.5,6,240,93
2021,1,8,15,-5.7,916.3,NA,230,82
2021,1,8,18,-5.3,917.1,NA,230,80
2021,1,8,21,-4.8,918.1,16,230,85
2021,1,9,0,-5.8,918.6,15,210,99
2021,1,9,3,-5.9,918.7,13,230,96
2021,1,9,6,-4.2,918.7,NA,240,71
2021,1,9,9,-5.7,918.9,NA,260,76
2021,1,9,12,-5.5,918.7,NA,260,60
2021,1,9,15,-5.8,918.2,NA,230,68
2021,1,9,18,-5.5,917.7,NA,240,78
2021,1,9,21,-5.8,918.2,NA,240,98
2021,1,10,0,-6.7,919.2,NA,220,99
2021,1,10,3,-6.7,920.8,NA,230,99
2021,1,10,6,-6.5,920.7,NA,240,99
2021,1,10,9,-7,920.8,NA,250,99
2021,1,10,12,-6.7,922.2,NA,240,99
2021,1,10,15,-7.3,922.9,NA,250,99
2021,1,10,18,-7.2,924.1,NA,230,98
2021,1,10,21,-5.4,924.3,NA,240,94
2021,1,11,0,-5,924.4,4,60,89
2021,1,11,3,-5.4,924.1,2,50,89
2021,1,11,6,-5.5,924.1,NA,20,81
2021,1,11,9,-4.3,924.4,4,290,57
2021,1,11,12,-5.8,924.5,8,260,65
2021,1,11,15,NA,924.8,NA,340,62
2021,1,11,18,-7.5,925.2,4,70,98
2021,1,11,21,-6.9,925.4,NA,50,98
2021,1,12,0,-5.6,925.8,2,70,97
2021,1,12,3,-5.5,925.5,3,150,80
2021,1,12,6,NA,925.3,0,100,82
2021,1,12,9,-5.8,925.1,3,250,77
2021,1,12,12,-6.7,924.8,NA,250,88
2021,1,12,15,-6.8,924.4,6,250,85
2021,1,12,18,-7.9,924.3,9,230,90
2021,1,12,21,NA,924.7,NA,180,93
2021,1,13,0,-6,925,NA,230,78
2021,1,13,3,-5.3,925,2,210,76
2021,1,13,6,-6,925,NA,40,87
2021,1,13,9,-6.8,924.7,6,350,65
2021,1,13,12,-6.2,924.8,NA,0,51
2021,1,13,15,-5.3,923.9,2,230,58
2021,1,13,18,-5.6,923,2,250,61
2021,1,13,21,-6.8,922.2,5,260,90
2021,1,14,0,-6.3,921.9,3,270,94
2021,1,14,3,-5.7,921.2,NA,250,89
2021,1,14,6,-5.4,921.3,6,230,85
2021,1,14,9,-7.4,921.3,9,240,96
2021,1,14,12,-7.2,921.5,NA,230,91
2021,1,14,15,-7,922,NA,220,87
2021,1,14,18,-6.6,922.7,NA,240,84
2021,1,14,21,NA,923.6,NA,170,91
2021,1,15,0,-5.2,923.9,NA,0,91
2021,1,15,3,-4.1,923.3,2,50,91
2021,1,15,6,-4.9,922.7,4,240,89
2021,1,15,9,-6.4,921.9,NA,250,90
2021,1,15,12,-6.9,921.3,NA,250,86
2021,1,15,15,-7.5,920.9,10,250,90
2021,1,15,18,NA,921,NA,270,81
2021,1,15,21,-6.2,921.1,NA,250,89
2021,1,16,0,-5.6,921.7,NA,230,83
2021,1,16,3,-4.5,921.9,NA,350,82
2021,1,16,6,-6.3,922.4,NA,50,98
2021,1,16,9,-6.9,922.6,5,40,98
2021,1,16,12,-7.1,922.9,6,0,88
2021,1,16,15,-7.4,922.8,3,340,83
2021,1,16,18,NA,923,NA,250,67
2021,1,16,21,-4.6,923.7,2,250,64
2021,1,17,0,-3.2,924.6,2,70,80
2021,1,17,3,-4.9,925.2,3,40,82
2021,1,17,6,NA,925.9,1,30,51
2021,1,17,9,-4.7,926.6,4,340,37
2021,1,17,12,NA,927.2,0,350,42
2021,1,17,15,-4.6,927.5,2,260,35
2021,1,17,18,-6.6,929.1,3,250,85
2021,1,17,21,-5.3,931.2,3,30,80
2021,1,18,0,-5.4,932.9,NA,70,90
2021,1,18,3,-5.8,933.8,6,60,96
2021,1,18,6,-5.1,934.9,NA,290,94
2021,1,18,9,-5.9,936.6,2,210,94
2021,1,18,12,-6.6,937.3,4,250,98
2021,1,18,15,-6.7,937.6,NA,250,99
2021,1,18,18,-6.4,937.9,NA,250,99
2021,1,18,21,-6.2,938,12,240,99
2021,1,19,0,-6.1,936.3,NA,220,99
2021,1,19,3,-6,934.5,NA,230,99
2021,1,19,6,-5.6,930.4,NA,250,99
2021,1,19,9,-5.5,930.6,NA,240,99
2021,1,19,12,-5.3,929.6,NA,NA,99
2021,1,19,15,-5.4,928.8,48,NA,99
2021,1,19,18,-5.1,927.7,NA,NA,96
2021,1,19,21,-5.5,928.9,45,NA,99
2021,1,20,0,-5.5,929.6,48,250,96
2021,1,20,3,-5.5,930.4,NA,240,97
2021,1,20,6,-4.5,932.3,NA,240,81
2021,1,20,9,-4.9,932.1,NA,230,83
2021,1,20,12,-5,931.7,NA,330,77
2021,1,20,15,-5.5,931.5,NA,250,80
2021,1,20,18,-5.5,932.1,NA,260,81
2021,1,20,21,-4.2,933,NA,230,74
2021,1,21,0,-4.7,934,NA,240,87
2021,1,21,3,-3.8,934.6,NA,60,88
2021,1,21,6,-2.8,935,NA,250,77
2021,1,21,9,-3.3,934.8,2,40,71
2021,1,21,12,-3,933.9,NA,30,59
2021,1,21,15,-1.9,932.2,NA,30,52
2021,1,21,18,-2.2,932,NA,20,64
2021,1,21,21,-1,931.3,NA,360,57
2021,1,22,0,-0.9,929.5,4,260,52
2021,1,22,3,-2.2,928,3,10,80
2021,1,22,6,-4.7,927.4,6,290,88
2021,1,22,9,-6,926.3,NA,220,99
2021,1,22,12,-6.2,924.8,NA,240,99
2021,1,22,15,-4.7,924.2,NA,230,97
2021,1,22,18,-2.3,922.8,NA,240,59
2021,1,22,21,-3,923.1,NA,240,68
2021,1,23,0,-5.1,926.4,NA,240,99
2021,1,23,3,NA,926.2,NA,80,61
2021,1,23,6,-2.7,926.3,NA,240,84
2021,1,23,9,-2.1,926,NA,240,51
2021,1,23,12,-1.9,926.3,NA,250,43
2021,1,23,15,-3.3,925.7,NA,230,50
2021,1,23,18,-3.5,924.4,NA,240,45
2021,1,23,21,-1.6,923.7,NA,240,46
2021,1,24,0,-3,922.8,NA,10,55
2021,1,24,3,-3,922,7,30,52
2021,1,24,6,-1.5,920.8,NA,30,36
2021,1,24,9,-1.1,920.2,NA,300,33
2021,1,24,12,-1,918.4,NA,330,29
2021,1,24,15,-1.3,916.3,NA,20,31
2021,1,24,18,-0.5,913,NA,20,32
2021,1,24,21,-1.2,912.7,NA,10,39
2021,1,25,0,NA,911.8,NA,250,50
2021,1,25,3,NA,911.7,NA,260,96
2021,1,25,6,-1,912.8,NA,230,53
2021,1,25,9,-3.7,914.4,NA,230,55
2021,1,25,12,-3.7,916.8,NA,250,51
2021,1,25,15,-4.8,919.7,NA,240,62
2021,1,25,18,-4.9,921.7,NA,240,69
2021,1,25,21,-4.9,924.1,NA,240,78
2021,1,26,0,-5.2,926.6,NA,230,92
2021,1,26,3,-4.4,928,NA,240,81
2021,1,26,6,-4.6,929,NA,240,84
2021,1,26,9,-5.1,929.8,NA,220,90
2021,1,26,12,-5.4,930.1,5,40,91
2021,1,26,15,-5.7,930.3,2,60,98
2021,1,26,18,NA,930.4,NA,40,99
2021,1,26,21,NA,930.3,1,230,99
2021,1,27,0,-5.5,929.9,3,80,99
2021,1,27,3,-5.6,928.8,NA,50,99
2021,1,27,6,-6.7,928,7,20,99
2021,1,27,9,-6.4,926.7,NA,NA,99
2021,1,27,12,-6.4,925.4,NA,NA,99
2021,1,27,15,-6.8,923.4,NA,NA,99
2021,1,27,18,-7.1,921.1,NA,NA,99
2021,1,27,21,-6.5,921.7,25,240,99
2021,1,28,0,-7.6,921.4,21,220,99
2021,1,28,3,-7.8,921.4,NA,230,99
2021,1,28,6,-7.9,920.9,NA,230,87
2021,1,28,9,-8,920,NA,240,88
2021,1,28,12,-8.3,920.5,NA,240,83
2021,1,28,15,-7.9,920.4,NA,250,81
2021,1,28,18,-6.7,920.5,NA,240,69
2021,1,28,21,-8.1,921.9,NA,240,98
2021,1,29,0,-7.8,922.6,NA,240,98
2021,1,29,3,-7.4,922.4,NA,230,88
2021,1,29,6,-7.8,922.7,NA,230,91
2021,1,29,9,-7,923,21,240,78
2021,1,29,12,-7.6,923.1,NA,250,81
2021,1,29,15,-7.5,922.6,NA,230,81
2021,1,29,18,-7.9,922.8,NA,230,88
2021,1,29,21,-7.4,922.7,NA,240,92
2021,1,30,0,-7.4,921.3,NA,30,98
2021,1,30,3,-7.4,919.3,6,30,98
2021,1,30,6,-5.3,917.8,7,260,51
2021,1,30,9,-7.6,917.1,NA,250,89
2021,1,30,12,-8.7,917,NA,250,94
2021,1,30,15,-9,916.4,NA,270,97
2021,1,30,18,-9,916,7,270,97
2021,1,30,21,-7.2,915.7,4,180,95
2021,1,31,0,-7.2,915.7,3,250,91
2021,1,31,3,-8.1,915.2,6,260,98
2021,1,31,6,-7.2,915,7,260,91
2021,1,31,9,-8.7,915.1,NA,250,86
2021,1,31,12,-9.1,916,11,240,84
2021,1,31,15,-9.4,916.6,13,230,81
2021,1,31,18,-7.5,917.2,15,240,50
2021,1,31,21,-6.9,918.4,NA,230,49
2021,2,1,0,-4.7,919.3,NA,190,41
2021,2,1,3,-6,919.3,5,20,61
2021,2,1,6,-5.8,919.3,3,0,46
2021,2,1,9,-4.5,919.9,4,280,34
2021,2,1,12,NA,920.9,1,290,33
2021,2,1,15,-5.8,920.9,NA,0,33
2021,2,1,18,-5.9,920.5,NA,20,43
2021,2,1,21,-4.6,920.4,NA,130,62
2021,2,2,0,-5.6,919.6,NA,40,78
2021,2,2,3,-5.7,919.3,NA,50,84
2021,2,2,6,-6.2,919.4,NA,240,86
2021,2,2,9,-7.5,920,NA,250,98
2021,2,2,12,-7.6,920.8,13,240,96
2021,2,2,15,-7.8,921.3,15,250,98
2021,2,2,18,-7.6,922,12,250,99
2021,2,2,21,-7.1,922.7,14,240,99
2021,2,3,0,-6.5,923.3,12,230,99
2021,2,3,3,-6.3,923.6,10,220,99
2021,2,3,6,-5.4,923.7,NA,260,98
2021,2,3,9,-7.1,922.2,NA,0,87
2021,2,3,12,-7.1,920.7,NA,30,99
2021,2,3,15,-7.4,919.1,NA,260,96
2021,2,3,18,-7,917.6,NA,250,87
2021,2,3,21,-6.2,916.6,4,250,88
2021,2,4,0,-7.3,915.4,NA,250,98
2021,2,4,3,-7.1,914,NA,230,99
2021,2,4,6,-7.7,913.2,NA,220,99
2021,2,4,9,-8.8,912.5,NA,230,99
2021,2,4,12,-9.3,912.2,NA,230,98
2021,2,4,15,-9.8,911.3,NA,230,98
2021,2,4,18,-9.3,911.3,20,240,86
2021,2,4,21,-9,911.4,NA,240,78
2021,2,5,0,-9.1,911,NA,220,80
2021,2,5,3,-9.2,910.2,NA,230,86
2021,2,5,6,-9.9,909.6,NA,230,83
2021,2,5,9,-10.1,909.4,21,240,74
2021,2,5,12,-10.3,909.7,21,NA,69
2021,2,5,15,-10.8,909,NA,NA,76
2021,2,5,18,-11.1,908.4,NA,NA,86
2021,2,5,21,-9.4,908.4,25,250,62
2021,2,6,0,-8.4,909.1,NA,240,59
2021,2,6,3,-8.9,907.4,NA,240,86
2021,2,6,6,-8.5,907.7,NA,260,94
2021,2,6,9,-8.3,909.5,NA,260,91
2021,2,6,12,-7.3,911.6,NA,250,72
2021,2,6,15,-9.1,911.9,NA,260,95
2021,2,6,18,-7.8,911.8,NA,40,83
2021,2,6,21,NA,912.1,NA,340,72
2021,2,7,0,-8.6,913,NA,240,97
2021,2,7,3,-7.9,914,NA,220,93
2021,2,7,6,-8.6,915.4,16,210,96
2021,2,7,9,-9,916.6,NA,240,97
2021,2,7,12,-9.1,917.4,NA,230,94
2021,2,7,15,-9.1,918,NA,240,91
2021,2,7,18,-9,918.2,NA,230,63
2021,2,7,21,-8,918.3,8,230,59
2021,2,8,0,-8.6,917.6,12,250,77
2021,2,8,3,-8.3,917.3,NA,250,97
2021,2,8,6,-8.7,916.8,14,250,92
2021,2,8,9,-9,916.8,11,240,97
2021,2,8,12,-9,917.3,NA,250,98
2021,2,8,15,-9.4,917.8,NA,30,97
2021,2,8,18,-7.6,917.3,NA,40,89
2021,2,8,21,-7,917.5,NA,200,96
2021,2,9,0,-8.8,917.6,NA,230,97
2021,2,9,3,-9.4,917.6,NA,240,90
2021,2,9,6,-9.5,918.2,16,NA,97
2021,2,9,9,-8.6,918.2,NA,NA,98
2021,2,9,12,-9.1,918.5,NA,NA,97
2021,2,9,15,-9.2,918.9,NA,230,97
2021,2,9,18,-9.6,919,NA,350,89
2021,2,9,21,-7.8,917.9,NA,30,96
2021,2,10,0,-5.7,916.6,NA,70,79
2021,2,10,3,-2.9,914,7,10,29
2021,2,10,6,-3.5,910.9,NA,250,29
2021,2,10,9,-5.1,908.6,8,240,37
2021,2,10,12,-6.2,907.4,10,240,43
2021,2,10,15,-8,906.6,NA,240,75
2021,2,10,18,-8.9,906.7,NA,230,95
2021,2,10,21,-8.7,907.7,NA,230,90
2021,2,11,0,-9.6,909.5,NA,240,94
2021,2,11,3,-9.8,910.8,NA,240,91
2021,2,11,6,-9.6,912.4,13,230,89
2021,2,11,9,-10,913.4,15,240,91
2021,2,11,12,-9.8,913.8,15,230,85
2021,2,11,15,-9.8,914.5,NA,220,92
2021,2,11,18,-10.1,914.4,11,250,96
2021,2,11,21,-10,915,9,240,95
2021,2,12,0,-9.7,915.7,12,240,95
2021,2,12,3,-9.4,916.1,NA,240,92
2021,2,12,6,-9.3,917.3,12,230,88
2021,2,12,9,-9.6,918.5,12,260,75
2021,2,12,12,-9.6,919.8,10,240,66
2021,2,12,15,-8.8,920.9,11,210,45
2021,2,12,18,-8.6,922.3,9,270,44
2021,2,12,21,-7.2,922.8,9,360,42
2021,2,13,0,-4.9,921.9,6,20,42
2021,2,13,3,NA,921.4,NA,0,25
2021,2,13,6,-4.5,922.1,NA,270,31
2021,2,13,9,NA,922.9,NA,240,59
2021,2,13,12,NA,922.9,NA,290,42
2021,2,13,15,-7.3,921.2,NA,10,46
2021,2,13,18,-5.8,920.8,NA,50,41
2021,2,13,21,-6.3,919.8,NA,30,54
2021,2,14,0,-7.4,918.1,NA,20,70
2021,2,14,3,-7.2,916.8,21,20,96
2021,2,14,6,-7,916.2,17,20,86
2021,2,14,9,-7.7,916.5,NA,40,98
2021,2,14,12,-9.2,916.6,NA,310,97
2021,2,14,15,-9.4,916.2,2,300,88
2021,2,14,18,-9.2,915.9,4,20,88
2021,2,14,21,-8.6,915.8,5,10,97
2021,2,15,0,-6.3,916,2,30,81
2021,2,15,3,-5.3,916,4,100,47
2021,2,15,6,-6.2,915.9,4,280,47
2021,2,15,9,-7.2,916,3,300,38
2021,2,15,12,NA,915.9,1,350,33
2021,2,15,15,-8.2,915.1,NA,360,35
2021,2,15,18,-8.5,914.9,5,10,54
2021,2,15,21,-6.6,914.7,8,60,94
2021,2,16,0,-6.9,914.4,NA,60,93
2021,2,16,3,-6.2,913.8,5,0,83
2021,2,16,6,-6.4,913.5,6,260,67
2021,2,16,9,-7.4,913.5,7,260,75
2021,2,16,12,-7.8,913.7,10,260,78
2021,2,16,15,-8.4,913.8,NA,250,82
2021,2,16,18,-8.3,914.4,13,260,62
2021,2,16,21,-8.2,915.3,14,240,71
2021,2,17,0,-8,916.1,11,230,98
2021,2,17,3,NA,916.3,NA,30,98
2021,2,17,6,NA,916.2,NA,160,98
2021,2,17,9,-8.3,915.6,NA,240,98
2021,2,17,12,-8.4,915,NA,230,98
2021,2,17,15,-8.7,914.6,NA,240,97
2021,2,17,18,-8.8,914.8,17,240,90
2021,2,17,21,-7.5,914.8,17,240,68
2021,2,18,0,-6.6,915.8,NA,210,84
2021,2,18,3,-7.4,916.1,NA,230,95
2021,2,18,6,-7.3,916.4,7,240,98
2021,2,18,9,-7.5,916.8,8,250,95
2021,2,18,12,-7.2,917.2,6,260,86
2021,2,18,15,-7.9,917.3,10,240,91
2021,2,18,18,-7.6,918,NA,240,99
2021,2,18,21,-7.3,919.6,NA,320,99
2021,2,19,0,-7.6,920.9,NA,160,99
2021,2,19,3,-8.5,922.1,3,150,99
2021,2,19,6,-9,923.3,4,180,98
2021,2,19,9,-9.8,924.8,5,200,98
2021,2,19,12,-9.8,925,NA,230,98
2021,2,19,15,-10,925.9,NA,230,95
2021,2,19,18,-9.9,926.6,11,220,94
2021,2,19,21,-9.5,927,8,240,85
2021,2,20,0,-9.5,927,8,240,88
2021,2,20,3,-9.7,926.3,11,230,97
2021,2,20,6,-9.5,925.9,NA,240,81
2021,2,20,9,-10.1,925.2,NA,240,92
2021,2,20,12,-9.9,924.4,17,240,88
2021,2,20,15,-10,923.8,20,230,82
2021,2,20,18,-10.1,923.4,NA,240,90
2021,2,20,21,-9.6,923.1,NA,220,78
2021,2,21,0,-10.1,922.6,NA,230,95
2021,2,21,3,-10.5,921.5,11,240,96
2021,2,21,6,-10.7,921.2,9,250,92
2021,2,21,9,-11,920.8,NA,290,73
2021,2,21,12,-11,920.3,NA,330,62
2021,2,21,15,-11.8,920.1,4,250,90
2021,2,21,18,-11.5,919.9,5,260,73
2021,2,21,21,-10.2,920.2,2,10,80
2021,2,22,0,NA,920.7,1,360,75
2021,2,22,3,NA,920.3,0,310,68
2021,2,22,6,-10.6,919.9,4,340,81
2021,2,22,9,-11,919.5,2,10,81
2021,2,22,12,-12,918.8,NA,250,77
2021,2,22,15,-12.8,918.1,NA,270,67
2021,2,22,18,-11.4,918.4,NA,240,67
2021,2,22,21,-11.3,918.4,NA,220,80
2021,2,23,0,-10.9,918.6,6,210,95
2021,2,23,3,NA,918.4,NA,40,93
2021,2,23,6,-11,917.9,2,60,94
2021,2,23,9,NA,917.7,1,40,96
2021,2,23,12,-11.5,917.5,3,250,96
2021,2,23,15,-11.6,917.4,NA,250,95
2021,2,23,18,-11.8,917.7,NA,250,95
2021,2,23,21,-11.9,918.3,13,240,95
2021,2,24,0,-12,918.6,NA,250,92
2021,2,24,3,-12,920.1,NA,240,94
2021,2,24,6,-11.7,921.6,NA,260,93
2021,2,24,9,-11.8,922,NA,20,85
2021,2,24,12,-12.1,921.2,NA,20,62
2021,2,24,15,-12.2,921,NA,260,83
2021,2,24,18,-12.9,919.9,NA,250,94
2021,2,24,21,-12.1,919.7,NA,250,92
2021,2,25,0,-11.8,919.6,15,240,95
2021,2,25,3,-11.6,919,12,240,95
2021,2,25,6,-11.6,918.4,11,250,95
2021,2,25,9,-11.8,918.4,10,250,95
2021,2,25,12,-11.8,918.2,14,240,95
2021,2,25,15,-11.7,918.5,NA,240,88
2021,2,25,18,-11.4,919.5,NA,230,83
2021,2,25,21,-11.9,921,NA,240,81
2021,2,26,0,-11,922.4,NA,240,90
2021,2,26,3,-11.6,922.4,NA,290,83
2021,2,26,6,NA,922.3,NA,260,80
2021,2,26,9,-12,921.9,5,250,93
2021,2,26,12,-11.8,921.2,NA,250,94
2021,2,26,15,-11.5,920.2,NA,230,95
2021,2,26,18,-12,919.2,10,240,95
2021,2,26,21,-12,918.4,NA,230,95
2021,2,27,0,-12.5,918.1,NA,240,95
2021,2,27,3,-12.1,917.9,17,NA,94
2021,2,27,6,-12.6,917.2,NA,NA,92
2021,2,27,9,-13.5,916.9,NA,NA,87
2021,2,27,12,-13.2,916.2,22,NA,77
2021,2,27,15,-12.4,915.3,20,NA,59
2021,2,27,18,-13.7,914.1,23,NA,68
2021,2,27,21,-12.4,913,NA,NA,74
2021,2,28,0,-12.7,912.5,NA,NA,85
2021,2,28,3,-12.8,911.9,NA,NA,83
2021,2,28,6,-13.5,912.6,31,260,85
2021,2,28,9,-12.1,913.8,NA,240,67
2021,2,28,12,-12.2,914.5,NA,NA,79
2021,2,28,15,-12,914.5,NA,NA,95
2021,2,28,18,-11.8,914.1,20,NA,95
2021,2,28,21,-11.7,914.2,NA,250,95
2021,3,1,0,-11.1,914.6,NA,250,95
2021,3,1,3,-11,913.9,NA,250,95
2021,3,1,6,-10.8,912,NA,240,96
2021,3,1,9,-11.2,913.1,NA,250,95
2021,3,1,12,-11.4,911.3,NA,260,90
2021,3,1,15,-10.9,911.8,NA,NA,78
2021,3,1,18,-11.5,911,NA,NA,90
2021,3,1,21,-11.3,914.3,NA,NA,85
2021,3,2,0,-11.3,915.3,36,270,81
2021,3,2,3,-11.8,917,33,240,91
2021,3,2,6,-11.9,918,NA,230,90
2021,3,2,9,-12,918.5,NA,230,84
2021,3,2,12,-11.7,918.4,18,240,82
2021,3,2,15,-11.4,918.1,19,230,95
2021,3,2,18,-11.8,918,NA,240,95
2021,3,2,21,-11.2,917.8,20,230,83
2021,3,3,0,-11.8,917.4,22,240,93
2021,3,3,3,-11.7,917.2,NA,NA,88
2021,3,3,6,-12,917.3,NA,NA,88
2021,3,3,9,-12.2,917.6,NA,NA,88
2021,3,3,12,-12.6,918.9,NA,NA,86
2021,3,3,15,-12.5,919.6,26,230,79
2021,3,3,18,-12.7,920.6,24,240,88
2021,3,3,21,-11.7,922.4,NA,230,79
2021,3,4,0,-11.4,923.8,20,240,80
2021,3,4,3,-11.1,925.1,23,230,85
2021,3,4,6,-11.2,926.3,20,230,91
2021,3,4,9,-10.8,927.5,20,240,91
2021,3,4,12,-10.6,928.1,NA,NA,87
2021,3,4,15,-10.9,928.4,24,NA,82
2021,3,4,18,-10.8,928.9,28,NA,76
2021,3,4,21,-10.9,929.8,NA,NA,78
2021,3,5,0,-11.4,930,24,230,95
2021,3,5,3,-11.4,929.1,NA,230,95
2021,3,5,6,-11.8,927.8,NA,230,90
2021,3,5,9,-12.3,926.9,NA,240,88
2021,3,5,12,-12.4,925.9,NA,NA,86
2021,3,5,15,-12.9,924.9,NA,NA,91
2021,3,5,18,-12.5,924.3,44,NA,88
2021,3,5,21,-12.8,924.9,45,NA,95
2021,3,6,0,-12.6,925.5,46,250,92
2021,3,6,3,-12.4,928.1,NA,240,87
2021,3,6,6,-12.7,928.9,NA,230,87
2021,3,6,9,-12.4,930.8,NA,240,80
2021,3,6,12,-12.1,931.7,NA,250,79
2021,3,6,15,-12,931.9,NA,260,95
2021,3,6,18,-12.1,932,NA,320,95
2021,3,6,21,-11.9,932.3,NA,270,95
2021,3,7,0,-12.2,932.7,NA,250,95
2021,3,7,3,-11.7,932.7,NA,230,82
2021,3,7,6,-12.3,933.5,NA,230,88
2021,3,7,9,-12.7,934.7,21,240,85
2021,3,7,12,-13.4,935.5,17,230,88
2021,3,7,15,-13.6,936,NA,240,92
2021,3,7,18,-13.5,937.1,NA,240,78
2021,3,7,21,-13.3,938.7,NA,250,76
2021,3,8,0,-12.8,939.5,NA,240,74
2021,3,8,3,-12.9,939.8,NA,240,79
2021,3,8,6,-12.8,940,NA,230,87
2021,3,8,9,-13.2,940.4,NA,250,93
2021,3,8,12,-13.4,939.8,7,270,94
2021,3,8,15,-13.3,939.3,7,250,93
2021,3,8,18,-13,939.1,7,250,94
2021,3,8,21,-12.6,938.9,8,250,94
2021,3,9,0,-12.7,938.3,7,260,94
2021,3,9,3,-12.8,937.2,NA,280,94
2021,3,9,6,-12.5,935.6,6,260,94
2021,3,9,9,-12.7,934.4,4,260,94
2021,3,9,12,-12.8,933,6,270,94
2021,3,9,15,-12.9,931.8,3,270,94
2021,3,9,18,-13,931.3,2,270,94
2021,3,9,21,-12,931,1,320,94
2021,3,10,0,-12.1,930.9,4,260,95
2021,3,10,3,-11.8,930.9,2,260,95
2021,3,10,6,-11.7,931.3,1,270,95
2021,3,10,9,-11.2,931.5,3,170,95
2021,3,10,12,-11.8,931.6,2,270,95
2021,3,10,15,-11.9,931.6,2,250,95
2021,3,10,18,-11.7,931.7,5,260,95
2021,3,10,21,-11.6,931.8,NA,250,95
2021,3,11,0,-11.5,931.7,8,240,95
2021,3,11,3,-11.6,932,6,230,95
2021,3,11,6,-12.2,931.9,NA,230,95
2021,3,11,9,-12.5,931.4,NA,240,94
2021,3,11,12,-13,930.8,20,240,94
2021,3,11,15,-13.1,929.9,17,240,94
2021,3,11,18,-12.9,929.3,NA,270,94
2021,3,11,21,-10.8,928.1,NA,30,95
2021,3,12,0,-10.7,926,NA,40,95
2021,3,12,3,-10.5,924.2,NA,20,96
2021,3,12,6,-11.7,923.1,NA,0,95
2021,3,12,9,-13.2,922.1,5,270,94
2021,3,12,12,-12.1,921.2,3,260,95
2021,3,12,15,-12.6,920,5,260,93
2021,3,12,18,-12.1,918.9,3,350,93
2021,3,12,21,-10,917.9,2,260,91
2021,3,13,0,-12.7,916.6,NA,240,93
2021,3,13,3,-12.4,915.7,NA,230,95
2021,3,13,6,-13.5,915.1,16,230,93
2021,3,13,9,-14.3,914.2,NA,230,93
2021,3,13,12,-15,913.6,16,220,92
2021,3,13,15,-16.4,912,19,230,91
2021,3,13,18,-16.8,909.7,NA,240,91
2021,3,13,21,-17.2,907.8,NA,240,91
2021,3,14,0,-16.5,904.8,NA,240,92
2021,3,14,3,-16.2,899.3,NA,250,92
2021,3,14,6,-16.5,899.1,NA,250,92
2021,3,14,9,-16.8,902.6,NA,250,92
2021,3,14,12,-16.9,907.3,58,240,92
2021,3,14,15,-15.8,910.9,NA,240,89
2021,3,14,18,-14.9,914,NA,230,82
2021,3,14,21,-14,917.2,NA,230,84
2021,3,15,0,-13.3,920.2,NA,230,87
2021,3,15,3,-13.2,921.3,NA,240,94
2021,3,15,6,-12.9,920.8,NA,50,94
2021,3,15,9,-12.9,919,9,60,95
2021,3,15,12,-12.5,917.2,8,30,76
2021,3,15,15,-13.2,915,8,270,93
2021,3,15,18,-12.9,913.5,NA,260,84
2021,3,15,21,-13.2,912.4,NA,240,94
2021,3,16,0,-13.1,909.8,NA,240,94
2021,3,16,3,-13.7,905.5,NA,230,93
2021,3,16,6,-15.6,904.6,NA,230,91
2021,3,16,9,-15.7,904.5,NA,230,91
2021,3,16,12,-15.7,903.3,NA,240,91
2021,3,16,15,-16.1,903.7,57,230,92
2021,3,16,18,-15.7,904,53,240,90
2021,3,16,21,-14.8,905.7,NA,NA,89
2021,3,17,0,-14.5,906.6,53,NA,88
2021,3,17,3,-12.8,908.9,NA,NA,81
2021,3,17,6,-12.1,911.9,NA,NA,87
2021,3,17,9,-11,914.3,NA,NA,89
2021,3,17,12,-10.8,916.3,34,NA,93
2021,3,17,15,-10.1,919.8,NA,NA,96
2021,3,17,18,-9.8,922.9,NA,200,97
2021,3,17,21,-10.1,925,NA,210,97
2021,3,18,0,-10.5,925.9,NA,210,97
2021,3,18,3,-10.9,926.5,NA,210,96
2021,3,18,6,-11.4,928,NA,230,96
2021,3,18,9,-12.2,928.5,NA,230,95
2021,3,18,12,-13.1,926.1,NA,340,94
2021,3,18,15,-12.5,924.1,NA,340,95
2021,3,18,18,-13.9,922.9,NA,290,94
2021,3,18,21,-13.1,921.7,NA,240,94
2021,3,19,0,-13,921,NA,250,94
2021,3,19,3,-13.3,921,13,250,94
2021,3,19,6,-17.8,921,NA,230,91
2021,3,19,9,NA,920.4,NA,240,89
2021,3,19,12,-19.1,922.2,NA,230,89
2021,3,19,15,-20.1,921.7,NA,230,86
2021,3,19,18,-20,921,NA,250,85
2021,3,19,21,-18.8,919.6,NA,20,89
2021,3,20,0,-18.2,918.4,NA,50,90
2021,3,20,3,-17.4,918,NA,60,90
2021,3,20,6,-16.7,916.2,NA,30,92
2021,3,20,9,-16.2,915.5,NA,50,92
2021,3,20,12,-16.7,914.8,NA,170,91
2021,3,20,15,-17.3,913.8,NA,250,90
2021,3,20,18,-16.6,912.8,NA,260,91
2021,3,20,21,-16.4,912.6,NA,250,92
2021,3,21,0,-18.4,912.9,NA,240,90
2021,3,21,3,-18.8,912.6,NA,230,89
2021,3,21,6,-18.2,914.9,NA,240,90
2021,3,21,9,-17.6,917,NA,240,91
2021,3,21,12,-17,917.8,NA,260,91
2021,3,21,15,-17.3,918.1,NA,300,88
2021,3,21,18,-18.1,917.8,NA,250,89
2021,3,21,21,-18,917.6,NA,230,79
2021,3,22,0,-17.6,917.4,NA,240,88
2021,3,22,3,-16.2,916.4,18,230,68
2021,3,22,6,-16.3,913.3,NA,240,80
2021,3,22,9,-15.3,911.5,NA,240,88
2021,3,22,12,-15.4,911.9,NA,230,92
2021,3,22,15,-19.3,911.4,NA,240,89
2021,3,22,18,-18.1,913.4,NA,NA,89
2021,3,22,21,-18.3,917.9,50,NA,87
2021,3,23,0,-17.2,919.6,NA,NA,85
2021,3,23,3,-15.7,919.9,NA,NA,83
2021,3,23,6,-15.8,920.6,NA,NA,85
2021,3,23,9,-14.9,921.6,NA,250,73
2021,3,23,12,-16,922.4,NA,230,84
2021,3,23,15,-16.2,922.4,NA,240,82
2021,3,23,18,-16.3,921.9,NA,260,85
2021,3,23,21,-16.5,921.1,NA,360,88
2021,3,24,0,-15.2,919.9,NA,280,73
2021,3,24,3,-15.6,918.4,4,30,77
2021,3,24,6,-16.2,917.1,4,290,54
2021,3,24,9,-15.8,916.4,2,290,58
2021,3,24,12,-15.6,916.5,1,40,73
2021,3,24,15,-15.6,916.7,2,340,84
2021,3,24,18,-16.9,917,NA,260,91
2021,3,24,21,-16.2,917.3,NA,230,91
2021,3,25,0,-17.6,917.2,NA,240,90
2021,3,25,3,-18.6,918.1,NA,240,89
2021,3,25,6,-17.1,921.2,NA,250,91
2021,3,25,9,-17,923.7,NA,250,88
2021,3,25,12,-16.5,924.5,NA,250,84
2021,3,25,15,-16.8,924,36,240,81
2021,3,25,18,-16.4,923.8,NA,230,91
2021,3,25,21,-16.2,924.3,NA,240,91
2021,3,26,0,-15,925.1,NA,230,92
2021,3,26,3,-14,925.7,20,240,54
2021,3,26,6,-13.7,926.8,NA,NA,53
2021,3,26,9,-13.1,927,NA,NA,46
2021,3,26,12,-11.8,927.1,NA,NA,38
2021,3,26,15,-10.2,926.1,NA,260,33
2021,3,26,18,-9.3,924.9,NA,290,25
2021,3,26,21,-8.3,923.7,6,360,23
2021,3,27,0,-9.7,923.1,5,270,36
2021,3,27,3,-9.7,922,8,240,36
2021,3,27,6,-9.3,921.3,NA,260,45
2021,3,27,9,-11.4,922.1,NA,250,75
2021,3,27,12,-11.7,923.1,NA,250,95
2021,3,27,15,-12.6,922.6,NA,220,94
2021,3,27,18,-14,922,NA,240,93
2021,3,27,21,-14.3,922.3,NA,240,87
2021,3,28,0,-15.4,923.9,49,230,92
2021,3,28,3,-15,927.5,NA,230,93
2021,3,28,6,-14.8,930,NA,220,92
2021,3,28,9,-15.5,931.7,NA,230,92
2021,3,28,12,-14.9,932.7,NA,320,92
2021,3,28,15,-14.7,933.6,NA,240,91
2021,3,28,18,-12.4,934.2,NA,230,60
2021,3,28,21,NA,934.3,NA,340,47
2021,3,29,0,-10.2,933.5,NA,10,62
2021,3,29,3,-9.7,932.3,8,270,50
2021,3,29,6,-10.6,931.2,NA,330,55
2021,3,29,9,-10.2,929.3,NA,20,54
2021,3,29,12,-10.7,928.1,7,20,59
2021,3,29,15,-12,926.8,NA,290,59
2021,3,29,18,-12.8,926.5,6,340,94
2021,3,29,21,-11.9,925.6,7,340,71
2021,3,30,0,-12,923.9,NA,20,87
2021,3,30,3,-11.8,921.1,NA,350,54
2021,3,30,6,-12.3,919.4,NA,40,50
2021,3,30,9,-12,917.3,NA,50,95
2021,3,30,12,-12,916,NA,40,95
2021,3,30,15,-12.9,913.3,NA,270,95
2021,3,30,18,-14.7,911,NA,250,93
2021,3,30,21,-16,907.7,NA,230,92
2021,3,31,0,-17.7,907,NA,240,90
2021,3,31,3,-18.7,904.6,NA,NA,89
2021,3,31,6,-19.3,907.9,NA,NA,89
2021,3,31,9,-20.3,909.2,51,NA,88
2021,3,31,12,-21.1,909.8,52,NA,87
2021,3,31,15,-21.6,911.6,NA,NA,86
2021,3,31,18,-22.4,913.4,NA,NA,85
2021,3,31,21,-22.6,914,NA,230,85
2021,4,1,0,-22.1,914.9,NA,230,76
2021,4,1,3,-21.6,913.7,NA,240,83
2021,4,1,6,-22.4,912.2,19,250,85
2021,4,1,9,-23,912,17,240,85
2021,4,1,12,-22.2,911.9,NA,240,85
2021,4,1,15,-21.7,911.1,14,240,62
2021,4,1,18,-20.8,910.8,14,230,57
2021,4,1,21,-19.1,910.9,13,250,54
2021,4,2,0,-17.5,910.1,NA,240,54
2021,4,2,3,-16.4,909.6,17,230,54
2021,4,2,6,-16.5,909,NA,240,60
2021,4,2,9,-17.9,908.2,NA,300,62
2021,4,2,12,-16.7,906.2,10,20,56
2021,4,2,15,-16.9,904.5,NA,20,61
2021,4,2,18,-17.1,903.8,NA,40,60
2021,4,2,21,-17.7,903.8,NA,340,63
2021,4,3,0,-18.3,904,8,270,77
2021,4,3,3,-18.6,903.8,5,260,87
2021,4,3,6,-18.1,903.9,4,280,56
2021,4,3,9,-17.9,904.4,4,270,61
2021,4,3,12,-18.8,904.7,NA,230,83
2021,4,3,15,-19,904.3,NA,240,89
2021,4,3,18,-18,904.6,NA,230,89
2021,4,3,21,-17.5,904.3,NA,230,85
2021,4,4,0,-17.4,903.6,NA,240,88
2021,4,4,3,-17.4,903.4,34,NA,88
2021,4,4,6,-17.1,902.6,NA,NA,90
2021,4,4,9,-17.6,902.6,NA,NA,90
2021,4,4,12,-18.3,902.6,36,230,90
2021,4,4,15,-18.4,902,NA,240,88
2021,4,4,18,-18.6,902,NA,240,88
2021,4,4,21,-19.2,902.6,NA,230,86
2021,4,5,0,-19.1,905.3,NA,220,82
2021,4,5,3,-19.6,907,NA,230,85
2021,4,5,6,-20.1,906.9,37,NA,88
2021,4,5,9,-20,907.7,37,NA,88
2021,4,5,12,-19.9,907.7,40,NA,88
2021,4,5,15,-19.7,911.3,NA,NA,88
2021,4,5,18,-19.9,912.5,NA,220,88
2021,4,5,21,-19.8,912.4,NA,230,88
2021,4,6,0,-19.4,912.6,NA,230,88
2021,4,6,3,-19.5,912.5,NA,220,88
2021,4,6,6,-18.8,912.4,28,220,89
2021,4,6,9,-18.6,911.7,NA,230,89
2021,4,6,12,-18.5,911.2,NA,230,89
2021,4,6,15,-17.9,910.7,NA,240,89
2021,4,6,18,-19,910.1,NA,230,89
2021,4,6,21,-18.5,912.5,NA,230,88
2021,4,7,0,-18.2,915,NA,230,85
2021,4,7,3,-18,915.9,NA,240,90
2021,4,7,6,-18.4,916.1,NA,260,89
2021,4,7,9,-16.4,916,NA,NA,50
2021,4,7,12,-16.9,915.2,1,20,68
2021,4,7,15,-17.5,914.6,3,270,87
2021,4,7,18,-17.8,914.2,1,220,89
2021,4,7,21,-18.1,914.1,1,90,89
2021,4,8,0,-18.3,913.8,2,270,89
2021,4,8,3,-18.8,914,5,230,89
2021,4,8,6,-19.4,914.6,4,260,88
2021,4,8,9,-19.5,915.5,6,260,88
2021,4,8,12,-19.1,916,3,250,88
2021,4,8,15,-18.8,915.6,NA,50,89
2021,4,8,18,-18.6,914.1,NA,30,89
2021,4,8,21,-18.2,913.4,NA,50,89
2021,4,9,0,-18.8,913.6,NA,250,88
2021,4,9,3,-19.5,913.8,5,260,88
2021,4,9,6,-20,913.8,NA,240,87
2021,4,9,9,-21.5,914.7,NA,230,86
2021,4,9,12,-22.5,914.3,NA,240,85
2021,4,9,15,-23.1,914.4,NA,230,84
2021,4,9,18,-23.9,914.6,NA,230,83
2021,4,9,21,-24.1,917.2,NA,230,83
2021,4,10,0,-24.1,918.7,NA,220,83
2021,4,10,3,-24.4,919.1,27,230,83
2021,4,10,6,-24.6,920,NA,250,83
2021,4,10,9,-24.2,923.4,NA,260,83
2021,4,10,12,-23.9,924.8,NA,30,83
2021,4,10,15,-24.4,926.5,5,350,83
2021,4,10,18,-23.4,926.4,NA,320,84
2021,4,10,21,-24,925.5,NA,340,83
2021,4,11,0,-21.4,925.2,NA,30,86
2021,4,11,3,-21.3,925.5,NA,20,86
2021,4,11,6,-21.5,925.8,NA,350,86
2021,4,11,9,-22.2,926.4,2,270,85
2021,4,11,12,-23,926,5,240,84
2021,4,11,15,-23.5,925,1,360,84
2021,4,11,18,-22.2,922.1,NA,20,85
2021,4,11,21,-20.1,919.9,NA,40,87
2021,4,12,0,-21.8,918.1,5,40,85
2021,4,12,3,-22.6,916.6,NA,260,84
2021,4,12,6,-23.5,915.6,3,300,84
2021,4,12,9,-24.9,914.5,4,240,82
2021,4,12,12,-23.9,913.9,0,70,83
2021,4,12,15,-23.6,913.8,0,350,83
2021,4,12,18,-23.4,913.9,0,10,84
2021,4,12,21,-23.5,915.1,1,0,84
2021,4,13,0,-21.8,915.5,3,60,85
2021,4,13,3,-23.5,916.2,2,320,84
2021,4,13,6,-25.4,915.7,NA,240,82
2021,4,13,9,-26,916.2,NA,250,81
2021,4,13,12,-27.3,916.2,NA,240,80
2021,4,13,15,-27.9,916.9,NA,240,79
2021,4,13,18,-28.4,918.2,13,230,78
2021,4,13,21,-28.8,919.9,NA,240,78
2021,4,14,0,-28.8,920.9,NA,240,78
2021,4,14,3,-29.2,921.8,NA,260,77
2021,4,14,6,-29.2,922.8,NA,350,77
2021,4,14,9,-30,923.3,2,350,76
2021,4,14,12,-30.2,923.8,3,10,76
2021,4,14,15,-30.3,923.6,4,10,76
2021,4,14,18,-28.9,923.5,3,30,78
2021,4,14,21,-27.9,924.3,5,NA,78
2021,4,15,0,-25.5,924.8,NA,NA,81
2021,4,15,3,-25.1,925.6,6,NA,82
2021,4,15,6,-24.3,925.6,9,40,82
2021,4,15,9,-24.3,926.2,7,50,82
2021,4,15,12,-24.6,926.6,NA,10,82
2021,4,15,15,-24.9,926.4,6,240,82
2021,4,15,18,-25.9,925.4,NA,250,81
2021,4,15,21,-25.4,925.1,NA,220,81
2021,4,16,0,-23.8,924.3,NA,220,83
2021,4,16,3,-23.3,923.1,NA,230,84
2021,4,16,6,-23.2,922.9,NA,230,84
2021,4,16,9,-23.2,920.2,NA,240,85
2021,4,16,12,-23.3,919.2,NA,NA,84
2021,4,16,15,-23.7,916.9,NA,NA,84
2021,4,16,18,-23.4,920.4,NA,NA,84
2021,4,16,21,-24,920.1,NA,NA,83
2021,4,17,0,-24.9,919.2,NA,NA,83
2021,4,17,3,-25.4,919.8,NA,NA,82
2021,4,17,6,-25.3,919.8,NA,NA,82
2021,4,17,9,-25.5,923.3,NA,NA,82
2021,4,17,12,-24.9,924.3,NA,NA,83
2021,4,17,15,-25.2,924,NA,NA,82
2021,4,17,18,-25.8,927.1,46,NA,82
2021,4,17,21,-25.3,926.2,46,230,82
2021,4,18,0,-24,926,45,NA,83
2021,4,18,3,-23.6,924.7,49,NA,83
2021,4,18,6,-23.9,927.7,NA,NA,83
2021,4,18,9,-23.9,927.9,NA,220,84
2021,4,18,12,-23.4,927,NA,210,84
2021,4,18,15,-23.6,925.5,NA,220,84
2021,4,18,18,-22.9,925,NA,210,84
2021,4,18,21,-23.4,924.7,NA,230,84
2021,4,19,0,-24.4,922.6,NA,NA,83
2021,4,19,3,-21.2,920.5,2,250,85
2021,4,19,6,-21.4,919.1,2,20,86
2021,4,19,9,-22,917.5,4,10,85
2021,4,19,12,-21.5,916.7,4,10,86
2021,4,19,15,-21.6,916.2,NA,NA,85
2021,4,19,18,-24.2,915.5,1,0,83
2021,4,19,21,-23.4,914.9,NA,30,83
2021,4,20,0,-23.2,915,NA,40,76
2021,4,20,3,-24.8,915.1,3,10,66
2021,4,20,6,-24.2,915.8,2,250,81
2021,4,20,9,-25.4,916.1,2,280,82
2021,4,20,12,-24.7,916,0,340,82
2021,4,20,15,-24.8,915.4,1,0,82
2021,4,20,18,-24.1,914.9,NA,50,83
2021,4,20,21,-23.4,913.6,NA,20,84
2021,4,21,0,-23.5,912.3,6,20,84
2021,4,21,3,-23.3,910.6,NA,20,84
2021,4,21,6,-22.7,910.2,9,30,84
2021,4,21,9,-23.2,910.7,NA,50,84
2021,4,21,12,-26.9,910.6,NA,260,80
2021,4,21,15,NA,910.7,NA,230,79
2021,4,21,18,-28.7,911.3,NA,220,78
2021,4,21,21,-29.2,913.1,9,220,77
2021,4,22,0,-29.3,914.1,10,230,77
2021,4,22,3,-29.6,915.5,NA,260,76
2021,4,22,6,-30,916.1,NA,350,76
2021,4,22,9,-30.8,916.7,NA,NA,75
2021,4,22,12,-30.5,917,0,80,75
2021,4,22,15,-31.5,917.5,NA,250,74
2021,4,22,18,-31.6,917.5,NA,230,74
2021,4,22,21,-32.1,918.4,NA,220,74
2021,4,23,0,-33.5,919.1,NA,230,72
2021,4,23,3,-34.2,919.4,NA,NA,71
2021,4,23,6,-35.2,918.9,NA,NA,70
2021,4,23,9,-35.2,919.1,NA,NA,70
2021,4,23,12,-35.1,919.4,NA,NA,71
2021,4,23,15,-35.2,921,NA,NA,70
2021,4,23,18,-36,921.6,NA,240,69
2021,4,23,21,-35.1,922.8,NA,270,70
2021,4,24,0,-34,922.8,NA,60,71
2021,4,24,3,-33.8,922.6,9,20,72
2021,4,24,6,-32.8,922.3,9,50,73
2021,4,24,9,-33.1,921.7,5,40,72
2021,4,24,12,-32.7,920.9,NA,60,73
2021,4,24,15,-32.5,920.1,1,70,73
2021,4,24,18,-32.6,918.3,3,50,73
2021,4,24,21,-32.8,916.6,NA,50,73
2021,4,25,0,-32.5,915.2,NA,40,73
2021,4,25,3,-32,915.3,NA,30,74
2021,4,25,6,-31.4,915.8,NA,50,74
2021,4,25,9,-33.4,917.3,NA,320,71
2021,4,25,12,-34,919,NA,260,71
2021,4,25,15,-33.6,920.4,11,260,72
2021,4,25,18,-33.7,921.3,12,230,71
2021,4,25,21,-35.3,920.7,NA,NA,70
2021,4,26,0,-35.4,919.3,NA,NA,70
2021,4,26,3,-36,918.2,NA,NA,69
2021,4,26,6,-36.2,916.7,NA,NA,69
2021,4,26,9,-34.1,915.4,NA,240,71
2021,4,26,12,-33.1,913.5,NA,NA,72
2021,4,26,15,-32.7,907.4,NA,NA,73
2021,4,26,18,-32.3,910,NA,NA,73
2021,4,26,21,-30.7,913.1,58,NA,75
2021,4,27,0,-31.2,915.1,NA,NA,75
2021,4,27,3,-30.3,918.1,NA,NA,76
2021,4,27,6,-29.3,919,NA,NA,73
2021,4,27,9,-28.4,918.5,NA,NA,71
2021,4,27,12,-28.5,917.4,NA,350,73
2021,4,27,15,-28.7,914.1,NA,20,73
2021,4,27,18,-29.2,911.4,NA,250,64
2021,4,27,21,-28.3,910,NA,360,56
2021,4,28,0,-29.1,908.7,4,230,76
2021,4,28,3,-28.9,908.2,NA,NA,77
2021,4,28,6,-29.7,908.7,10,240,77
2021,4,28,9,-29.4,910.1,9,220,76
2021,4,28,12,-28.7,911.8,NA,190,78
2021,4,28,15,-27.8,912.9,NA,240,78
2021,4,28,18,-25.9,912.5,1,330,80
2021,4,28,21,-24.5,913.1,0,300,73
2021,4,29,0,-23.9,913.4,NA,30,57
2021,4,29,3,-24.7,913.4,2,360,54
2021,4,29,6,-24,913.6,NA,300,57
2021,4,29,9,-24.6,913.8,4,290,55
2021,4,29,12,-25.1,914.3,NA,250,62
2021,4,29,15,-25,914.3,8,230,79
2021,4,29,18,-25.6,914.2,NA,230,81
2021,4,29,21,-24.9,914.7,NA,240,82
2021,4,30,0,-25.9,914.5,NA,230,81
2021,4,30,3,-27,914.7,12,240,79
2021,4,30,6,-27.1,915.5,NA,220,79
2021,4,30,9,-28,916.6,NA,240,78
2021,4,30,12,-27.5,918,3,220,78
2021,4,30,15,-27.7,918.5,7,250,78
2021,4,30,18,-27.6,918.8,NA,230,78
2021,4,30,21,-27.7,918.3,NA,NA,79
2021,5,1,0,-27.5,918.4,NA,NA,79
2021,5,1,3,-27.8,919.5,NA,NA,73
2021,5,1,6,-27.9,920.8,NA,220,79
2021,5,1,9,-28.4,922.2,NA,240,78
2021,5,1,12,-27.5,922,NA,180,79
2021,5,1,15,-27.7,921.1,NA,120,79
2021,5,1,18,-28.5,920,NA,360,76
2021,5,1,21,-29.2,920,NA,10,68
2021,5,2,0,-30.9,919.5,7,10,75
2021,5,2,3,-29.6,917.4,NA,350,66
2021,5,2,6,-29.9,916,NA,10,76
2021,5,2,9,-29.7,915,16,20,77
2021,5,2,12,-30.2,914.7,NA,20,76
2021,5,2,15,-30.6,913.8,NA,350,75
2021,5,2,18,-30.7,912.3,3,60,75
2021,5,2,21,-31.2,911.8,1,60,74
2021,5,3,0,-31.5,911.1,3,260,74
2021,5,3,3,-30.7,910.4,0,50,75
2021,5,3,6,-29.9,909.4,1,250,76
2021,5,3,9,-28.4,908.4,3,290,73
2021,5,3,12,-26.2,907.3,3,330,58
2021,5,3,15,-25.7,905.7,2,320,45
2021,5,3,18,-24.6,904.6,6,300,35
2021,5,3,21,-23.6,903.8,5,350,32
2021,5,4,0,-22.7,903.6,7,30,28
2021,5,4,3,-21.7,903.7,3,300,26
2021,5,4,6,-22.3,903.9,3,300,28
2021,5,4,9,-22,904.3,3,320,28
2021,5,4,12,-20.7,904.5,6,360,25
2021,5,4,15,-20.5,905.2,3,300,28
2021,5,4,18,-21.2,906.3,3,290,33
2021,5,4,21,-21.8,907.7,7,250,31
2021,5,5,0,-22.3,909.5,7,240,33
2021,5,5,3,-22.7,911.1,8,NA,36
2021,5,5,6,-24.2,912.7,NA,NA,56
2021,5,5,9,-24.8,913.3,NA,NA,82
2021,5,5,12,-23.8,913.7,NA,230,83
2021,5,5,15,-21.9,914.7,23,240,85
2021,5,5,18,-20.1,914.3,NA,240,87
2021,5,5,21,-20.9,913.7,NA,220,87
2021,5,6,0,-20.6,913.7,NA,240,86
2021,5,6,3,-21.5,912.3,NA,NA,86
2021,5,6,6,-21.7,911,NA,NA,85
2021,5,6,9,-22.5,909.9,NA,NA,84
2021,5,6,12,-22.7,910.6,NA,NA,85
2021,5,6,15,-23.1,911.6,NA,NA,84
2021,5,6,18,-22.8,911,NA,NA,78
2021,5,6,21,-23.8,911.8,NA,230,84
2021,5,7,0,-23.4,912.1,NA,230,84
2021,5,7,3,-22.9,911.1,NA,250,79
2021,5,7,6,-23.5,911.8,NA,240,79
2021,5,7,9,-22,910.2,NA,230,79
2021,5,7,12,-21.6,909,NA,240,86
2021,5,7,15,-21.1,909.9,58,NA,87
2021,5,7,18,-20.7,910,55,NA,87
2021,5,7,21,-19.8,913.3,NA,NA,87
2021,5,8,0,-20.7,913.8,NA,230,87
2021,5,8,3,-21.2,912.4,NA,NA,86
2021,5,8,6,-21.9,918.7,32,NA,86
2021,5,8,9,-21.2,921.6,NA,NA,86
2021,5,8,12,-22.3,922.4,NA,NA,84
2021,5,8,15,-22,922.6,23,NA,83
2021,5,8,18,-22.6,922.7,NA,240,85
2021,5,8,21,-23.6,922.1,NA,240,84
2021,5,9,0,-23.7,921.7,9,220,84
2021,5,9,3,-25.4,919.9,11,220,82
2021,5,9,6,-26.5,918.9,12,240,81
2021,5,9,9,-26.1,918.3,11,220,81
2021,5,9,12,-26.6,917.9,8,240,80
2021,5,9,15,-26.4,917.6,9,230,80
2021,5,9,18,-26.6,917.1,10,220,80
2021,5,9,21,-27.3,917,9,220,79
2021,5,10,0,-27.7,916.8,10,220,79
2021,5,10,3,-28.3,916.6,9,210,78
2021,5,10,6,-28.9,915.7,NA,220,77
2021,5,10,9,-29.5,916.1,10,220,77
2021,5,10,12,-30.4,916.1,11,220,76
2021,5,10,15,-31.2,916.2,8,230,75
2021,5,10,18,-32.1,915.3,9,220,74
2021,5,10,21,-32.7,915,7,220,73
2021,5,11,0,-33.2,914.1,6,230,72
2021,5,11,3,-33.5,913,7,230,72
2021,5,11,6,-33.9,911.9,6,230,71
2021,5,11,9,-34.9,911.1,6,240,71
2021,5,11,12,-34.6,910.6,5,230,70
2021,5,11,15,-35.7,910.2,NA,240,69
2021,5,11,18,-34.7,909.4,2,230,71
2021,5,11,21,-34.4,908.8,5,220,71
2021,5,12,0,-33.2,908.3,NA,230,72
2021,5,12,3,-32.1,907.7,9,240,73
2021,5,12,6,-30.6,907.6,9,220,75
2021,5,12,9,-29.6,905.8,13,230,76
2021,5,12,12,-29,906.4,NA,230,77
2021,5,12,15,-27.6,906.6,NA,240,77
2021,5,12,18,-27.9,904.5,NA,230,78
2021,5,12,21,-29.6,905.1,NA,240,77
2021,5,13,0,-29,909,NA,240,67
2021,5,13,3,-29,911.3,NA,230,64
2021,5,13,6,-28.9,912.6,33,240,60
2021,5,13,9,-28,915.2,NA,230,56
2021,5,13,12,-28.8,918,NA,220,77
2021,5,13,15,-29,919,NA,270,77
2021,5,13,18,-29,919.5,NA,350,76
2021,5,13,21,-30.2,920.3,4,290,76
2021,5,14,0,-29.6,921.1,4,10,77
2021,5,14,3,-29.2,921.7,3,20,76
2021,5,14,6,-29.6,921.6,3,20,76
2021,5,14,9,-29.7,921.3,4,40,76
2021,5,14,12,-29.5,920.7,2,40,76
2021,5,14,15,-29,919.5,2,300,77
2021,5,14,18,-29,918.6,6,260,44
2021,5,14,21,-28.6,918.2,4,260,41
2021,5,15,0,-26.1,918.5,3,340,29
2021,5,15,3,-26,918.9,1,290,36
2021,5,15,6,-24.7,919.3,NA,360,30
2021,5,15,9,-23.6,919.7,NA,10,28
2021,5,15,12,-24.7,919.6,14,30,32
2021,5,15,15,-26.4,919.7,NA,40,47
2021,5,15,18,-29.2,921.3,NA,230,76
2021,5,15,21,-30.1,923.1,NA,10,75
2021,5,16,0,-30.7,924.6,NA,230,75
2021,5,16,3,-30.7,926.5,NA,230,74
2021,5,16,6,-31.2,928.7,NA,220,74
2021,5,16,9,-30.9,930.9,NA,230,75
2021,5,16,12,-30.4,933.4,NA,230,75
2021,5,16,15,-30.4,934.5,NA,240,74
2021,5,16,18,-29.1,934.2,NA,230,63
2021,5,16,21,-29.7,935.6,NA,230,66
2021,5,17,0,-30,935.3,NA,220,73
2021,5,17,3,-29.5,934.5,NA,280,75
2021,5,17,6,-28.8,930.9,NA,20,57
2021,5,17,9,-28.2,926.9,NA,20,56
2021,5,17,12,-28.4,922.6,NA,0,53
2021,5,17,15,-28.8,919.5,NA,40,62
2021,5,17,18,-29.3,917.4,NA,360,76
2021,5,17,21,-30.3,916.9,NA,250,76
2021,5,18,0,-28.1,918.6,NA,290,77
2021,5,18,3,-29.6,920.9,NA,240,76
2021,5,18,6,-31.2,922.6,NA,230,74
2021,5,18,9,-32.3,923.6,NA,240,73
2021,5,18,12,-32,924.4,14,230,73
2021,5,18,15,-32.5,925.3,16,NA,73
2021,5,18,18,-32.3,925.9,13,NA,73
2021,5,18,21,-31.6,926.3,12,NA,74
2021,5,19,0,-32.1,925.9,NA,240,73
2021,5,19,3,-31.9,926.7,NA,230,74
2021,5,19,6,-31.8,928.1,NA,230,74
2021,5,19,9,-31.8,928.7,NA,250,74
2021,5,19,12,-29.7,928.9,NA,220,76
2021,5,19,15,-29.6,928.9,NA,220,75
2021,5,19,18,-28.9,928.4,NA,0,63
2021,5,19,21,-28.3,928.2,2,0,53
2021,5,20,0,-25.4,927.3,4,330,43
2021,5,20,3,-23.9,926.1,4,20,35
2021,5,20,6,-23.4,924.7,NA,10,32
2021,5,20,9,-21.2,923.8,NA,20,23
2021,5,20,12,-21.7,923.2,NA,270,25
2021,5,20,15,-25.1,923,NA,230,32
2021,5,20,18,-25,922,4,360,34
2021,5,20,21,-25.5,921.2,2,210,38
2021,5,21,0,-26,919.1,NA,250,41
2021,5,21,3,-25.9,917.5,NA,330,42
2021,5,21,6,-27.9,915.9,4,230,59
2021,5,21,9,-26.4,913.7,2,290,44
2021,5,21,12,-28.8,910.9,NA,250,60
2021,5,21,15,-26.2,908.7,NA,250,45
2021,5,21,18,-29.8,906.9,NA,240,76
2021,5,21,21,-29.4,906.5,NA,230,77
2021,5,22,0,-28.1,907.2,NA,230,78
2021,5,22,3,-28.2,907.5,NA,230,78
2021,5,22,6,-25.9,909.6,NA,240,70
2021,5,22,9,-25.8,914.4,54,NA,51
2021,5,22,12,-26.1,919.8,NA,NA,60
2021,5,22,15,-24.5,923.7,NA,NA,60
2021,5,22,18,-25,927,NA,220,80
2021,5,22,21,-23.8,928.4,NA,240,82
2021,5,23,0,-24.2,928.4,21,240,83
2021,5,23,3,-24.4,928.3,NA,230,66
2021,5,23,6,-24.4,928.8,NA,230,63
2021,5,23,9,-25.2,928.3,NA,250,64
2021,5,23,12,-25,927.4,NA,290,57
2021,5,23,15,-23.5,926.5,8,360,51
2021,5,23,18,-22.2,925.2,5,360,46
2021,5,23,21,-24.8,924.1,4,30,53
2021,5,24,0,-26.1,923.6,5,250,79
2021,5,24,3,-26.9,922.6,1,200,79
2021,5,24,6,-27.4,921.2,4,40,78
2021,5,24,9,-24.2,919.7,NA,10,46
2021,5,24,12,-27.5,919.3,NA,10,79
2021,5,24,15,-26,919.2,NA,50,80
2021,5,24,18,-26.6,918.8,NA,300,80
2021,5,24,21,-26.7,919,0,360,79
2021,5,25,0,-26.9,919.1,0,350,79
2021,5,25,3,-27.3,919,4,280,70
2021,5,25,6,-26.7,919.7,NA,250,72
2021,5,25,9,-26,920.6,NA,240,68
2021,5,25,12,-23.7,921.7,NA,240,63
2021,5,25,15,-21.7,923,NA,240,65
2021,5,25,18,-19.9,923.4,19,220,49
2021,5,25,21,-18.7,924.6,16,230,58
2021,5,26,0,-17.9,925.7,19,240,82
2021,5,26,3,-16.6,926.3,NA,230,64
2021,5,26,6,-17,926.4,NA,230,68
2021,5,26,9,-17.1,927.6,NA,240,77
2021,5,26,12,-18.1,928.8,NA,230,90
2021,5,26,15,-19.4,928.9,NA,220,88
2021,5,26,18,-20.3,929.4,20,240,87
2021,5,26,21,-19,930.3,18,240,79
2021,5,27,0,-19.3,930.5,NA,240,73
2021,5,27,3,-17.5,929.9,NA,250,51
2021,5,27,6,-17.5,929.5,NA,250,45
2021,5,27,9,-17.1,929.1,NA,260,48
2021,5,27,12,-15.1,928.3,NA,250,48
2021,5,27,15,-15.3,927.9,NA,250,48
2021,5,27,18,-14.8,928,NA,230,46
2021,5,27,21,-13.9,927.9,NA,240,51
2021,5,28,0,-13.3,928.4,NA,240,60
2021,5,28,3,-13.7,928.6,32,230,71
2021,5,28,6,-12.7,929.2,29,230,71
2021,5,28,9,-11.9,929.1,NA,240,71
2021,5,28,12,-12,929.4,27,230,62
2021,5,28,15,-14.5,931,NA,240,71
2021,5,28,18,-16.7,931.8,NA,250,87
2021,5,28,21,-14.1,932.4,NA,340,59
2021,5,29,0,-17.7,933.3,9,250,89
2021,5,29,3,-18.5,934.6,NA,240,65
2021,5,29,6,-18.1,935.7,NA,230,62
2021,5,29,9,-18.6,937.3,NA,230,64
2021,5,29,12,-17.2,937.5,NA,240,66
2021,5,29,15,-16.5,937.1,7,240,66
2021,5,29,18,-16,936.7,10,280,60
2021,5,29,21,-17.4,936.9,NA,280,66
2021,5,30,0,-17.9,935.5,6,270,62
2021,5,30,3,-17,934,7,10,56
2021,5,30,6,-14.5,931.6,3,310,37
2021,5,30,9,-13,928.7,NA,10,31
2021,5,30,12,-13.9,927.7,6,260,33
2021,5,30,15,-13.9,925.9,5,280,32
2021,5,30,18,NA,924.5,4,240,58
2021,5,30,21,NA,921.9,7,30,60
2021,5,31,0,-18.8,919.3,7,260,55
2021,5,31,3,-19.6,917.5,11,250,64
2021,5,31,6,-21.3,916.8,NA,250,86
2021,5,31,9,-19.9,918.9,NA,250,78
2021,5,31,12,-24.5,917.2,NA,240,82
2021,5,31,15,-24.4,918.1,NA,240,82
2021,5,31,18,-25.3,918,NA,230,81
2021,5,31,21,-25.1,919,NA,200,82
2021,6,1,0,-25.4,920.1,NA,210,81
2021,6,1,3,-25.5,921.1,7,10,81
2021,6,1,6,-26.2,922.2,6,30,80
2021,6,1,9,-26.5,923.6,6,20,80
2021,6,1,12,-25.9,925.4,4,20,81
2021,6,1,15,-25.9,926.8,NA,350,80
2021,6,1,18,-26,928,1,290,80
2021,6,1,21,-25.2,929.6,2,280,81
2021,6,2,0,-25.3,930.4,NA,250,81
2021,6,2,3,-26.6,931.2,NA,240,80
2021,6,2,6,-25.7,931.3,NA,240,81
2021,6,2,9,-25.2,931.8,NA,250,81
2021,6,2,12,-25.9,930.6,NA,240,80
2021,6,2,15,-25.1,930,NA,240,81
2021,6,2,18,-24.6,927.8,NA,230,82
2021,6,2,21,-24.6,925.5,NA,NA,82
2021,6,3,0,-24.8,923.3,NA,NA,82
2021,6,3,3,-23.9,921.7,NA,NA,83
2021,6,3,6,-23.4,919.1,NA,NA,84
2021,6,3,9,-24.1,918.7,NA,240,83
2021,6,3,12,-23.9,917.3,NA,240,83
2021,6,3,15,-24.8,917.5,NA,230,82
2021,6,3,18,-24.9,919.2,47,NA,82
2021,6,3,21,-23.8,920.5,45,NA,83
2021,6,4,0,-23.7,921.6,NA,NA,79
2021,6,4,3,-23.4,921.9,NA,240,83
2021,6,4,6,-22.5,923.1,NA,240,60
2021,6,4,9,-22.9,922.9,NA,240,64
2021,6,4,12,-22.4,923,NA,350,70
2021,6,4,15,-24.3,921,NA,10,76
2021,6,4,18,-24.4,919.5,NA,250,83
2021,6,4,21,-24.9,918.6,NA,320,82
2021,6,5,0,-25.5,917.4,NA,250,81
2021,6,5,3,-25.5,917.2,5,250,81
2021,6,5,6,-26.1,917.4,4,290,80
2021,6,5,9,-24.9,918.3,1,350,81
2021,6,5,12,-26.4,918.4,NA,260,80
2021,6,5,15,-26.7,919,NA,240,80
2021,6,5,18,-26.6,919.4,11,250,79
2021,6,5,21,-26.7,920.2,12,240,79
2021,6,6,0,-27.1,920.1,15,240,80
2021,6,6,3,-26,920.9,NA,0,81
2021,6,6,6,-26.9,920.9,NA,70,79
2021,6,6,9,-27.4,920.9,3,30,78
2021,6,6,12,-26.7,920.3,5,20,80
2021,6,6,15,-26.9,919.9,3,20,79
2021,6,6,18,-26.4,919.3,1,290,77
2021,6,6,21,-26.5,919.8,NA,250,74
2021,6,7,0,-28.1,920.2,NA,260,78
2021,6,7,3,-27,921.1,NA,270,79
2021,6,7,6,-25.8,922.4,NA,350,81
2021,6,7,9,-25.7,924.6,NA,300,80
2021,6,7,12,-26.3,926.6,NA,290,78
2021,6,7,15,-27.1,928.4,5,30,65
2021,6,7,18,-24.5,928.9,5,330,58
2021,6,7,21,-22.2,928.5,NA,270,32
2021,6,8,0,-25.6,927,NA,10,42
2021,6,8,3,-23.4,925,NA,350,33
2021,6,8,6,-22.3,923.9,9,350,31
2021,6,8,9,-22.2,923.7,5,250,31
2021,6,8,12,-21.6,922.8,NA,250,30
2021,6,8,15,-24.7,922.3,NA,240,43
2021,6,8,18,-23.2,921.4,NA,280,58
2021,6,8,21,-26.6,920.7,NA,250,66
2021,6,9,0,-26.4,919.2,NA,10,77
2021,6,9,3,-25.4,917.5,NA,30,65
2021,6,9,6,-26.7,916.9,NA,0,74
2021,6,9,9,-26.3,917.1,NA,10,73
2021,6,9,12,-26.6,917.9,3,290,80
2021,6,9,15,-25.8,918.2,NA,260,69
2021,6,9,18,-26,918.1,NA,250,56
2021,6,9,21,-26.4,917.7,NA,240,61
2021,6,10,0,-26.8,918,NA,240,61
2021,6,10,3,-28.6,918.1,NA,240,78
2021,6,10,6,-28.3,917.8,NA,230,71
2021,6,10,9,-28.6,918.1,4,260,76
2021,6,10,12,-29.3,917.7,5,250,77
2021,6,10,15,-30.2,917.7,NA,220,75
2021,6,10,18,-30.6,918.2,NA,220,75
2021,6,10,21,-31.5,919.4,17,230,74
2021,6,11,0,-32.5,920.6,16,240,73
2021,6,11,3,-32.3,922.2,18,220,72
2021,6,11,6,-33.2,923.3,NA,230,72
2021,6,11,9,-33.4,925.6,NA,240,72
2021,6,11,12,-33.6,927.5,NA,260,71
2021,6,11,15,-33.2,928.1,NA,250,72
2021,6,11,18,-33.8,928.4,11,250,71
2021,6,11,21,-33.6,928.4,9,250,71
2021,6,12,0,-32.7,927.9,NA,240,72
2021,6,12,3,-32.9,927.7,12,230,72
2021,6,12,6,-32.3,927,NA,230,73
2021,6,12,9,-30.8,927.2,NA,230,73
2021,6,12,12,-29.9,926.8,21,240,50
2021,6,12,15,-30.7,927.7,NA,240,45
2021,6,12,18,-30.5,927.9,NA,240,43
2021,6,12,21,-29.7,927.5,13,230,42
2021,6,13,0,-28.7,928.1,NA,350,45
2021,6,13,3,-29.8,928.4,NA,30,46
2021,6,13,6,-30.6,928.4,NA,0,49
2021,6,13,9,-29.3,928.9,NA,20,47
2021,6,13,12,-27.7,929,NA,310,35
2021,6,13,15,-26.4,928.8,3,300,28
2021,6,13,18,-24.5,928.7,7,340,25
2021,6,13,21,-24.5,927.6,NA,350,26
2021,6,14,0,-22.9,927.3,NA,40,27
2021,6,14,3,-23.9,925.8,NA,10,29
2021,6,14,6,-21.9,924.7,NA,30,24
2021,6,14,9,-21.8,923.6,NA,0,26
2021,6,14,12,-20.4,922.9,NA,330,29
2021,6,14,15,-20.7,922.1,NA,10,29
2021,6,14,18,-21.3,921.6,1,290,31
2021,6,14,21,-22.5,921.3,1,320,31
2021,6,15,0,-22.4,921.1,0,290,31
2021,6,15,3,-22.7,919.9,0,330,33
2021,6,15,6,-22.9,919.1,NA,280,33
2021,6,15,9,-23.6,916.4,NA,20,29
2021,6,15,12,NA,917.7,NA,240,58
2021,6,15,15,NA,918.9,NA,230,77
2021,6,15,18,-28,917.9,NA,230,67
2021,6,15,21,-27.1,919.3,NA,240,46
2021,6,16,0,-28.9,918.9,NA,230,61
2021,6,16,3,-26.1,918.3,NA,240,33
2021,6,16,6,-25,917.7,14,240,33
2021,6,16,9,-23.9,916.9,NA,250,32
2021,6,16,12,-20.8,916.4,NA,230,28
2021,6,16,15,NA,915.3,5,310,28
2021,6,16,18,-17.2,913.8,NA,330,23
2021,6,16,21,-15.1,912.8,8,340,17
2021,6,17,0,-12.9,910.9,11,10,12
2021,6,17,3,-12.7,909,9,10,12
2021,6,17,6,-11.3,909.1,9,280,12
2021,6,17,9,-14.9,909.9,11,240,21
2021,6,17,12,NA,910.3,NA,30,41
2021,6,17,15,-19.7,909.9,NA,20,66
2021,6,17,18,-19.7,909.9,NA,120,67
2021,6,17,21,-22.2,908.4,NA,230,75
2021,6,18,0,-23,909.3,NA,230,84
2021,6,18,3,-22.6,912.7,NA,240,84
2021,6,18,6,-21.2,915.6,NA,240,85
2021,6,18,9,-20.9,917.3,NA,330,63
2021,6,18,12,-22.6,918.9,NA,250,84
2021,6,18,15,-21,919.4,NA,240,75
2021,6,18,18,-21.9,918.2,NA,250,82
2021,6,18,21,-22.7,919.3,NA,240,85
2021,6,19,0,-21.6,921.1,NA,NA,62
2021,6,19,3,-22.1,920.2,NA,NA,59
2021,6,19,6,-21.1,918.2,NA,NA,45
2021,6,19,9,-19.6,915.5,10,270,40
2021,6,19,12,-19.8,912.3,NA,10,46
2021,6,19,15,-20.1,909.9,NA,0,44
2021,6,19,18,-20.6,908.2,NA,0,36
2021,6,19,21,-20.7,907.7,2,350,42
2021,6,20,0,-23.7,907.7,NA,250,78
2021,6,20,3,-25.6,907,NA,240,81
2021,6,20,6,-26.2,907.1,NA,NA,76
2021,6,20,9,-26.9,906.8,22,NA,80
2021,6,20,12,-27.6,906.8,NA,NA,78
2021,6,20,15,-28,906.7,NA,NA,78
2021,6,20,18,-28,906.6,NA,260,78
2021,6,20,21,-28.6,906.7,NA,350,77
2021,6,21,0,-28.1,906,NA,350,76
2021,6,21,3,-27,905.4,NA,280,64
2021,6,21,6,-24.6,905.1,NA,250,48
2021,6,21,9,NA,904.9,2,270,31
2021,6,21,12,NA,904.7,NA,240,48
2021,6,21,15,-19,904.3,NA,190,51
2021,6,21,18,-17.3,903.8,NA,240,82
2021,6,21,21,-18.9,905.5,NA,230,88
2021,6,22,0,-18.2,905.2,NA,240,89
2021,6,22,3,-16.7,904.2,NA,240,84
2021,6,22,6,-17.5,905.2,NA,230,90
2021,6,22,9,-19.8,906,28,NA,88
2021,6,22,12,-19.5,905.3,NA,NA,88
2021,6,22,15,-20.9,906.7,NA,NA,87
2021,6,22,18,-20.5,907.4,NA,220,87
2021,6,22,21,-20.3,907.7,NA,230,87
2021,6,23,0,-18.7,907.9,22,240,75
2021,6,23,3,-18.9,902.7,NA,250,88
2021,6,23,6,-21.3,907.4,NA,220,86
2021,6,23,9,NA,908.8,NA,220,83
2021,6,23,12,-24.4,909.9,NA,230,83
2021,6,23,15,-22.8,910.1,NA,240,85
2021,6,23,18,-21.9,910.6,25,250,85
2021,6,23,21,-21.5,910.4,NA,240,86
2021,6,24,0,-18,910.3,NA,240,84
2021,6,24,3,-17.5,909.8,NA,240,81
2021,6,24,6,-20.6,910.6,32,220,87
2021,6,24,9,-19.2,910.9,NA,240,88
2021,6,24,12,-21,913.5,NA,240,87
2021,6,24,15,-21.1,914.1,NA,240,86
2021,6,24,18,-20.7,915.3,NA,220,87
2021,6,24,21,-22,915.4,24,250,86
2021,6,25,0,-22,916.3,23,230,86
2021,6,25,3,-21.4,916.8,21,240,86
2021,6,25,6,-22.2,917.6,NA,240,85
2021,6,25,9,-21.4,918.1,NA,230,86
2021,6,25,12,-19.4,919,NA,260,88
2021,6,25,15,-19,918.6,NA,0,88
2021,6,25,18,-18.5,918.9,2,270,89
2021,6,25,21,-19,919.6,NA,250,88
2021,6,26,0,-20.2,920.1,NA,210,87
2021,6,26,3,-22.2,920.4,NA,220,85
2021,6,26,6,-22.3,922.6,NA,250,85
2021,6,26,9,-21.8,923.3,NA,240,85
2021,6,26,12,-22.4,924.9,10,260,85
2021,6,26,15,-23.5,925.7,13,240,84
2021,6,26,18,-24,927,NA,250,83
2021,6,26,21,-24.4,928.4,NA,240,83
2021,6,27,0,-21.6,929.4,6,240,85
2021,6,27,3,-22.4,930.5,7,230,85
2021,6,27,6,-22.8,932.1,NA,190,84
2021,6,27,9,-22.8,932.5,3,300,85
2021,6,27,12,-23.8,933.2,NA,250,83
2021,6,27,15,-25,934,NA,20,82
2021,6,27,18,-23.8,934.3,NA,240,83
2021,6,27,21,-22.9,934.9,1,40,84
2021,6,28,0,-26.5,934.8,2,350,81
2021,6,28,3,-22.9,934.8,4,310,75
2021,6,28,6,-24.4,935.3,4,350,60
2021,6,28,9,-25.7,934.7,5,10,55
2021,6,28,12,-27.3,933.6,8,30,72
2021,6,28,15,-27.3,933.2,5,10,73
2021,6,28,18,-27,932.4,NA,280,71
2021,6,28,21,-27.2,932,2,20,79
2021,6,29,0,-26.7,931.1,2,350,79
2021,6,29,3,-28.8,930.4,2,360,77
2021,6,29,6,-28.7,929.3,3,20,77
2021,6,29,9,-29.2,930.7,1,50,77
2021,6,29,12,-30.1,928.5,NA,10,76
2021,6,29,15,-26.4,927,NA,290,80
2021,6,29,18,-25.2,926.4,NA,260,66
2021,6,29,21,-23.8,925.2,NA,20,40
2021,6,30,0,-21.2,923,NA,10,31
2021,6,30,3,NA,921.1,NA,270,22
2021,6,30,6,-16.4,919.7,NA,260,19
2021,6,30,9,-17.9,919,NA,60,20
2021,6,30,12,-20,918.3,3,10,26
2021,6,30,15,-20.9,918.2,0,10,25
2021,6,30,18,-23.4,917.3,NA,290,33
2021,6,30,21,-25.5,916.3,NA,250,45
2021,7,1,0,-23.9,916.2,NA,260,58
2021,7,1,3,-23.7,914.7,9,40,56
2021,7,1,6,-23.1,913.9,NA,340,55
2021,7,1,9,-23.6,913.2,NA,20,45
2021,7,1,12,-23,912.1,NA,40,41
2021,7,1,15,-26.8,911.5,NA,50,69
2021,7,1,18,-25.4,911.2,NA,40,51
2021,7,1,21,-25.9,911.1,NA,350,57
2021,7,2,0,-27.6,910.2,NA,250,69
2021,7,2,3,-27.2,909.6,NA,NA,67
2021,7,2,6,-26.4,910.4,NA,NA,65
2021,7,2,9,-27.7,910.7,NA,NA,64
2021,7,2,12,-29.9,911,11,240,76
2021,7,2,15,-27.9,911.1,NA,270,67
2021,7,2,18,-26.7,910.8,NA,30,65
2021,7,2,21,-26.8,910.8,4,350,62
2021,7,3,0,-27.3,911.1,6,10,61
2021,7,3,3,-26.4,910.6,3,360,55
2021,7,3,6,-25.3,910.7,NA,360,55
2021,7,3,9,-25.5,911.4,3,250,50
2021,7,3,12,-24.4,911.7,NA,230,47
2021,7,3,15,-20.8,913.6,NA,NA,74
2021,7,3,18,-21,914.6,NA,NA,86
2021,7,3,21,-21.1,917.1,NA,NA,86
2021,7,4,0,-22.5,915.6,NA,240,85
2021,7,4,3,-22.9,916.2,NA,230,84
2021,7,4,6,-23.6,915.8,NA,240,84
2021,7,4,9,-23.3,914.5,NA,240,82
2021,7,4,12,-23.6,915.3,NA,230,81
2021,7,4,15,-24.1,915.9,NA,220,83
2021,7,4,18,-23.6,913.1,NA,240,83
2021,7,4,21,-23.9,911.4,NA,240,83
2021,7,5,0,-24.1,912.5,NA,230,82
2021,7,5,3,-24,911,NA,240,83
2021,7,5,6,-23.9,911.6,NA,230,83
2021,7,5,9,-23.3,907.7,NA,230,83
2021,7,5,12,-25.2,909,NA,220,82
2021,7,5,15,-26.2,908.8,NA,210,81
2021,7,5,18,-26,909.6,36,230,81
2021,7,5,21,-27.3,912.5,NA,230,79
2021,7,6,0,-26.1,913.3,NA,240,81
2021,7,6,3,-25.8,913.8,NA,240,81
2021,7,6,6,-24.7,915,NA,240,80
2021,7,6,9,-25.4,913.4,NA,230,82
2021,7,6,12,-24.2,916.3,54,240,83
2021,7,6,15,-23.5,917,NA,230,77
2021,7,6,18,-20.6,916,NA,230,52
2021,7,6,21,-19.5,917.8,55,240,79
2021,7,7,0,-18.2,918.6,57,240,66
2021,7,7,3,-18,921.5,NA,230,66
2021,7,7,6,-17.4,920.8,NA,240,76
2021,7,7,9,-18,925,NA,220,74
2021,7,7,12,-20.3,925.6,NA,240,87
2021,7,7,15,-21.3,927,NA,230,86
2021,7,7,18,-22.3,929.6,NA,240,85
2021,7,7,21,-21.1,930.9,NA,240,86
2021,7,8,0,-22.6,930.3,NA,230,85
2021,7,8,3,-18.5,928.2,NA,230,72
2021,7,8,6,-18.1,926.5,NA,240,69
2021,7,8,9,-16.5,925.1,NA,250,48
2021,7,8,12,-17.7,923.6,NA,230,59
2021,7,8,15,-19.5,923.2,NA,220,87
2021,7,8,18,-17.8,922.4,NA,200,79
2021,7,8,21,-16.6,920.7,NA,220,54
2021,7,9,0,-17.1,920.2,NA,240,49
2021,7,9,3,-18,919.6,14,260,50
2021,7,9,6,-17.5,919,NA,270,52
2021,7,9,9,-16.2,918.8,NA,310,45
2021,7,9,12,-14.3,918.6,NA,230,61
2021,7,9,15,-16.3,919.5,NA,230,91
2021,7,9,18,-15,920.5,NA,230,92
2021,7,9,21,-15.1,923.8,NA,240,90
2021,7,10,0,-15.2,926.5,47,240,90
2021,7,10,3,-14.6,927.9,47,230,92
2021,7,10,6,-15.3,931.1,NA,220,92
2021,7,10,9,-14.1,932.4,NA,230,93
2021,7,10,12,-12.8,934.2,NA,NA,92
2021,7,10,15,-13.2,933.5,NA,NA,78
2021,7,10,18,-12.1,932.3,NA,NA,65
2021,7,10,21,-13.2,932.8,NA,220,65
2021,7,11,0,-14,931.8,NA,240,68
2021,7,11,3,-15.2,930.8,NA,240,86
2021,7,11,6,-15.3,928.9,NA,230,73
2021,7,11,9,-16.9,928.1,NA,230,76
2021,7,11,12,-17.1,927.7,35,240,73
2021,7,11,15,-18.1,928.1,NA,230,84
2021,7,11,18,-16.6,928,NA,240,68
2021,7,11,21,-19.1,928.8,25,240,86
2021,7,12,0,-19.9,928.9,NA,230,88
2021,7,12,3,-20.1,928.5,NA,260,89
2021,7,12,6,-21.8,928.9,NA,250,86
2021,7,12,9,-23.2,928.3,NA,NA,85
2021,7,12,12,-22.8,928.8,16,NA,85
2021,7,12,15,-24.3,928.6,17,NA,83
2021,7,12,18,-24.4,928.3,19,240,83
2021,7,12,21,-25.6,928.9,18,230,81
2021,7,13,0,-26,929.1,16,230,81
2021,7,13,3,-25.7,929.1,NA,240,81
2021,7,13,6,-26,928.8,NA,250,81
2021,7,13,9,-26.3,928.8,5,280,81
2021,7,13,12,-25.3,928.3,NA,10,81
2021,7,13,15,-24.9,927.5,5,330,81
2021,7,13,18,-25.5,926.8,2,290,81
2021,7,13,21,-24.1,926.1,4,330,76
2021,7,14,0,-23.8,925.7,1,270,72
2021,7,14,3,-24,924.7,4,280,63
2021,7,14,6,-24.2,924.3,1,180,67
2021,7,14,9,-24.2,923.6,NA,240,66
2021,7,14,12,-24.9,922.7,NA,240,68
2021,7,14,15,-21.9,922.2,NA,250,59
2021,7,14,18,-22.5,922.1,NA,240,61
2021,7,14,21,-22,922,NA,230,61
2021,7,15,0,-22.4,922,NA,240,62
2021,7,15,3,-23.3,922.6,20,230,84
2021,7,15,6,-24.4,924,NA,260,83
2021,7,15,9,-25.1,924.4,NA,240,82
2021,7,15,12,-25.4,925.1,NA,240,82
2021,7,15,15,-25.3,925.4,27,240,82
2021,7,15,18,-25.3,926.3,27,230,81
2021,7,15,21,-25.8,926.7,NA,230,81
2021,7,16,0,-26,927.9,NA,240,81
2021,7,16,3,-25.5,928.8,NA,230,81
2021,7,16,6,-24.7,929.1,19,240,76
2021,7,16,9,-24.9,929.7,NA,230,73
2021,7,16,12,-23.3,929.1,NA,220,66
2021,7,16,15,-21.1,928,NA,40,53
2021,7,16,18,-20.7,926.7,2,350,47
2021,7,16,21,-19.5,925.9,4,0,55
2021,7,17,0,-20.2,926,0,30,56
2021,7,17,3,-22.1,926.6,NA,290,56
2021,7,17,6,-25.1,926.5,NA,240,74
2021,7,17,9,-23.4,926.4,NA,NA,62
2021,7,17,12,-22.3,925.4,21,NA,60
2021,7,17,15,-21.1,924.7,NA,NA,72
2021,7,17,18,-20.9,923.4,18,230,85
2021,7,17,21,-21.1,922.1,NA,230,65
2021,7,18,0,-23.1,921.7,22,240,76
2021,7,18,3,-22.9,920.9,NA,240,78
2021,7,18,6,-22.9,920.9,NA,240,84
2021,7,18,9,-23.8,921,NA,250,83
2021,7,18,12,-23.8,919.7,NA,240,83
2021,7,18,15,-23.6,919.6,NA,220,83
2021,7,18,18,-23.9,918.9,NA,240,83
2021,7,18,21,-23.9,918.7,14,240,82
2021,7,19,0,-24.3,919.1,NA,230,83
2021,7,19,3,-24.6,919.2,NA,240,82
2021,7,19,6,-25.6,919.5,NA,NA,81
2021,7,19,9,-26.5,920.2,NA,NA,80
2021,7,19,12,-26.9,919.7,NA,NA,80
2021,7,19,15,-27.3,920.3,NA,NA,79
2021,7,19,18,-26.7,919.6,NA,230,80
2021,7,19,21,-25.7,919.5,NA,230,81
2021,7,20,0,-25.5,918.9,NA,230,81
2021,7,20,3,-24.7,919,NA,220,82
2021,7,20,6,-24.1,918.2,NA,230,83
2021,7,20,9,-21.5,917.1,NA,240,83
2021,7,20,12,-21.7,918.8,NA,NA,81
2021,7,20,15,-21.2,917.3,54,NA,84
2021,7,20,18,-20.8,916.6,NA,NA,87
2021,7,20,21,-20.7,917.5,54,NA,87
2021,7,21,0,-20.6,916.6,58,230,87
2021,7,21,3,-21,914.9,NA,NA,87
2021,7,21,6,-20.9,918.4,53,NA,87
2021,7,21,9,-20.3,919.2,NA,NA,87
2021,7,21,12,-20.3,914.4,NA,240,87
2021,7,21,15,-19.8,917.1,45,240,81
2021,7,21,18,-21,916.1,49,230,86
2021,7,21,21,-19.5,915.5,49,240,76
2021,7,22,0,-19.5,913.4,47,230,80
2021,7,22,3,-19.3,909,NA,230,81
2021,7,22,6,-18.6,907.9,NA,230,78
2021,7,22,9,-20,905.3,NA,240,87
2021,7,22,12,-19.3,902.6,NA,240,81
2021,7,22,15,-20,905.5,NA,250,87
2021,7,22,18,-19,904.6,NA,240,88
2021,7,22,21,-18.5,906,NA,240,89
2021,7,23,0,-18,906.1,NA,230,89
2021,7,23,3,-17.7,908.2,NA,NA,90
2021,7,23,6,-17.6,907.8,NA,NA,90
2021,7,23,9,-17.6,911.9,NA,NA,90
2021,7,23,12,-17.4,913.9,60,NA,90
2021,7,23,15,-17.4,917.4,NA,NA,90
2021,7,23,18,-17.2,919.6,58,240,90
2021,7,23,21,-16.2,923.3,NA,240,64
2021,7,24,0,-15.3,923,NA,240,61
2021,7,24,3,-16.1,923.1,NA,230,81
2021,7,24,6,-17.2,922.5,NA,240,90
2021,7,24,9,-17.1,924.2,NA,230,85
2021,7,24,12,-16.7,925.5,47,240,77
2021,7,24,15,-16.7,926.9,NA,240,86
2021,7,24,18,-17.3,927.3,NA,230,88
2021,7,24,21,-16.2,929.9,NA,240,80
2021,7,25,0,-15.9,932.8,NA,240,64
2021,7,25,3,-17.8,933.5,NA,30,84
2021,7,25,6,-17.2,932.6,NA,20,71
2021,7,25,9,-17.7,931,10,20,66
2021,7,25,12,-19,929.6,NA,210,65
2021,7,25,15,-19.7,927.9,8,250,76
2021,7,25,18,-21.1,926.3,NA,240,86
2021,7,25,21,-20.3,925.9,12,240,87
2021,7,26,0,-19.5,926.1,NA,250,88
2021,7,26,3,-24,925.3,NA,240,83
2021,7,26,6,-23.7,925.9,NA,230,83
2021,7,26,9,-23.3,926.4,NA,230,84
2021,7,26,12,-23.1,927.4,NA,220,84
2021,7,26,15,-23.6,928.2,NA,240,83
2021,7,26,18,-22.6,928.8,11,260,85
2021,7,26,21,-22.1,930.2,NA,360,85
2021,7,27,0,-22.3,930,NA,30,85
2021,7,27,3,-22.9,929.6,4,20,84
2021,7,27,6,-23.3,928.9,1,310,84
2021,7,27,9,-22.9,928.1,3,260,84
2021,7,27,12,-25.1,926.2,NA,NA,81
2021,7,27,15,-27,924.9,NA,NA,80
2021,7,27,18,-28,924.2,17,NA,79
2021,7,27,21,-27.5,924,NA,240,79
2021,7,28,0,-27.8,924.4,NA,NA,79
2021,7,28,3,-28.7,925.4,24,NA,78
2021,7,28,6,-28.5,927.1,NA,NA,78
2021,7,28,9,-27.7,929.8,NA,260,79
2021,7,28,12,-26.6,932.1,NA,0,80
2021,7,28,15,-28.5,933.7,5,40,78
2021,7,28,18,-27.6,935.6,NA,20,79
2021,7,28,21,-28,936.8,9,10,78
2021,7,29,0,-25.6,937.5,NA,30,81
2021,7,29,3,-26.1,938,NA,60,80
2021,7,29,6,-24.7,937.6,NA,330,82
2021,7,29,9,-23.5,937.7,2,240,83
2021,7,29,12,-21.8,937.5,4,50,85
2021,7,29,15,-21.9,939.1,1,220,85
2021,7,29,18,-20.6,940.3,1,280,86
2021,7,29,21,-20.2,942.1,0,260,87
2021,7,30,0,-20.5,943.5,NA,40,83
2021,7,30,3,-20.2,943.8,NA,20,60
2021,7,30,6,-18.6,944,NA,60,58
2021,7,30,9,-20.4,944.5,5,240,85
2021,7,30,12,-19.3,944.8,NA,340,87
2021,7,30,15,-19.3,945.3,NA,240,88
2021,7,30,18,-20.6,945.7,NA,240,86
2021,7,30,21,-21.3,946.2,9,40,69
2021,7,31,0,-22.9,946,9,10,71
2021,7,31,3,-20.5,943.3,NA,20,72
2021,7,31,6,NA,941.3,NA,10,69
2021,7,31,9,NA,937.7,NA,20,21
2021,7,31,12,NA,934.9,NA,330,19
2021,7,31,15,-0.1,933.4,NA,260,21
2021,7,31,18,-1.8,933.1,NA,20,27
2021,7,31,21,1.2,930.7,NA,320,25
2021,8,1,0,2.7,928.3,NA,280,23
2021,8,1,3,2.8,927.1,NA,280,26
2021,8,1,6,NA,926.7,NA,230,38
2021,8,1,9,NA,926.6,10,260,36
2021,8,1,12,-2.8,925.7,NA,250,33
2021,8,1,15,-2,925,NA,290,30
2021,8,1,18,-6,925.3,NA,230,44
2021,8,1,21,-6.6,927.5,NA,270,46
2021,8,2,0,-6.7,927.6,NA,220,33
2021,8,2,3,-10,926.7,NA,360,50
2021,8,2,6,-11,926.6,NA,10,48
2021,8,2,9,-9.2,927,NA,260,44
2021,8,2,12,-9.4,926.9,NA,20,46
2021,8,2,15,-8.3,927.8,NA,20,33
2021,8,2,18,-10.3,928.1,NA,50,45
2021,8,2,21,-13.2,928.3,NA,260,65
2021,8,3,0,-14.7,927.3,NA,240,86
2021,8,3,3,-15.8,927.6,NA,240,91
2021,8,3,6,-16,928.2,NA,220,91
2021,8,3,9,-18.2,928.7,NA,260,89
2021,8,3,12,-16.1,928.6,NA,0,90
2021,8,3,15,-18.6,927.4,NA,240,88
2021,8,3,18,-19.3,926.7,5,260,88
2021,8,3,21,-18.5,926.3,6,240,89
2021,8,4,0,-20.4,925.4,8,240,87
2021,8,4,3,-20.6,924.9,6,230,86
2021,8,4,6,-21,924,7,230,86
2021,8,4,9,-21.4,923.9,5,230,86
2021,8,4,12,-21.2,923.5,NA,220,86
2021,8,4,15,-21.4,923.4,NA,NA,85
2021,8,4,18,-22,922.3,0,20,85
2021,8,4,21,-22.1,922.1,2,30,85
2021,8,5,0,-22.1,922.4,1,20,85
2021,8,5,3,-23.5,922.7,1,30,83
2021,8,5,6,-22.5,922.2,1,50,84
2021,8,5,9,-22.6,922.6,2,20,84
2021,8,5,12,-22.1,922.2,0,40,85
2021,8,5,15,-22.2,922.3,0,360,85
2021,8,5,18,-23.1,922.8,1,270,84
2021,8,5,21,-22.1,923.8,0,350,85
2021,8,6,0,-22.2,924.8,0,360,85
2021,8,6,3,-22.8,925.5,0,360,84
2021,8,6,6,-22.7,926.9,NA,NA,84
2021,8,6,9,-23,928.2,NA,NA,84
2021,8,6,12,-22.4,929,NA,NA,84
2021,8,6,15,-21.7,930,NA,NA,85
2021,8,6,18,-22.9,930.4,NA,NA,84
2021,8,6,21,-23.8,931,NA,NA,83
2021,8,7,0,-23.6,931.3,NA,NA,83
2021,8,7,3,-24.6,930.6,NA,NA,83
2021,8,7,6,-25.4,930.8,NA,NA,82
2021,8,7,9,-25.6,930.1,NA,NA,81
2021,8,7,12,-25.7,929.3,NA,NA,81
2021,8,7,15,-26.6,928.4,16,230,80
2021,8,7,18,-26.6,926.8,NA,240,80
2021,8,7,21,-26.5,924.4,NA,240,80
2021,8,8,0,-27,920.2,NA,230,80
2021,8,8,3,-26.1,916.5,NA,220,81
2021,8,8,6,-24.8,913.8,NA,240,83
2021,8,8,9,-23.6,912.4,NA,240,83
2021,8,8,12,-23.5,913.8,NA,230,83
2021,8,8,15,-23.6,915.1,NA,220,79
2021,8,8,18,-24.3,915.6,NA,210,79
2021,8,8,21,-24,915.7,NA,240,83
2021,8,9,0,-23.7,916.1,3,210,76
2021,8,9,3,-23.3,915.8,NA,NA,76
2021,8,9,6,-24.1,914.4,13,10,66
2021,8,9,9,-25,913.7,11,30,72
2021,8,9,12,-24.2,912.9,14,10,65
2021,8,9,15,-25.2,912.6,NA,20,66
2021,8,9,18,-25.5,913.1,NA,20,74
2021,8,9,21,-25.2,914.1,4,280,72
2021,8,10,0,-25.7,915.6,NA,250,76
2021,8,10,3,-28.4,917.4,NA,240,78
2021,8,10,6,-26.8,918.9,NA,230,79
2021,8,10,9,-27.9,922.1,NA,230,78
2021,8,10,12,-29.9,925.8,NA,240,76
2021,8,10,15,-31.6,929,34,230,74
2021,8,10,18,-31.7,931.6,NA,230,74
2021,8,10,21,-32.4,934.6,NA,230,72
2021,8,11,0,-32.4,937.4,NA,240,72
2021,8,11,3,-33.7,942.1,NA,230,72
2021,8,11,6,-35.2,944,NA,230,70
2021,8,11,9,-35.4,945.8,NA,250,69
2021,8,11,12,-33.5,946.6,NA,270,71
2021,8,11,15,-33.3,946.5,NA,60,72
2021,8,11,18,-33.3,945.3,NA,50,72
2021,8,11,21,-32.5,944.8,NA,270,72
2021,8,12,0,NA,943.4,NA,210,67
2021,8,12,3,NA,941.4,NA,20,24
2021,8,12,6,NA,938.1,NA,10,27
2021,8,12,9,-19.8,937.1,NA,20,31
2021,8,12,12,-16.5,935.2,NA,10,26
2021,8,12,15,-17.3,932.4,NA,260,26
2021,8,12,18,-14.5,930.5,NA,270,30
2021,8,12,21,-15,928.6,10,250,31
2021,8,13,0,-13.9,926.9,NA,260,28
2021,8,13,3,-13.2,924.5,9,250,26
2021,8,13,6,-14,923.5,NA,280,28
2021,8,13,9,-13.5,922.7,NA,50,27
2021,8,13,12,-14.7,922,2,250,29
2021,8,13,15,-17.6,923,NA,250,37
2021,8,13,18,NA,924.9,NA,240,50
2021,8,13,21,NA,927.2,NA,230,56
2021,8,14,0,NA,929.6,NA,260,76
2021,8,14,3,-25.6,930.3,NA,230,67
2021,8,14,6,-26.4,932.9,NA,230,69
2021,8,14,9,-29.1,934.8,NA,250,77
2021,8,14,12,-31.2,935.6,22,240,74
2021,8,14,15,-31.8,937.2,18,230,73
2021,8,14,18,-31.9,939.1,18,240,73
2021,8,14,21,-28.5,941.8,14,240,77
2021,8,15,0,-28.6,943.4,NA,240,67
2021,8,15,3,-29.3,944.2,11,250,62
2021,8,15,6,-29.2,945,NA,250,55
2021,8,15,9,-28.3,944.2,NA,10,45
2021,8,15,12,-29.3,943.3,4,270,58
2021,8,15,15,-28.9,941.7,0,360,43
2021,8,15,18,-29.7,940.1,3,40,70
2021,8,15,21,-27,938.4,NA,10,38
2021,8,16,0,-26.3,937.1,NA,20,44
2021,8,16,3,-26.5,934.6,14,40,45
2021,8,16,6,-26.8,933.2,NA,30,44
2021,8,16,9,-26.8,932.7,NA,40,43
2021,8,16,12,-27.2,932.1,NA,40,41
2021,8,16,15,-29.9,933.2,NA,180,60
2021,8,16,18,-30.6,933,NA,250,62
2021,8,16,21,-34.6,932.7,NA,230,70
2021,8,17,0,-35.5,932.5,NA,240,69
2021,8,17,3,-35.7,931.7,NA,240,68
2021,8,17,6,-35.3,930.7,NA,240,69
2021,8,17,9,-35.3,929.7,NA,210,68
2021,8,17,12,-33.4,929.5,NA,210,71
2021,8,17,15,-35.4,926.6,NA,220,69
2021,8,17,18,-34.3,925.6,NA,230,70
2021,8,17,21,-34.7,925.4,NA,230,70
2021,8,18,0,-34.1,923.9,19,240,70
2021,8,18,3,-32.9,922.9,NA,240,72
2021,8,18,6,-33.1,922.8,NA,230,71
2021,8,18,9,-32.3,921.8,NA,230,72
2021,8,18,12,NA,NA,NA,NA,NA
2021,8,18,15,NA,NA,NA,NA,NA
2021,8,18,18,NA,NA,NA,NA,NA
2021,8,18,21,NA,NA,NA,NA,NA
2021,8,19,0,NA,NA,NA,NA,NA
2021,8,19,3,-30.7,921,15,250,35
2021,8,19,6,NA,NA,NA,NA,NA
2021,8,19,9,NA,NA,NA,NA,NA
2021,8,19,12,NA,NA,NA,NA,NA
2021,8,19,15,NA,NA,NA,NA,NA
2021,8,19,18,NA,NA,NA,NA,NA
2021,8,19,21,NA,NA,NA,NA,NA
2021,8,20,0,-23.9,920.4,8,20,26
2021,8,20,3,NA,922,NA,190,46
2021,8,20,6,NA,921.6,NA,240,63
2021,8,20,9,NA,921.5,NA,240,65
2021,8,20,12,-34,921.3,NA,20,63
2021,8,20,15,-36.8,920.6,NA,260,68
2021,8,20,18,-35.3,920,NA,200,68
2021,8,20,21,-33.9,919.5,NA,210,64
2021,8,21,0,-33.4,918.5,1,40,47
2021,8,21,3,-34.3,917.4,1,150,52
2021,8,21,6,-34.4,916,3,230,49
2021,8,21,9,-33.8,915.3,NA,240,46
2021,8,21,12,-33.1,915,NA,NA,56
2021,8,21,15,-32.7,914.1,9,NA,68
2021,8,21,18,-32.3,913.8,NA,NA,70
2021,8,21,21,-31.6,914,12,230,73
2021,8,22,0,-31.6,914.5,13,240,73
2021,8,22,3,-33.3,914,NA,250,71
2021,8,22,6,-33.6,913.4,NA,240,71
2021,8,22,9,NA,NA,NA,NA,NA
2021,8,22,12,NA,NA,NA,NA,NA
2021,8,22,15,NA,NA,NA,NA,NA
2021,8,22,18,NA,NA,NA,NA,NA
2021,8,22,21,NA,NA,NA,NA,NA
2021,8,23,0,-30.7,920.7,12,20,63
2021,8,23,3,-31.1,919.6,NA,40,65
2021,8,23,6,-32.6,918.7,NA,30,66
2021,8,23,9,-33,917.5,NA,250,72
2021,8,23,12,-33.5,916.3,NA,240,71
2021,8,23,15,-35.4,914.2,NA,NA,69
2021,8,23,18,-34.7,913.7,NA,NA,70
2021,8,23,21,-34.1,913.2,24,NA,70
2021,8,24,0,-33.2,913.1,20,250,71
2021,8,24,3,-29.2,913.7,NA,250,76
2021,8,24,6,NA,NA,NA,NA,NA
2021,8,24,9,NA,NA,NA,NA,NA
2021,8,24,12,NA,NA,NA,NA,NA
2021,8,24,15,NA,NA,NA,NA,NA
2021,8,24,18,NA,NA,NA,NA,NA
2021,8,24,21,NA,NA,NA,NA,NA
2021,8,25,0,-28.9,912.3,1,350,76
2021,8,25,3,-29.6,911.9,2,270,76
2021,8,25,6,-29.8,911.9,NA,240,75
2021,8,25,9,-30.4,912.2,4,250,74
2021,8,25,12,NA,NA,NA,NA,NA
2021,8,25,15,NA,NA,NA,NA,NA
2021,8,25,18,NA,NA,NA,NA,NA
2021,8,25,21,NA,NA,NA,NA,NA
2021,8,26,0,-25.9,909.4,50,230,76
2021,8,26,3,-26.4,909.4,54,230,72
2021,8,26,6,NA,NA,NA,NA,NA
2021,8,26,9,NA,NA,NA,NA,NA
2021,8,26,12,NA,NA,NA,NA,NA
2021,8,26,15,NA,NA,NA,NA,NA
2021,8,26,18,NA,NA,NA,NA,NA
2021,8,26,21,NA,NA,NA,NA,NA
2021,8,27,0,NA,NA,NA,NA,NA
2021,8,27,3,-21.3,915.8,51,230,86
2021,8,27,6,NA,NA,NA,NA,NA
2021,8,27,9,NA,NA,NA,NA,NA
2021,8,27,12,NA,NA,NA,NA,NA
2021,8,27,15,NA,NA,NA,NA,NA
2021,8,27,18,NA,NA,NA,NA,NA
2021,8,27,21,NA,NA,NA,NA,NA
2021,8,28,0,-19.8,918.4,3,250,50
2021,8,28,3,-19,916.5,6,260,41
2021,8,28,6,-15.8,913.4,3,300,38
2021,8,28,9,-14.4,910.6,NA,20,34
2021,8,28,12,-16.8,909.7,NA,250,39
2021,8,28,15,-18.2,911,13,240,49
2021,8,28,18,-16.7,911.8,NA,20,32
2021,8,28,21,-19.7,913.3,NA,240,50
2021,8,29,0,NA,916.8,NA,230,82
2021,8,29,3,-23.8,919.7,NA,230,67
2021,8,29,6,-22.4,920.8,NA,230,54
2021,8,29,9,-21,922.9,NA,270,35
2021,8,29,12,-19.9,924.6,NA,10,30
2021,8,29,15,-20.5,927.1,NA,350,31
2021,8,29,18,-21.4,929.7,NA,280,37
2021,8,29,21,-18.1,929.4,NA,340,25
2021,8,30,0,NA,929,9,350,16
2021,8,30,3,NA,930.4,NA,240,19
2021,8,30,6,-17.4,932.2,NA,230,41
2021,8,30,9,NA,935.5,NA,180,52
2021,8,30,12,-20.9,932.4,NA,20,52
2021,8,30,15,-21,930.9,NA,20,61
2021,8,30,18,-17.6,928.2,NA,10,40
2021,8,30,21,NA,927.7,NA,20,33
2021,8,31,0,-18.6,928.8,NA,270,46
2021,8,31,3,-13.8,926.6,NA,280,32
2021,8,31,6,NA,927.3,NA,230,51
2021,8,31,9,NA,927.2,NA,220,60
2021,8,31,12,-18.3,929.2,NA,240,40
2021,8,31,15,-20.3,929.6,NA,200,44
2021,8,31,18,-21.7,927.4,NA,10,56
2021,8,31,21,-18.6,926.6,NA,340,45
2021,9,1,0,-16.9,925.9,NA,290,38
2021,9,1,3,-15.8,923.8,NA,290,31
2021,9,1,6,-16.8,922.2,7,260,34
2021,9,1,9,-18.9,922.6,NA,240,51
2021,9,1,12,-21.3,921.8,NA,NA,62
2021,9,1,15,-22.1,919.7,NA,NA,63
2021,9,1,18,-23,917.8,NA,NA,65
2021,9,1,21,-22.5,917.1,NA,250,60
2021,9,2,0,-23.1,916.6,NA,230,53
2021,9,2,3,-20.9,913.8,NA,50,44
2021,9,2,6,-22.8,910.5,NA,20,45
2021,9,2,9,-23.3,906.5,NA,20,44
2021,9,2,12,-22.9,904.5,NA,290,38
2021,9,2,15,-25.8,905.8,NA,240,78
2021,9,2,18,-24.7,908.3,NA,230,70
2021,9,2,21,-25.5,909.3,NA,240,72
2021,9,3,0,-25.1,910.8,NA,230,67
2021,9,3,3,-25.4,911.5,25,NA,70
2021,9,3,6,-24.6,912,NA,NA,61
2021,9,3,9,-23.3,911.7,NA,NA,71
2021,9,3,12,-21.4,909.8,NA,NA,63
2021,9,3,15,-21.2,909.6,NA,240,59
2021,9,3,18,-21.8,909.3,NA,250,55
2021,9,3,21,-23.6,909.6,NA,260,66
2021,9,4,0,-25.3,908.6,NA,230,80
2021,9,4,3,-26.9,909.4,NA,230,79
2021,9,4,6,-26.1,909.1,NA,230,79
2021,9,4,9,-24.7,908.9,NA,220,54
2021,9,4,12,-24.7,908.6,NA,240,53
2021,9,4,15,-23.6,907.6,NA,10,46
2021,9,4,18,-24.9,908.8,NA,350,64
2021,9,4,21,-26.1,908.6,NA,20,79
2021,9,5,0,-26.5,908.9,NA,250,64
2021,9,5,3,-26.9,909,NA,240,67
2021,9,5,6,-27.3,909.3,NA,230,71
2021,9,5,9,-27.4,909.9,NA,240,59
2021,9,5,12,-28.2,910.1,NA,260,75
2021,9,5,15,-28.4,909.8,NA,350,71
2021,9,5,18,-27.3,908.7,4,300,49
2021,9,5,21,-26.2,907.5,4,280,41
2021,9,6,0,-23.9,907.6,4,280,33
2021,9,6,3,-21.5,906.9,2,320,31
2021,9,6,6,-19.3,906,NA,240,36
2021,9,6,9,-17,904.5,NA,240,45
2021,9,6,12,-16.5,903.4,NA,230,87
2021,9,6,15,-17,901.6,NA,240,90
2021,9,6,18,-17.8,903.5,NA,240,89
2021,9,6,21,-17.6,901.6,NA,230,90
2021,9,7,0,-18.2,902.7,NA,240,89
2021,9,7,3,-19.8,909.8,40,240,88
2021,9,7,6,-21.5,910,44,230,84
2021,9,7,9,-21,914,NA,230,86
2021,9,7,12,-22.1,916.9,NA,190,85
2021,9,7,15,-21.9,918.3,NA,230,85
2021,9,7,18,-20.3,918.4,5,30,86
2021,9,7,21,-20.6,919.2,NA,10,61
2021,9,8,0,-20.1,920.5,NA,320,60
2021,9,8,3,-20.9,921.3,NA,360,61
2021,9,8,6,-24.7,921.3,NA,240,83
2021,9,8,9,-24.5,921.3,NA,230,82
2021,9,8,12,-25.4,920.8,16,220,81
2021,9,8,15,-24.7,918.9,NA,230,82
2021,9,8,18,-24.6,917.6,20,220,71
2021,9,8,21,-24.3,915.2,23,230,71
2021,9,9,0,-25,914.4,23,230,73
2021,9,9,3,-25.9,913.2,22,240,76
2021,9,9,6,-25.5,912,19,NA,76
2021,9,9,9,-24,912.2,NA,NA,59
2021,9,9,12,-23.9,911.3,NA,NA,59
2021,9,9,15,-25.7,909.8,NA,230,62
2021,9,9,18,-26,909.7,NA,230,58
2021,9,9,21,-23.4,908.8,NA,220,52
2021,9,10,0,-22.6,908,NA,240,46
2021,9,10,3,NA,907.2,NA,240,31
2021,9,10,6,-20.4,906.4,NA,240,40
2021,9,10,9,-18.9,905.9,NA,230,45
2021,9,10,12,-17.8,907.2,NA,230,89
2021,9,10,15,-16,906.1,NA,220,89
2021,9,10,18,-17.9,907.7,28,220,89
2021,9,10,21,-19.6,910.6,NA,230,88
2021,9,11,0,-20.2,911.2,NA,240,87
2021,9,11,3,-21.4,911.9,NA,230,86
2021,9,11,6,-20.3,911.9,NA,320,87
2021,9,11,9,-20.8,911.7,4,260,79
2021,9,11,12,-19.1,911.3,NA,240,87
2021,9,11,15,-18.7,911.6,NA,240,88
2021,9,11,18,-20,911.8,NA,230,87
2021,9,11,21,-21.5,912.6,NA,250,86
2021,9,12,0,-20.6,913.5,NA,300,86
2021,9,12,3,-20.3,912.9,NA,330,87
2021,9,12,6,-21,912.1,NA,360,86
2021,9,12,9,-20.6,911.2,NA,300,83
2021,9,12,12,-19,910.2,NA,360,66
2021,9,12,15,-19.1,908.9,4,330,53
2021,9,12,18,-18.6,907.6,1,330,45
2021,9,12,21,-17.8,906.8,2,270,36
2021,9,13,0,-16.4,905.9,3,300,31
2021,9,13,3,-16.7,905.2,2,300,29
2021,9,13,6,-17,904.8,2,270,32
2021,9,13,9,-21.3,905.4,NA,250,48
2021,9,13,12,NA,906.3,NA,250,67
2021,9,13,15,-25.1,907.1,NA,240,82
2021,9,13,18,-24.9,908.2,NA,230,82
2021,9,13,21,-25.9,909.6,NA,NA,80
2021,9,14,0,-26.1,912.8,NA,NA,78
2021,9,14,3,-27.4,915.5,NA,NA,79
2021,9,14,6,-28,917.9,NA,NA,78
2021,9,14,9,-28.4,918.6,NA,NA,77
2021,9,14,12,-27.4,916.1,NA,NA,78
2021,9,14,15,-28.5,917.4,NA,NA,78
2021,9,14,18,-29.9,918.3,NA,240,76
2021,9,14,21,-29.8,919.1,NA,230,76
2021,9,15,0,-28.4,918.3,NA,280,76
2021,9,15,3,-26.8,917.1,NA,230,70
2021,9,15,6,-26.4,915.5,NA,230,39
2021,9,15,9,-23.6,914.8,NA,240,31
2021,9,15,12,-21.7,914,28,NA,25
2021,9,15,15,-21.3,912.9,28,NA,26
2021,9,15,18,-22.5,912.5,NA,NA,31
2021,9,15,21,-20.3,910,NA,30,27
2021,9,16,0,-17.8,907.4,4,340,27
2021,9,16,3,-18.3,906.6,3,350,24
2021,9,16,6,-21.5,907.2,NA,270,31
2021,9,16,9,-22.5,907.2,NA,260,36
2021,9,16,12,-23,906.7,6,20,44
2021,9,16,15,-21.8,906.5,NA,0,36
2021,9,16,18,-21.9,905.8,NA,10,36
2021,9,16,21,-21.9,906,NA,10,37
2021,9,17,0,-19.6,907,NA,290,32
2021,9,17,3,-22,908.9,NA,40,41
2021,9,17,6,-23.6,910.6,3,200,43
2021,9,17,9,-23.8,912.4,3,350,64
2021,9,17,12,-24.5,913.8,1,340,51
2021,9,17,15,-25.4,916,NA,280,59
2021,9,17,18,-24.2,917.2,NA,10,49
2021,9,17,21,-25.8,918.9,9,240,73
2021,9,18,0,-24.3,920.7,NA,210,62
2021,9,18,3,-23.6,921.6,6,240,53
2021,9,18,6,-24.9,922,NA,250,55
2021,9,18,9,-24.2,922.3,NA,240,45
2021,9,18,12,-24.9,922.7,NA,220,49
2021,9,18,15,-24.7,922.9,NA,240,57
2021,9,18,18,-23.6,923.4,NA,250,60
2021,9,18,21,-23.1,923.9,NA,50,70
2021,9,19,0,-23.2,924.1,NA,30,73
2021,9,19,3,-22.9,923.7,NA,10,74
2021,9,19,6,-23.7,923.5,8,30,80
2021,9,19,9,-23.9,923.6,NA,40,83
2021,9,19,12,-23.5,923.7,12,30,83
2021,9,19,15,-23.2,924.2,10,20,83
2021,9,19,18,-23.7,924.6,NA,60,83
2021,9,19,21,-22.7,925.2,NA,340,83
2021,9,20,0,-23.5,925.3,NA,240,83
2021,9,20,3,-25.9,924.4,NA,240,81
2021,9,20,6,-24.1,923.7,NA,240,82
2021,9,20,9,-23.9,923.7,NA,230,83
2021,9,20,12,-21.9,922.9,NA,240,85
2021,9,20,15,-22.4,921.9,NA,NA,85
2021,9,20,18,-22.6,921.2,NA,NA,85
2021,9,20,21,-22.3,919.3,NA,NA,85
2021,9,21,0,-22.1,917.3,44,230,85
2021,9,21,3,-22.1,916,45,240,85
2021,9,21,6,-22.5,910.7,NA,230,85
2021,9,21,9,-21.9,908.8,NA,240,85
2021,9,21,12,-22.7,905.5,NA,NA,85
2021,9,21,15,-22.5,906,NA,NA,85
2021,9,21,18,-23,906.4,54,NA,84
2021,9,21,21,-22.4,905.4,NA,NA,85
2021,9,22,0,-21.8,905.3,NA,NA,83
2021,9,22,3,-22.1,907.5,NA,NA,83
2021,9,22,6,-21.8,904.9,NA,NA,85
2021,9,22,9,-21.4,903.7,NA,NA,85
2021,9,22,12,-19.6,903.1,59,NA,81
2021,9,22,15,-19.4,902.2,NA,NA,82
2021,9,22,18,-19.1,901,NA,NA,81
2021,9,22,21,-18.2,900.6,NA,NA,88
2021,9,23,0,-17.6,899.7,57,NA,89
2021,9,23,3,-18.8,897.3,NA,NA,85
2021,9,23,6,-19.8,894.8,NA,NA,85
2021,9,23,9,-21.2,896.6,NA,230,87
2021,9,23,12,-22.2,899.7,NA,240,86
2021,9,23,15,-22.4,902.4,NA,230,85
2021,9,23,18,-22.5,901.8,NA,230,85
2021,9,23,21,-21.8,907.1,NA,240,83
2021,9,24,0,-20.3,906.6,53,240,79
2021,9,24,3,-21.2,905.7,56,230,86
2021,9,24,6,-20.4,908.3,54,240,87
2021,9,24,9,-19.5,909.7,NA,240,79
2021,9,24,12,-18.9,911,NA,230,84
2021,9,24,15,-20,910.3,NA,NA,88
2021,9,24,18,-18.8,910.3,NA,NA,84
2021,9,24,21,-18.7,911.2,NA,NA,84
2021,9,25,0,-18,910.9,NA,NA,79
2021,9,25,3,-18,910.9,NA,210,78
2021,9,25,6,-19,910.4,8,250,66
2021,9,25,9,-19.4,909.4,NA,60,63
2021,9,25,12,-20.1,907.6,NA,300,62
2021,9,25,15,-19.2,906,2,0,57
2021,9,25,18,-20.1,904.7,3,10,78
2021,9,25,21,-21,902.9,6,20,85
2021,9,26,0,-19.8,902.3,NA,10,87
2021,9,26,3,-21.2,901.8,NA,240,86
2021,9,26,6,-22.5,901.2,NA,260,86
2021,9,26,9,-24.5,901.4,NA,230,83
2021,9,26,12,-23.4,899.9,NA,NA,83
2021,9,26,15,-22.6,900.1,NA,NA,85
2021,9,26,18,-22.6,900.9,34,NA,85
2021,9,26,21,-22.9,902.3,30,NA,85
2021,9,27,0,-22.7,903.7,NA,240,85
2021,9,27,3,-23.2,904.7,NA,260,84
2021,9,27,6,-22.1,905,NA,60,85
2021,9,27,9,-22.2,904.5,7,30,85
2021,9,27,12,-22,903.7,NA,60,85
2021,9,27,15,-22.1,903.1,NA,10,85
2021,9,27,18,-22.2,902.7,NA,30,85
2021,9,27,21,-22.5,903,NA,40,84
2021,9,28,0,-24.8,903.2,NA,270,82
2021,9,28,3,-25.6,903.6,NA,260,81
2021,9,28,6,-23.8,904.6,NA,240,83
2021,9,28,9,-27.8,905.9,NA,260,79
2021,9,28,12,-28.1,908.4,NA,270,78
2021,9,28,15,-28.6,909.6,NA,240,78
2021,9,28,18,-29.8,911.2,NA,270,76
2021,9,28,21,-26.3,912.4,NA,340,79
2021,9,29,0,-28.8,912.8,NA,250,77
2021,9,29,3,-28.5,912.7,NA,250,77
2021,9,29,6,-29.8,912.4,7,270,76
2021,9,29,9,-30.1,912.7,5,260,76
2021,9,29,12,-31.5,912.5,7,250,74
2021,9,29,15,-31.9,912.3,9,250,74
2021,9,29,18,-30.2,912.7,NA,230,75
2021,9,29,21,-29.9,912.8,NA,220,76
2021,9,30,0,-29.5,913.1,1,10,76
2021,9,30,3,-28.6,912.3,1,120,76
2021,9,30,6,-31,911.8,3,0,74
2021,9,30,9,-30.7,911.3,5,10,75
2021,9,30,12,-30.5,910.8,6,340,75
2021,9,30,15,-30.7,909.3,7,350,75
2021,9,30,18,-29,908.6,3,40,77
2021,9,30,21,-28.7,908.1,7,0,77
2021,10,1,0,-27.7,907.7,3,290,78
2021,10,1,3,-26.6,907.7,5,250,79
2021,10,1,6,-27.3,908.5,4,250,74
2021,10,1,9,-25.4,909.4,NA,240,61
2021,10,1,12,-24.6,909.4,NA,230,53
2021,10,1,15,-24.2,909.1,NA,230,65
2021,10,1,18,-23.6,910.3,NA,220,61
2021,10,1,21,-23.2,909.4,NA,240,69
2021,10,2,0,-20.3,909,NA,230,82
2021,10,2,3,-21.4,910,NA,220,80
2021,10,2,6,-23.9,912.6,NA,220,82
2021,10,2,9,-19.3,911.6,NA,230,69
2021,10,2,12,NA,911.7,NA,240,55
2021,10,2,15,-20.1,914.2,NA,230,62
2021,10,2,18,-17.2,917.5,NA,240,42
2021,10,2,21,NA,918.3,NA,230,36
2021,10,3,0,-14.9,918.5,38,NA,36
2021,10,3,3,-12.8,918.1,37,NA,30
2021,10,3,6,-11.6,917.6,38,NA,30
2021,10,3,9,-14.5,917.4,NA,270,38
2021,10,3,12,-15.2,912.8,NA,20,43
2021,10,3,15,-16,912.2,8,50,59
2021,10,3,18,-16.2,911.7,11,250,64
2021,10,3,21,-18.1,912,NA,230,87
2021,10,4,0,-18.1,913.4,NA,NA,68
2021,10,4,3,-19.7,914.3,NA,NA,81
2021,10,4,6,-16.9,918,41,NA,43
2021,10,4,9,-18.9,921.4,NA,NA,55
2021,10,4,12,-20,920.2,NA,NA,74
2021,10,4,15,-19.2,924.2,NA,240,55
2021,10,4,18,-18.7,925.2,NA,230,48
2021,10,4,21,-19.7,927.7,NA,240,63
2021,10,5,0,-16.8,927.4,NA,230,45
2021,10,5,3,-14.8,928.3,NA,240,40
2021,10,5,6,-15,927.6,NA,250,43
2021,10,5,9,-15.5,925.5,NA,240,42
2021,10,5,12,-15.4,922.3,NA,10,40
2021,10,5,15,-15.3,920.2,NA,270,36
2021,10,5,18,-16.1,919.5,NA,250,38
2021,10,5,21,-15.6,920.3,NA,230,39
2021,10,6,0,-16.8,920.4,NA,230,50
2021,10,6,3,-15.5,920.3,NA,240,41
2021,10,6,6,-17,918.3,22,10,57
2021,10,6,9,-16.5,916.7,20,10,42
2021,10,6,12,-15.7,915.8,NA,30,37
2021,10,6,15,-14.7,914.8,NA,60,33
2021,10,6,18,-12.1,913.8,NA,270,26
2021,10,6,21,-11.6,914,4,220,28
2021,10,7,0,NA,913.9,NA,240,85
2021,10,7,3,NA,917.2,NA,220,87
2021,10,7,6,-21.4,918.7,NA,230,81
2021,10,7,9,-21.5,921.2,24,240,67
2021,10,7,12,-22.9,924.1,NA,230,81
2021,10,7,15,-23.5,926.2,NA,230,82
2021,10,7,18,-22.9,928.5,11,250,83
2021,10,7,21,-20.9,929.3,NA,350,69
2021,10,8,0,-20.3,930.4,NA,250,65
2021,10,8,3,-18.9,930.8,NA,250,55
2021,10,8,6,-18.3,930.8,NA,240,45
2021,10,8,9,-17.8,931.1,NA,230,31
2021,10,8,12,-16.9,930.5,NA,250,30
2021,10,8,15,-15.5,929.2,NA,240,30
2021,10,8,18,-17.2,928.3,NA,260,30
2021,10,8,21,-14.2,927.8,NA,230,29
2021,10,9,0,-14.1,927.4,1,260,49
2021,10,9,3,-12.2,926.2,1,330,34
2021,10,9,6,-12.5,925.6,0,310,30
2021,10,9,9,-13.7,925.6,4,280,38
2021,10,9,12,-15.5,926.9,NA,250,40
2021,10,9,15,NA,926.3,NA,240,84
2021,10,9,18,-20.1,927,NA,230,87
2021,10,9,21,-20.9,928.2,NA,230,86
2021,10,10,0,-20.3,929,NA,240,87
2021,10,10,3,-20.2,929.1,NA,260,85
2021,10,10,6,-20.4,929.1,NA,360,86
2021,10,10,9,-20.5,929.6,1,60,87
2021,10,10,12,-20.2,930.3,0,40,87
2021,10,10,15,-20.7,930.8,2,270,86
2021,10,10,18,-21.2,931.3,NA,250,86
2021,10,10,21,-20.3,931.5,3,310,86
2021,10,11,0,-20.2,931.5,5,240,87
2021,10,11,3,-18,931.1,NA,220,39
2021,10,11,6,-17.3,930.7,NA,250,36
2021,10,11,9,-17.4,930.1,NA,330,33
2021,10,11,12,-16.8,929.2,3,60,31
2021,10,11,15,-17.6,928,NA,360,35
2021,10,11,18,-17.7,927,6,20,38
2021,10,11,21,-17.9,926.9,NA,20,69
2021,10,12,0,-17.4,926.5,3,50,75
2021,10,12,3,-18,926.2,3,250,71
2021,10,12,6,-20.1,926.5,4,220,84
2021,10,12,9,-20.9,926.9,4,180,85
2021,10,12,12,-21,926.9,4,270,85
2021,10,12,15,-21,926.5,2,50,76
2021,10,12,18,-21.2,926,6,360,62
2021,10,12,21,-22.1,925.8,NA,250,80
2021,10,13,0,-21.8,925.3,9,230,72
2021,10,13,3,-22.3,924.9,8,260,80
2021,10,13,6,-22.5,925.1,11,250,76
2021,10,13,9,-22.2,925,NA,220,80
2021,10,13,12,-22.1,926.1,NA,220,80
2021,10,13,15,-22.9,924.8,NA,240,74
2021,10,13,18,-22.9,925,NA,250,64
2021,10,13,21,-22.9,925,NA,250,73
2021,10,14,0,-21.2,924.5,NA,260,73
2021,10,14,3,-21.1,923.4,4,250,60
2021,10,14,6,-21.4,922.8,NA,280,57
2021,10,14,9,-20.9,922,4,250,53
2021,10,14,12,-20.6,921,2,0,44
2021,10,14,15,-20.1,919.9,2,20,39
2021,10,14,18,-18.4,919,3,350,38
2021,10,14,21,-19.5,918.3,5,250,46
2021,10,15,0,-17.5,917.5,6,190,41
2021,10,15,3,-20,916.3,NA,240,53
2021,10,15,6,-15.9,915.3,NA,240,44
2021,10,15,9,-17.2,915.2,NA,190,41
2021,10,15,12,-18.4,914.4,NA,230,47
2021,10,15,15,-20.5,915,NA,240,55
2021,10,15,18,-19.6,916.1,NA,240,59
2021,10,15,21,-19.3,916.6,NA,220,52
2021,10,16,0,-16.2,916.4,NA,300,41
2021,10,16,3,-19.7,916.8,NA,250,61
2021,10,16,6,-19.9,917.7,NA,230,65
2021,10,16,9,-20.2,919.1,13,250,53
2021,10,16,12,-19.7,920.3,12,270,45
2021,10,16,15,-19.8,921,NA,40,50
2021,10,16,18,-20.8,921.1,NA,60,83
2021,10,16,21,-20,921.7,5,60,78
2021,10,17,0,-20.1,921.7,8,60,79
2021,10,17,3,-20.3,921.1,NA,30,68
2021,10,17,6,-20.3,920.6,NA,50,63
2021,10,17,9,-22.2,920.6,NA,10,82
2021,10,17,12,-21.7,919.9,NA,330,82
2021,10,17,15,-22.4,919.1,5,270,66
2021,10,17,18,-21.2,918.4,NA,250,60
2021,10,17,21,-20.2,917.8,6,250,56
2021,10,18,0,-19.8,916.1,NA,240,53
2021,10,18,3,-19.4,913.9,NA,240,51
2021,10,18,6,-20.4,911.9,NA,230,55
2021,10,18,9,-16.9,909.8,NA,240,46
2021,10,18,12,-20.7,909.2,NA,230,63
2021,10,18,15,-18.4,907.4,NA,230,63
2021,10,18,18,-17.9,906.5,NA,230,61
2021,10,18,21,-19.9,907.2,NA,240,86
2021,10,19,0,-17.4,905.4,NA,240,82
2021,10,19,3,-18.6,908.6,NA,220,89
2021,10,19,6,-16.3,908.7,NA,230,87
2021,10,19,9,-16.2,909.7,40,NA,91
2021,10,19,12,-18,910.4,NA,NA,89
2021,10,19,15,-19.5,914,NA,NA,86
2021,10,19,18,-17.4,914.2,NA,NA,74
2021,10,19,21,-18.1,917.4,NA,NA,74
2021,10,20,0,-15.4,918.1,NA,NA,68
2021,10,20,3,-17.3,918.7,NA,50,64
2021,10,20,6,-16.2,918.4,4,270,58
2021,10,20,9,-15.9,917.8,NA,350,47
2021,10,20,12,-14.6,917.6,NA,300,39
2021,10,20,15,-13.3,917.1,NA,270,34
2021,10,20,18,-13.5,917.5,6,260,34
2021,10,20,21,-14.3,918.7,NA,10,41
2021,10,21,0,-14.9,919,NA,0,46
2021,10,21,3,-15.1,921.2,NA,20,46
2021,10,21,6,-13.8,922.7,NA,260,41
2021,10,21,9,-15.7,923.4,7,340,42
2021,10,21,12,-14.4,923.2,NA,30,33
2021,10,21,15,-14.9,923.7,NA,30,39
2021,10,21,18,-12.9,923.3,NA,30,41
2021,10,21,21,NA,923.5,6,250,22
2021,10,22,0,-10.6,923.7,7,250,28
2021,10,22,3,NA,922.8,NA,250,36
2021,10,22,6,-12,921.3,NA,360,25
2021,10,22,9,-13.5,919,NA,270,27
2021,10,22,12,-13.7,916,3,250,29
2021,10,22,15,-13.5,913.9,NA,NA,26
2021,10,22,18,-15.2,912.9,10,240,33
2021,10,22,21,-15.4,913.1,8,240,43
2021,10,23,0,-15.7,913.5,NA,240,63
2021,10,23,3,-17.2,913.4,5,30,75
2021,10,23,6,-15.5,912.5,3,40,47
2021,10,23,9,-16.9,910.9,NA,40,62
2021,10,23,12,-17.3,909.4,NA,360,71
2021,10,23,15,-18.7,907.4,NA,20,88
2021,10,23,18,-16.5,905.7,3,10,63
2021,10,23,21,-16.7,905.3,NA,70,83
2021,10,24,0,-17.3,906.1,4,220,85
2021,10,24,3,-20,906.1,NA,220,87
2021,10,24,6,-18.9,905.7,NA,230,88
2021,10,24,9,-18.3,907.3,26,240,89
2021,10,24,12,-18.6,908.1,28,NA,89
2021,10,24,15,-18.1,908.4,NA,NA,87
2021,10,24,18,-18.1,909.9,NA,NA,89
2021,10,24,21,-17.8,912,NA,NA,90
2021,10,25,0,-17.3,916.9,NA,NA,89
2021,10,25,3,-18.2,920.7,NA,230,89
2021,10,25,6,-18.1,921.5,NA,NA,89
2021,10,25,9,-18,921.2,NA,NA,88
2021,10,25,12,-19.1,924.4,NA,NA,88
2021,10,25,15,-17.6,925.5,NA,30,76
2021,10,25,18,-18,924.5,NA,20,79
2021,10,25,21,-17.7,923.9,NA,30,79
2021,10,26,0,-17.9,924.6,NA,20,85
2021,10,26,3,-17.2,924.7,NA,10,85
2021,10,26,6,-18.3,925,NA,220,88
2021,10,26,9,-19.4,925.7,NA,240,88
2021,10,26,12,-20.5,925.2,NA,240,87
2021,10,26,15,-19.6,924.1,NA,240,87
2021,10,26,18,-18.2,922.5,13,230,55
2021,10,26,21,-16.3,920.6,11,240,55
2021,10,27,0,-14.5,918.7,11,230,48
2021,10,27,3,-13.9,916.4,9,240,48
2021,10,27,6,-14,914.8,NA,40,43
2021,10,27,9,-14.5,913.4,NA,290,45
2021,10,27,12,-14.4,911.8,6,350,42
2021,10,27,15,-15.3,910.1,NA,30,44
2021,10,27,18,-14.4,908.6,NA,20,46
2021,10,27,21,-14.7,906.9,5,50,55
2021,10,28,0,-15.2,906.3,3,270,50
2021,10,28,3,-16.2,906.1,4,250,66
2021,10,28,6,-18.5,904.9,NA,240,89
2021,10,28,9,-19.6,904.7,NA,220,87
2021,10,28,12,-18.6,905,NA,220,88
2021,10,28,15,-17.8,906.2,NA,170,89
2021,10,28,18,-17.6,905.9,NA,240,90
2021,10,28,21,-17.5,907.5,NA,240,89
2021,10,29,0,-17.2,907.8,NA,250,86
2021,10,29,3,-16.6,907.6,NA,240,82
2021,10,29,6,-16.5,908,NA,240,91
2021,10,29,9,-17.5,912.4,NA,230,90
2021,10,29,12,-17.3,914.3,NA,240,90
2021,10,29,15,-17,915.9,NA,260,71
2021,10,29,18,-16,916.5,NA,260,55
2021,10,29,21,-14.4,917.9,NA,230,42
2021,10,30,0,-12.3,918.4,NA,270,38
2021,10,30,3,-12.4,919,3,270,40
2021,10,30,6,-12.2,919.1,3,280,40
2021,10,30,9,-14.4,919.4,6,290,45
2021,10,30,12,-14.9,919.4,NA,290,48
2021,10,30,15,-15.5,918.8,10,290,46
2021,10,30,18,-11.9,918,NA,320,34
2021,10,30,21,-11.8,916.9,NA,10,45
2021,10,31,0,-11.2,915.7,5,70,43
2021,10,31,3,-10.4,914.5,2,350,39
2021,10,31,6,-11.9,913.3,1,0,40
2021,10,31,9,-13.4,913,NA,10,33
2021,10,31,12,-13.3,912.9,NA,350,29
2021,10,31,15,-14,913,6,10,31
2021,10,31,18,-14.3,913.5,5,30,40
2021,10,31,21,-11.9,914.3,2,40,47
2021,11,1,0,-12.4,914.7,1,30,49
2021,11,1,3,-14.7,914.7,NA,40,92
2021,11,1,6,-15.7,915.2,NA,70,91
2021,11,1,9,-15.4,915.8,NA,NA,91
2021,11,1,12,-16.1,916.2,3,240,90
2021,11,1,15,-17.4,916.6,NA,250,90
2021,11,1,18,-17.2,917.8,NA,250,90
2021,11,1,21,-16.8,918.7,NA,240,90
2021,11,2,0,-16.6,919.3,NA,230,90
2021,11,2,3,-16.8,920.2,14,240,90
2021,11,2,6,-16.6,921,NA,250,90
2021,11,2,9,-17.6,921.8,13,250,90
2021,11,2,12,-15.9,922.6,NA,20,90
2021,11,2,15,-16.9,923.2,NA,10,90
2021,11,2,18,-17.1,923.5,3,30,90
2021,11,2,21,-15.3,923.8,1,50,91
2021,11,3,0,-15.8,924.2,5,210,91
2021,11,3,3,-16.5,925.2,NA,200,91
2021,11,3,6,-16.7,925.7,3,220,90
2021,11,3,9,-17.1,925.7,NA,300,90
2021,11,3,12,-17.2,925.6,4,50,90
2021,11,3,15,-17.4,925.5,1,60,90
2021,11,3,18,-16.7,924.6,NA,40,90
2021,11,3,21,-16.6,923.5,3,260,90
2021,11,4,0,-17.2,922.5,NA,230,89
2021,11,4,3,-18.3,920.7,NA,NA,89
2021,11,4,6,-18,919.7,NA,NA,89
2021,11,4,9,-18.4,918.8,NA,NA,89
2021,11,4,12,-16.7,919.8,NA,240,49
2021,11,4,15,-16.1,919.3,NA,230,49
2021,11,4,18,-14.8,918.5,NA,230,44
2021,11,4,21,NA,NA,NA,NA,NA
