Year,Month,Temperature(¡æ),wt_T,Pressure(hPa),wt_P,Wind Speed(m/s),wt_WS,Wind Direction,wt_WD,Relative Humidity(%),wt_RH,Vector Wind Speed(m/s),Vector Wind Direction(¡ã),wt_V
1980,12,NA,0.483870968,NA,0.693548387,NA,0.657258065,NA,0.633064516,NA,0,NA,NA,0.625
1981,1,NA,0.358870968,NA,0.516129032,NA,0.475806452,NA,0.483870968,NA,0,NA,NA,0.459677419
1981,2,NA,0.660714286,987.71,1,4.91,0.928571429,201.95,0.950892857,NA,0,3.83,206.77,0.888392857
1981,3,-20.13,0.846774194,989.67,0.967741935,5.83,0.846774194,205.45,0.967741935,NA,0,4.92,208.8,0.846774194
1981,4,NA,0.708333333,992.63,0.908333333,5.8,0.791666667,197.81,0.904166667,NA,0,4.13,200.87,0.791666667
1981,5,-31.53,0.870967742,984.82,0.991935484,8.32,0.818548387,195.06,0.951612903,NA,0,7.26,206.98,0.794354839
1981,6,-29.24,0.766666667,978.53,0.983333333,NA,0.733333333,213.78,0.9625,NA,0,NA,NA,0.733333333
1981,7,NA,0.745967742,986.95,1,4.71,0.766129032,221.58,0.951612903,NA,0,NA,NA,0.745967742
1981,8,-37.54,0.762096774,995.19,0.995967742,5.09,0.790322581,198.34,0.975806452,NA,0,3.6,208.17,0.778225806
1981,9,-37.36,0.808333333,988.82,1,5.09,0.816666667,190.16,0.9625,NA,0,3.94,199.45,0.816666667
1981,10,-26.52,0.77016129,980.88,0.991935484,4.34,0.879032258,201.61,0.943548387,NA,0,2.97,212.8,0.858870968
1981,11,NA,0.741666667,977.08,0.991666667,5.55,0.8375,205.93,0.845833333,NA,0,4.75,216.61,0.791666667
1981,12,NA,0.705645161,978.56,0.975806452,4.21,0.858870968,184.43,0.907258065,NA,0,2.66,210.72,0.842741935
1982,1,NA,0.717741935,989.83,0.987903226,3.91,0.89516129,194.47,0.927419355,NA,0,2.58,200.08,0.879032258
1982,2,NA,0.723214286,986.5,0.991071429,4.69,0.919642857,177.27,0.950892857,NA,0,3.25,195.27,0.901785714
1982,3,-30.5,0.794354839,977.98,0.995967742,4.46,0.830645161,189.68,0.907258065,NA,0,2.64,190.12,0.798387097
1982,4,-35.94,0.791666667,980.13,0.991666667,4.56,0.829166667,207.29,0.954166667,NA,0,3.64,211.54,0.829166667
1982,5,-35.55,0.75,986.69,1,NA,0.725806452,190.89,0.822580645,NA,0,NA,NA,0.713709677
1982,6,-35.44,0.766666667,980.12,0.991666667,NA,0.745833333,194.7,0.970833333,NA,0,NA,NA,0.733333333
1982,7,-39.94,0.766129032,989.38,0.97983871,4.09,0.834677419,218.16,0.955645161,NA,0,2.32,229.15,0.834677419
1982,8,NA,0.733870968,975.38,1,7.9,0.75,198.4,0.89516129,NA,0,NA,NA,0.705645161
1982,9,-36.97,0.829166667,976.33,0.995833333,5.42,0.791666667,205.86,0.929166667,NA,0,4.27,211.6,0.7625
1982,10,-26.32,0.794354839,980.06,1,5.46,0.802419355,212.1,0.858870968,NA,0,NA,NA,0.72983871
1982,11,-15.48,0.841666667,984.6,1,6.5,0.858333333,209.39,0.916666667,NA,0,5.96,206.58,0.795833333
1982,12,NA,0.737903226,994.47,0.967741935,5.29,0.879032258,194.59,0.89516129,NA,0,3.95,203.82,0.834677419
1983,1,NA,0.629032258,991.91,1,3.18,0.919354839,172.08,0.907258065,NA,0,1.11,192.05,0.870967742
1983,2,NA,0.700892857,994.6,1,4.73,0.816964286,164.61,0.84375,NA,0,NA,NA,0.732142857
1983,3,-24.44,0.810483871,985.16,0.995967742,6.7,0.838709677,200.23,0.903225806,NA,0,5.59,204.97,0.786290323
1983,4,-23.64,0.879166667,979.37,0.991666667,8.11,0.758333333,211.4,0.9625,NA,0,7.5,210.81,0.754166667
1983,5,-24.46,0.887096774,985.38,0.983870968,NA,0.709677419,202.87,0.862903226,NA,0,NA,NA,0.669354839
1983,6,-37.15,0.75,988.89,0.9625,NA,0.6375,194.98,0.795833333,NA,0,NA,NA,0.595833333
1983,7,-36.72,0.790322581,981.22,0.995967742,NA,0.697580645,203.06,0.858870968,NA,0,NA,NA,0.677419355
1983,8,NA,0.443548387,NA,0.556451613,NA,0.358870968,NA,0.443548387,NA,0,NA,NA,0.334677419
1983,9,NA,0,NA,0,NA,0,NA,0,NA,0,NA,NA,0
1983,10,NA,0,NA,0,NA,0,NA,0,NA,0,NA,NA,0
1983,11,NA,0,NA,0,NA,0,NA,0,NA,0,NA,NA,0
1983,12,NA,0.39516129,NA,0.633064516,NA,0.491935484,NA,0.536290323,NA,0,NA,NA,0.475806452
1984,1,NA,0.661290323,993.86,0.995967742,3.69,0.838709677,196.2,0.879032258,NA,0,2.51,201.22,0.826612903
1984,2,-15.32,0.857758621,988.96,1,5.74,0.853448276,176.72,0.939655172,NA,0,4.03,182.09,0.818965517
1984,3,-22.61,0.838709677,979.26,1,6.06,0.766129032,221.26,0.935483871,NA,0,4.66,219.25,0.758064516
1984,4,-24.8,0.825,980.01,0.9875,NA,0.741666667,211.13,0.920833333,NA,0,NA,NA,0.708333333
1984,5,-28.58,0.814516129,987.73,1,6.01,0.778225806,210.76,0.943548387,NA,0,4.29,210.46,0.758064516
1984,6,-30.56,0.829166667,980.52,0.995833333,7.9,0.766666667,192.36,0.9375,NA,0,NA,NA,0.7375
1984,7,NA,0.697580645,975.8,0.97983871,NA,0.560483871,213.11,0.846774194,NA,0,NA,NA,0.540322581
1984,8,NA,0.681451613,985.63,0.923387097,NA,0.637096774,218.4,0.774193548,NA,0,NA,NA,0.600806452
1984,9,NA,0.7,981.09,0.9875,NA,0.516666667,NA,0.708333333,NA,0,NA,NA,0.5125
1984,10,NA,0.141129032,NA,0.181451613,NA,0.10483871,NA,0.120967742,NA,0,NA,NA,0.084677419
1984,11,NA,0,NA,0,NA,0,NA,0,NA,0,NA,NA,0
1984,12,NA,0,NA,0,NA,0,NA,0,NA,0,NA,NA,0
1985,1,NA,0.181451613,NA,0.193548387,NA,0.169354839,NA,0.189516129,NA,0,NA,NA,0.169354839
1985,2,NA,0.705357143,988.8,1,4.24,0.883928571,180.16,0.950892857,NA,0,3.15,189.93,0.883928571
1985,3,-23.87,0.887096774,987.01,1,6.66,0.758064516,203.73,0.887096774,NA,0,NA,NA,0.733870968
1985,4,NA,0.720833333,987.93,0.908333333,NA,0.483333333,NA,0.608333333,NA,0,NA,NA,0.458333333
1985,5,-31.29,0.75,989.74,0.89516129,NA,0.487903226,NA,0.600806452,NA,0,NA,NA,0.427419355
1985,6,NA,0.683333333,984.9,0.841666667,NA,0.175,NA,0.329166667,NA,0,NA,NA,0.175
1985,7,-43.27,0.802419355,975.62,0.947580645,NA,0,NA,0,NA,0,NA,NA,0
1985,8,-37.79,0.75,986.12,1,NA,0,NA,0,NA,0,NA,NA,0
1985,9,-33.34,0.779166667,975.98,0.9875,NA,0,NA,0,NA,0,NA,NA,0
1985,10,-25.6,0.814516129,976.82,0.967741935,NA,0,NA,0,NA,0,NA,NA,0
1985,11,NA,0.183333333,NA,0.258333333,NA,0,NA,0,NA,0,NA,NA,0
1985,12,NA,0,NA,0,NA,0,NA,0,NA,0,NA,NA,0
1986,1,NA,0.362903226,NA,0.471774194,NA,0.294354839,NA,0.314516129,NA,0,NA,NA,0.294354839
1986,2,-13.48,0.794642857,993.5,1,NA,0.727678571,208.51,0.803571429,NA,0,NA,NA,0.727678571
1986,3,-22.88,0.822580645,991.81,0.935483871,NA,0.540322581,NA,0.725806452,NA,0,NA,NA,0.540322581
1986,4,NA,0.7375,981.53,1,NA,0.520833333,188.45,0.766666667,NA,0,NA,NA,0.520833333
1986,5,-23.65,0.89516129,992.34,1,NA,0.685483871,201.9,0.806451613,NA,0,NA,NA,0.633064516
1986,6,-30.96,0.7875,991.86,0.991666667,NA,0.291666667,NA,0.3125,NA,0,NA,NA,0.195833333
1986,7,-35.31,0.77016129,981.32,0.995967742,NA,0.012096774,NA,0.012096774,NA,0,NA,NA,0.012096774
1986,8,NA,0.693548387,984.38,0.995967742,NA,0,NA,0,NA,0,NA,NA,0
1986,9,-42.01,0.795833333,979.58,1,NA,0,NA,0,NA,0,NA,NA,0
1986,10,NA,0.685483871,974.14,1,NA,0,NA,0,NA,0,NA,NA,0
1986,11,-14.72,0.808333333,975.92,0.991666667,NA,0,NA,0,NA,0,NA,NA,0
1986,12,-8.16,0.838709677,981.66,0.947580645,NA,0,NA,0,NA,0,NA,NA,0
1987,1,NA,0.741935484,991.9,0.866935484,NA,0.125,NA,0.125,NA,0,NA,NA,0.125
1987,2,NA,0.736607143,988.7,0.995535714,4.91,0.84375,180.89,0.950892857,NA,0,3.32,200.59,0.84375
1987,3,-27.34,0.814516129,987.68,0.983870968,3.95,0.862903226,181.33,0.939516129,NA,0,2.61,184.01,0.862903226
1987,4,-31.49,0.833333333,989.8,0.995833333,4.11,0.883333333,206.07,0.983333333,NA,0,2.78,219.46,0.883333333
1987,5,-29.76,0.794354839,984.08,1,5.99,0.798387097,222.26,0.971774194,NA,0,5.07,216.27,0.798387097
1987,6,-27.39,0.770833333,988.78,1,6.7,0.75,209.52,0.916666667,NA,0,5.83,207.21,0.75
1987,7,-31.87,0.75,993.61,0.923387097,NA,0.697580645,220.29,0.834677419,NA,0,NA,NA,0.697580645
1987,8,-35.25,0.806451613,976.31,0.991935484,NA,0.608870968,NA,0.665322581,NA,0,NA,NA,0.451612903
1987,9,NA,0.7375,989.51,0.991666667,NA,0.633333333,NA,0.583333333,NA,0,NA,NA,0.408333333
1987,10,-24.99,0.75,980.3,0.995967742,4.71,0.77016129,NA,0.572580645,NA,0,NA,NA,0.483870968
1987,11,NA,0.679166667,979.21,0.9375,3.85,0.758333333,NA,0.7375,NA,0,NA,NA,0.695833333
1987,12,NA,0.685483871,985.89,0.943548387,4.23,0.822580645,193.05,0.858870968,NA,0,3.13,211.06,0.818548387
1988,1,NA,0.721774194,988.75,0.995967742,3.98,0.923387097,202.41,0.947580645,NA,0,2.79,218.96,0.923387097
1988,2,NA,0.663793103,985.41,0.995689655,3.63,0.926724138,176.41,0.956896552,NA,0,1.72,187.09,0.926724138
1988,3,-27.04,0.778225806,986.61,0.987903226,5.4,0.858870968,193.82,0.959677419,NA,0,4.28,203.16,0.858870968
1988,4,-27.42,0.8875,984.66,0.970833333,6.47,0.829166667,197.22,0.954166667,NA,0,5.29,209.39,0.829166667
1988,5,-28.25,0.862903226,990.93,1,6.79,0.818548387,220.91,0.991935484,NA,0,6.15,211.56,0.818548387
1988,6,-28.95,0.795833333,995.66,0.941666667,8.06,0.75,211.36,0.891666667,NA,0,7.21,210.13,0.75
1988,7,NA,0.733870968,977.83,0.883064516,NA,0.733870968,209.72,0.834677419,NA,0,NA,NA,0.733870968
1988,8,NA,0.709677419,975.9,0.963709677,NA,0.637096774,207.44,0.955645161,NA,0,NA,NA,0.637096774
1988,9,-27.57,0.816666667,984.84,1,6.45,0.775,204.03,0.958333333,NA,0,5.19,221.06,0.775
1988,10,NA,0.741935484,990.69,0.975806452,6.5,0.794354839,210.09,0.959677419,NA,0,5.82,211.52,0.794354839
1988,11,NA,0.7375,981.52,0.9125,4.35,0.804166667,192.88,0.854166667,NA,0,3.38,209.2,0.804166667
1988,12,NA,0.721774194,982.42,0.995967742,4.42,0.911290323,206.1,0.963709677,NA,0,3.46,209.17,0.911290323
1989,1,-6.18,0.826612903,984.71,0.995967742,5.33,0.915322581,207.97,0.971774194,NA,0,4.74,208.22,0.915322581
1989,2,NA,0.620535714,985.68,1,3.84,0.959821429,160.93,0.977678571,NA,0,2.05,153.62,0.959821429
1989,3,-22.53,0.826612903,984.89,1,5.21,0.830645161,203.42,0.951612903,NA,0,4.69,208.04,0.818548387
1989,4,-23.36,0.791666667,989.66,0.891666667,NA,0.7,192.19,0.845833333,NA,0,NA,NA,0.7
1989,5,NA,0.681451613,971.79,0.798387097,NA,0.64516129,NA,0.733870968,NA,0,NA,NA,0.64516129
1989,6,NA,0.391666667,NA,0.5,NA,0.395833333,NA,0.491666667,NA,0,NA,NA,0.395833333
1989,7,NA,0.665322581,981.13,0.870967742,NA,0.697580645,211.84,0.818548387,NA,0,NA,NA,0.697580645
1989,8,NA,0.5,NA,0.653225806,NA,0.544354839,NA,0.641129032,NA,0,NA,NA,0.544354839
1989,9,NA,0.575,984.5,0.758333333,NA,0.441666667,NA,0.616666667,NA,0,NA,NA,0.4125
1989,10,-22.36,0.766129032,975.79,0.935483871,7.07,0.754032258,210.19,0.927419355,NA,0,5.89,220.01,0.754032258
1989,11,-13.12,0.870833333,975.88,0.979166667,6.94,0.816666667,211.39,0.954166667,NA,0,6.4,215.71,0.816666667
1989,12,NA,0.661290323,988.95,0.987903226,3.82,0.879032258,197.46,0.939516129,NA,0,2.7,207.94,0.879032258
1990,1,NA,0.608870968,988.39,0.903225806,3.35,0.762096774,169.87,0.818548387,NA,0,1.13,192.25,0.762096774
1990,2,-16.2,0.816964286,983.09,1,5.03,0.848214286,169.55,0.964285714,NA,0,3.41,182.18,0.834821429
1990,3,-26.45,0.818548387,987.08,1,5.38,0.915322581,208.03,0.963709677,NA,0,4.54,204.97,0.915322581
1990,4,-27.81,0.845833333,993.54,0.970833333,6.63,0.825,209.4,0.958333333,NA,0,5.02,211.35,0.825
1990,5,-29.4,0.830645161,999.64,0.967741935,6.47,0.838709677,193.15,0.955645161,NA,0,5.11,199.23,0.838709677
1990,6,-35.1,0.758333333,989.43,0.970833333,6.05,0.795833333,197.41,0.954166667,NA,0,4.52,205.04,0.795833333
1990,7,-33.84,0.846774194,999.1,1,4.75,0.830645161,200.18,0.959677419,NA,0,3.51,202.95,0.830645161
1990,8,NA,0.733870968,982.64,0.991935484,5.15,0.802419355,211.55,0.959677419,NA,0,3.45,208.18,0.802419355
1990,9,-38.05,0.783333333,974.25,0.995833333,4.14,0.829166667,201.67,0.966666667,NA,0,2.13,215.23,0.829166667
1990,10,-27.13,0.778225806,983.13,1,5.52,0.891129032,206.18,0.995967742,NA,0,4.58,208.9,0.891129032
1990,11,-14.71,0.8,984.74,1,4.54,0.9,222.04,0.9625,NA,0,3.29,213.94,0.9
1990,12,-7.33,0.907258065,984.7,1,6.98,0.947580645,212.89,0.987903226,NA,0,6.2,205.93,0.947580645
1991,1,NA,0.693548387,983.7,0.995967742,3.52,0.903225806,181.43,0.947580645,NA,0,1.22,199.95,0.903225806
1991,2,-11.79,0.767857143,989.76,1,5.32,0.875,178.74,0.977678571,NA,0,3.92,197.71,0.875
1991,3,-26.45,0.858870968,983.6,1,NA,0.745967742,183.83,0.971774194,NA,0,NA,NA,0.745967742
1991,4,-28.01,0.825,988.18,0.991666667,6.24,0.833333333,212.22,0.979166667,NA,0,5.01,213.22,0.833333333
1991,5,-31.9,0.814516129,989.3,0.97983871,7.05,0.790322581,192.65,0.959677419,NA,0,5.22,201.73,0.790322581
1991,6,-27.13,0.816666667,992.28,0.979166667,6.43,0.775,212.44,0.954166667,NA,0,4.92,204.28,0.775
1991,7,NA,0.141129032,NA,0.173387097,NA,0.141129032,NA,0.165322581,NA,0,NA,NA,0.141129032
1991,8,NA,0,NA,0,NA,0,NA,0,NA,0,NA,NA,0
1991,9,NA,0,NA,0,NA,0,NA,0,NA,0,NA,NA,0
1991,10,NA,0.419354839,NA,0.443548387,NA,0.379032258,NA,0.443548387,NA,0,NA,NA,0.379032258
1991,11,-15.05,0.829166667,984.87,1,5.46,0.829166667,200.3,0.983333333,NA,0,3.73,210.52,0.829166667
1991,12,-6.43,0.814516129,995.37,0.987903226,6.25,0.939516129,200,0.963709677,NA,0,5.59,199.86,0.939516129
1992,1,NA,0.721774194,988.94,0.963709677,4.04,0.883064516,186.98,0.911290323,NA,0,2.87,193.44,0.883064516
1992,2,NA,0.724137931,997.7,1,4.55,0.935344828,178.35,0.961206897,NA,0,3.16,193.13,0.935344828
1992,3,-20.21,0.959677419,988.34,1,9.72,0.923387097,192.89,0.987903226,NA,0,8.97,199.93,0.911290323
1992,4,-32.4,0.8375,987.19,1,4.63,0.875,210.65,0.970833333,NA,0,2.98,214.89,0.866666667
1992,5,-30.04,0.782258065,992.85,0.991935484,5.15,0.870967742,200.6,0.967741935,NA,0,3.27,219.97,0.870967742
1992,6,-33.22,0.829166667,996.9,1,NA,0.741666667,189.45,0.933333333,NA,0,NA,NA,0.741666667
1992,7,-30.47,0.830645161,984.84,0.991935484,6.27,0.778225806,208.58,0.935483871,NA,0,5.37,204.43,0.778225806
1992,8,NA,0.681451613,989.01,0.850806452,NA,0.677419355,202.8,0.790322581,NA,0,NA,NA,0.677419355
1992,9,NA,0,NA,0,NA,0,NA,0,NA,0,NA,NA,0
1992,10,NA,0,NA,0,NA,0,NA,0,NA,0,NA,NA,0
1992,11,NA,0,NA,0,NA,0,NA,0,NA,0,NA,NA,0
1992,12,NA,0,NA,0,NA,0,NA,0,NA,0,NA,NA,0
1993,1,NA,0.362903226,NA,0.608870968,NA,0.536290323,NA,0.560483871,NA,0.608870968,NA,NA,0.536290323
1993,2,-13.65,0.785714286,977.79,1,7.04,0.861607143,198.59,0.982142857,74.25,1,6.2,208.1,0.861607143
1993,3,-24.73,0.85483871,985.65,1,6.05,0.883064516,187.98,0.983870968,72.41,0.995967742,4.69,205.37,0.883064516
1993,4,-27.28,0.791666667,981.31,1,5.81,0.758333333,218.14,0.983333333,75.25,1,4.93,218.52,0.758333333
1993,5,-34.55,0.850806452,983.02,1,4.64,0.846774194,201.62,0.967741935,66.86,1,3.13,210.35,0.846774194
1993,6,-29.06,0.829166667,976.22,0.970833333,NA,0.616666667,213.38,0.920833333,72.97,0.970833333,NA,NA,0.616666667
1993,7,-30.41,0.810483871,972.22,0.991935484,NA,0.701612903,208.15,0.915322581,71.28,0.991935484,NA,NA,0.701612903
1993,8,-38.38,0.830645161,978.3,1,NA,0.705645161,193.61,0.862903226,62.73,1,NA,NA,0.693548387
1993,9,-32.27,0.7625,976.74,1,NA,0.679166667,215.36,0.8625,67.47,1,NA,NA,0.679166667
1993,10,NA,0.72983871,976.24,1,5.61,0.754032258,217.39,0.85483871,62.81,0.995967742,4.43,214.64,0.754032258
1993,11,-14.31,0.758333333,979.02,0.995833333,4.04,0.858333333,212.25,0.920833333,67.72,0.995833333,2.86,228.43,0.858333333
1993,12,NA,0.616935484,982.34,1,3.78,0.911290323,174.32,0.939516129,67.69,1,2.02,184.67,0.911290323
1994,1,NA,0.701612903,983.97,0.97983871,4.52,0.915322581,205.34,0.975806452,73.03,0.97983871,3.67,215.8,0.915322581
1994,2,NA,0.651785714,982.62,1,4.31,0.879464286,192.52,0.941964286,72.67,1,3.11,201.27,0.879464286
1994,3,NA,0.705645161,978.52,0.983870968,NA,0.653225806,187.3,0.818548387,70.73,0.983870968,NA,NA,0.653225806
1994,4,-24.07,0.833333333,985.41,1,5.4,0.866666667,215.78,0.9875,77.46,1,4.59,210.92,0.866666667
1994,5,NA,0.737903226,985.17,0.995967742,NA,0.725806452,195.02,0.975806452,65.9,0.995967742,NA,NA,0.725806452
1994,6,NA,0.716666667,998.7,1,NA,0.7125,213.62,0.979166667,69.62,1,NA,NA,0.7125
1994,7,-31.92,0.814516129,989.16,1,6.55,0.810483871,210.4,0.939516129,69.47,0.987903226,5.58,211.18,0.810483871
1994,8,-39.14,0.786290323,974.98,1,4.88,0.830645161,223.46,0.955645161,63.01,1,3.9,229.23,0.830645161
1994,9,NA,0.7375,989.46,1,3.59,0.795833333,214.4,0.904166667,61.4,1,2.58,216.83,0.795833333
1994,10,-22,0.802419355,977.55,1,NA,0.612903226,210.79,0.790322581,73.77,0.959677419,NA,NA,0.612903226
1994,11,-12.93,0.7625,983.87,0.995833333,4.73,0.829166667,206.03,0.929166667,70.33,0.995833333,3.54,209.95,0.829166667
1994,12,-6.03,0.758064516,980.08,1,4.63,0.955645161,195.83,0.971774194,72.6,1,3.27,219.75,0.955645161
1995,1,-7.2,0.758064516,980.14,0.995967742,4.7,0.967741935,196.11,0.983870968,75.36,0.995967742,3.61,205.84,0.967741935
1995,2,NA,0.674107143,981.03,0.96875,5.33,0.816964286,193.8,0.928571429,75.47,0.964285714,4.08,206.35,0.816964286
1995,3,-26.21,0.818548387,990.86,1,4.82,0.862903226,196.09,0.955645161,72.75,1,3.6,206.49,0.862903226
1995,4,-33.45,0.758333333,983.57,1,4.64,0.820833333,205.84,0.95,68.44,1,3.3,208.63,0.820833333
1995,5,-35.05,0.822580645,980.88,1,6.22,0.818548387,189.54,0.951612903,67.67,1,4.97,207.93,0.818548387
1995,6,-29.88,0.766666667,988.44,1,NA,0.691666667,209.5,0.983333333,72.59,1,NA,NA,0.691666667
1995,7,-34.89,0.774193548,1001.5,1,4.72,0.806451613,202.18,0.959677419,67.55,1,3.06,211.71,0.806451613
1995,8,-33.46,0.862903226,986.36,1,6.19,0.802419355,216,0.927419355,68.18,1,5.06,216.88,0.802419355
1995,9,-33.17,0.8625,977.81,1,5.95,0.75,216.29,0.908333333,67.42,1,4.93,216.77,0.75
1995,10,NA,0.721774194,979.82,0.987903226,5.23,0.818548387,211.8,0.947580645,66.67,0.987903226,4.25,214.01,0.818548387
1995,11,-13.2,0.833333333,977.41,1,6.38,0.858333333,217.01,0.9875,69.64,1,5.67,216.17,0.858333333
1995,12,-5.28,0.774193548,977.11,1,5.05,0.931451613,198.75,0.967741935,74.26,1,3.93,216.66,0.931451613
1996,1,NA,0.701612903,985.51,0.967741935,4.87,0.883064516,209.65,0.915322581,72.82,0.967741935,4.29,210.78,0.883064516
1996,2,NA,0.603448276,990.19,0.995689655,4.18,0.926724138,186.77,0.974137931,71.19,0.995689655,3.13,198.51,0.926724138
1996,3,NA,0.717741935,985.18,1,4.83,0.85483871,194.64,0.931451613,71.71,1,4.05,199.32,0.85483871
1996,4,NA,0.729166667,978.63,0.995833333,4.77,0.779166667,210.26,0.9625,78.84,0.995833333,3.45,216.51,0.779166667
1996,5,-31.13,0.822580645,985.81,1,4.74,0.806451613,209.91,0.883064516,72.96,1,3.54,210.7,0.806451613
1996,6,-31.81,0.804166667,982.36,1,6.94,0.770833333,202.69,0.975,72.4,1,5.4,212.41,0.770833333
1996,7,-34.67,0.782258065,982.52,0.963709677,NA,0.620967742,206.28,0.806451613,67.75,0.963709677,NA,NA,0.620967742
1996,8,-28.16,0.782258065,987.58,1,NA,0.649193548,214.83,0.870967742,75.25,1,NA,NA,0.649193548
1996,9,-30.26,0.758333333,989.27,0.983333333,NA,0.725,221.9,0.85,70.91,0.983333333,NA,NA,0.725
1996,10,NA,0.681451613,972.14,1,NA,0.72983871,218.59,0.887096774,66.32,1,NA,NA,0.72983871
1996,11,-13.54,0.783333333,986.81,0.995833333,5.37,0.866666667,220.9,0.916666667,69.41,0.995833333,4.32,211.93,0.866666667
1996,12,-5.58,0.810483871,984.98,1,4.83,0.935483871,215.94,0.971774194,71.33,1,4.19,212.77,0.935483871
1997,1,NA,0.689516129,988.42,1,3.58,0.927419355,192.65,0.955645161,71.46,1,2.57,207.31,0.927419355
1997,2,NA,0.674107143,989.35,0.986607143,5.2,0.888392857,174.53,0.946428571,70.99,0.986607143,4.24,197.21,0.888392857
1997,3,-27.99,0.830645161,980.08,1,3.57,0.875,195.06,0.931451613,70.67,1,2.03,206.02,0.875
1997,4,-34.44,0.7875,986.01,1,3.58,0.766666667,212.9,0.9,69.25,1,2.02,222.68,0.766666667
1997,5,-30.44,0.75,973.33,1,NA,0.713709677,218.69,0.911290323,73.68,1,NA,NA,0.713709677
1997,6,-28.48,0.816666667,987.6,0.995833333,NA,0.683333333,214.2,0.858333333,75.25,0.995833333,NA,NA,0.683333333
1997,7,-35.11,0.810483871,979.87,1,NA,0.524193548,NA,0.741935484,67.89,1,NA,NA,0.512096774
1997,8,-40.89,0.77016129,977.72,1,NA,0.504032258,NA,0.673387097,62.67,1,NA,NA,0.504032258
1997,9,-31.03,0.779166667,980.96,1,NA,0.595833333,208.02,0.783333333,71.28,1,NA,NA,0.595833333
1997,10,-18.82,0.850806452,976.84,1,8.07,0.826612903,202.86,0.955645161,74.86,1,7.67,208.4,0.826612903
1997,11,-9.36,0.945833333,986.9,1,8.17,0.875,203.48,0.966666667,77.56,1,7.81,209.33,0.875
1997,12,NA,0.713709677,990.13,1,4.12,0.907258065,189.41,0.951612903,72,1,3.01,207.71,0.907258065
1998,1,NA,0.548387097,985.35,1,3.17,0.927419355,151.41,0.943548387,71.59,1,1.34,170.73,0.927419355
1998,2,-11.41,0.794642857,980.55,1,4.98,0.90625,193.59,0.973214286,80.18,1,3.79,203.51,0.90625
1998,3,-23.44,0.834677419,982.14,1,5.31,0.850806452,218.49,0.955645161,74.88,1,4.29,220.91,0.850806452
1998,4,-36.22,0.75,976.13,1,NA,0.704166667,202.38,0.829166667,68.05,1,NA,NA,0.704166667
1998,5,NA,0.717741935,982.67,1,NA,0.641129032,204.04,0.850806452,74.94,1,NA,NA,0.641129032
1998,6,-23.38,0.816666667,977.47,1,NA,0.5875,NA,0.7125,82.11,1,NA,NA,0.5875
1998,7,-34.59,0.75,980.71,1,NA,0.620967742,223.02,0.782258065,69.35,1,NA,NA,0.620967742
1998,8,NA,0.649193548,980.76,0.786290323,NA,0.358870968,NA,0.491935484,67.62,0.786290323,NA,NA,0.358870968
1998,9,NA,0.025,NA,0.025,NA,0.020833333,NA,0.025,NA,0.029166667,NA,NA,0.020833333
1998,10,NA,0,NA,0,NA,0,NA,0,NA,0,NA,NA,0
1998,11,NA,0,NA,0,NA,0,NA,0,NA,0,NA,NA,0
1998,12,NA,0,NA,0,NA,0,NA,0,NA,0,NA,NA,0
1999,1,NA,0.298387097,NA,0.358870968,NA,0.342741935,NA,0.350806452,NA,0.358870968,NA,NA,0.342741935
1999,2,NA,0.674107143,987.35,1,4.01,0.897321429,199.58,0.977678571,70.45,1,2.69,203.71,0.897321429
1999,3,NA,0.346774194,NA,0.443548387,NA,0.366935484,NA,0.439516129,NA,0.443548387,NA,NA,0.366935484
1999,4,NA,0,NA,0,NA,0,NA,0,NA,0,NA,NA,0
1999,5,NA,0,NA,0,NA,0,NA,0,NA,0,NA,NA,0
1999,6,NA,0,NA,0,NA,0,NA,0,NA,0,NA,NA,0
1999,7,NA,0,NA,0,NA,0,NA,0,NA,0,NA,NA,0
1999,8,NA,0,NA,0,NA,0,NA,0,NA,0,NA,NA,0
1999,9,NA,0,NA,0,NA,0,NA,0,NA,0,NA,NA,0
1999,10,NA,0,NA,0,NA,0,NA,0,NA,0,NA,NA,0
1999,11,NA,0,NA,0,NA,0,NA,0,NA,0,NA,NA,0
1999,12,NA,0,NA,0,NA,0,NA,0,NA,0,NA,NA,0
2000,1,NA,0,NA,0,NA,0,NA,0,NA,0.008064516,NA,NA,0
2000,2,NA,0.271551724,NA,0.400862069,NA,0.306034483,NA,0.36637931,NA,0.435344828,NA,NA,0.306034483
2000,3,NA,0.10483871,NA,0.100806452,NA,0.056451613,NA,0.084677419,NA,0.10483871,NA,NA,0.056451613
2000,4,NA,0,NA,0,NA,0,NA,0,NA,0,NA,NA,0
2000,5,NA,0,NA,0,NA,0,NA,0,NA,0,NA,NA,0
2000,6,NA,0,NA,0,NA,0,NA,0,NA,0,NA,NA,0
2000,7,NA,0,NA,0,NA,0,NA,0,NA,0,NA,NA,0
2000,8,NA,0,NA,0,NA,0,NA,0,NA,0,NA,NA,0
2000,9,NA,0,NA,0,NA,0,NA,0,NA,0,NA,NA,0
2000,10,NA,0,NA,0,NA,0,NA,0,NA,0,NA,NA,0
2000,11,NA,0,NA,0,NA,0,NA,0,NA,0,NA,NA,0
2000,12,NA,0,NA,0,NA,0,NA,0,NA,0,NA,NA,0
2001,1,NA,0.379032258,NA,0.705645161,NA,0.637096774,NA,0.669354839,NA,0.681451613,NA,NA,0.637096774
2001,2,NA,0.633928571,988.13,0.933035714,3.94,0.821428571,204.75,0.901785714,87.3,0.883928571,2.72,206.4,0.821428571
2001,3,NA,0.657258065,985.44,0.907258065,NA,0.633064516,NA,0.693548387,82.87,0.887096774,NA,NA,0.633064516
2001,4,-27.35,0.8125,979.5,1,NA,0.5125,NA,0.608333333,83.3,0.975,NA,NA,0.5125
2001,5,-31.12,0.838709677,985.33,1,NA,0.697580645,195.72,0.862903226,77.95,0.963709677,NA,NA,0.697580645
2001,6,-27.96,0.816666667,982.27,1,7.87,0.766666667,193.16,0.966666667,83.1,0.9875,6.94,199.87,0.766666667
2001,7,-28.21,0.822580645,987.25,1,NA,0.713709677,201.37,0.911290323,82.6,1,NA,NA,0.713709677
2001,8,-42.06,0.77016129,983.66,1,NA,0.721774194,190.15,0.846774194,67.36,1,NA,NA,0.721774194
2001,9,NA,0.6625,979.22,1,NA,0.695833333,220.52,0.8875,78.93,0.995833333,NA,NA,0.695833333
2001,10,-24.05,0.766129032,972.56,1,6.79,0.778225806,195.91,0.887096774,75.17,0.995967742,6.31,200.34,0.778225806
2001,11,-13.32,0.854166667,975.95,1,5.4,0.866666667,202.65,0.954166667,81.78,0.975,4.69,205.38,0.866666667
2001,12,NA,0.701612903,976.36,1,4.78,0.842741935,202.82,0.939516129,82.11,0.891129032,3.01,199.42,0.842741935
2002,1,NA,0.540322581,983.2,1,3.34,0.85483871,188.07,0.911290323,83.62,0.875,2.02,191.17,0.85483871
2002,2,NA,0.59375,977.82,1,4.6,0.84375,202.26,0.96875,84.56,0.946428571,3.81,205.62,0.84375
2002,3,-20.24,0.798387097,990.39,1,6.69,0.766129032,192.02,0.967741935,86.74,0.963709677,4.55,196.82,0.766129032
2002,4,-27.97,0.808333333,981.13,1,5.32,0.8625,197.82,0.966666667,82.69,0.991666667,4.57,200.69,0.8625
2002,5,-26.62,0.883064516,992.21,1,7.24,0.77016129,200.67,0.927419355,84.9,0.971774194,6.18,196.13,0.77016129
2002,6,-35.55,0.816666667,995,1,NA,0.525,NA,0.654166667,75.67,1,NA,NA,0.525
2002,7,-38.77,0.806451613,989.45,1,NA,0.290322581,NA,0.338709677,72.23,1,NA,NA,0.290322581
2002,8,-38.16,0.806451613,979.2,1,NA,0.153225806,NA,0.254032258,73.04,1,NA,NA,0.153225806
2002,9,-26.68,0.7625,986.63,1,NA,0.579166667,NA,0.6875,83.2,0.9875,NA,NA,0.579166667
2002,10,-21.57,0.875,989.81,1,NA,0.685483871,202.69,0.846774194,83.8,0.995967742,NA,NA,0.685483871
2002,11,-13.22,0.816666667,983.4,1,4.99,0.858333333,183.76,0.9375,83.27,0.9875,3.55,194.84,0.858333333
2002,12,NA,0.717741935,978.65,1,4.19,0.911290323,194.51,0.959677419,84.92,0.947580645,3.22,197.41,0.911290323
2003,1,NA,0.733870968,990.5,1,4.86,0.870967742,194.32,0.955645161,87.6,0.786290323,3.84,197.24,0.870967742
2003,2,NA,0.696428571,989.75,0.96875,4.62,0.848214286,196.71,0.928571429,88.97,0.879464286,3.24,196.89,0.848214286
2003,3,-22.41,0.810483871,985.4,0.995967742,5.05,0.830645161,192.19,0.955645161,86.11,0.983870968,3.88,206.57,0.830645161
2003,4,-30.81,0.808333333,978.42,1,3.73,0.808333333,208.29,0.929166667,82.94,0.995833333,2.46,210.57,0.808333333
2003,5,-26.25,0.875,977.73,1,9.37,0.782258065,208.34,0.983870968,86.58,0.959677419,8.68,202.04,0.782258065
2003,6,-28.5,0.866666667,992.96,1,6.15,0.816666667,203.81,0.941666667,84.17,0.983333333,5.38,201.47,0.816666667
2003,7,-27.76,0.875,979.56,0.995967742,NA,0.709677419,201.84,0.959677419,84.23,0.995967742,NA,NA,0.709677419
2003,8,NA,0.713709677,978.4,1,NA,0.588709677,NA,0.701612903,75.46,1,NA,NA,0.588709677
2003,9,-30.7,0.8125,980.23,1,NA,0.720833333,196.61,0.929166667,80.72,1,NA,NA,0.720833333
2003,10,-20.62,0.814516129,973.78,0.995967742,NA,0.689516129,198.73,0.963709677,82.82,0.967741935,NA,NA,0.689516129
2003,11,-14.29,0.866666667,982.02,1,6.76,0.895833333,188.05,0.9625,79.44,0.966666667,6.3,194.25,0.895833333
2003,12,NA,0.697580645,992.82,0.995967742,4.63,0.919354839,196.29,0.959677419,83.42,0.911290323,3.54,199.36,0.919354839
2004,1,NA,0.620967742,984.92,1,3.38,0.939516129,148.07,0.975806452,86.5,0.870967742,1.86,167.75,0.939516129
2004,2,NA,0.547413793,994.77,0.99137931,3.53,0.849137931,179.38,0.909482759,84.93,0.935344828,2.13,189.76,0.849137931
2004,3,-27.44,0.830645161,985.03,1,NA,0.560483871,NA,0.608870968,84.12,0.983870968,NA,NA,0.548387097
2004,4,-27.7,0.766666667,979.58,1,4.89,0.775,215.68,0.916666667,86.79,1,3.65,213,0.775
2004,5,-34.31,0.75,982.32,0.991935484,4.71,0.810483871,211.4,0.967741935,79.56,0.97983871,3.52,216.41,0.810483871
2004,6,-31.16,0.766666667,979.64,1,NA,0.679166667,200.42,0.8625,82.99,1,NA,NA,0.679166667
2004,7,NA,0.725806452,978.89,1,4.95,0.830645161,193.43,0.963709677,70.53,1,3.44,198.12,0.830645161
2004,8,NA,0.725806452,983.17,1,NA,0.717741935,211.08,0.89516129,73.62,1,NA,NA,0.717741935
2004,9,NA,0.675,983.35,1,NA,0.504166667,NA,0.65,78.94,1,NA,NA,0.504166667
2004,10,NA,0.713709677,979.87,1,NA,0.620967742,199.07,0.77016129,79.71,1,NA,NA,0.620967742
2004,11,-11.15,0.866666667,976.26,0.995833333,6.62,0.8375,207.36,0.958333333,83.38,0.933333333,5.8,211.87,0.8375
2004,12,NA,0.733870968,990.24,0.987903226,4.14,0.850806452,178.33,0.899193548,81.75,0.939516129,2.78,198.8,0.850806452
2005,1,NA,0.741935484,985.89,1,4.68,0.911290323,189.67,0.963709677,82.66,0.786290323,3.68,192.84,0.911290323
2005,2,NA,0.727678571,986.18,1,4.83,0.897321429,186.66,0.959821429,83.75,0.763392857,3.82,190.55,0.897321429
2005,3,-24.37,0.826612903,983.61,1,4.88,0.89516129,197.71,0.987903226,84.4,0.991935484,3.93,204.76,0.89516129
2005,4,-28.75,0.75,980.03,1,NA,0.6875,206.61,0.829166667,85.35,1,NA,NA,0.6875
2005,5,-25.1,0.842741935,980.54,1,NA,0.741935484,206.02,0.97983871,89.77,0.975806452,NA,NA,0.741935484
2005,6,-31.34,0.7875,989.35,1,NA,0.745833333,207.49,0.979166667,82.19,0.95,NA,NA,0.745833333
2005,7,-31.79,0.826612903,982.23,1,6.02,0.842741935,210.57,0.963709677,83,0.991935484,4.72,206.27,0.842741935
2005,8,-33,0.866935484,977.8,1,NA,0.721774194,194.87,0.89516129,80.95,0.967741935,NA,NA,0.721774194
2005,9,NA,0.741666667,978.15,1,NA,0.6875,209.04,0.858333333,81.92,0.9625,NA,NA,0.6875
2005,10,-21.16,0.810483871,972.11,1,NA,0.641129032,210.39,0.887096774,82.18,0.97983871,NA,NA,0.641129032
2005,11,-12.27,0.858333333,979.64,1,5.52,0.866666667,194.75,0.979166667,81.08,0.95,4.13,206.92,0.866666667
2005,12,-3.51,0.782258065,994.77,1,5.22,0.850806452,191.14,0.947580645,83.8,0.842741935,4.19,200.67,0.850806452
2006,1,NA,0.697580645,985.8,1,4.74,0.891129032,186.04,0.947580645,79.77,0.879032258,3.74,198.07,0.891129032
2006,2,NA,0.678571429,984.87,1,4.57,0.816964286,167.17,0.955357143,85.67,0.758928571,2.06,184.49,0.816964286
2006,3,-23.03,0.846774194,985.56,1,5.02,0.790322581,191.18,0.923387097,86.84,0.991935484,4.15,195.67,0.790322581
2006,4,-32.86,0.791666667,988.2,1,NA,0.620833333,NA,0.725,81.82,0.979166667,NA,NA,0.620833333
2006,5,NA,0.713709677,977.81,1,4.47,0.85483871,186.39,0.955645161,78.51,0.991935484,2.55,196.66,0.85483871
2006,6,-27.97,0.775,981.47,1,6.63,0.775,199.79,0.9625,85.36,0.879166667,5.58,198.03,0.775
2006,7,NA,0.653225806,978.49,1,NA,0.72983871,198.89,0.842741935,76.56,0.995967742,NA,NA,0.72983871
2006,8,-25.47,0.879032258,990.28,1,8,0.798387097,199.48,0.967741935,89.76,0.899193548,7.37,200.36,0.798387097
2006,9,-27.33,0.845833333,983.08,1,8.99,0.779166667,206.02,0.945833333,84.83,0.870833333,8.39,201.97,0.779166667
2006,10,-24.71,0.834677419,975.97,1,6.15,0.818548387,198.33,0.947580645,81.77,0.987903226,5.47,199.05,0.818548387
2006,11,-12.01,0.804166667,978.63,1,5.3,0.941666667,204.66,1,81.87,0.95,4.69,207.15,0.941666667
2006,12,NA,0.709677419,982.84,1,4.27,0.947580645,173.57,1,80.45,0.931451613,2.69,196.7,0.947580645
2007,1,NA,0.737903226,986.2,1,4.38,0.919354839,185.04,1,84.63,0.842741935,3.3,202.21,0.919354839
2007,2,-12.24,0.84375,982.97,1,5.68,0.910714286,188.11,1,86.31,0.816964286,4.79,192.44,0.910714286
2007,3,-22.28,0.814516129,989.91,1,5.66,0.790322581,187.38,1,87.38,0.955645161,4.16,196.75,0.790322581
2007,4,NA,0.7375,984.82,1,4.23,0.8,208.29,1,87.62,0.95,3.31,211.48,0.8
2007,5,NA,0.733870968,986.7,1,5.6,0.870967742,207,1,87.68,0.943548387,4.88,209.41,0.870967742
2007,6,-28.21,0.791666667,985.87,1,7.54,0.808333333,201.81,1,84.22,0.970833333,6.71,209.28,0.808333333
2007,7,-29.47,0.754032258,996.97,1,6.22,0.802419355,200.51,1,85.89,0.943548387,5.02,203.4,0.802419355
2007,8,-30.36,0.834677419,979.37,1,NA,0.721774194,208.39,0.991935484,85.7,1,NA,NA,0.721774194
2007,9,-27.37,0.804166667,978.01,1,7.45,0.766666667,209.16,1,86.62,1,6.65,205.77,0.766666667
2007,10,-25.45,0.77016129,982.23,1,5.72,0.862903226,186,1,83.31,0.995967742,4.39,198.68,0.862903226
2007,11,-12.18,0.8625,981.65,1,6.06,0.879166667,206.95,1,85.57,0.933333333,5.2,210.81,0.879166667
2007,12,-4.98,0.794354839,975.61,1,5.7,0.903225806,199.33,1,84.28,0.883064516,4.68,210.82,0.903225806
2008,1,-4.39,0.802419355,979.84,1,5.62,0.947580645,201.77,1,NA,0.741935484,5.08,201.42,0.947580645
2008,2,NA,0.74137931,979.87,1,5.63,0.875,197.81,1,87.03,0.905172414,4.32,199.41,0.875
2008,3,-20.41,0.806451613,984.74,1,4.12,0.846774194,194.99,1,90.25,0.850806452,1.95,204.94,0.846774194
2008,4,-26.39,0.808333333,985.64,1,5.42,0.779166667,204.5,1,88.54,0.941666667,4.77,202.09,0.779166667
2008,5,-29.93,0.778225806,983.64,1,5.44,0.834677419,199.77,1,85.03,0.97983871,4.22,212.36,0.834677419
2008,6,-22.96,0.866666667,977.06,1,9.43,0.829166667,198.7,1,91.02,0.795833333,8.91,201.86,0.829166667
2008,7,-34.32,0.77016129,980.28,1,5.44,0.754032258,203.66,0.987903226,81.7,1,3.87,212.56,0.754032258
2008,8,NA,0.669354839,982.79,1,NA,0.64516129,182.38,0.923387097,73.1,1,NA,NA,0.64516129
2008,9,-24.41,0.8375,972.06,1,NA,0.604166667,217.1,0.945833333,90.45,0.895833333,NA,NA,0.604166667
2008,10,-20.52,0.774193548,973.99,1,4.83,0.826612903,203.59,0.975806452,86,0.97983871,3.86,207.01,0.826612903
2008,11,NA,0.6875,978.18,1,4.27,0.916666667,199.97,1,80.07,0.9375,2.88,208.46,0.916666667
2008,12,NA,0.584677419,980.09,1,3.42,0.947580645,179.98,1,81.63,0.943548387,1.78,204.28,0.947580645
2009,1,NA,0.681451613,980.49,1,3.76,0.931451613,175.22,1,84.09,0.887096774,2.38,198.17,0.931451613
2009,2,NA,0.714285714,985.53,1,4.59,0.915178571,175.25,1,85.05,0.910714286,3.6,185.02,0.915178571
2009,3,-25.02,0.77016129,982.33,1,3.8,0.89516129,167.27,1,87.59,0.967741935,2.67,183.43,0.89516129
2009,4,-22.75,0.9,982.83,1,8.41,0.816666667,203.08,1,92.5,0.7875,7.93,201.79,0.816666667
2009,5,-32.78,0.766129032,990.2,1,3.89,0.862903226,199.16,1,84.4,0.995967742,2.87,211.17,0.862903226
2009,6,-30.59,0.775,990.15,1,6.25,0.866666667,199.02,1,85.7,0.954166667,5.58,205.77,0.866666667
2009,7,-30.36,0.802419355,990.34,1,5.64,0.822580645,199.62,1,84.95,0.927419355,4.54,203.48,0.822580645
2009,8,NA,0.733870968,988.3,1,4.13,0.866935484,200.18,1,82.69,0.995967742,3.01,203.75,0.866935484
2009,9,-32.84,0.775,983.12,1,NA,0.704166667,203.57,0.95,81.5,0.9875,NA,NA,0.704166667
2009,10,-25.05,0.754032258,976.48,1,5.74,0.850806452,198.13,0.983870968,80.47,0.97983871,5.18,202.58,0.850806452
2009,11,-9.34,0.870833333,982.14,1,7.24,0.879166667,192.51,1,85.37,0.8375,6.59,204.04,0.879166667
2009,12,NA,0.669354839,981.9,1,3.38,0.955645161,182.73,1,82.99,0.911290323,1.79,194.61,0.955645161
2010,1,NA,0.600806452,994.96,1,3.58,0.915322581,149.66,1,NA,0.733870968,1.8,175.76,0.915322581
2010,2,-11.75,0.78125,989.71,1,5.95,0.875,178.85,1,NA,0.616071429,4.9,193.53,0.875
2010,3,-20.83,0.866935484,984.7,1,5.63,0.838709677,189.24,1,90.58,0.858870968,4.66,193.37,0.838709677
2010,4,-25.77,0.816666667,980.41,1,6.89,0.7875,200.77,1,91.74,0.895833333,6.43,200.71,0.7875
2010,5,-32.53,0.810483871,982.32,1,5.13,0.77016129,202.59,1,85.5,0.967741935,4.53,210.49,0.77016129
2010,6,-33.6,0.766666667,977.09,1,5.3,0.8875,205.85,1,85.18,0.958333333,4.61,213.23,0.8875
2010,7,NA,0.721774194,969.56,1,5.39,0.802419355,197.81,1,83.14,0.955645161,4.36,206.81,0.802419355
2010,8,NA,0.72983871,973.64,1,4.73,0.85483871,202.31,1,84.17,0.97983871,2.91,206.46,0.85483871
2010,9,-33.01,0.758333333,980.54,1,5.53,0.833333333,198.03,0.979166667,85.13,0.9375,4.35,203.7,0.833333333
2010,10,NA,0.677419355,974.53,1,4.64,0.862903226,202.02,1,87.21,0.943548387,3.78,213.37,0.862903226
2010,11,NA,0.733333333,973.63,1,5.04,0.9,191.22,1,80.42,0.9625,4.08,209.58,0.9
2010,12,NA,0.737903226,988.05,1,4.73,0.939516129,193.6,1,86.46,0.850806452,3.79,202.46,0.939516129
2011,1,NA,0.588709677,990.49,1,3.29,0.903225806,181.69,1,84.97,0.826612903,2.47,185.19,0.903225806
2011,2,NA,0.558035714,984.63,1,4.15,0.941964286,196.29,1,85.32,0.794642857,3.33,194.19,0.941964286
2011,3,-21.09,0.846774194,989.78,1,5.95,0.89516129,191.9,1,90.86,0.838709677,5.2,200.92,0.89516129
2011,4,-25.6,0.808333333,988.26,1,NA,0.729166667,186.1,1,90.49,0.75,NA,NA,0.729166667
2011,5,-27.56,0.798387097,977.97,1,5.69,0.850806452,195.89,1,91.24,0.798387097,4.94,204.99,0.850806452
2011,6,-26.48,0.879166667,986.37,1,6.24,0.8125,194.08,0.9875,NA,0.6125,5.02,201.79,0.8125
2011,7,-24.91,0.830645161,983.85,1,7.72,0.826612903,198.35,0.963709677,NA,0.625,6.97,204.03,0.826612903
2011,8,NA,0.741935484,987.11,1,NA,0.733870968,208.4,0.85483871,NA,0.705645161,NA,NA,0.733870968
2011,9,-29.1,0.841666667,989.28,1,NA,0.620833333,NA,0.704166667,88.35,0.808333333,NA,NA,0.620833333
2011,10,NA,0.693548387,978.14,1,4.69,0.887096774,204.12,1,88.72,0.879032258,3.32,212.08,0.887096774
2011,11,-10.76,0.816666667,985.28,1,5.93,0.929166667,207.38,1,85.69,0.85,5.38,210.03,0.929166667
2011,12,NA,0.612903226,975.77,1,3.49,0.955645161,198.94,1,86.18,0.814516129,2.18,206.59,0.955645161
2012,1,NA,0,NA,0,NA,0,NA,0,NA,0,NA,NA,0
2012,2,NA,0,NA,0,NA,0,NA,0,NA,0,NA,NA,0
2012,3,NA,0,NA,0,NA,0,NA,0,NA,0,NA,NA,0
2012,4,NA,0,NA,0,NA,0,NA,0,NA,0,NA,NA,0
2012,5,NA,0,NA,0,NA,0,NA,0,NA,0,NA,NA,0
2012,6,NA,0,NA,0,NA,0,NA,0,NA,0,NA,NA,0
2012,7,NA,0,NA,0,NA,0,NA,0,NA,0,NA,NA,0
2012,8,NA,0,NA,0,NA,0,NA,0,NA,0,NA,NA,0
2012,9,NA,0,NA,0,NA,0,NA,0,NA,0,NA,NA,0
2012,10,NA,0,NA,0,NA,0,NA,0,NA,0,NA,NA,0
2012,11,NA,0,NA,0,NA,0,NA,0,NA,0,NA,NA,0
2012,12,NA,0,NA,0,NA,0,NA,0,NA,0,NA,NA,0
2013,1,-6.18,0.75,986.34,1,4.34,0.97983871,173.6,0.987903226,86.44,1,2.64,189.44,0.97983871
2013,2,-14.1,0.803571429,978.45,1,5.43,0.955357143,192.16,1,82.36,1,4.48,199,0.955357143
2013,3,-21.26,0.858870968,976.21,1,5.26,0.915322581,189.54,0.995967742,81.71,1,3.33,192.02,0.915322581
2013,4,-32.67,0.791666667,983.34,1,5.14,0.783333333,187.64,0.841666667,71.78,1,3.44,199.98,0.783333333
2013,5,-26.8,0.862903226,983.31,1,7.32,0.927419355,201.28,0.987903226,77.14,1,6.71,198.44,0.927419355
2013,6,-32.25,0.8125,994.31,1,6.58,0.754166667,201.47,0.858333333,70.94,1,6.26,202.8,0.754166667
2013,7,-35.47,0.842741935,979.84,1,NA,0.673387097,206.38,0.75,68.87,1,NA,NA,0.673387097
2013,8,-35.21,0.766129032,990.27,1,NA,0.620967742,NA,0.725806452,69.95,1,NA,NA,0.620967742
2013,9,-27.98,0.854166667,989.68,1,NA,0.683333333,203.98,0.820833333,72.13,1,NA,NA,0.683333333
2013,10,-22.36,0.887096774,981.67,1,5.7,0.919354839,206.21,1,77.26,1,4.81,205.6,0.919354839
2013,11,-15.2,0.9,978.75,1,6.89,0.908333333,201.99,1,80.95,1,5.95,206.65,0.908333333
2013,12,-7.13,0.77016129,984.19,1,4.24,0.967741935,174.91,0.995967742,84.97,1,1.83,194.5,0.967741935
2014,1,NA,0,NA,0,NA,0,NA,0,NA,0,NA,NA,0
2014,2,NA,0.714285714,983.03,0.816964286,6.15,0.78125,182.98,0.816964286,79.58,0.816964286,5.01,194.97,0.78125
2014,3,-23.65,0.931451613,982.41,1,6.18,0.931451613,201.13,0.995967742,77.04,1,4.87,190.9,0.931451613
2014,4,-30.71,0.8,980.24,1,4.59,0.808333333,203.8,0.933333333,72.77,1,3.61,210.13,0.808333333
2014,5,-26.62,0.822580645,983.04,1,6.79,0.814516129,193.98,0.911290323,76.87,1,6.12,201.99,0.814516129
2014,6,-33.21,0.779166667,981.68,1,NA,0.6625,216.36,0.766666667,71.09,1,NA,NA,0.6625
2014,7,-39.29,0.790322581,983.99,1,NA,0.512096774,NA,0.580645161,63.87,1,NA,NA,0.512096774
2014,8,-25.03,0.838709677,972.71,0.995967742,NA,0.677419355,207.37,0.927419355,79.17,1,NA,NA,0.677419355
2014,9,NA,0.045833333,NA,0.05,NA,0.033333333,NA,0.05,NA,0.05,NA,NA,0.033333333
2014,10,NA,0,NA,0,NA,0,NA,0,NA,0,NA,NA,0
2014,11,NA,0,NA,0,NA,0,NA,0,NA,0,NA,NA,0
2014,12,NA,0,NA,0,NA,0,NA,0,NA,0,NA,NA,0
2015,1,NA,0.092741935,NA,0.116935484,NA,0.10483871,NA,0.116935484,NA,0.116935484,NA,NA,0.10483871
2015,2,-10.86,0.834821429,976.71,1,5.97,0.933035714,195.29,1,85.21,1,5.12,199.54,0.933035714
2015,3,-23.85,0.818548387,982.49,1,3.97,0.907258065,189.51,0.971774194,76.08,1,1.61,194.81,0.907258065
2015,4,-33.73,0.8125,980.19,1,4.25,0.95,210.28,0.995833333,71.69,1,3.26,214.86,0.95
2015,5,-32.47,0.806451613,984.96,1,NA,0.741935484,203.09,0.935483871,72.49,1,NA,NA,0.741935484
2015,6,-31.41,0.8375,984.4,1,NA,0.7125,203.18,0.845833333,71.98,1,NA,NA,0.7125
2015,7,-35.72,0.810483871,975.37,1,NA,0.608870968,204.79,0.786290323,69.13,1,NA,NA,0.608870968
2015,8,-33.03,0.75,976.43,1,NA,0.592741935,207.4,0.762096774,71.4,1,NA,NA,0.592741935
2015,9,NA,0.741666667,974.97,1,NA,0.508333333,206.07,0.779166667,69.54,1,NA,NA,0.508333333
2015,10,-23.6,0.802419355,977.92,1,6.21,0.850806452,203.28,0.991935484,77.64,1,5.31,209.14,0.850806452
2015,11,-16.11,0.891666667,975.07,1,7,0.9125,203.94,0.995833333,79.2,1,6.23,205.46,0.9125
2015,12,NA,0.737903226,984.93,1,4.12,0.975806452,174.17,1,84.42,1,1.64,194.15,0.975806452
2016,1,-5.75,0.907258065,977.79,1,6.92,0.967741935,198.45,0.995967742,89.24,1,6.32,203.08,0.967741935
2016,2,-14.28,0.780172414,980.49,1,5.87,0.943965517,187.2,1,80.44,1,4.64,202.13,0.943965517
2016,3,-23.45,0.842741935,978.4,1,5.07,0.923387097,190.01,1,76.68,1,3.79,192.73,0.923387097
2016,4,-31.21,0.820833333,984.49,1,5.2,0.7875,195.19,0.891666667,73.12,1,3.45,200.36,0.7875
2016,5,-30.58,0.802419355,983.14,1,NA,0.467741935,NA,0.552419355,74,1,NA,NA,0.467741935
2016,6,-34.24,0.845833333,977.46,1,NA,0.729166667,206.24,0.808333333,70.59,1,NA,NA,0.729166667
2016,7,-37.13,0.77016129,987.83,1,NA,0.572580645,NA,0.616935484,66.71,1,NA,NA,0.572580645
2016,8,-32.68,0.758064516,988.18,1,NA,0.717741935,218.16,0.802419355,71.61,1,NA,NA,0.717741935
2016,9,-32.06,0.833333333,971.77,1,NA,0.7375,206.37,0.895833333,70.67,1,NA,NA,0.7375
2016,10,-24.93,0.790322581,978.63,1,5.57,0.85483871,214.6,0.987903226,75.56,1,3.98,213.02,0.85483871
2016,11,-14.17,0.8375,990.74,1,3.6,0.925,193.83,1,81.35,1,1.9,215.17,0.925
2016,12,-7.33,0.830645161,987.06,1,5.17,0.971774194,195.18,1,86.95,0.995967742,3.83,205.53,0.971774194
2017,1,NA,0.733870968,991.72,1,4.8,0.967741935,184.95,1,86.65,1,2.81,197.65,0.967741935
2017,2,NA,0.696428571,987.98,1,4.08,0.950892857,173.12,1,78.72,1,2.59,187.14,0.950892857
2017,3,-21.99,0.931451613,988.11,1,6.65,0.891129032,179.11,0.947580645,79.53,1,5.58,185.23,0.891129032
2017,4,-24.72,0.829166667,981.48,1,5.43,0.870833333,218.06,0.954166667,79.16,1,3.83,211.84,0.870833333
2017,5,-23.16,0.899193548,975.99,1,NA,0.72983871,209.73,0.858870968,80.74,1,NA,NA,0.72983871
2017,6,-31.67,0.779166667,981.16,1,NA,0.595833333,206.03,0.754166667,73.46,1,NA,NA,0.595833333
2017,7,-32.63,0.762096774,978.51,1,NA,0.516129032,NA,0.689516129,71.72,1,NA,NA,0.516129032
2017,8,-29.02,0.806451613,974.4,1,NA,0.572580645,NA,0.745967742,74.59,1,NA,NA,0.572580645
2017,9,-34.76,0.770833333,977.38,1,NA,0.216666667,NA,0.295833333,69.95,1,NA,NA,0.216666667
2017,10,-22.69,0.838709677,981.04,1,6.88,0.875,208.33,0.983870968,77.03,1,5.6,207.65,0.875
2017,11,-16.66,0.816666667,974.71,1,5,0.916666667,195.88,1,81.76,1,3.51,212.74,0.916666667
2017,12,NA,0.741935484,983.16,1,3.89,0.963709677,179,0.991935484,85.78,1,1.43,191.25,0.963709677
2018,1,-7.68,0.810483871,982.76,1,4.75,0.971774194,178.04,1,88.45,1,3.07,192.56,0.971774194
2018,2,-14.82,0.803571429,981.72,1,5.44,0.9375,188.87,1,80.91,1,3.69,197.92,0.9375
2018,3,-21.25,0.866935484,983.52,1,7.07,0.915322581,198.1,1,79.57,1,6.09,197.71,0.915322581
2018,4,-27.67,0.804166667,986.9,1,4.85,0.958333333,206.2,1,76.94,1,3.76,212.08,0.958333333
2018,5,-31.4,0.762096774,984.07,1,4.76,0.842741935,209.25,0.935483871,74.06,1,3.45,214.14,0.842741935
2018,6,-26.98,0.833333333,986.03,1,7.57,0.858333333,206.99,1,74.9,1,7.1,208.53,0.858333333
2018,7,NA,0.721774194,983.46,1,NA,0.745967742,206.56,0.939516129,71.39,1,NA,NA,0.745967742
2018,8,NA,0.72983871,989.52,1,4.45,0.790322581,207.63,0.834677419,68.84,1,3.24,210.21,0.790322581
2018,9,-31.58,0.85,973.38,1,NA,0.679166667,199.85,0.795833333,71.98,1,NA,NA,0.679166667
2018,10,-19.37,0.875,971.82,1,8.23,0.786290323,211.55,0.903225806,81.89,1,7.35,211.36,0.786290323
2018,11,-12.98,0.866666667,975.36,1,5.05,0.920833333,193.02,0.983333333,80.29,1,4.12,210.06,0.908333333
2018,12,-6.21,0.85483871,980.11,0.995967742,5.81,0.943548387,198.3,0.991935484,86.34,0.995967742,4.95,199.63,0.943548387
2019,1,-7.24,0.822580645,984.48,1,4.51,0.975806452,172.58,1,87.64,1,2.44,189.89,0.975806452
2019,2,-12.07,0.799107143,986.35,1,6.29,0.946428571,192.63,0.995535714,83.91,1,5.23,205.95,0.946428571
2019,3,-21.11,0.879032258,984.46,1,5.83,0.927419355,181.93,1,79.77,1,4.02,190.54,0.927419355
2019,4,NA,0.7375,981.49,1,5.99,0.9,205.88,0.995833333,74.23,1,5.27,209.32,0.9
2019,5,-25.43,0.802419355,984.97,1,8.42,0.754032258,206.15,0.97983871,77.54,1,7.59,205.08,0.754032258
2019,6,-30.02,0.8125,971.64,1,NA,0.604166667,195.94,0.75,74,1,NA,NA,0.604166667
2019,7,-28.7,0.806451613,987.64,1,6.42,0.758064516,203.9,0.927419355,75.66,1,5.22,205.23,0.758064516
2019,8,-28.94,0.842741935,981.45,1,NA,0.705645161,198.39,0.879032258,75.35,1,NA,NA,0.705645161
2019,9,-28.3,0.8125,971.59,1,NA,0.5125,NA,0.645833333,75.92,1,NA,NA,0.5125
2019,10,-23.51,0.887096774,981.45,1,6.8,0.870967742,204.61,0.971774194,73.12,1,5.85,206.7,0.870967742
2019,11,-13.14,0.870833333,990.34,1,6.52,0.929166667,194.49,1,81.17,1,5.25,208.78,0.929166667
2019,12,-5.82,0.818548387,993.1,1,4.69,0.975806452,176.01,1,86.51,1,1.96,198.49,0.975806452
2020,1,-7.59,0.774193548,989.7,1,4.69,0.951612903,161.65,1,88.57,1,2.44,182.01,0.951612903
2020,2,-10.63,0.844827586,981.64,1,5.69,0.943965517,199.27,1,85.36,1,4.31,202.06,0.943965517
2020,3,-24.26,0.830645161,978.47,1,7.89,0.887096774,186.57,0.983870968,78.78,1,6.86,194.08,0.887096774
2020,4,NA,0.708333333,981.82,1,NA,0.570833333,NA,0.720833333,74.63,1,NA,NA,0.570833333
2020,5,-29.04,0.790322581,978.9,1,NA,0.592741935,204.71,0.754032258,76.72,1,NA,NA,0.592741935
2020,6,-31.54,0.758333333,977.9,1,NA,0.404166667,NA,0.591666667,73.63,1,NA,NA,0.404166667
2020,7,-31.32,0.778225806,982.64,1,NA,0.455645161,NA,0.584677419,73.37,1,NA,NA,0.455645161
2020,8,-30.92,0.778225806,984.22,1,NA,0.487903226,NA,0.677419355,74.78,1,NA,NA,0.487903226
2020,9,-31.49,0.870833333,983.76,1,NA,0.458333333,NA,0.579166667,74.02,1,NA,NA,0.458333333
2020,10,-21.99,0.862903226,971.65,1,8.3,0.858870968,211.73,0.995967742,77.41,1,7.87,207.71,0.858870968
2020,11,-16.14,0.8,975.88,1,4.74,0.920833333,193.24,1,78.62,1,3.22,207.44,0.920833333
2020,12,-7.07,0.830645161,975.3,1,5.44,0.911290323,195.26,1,85,0.995967742,4.03,206.91,0.911290323
2021,1,-6.74,0.85483871,979.89,1,6.46,0.919354839,204.31,1,86.55,1,4.96,205.87,0.919354839
2021,2,NA,0.736607143,977.74,1,4.59,0.910714286,185.54,0.995535714,81.28,1,3.01,200.38,0.910714286
2021,3,-22.31,0.794354839,985.82,1,6.54,0.858870968,183.77,1,77.98,1,4.84,185.68,0.858870968
2021,4,-35.35,0.770833333,980.94,1,5.49,0.908333333,191.76,0.9875,68.57,1,4.39,200.79,0.908333333
2021,5,-29.83,0.850806452,982.92,1,NA,0.677419355,205.71,0.802419355,73.71,1,NA,NA,0.677419355
2021,6,NA,0.745833333,981.88,1,NA,0.433333333,NA,0.55,73.16,1,NA,NA,0.433333333
2021,7,-27.66,0.806451613,987.45,1,NA,0.540322581,NA,0.733870968,77.27,1,NA,NA,0.540322581
2021,8,-39.82,0.774193548,988.8,1,NA,0.346774194,NA,0.415322581,64.48,1,NA,NA,0.346774194
2021,9,NA,0.733333333,974.18,1,NA,0.566666667,NA,0.729166667,73.19,1,NA,NA,0.566666667
2021,10,-23.44,0.774193548,979.02,1,6.98,0.786290323,208.69,1,70.36,1,6.35,211.51,0.786290323
2021,11,-13.37,0.8625,974.26,1,6.16,0.9375,213.74,1,79.32,1,5.47,211.43,0.9375
2021,12,-6.62,0.870967742,972.84,1,6.8,0.97983871,203.58,1,84.17,1,5.55,207.38,0.97983871
